EcoFOCI/data/1_SampleCollection/2022_GOA-OA_CruiseData/CTD_raw_BottleFile_RC0083/RC0083_150.cnv
* Sea-Bird SBE 9 Data File:
* FileName = C:\Data\RC0083ctd\RC0083_150.hex
* Software Version Seasave V 7.26.7.107
* Temperature SN = 2060
* Conductivity SN = 2881
* Number of Bytes Per Scan = 31
* Number of Voltage Words = 4
* Number of Scans Averaged by the Deck Unit = 1
* NMEA Latitude = 54 56.30 N
* NMEA Longitude = 130 57.81 W
* NMEA UTC (Time) = Aug 28 2022  21:55:30
* NMEA baud rate = 4800
** Ship: R/V Rachel Carson
** Cruise ID: RC0083
** Tech: McHugh/Nomura
** Chief Scientist: Cross
** Station: RC5
** Cast:  CTD150
# nquan = 19
# nvalues = 5195                                  
# units = specified
# name 0 = latitude: Latitude [deg]
# name 1 = longitude: Longitude [deg]
# name 2 = sfdSM: Seafloor depth [salt water, m]
# name 3 = prDM: Pressure, Digiquartz [db]
# name 4 = depSM: Depth [salt water, m]
# name 5 = t090C: Temperature [ITS-90, deg C]
# name 6 = sal00: Salinity, Practical [PSU]
# name 7 = density00: Density [density, kg/m^3]
# name 8 = sigma-é00: Density [sigma-theta, kg/m^3]
# name 9 = potemp090C: Potential Temperature [ITS-90, deg C]
# name 10 = sbeox0PS: Oxygen, SBE 43 [% saturation]
# name 11 = CStarTr0: Beam Transmission, WET Labs C-Star [%]
# name 12 = flECO-AFL: Fluorescence, WET Labs ECO-AFL/FL [mg/m^3]
# name 13 = ph: pH
# name 14 = sbeox0ML/L: Oxygen, SBE 43 [ml/l]
# name 15 = sbeox0Mg/L: Oxygen, SBE 43 [mg/l]
# name 16 = sbox0Mm/Kg: Oxygen, SBE 43 [umol/kg]
# name 17 = sbeox0Mm/L: Oxygen, SBE 43 [umol/l]
# name 18 = flag:  0.000e+00
# span 0 =   54.93826,   54.93830                 
# span 1 = -130.96356, -130.96336                 
# span 2 =     16.563,    127.504                 
# span 3 =      2.155,     66.895                 
# span 4 =      2.135,     66.282                 
# span 5 =     7.4700,    14.0501                 
# span 6 =    26.7677,    32.0459                 
# span 7 =  1019.8385,  1025.3360                 
# span 8 =    19.8259,    25.0298                 
# span 9 =     7.4639,    14.0497                 
# span 10 =     42.574,     94.726                
# span 11 =    76.6352,   102.2827                
# span 12 =    -0.0005,     8.7907                
# span 13 =      7.817,      8.360                
# span 14 =     2.8964,     5.7902                
# span 15 =     4.1392,     8.2747                
# span 16 =    126.195,    253.538                
# span 17 =    129.352,    258.588                
# span 18 = 0.0000e+00, 0.0000e+00                
# interval = seconds: 0.0416667
# start_time = Aug 28 2022 21:55:30 [NMEA time, header]
# bad_flag = -9.990e-29
*END*
[from data line 4648]
   54.93826 -130.96338     77.787     10.803     10.705    11.6727    28.6386  1021.7608    21.7120    11.6714     69.528    95.0108     1.6991      8.145     4.4102     6.3027    192.776    196.961  0.000e+00
   54.93826 -130.96338     77.909     10.803     10.705    11.6577    28.6508  1021.7729    21.7241    11.6564     69.649    95.0108     1.6991      8.145     4.4190     6.3152    193.156    197.352  0.000e+00
   54.93826 -130.96338     77.901     10.770     10.673    11.6539    28.6538  1021.7757    21.7271    11.6526     69.722    95.0108     1.6991      8.145     4.4239     6.3222    193.370    197.571  0.000e+00
   54.93826 -130.96338     77.877     10.746     10.649    11.6506    28.6560  1021.7779    21.7294    11.6493     69.792    95.0108     1.6698      8.145     4.4286     6.3289    193.576    197.782  0.000e+00
   54.93826 -130.96338     77.877     10.746     10.649    11.6419    28.6631  1021.7849    21.7364    11.6406     69.862    95.0108     1.6991      8.145     4.4337     6.3361    193.794    198.007  0.000e+00
   54.93826 -130.96338     77.901     10.770     10.673    11.6417    28.6632  1021.7851    21.7365    11.6404     69.933    94.9828     1.6991      8.145     4.4382     6.3426    193.992    198.209  0.000e+00
   54.93826 -130.96338     77.989     10.859     10.761    11.6451    28.6605  1021.7829    21.7338    11.6438     70.007    94.9269     1.6991      8.145     4.4426     6.3489    194.187    198.407  0.000e+00
   54.93826 -130.96338     77.757     10.625     10.529    11.6292    28.6736  1021.7948    21.7468    11.6280     70.078    94.8989     1.6991      8.145     4.4483     6.3570    194.432    198.660  0.000e+00
   54.93826 -130.96338     77.957     10.827     10.729    11.5867    28.7078  1021.8296    21.7807    11.5855     70.160    94.8989     1.6991      8.150     4.4566     6.3689    194.787    199.030  0.000e+00
   54.93826 -130.96338     77.757     10.625     10.529    11.5518    28.7359  1021.8566    21.8086    11.5505     70.289    94.8989     1.6991      8.150     4.4673     6.3842    195.252    199.510  0.000e+00
   54.93826 -130.96338     77.813     10.681     10.585    11.5319    28.7511  1021.8721    21.8238    11.5306     70.316    94.8989     1.6991      8.150     4.4705     6.3888    195.389    199.653  0.000e+00
   54.93826 -130.96338     77.813     10.681     10.585    11.5110    28.7672  1021.8882    21.8400    11.5097     70.449    94.8989     1.6991      8.150     4.4805     6.4031    195.824    200.101  0.000e+00
   54.93826 -130.96338     77.845     10.714     10.617    11.5314    28.7503  1021.8717    21.8233    11.5301     70.529    94.8989     1.6112      8.150     4.4841     6.4082    195.983    200.260  0.000e+00
   54.93826 -130.96338     77.757     10.625     10.529    11.5661    28.7217  1021.8431    21.7951    11.5649     70.607    94.8989     1.5233      8.150     4.4865     6.4117    196.095    200.369  0.000e+00
   54.93826 -130.96338     77.789     10.681     10.585    11.5983    28.6948  1021.8168    21.7686    11.5971     70.683    94.8989     1.4647      8.150     4.4891     6.4153    196.211    200.482  0.000e+00
   54.93826 -130.96338     79.855     10.770     10.673    11.6237    28.6736  1021.7964    21.7478    11.6224     70.763    94.8989     1.4647      8.149     4.4923     6.4200    196.356    200.626  0.000e+00
   54.93826 -130.96338     99.102     10.504     10.409    11.6707    28.6364  1021.7581    21.7107    11.6695     70.833    94.8989     1.4940      8.149     4.4933     6.4213    196.405    200.669  0.000e+00
   54.93826 -130.96338    109.235     10.625     10.529    11.7135    28.6016  1021.7242    21.6762    11.7123     70.908    94.8989     1.4940      8.149     4.4949     6.4237    196.483    200.742  0.000e+00
   54.93826 -130.96338    110.228     10.592     10.497    11.8026    28.5301  1021.6529    21.6051    11.8014     70.971    94.8989     1.4940      8.149     4.4924     6.4200    196.385    200.628  0.000e+00
   54.93826 -130.96338    109.374     10.568     10.473    11.8766    28.4705  1021.5936    21.5459    11.8754     71.032    94.8989     1.4940      8.148     4.4908     6.4179    196.331    200.561  0.000e+00
   54.93826 -130.96338    109.039     10.625     10.529    11.9347    28.4250  1021.5483    21.5003    11.9334     71.098    94.8989     1.4940      8.148     4.4907     6.4177    196.335    200.557  0.000e+00
   54.93826 -130.96338    108.894     10.528     10.433    11.9599    28.4061  1021.5287    21.4812    11.9587     71.109    94.8989     1.4647      8.153     4.4896     6.4161    196.288    200.505  0.000e+00
   54.93826 -130.96338    108.983     10.568     10.473    12.0026    28.3731  1021.4957    21.4480    12.0013     71.224    94.8989     1.4940      8.153     4.4937     6.4220    196.475    200.689  0.000e+00
   54.93826 -130.96338    109.008     10.568     10.473    12.0268    28.3546  1021.4771    21.4295    12.0255     71.294    94.8989     1.4940      8.153     4.4963     6.4256    196.591    200.804  0.000e+00
   54.93826 -130.96338    108.919     10.504     10.409    12.0307    28.3521  1021.4742    21.4268    12.0294     71.362    94.8989     1.4940      8.153     4.5003     6.4313    196.766    200.982  0.000e+00
   54.93826 -130.96338    108.943     10.528     10.433    12.0198    28.3604  1021.4826    21.4351    12.0185     71.434    94.8989     1.4940      8.153     4.5056     6.4390    196.998    201.221  0.000e+00
   54.93826 -130.96338    108.887     10.447     10.353    12.0209    28.3591  1021.4811    21.4339    12.0196     71.558    94.8709     1.4940      8.153     4.5134     6.4501    197.338    201.568  0.000e+00
   54.93826 -130.96338    108.887     10.447     10.353    12.0397    28.3434  1021.4656    21.4184    12.0384     71.571    94.8709     1.4940      8.152     4.5129     6.4494    197.319    201.545  0.000e+00
   54.93826 -130.96338    108.887     10.471     10.377    12.0616    28.3261  1021.4484    21.4012    12.0603     71.635    94.8709     1.4940      8.152     4.5153     6.4528    197.426    201.652  0.000e+00
   54.93826 -130.96338     96.638     10.382     10.289    12.0845    28.3092  1021.4307    21.3839    12.0833     71.697    94.8709     1.4940      8.152     4.5175     6.4560    197.528    201.751  0.000e+00
   54.93826 -130.96338     81.033     10.382     10.289    12.0967    28.3005  1021.4219    21.3751    12.0954     71.758    94.8709     1.4940      8.152     4.5204     6.4601    197.656    201.881  0.000e+00
   54.93826 -130.96338     77.134     10.415     10.321    12.1079    28.2926  1021.4139    21.3670    12.1066     71.820    94.8709     1.4940      8.152     4.5234     6.4645    197.791    202.017  0.000e+00
   54.93826 -130.96338     77.583     10.326     10.233    12.1196    28.2835  1021.4044    21.3578    12.1183     71.935    94.8709     1.5233      8.152     4.5299     6.4736    198.073    202.303  0.000e+00
   54.93826 -130.96338     78.274     10.382     10.289    12.1211    28.2834  1021.4043    21.3575    12.1198     72.005    94.8709     1.6698      8.152     4.5341     6.4796    198.257    202.491  0.000e+00
   54.93826 -130.96338     78.276     10.237     10.145    12.1166    28.2880  1021.4080    21.3618    12.1153     72.073    94.8709     1.7577      8.157     4.5387     6.4862    198.458    202.697  0.000e+00
   54.93826 -130.96338     78.396     10.382     10.289    12.1145    28.2897  1021.4103    21.3635    12.1133     72.194    94.8709     1.7577      8.157     4.5464     6.4973    198.796    203.043  0.000e+00
   54.93826 -130.96338     78.260     10.269     10.177    12.1187    28.2871  1021.4070    21.3607    12.1175     72.315    94.8709     1.7577      8.157     4.5537     6.5077    199.117    203.370  0.000e+00
   54.93826 -130.96338     78.171     10.205     10.112    12.1251    28.2830  1021.4024    21.3564    12.1239     72.387    94.8709     1.7577      8.157     4.5577     6.5135    199.293    203.549  0.000e+00
   54.93826 -130.96338     78.203     10.237     10.145    12.1321    28.2783  1021.3977    21.3516    12.1309     72.454    94.8709     1.7577      8.157     4.5614     6.5187    199.454    203.713  0.000e+00
   54.93826 -130.96338     78.196     10.205     10.112    12.1415    28.2712  1021.3903    21.3443    12.1403     72.519    94.8709     1.7577      8.157     4.5648     6.5236    199.604    203.864  0.000e+00
   54.93826 -130.96338     78.139     10.148     10.056    12.1525    28.2626  1021.3815    21.3358    12.1513     72.578    94.8709     1.7577      8.157     4.5677     6.5277    199.732    203.994  0.000e+00
   54.93826 -130.96338     78.163     10.172     10.080    12.1635    28.2541  1021.3730    21.3271    12.1622     72.686    94.8709     1.7577      8.157     4.5737     6.5363    199.996    204.262  0.000e+00
   54.93826 -130.96338     78.083     10.092     10.000    12.1715    28.2479  1021.3664    21.3209    12.1703     72.798    94.8709     1.7577      8.157     4.5801     6.5454    200.278    204.548  0.000e+00
   54.93826 -130.96338     78.083     10.092     10.000    12.1809    28.2409  1021.3593    21.3138    12.1797     72.913    94.8709     1.7577      8.157     4.5867     6.5548    200.566    204.841  0.000e+00
   54.93826 -130.96338     78.163     10.172     10.080    12.1894    28.2346  1021.3533    21.3075    12.1881     72.978    94.8709     1.7284      8.157     4.5901     6.5598    200.718    204.995  0.000e+00
   54.93826 -130.96338     77.899      9.906      9.816    12.1954    28.2301  1021.3475    21.3028    12.1942     73.039    94.8709     1.7577      8.157     4.5935     6.5646    200.866    205.145  0.000e+00
   54.93826 -130.96338     78.019     10.027      9.936    12.1955    28.2305  1021.3484    21.3032    12.1943     73.103    94.7031     1.7577      8.157     4.5975     6.5703    201.041    205.324  0.000e+00
   54.93826 -130.96338     77.931      9.938      9.848    12.1958    28.2307  1021.3481    21.3033    12.1946     73.217    94.5913     1.7577      8.161     4.6047     6.5805    201.354    205.644  0.000e+00
   54.93826 -130.96338     77.963      9.970      9.880    12.2005    28.2271  1021.3446    21.2996    12.1993     73.335    94.5633     1.7577      8.157     4.6117     6.5906    201.665    205.960  0.000e+00
   54.93826 -130.96338     77.963      9.970      9.880    12.2051    28.2233  1021.3408    21.2958    12.2039     73.402    94.5913     1.7577      8.161     4.6155     6.5961    201.832    206.130  0.000e+00
   54.93826 -130.96338     77.867      9.873      9.784    12.2094    28.2207  1021.3375    21.2930    12.2082     73.470    94.5913     1.7577      8.161     4.6195     6.6017    202.005    206.306  0.000e+00
   54.93826 -130.96338     77.843      9.849      9.760    12.2134    28.2179  1021.3346    21.2902    12.2122     73.646    94.5913     1.7577      8.161     4.6303     6.6171    202.476    206.787  0.000e+00
   54.93826 -130.96338     77.787      9.793      9.704    12.2168    28.2152  1021.3316    21.2875    12.2156     73.720    94.5913     1.7284      8.161     4.6347     6.6234    202.671    206.985  0.000e+00
   54.93826 -130.96338     77.892      9.849      9.760    12.2214    28.2120  1021.3285    21.2842    12.2202     73.793    94.5913     1.6112      8.161     4.6389     6.6295    202.856    207.174  0.000e+00
   54.93826 -130.96338     77.869      9.752      9.664    12.2261    28.2087  1021.3247    21.2808    12.2249     73.917    94.5913     1.5526      8.161     4.6463     6.6401    203.182    207.505  0.000e+00
   54.93826 -130.96338     77.845      9.728      9.640    12.2285    28.2070  1021.3229    21.2790    12.2273     74.045    94.5913     1.5233      8.161     4.6542     6.6513    203.524    207.855  0.000e+00
   54.93826 -130.96338     77.845      9.728      9.640    12.2310    28.2047  1021.3206    21.2768    12.2298     74.120    94.5913     1.5233      8.161     4.6587     6.6578    203.724    208.058  0.000e+00
   54.93826 -130.96338     77.869      9.752      9.664    12.2367    28.1999  1021.3160    21.2721    12.2355     74.192    94.5913     1.5526      8.161     4.6628     6.6637    203.905    208.242  0.000e+00
   54.93826 -130.96338     77.789      9.671      9.584    12.2413    28.1966  1021.3122    21.2686    12.2402     74.266    94.5913     1.5526      8.161     4.6671     6.6698    204.093    208.434  0.000e+00
   54.93826 -130.96338     77.733      9.615      9.528    12.2465    28.1926  1021.3079    21.2646    12.2453     74.387    94.5913     1.5526      8.161     4.6743     6.6801    204.409    208.756  0.000e+00
   54.93826 -130.96338     77.757      9.639      9.552    12.2535    28.1868  1021.3023    21.2589    12.2523     74.461    94.5913     1.5526      8.161     4.6785     6.6860    204.591    208.940  0.000e+00
   54.93826 -130.96338     77.733      9.615      9.528    12.2612    28.1798  1021.2954    21.2521    12.2600     74.587    94.5913     1.5526      8.161     4.6858     6.6964    204.912    209.267  0.000e+00
   54.93826 -130.96338     77.669      9.550      9.464    12.2693    28.1717  1021.2874    21.2443    12.2681     74.714    94.5913     1.5233      8.161     4.6932     6.7070    205.237    209.597  0.000e+00
   54.93826 -130.96338     77.693      9.575      9.488    12.2790    28.1620  1021.2782    21.2351    12.2778     74.788    94.5913     1.5526      8.166     4.6972     6.7128    205.415    209.777  0.000e+00
   54.93826 -130.96338     77.613      9.494      9.408    12.2845    28.1555  1021.2719    21.2291    12.2833     74.860    94.5913     1.5526      8.166     4.7013     6.7187    205.596    209.961  0.000e+00
   54.93826 -130.96338     77.613      9.494      9.408    12.2891    28.1500  1021.2667    21.2240    12.2880     74.983    94.5913     1.5526      8.166     4.7088     6.7293    205.924    210.295  0.000e+00
   54.93826 -130.96340     77.693      9.575      9.488    12.2925    28.1444  1021.2622    21.2190    12.2913     75.055    94.5074     1.5233      8.166     4.7131     6.7356    206.116    210.489  0.000e+00
   54.93826 -130.96340     77.517      9.373      9.288    12.2980    28.1342  1021.2523    21.2101    12.2968     75.175    94.4234     1.5233      8.166     4.7204     6.7460    206.436    210.815  0.000e+00
   54.93826 -130.96340     77.720      9.429      9.344    12.3045    28.1271  1021.2460    21.2035    12.3033     75.190    94.3955     1.5233      8.166     4.7209     6.7467    206.459    210.837  0.000e+00
   54.93826 -130.96340     77.712      9.397      9.312    12.2980    28.1336  1021.2520    21.2097    12.2968     75.308    94.3955     1.5526      8.166     4.7288     6.7579    206.800    211.187  0.000e+00
   54.93826 -130.96340     77.688      9.373      9.288    12.2685    28.1556  1021.2743    21.2321    12.2673     75.372    94.3955     1.5526      8.166     4.7351     6.7669    207.073    211.470  0.000e+00
   54.93826 -130.96340     77.632      9.316      9.232    12.2407    28.1748  1021.2939    21.2519    12.2395     75.492    94.3955     1.5233      8.166     4.7448     6.7809    207.495    211.905  0.000e+00
   54.93826 -130.96340     77.705      9.340      9.256    12.2490    28.1651  1021.2850    21.2429    12.2479     75.606    94.3955     1.5526      8.166     4.7515     6.7903    207.786    212.200  0.000e+00
   54.93826 -130.96340     77.779      9.316      9.232    12.2599    28.1513  1021.2722    21.2302    12.2587     75.665    94.3955     1.5233      8.166     4.7545     6.7947    207.922    212.337  0.000e+00
   54.93826 -130.96340     77.828      9.316      9.232    12.2730    28.1367  1021.2586    21.2166    12.2718     75.775    94.3955     1.5233      8.166     4.7605     6.8033    208.188    212.605  0.000e+00
