EcoFOCI/data/1_SampleCollection/2022_GOA-OA_CruiseData/CTD_raw_BottleFile_RC0083/RC0083_133.ros
* Sea-Bird SBE 9 Data File:
* FileName = C:\Data\RC0083ctd\RC0083_133.hex
* Software Version Seasave V 7.26.7.107
* Temperature SN = 2060
* Conductivity SN = 2881
* Number of Bytes Per Scan = 31
* Number of Voltage Words = 4
* Number of Scans Averaged by the Deck Unit = 1
* NMEA Latitude = 57 55.97 N
* NMEA Longitude = 134 48.98 W
* NMEA UTC (Time) = Aug 24 2022  14:42:32
* NMEA baud rate = 4800
** Ship: R/V Rachel Carson
** Cruise ID: RC0083
** Tech: McHugh/Nomura
** Chief Scientist: Cross
** Station: MCS5B
** Cast:  CTD133
# nquan = 21
# nvalues = 441                                   
# units = specified
# name 0 = latitude: Latitude [deg]
# name 1 = longitude: Longitude [deg]
# name 2 = sfdSM: Seafloor depth [salt water, m]
# name 3 = prDM: Pressure, Digiquartz [db]
# name 4 = depSM: Depth [salt water, m]
# name 5 = t090C: Temperature [ITS-90, deg C]
# name 6 = sal00: Salinity, Practical [PSU]
# name 7 = density00: Density [density, kg/m^3]
# name 8 = sigma-é00: Density [sigma-theta, kg/m^3]
# name 9 = potemp090C: Potential Temperature [ITS-90, deg C]
# name 10 = sbeox0PS: Oxygen, SBE 43 [% saturation]
# name 11 = CStarTr0: Beam Transmission, WET Labs C-Star [%]
# name 12 = flECO-AFL: Fluorescence, WET Labs ECO-AFL/FL [mg/m^3]
# name 13 = ph: pH
# name 14 = sbeox0ML/L: Oxygen, SBE 43 [ml/l]
# name 15 = sbeox0Mg/L: Oxygen, SBE 43 [mg/l]
# name 16 = sbox0Mm/Kg: Oxygen, SBE 43 [umol/kg]
# name 17 = sbeox0Mm/L: Oxygen, SBE 43 [umol/l]
# name 18 = scan: Scan Count
# name 19 = nbf: Bottles Fired
# name 20 = flag:  0.000e+00
# interval = seconds: 0.0416667
# start_time = Aug 24 2022 14:42:32 [NMEA time, header]
# bad_flag = -9.990e-29
*END*
[from data line 414]
   57.93978 -134.81120    101.689      3.209      3.179    14.8897    23.6584  1017.2848    17.2704    14.8893     96.911    94.8989     0.8200      8.435     5.9284     8.4722    260.265    264.760      50525          9  0.000e+00
   57.93978 -134.81120    101.705      3.225      3.195    14.8906    23.6585  1017.2848    17.2703    14.8901     96.965    94.8989     0.8200      8.435     5.9316     8.4768    260.406    264.904      50526          9  0.000e+00
   57.93978 -134.81120    101.689      3.209      3.179    14.8895    23.6609  1017.2868    17.2724    14.8891     96.969    94.8989     0.8200      8.435     5.9319     8.4772    260.419    264.917      50527          9  0.000e+00
   57.93980 -134.81120    101.730      3.225      3.195    14.8902    23.6618  1017.2874    17.2730    14.8897     96.970    94.8989     0.8493      8.435     5.9318     8.4771    260.416    264.914      50528          9  0.000e+00
   57.93980 -134.81120    101.714      3.209      3.179    14.8914    23.6615  1017.2868    17.2725    14.8910     96.970    94.8989     0.8200      8.435     5.9317     8.4769    260.410    264.908      50529          9  0.000e+00
   57.93980 -134.81120    101.730      3.225      3.195    14.8909    23.6626  1017.2879    17.2734    14.8904     96.917    94.8989     0.8200      8.435     5.9284     8.4723    260.268    264.764      50530          9  0.000e+00
   57.93980 -134.81120    101.714      3.209      3.179    14.8863    23.6673  1017.2923    17.2779    14.8859     96.913    94.8989     0.8493      8.435     5.9286     8.4725    260.274    264.771      50531          9  0.000e+00
   57.93980 -134.81120    101.674      3.169      3.139    14.8820    23.6722  1017.2968    17.2826    14.8815     96.909    94.8989     0.8200      8.435     5.9287     8.4727    260.278    264.776      50532          9  0.000e+00
   57.93980 -134.81120    101.802      3.322      3.291    14.8810    23.6741  1017.2991    17.2842    14.8805     96.966    94.8989     0.8200      8.435     5.9322     8.4777    260.432    264.933      50533          9  0.000e+00
   57.93980 -134.81120    101.690      3.209      3.179    14.8802    23.6759  1017.3001    17.2857    14.8798     96.970    94.8989     0.8200      8.435     5.9325     8.4782    260.444    264.946      50534          9  0.000e+00
   57.93980 -134.81120    101.730      3.225      3.195    14.8784    23.6771  1017.3015    17.2870    14.8780     96.972    94.8989     0.8493      8.435     5.9328     8.4785    260.455    264.958      50535          9  0.000e+00
   57.93980 -134.81120    101.770      3.265      3.235    14.8784    23.6759  1017.3007    17.2861    14.8779     96.973    94.8989     0.8200      8.435     5.9329     8.4788    260.463    264.965      50536          9  0.000e+00
   57.93980 -134.81120    101.730      3.225      3.195    14.8806    23.6730  1017.2979    17.2835    14.8801     96.974    94.8989     0.8493      8.435     5.9328     8.4786    260.458    264.959      50537          9  0.000e+00
   57.93980 -134.81120    101.770      3.266      3.235    14.8821    23.6693  1017.2949    17.2803    14.8816     96.976    94.8989     0.8786      8.435     5.9329     8.4787    260.461    264.962      50538          9  0.000e+00
   57.93980 -134.81120    101.706      3.225      3.195    14.8860    23.6636  1017.2897    17.2752    14.8856     96.976    94.8989     0.9079      8.435     5.9326     8.4783    260.452    264.951      50539          9  0.000e+00
   57.93980 -134.81120    101.746      3.266      3.235    14.8882    23.6609  1017.2873    17.2727    14.8878     96.982    94.8989     0.9079      8.435     5.9328     8.4786    260.461    264.960      50540          9  0.000e+00
   57.93980 -134.81120    101.730      3.225      3.195    14.8907    23.6579  1017.2843    17.2698    14.8902     96.983    94.8709     0.9079      8.435     5.9327     8.4784    260.456    264.954      50541          9  0.000e+00
   57.93980 -134.81120    101.746      3.266      3.235    14.8923    23.6557  1017.2825    17.2678    14.8918     96.985    94.8150     0.9079      8.435     5.9327     8.4784    260.457    264.954      50542          9  0.000e+00
   57.93980 -134.81120    101.674      3.169      3.139    14.8931    23.6555  1017.2818    17.2676    14.8927     97.043    94.8150     0.9079      8.435     5.9362     8.4834    260.610    265.110      50543          9  0.000e+00
   57.93980 -134.81120    101.866      3.387      3.355    14.8906    23.6594  1017.2862    17.2710    14.8901     97.052    94.8150     0.9079      8.435     5.9369     8.4844    260.639    265.140      50544          9  0.000e+00
   57.93980 -134.81120    101.714      3.209      3.179    14.8897    23.6617  1017.2874    17.2730    14.8892     97.055    94.8150     0.9079      8.435     5.9371     8.4847    260.648    265.151      50545          9  0.000e+00
   57.93980 -134.81120    101.770      3.290      3.259    14.8909    23.6582  1017.2848    17.2701    14.8904     97.012    94.8150     0.9079      8.435     5.9344     8.4809    260.533    265.032      50546          9  0.000e+00
   57.93980 -134.81120    101.770      3.266      3.235    14.8919    23.6532  1017.2806    17.2660    14.8915     97.013    94.8150     0.9079      8.435     5.9345     8.4811    260.538    265.037      50547          9  0.000e+00
   57.93980 -134.81120    101.730      3.225      3.195    14.8922    23.6502  1017.2781    17.2636    14.8918     97.014    94.8150     0.9079      8.435     5.9347     8.4812    260.545    265.042      50548          9  0.000e+00
   57.93980 -134.81120    101.746      3.266      3.235    14.8926    23.6491  1017.2773    17.2627    14.8922     97.016    94.8150     0.9079      8.435     5.9348     8.4814    260.549    265.047      50549          9  0.000e+00
   57.93980 -134.81120    101.794      3.290      3.259    14.8921    23.6496  1017.2780    17.2632    14.8916     97.022    94.8150     0.9079      8.435     5.9352     8.4820    260.567    265.065      50550          9  0.000e+00
   57.93980 -134.81120    101.770      3.266      3.235    14.8914    23.6527  1017.2803    17.2657    14.8910     97.023    94.8150     0.9079      8.435     5.9352     8.4820    260.568    265.067      50551          9  0.000e+00
