EcoFOCI/data/1_SampleCollection/2022_GOA-OA_CruiseData/CTD_raw_BottleFile_RC0083/RC0083_150.cnv
* Sea-Bird SBE 9 Data File:
* FileName = C:\Data\RC0083ctd\RC0083_150.hex
* Software Version Seasave V 7.26.7.107
* Temperature SN = 2060
* Conductivity SN = 2881
* Number of Bytes Per Scan = 31
* Number of Voltage Words = 4
* Number of Scans Averaged by the Deck Unit = 1
* NMEA Latitude = 54 56.30 N
* NMEA Longitude = 130 57.81 W
* NMEA UTC (Time) = Aug 28 2022  21:55:30
* NMEA baud rate = 4800
** Ship: R/V Rachel Carson
** Cruise ID: RC0083
** Tech: McHugh/Nomura
** Chief Scientist: Cross
** Station: RC5
** Cast:  CTD150
# nquan = 19
# nvalues = 5195                                  
# units = specified
# name 0 = latitude: Latitude [deg]
# name 1 = longitude: Longitude [deg]
# name 2 = sfdSM: Seafloor depth [salt water, m]
# name 3 = prDM: Pressure, Digiquartz [db]
# name 4 = depSM: Depth [salt water, m]
# name 5 = t090C: Temperature [ITS-90, deg C]
# name 6 = sal00: Salinity, Practical [PSU]
# name 7 = density00: Density [density, kg/m^3]
# name 8 = sigma-é00: Density [sigma-theta, kg/m^3]
# name 9 = potemp090C: Potential Temperature [ITS-90, deg C]
# name 10 = sbeox0PS: Oxygen, SBE 43 [% saturation]
# name 11 = CStarTr0: Beam Transmission, WET Labs C-Star [%]
# name 12 = flECO-AFL: Fluorescence, WET Labs ECO-AFL/FL [mg/m^3]
# name 13 = ph: pH
# name 14 = sbeox0ML/L: Oxygen, SBE 43 [ml/l]
# name 15 = sbeox0Mg/L: Oxygen, SBE 43 [mg/l]
# name 16 = sbox0Mm/Kg: Oxygen, SBE 43 [umol/kg]
# name 17 = sbeox0Mm/L: Oxygen, SBE 43 [umol/l]
# name 18 = flag:  0.000e+00
# span 0 =   54.93826,   54.93830                 
# span 1 = -130.96356, -130.96336                 
# span 2 =     16.563,    127.504                 
# span 3 =      2.155,     66.895                 
# span 4 =      2.135,     66.282                 
# span 5 =     7.4700,    14.0501                 
# span 6 =    26.7677,    32.0459                 
# span 7 =  1019.8385,  1025.3360                 
# span 8 =    19.8259,    25.0298                 
# span 9 =     7.4639,    14.0497                 
# span 10 =     42.574,     94.726                
# span 11 =    76.6352,   102.2827                
# span 12 =    -0.0005,     8.7907                
# span 13 =      7.817,      8.360                
# span 14 =     2.8964,     5.7902                
# span 15 =     4.1392,     8.2747                
# span 16 =    126.195,    253.538                
# span 17 =    129.352,    258.588                
# span 18 = 0.0000e+00, 0.0000e+00                
# interval = seconds: 0.0416667
# start_time = Aug 28 2022 21:55:30 [NMEA time, header]
# bad_flag = -9.990e-29
*END*
[from data line 2820]
   54.93828 -130.96336     78.376     66.483     65.873     7.4824    32.0434  1025.3308    25.0262     7.4763     42.688    96.1855     0.0288      7.817     2.9062     4.1532    126.620    129.789  0.000e+00
   54.93828 -130.96336     78.312     66.418     65.809     7.4835    32.0433  1025.3303    25.0260     7.4774     42.686    96.1855     0.0288      7.817     2.9060     4.1529    126.612    129.780  0.000e+00
   54.93828 -130.96336     78.337     66.418     65.809     7.4857    32.0430  1025.3297    25.0254     7.4796     42.687    96.1855     0.0288      7.817     2.9058     4.1527    126.606    129.774  0.000e+00
   54.93828 -130.96336     78.337     66.418     65.809     7.4880    32.0426  1025.3290    25.0248     7.4819     42.688    96.1855     0.0288      7.817     2.9058     4.1527    126.605    129.773  0.000e+00
   54.93828 -130.96336     78.337     66.418     65.809     7.4893    32.0416  1025.3281    25.0238     7.4832     42.691    96.1855     0.0288      7.817     2.9060     4.1529    126.612    129.780  0.000e+00
   54.93828 -130.96336     78.289     66.370     65.761     7.4895    32.0418  1025.3280    25.0240     7.4834     42.696    96.1855     0.0288      7.817     2.9063     4.1533    126.625    129.793  0.000e+00
   54.93828 -130.96336     78.281     66.362     65.753     7.4896    32.0421  1025.3282    25.0242     7.4835     42.703    96.1855     0.0288      7.817     2.9067     4.1539    126.643    129.812  0.000e+00
   54.93828 -130.96336     78.305     66.362     65.753     7.4908    32.0423  1025.3282    25.0242     7.4847     42.654    96.1855     0.0288      7.817     2.9033     4.1491    126.495    129.661  0.000e+00
   54.93828 -130.96336     78.305     66.362     65.753     7.4917    32.0416  1025.3275    25.0235     7.4856     42.657    96.1855     0.0288      7.817     2.9035     4.1494    126.504    129.669  0.000e+00
   54.93828 -130.96336     78.305     66.362     65.753     7.4910    32.0417  1025.3277    25.0236     7.4849     42.720    96.1855     0.0288      7.817     2.9077     4.1555    126.690    129.860  0.000e+00
   54.93828 -130.96336     78.241     66.297     65.689     7.4929    32.0415  1025.3270    25.0233     7.4868     42.676    96.1855     0.0288      7.817     2.9046     4.1510    126.554    129.721  0.000e+00
   54.93828 -130.96336     78.193     66.248     65.641     7.4972    32.0410  1025.3258    25.0223     7.4911     42.677    96.1855     0.0288      7.817     2.9045     4.1508    126.548    129.714  0.000e+00
   54.93828 -130.96336     78.290     66.297     65.689     7.5020    32.0395  1025.3242    25.0204     7.4959     42.681    96.1855     0.0288      7.817     2.9044     4.1507    126.546    129.713  0.000e+00
   54.93828 -130.96336     78.234     66.240     65.633     7.5052    32.0392  1025.3232    25.0197     7.4991     42.686    96.1855     0.0288      7.817     2.9046     4.1509    126.552    129.718  0.000e+00
   54.93828 -130.96336     78.290     66.297     65.689     7.5073    32.0388  1025.3228    25.0191     7.5012     42.636    96.1855     0.0288      7.817     2.9011     4.1459    126.399    129.562  0.000e+00
   54.93828 -130.96336     78.178     66.184     65.577     7.5088    32.0386  1025.3219    25.0187     7.5027     42.638    96.0736     0.0288      7.817     2.9011     4.1460    126.401    129.563  0.000e+00
   54.93828 -130.96336     78.242     66.248     65.641     7.5106    32.0373  1025.3210    25.0175     7.5045     42.693    96.0177     0.0288      7.817     2.9047     4.1512    126.559    129.725  0.000e+00
   54.93828 -130.96336     78.202     66.184     65.577     7.5112    32.0374  1025.3207    25.0175     7.5051     42.698    96.0177     0.0288      7.817     2.9050     4.1516    126.572    129.739  0.000e+00
   54.93828 -130.96336     78.226     66.184     65.577     7.5114    32.0378  1025.3210    25.0178     7.5053     42.642    96.0177     0.0288      7.817     2.9012     4.1461    126.404    129.567  0.000e+00
   54.93828 -130.96336     78.226     66.184     65.577     7.5127    32.0375  1025.3205    25.0173     7.5066     42.637    96.0177     0.0288      7.817     2.9008     4.1455    126.387    129.548  0.000e+00
   54.93828 -130.96336     78.226     66.184     65.577     7.5143    32.0367  1025.3197    25.0166     7.5082     42.633    96.0177     0.0288      7.817     2.9004     4.1450    126.372    129.534  0.000e+00
   54.93828 -130.96336     78.187     66.119     65.513     7.5151    32.0364  1025.3191    25.0162     7.5090     42.574    96.0177     0.0288      7.817     2.8964     4.1392    126.195    129.352  0.000e+00
   54.93826 -130.96338     78.219     66.127     65.521     7.5149    32.0360  1025.3188    25.0159     7.5088     42.624    96.0177     0.0288      7.817     2.8998     4.1441    126.344    129.505  0.000e+00
   54.93826 -130.96338     78.091     65.998     65.393     7.5148    32.0356  1025.3179    25.0156     7.5087     42.624    96.0177     0.0288      7.817     2.8998     4.1441    126.345    129.506  0.000e+00
   54.93826 -130.96338     78.275     66.184     65.577     7.5160    32.0355  1025.3185    25.0153     7.5099     42.684    96.0177     0.0288      7.817     2.9038     4.1498    126.518    129.683  0.000e+00
   54.93826 -130.96338     78.155     66.062     65.457     7.5174    32.0358  1025.3180    25.0154     7.5113     42.636    96.0177     0.0288      7.817     2.9004     4.1450    126.372    129.533  0.000e+00
   54.93826 -130.96338     78.236     66.119     65.513     7.5176    32.0359  1025.3183    25.0154     7.5115     42.641    96.0177     0.0288      7.821     2.9007     4.1454    126.385    129.546  0.000e+00
   54.93826 -130.96338     78.148     66.006     65.401     7.5183    32.0360  1025.3178    25.0154     7.5122     42.646    96.0177     0.0288      7.817     2.9010     4.1458    126.398    129.560  0.000e+00
   54.93826 -130.96338     78.228     66.062     65.457     7.5188    32.0359  1025.3179    25.0153     7.5128     42.703    96.0177     0.0288      7.817     2.9049     4.1514    126.566    129.732  0.000e+00
   54.93826 -130.96338     78.228     66.062     65.457     7.5188    32.0364  1025.3182    25.0156     7.5127     42.711    96.0177     0.0288      7.821     2.9054     4.1521    126.588    129.755  0.000e+00
   54.93826 -130.96338     78.164     65.998     65.393     7.5200    32.0353  1025.3169    25.0146     7.5140     42.668    96.0177     0.0288      7.821     2.9025     4.1479    126.460    129.624  0.000e+00
   54.93826 -130.96338     78.189     65.998     65.393     7.5203    32.0353  1025.3169    25.0146     7.5142     42.621    96.0177     0.0288      7.821     2.8993     4.1433    126.321    129.481  0.000e+00
   54.93826 -130.96338     78.221     66.006     65.401     7.5205    32.0353  1025.3170    25.0146     7.5144     42.627    96.0177     0.0288      7.821     2.8996     4.1438    126.336    129.496  0.000e+00
   54.93826 -130.96338     78.157     65.941     65.337     7.5203    32.0360  1025.3172    25.0152     7.5142     42.633    96.0177     0.0288      7.821     2.9000     4.1444    126.355    129.515  0.000e+00
   54.93826 -130.96338     78.213     65.998     65.393     7.5207    32.0351  1025.3167    25.0144     7.5147     42.692    96.0177     0.0288      7.821     2.9040     4.1501    126.528    129.693  0.000e+00
   54.93826 -130.96338     78.157     65.941     65.337     7.5200    32.0356  1025.3169    25.0148     7.5140     42.701    96.7728     0.0288      7.821     2.9047     4.1510    126.556    129.722  0.000e+00
   54.93826 -130.96338     78.238     65.998     65.393     7.5194    32.0357  1025.3173    25.0150     7.5133     42.705    97.3322     0.0288      7.821     2.9050     4.1515    126.569    129.736  0.000e+00
   54.93826 -130.96338     78.094     65.828     65.224     7.5191    32.0357  1025.3167    25.0151     7.5130     42.645    97.4441     0.0288      7.821     2.9009     4.1457    126.394    129.556  0.000e+00
   54.93826 -130.96338     78.326     66.062     65.457     7.5193    32.0356  1025.3176    25.0150     7.5132     42.589    97.3882     0.0288      7.821     2.8971     4.1402    126.226    129.384  0.000e+00
   54.93826 -130.96338     78.206     65.941     65.337     7.5193    32.0358  1025.3172    25.0151     7.5133     42.639    97.3602     0.0288      7.821     2.9005     4.1451    126.374    129.535  0.000e+00
   54.93826 -130.96338     78.206     65.941     65.336     7.5185    32.0358  1025.3173    25.0152     7.5124     42.640    97.3602     0.0288      7.821     2.9006     4.1453    126.380    129.542  0.000e+00
   54.93826 -130.96338     78.230     65.941     65.336     7.5160    32.0356  1025.3174    25.0154     7.5099     42.699    97.3602     0.0288      7.821     2.9048     4.1513    126.563    129.729  0.000e+00
   54.93826 -130.96338     78.255     65.941     65.336     7.5137    32.0365  1025.3185    25.0164     7.5076     42.652    97.3602     0.0288      7.821     2.9018     4.1469    126.429    129.592  0.000e+00
   54.93826 -130.96338     78.263     65.949     65.344     7.5128    32.0370  1025.3191    25.0170     7.5068     42.663    97.3602     0.0288      7.821     2.9025     4.1480    126.463    129.627  0.000e+00
   54.93826 -130.96338     78.199     65.884     65.280     7.5135    32.0375  1025.3190    25.0172     7.5074     42.674    97.3602     0.0288      7.821     2.9033     4.1490    126.495    129.660  0.000e+00
   54.93826 -130.96338     78.255     65.941     65.336     7.5159    32.0368  1025.3184    25.0164     7.5098     42.681    97.3602     0.0288      7.821     2.9036     4.1495    126.509    129.674  0.000e+00
   54.93826 -130.96338     78.279     65.941     65.336     7.5176    32.0369  1025.3183    25.0162     7.5115     42.689    97.3602     0.0288      7.821     2.9040     4.1501    126.527    129.692  0.000e+00
   54.93826 -130.96338     78.247     65.884     65.280     7.5186    32.0365  1025.3176    25.0158     7.5126     42.691    97.3602     0.0288      7.821     2.9041     4.1502    126.530    129.695  0.000e+00
   54.93826 -130.96338     78.311     65.949     65.344     7.5192    32.0363  1025.3176    25.0155     7.5131     42.751    97.3602     0.0288      7.821     2.9081     4.1560    126.706    129.876  0.000e+00
   54.93826 -130.96338     78.303     65.941     65.336     7.5198    32.0356  1025.3170    25.0149     7.5137     42.761    97.3602     0.0288      7.821     2.9087     4.1569    126.734    129.904  0.000e+00
   54.93826 -130.96338     78.247     65.884     65.280     7.5198    32.0362  1025.3172    25.0154     7.5137     42.771    97.3602     0.0288      7.821     2.9094     4.1578    126.763    129.934  0.000e+00
   54.93826 -130.96338     78.328     65.941     65.336     7.5202    32.0363  1025.3174    25.0154     7.5141     42.782    97.3602     0.0288      7.821     2.9101     4.1589    126.795    129.967  0.000e+00
   54.93826 -130.96338     78.328     65.941     65.336     7.5205    32.0361  1025.3172    25.0152     7.5145     42.736    97.3602     0.0288      7.821     2.9070     4.1545    126.660    129.829  0.000e+00
   54.93826 -130.96338     78.280     65.892     65.288     7.5207    32.0358  1025.3168    25.0149     7.5146     42.742    97.3602     0.0288      7.821     2.9074     4.1550    126.677    129.846  0.000e+00
   54.93826 -130.96338     78.328     65.941     65.336     7.5205    32.0360  1025.3172    25.0151     7.5145     42.749    97.3602     0.0288      7.821     2.9079     4.1557    126.698    129.867  0.000e+00
   54.93826 -130.96338     78.328     65.941     65.336     7.5203    32.0363  1025.3174    25.0154     7.5142     42.757    97.6958     0.0288      7.821     2.9084     4.1564    126.721    129.891  0.000e+00
   54.93826 -130.96338     78.352     65.941     65.336     7.5205    32.0361  1025.3172    25.0152     7.5145     42.759    98.0874     0.0288      7.821     2.9085     4.1566    126.726    129.896  0.000e+00
   54.93826 -130.96338     78.352     65.941     65.336     7.5207    32.0360  1025.3171    25.0150     7.5147     42.761    98.1993     0.0288      7.821     2.9087     4.1568    126.732    129.902  0.000e+00
   54.93826 -130.96338     78.352     65.941     65.336     7.5208    32.0358  1025.3170    25.0149     7.5147     42.770    98.1713     0.0288      7.821     2.9093     4.1577    126.759    129.930  0.000e+00
   54.93826 -130.96338     78.360     65.949     65.344     7.5212    32.0354  1025.3167    25.0146     7.5152     42.774    98.1433     0.0288      7.821     2.9095     4.1580    126.769    129.940  0.000e+00
   54.93826 -130.96338     78.352     65.941     65.336     7.5217    32.0352  1025.3164    25.0144     7.5156     42.778    98.1433     0.0288      7.821     2.9098     4.1584    126.780    129.952  0.000e+00
   54.93826 -130.96338     78.408     65.997     65.392     7.5219    32.0352  1025.3166    25.0143     7.5158     42.839    98.1433     0.0288      7.821     2.9140     4.1644    126.962    130.138  0.000e+00
   54.93826 -130.96338     78.352     65.941     65.336     7.5226    32.0351  1025.3161    25.0141     7.5165     42.794    98.1433     0.0288      7.821     2.9108     4.1598    126.825    129.997  0.000e+00
   54.93826 -130.96338     78.408     65.997     65.392     7.5233    32.0347  1025.3160    25.0137     7.5172     42.849    98.1433     0.0288      7.821     2.9146     4.1652    126.988    130.165  0.000e+00
   54.93826 -130.96338     78.360     65.949     65.344     7.5233    32.0349  1025.3159    25.0138     7.5172     42.854    98.1433     0.0288      7.821     2.9149     4.1657    127.003    130.180  0.000e+00
   54.93826 -130.96338     78.408     65.997     65.392     7.5233    32.0352  1025.3164    25.0141     7.5172     42.866    98.1433     0.0288      7.821     2.9157     4.1668    127.038    130.216  0.000e+00
   54.93826 -130.96338     78.408     65.997     65.392     7.5235    32.0340  1025.3154    25.0131     7.5174     42.878    98.1433     0.0288      7.821     2.9165     4.1680    127.074    130.252  0.000e+00
   54.93826 -130.96338     78.408     65.997     65.392     7.5234    32.0342  1025.3156    25.0133     7.5173     42.827    98.1433     0.0288      7.821     2.9131     4.1631    126.923    130.097  0.000e+00
   54.93826 -130.96338     78.408     65.997     65.392     7.5230    32.0340  1025.3155    25.0132     7.5169     42.827    98.1433     0.0288      7.821     2.9131     4.1631    126.923    130.098  0.000e+00
   54.93826 -130.96338     78.480     66.070     65.464     7.5223    32.0339  1025.3158    25.0132     7.5162     42.827    98.1433     0.0288      7.821     2.9132     4.1632    126.927    130.102  0.000e+00
   54.93828 -130.96336     78.408     65.997     65.392     7.5205    32.0348  1025.3164    25.0141     7.5145     42.821    98.1433     0.0288      7.821     2.9128     4.1627    126.912    130.087  0.000e+00
   54.93828 -130.96336     78.472     66.062     65.456     7.5197    32.0352  1025.3172    25.0146     7.5136     42.822    98.1433     0.0288      7.821     2.9129     4.1628    126.916    130.091  0.000e+00
   54.93828 -130.96336     78.472     66.062     65.456     7.5194    32.0352  1025.3173    25.0147     7.5133     42.879    98.1433     0.0288      7.821     2.9168     4.1684    127.086    130.265  0.000e+00
   54.93828 -130.96336     78.472     66.062     65.456     7.5191    32.0347  1025.3169    25.0143     7.5130     42.892    98.1433     0.0288      7.821     2.9178     4.1698    127.127    130.307  0.000e+00
   54.93828 -130.96336     78.480     66.070     65.464     7.5183    32.0352  1025.3174    25.0148     7.5123     42.843    98.1433     0.0288      7.821     2.9144     4.1650    126.982    130.158  0.000e+00
