EcoFOCI/data/1_SampleCollection/2022_GOA-OA_CruiseData/CTD_raw_BottleFile_RC0083/RC0083_006.ros
* Sea-Bird SBE 9 Data File:
* FileName = C:\Data\RC0083ctd\RC0083_006.hex
* Software Version Seasave V 7.26.7.107
* Temperature SN = 2060
* Conductivity SN = 1084
* Number of Bytes Per Scan = 31
* Number of Voltage Words = 4
* Number of Scans Averaged by the Deck Unit = 1
* NMEA Latitude = 54 38.07 N
* NMEA Longitude = 133 46.59 W
* NMEA UTC (Time) = Aug 12 2022  11:05:10
* NMEA baud rate = 4800
** Ship: R/V Rachel Carson
** Cruise ID: RC0083 RC0083
** Tech: McHugh/Nomura
** Chief Scientist: Cross Cross
** Station: DE6
** Cast:  006
# nquan = 21
# nvalues = 441                                   
# units = specified
# name 0 = latitude: Latitude [deg]
# name 1 = longitude: Longitude [deg]
# name 2 = sfdSM: Seafloor depth [salt water, m]
# name 3 = prDM: Pressure, Digiquartz [db]
# name 4 = depSM: Depth [salt water, m]
# name 5 = t090C: Temperature [ITS-90, deg C]
# name 6 = sal00: Salinity, Practical [PSU]
# name 7 = density00: Density [density, kg/m^3]
# name 8 = sigma-é00: Density [sigma-theta, kg/m^3]
# name 9 = potemp090C: Potential Temperature [ITS-90, deg C]
# name 10 = sbeox0PS: Oxygen, SBE 43 [% saturation]
# name 11 = CStarTr0: Beam Transmission, WET Labs C-Star [%]
# name 12 = flECO-AFL: Fluorescence, WET Labs ECO-AFL/FL [mg/m^3]
# name 13 = ph: pH
# name 14 = sbeox0ML/L: Oxygen, SBE 43 [ml/l]
# name 15 = sbeox0Mg/L: Oxygen, SBE 43 [mg/l]
# name 16 = sbox0Mm/Kg: Oxygen, SBE 43 [umol/kg]
# name 17 = sbeox0Mm/L: Oxygen, SBE 43 [umol/l]
# name 18 = scan: Scan Count
# name 19 = nbf: Bottles Fired
# name 20 = flag:  0.000e+00
# interval = seconds: 0.0416667
# start_time = Aug 12 2022 11:05:10 [NMEA time, header]
# bad_flag = -9.990e-29
*END*
[from data line 207]
   54.63320 -133.77932    175.262     77.339     76.629     7.6402    32.4687  1025.6924    25.3386     7.6329     67.539   106.0585    -0.0005      7.993     4.5687     6.5291    198.996    204.039      25482          5  0.000e+00
   54.63320 -133.77932    175.374     77.452     76.742     7.6405    32.4681  1025.6924    25.3381     7.6332     67.520   106.0585    -0.0005      7.993     4.5674     6.5273    198.941    203.982      25483          5  0.000e+00
   54.63320 -133.77932    175.374     77.452     76.742     7.6402    32.4685  1025.6927    25.3384     7.6329     67.504   106.0585    -0.0005      7.993     4.5663     6.5257    198.893    203.932      25484          5  0.000e+00
   54.63320 -133.77932    175.318     77.395     76.686     7.6404    32.4684  1025.6923    25.3383     7.6331     67.434   106.0865    -0.0005      7.993     4.5616     6.5190    198.686    203.720      25485          5  0.000e+00
   54.63320 -133.77932    175.374     77.452     76.742     7.6399    32.4686  1025.6928    25.3386     7.6326     67.417   106.0865    -0.0005      7.993     4.5605     6.5174    198.638    203.671      25486          5  0.000e+00
   54.63320 -133.77932    175.374     77.452     76.742     7.6400    32.4686  1025.6928    25.3386     7.6328     67.347   106.0865    -0.0005      7.993     4.5557     6.5106    198.431    203.459      25487          5  0.000e+00
   54.63320 -133.77932    175.438     77.516     76.806     7.6397    32.4691  1025.6935    25.3390     7.6324     67.330   106.0865    -0.0005      7.993     4.5546     6.5090    198.381    203.408      25488          5  0.000e+00
   54.63320 -133.77932    175.438     77.516     76.806     7.6396    32.4689  1025.6934    25.3388     7.6323     67.315   106.0865    -0.0005      7.993     4.5536     6.5076    198.340    203.365      25489          5  0.000e+00
   54.63318 -133.77932    175.438     77.516     76.806     7.6394    32.4696  1025.6940    25.3394     7.6321     67.305   106.0865    -0.0005      7.993     4.5529     6.5066    198.308    203.334      25490          5  0.000e+00
   54.63318 -133.77932    175.438     77.516     76.806     7.6395    32.4690  1025.6935    25.3390     7.6323     67.234   106.0865    -0.0005      7.993     4.5482     6.4998    198.101    203.121      25491          5  0.000e+00
   54.63318 -133.77932    175.494     77.573     76.862     7.6400    32.4683  1025.6932    25.3383     7.6328     67.217   106.0865    -0.0005      7.993     4.5469     6.4980    198.048    203.066      25492          5  0.000e+00
   54.63318 -133.77932    175.438     77.517     76.806     7.6409    32.4673  1025.6919    25.3374     7.6336     67.146   106.0865    -0.0005      7.993     4.5421     6.4911    197.837    202.850      25493          5  0.000e+00
   54.63318 -133.77932    175.494     77.573     76.862     7.6412    32.4676  1025.6924    25.3376     7.6339     67.129   106.0865    -0.0005      7.993     4.5409     6.4894    197.784    202.796      25494          5  0.000e+00
   54.63318 -133.77932    175.494     77.573     76.862     7.6412    32.4672  1025.6921    25.3373     7.6339     67.115   106.0865    -0.0005      7.993     4.5399     6.4880    197.744    202.754      25495          5  0.000e+00
   54.63318 -133.77932    175.494     77.573     76.862     7.6406    32.4679  1025.6928    25.3380     7.6333     67.105   106.0865    -0.0005      7.993     4.5393     6.4871    197.716    202.726      25496          5  0.000e+00
   54.63318 -133.77932    175.494     77.573     76.862     7.6397    32.4689  1025.6937    25.3389     7.6324     67.043   106.0865    -0.0005      7.993     4.5352     6.4813    197.537    202.542      25497          5  0.000e+00
   54.63318 -133.77932    175.494     77.573     76.862     7.6395    32.4690  1025.6937    25.3389     7.6323     67.034   106.0865    -0.0005      7.993     4.5346     6.4804    197.511    202.515      25498          5  0.000e+00
   54.63318 -133.77932    175.558     77.638     76.926     7.6391    32.4695  1025.6945    25.3394     7.6318     67.030   106.0865    -0.0005      7.993     4.5344     6.4800    197.500    202.504      25499          5  0.000e+00
   54.63318 -133.77932    175.494     77.573     76.862     7.6391    32.4695  1025.6942    25.3394     7.6318     67.029   106.0865    -0.0005      7.993     4.5343     6.4799    197.496    202.501      25500          5  0.000e+00
   54.63318 -133.77932    175.478     77.557     76.846     7.6384    32.4699  1025.6946    25.3398     7.6311     67.025   106.0865    -0.0005      7.993     4.5341     6.4796    197.487    202.491      25501          5  0.000e+00
   54.63318 -133.77932    175.494     77.573     76.862     7.6362    32.4724  1025.6969    25.3421     7.6289     67.032   106.0865    -0.0005      7.993     4.5348     6.4806    197.516    202.522      25502          5  0.000e+00
   54.63318 -133.77932    175.494     77.573     76.862     7.6367    32.4716  1025.6962    25.3414     7.6294     66.981   106.0865    -0.0005      7.993     4.5312     6.4756    197.363    202.365      25503          5  0.000e+00
   54.63318 -133.77932    175.494     77.573     76.862     7.6367    32.4714  1025.6960    25.3412     7.6294     66.982   106.0865    -0.0005      7.993     4.5313     6.4757    197.367    202.369      25504          5  0.000e+00
   54.63318 -133.77932    175.438     77.517     76.806     7.6352    32.4729  1025.6971    25.3426     7.6279     66.987   106.0865    -0.0005      7.993     4.5318     6.4764    197.387    202.389      25505          5  0.000e+00
   54.63318 -133.77932    175.494     77.573     76.862     7.6341    32.4741  1025.6986    25.3437     7.6268     66.997   106.0865    -0.0005      7.993     4.5325     6.4775    197.420    202.424      25506          5  0.000e+00
   54.63318 -133.77932    175.494     77.573     76.862     7.6336    32.4747  1025.6991    25.3442     7.6263     66.948   106.0865    -0.0005      7.993     4.5292     6.4727    197.276    202.276      25507          5  0.000e+00
   54.63318 -133.77932    175.374     77.452     76.742     7.6333    32.4750  1025.6988    25.3445     7.6260     66.958   106.0865    -0.0005      7.993     4.5299     6.4737    197.306    202.307      25508          5  0.000e+00
   54.63318 -133.77932    175.438     77.517     76.806     7.6331    32.4752  1025.6993    25.3448     7.6258     66.966   106.0865    -0.0005      7.993     4.5305     6.4746    197.331    202.333      25509          5  0.000e+00
   54.63318 -133.77932    175.438     77.517     76.806     7.6337    32.4748  1025.6989    25.3443     7.6264     66.978   106.0865    -0.0005      7.993     4.5313     6.4756    197.365    202.367      25510          5  0.000e+00
   54.63318 -133.77932    175.438     77.517     76.806     7.6349    32.4737  1025.6979    25.3433     7.6276     66.939   106.0865    -0.0005      7.993     4.5285     6.4717    197.244    202.243      25511          5  0.000e+00
   54.63318 -133.77932    175.374     77.452     76.742     7.6357    32.4724  1025.6964    25.3421     7.6284     66.944   106.0865    -0.0005      7.993     4.5288     6.4722    197.259    202.258      25512          5  0.000e+00
   54.63318 -133.77932    175.374     77.452     76.742     7.6362    32.4721  1025.6962    25.3419     7.6289     66.954   106.0865    -0.0005      7.993     4.5295     6.4731    197.287    202.287      25513          5  0.000e+00
   54.63318 -133.77932    175.318     77.395     76.686     7.6365    32.4720  1025.6957    25.3417     7.6293     66.968   106.0865    -0.0298      7.993     4.5304     6.4744    197.327    202.327      25514          5  0.000e+00
   54.63318 -133.77932    175.318     77.395     76.686     7.6353    32.4726  1025.6964    25.3423     7.6281     66.980   106.0865    -0.0298      7.993     4.5313     6.4756    197.365    202.366      25515          5  0.000e+00
   54.63318 -133.77932    175.318     77.395     76.686     7.6346    32.4732  1025.6970    25.3430     7.6273     66.995   106.0865    -0.0298      7.993     4.5324     6.4772    197.412    202.415      25516          5  0.000e+00
   54.63318 -133.77932    175.262     77.339     76.630     7.6350    32.4728  1025.6963    25.3426     7.6278     67.006   106.0865    -0.0298      7.993     4.5331     6.4782    197.443    202.446      25517          5  0.000e+00
   54.63318 -133.77932    175.262     77.339     76.630     7.6362    32.4718  1025.6953    25.3416     7.6289     67.077   106.0865    -0.0298      7.993     4.5378     6.4849    197.648    202.656      25518          5  0.000e+00
   54.63318 -133.77932    175.262     77.339     76.630     7.6365    32.4717  1025.6952    25.3415     7.6293     67.047   106.0865    -0.0298      7.993     4.5357     6.4820    197.557    202.564      25519          5  0.000e+00
   54.63306 -133.77942     93.096     52.204     51.729     8.8916    32.0639  1025.0747    24.8373     8.8862     74.656   105.3313     0.0581      8.065     4.9228     7.0352    214.524    219.852      27655          6  0.000e+00
   54.63306 -133.77942     93.040     52.148     51.673     8.8876    32.0651  1025.0761    24.8388     8.8822     74.657   105.3593     0.0581      8.065     4.9233     7.0358    214.544    219.873      27656          6  0.000e+00
   54.63306 -133.77942     92.984     52.091     51.617     8.8858    32.0658  1025.0766    24.8396     8.8804     74.658   105.3593     0.0581      8.065     4.9235     7.0362    214.554    219.884      27657          6  0.000e+00
   54.63306 -133.77942     93.104     52.212     51.737     8.8840    32.0664  1025.0779    24.8404     8.8786     74.606   105.3593     0.0581      8.065     4.9203     7.0316    214.413    219.739      27658          6  0.000e+00
   54.63306 -133.77942    114.650     52.269     51.793     8.8814    32.0674  1025.0793    24.8415     8.8761     74.658   105.3593     0.0581      8.065     4.9239     7.0368    214.573    219.903      27659          6  0.000e+00
   54.63306 -133.77942    144.824     52.334     51.857     8.8792    32.0682  1025.0806    24.8425     8.8739     74.608   105.3593     0.0581      8.065     4.9208     7.0323    214.436    219.764      27660          6  0.000e+00
   54.63306 -133.77942    151.793     52.269     51.793     8.8780    32.0689  1025.0810    24.8432     8.8726     74.660   105.3593     0.0581      8.065     4.9244     7.0374    214.591    219.922      27661          6  0.000e+00
   54.63306 -133.77942    151.793     52.269     51.793     8.8770    32.0694  1025.0816    24.8438     8.8717     74.609   105.3593     0.0581      8.065     4.9211     7.0328    214.450    219.778      27662          6  0.000e+00
   54.63306 -133.77942    150.741     52.390     51.913     8.8763    32.0698  1025.0825    24.8442     8.8710     74.610   105.3313     0.0581      8.065     4.9212     7.0329    214.453    219.781      27663          6  0.000e+00
   54.63306 -133.77942    150.392     52.334     51.857     8.8763    32.0697  1025.0822    24.8441     8.8710     74.609   105.3593     0.0581      8.065     4.9212     7.0328    214.451    219.779      27664          6  0.000e+00
   54.63306 -133.77942    150.472     52.390     51.913     8.8796    32.0671  1025.0800    24.8416     8.8742     74.657   105.3313     0.0581      8.065     4.9241     7.0370    214.580    219.910      27665          6  0.000e+00
   54.63306 -133.77942    150.465     52.334     51.857     8.8863    32.0631  1025.0755    24.8375     8.8810     74.664   105.3593     0.0581      8.065     4.9239     7.0367    214.572    219.901      27666          6  0.000e+00
   54.63306 -133.77942    150.545     52.390     51.913     8.8895    32.0625  1025.0748    24.8365     8.8841     74.617   105.3593     0.0581      8.065     4.9205     7.0319    214.424    219.749      27667          6  0.000e+00
   54.63306 -133.77942    150.545     52.390     51.913     8.8923    32.0617  1025.0738    24.8355     8.8869     74.619   105.3593     0.0581      8.065     4.9203     7.0317    214.417    219.742      27668          6  0.000e+00
   54.63306 -133.77942    150.545     52.390     51.913     8.8931    32.0623  1025.0741    24.8358     8.8877     74.670   105.3593     0.0581      8.065     4.9236     7.0363    214.559    219.888      27669          6  0.000e+00
   54.63306 -133.77942    150.545     52.390     51.913     8.8934    32.0631  1025.0747    24.8364     8.8880     74.625   105.3593     0.0581      8.065     4.9206     7.0320    214.427    219.753      27670          6  0.000e+00
   54.63306 -133.77942    150.546     52.390     51.913     8.8928    32.0629  1025.0746    24.8363     8.8874     74.629   105.3593     0.0581      8.065     4.9209     7.0325    214.443    219.769      27671          6  0.000e+00
   54.63306 -133.77942    150.546     52.390     51.913     8.8887    32.0636  1025.0758    24.8375     8.8833     74.635   105.3593     0.0581      8.065     4.9217     7.0336    214.477    219.804      27672          6  0.000e+00
   54.63306 -133.77942    150.546     52.390     51.913     8.8867    32.0632  1025.0758    24.8374     8.8814     74.634   105.3593     0.0581      8.065     4.9219     7.0339    214.484    219.812      27673          6  0.000e+00
   54.63306 -133.77942    150.546     52.390     51.913     8.8846    32.0636  1025.0764    24.8381     8.8792     74.634   105.3593     0.0581      8.065     4.9221     7.0342    214.493    219.821      27674          6  0.000e+00
   54.63304 -133.77942    150.489     52.334     51.857     8.8847    32.0641  1025.0766    24.8385     8.8793     74.633   105.3593     0.0581      8.065     4.9220     7.0341    214.490    219.818      27675          6  0.000e+00
   54.63304 -133.77942    150.481     52.326     51.849     8.8856    32.0650  1025.0771    24.8390     8.8802     74.634   105.3593     0.0581      8.065     4.9219     7.0339    214.486    219.813      27676          6  0.000e+00
   54.63304 -133.77942    150.489     52.334     51.857     8.8867    32.0648  1025.0768    24.8387     8.8814     74.635   105.3593     0.0581      8.065     4.9219     7.0339    214.484    219.811      27677          6  0.000e+00
   54.63304 -133.77942    150.481     52.326     51.849     8.8896    32.0649  1025.0764    24.8383     8.8843     74.636   105.3593     0.0581      8.065     4.9216     7.0335    214.473    219.800      27678          6  0.000e+00
   54.63304 -133.77942    150.489     52.334     51.857     8.8942    32.0632  1025.0744    24.8363     8.8888     74.638   105.3593     0.0581      8.065     4.9213     7.0330    214.459    219.786      27679          6  0.000e+00
   54.63304 -133.77942    150.425     52.269     51.793     8.8980    32.0614  1025.0721    24.8343     8.8926     74.639   105.3593     0.0581      8.060     4.9211     7.0327    214.449    219.775      27680          6  0.000e+00
   54.63304 -133.77942    150.425     52.269     51.793     8.9008    32.0606  1025.0710    24.8333     8.8954     74.642   105.3593     0.0581      8.065     4.9210     7.0326    214.446    219.772      27681          6  0.000e+00
   54.63304 -133.77942    150.425     52.269     51.793     8.9013    32.0601  1025.0706    24.8328     8.8959     74.646   105.3593     0.0581      8.065     4.9212     7.0329    214.456    219.781      27682          6  0.000e+00
   54.63304 -133.77942    150.361     52.204     51.729     8.9005    32.0600  1025.0703    24.8328     8.8951     74.650   105.3593     0.0581      8.065     4.9216     7.0334    214.471    219.797      27683          6  0.000e+00
   54.63304 -133.77942    150.305     52.148     51.673     8.8980    32.0611  1025.0713    24.8341     8.8927     74.655   105.3593     0.0581      8.060     4.9221     7.0342    214.495    219.822      27684          6  0.000e+00
