EcoFOCI/data/1_SampleCollection/2022_GOA-OA_CruiseData/CTD_raw_BottleFile_RC0083/RC0083_018.ros
* Sea-Bird SBE 9 Data File:
* FileName = C:\Data\RC0083ctd\RC0083_018.hex
* Software Version Seasave V 7.26.7.107
* Temperature SN = 2060
* Conductivity SN = 1084
* Number of Bytes Per Scan = 31
* Number of Voltage Words = 4
* Number of Scans Averaged by the Deck Unit = 1
* NMEA Latitude = 56 10.89 N
* NMEA Longitude = 134 27.43 W
* NMEA UTC (Time) = Aug 13 2022  16:55:27
* NMEA baud rate = 4800
** Ship: R/V Rachel Carson
** Cruise ID: RC0083 RC0083
** Tech: McHugh/Nomura
** Chief Scientist: Cross Cross
** Station: CS3
** Cast:  018
# nquan = 21
# nvalues = 392                                   
# units = specified
# name 0 = latitude: Latitude [deg]
# name 1 = longitude: Longitude [deg]
# name 2 = sfdSM: Seafloor depth [salt water, m]
# name 3 = prDM: Pressure, Digiquartz [db]
# name 4 = depSM: Depth [salt water, m]
# name 5 = t090C: Temperature [ITS-90, deg C]
# name 6 = sal00: Salinity, Practical [PSU]
# name 7 = density00: Density [density, kg/m^3]
# name 8 = sigma-é00: Density [sigma-theta, kg/m^3]
# name 9 = potemp090C: Potential Temperature [ITS-90, deg C]
# name 10 = sbeox0PS: Oxygen, SBE 43 [% saturation]
# name 11 = CStarTr0: Beam Transmission, WET Labs C-Star [%]
# name 12 = flECO-AFL: Fluorescence, WET Labs ECO-AFL/FL [mg/m^3]
# name 13 = ph: pH
# name 14 = sbeox0ML/L: Oxygen, SBE 43 [ml/l]
# name 15 = sbeox0Mg/L: Oxygen, SBE 43 [mg/l]
# name 16 = sbox0Mm/Kg: Oxygen, SBE 43 [umol/kg]
# name 17 = sbeox0Mm/L: Oxygen, SBE 43 [umol/l]
# name 18 = scan: Scan Count
# name 19 = nbf: Bottles Fired
# name 20 = flag:  0.000e+00
# interval = seconds: 0.0416667
# start_time = Aug 13 2022 16:55:27 [NMEA time, header]
# bad_flag = -9.990e-29
*END*
[from data line 69]
   56.17644 -134.46226    298.592    201.898    199.960     5.8171    33.6050  1027.4044    26.4750     5.8004     33.370   106.0306    -0.0591      7.769     2.3369     3.3396    101.673    104.365      38402          2  0.000e+00
   56.17644 -134.46226    298.608    201.914    199.976     5.8169    33.6053  1027.4048    26.4753     5.8002     33.375   106.0306    -0.0591      7.769     2.3373     3.3402    101.690    104.383      38403          2  0.000e+00
   56.17644 -134.46226    298.528    201.833    199.895     5.8169    33.6050  1027.4042    26.4751     5.8002     33.322   106.0306    -0.0591      7.769     2.3336     3.3349    101.529    104.217      38404          2  0.000e+00
   56.17644 -134.46226    298.608    201.914    199.976     5.8169    33.6054  1027.4048    26.4753     5.8003     33.320   106.0306    -0.0591      7.773     2.3334     3.3346    101.520    104.208      38405          2  0.000e+00
   56.17644 -134.46226    298.528    201.833    199.895     5.8174    33.6048  1027.4040    26.4749     5.8007     33.325   106.0306    -0.0591      7.769     2.3337     3.3351    101.535    104.223      38406          2  0.000e+00
   56.17644 -134.46226    298.608    201.914    199.976     5.8170    33.6052  1027.4046    26.4752     5.8004     33.380   106.0306    -0.0591      7.769     2.3376     3.3407    101.705    104.397      38407          2  0.000e+00
   56.17644 -134.46226    298.592    201.898    199.960     5.8168    33.6057  1027.4050    26.4756     5.8002     33.327   106.0306    -0.0591      7.769     2.3339     3.3354    101.544    104.233      38408          2  0.000e+00
   56.17644 -134.46226    298.608    201.914    199.976     5.8169    33.6051  1027.4046    26.4751     5.8002     33.333   106.0306    -0.0591      7.769     2.3343     3.3360    101.561    104.250      38409          2  0.000e+00
   56.17644 -134.46226    298.544    201.849    199.912     5.8172    33.6050  1027.4042    26.4750     5.8005     33.330   106.0306    -0.0591      7.769     2.3341     3.3356    101.552    104.240      38410          2  0.000e+00
   56.17644 -134.46226    298.592    201.898    199.960     5.8168    33.6051  1027.4045    26.4751     5.8002     33.327   106.0306    -0.0591      7.769     2.3339     3.3354    101.545    104.233      38411          2  0.000e+00
   56.17644 -134.46226    298.608    201.914    199.976     5.8169    33.6052  1027.4047    26.4752     5.8002     33.383   106.0306    -0.0591      7.769     2.3378     3.3409    101.712    104.405      38412          2  0.000e+00
   56.17644 -134.46226    298.648    201.954    200.016     5.8169    33.6051  1027.4048    26.4752     5.8002     33.330   106.0306    -0.0591      7.769     2.3341     3.3357    101.552    104.241      38413          2  0.000e+00
   56.17644 -134.46226    298.664    201.971    200.032     5.8169    33.6053  1027.4050    26.4753     5.8003     33.327   106.0306    -0.0591      7.769     2.3339     3.3354    101.543    104.231      38414          2  0.000e+00
   56.17644 -134.46226    298.648    201.954    200.016     5.8170    33.6054  1027.4050    26.4754     5.8004     33.324   106.0306    -0.0591      7.769     2.3337     3.3350    101.533    104.221      38415          2  0.000e+00
   56.17644 -134.46226    298.664    201.971    200.032     5.8169    33.6055  1027.4052    26.4754     5.8002     33.379   106.0306    -0.0591      7.769     2.3375     3.3405    101.700    104.393      38416          2  0.000e+00
   56.17644 -134.46226    298.705    202.011    200.072     5.8169    33.6051  1027.4051    26.4751     5.8002     33.384   106.0306    -0.0591      7.769     2.3379     3.3410    101.716    104.409      38417          2  0.000e+00
   56.17644 -134.46226    298.721    202.027    200.088     5.8169    33.6052  1027.4052    26.4752     5.8003     33.330   106.0865    -0.0591      7.769     2.3341     3.3357    101.553    104.242      38418          2  0.000e+00
   56.17644 -134.46226    298.705    202.011    200.072     5.8169    33.6052  1027.4051    26.4752     5.8002     33.326   106.1424    -0.0591      7.769     2.3339     3.3353    101.542    104.230      38419          2  0.000e+00
   56.17644 -134.46226    298.785    202.092    200.152     5.8169    33.6050  1027.4054    26.4751     5.8002     33.323   106.1704    -0.0591      7.769     2.3336     3.3350    101.531    104.219      38420          2  0.000e+00
   56.17644 -134.46226    298.769    202.076    200.136     5.8169    33.6054  1027.4056    26.4753     5.8003     33.319   106.1424    -0.0591      7.769     2.3333     3.3346    101.519    104.207      38421          2  0.000e+00
   56.17644 -134.46226    298.841    202.149    200.209     5.8169    33.6054  1027.4059    26.4754     5.8002     33.316   106.1704    -0.0591      7.769     2.3331     3.3342    101.509    104.196      38422          2  0.000e+00
   56.17644 -134.46226    298.825    202.133    200.193     5.8167    33.6054  1027.4059    26.4754     5.8001     33.312   106.1704    -0.0591      7.769     2.3328     3.3339    101.497    104.185      38423          2  0.000e+00
   56.17644 -134.46226    298.841    202.149    200.209     5.8169    33.6050  1027.4056    26.4751     5.8003     33.366   106.1704    -0.0591      7.769     2.3366     3.3393    101.662    104.353      38424          2  0.000e+00
   56.17644 -134.46226    298.889    202.198    200.257     5.8170    33.6055  1027.4062    26.4754     5.8004     33.370   106.1424    -0.0591      7.773     2.3369     3.3397    101.675    104.367      38425          2  0.000e+00
   56.17644 -134.46226    298.961    202.271    200.329     5.8170    33.6054  1027.4065    26.4754     5.8003     33.374   106.1704    -0.0884      7.769     2.3372     3.3401    101.687    104.379      38426          2  0.000e+00
   56.17644 -134.46226    298.945    202.254    200.313     5.8169    33.6053  1027.4063    26.4753     5.8003     33.378   106.1704    -0.0884      7.769     2.3374     3.3404    101.698    104.390      38427          2  0.000e+00
   56.17644 -134.46226    299.018    202.327    200.385     5.8169    33.6054  1027.4067    26.4754     5.8002     33.323   106.1704    -0.0884      7.769     2.3336     3.3350    101.532    104.220      38428          2  0.000e+00
   56.17644 -134.46226    299.018    202.327    200.385     5.8169    33.6053  1027.4067    26.4753     5.8002     33.327   106.1704    -0.0884      7.769     2.3339     3.3353    101.543    104.231      38429          2  0.000e+00
   56.17644 -134.46226    299.066    202.376    200.433     5.8169    33.6055  1027.4071    26.4755     5.8003     33.331   106.1704    -0.0884      7.769     2.3341     3.3357    101.554    104.243      38430          2  0.000e+00
   56.17616 -134.46256    247.073    149.860    148.440     5.9617    33.4309  1027.0090    26.3191     5.9493     35.939   105.9187    -0.0591      7.792     2.5112     3.5887    109.274    112.150      41543          3  0.000e+00
   56.17616 -134.46256    246.656    149.439    148.024     5.9617    33.4308  1027.0070    26.3190     5.9493     35.933   105.9187    -0.0591      7.792     2.5108     3.5881    109.255    112.130      41544          3  0.000e+00
   56.17616 -134.46256    247.073    149.860    148.440     5.9618    33.4303  1027.0085    26.3186     5.9494     35.939   105.9187    -0.0591      7.792     2.5112     3.5887    109.273    112.149      41545          3  0.000e+00
   56.17616 -134.46256    246.953    149.739    148.320     5.9615    33.4311  1027.0086    26.3192     5.9491     35.934   105.9187    -0.0591      7.792     2.5109     3.5883    109.259    112.135      41546          3  0.000e+00
   56.17616 -134.46256    246.889    149.674    148.256     5.9618    33.4305  1027.0078    26.3188     5.9494     35.930   105.9187    -0.0591      7.792     2.5105     3.5878    109.246    112.121      41547          3  0.000e+00
   56.17616 -134.46256    246.953    149.739    148.320     5.9617    33.4305  1027.0082    26.3188     5.9493     35.926   105.9187    -0.0591      7.792     2.5103     3.5875    109.235    112.110      41548          3  0.000e+00
   56.17616 -134.46256    247.009    149.796    148.376     5.9618    33.4307  1027.0086    26.3190     5.9494     35.931   105.9187    -0.0591      7.792     2.5106     3.5879    109.248    112.124      41549          3  0.000e+00
   56.17616 -134.46256    246.953    149.739    148.320     5.9620    33.4305  1027.0081    26.3187     5.9496     35.935   105.9187    -0.0591      7.792     2.5109     3.5883    109.261    112.137      41550          3  0.000e+00
   56.17616 -134.46256    246.953    149.739    148.320     5.9615    33.4312  1027.0087    26.3193     5.9491     35.940   105.9187    -0.0591      7.792     2.5113     3.5889    109.278    112.154      41551          3  0.000e+00
   56.17616 -134.46256    247.017    149.804    148.384     5.9614    33.4313  1027.0091    26.3195     5.9490     35.946   105.9187    -0.0591      7.792     2.5117     3.5894    109.295    112.172      41552          3  0.000e+00
   56.17616 -134.46256    247.009    149.796    148.376     5.9614    33.4314  1027.0091    26.3195     5.9490     35.952   105.9187    -0.0591      7.792     2.5121     3.5900    109.312    112.189      41553          3  0.000e+00
   56.17616 -134.46256    247.073    149.860    148.441     5.9612    33.4313  1027.0094    26.3195     5.9488     35.958   105.9187    -0.0591      7.792     2.5125     3.5907    109.332    112.210      41554          3  0.000e+00
   56.17616 -134.46256    247.009    149.796    148.376     5.9610    33.4314  1027.0092    26.3196     5.9486     35.956   105.9187    -0.0591      7.792     2.5124     3.5904    109.326    112.203      41555          3  0.000e+00
   56.17616 -134.46256    247.017    149.804    148.384     5.9604    33.4325  1027.0102    26.3205     5.9480     35.954   105.9187    -0.0591      7.792     2.5123     3.5903    109.320    112.198      41556          3  0.000e+00
   56.17616 -134.46256    247.065    149.852    148.433     5.9602    33.4327  1027.0106    26.3207     5.9478     35.952   105.9187    -0.0591      7.792     2.5121     3.5901    109.315    112.192      41557          3  0.000e+00
   56.17616 -134.46256    247.073    149.860    148.441     5.9602    33.4327  1027.0106    26.3207     5.9478     35.958   105.9187    -0.0591      7.792     2.5126     3.5908    109.335    112.213      41558          3  0.000e+00
   56.17616 -134.46256    247.065    149.852    148.433     5.9601    33.4325  1027.0104    26.3205     5.9477     35.957   105.9187    -0.0591      7.792     2.5125     3.5906    109.330    112.208      41559          3  0.000e+00
   56.17616 -134.46256    247.073    149.860    148.441     5.9601    33.4325  1027.0105    26.3206     5.9477     35.955   105.9187    -0.0591      7.792     2.5124     3.5904    109.325    112.203      41560          3  0.000e+00
   56.17616 -134.46256    247.129    149.917    148.497     5.9601    33.4330  1027.0111    26.3209     5.9477     35.954   105.9187    -0.0591      7.792     2.5123     3.5903    109.320    112.198      41561          3  0.000e+00
   56.17616 -134.46256    247.137    149.925    148.505     5.9602    33.4330  1027.0112    26.3209     5.9478     35.952   105.9187    -0.0591      7.792     2.5121     3.5901    109.315    112.192      41562          3  0.000e+00
   56.17616 -134.46256    247.129    149.917    148.497     5.9602    33.4323  1027.0106    26.3204     5.9478     35.950   105.9187    -0.0591      7.792     2.5120     3.5899    109.310    112.187      41563          3  0.000e+00
   56.17616 -134.46256    247.137    149.925    148.505     5.9602    33.4328  1027.0110    26.3208     5.9478     35.949   105.9187    -0.0591      7.792     2.5119     3.5898    109.305    112.182      41564          3  0.000e+00
   56.17616 -134.46256    247.185    149.974    148.553     5.9601    33.4329  1027.0113    26.3209     5.9477     35.956   105.9187    -0.0591      7.792     2.5124     3.5905    109.326    112.204      41565          3  0.000e+00
   56.17616 -134.46256    247.193    149.982    148.561     5.9606    33.4319  1027.0105    26.3200     5.9482     35.963   105.9187    -0.0591      7.792     2.5129     3.5912    109.347    112.225      41566          3  0.000e+00
   56.17616 -134.46256    247.193    149.982    148.561     5.9606    33.4324  1027.0109    26.3204     5.9482     35.970   105.9187    -0.0591      7.792     2.5134     3.5919    109.369    112.248      41567          3  0.000e+00
   56.17616 -134.46256    247.249    150.039    148.617     5.9602    33.4327  1027.0115    26.3207     5.9478     35.978   105.9187    -0.0591      7.792     2.5140     3.5927    109.394    112.274      41568          3  0.000e+00
   56.17616 -134.46256    247.249    150.039    148.617     5.9604    33.4325  1027.0113    26.3205     5.9479     35.978   105.9187    -0.0591      7.792     2.5139     3.5927    109.393    112.273      41569          3  0.000e+00
   56.17616 -134.46256    247.249    150.039    148.617     5.9604    33.4325  1027.0113    26.3205     5.9479     35.977   105.9187    -0.0591      7.792     2.5139     3.5926    109.392    112.271      41570          3  0.000e+00
   56.17616 -134.46256    247.249    150.039    148.617     5.9604    33.4329  1027.0116    26.3209     5.9479     35.977   105.9187    -0.0591      7.792     2.5139     3.5926    109.391    112.270      41571          3  0.000e+00
   56.17616 -134.46256    247.306    150.095    148.673     5.9607    33.4325  1027.0115    26.3205     5.9483     35.977   105.9187    -0.0591      7.792     2.5139     3.5926    109.390    112.269      41572          3  0.000e+00
   56.17616 -134.46256    247.314    150.103    148.681     5.9612    33.4316  1027.0107    26.3197     5.9487     35.977   105.9187    -0.0591      7.792     2.5138     3.5925    109.389    112.268      41573          3  0.000e+00
   56.17616 -134.46256    247.362    150.152    148.729     5.9614    33.4316  1027.0109    26.3197     5.9489     35.976   105.8907    -0.0591      7.792     2.5138     3.5925    109.388    112.267      41574          3  0.000e+00
   56.17616 -134.46256    247.314    150.103    148.681     5.9612    33.4320  1027.0110    26.3200     5.9487     35.976   105.9187    -0.0591      7.792     2.5138     3.5924    109.386    112.265      41575          3  0.000e+00
   56.17616 -134.46256    247.362    150.152    148.729     5.9612    33.4318  1027.0111    26.3198     5.9487     35.976   105.8907    -0.0591      7.792     2.5138     3.5924    109.386    112.265      41576          3  0.000e+00
   56.17616 -134.46256    247.370    150.160    148.737     5.9609    33.4319  1027.0113    26.3200     5.9484     35.975   105.9187    -0.0591      7.792     2.5138     3.5924    109.386    112.265      41577          3  0.000e+00
   56.17616 -134.46256    247.426    150.217    148.793     5.9609    33.4323  1027.0119    26.3203     5.9484     35.918   105.8907    -0.0591      7.792     2.5098     3.5867    109.211    112.086      41578          3  0.000e+00
   56.17616 -134.46256    247.370    150.160    148.737     5.9607    33.4325  1027.0118    26.3205     5.9483     35.910   105.9187    -0.0591      7.792     2.5092     3.5859    109.186    112.060      41579          3  0.000e+00
   56.17616 -134.46256    247.426    150.217    148.793     5.9607    33.4325  1027.0121    26.3205     5.9483     35.960   105.9187    -0.0591      7.792     2.5127     3.5908    109.337    112.215      41580          3  0.000e+00
   56.17616 -134.46256    247.434    150.225    148.801     5.9604    33.4328  1027.0124    26.3208     5.9479     35.903   105.8907    -0.0591      7.792     2.5087     3.5852    109.165    112.039      41581          3  0.000e+00
