EcoFOCI/data/1_SampleCollection/2022_GOA-OA_CruiseData/CTD_raw_BottleFile_RC0083/RC0083_113.cnv
* Sea-Bird SBE 9 Data File:
* FileName = C:\Data\RC0083ctd\RC0083_113.hex
* Software Version Seasave V 7.26.7.107
* Temperature SN = 2060
* Conductivity SN = 2881
* Number of Bytes Per Scan = 31
* Number of Voltage Words = 4
* Number of Scans Averaged by the Deck Unit = 1
* NMEA Latitude = 56 00.32 N
* NMEA Longitude = 133 48.05 W
* NMEA UTC (Time) = Aug 23 2022  12:32:31
* NMEA baud rate = 4800
** Ship: R/V Rachel Carson
** Cruise ID: RC0083
** Tech: McHugh/Nomura
** Chief Scientist: Cross
** Station: LSS1
** Cast:  CTD113
# nquan = 19
# nvalues = 12832                                 
# units = specified
# name 0 = latitude: Latitude [deg]
# name 1 = longitude: Longitude [deg]
# name 2 = sfdSM: Seafloor depth [salt water, m]
# name 3 = prDM: Pressure, Digiquartz [db]
# name 4 = depSM: Depth [salt water, m]
# name 5 = t090C: Temperature [ITS-90, deg C]
# name 6 = sal00: Salinity, Practical [PSU]
# name 7 = density00: Density [density, kg/m^3]
# name 8 = sigma-é00: Density [sigma-theta, kg/m^3]
# name 9 = potemp090C: Potential Temperature [ITS-90, deg C]
# name 10 = sbeox0PS: Oxygen, SBE 43 [% saturation]
# name 11 = CStarTr0: Beam Transmission, WET Labs C-Star [%]
# name 12 = flECO-AFL: Fluorescence, WET Labs ECO-AFL/FL [mg/m^3]
# name 13 = ph: pH
# name 14 = sbeox0ML/L: Oxygen, SBE 43 [ml/l]
# name 15 = sbeox0Mg/L: Oxygen, SBE 43 [mg/l]
# name 16 = sbox0Mm/Kg: Oxygen, SBE 43 [umol/kg]
# name 17 = sbeox0Mm/L: Oxygen, SBE 43 [umol/l]
# name 18 = flag:  0.000e+00
# span 0 =   56.00400,   56.00528                 
# span 1 = -133.80128, -133.80080                 
# span 2 =      3.086,    240.440                 
# span 3 =      2.095,    176.923                 
# span 4 =      2.076,    175.238                 
# span 5 =     6.4376,    13.4168                 
# span 6 =    31.0985,    33.2023                 
# span 7 =  1023.5524,  1026.8895                 
# span 8 =    23.5414,    26.0789                 
# span 9 =     6.4227,    13.4165                 
# span 10 =     35.713,     93.255                
# span 11 =    97.4721,   103.6252                
# span 12 =    -0.0591,     2.7247                
# span 13 =      7.776,      8.269                
# span 14 =     2.4713,     5.6163                
# span 15 =     3.5318,     8.0262                
# span 16 =    107.565,    245.016                
# span 17 =    110.369,    250.822                
# span 18 = 0.0000e+00, 0.0000e+00                
# interval = seconds: 0.0416667
# start_time = Aug 23 2022 12:32:31 [NMEA time, header]
# bad_flag = -9.990e-29
*END*
[from data line 1372]
   56.00498 -133.80088    108.556     10.015      9.923    12.8636    31.5093  1023.7616    23.7168    12.8623     89.836    98.1153     1.6405      8.243     5.4578     7.7997    238.097    243.744  0.000e+00
   56.00498 -133.80088    108.644     10.104     10.011    12.8639    31.5090  1023.7617    23.7165    12.8626     89.841    98.1153     1.6991      8.243     5.4580     7.8001    238.109    243.756  0.000e+00
   56.00498 -133.80088    108.676     10.136     10.043    12.8639    31.5092  1023.7620    23.7166    12.8626     89.843    98.1153     1.6405      8.243     5.4581     7.8002    238.112    243.759  0.000e+00
   56.00498 -133.80088    108.676     10.136     10.043    12.8641    31.5096  1023.7622    23.7169    12.8627     89.846    98.1153     1.6991      8.238     5.4583     7.8004    238.120    243.767  0.000e+00
   56.00498 -133.80088    108.676     10.136     10.043    12.8643    31.5101  1023.7626    23.7173    12.8629     89.802    98.1153     1.6991      8.243     5.4556     7.7966    238.002    243.646  0.000e+00
   56.00498 -133.80088    108.764     10.225     10.131    12.8644    31.5098  1023.7627    23.7170    12.8631     89.801    98.1153     1.6991      8.243     5.4555     7.7965    238.000    243.644  0.000e+00
   56.00498 -133.80088    108.740     10.200     10.107    12.8645    31.5098  1023.7626    23.7170    12.8631     89.797    98.1153     1.6991      8.243     5.4553     7.7961    237.987    243.632  0.000e+00
   56.00498 -133.80088    108.796     10.257     10.163    12.8645    31.5100  1023.7630    23.7172    12.8631     89.795    98.1153     1.6991      8.243     5.4551     7.7959    237.982    243.627  0.000e+00
   56.00498 -133.80088    108.820     10.281     10.187    12.8649    31.5101  1023.7631    23.7171    12.8636     89.795    98.1153     1.6991      8.238     5.4551     7.7959    237.980    243.624  0.000e+00
   56.00498 -133.80088    108.852     10.313     10.219    12.8649    31.5107  1023.7637    23.7176    12.8636     89.797    98.1153     1.6991      8.243     5.4552     7.7960    237.984    243.628  0.000e+00
   56.00498 -133.80088    108.852     10.313     10.219    12.8656    31.5105  1023.7634    23.7173    12.8642     89.800    98.1153     1.6991      8.238     5.4553     7.7962    237.990    243.635  0.000e+00
   56.00498 -133.80088    108.884     10.346     10.251    12.8658    31.5109  1023.7639    23.7176    12.8644     89.806    98.1153     1.6991      8.243     5.4556     7.7967    238.004    243.649  0.000e+00
   56.00498 -133.80088    108.916     10.378     10.283    12.8661    31.5112  1023.7642    23.7178    12.8647     89.755    98.1153     1.6991      8.238     5.4525     7.7921    237.865    243.507  0.000e+00
   56.00498 -133.80088    108.972     10.435     10.339    12.8661    31.5111  1023.7644    23.7177    12.8647     89.755    98.1153     1.6991      8.243     5.4525     7.7922    237.867    243.508  0.000e+00
   56.00498 -133.80088    108.996     10.459     10.363    12.8656    31.5116  1023.7650    23.7182    12.8643     89.757    98.1713     1.7577      8.238     5.4527     7.7924    237.874    243.516  0.000e+00
   56.00498 -133.80088    108.947     10.435     10.339    12.8652    31.5112  1023.7646    23.7179    12.8639     89.756    98.1993     1.8456      8.238     5.4526     7.7924    237.873    243.514  0.000e+00
   56.00498 -133.80088    109.028     10.491     10.395    12.8645    31.5114  1023.7651    23.7183    12.8631     89.757    98.1993     1.8749      8.238     5.4528     7.7926    237.879    243.522  0.000e+00
   56.00498 -133.80088    109.060     10.523     10.427    12.8636    31.5112  1023.7653    23.7183    12.8622     89.760    98.1993     1.8749      8.243     5.4531     7.7930    237.891    243.534  0.000e+00
   56.00498 -133.80088    109.092     10.556     10.459    12.8629    31.5117  1023.7660    23.7188    12.8615     89.765    98.1993     1.8749      8.243     5.4534     7.7935    237.906    243.549  0.000e+00
   56.00498 -133.80088    109.148     10.612     10.515    12.8613    31.5125  1023.7672    23.7197    12.8599     89.771    98.1713     1.8749      8.243     5.4540     7.7943    237.930    243.574  0.000e+00
   56.00498 -133.80088    109.148     10.612     10.515    12.8591    31.5131  1023.7680    23.7206    12.8577     89.774    98.1993     1.8749      8.239     5.4544     7.7948    237.948    243.592  0.000e+00
   56.00498 -133.80088    109.172     10.636     10.539    12.8579    31.5122  1023.7677    23.7201    12.8565     89.779    98.1993     1.8749      8.243     5.4548     7.7955    237.967    243.612  0.000e+00
   56.00498 -133.80088    109.212     10.677     10.579    12.8564    31.5124  1023.7683    23.7206    12.8550     89.736    98.1993     1.8456      8.239     5.4524     7.7920    237.861    243.503  0.000e+00
   56.00498 -133.80088    109.212     10.677     10.579    12.8554    31.5124  1023.7685    23.7208    12.8540     89.739    98.1993     1.8749      8.239     5.4527     7.7924    237.874    243.516  0.000e+00
   56.00498 -133.80088    109.292     10.757     10.659    12.8546    31.5123  1023.7689    23.7208    12.8532     89.799    98.1993     1.8749      8.239     5.4564     7.7978    238.038    243.684  0.000e+00
   56.00498 -133.80088    109.268     10.733     10.635    12.8542    31.5124  1023.7690    23.7210    12.8528     89.756    98.1993     1.8749      8.243     5.4538     7.7941    237.924    243.568  0.000e+00
   56.00496 -133.80088    109.324     10.790     10.691    12.8544    31.5127  1023.7695    23.7212    12.8530     89.765    98.1993     1.8749      8.239     5.4543     7.7948    237.947    243.591  0.000e+00
   56.00496 -133.80088    109.356     10.822     10.723    12.8544    31.5125  1023.7694    23.7210    12.8530     89.830    98.1993     1.8456      8.239     5.4583     7.8004    238.119    243.767  0.000e+00
   56.00496 -133.80088    109.388     10.854     10.755    12.8544    31.5126  1023.7697    23.7212    12.8530     89.896    98.1993     1.8749      8.239     5.4623     7.8062    238.294    243.946  0.000e+00
   56.00496 -133.80088    109.444     10.911     10.811    12.8546    31.5128  1023.7700    23.7212    12.8531     89.859    98.1993     1.8749      8.239     5.4601     7.8030    238.196    243.847  0.000e+00
   56.00496 -133.80088    109.444     10.911     10.811    12.8548    31.5132  1023.7703    23.7215    12.8533     89.873    98.1993     1.8749      8.243     5.4609     7.8041    238.232    243.883  0.000e+00
   56.00496 -133.80088    109.468     10.935     10.835    12.8549    31.5131  1023.7703    23.7215    12.8535     89.884    98.1713     1.8749      8.243     5.4615     7.8051    238.259    243.911  0.000e+00
   56.00496 -133.80088    109.500     10.967     10.867    12.8540    31.5130  1023.7705    23.7215    12.8526     89.847    98.1713     1.8749      8.243     5.4593     7.8019    238.165    243.814  0.000e+00
   56.00496 -133.80088    109.564     11.032     10.931    12.8536    31.5129  1023.7709    23.7215    12.8521     89.856    98.1713     1.8163      8.243     5.4600     7.8028    238.192    243.842  0.000e+00
   56.00496 -133.80088    109.588     11.056     10.955    12.8534    31.5130  1023.7710    23.7216    12.8520     89.920    98.1993     1.8749      8.239     5.4639     7.8085    238.363    244.018  0.000e+00
   56.00496 -133.80088    109.564     11.032     10.931    12.8534    31.5128  1023.7708    23.7215    12.8520     89.931    98.2272     2.0508      8.243     5.4645     7.8094    238.392    244.047  0.000e+00
   56.00496 -133.80088    109.620     11.089     10.987    12.8527    31.5129  1023.7713    23.7217    12.8513     89.889    98.2272     2.1094      8.243     5.4621     7.8058    238.284    243.936  0.000e+00
   56.00496 -133.80088    109.708     11.177     11.075    12.8514    31.5131  1023.7721    23.7221    12.8499     89.898    98.2272     2.1094      8.239     5.4628     7.8069    238.315    243.968  0.000e+00
   56.00496 -133.80088    109.740     11.210     11.107    12.8498    31.5127  1023.7722    23.7221    12.8483     89.968    98.2272     2.1094      8.239     5.4672     7.8132    238.507    244.165  0.000e+00
   56.00496 -133.80088    109.740     11.210     11.107    12.8477    31.5134  1023.7731    23.7230    12.8462     89.983    98.2272     2.0801      8.243     5.4684     7.8148    238.558    244.217  0.000e+00
   56.00496 -133.80088    109.684     11.153     11.051    12.8462    31.5136  1023.7734    23.7235    12.8447     89.999    98.2272     2.1094      8.239     5.4695     7.8164    238.606    244.267  0.000e+00
   56.00496 -133.80088    109.940     11.412     11.307    12.8449    31.5141  1023.7752    23.7241    12.8434     90.014    98.2272     2.1094      8.239     5.4705     7.8180    238.653    244.314  0.000e+00
   56.00496 -133.80088    109.860     11.331     11.227    12.8440    31.5146  1023.7754    23.7247    12.8425     89.972    98.2272     2.0801      8.239     5.4681     7.8144    238.545    244.205  0.000e+00
   56.00496 -133.80088    109.860     11.331     11.227    12.8438    31.5145  1023.7753    23.7246    12.8423     89.982    98.2272     2.1094      8.239     5.4687     7.8153    238.571    244.231  0.000e+00
   56.00496 -133.80088    109.940     11.411     11.307    12.8434    31.5149  1023.7760    23.7250    12.8419     89.993    98.2272     2.0801      8.239     5.4694     7.8163    238.603    244.263  0.000e+00
   56.00496 -133.80088    109.860     11.331     11.227    12.8431    31.5151  1023.7759    23.7252    12.8416     89.999    98.2272     2.1094      8.243     5.4698     7.8169    238.619    244.280  0.000e+00
   56.00496 -133.80088    110.092     11.565     11.459    12.8433    31.5147  1023.7766    23.7249    12.8418     90.009    98.2272     2.0508      8.243     5.4704     7.8177    238.645    244.307  0.000e+00
   56.00496 -133.80088    110.036     11.508     11.403    12.8433    31.5145  1023.7762    23.7248    12.8418     90.071    98.2272     2.1094      8.239     5.4741     7.8231    238.809    244.475  0.000e+00
   56.00496 -133.80088    110.060     11.533     11.427    12.8433    31.5148  1023.7766    23.7250    12.8418     90.084    98.2272     2.1094      8.239     5.4750     7.8243    238.845    244.511  0.000e+00
   56.00496 -133.80088    110.156     11.630     11.523    12.8433    31.5148  1023.7770    23.7250    12.8418     90.149    98.2272     2.0801      8.239     5.4789     7.8299    239.016    244.687  0.000e+00
   56.00496 -133.80088    110.156     11.629     11.523    12.8442    31.5151  1023.7770    23.7251    12.8426     90.163    98.2272     2.1094      8.239     5.4796     7.8309    239.048    244.720  0.000e+00
   56.00496 -133.80088    110.236     11.710     11.603    12.8460    31.5159  1023.7777    23.7253    12.8444     90.123    98.2272     2.0508      8.239     5.4770     7.8272    238.933    244.602  0.000e+00
   56.00496 -133.80088    110.187     11.686     11.579    12.8443    31.5181  1023.7796    23.7274    12.8428     90.133    98.2272     2.0801      8.239     5.4777     7.8282    238.964    244.634  0.000e+00
   56.00496 -133.80088    110.268     11.743     11.635    12.8418    31.5195  1023.7814    23.7289    12.8403     90.139    98.2272     2.0801      8.239     5.4783     7.8290    238.990    244.661  0.000e+00
   56.00496 -133.80088    110.268     11.743     11.635    12.8376    31.5219  1023.7841    23.7316    12.8360     90.145    98.2552     2.0508      8.239     5.4791     7.8301    239.022    244.695  0.000e+00
   56.00496 -133.80088    110.356     11.831     11.723    12.8320    31.5232  1023.7866    23.7337    12.8304     90.152    98.3391     1.7577      8.239     5.4801     7.8316    239.067    244.741  0.000e+00
   56.00496 -133.80088    110.388     11.864     11.755    12.8272    31.5245  1023.7886    23.7356    12.8257     90.159    98.3671     1.5819      8.239     5.4810     7.8329    239.106    244.781  0.000e+00
   56.00496 -133.80088    110.444     11.920     11.811    12.8223    31.5266  1023.7915    23.7382    12.8208     90.166    98.3671     1.5233      8.239     5.4819     7.8342    239.145    244.822  0.000e+00
   56.00496 -133.80088    110.476     11.952     11.843    12.8179    31.5280  1023.7935    23.7401    12.8163     90.119    98.3671     1.5233      8.239     5.4795     7.8308    239.040    244.715  0.000e+00
   56.00496 -133.80088    110.444     11.920     11.811    12.8141    31.5294  1023.7952    23.7419    12.8126     90.175    98.3671     1.5819      8.239     5.4833     7.8362    239.205    244.884  0.000e+00
   56.00496 -133.80088    110.564     12.041     11.931    12.8046    31.5331  1023.8004    23.7466    12.8031     90.184    98.3671     1.5819      8.239     5.4848     7.8383    239.270    244.952  0.000e+00
   56.00496 -133.80088    110.564     12.041     11.931    12.7891    31.5372  1023.8066    23.7528    12.7875     90.188    98.3671     1.5819      8.239     5.4867     7.8410    239.349    245.035  0.000e+00
   56.00496 -133.80088    110.596     12.074     11.963    12.7724    31.5401  1023.8122    23.7582    12.7708     90.192    98.3671     1.5526      8.239     5.4887     7.8439    239.437    245.126  0.000e+00
   56.00496 -133.80088    110.684     12.162     12.051    12.7549    31.5396  1023.8156    23.7612    12.7533     90.197    98.3671     1.5526      8.239     5.4910     7.8472    239.537    245.229  0.000e+00
   56.00496 -133.80088    110.684     12.162     12.051    12.7414    31.5416  1023.8197    23.7654    12.7398     90.200    98.3671     1.5233      8.239     5.4927     7.8496    239.610    245.304  0.000e+00
   56.00496 -133.80088    110.708     12.187     12.075    12.7320    31.5459  1023.8249    23.7704    12.7304     90.203    98.3671     1.5526      8.239     5.4938     7.8512    239.658    245.355  0.000e+00
   56.00496 -133.80088    110.715     12.219     12.107    12.7265    31.5469  1023.8269    23.7723    12.7249     90.206    98.3671     1.5526      8.239     5.4946     7.8523    239.691    245.389  0.000e+00
   56.00496 -133.80088    110.860     12.340     12.227    12.7220    31.5475  1023.8288    23.7736    12.7204     90.210    98.3671     1.5819      8.239     5.4953     7.8534    239.723    245.422  0.000e+00
   56.00496 -133.80088    110.804     12.284     12.171    12.7182    31.5478  1023.8295    23.7746    12.7166     90.158    98.3671     1.5819      8.239     5.4926     7.8494    239.602    245.298  0.000e+00
   56.00496 -133.80088    110.892     12.372     12.259    12.7146    31.5477  1023.8305    23.7752    12.7130     90.157    98.3671     1.5233      8.239     5.4929     7.8499    239.617    245.314  0.000e+00
   56.00496 -133.80088    110.924     12.405     12.291    12.7099    31.5489  1023.8325    23.7770    12.7083     90.155    98.3671     1.5819      8.239     5.4933     7.8505    239.634    245.332  0.000e+00
   56.00496 -133.80088    110.980     12.461     12.347    12.7068    31.5488  1023.8333    23.7776    12.7052     90.149    98.3671     1.5233      8.239     5.4933     7.8505    239.634    245.332  0.000e+00
   56.00496 -133.80088    110.980     12.461     12.347    12.7037    31.5490  1023.8340    23.7783    12.7021     90.143    98.3671     1.5819      8.234     5.4933     7.8504    239.631    245.329  0.000e+00
   56.00496 -133.80088    111.004     12.485     12.371    12.7016    31.5491  1023.8346    23.7788    12.7000     90.141    98.3671     1.5819      8.234     5.4934     7.8506    239.638    245.336  0.000e+00
   56.00496 -133.80090    111.100     12.582     12.467    12.6979    31.5494  1023.8360    23.7797    12.6963     90.136    98.3671     1.5233      8.235     5.4935     7.8508    239.641    245.340  0.000e+00
