EcoFOCI/data/1_SampleCollection/2022_GOA-OA_CruiseData/CTD_raw_BottleFile_RC0083/RC0083_148.cnv
* Sea-Bird SBE 9 Data File:
* FileName = C:\Data\RC0083ctd\RC0083_148.hex
* Software Version Seasave V 7.26.7.107
* Temperature SN = 2060
* Conductivity SN = 2881
* Number of Bytes Per Scan = 31
* Number of Voltage Words = 4
* Number of Scans Averaged by the Deck Unit = 1
* NMEA Latitude = 54 56.05 N
* NMEA Longitude = 131 03.67 W
* NMEA UTC (Time) = Aug 28 2022  20:53:48
* NMEA baud rate = 4800
** Ship: R/V Rachel Carson
** Cruise ID: RC0083
** Tech: McHugh/Nomura
** Chief Scientist: Cross
** Station: RC3
** Cast:  CTD148
# nquan = 19
# nvalues = 17428                                 
# units = specified
# name 0 = latitude: Latitude [deg]
# name 1 = longitude: Longitude [deg]
# name 2 = sfdSM: Seafloor depth [salt water, m]
# name 3 = prDM: Pressure, Digiquartz [db]
# name 4 = depSM: Depth [salt water, m]
# name 5 = t090C: Temperature [ITS-90, deg C]
# name 6 = sal00: Salinity, Practical [PSU]
# name 7 = density00: Density [density, kg/m^3]
# name 8 = sigma-é00: Density [sigma-theta, kg/m^3]
# name 9 = potemp090C: Potential Temperature [ITS-90, deg C]
# name 10 = sbeox0PS: Oxygen, SBE 43 [% saturation]
# name 11 = CStarTr0: Beam Transmission, WET Labs C-Star [%]
# name 12 = flECO-AFL: Fluorescence, WET Labs ECO-AFL/FL [mg/m^3]
# name 13 = ph: pH
# name 14 = sbeox0ML/L: Oxygen, SBE 43 [ml/l]
# name 15 = sbeox0Mg/L: Oxygen, SBE 43 [mg/l]
# name 16 = sbox0Mm/Kg: Oxygen, SBE 43 [umol/kg]
# name 17 = sbeox0Mm/L: Oxygen, SBE 43 [umol/l]
# name 18 = flag:  0.000e+00
# span 0 =   54.93412,   54.93888                 
# span 1 = -131.06158, -131.06122                 
# span 2 =     29.623,    317.817                 
# span 3 =      2.000,    228.369                 
# span 4 =      1.982,    226.187                 
# span 5 =     5.8962,    13.8517                 
# span 6 =    27.1484,    33.4466                 
# span 7 =  1020.1719,  1027.3907                 
# span 8 =    20.1583,    26.3404                 
# span 9 =     5.8772,    13.8513                 
# span 10 =     25.739,     96.563                
# span 11 =    84.4105,   103.7091                
# span 12 =    -0.1177,     5.7431                
# span 13 =      7.686,      8.356                
# span 14 =     1.8009,     5.9067                
# span 15 =     2.5737,     8.4412                
# span 16 =     78.366,    258.577                
# span 17 =     80.430,    263.792                
# span 18 = 0.0000e+00, 0.0000e+00                
# interval = seconds: 0.0416667
# start_time = Aug 28 2022 20:53:48 [NMEA time, header]
# bad_flag = -9.990e-29
*END*
[from data line 5258]
   54.93552 -131.06146    236.472    139.262    137.961     6.1641    33.1701  1026.7286    26.0878     6.1524     29.869   102.3666    -0.0884      7.705     2.0808     2.9737     90.566     92.928  0.000e+00
   54.93552 -131.06146    236.536    139.327    138.025     6.1641    33.1706  1026.7293    26.0882     6.1524     29.873   102.3666    -0.0884      7.710     2.0811     2.9740     90.577     92.940  0.000e+00
   54.93552 -131.06146    236.560    139.327    138.025     6.1641    33.1702  1026.7290    26.0879     6.1524     29.884   102.3387    -0.0884      7.705     2.0819     2.9752     90.612     92.976  0.000e+00
   54.93552 -131.06146    236.616    139.384    138.082     6.1641    33.1698  1026.7289    26.0876     6.1524     29.890   102.3107    -0.0884      7.710     2.0822     2.9757     90.628     92.993  0.000e+00
   54.93552 -131.06146    236.560    139.327    138.025     6.1640    33.1704  1026.7291    26.0881     6.1523     29.895   102.1988    -0.0884      7.705     2.0826     2.9763     90.645     93.009  0.000e+00
   54.93552 -131.06146    236.616    139.384    138.082     6.1641    33.1704  1026.7294    26.0880     6.1524     29.894   102.1709    -0.0884      7.710     2.0826     2.9762     90.642     93.007  0.000e+00
   54.93552 -131.06146    236.536    139.327    138.025     6.1641    33.1701  1026.7289    26.0878     6.1524     29.894   102.1709    -0.0884      7.705     2.0825     2.9761     90.640     93.005  0.000e+00
   54.93552 -131.06146    236.616    139.384    138.082     6.1642    33.1702  1026.7292    26.0878     6.1525     29.894   102.1709    -0.0884      7.705     2.0825     2.9761     90.640     93.004  0.000e+00
   54.93552 -131.06146    236.672    139.441    138.138     6.1640    33.1699  1026.7293    26.0877     6.1523     29.894   102.1709    -0.0884      7.705     2.0825     2.9761     90.641     93.006  0.000e+00
   54.93552 -131.06146    236.648    139.441    138.138     6.1641    33.1700  1026.7293    26.0877     6.1524     29.894   102.1709    -0.0884      7.710     2.0825     2.9762     90.642     93.006  0.000e+00
   54.93552 -131.06146    236.672    139.441    138.138     6.1641    33.1700  1026.7293    26.0877     6.1524     29.895   102.1709    -0.0884      7.710     2.0826     2.9762     90.643     93.008  0.000e+00
   54.93552 -131.06146    236.672    139.441    138.138     6.1642    33.1696  1026.7290    26.0874     6.1525     29.895   102.1709    -0.0884      7.710     2.0826     2.9763     90.646     93.011  0.000e+00
   54.93552 -131.06146    236.737    139.505    138.202     6.1642    33.1695  1026.7292    26.0873     6.1525     29.897   102.1709    -0.0884      7.710     2.0827     2.9764     90.650     93.015  0.000e+00
   54.93552 -131.06146    236.737    139.505    138.202     6.1641    33.1701  1026.7297    26.0878     6.1524     29.847   102.1709    -0.0591      7.710     2.0793     2.9715     90.500     92.861  0.000e+00
   54.93552 -131.06146    236.712    139.505    138.202     6.1644    33.1708  1026.7303    26.0884     6.1527     29.850   102.1709    -0.0591      7.710     2.0794     2.9717     90.507     92.868  0.000e+00
   54.93552 -131.06146    236.768    139.562    138.258     6.1642    33.1714  1026.7310    26.0888     6.1525     29.854   102.1709    -0.0591      7.710     2.0797     2.9721     90.518     92.879  0.000e+00
   54.93554 -131.06146    236.793    139.562    138.258     6.1642    33.1720  1026.7315    26.0893     6.1525     29.858   102.1709    -0.0591      7.710     2.0800     2.9725     90.530     92.892  0.000e+00
   54.93554 -131.06146    236.832    139.627    138.322     6.1642    33.1724  1026.7321    26.0896     6.1525     29.856   102.1709    -0.0591      7.710     2.0799     2.9723     90.525     92.887  0.000e+00
   54.93554 -131.06146    236.793    139.562    138.258     6.1642    33.1728  1026.7321    26.0899     6.1525     29.854   102.1709    -0.0591      7.710     2.0797     2.9722     90.520     92.881  0.000e+00
   54.93554 -131.06146    236.889    139.683    138.378     6.1641    33.1729  1026.7328    26.0900     6.1524     29.912   102.1709    -0.0591      7.710     2.0838     2.9779     90.694     93.060  0.000e+00
   54.93554 -131.06146    237.009    139.805    138.498     6.1642    33.1727  1026.7331    26.0899     6.1525     29.919   102.1709    -0.0591      7.710     2.0842     2.9786     90.714     93.081  0.000e+00
   54.93554 -131.06146    236.969    139.740    138.434     6.1642    33.1732  1026.7332    26.0903     6.1525     29.925   102.1709    -0.0591      7.705     2.0846     2.9792     90.733     93.100  0.000e+00
   54.93554 -131.06146    236.969    139.740    138.434     6.1644    33.1733  1026.7333    26.0903     6.1527     29.932   102.1709    -0.0591      7.710     2.0851     2.9798     90.753     93.121  0.000e+00
   54.93554 -131.06146    237.009    139.805    138.498     6.1642    33.1734  1026.7337    26.0904     6.1525     29.932   102.1709    -0.0591      7.710     2.0851     2.9799     90.754     93.122  0.000e+00
   54.93554 -131.06146    237.089    139.861    138.554     6.1642    33.1734  1026.7339    26.0904     6.1525     29.932   102.1988    -0.0591      7.710     2.0852     2.9799     90.755     93.123  0.000e+00
   54.93554 -131.06146    237.089    139.861    138.554     6.1642    33.1736  1026.7341    26.0906     6.1525     29.874   102.1988    -0.0591      7.710     2.0811     2.9741     90.579     92.943  0.000e+00
   54.93554 -131.06146    237.153    139.926    138.619     6.1641    33.1741  1026.7348    26.0910     6.1524     29.868   102.1988    -0.0591      7.710     2.0807     2.9735     90.560     92.923  0.000e+00
   54.93554 -131.06146    237.153    139.926    138.619     6.1642    33.1743  1026.7349    26.0911     6.1525     29.862   102.1988    -0.0591      7.710     2.0802     2.9729     90.541     92.903  0.000e+00
   54.93554 -131.06146    237.210    139.983    138.675     6.1645    33.1743  1026.7352    26.0911     6.1527     29.856   102.1988    -0.0591      7.705     2.0798     2.9723     90.523     92.885  0.000e+00
   54.93554 -131.06146    237.241    140.039    138.731     6.1640    33.1751  1026.7362    26.0918     6.1522     29.851   102.1988    -0.0591      7.710     2.0795     2.9718     90.507     92.869  0.000e+00
   54.93554 -131.06146    237.241    140.039    138.731     6.1641    33.1751  1026.7361    26.0918     6.1523     29.787   102.1988    -0.0591      7.710     2.0750     2.9654     90.315     92.671  0.000e+00
   54.93554 -131.06146    237.386    140.161    138.851     6.1642    33.1749  1026.7365    26.0916     6.1525     29.776   102.1988    -0.0591      7.705     2.0743     2.9643     90.281     92.636  0.000e+00
   54.93554 -131.06146    237.330    140.104    138.795     6.1641    33.1753  1026.7366    26.0919     6.1523     29.765   102.1988    -0.0591      7.710     2.0735     2.9632     90.247     92.601  0.000e+00
   54.93554 -131.06146    237.450    140.226    138.915     6.1641    33.1756  1026.7374    26.0921     6.1523     29.820   102.1988    -0.0591      7.705     2.0773     2.9687     90.413     92.772  0.000e+00
   54.93554 -131.06146    237.506    140.282    138.971     6.1641    33.1759  1026.7379    26.0924     6.1523     29.882   102.1988    -0.0591      7.710     2.0816     2.9748     90.601     92.965  0.000e+00
   54.93554 -131.06146    237.506    140.282    138.971     6.1641    33.1767  1026.7385    26.0930     6.1523     29.835   102.1988    -0.0591      7.710     2.0783     2.9702     90.459     92.819  0.000e+00
   54.93554 -131.06146    237.562    140.339    139.027     6.1641    33.1769  1026.7390    26.0932     6.1523     29.840   102.1988    -0.0591      7.710     2.0787     2.9707     90.474     92.834  0.000e+00
   54.93554 -131.06146    237.538    140.339    139.027     6.1641    33.1777  1026.7395    26.0938     6.1523     29.846   102.1988    -0.0591      7.710     2.0791     2.9712     90.490     92.851  0.000e+00
   54.93554 -131.06146    237.658    140.460    139.148     6.1641    33.1776  1026.7401    26.0938     6.1523     29.787   102.1988    -0.0591      7.710     2.0750     2.9654     90.312     92.669  0.000e+00
   54.93554 -131.06146    237.682    140.460    139.148     6.1641    33.1778  1026.7402    26.0939     6.1523     29.837   102.1988    -0.0591      7.710     2.0785     2.9704     90.465     92.826  0.000e+00
   54.93554 -131.06146    237.722    140.525    139.212     6.1641    33.1776  1026.7403    26.0937     6.1523     29.837   102.1988    -0.0591      7.710     2.0785     2.9704     90.465     92.826  0.000e+00
   54.93554 -131.06146    237.778    140.582    139.268     6.1641    33.1785  1026.7413    26.0945     6.1523     29.787   102.1988    -0.0591      7.710     2.0750     2.9653     90.311     92.668  0.000e+00
   54.93554 -131.06146    237.923    140.703    139.388     6.1641    33.1788  1026.7421    26.0947     6.1523     29.846   102.1988    -0.0591      7.710     2.0791     2.9712     90.491     92.853  0.000e+00
   54.93554 -131.06146    237.859    140.638    139.324     6.1641    33.1796  1026.7424    26.0953     6.1523     29.848   102.1988    -0.0591      7.710     2.0792     2.9713     90.494     92.856  0.000e+00
   54.93554 -131.06146    237.979    140.760    139.444     6.1637    33.1806  1026.7438    26.0962     6.1519     29.850   102.1429    -0.0591      7.710     2.0793     2.9716     90.501     92.863  0.000e+00
   54.93554 -131.06146    237.979    140.760    139.444     6.1633    33.1810  1026.7442    26.0965     6.1515     29.852   102.1149    -0.0591      7.705     2.0795     2.9718     90.508     92.870  0.000e+00
   54.93554 -131.06146    238.099    140.881    139.565     6.1634    33.1807  1026.7445    26.0963     6.1516     29.854   102.1149    -0.0591      7.710     2.0797     2.9721     90.516     92.878  0.000e+00
   54.93554 -131.06146    238.075    140.881    139.565     6.1632    33.1820  1026.7456    26.0973     6.1513     29.792   102.1149    -0.0591      7.710     2.0753     2.9658     90.326     92.684  0.000e+00
   54.93554 -131.06146    238.155    140.938    139.621     6.1633    33.1816  1026.7455    26.0970     6.1515     29.788   102.1149    -0.0591      7.710     2.0751     2.9655     90.315     92.672  0.000e+00
   54.93554 -131.06146    238.220    141.003    139.685     6.1633    33.1809  1026.7452    26.0965     6.1515     29.785   102.1149    -0.0591      7.710     2.0748     2.9652     90.306     92.663  0.000e+00
   54.93554 -131.06146    238.276    141.059    139.741     6.1636    33.1805  1026.7451    26.0961     6.1518     29.840   102.1149    -0.0591      7.710     2.0787     2.9707     90.473     92.834  0.000e+00
   54.93554 -131.06146    238.276    141.059    139.741     6.1633    33.1808  1026.7454    26.0963     6.1515     29.787   102.1149    -0.0591      7.710     2.0750     2.9653     90.311     92.668  0.000e+00
   54.93554 -131.06146    238.396    141.181    139.861     6.1633    33.1817  1026.7467    26.0971     6.1515     29.785   102.1149    -0.0591      7.710     2.0748     2.9652     90.306     92.662  0.000e+00
   54.93554 -131.06146    238.371    141.181    139.861     6.1633    33.1823  1026.7471    26.0975     6.1515     29.726   102.1149    -0.0591      7.710     2.0707     2.9592     90.125     92.477  0.000e+00
   54.93554 -131.06146    238.428    141.237    139.917     6.1630    33.1828  1026.7479    26.0980     6.1512     29.777   102.1149    -0.0591      7.710     2.0742     2.9643     90.280     92.636  0.000e+00
   54.93554 -131.06146    238.452    141.237    139.917     6.1628    33.1834  1026.7483    26.0985     6.1509     29.777   102.1149    -0.0591      7.710     2.0742     2.9643     90.280     92.636  0.000e+00
   54.93554 -131.06146    238.548    141.359    140.037     6.1628    33.1831  1026.7487    26.0983     6.1509     29.778   102.1149    -0.0591      7.710     2.0743     2.9644     90.283     92.639  0.000e+00
   54.93554 -131.06146    238.572    141.359    140.037     6.1627    33.1835  1026.7490    26.0986     6.1508     29.779   102.1429    -0.0591      7.710     2.0744     2.9645     90.287     92.643  0.000e+00
   54.93554 -131.06146    238.628    141.416    140.094     6.1627    33.1832  1026.7491    26.0984     6.1508     29.781   102.1149    -0.0591      7.710     2.0745     2.9647     90.293     92.649  0.000e+00
   54.93554 -131.06146    238.692    141.480    140.158     6.1627    33.1837  1026.7497    26.0987     6.1508     29.725   102.1429    -0.0591      7.710     2.0707     2.9592     90.124     92.476  0.000e+00
   54.93554 -131.06146    238.749    141.537    140.214     6.1624    33.1843  1026.7505    26.0993     6.1505     29.722   102.1149    -0.0591      7.710     2.0704     2.9589     90.114     92.466  0.000e+00
   54.93554 -131.06146    238.692    141.480    140.158     6.1623    33.1845  1026.7504    26.0994     6.1504     29.777   102.1149    -0.0591      7.710     2.0743     2.9643     90.280     92.637  0.000e+00
   54.93554 -131.06146    238.805    141.594    140.270     6.1619    33.1846  1026.7511    26.0996     6.1500     29.717   102.1149    -0.0591      7.710     2.0701     2.9584     90.099     92.451  0.000e+00
   54.93554 -131.06146    238.844    141.658    140.334     6.1615    33.1851  1026.7518    26.1000     6.1496     29.708   102.1149    -0.0591      7.710     2.0695     2.9576     90.074     92.425  0.000e+00
   54.93554 -131.06146    238.869    141.658    140.334     6.1614    33.1856  1026.7522    26.1004     6.1495     29.700   102.0590    -0.0591      7.710     2.0689     2.9567     90.049     92.399  0.000e+00
   54.93554 -131.06146    238.925    141.715    140.390     6.1614    33.1855  1026.7523    26.1003     6.1495     29.751   102.0030    -0.0591      7.710     2.0725     2.9618     90.202     92.556  0.000e+00
   54.93554 -131.06146    238.901    141.715    140.390     6.1612    33.1855  1026.7524    26.1003     6.1493     29.750   102.0030    -0.0591      7.710     2.0724     2.9617     90.201     92.555  0.000e+00
   54.93554 -131.06146    238.965    141.780    140.454     6.1609    33.1860  1026.7531    26.1008     6.1490     29.692   102.0030    -0.0591      7.710     2.0684     2.9560     90.025     92.375  0.000e+00
   54.93554 -131.06146    239.021    141.836    140.510     6.1611    33.1861  1026.7534    26.1008     6.1492     29.693   102.0030    -0.0591      7.710     2.0685     2.9560     90.027     92.377  0.000e+00
   54.93554 -131.06146    238.965    141.780    140.454     6.1611    33.1860  1026.7531    26.1008     6.1492     29.694   102.0030    -0.0591      7.710     2.0685     2.9561     90.031     92.381  0.000e+00
   54.93554 -131.06146    239.045    141.836    140.510     6.1611    33.1861  1026.7534    26.1008     6.1492     29.696   102.0030    -0.0591      7.710     2.0687     2.9564     90.038     92.388  0.000e+00
   54.93554 -131.06146    239.077    141.893    140.566     6.1609    33.1861  1026.7538    26.1009     6.1489     29.700   102.0030    -0.0591      7.710     2.0690     2.9567     90.049     92.399  0.000e+00
   54.93554 -131.06146    239.165    141.958    140.631     6.1604    33.1869  1026.7547    26.1016     6.1485     29.762   102.0030    -0.0591      7.710     2.0733     2.9629     90.238     92.593  0.000e+00
   54.93554 -131.06146    239.109    141.901    140.575     6.1604    33.1866  1026.7542    26.1013     6.1485     29.773   102.0030    -0.0591      7.710     2.0741     2.9641     90.272     92.628  0.000e+00
   54.93554 -131.06146    239.165    141.958    140.631     6.1607    33.1862  1026.7541    26.1010     6.1488     29.778   102.0030    -0.0884      7.710     2.0744     2.9645     90.287     92.643  0.000e+00
