EcoFOCI/data/1_SampleCollection/2022_GOA-OA_CruiseData/CTD_raw_BottleFile_RC0083/RC0083_032.ros
* Sea-Bird SBE 9 Data File:
* FileName = C:\Data\RC0083ctd\RC0083_032.hex
* Software Version Seasave V 7.26.7.107
* Temperature SN = 2060
* Conductivity SN = 1084
* Number of Bytes Per Scan = 31
* Number of Voltage Words = 4
* Number of Scans Averaged by the Deck Unit = 1
* NMEA Latitude = 58 33.82 N
* NMEA Longitude = 135 07.12 W
* NMEA UTC (Time) = Aug 18 2022  03:14:58
* NMEA baud rate = 4800
** Ship: R/V Rachel Carson
** Cruise ID: RC0083
** Tech: McHugh/Nomura
** Chief Scientist: Cross
** Station: JH3
** Cast:  CTD032
# nquan = 21
# nvalues = 196                                   
# units = specified
# name 0 = latitude: Latitude [deg]
# name 1 = longitude: Longitude [deg]
# name 2 = sfdSM: Seafloor depth [salt water, m]
# name 3 = prDM: Pressure, Digiquartz [db]
# name 4 = depSM: Depth [salt water, m]
# name 5 = t090C: Temperature [ITS-90, deg C]
# name 6 = sal00: Salinity, Practical [PSU]
# name 7 = density00: Density [density, kg/m^3]
# name 8 = sigma-é00: Density [sigma-theta, kg/m^3]
# name 9 = potemp090C: Potential Temperature [ITS-90, deg C]
# name 10 = sbeox0PS: Oxygen, SBE 43 [% saturation]
# name 11 = CStarTr0: Beam Transmission, WET Labs C-Star [%]
# name 12 = flECO-AFL: Fluorescence, WET Labs ECO-AFL/FL [mg/m^3]
# name 13 = ph: pH
# name 14 = sbeox0ML/L: Oxygen, SBE 43 [ml/l]
# name 15 = sbeox0Mg/L: Oxygen, SBE 43 [mg/l]
# name 16 = sbox0Mm/Kg: Oxygen, SBE 43 [umol/kg]
# name 17 = sbeox0Mm/L: Oxygen, SBE 43 [umol/l]
# name 18 = scan: Scan Count
# name 19 = nbf: Bottles Fired
# name 20 = flag:  0.000e+00
# interval = seconds: 0.0416667
# start_time = Aug 18 2022 03:14:58 [NMEA time, header]
# bad_flag = -9.990e-29
*END*
[from data line 138]
   58.56468 -135.11926     81.575     24.565     24.334     8.6807    30.0390  1023.3961    23.2838     8.6783     78.102    99.1502     0.4390      8.052     5.2426     7.4922    228.808    234.136      10548          3  0.000e+00
   58.56468 -135.11926     82.217     24.621     24.390     8.6781    30.0411  1023.3983    23.2858     8.6757     78.100    99.1502     0.4390      8.052     5.2427     7.4924    228.813    234.141      10549          3  0.000e+00
   58.56468 -135.11926     83.072     24.621     24.390     8.6778    30.0413  1023.3986    23.2860     8.6754     78.096    99.1502     0.4390      8.052     5.2425     7.4920    228.802    234.130      10550          3  0.000e+00
   58.56468 -135.11926     83.235     24.565     24.334     8.6757    30.0429  1023.3999    23.2876     8.6733     78.097    99.1502     0.4390      8.052     5.2428     7.4924    228.813    234.142      10551          3  0.000e+00
   58.56468 -135.11926     83.211     24.565     24.334     8.6739    30.0443  1023.4013    23.2890     8.6715     78.097    99.1502     0.4390      8.052     5.2430     7.4927    228.822    234.151      10552          3  0.000e+00
   58.56468 -135.11926     83.282     24.686     24.454     8.6721    30.0458  1023.4032    23.2904     8.6697     78.098    99.1502     0.4390      8.052     5.2432     7.4930    228.830    234.160      10553          3  0.000e+00
   58.56468 -135.11926     83.162     24.565     24.334     8.6709    30.0465  1023.4034    23.2911     8.6685     78.088    99.1502     0.4390      8.052     5.2426     7.4922    228.806    234.135      10554          3  0.000e+00
   58.56468 -135.11926     83.218     24.621     24.390     8.6701    30.0470  1023.4041    23.2916     8.6677     78.078    99.1502     0.4390      8.052     5.2420     7.4914    228.780    234.109      10555          3  0.000e+00
   58.56468 -135.11926     83.162     24.565     24.334     8.6705    30.0463  1023.4033    23.2910     8.6681     78.128    99.1502     0.4390      8.052     5.2453     7.4961    228.924    234.256      10556          3  0.000e+00
   58.56504 -135.11962    101.676      3.122      3.092    12.5097    18.5850  1013.8107    13.7964    12.5094    107.886    81.8094     1.2009      8.381     7.1601    10.2325    315.419    319.771      12319          4  0.000e+00
   58.56504 -135.11962    102.333      3.760      3.725    12.5081    18.5839  1013.8131    13.7959    12.5077    107.895    81.8374     1.2009      8.381     7.1610    10.2338    315.458    319.810      12320          4  0.000e+00
   58.56504 -135.11962    101.965      3.364      3.333    12.5084    18.5734  1013.8031    13.7877    12.5080    107.889    81.8374     1.2009      8.381     7.1611    10.2339    315.463    319.813      12321          4  0.000e+00
   58.56504 -135.11962    101.885      3.283      3.252    12.4992    18.7053  1013.9060    13.8910    12.4988    107.835    81.8374     1.2009      8.381     7.1530    10.2223    315.075    319.452      12322          4  0.000e+00
   58.56504 -135.11962    102.085      3.485      3.453    12.4681    18.9910  1014.1324    14.1165    12.4677    107.828    81.8094     1.2009      8.381     7.1446    10.2103    314.634    319.076      12323          4  0.000e+00
   58.56504 -135.11962    102.005      3.404      3.372    12.4387    19.2585  1014.3432    14.3276    12.4383    107.818    81.8374     1.2009      8.382     7.1364    10.1986    314.210    318.712      12324          4  0.000e+00
   58.56504 -135.11962    102.141      3.542      3.508    12.4241    19.3830  1014.4422    14.4261    12.4237    107.808    81.8374     1.2009      8.382     7.1325    10.1930    314.006    318.536      12325          4  0.000e+00
   58.56504 -135.11962    101.821      3.218      3.188    12.4235    19.3833  1014.4411    14.4264    12.4231    107.738    81.8374     1.2009      8.382     7.1279    10.1865    313.805    318.332      12326          4  0.000e+00
   58.56504 -135.11962    102.021      3.420      3.388    12.4275    19.3370  1014.4057    14.3901    12.4271    107.722    81.8094     1.2009      8.382     7.1283    10.1870    313.834    318.350      12327          4  0.000e+00
   58.56504 -135.11962    102.005      3.404      3.372    12.4304    19.3079  1014.3827    14.3671    12.4300    107.703    81.8374     1.2009      8.382     7.1279    10.1865    313.823    318.332      12328          4  0.000e+00
   58.56504 -135.11962    102.005      3.404      3.372    12.4306    19.3142  1014.3875    14.3719    12.4302    107.685    82.0052     1.2009      8.377     7.1264    10.1843    313.755    318.264      12329          4  0.000e+00
   58.56504 -135.11962    102.021      3.420      3.388    12.4271    19.3585  1014.4223    14.4067    12.4268    107.614    82.3129     1.2009      8.382     7.1202    10.1755    313.473    317.989      12330          4  0.000e+00
   58.56504 -135.11962    102.005      3.404      3.372    12.4226    19.4156  1014.4670    14.4515    12.4222    107.590    82.3968     1.1716      8.382     7.1168    10.1706    313.309    317.837      12331          4  0.000e+00
   58.56504 -135.11962    101.965      3.364      3.332    12.4174    19.5050  1014.5367    14.5213    12.4171    107.567    82.3968     1.1716      8.377     7.1121    10.1638    313.078    317.625      12332          4  0.000e+00
   58.56504 -135.11962    102.005      3.404      3.372    12.4053    19.6452  1014.6470    14.6315    12.4049    107.545    82.3688     1.1716      8.382     7.1062    10.1555    312.789    317.365      12333          4  0.000e+00
   58.56504 -135.11962    102.021      3.420      3.388    12.3914    19.7694  1014.7452    14.7296    12.3910    107.523    82.3688     1.1716      8.382     7.1014    10.1486    312.545    317.149      12334          4  0.000e+00
   58.56504 -135.11962    102.005      3.404      3.372    12.3797    19.8601  1014.8171    14.8016    12.3793    107.448    82.3688     1.1716      8.382     7.0942    10.1383    312.205    316.826      12335          4  0.000e+00
   58.56504 -135.11962    102.021      3.420      3.388    12.3709    19.9267  1014.8700    14.8544    12.3705    107.421    82.3688     1.1716      8.382     7.0908    10.1334    312.039    316.674      12336          4  0.000e+00
   58.56504 -135.11962    102.005      3.404      3.372    12.3648    19.9897  1014.9195    14.9040    12.3644    107.394    82.3688     1.1716      8.377     7.0871    10.1282    311.862    316.510      12337          4  0.000e+00
   58.56504 -135.11962    102.005      3.404      3.372    12.3571    20.0555  1014.9716    14.9561    12.3568    107.373    82.3688     1.1716      8.377     7.0840    10.1237    311.709    316.371      12338          4  0.000e+00
   58.56504 -135.11962    102.021      3.420      3.388    12.3530    20.0926  1015.0010    14.9854    12.3526    107.300    82.3688     1.1716      8.382     7.0781    10.1154    311.443    316.110      12339          4  0.000e+00
   58.56504 -135.11962    101.941      3.340      3.308    12.3503    20.1140  1015.0176    15.0023    12.3500    107.274    82.3688     1.1716      8.377     7.0759    10.1121    311.338    316.009      12340          4  0.000e+00
   58.56504 -135.11962    102.021      3.420      3.388    12.3480    20.1404  1015.0387    15.0231    12.3476    107.251    82.3688     1.1716      8.377     7.0735    10.1088    311.229    315.905      12341          4  0.000e+00
   58.56504 -135.11962    102.005      3.404      3.372    12.3467    20.1724  1015.0636    15.0480    12.3463    107.180    82.3688     1.1716      8.377     7.0676    10.1004    310.962    315.641      12342          4  0.000e+00
   58.56504 -135.11962    101.965      3.364      3.332    12.3438    20.2057  1015.0895    15.0742    12.3434    107.104    82.3688     1.1716      8.377     7.0616    10.0918    310.690    315.373      12343          4  0.000e+00
   58.56504 -135.11962    102.005      3.404      3.372    12.3401    20.2438  1015.1197    15.1042    12.3397    107.079    82.3688     1.1716      8.382     7.0589    10.0878    310.559    315.249      12344          4  0.000e+00
   58.56504 -135.11964    101.965      3.364      3.332    12.3381    20.2843  1015.1511    15.1358    12.3378    107.055    82.3688     1.1716      8.382     7.0558    10.0834    310.413    315.111      12345          4  0.000e+00
   58.56504 -135.11964    102.005      3.404      3.372    12.3301    20.3432  1015.1981    15.1826    12.3298    107.040    82.3688     1.1716      8.382     7.0534    10.0800    310.292    315.003      12346          4  0.000e+00
   58.56504 -135.11964    101.965      3.364      3.332    12.3236    20.3946  1015.2387    15.2234    12.3233    106.971    82.3688     1.1716      8.377     7.0476    10.0717    310.026    314.745      12347          4  0.000e+00
   58.56504 -135.11964    102.005      3.404      3.372    12.3208    20.4313  1015.2677    15.2522    12.3204    106.954    82.3688     1.1716      8.382     7.0453    10.0684    309.914    314.641      12348          4  0.000e+00
   58.56504 -135.11964    101.941      3.339      3.308    12.3186    20.4608  1015.2905    15.2753    12.3182    106.931    82.5366     1.1716      8.382     7.0428    10.0649    309.799    314.531      12349          4  0.000e+00
   58.56504 -135.11964    101.965      3.364      3.332    12.3181    20.4739  1015.3008    15.2855    12.3178    106.864    83.0960     1.1716      8.377     7.0379    10.0578    309.579    314.311      12350          4  0.000e+00
   58.56504 -135.11964    102.005      3.404      3.372    12.3169    20.4753  1015.3023    15.2868    12.3166    106.847    83.3198     1.1423      8.382     7.0369    10.0564    309.535    314.266      12351          4  0.000e+00
   58.56504 -135.11964    101.965      3.364      3.332    12.3176    20.4702  1015.2981    15.2827    12.3172    106.832    83.3198     1.1130      8.382     7.0360    10.0551    309.496    314.226      12352          4  0.000e+00
   58.56504 -135.11964    101.941      3.339      3.308    12.3201    20.4142  1015.2543    15.2391    12.3197    106.765    83.2918     1.1130      8.382     7.0337    10.0518    309.408    314.124      12353          4  0.000e+00
   58.56504 -135.11964    101.965      3.364      3.332    12.3430    20.1885  1015.0764    15.0611    12.3426    106.742    83.2918     1.1130      8.377     7.0387    10.0589    309.682    314.346      12354          4  0.000e+00
   58.56504 -135.11964     68.769      3.404      3.372    12.3625    19.9188  1014.8652    14.8497    12.3621    106.675    83.2918     1.1130      8.377     7.0432    10.0654    309.945    314.548      12355          4  0.000e+00
   58.56504 -135.11964     35.152      3.364      3.332    12.3945    19.6379  1014.6430    14.6276    12.3941    106.650    83.2918     1.1130      8.382     7.0491    10.0739    310.274    314.812      12356          4  0.000e+00
   58.56504 -135.11964     27.802      3.339      3.308    12.4106    19.5017  1014.5351    14.5199    12.4102    106.582    83.2638     1.1130      8.382     7.0482    10.0725    310.266    314.771      12357          4  0.000e+00
   58.56504 -135.11964     29.340      3.364      3.332    12.4112    19.5214  1014.5503    14.5349    12.4108    106.566    83.2918     1.1130      8.382     7.0461    10.0696    310.172    314.680      12358          4  0.000e+00
   58.56504 -135.11964     30.747      3.404      3.372    12.4092    19.5664  1014.5856    14.5701    12.4088    106.554    83.2918     1.1130      8.382     7.0436    10.0660    310.051    314.568      12359          4  0.000e+00
   58.56504 -135.11964     30.952      3.339      3.308    12.4072    19.5873  1014.6017    14.5865    12.4068    106.543    83.2918     1.1130      8.382     7.0423    10.0641    309.987    314.509      12360          4  0.000e+00
   58.56504 -135.11964     30.902      3.364      3.332    12.4056    19.5923  1014.6059    14.5906    12.4052    106.530    83.2918     1.1130      8.382     7.0415    10.0630    309.951    314.473      12361          4  0.000e+00
   58.56504 -135.11964     30.894      3.404      3.372    12.4051    19.5950  1014.6083    14.5928    12.4047    106.468    83.2918     1.1130      8.382     7.0373    10.0570    309.765    314.285      12362          4  0.000e+00
   58.56504 -135.11964     30.829      3.364      3.332    12.4039    19.6079  1014.6183    14.6029    12.4035    106.454    83.2918     1.1130      8.382     7.0360    10.0552    309.707    314.229      12363          4  0.000e+00
   58.56504 -135.11964     30.805      3.339      3.308    12.4037    19.6100  1014.6198    14.6046    12.4034    106.444    83.2918     1.1130      8.382     7.0353    10.0541    309.674    314.197      12364          4  0.000e+00
   58.56504 -135.11964     30.829      3.364      3.332    12.4051    19.5853  1014.6006    14.5853    12.4047    106.385    83.2918     1.1130      8.382     7.0322    10.0498    309.545    314.060      12365          4  0.000e+00
   58.56504 -135.11964     30.869      3.404      3.372    12.4075    19.5518  1014.5745    14.5590    12.4072    106.376    83.2918     1.1130      8.382     7.0328    10.0506    309.577    314.084      12366          4  0.000e+00
   58.56504 -135.11964     30.829      3.364      3.332    12.4128    19.5051  1014.5375    14.5221    12.4124    106.370    83.2918     1.1130      8.382     7.0336    10.0518    309.625    314.122      12367          4  0.000e+00
