EcoFOCI/data/1_SampleCollection/2022_GOA-OA_CruiseData/CTD_raw_BottleFile_RC0083/RC0083_016.cnv
* Sea-Bird SBE 9 Data File:
* FileName = C:\Data\RC0083ctd\RC0083_016.hex
* Software Version Seasave V 7.26.7.107
* Temperature SN = 2060
* Conductivity SN = 1084
* Number of Bytes Per Scan = 31
* Number of Voltage Words = 4
* Number of Scans Averaged by the Deck Unit = 1
* NMEA Latitude = 56 10.79 N
* NMEA Longitude = 134 19.21 W
* NMEA UTC (Time) = Aug 13 2022  14:56:51
* NMEA baud rate = 4800
** Ship: R/V Rachel Carson
** Cruise ID: RC0083 RC0083
** Tech: McHugh/Nomura
** Chief Scientist: Cross Cross
** Station: CS1
** Cast:  016
# nquan = 19
# nvalues = 19775                                 
# units = specified
# name 0 = latitude: Latitude [deg]
# name 1 = longitude: Longitude [deg]
# name 2 = sfdSM: Seafloor depth [salt water, m]
# name 3 = prDM: Pressure, Digiquartz [db]
# name 4 = depSM: Depth [salt water, m]
# name 5 = t090C: Temperature [ITS-90, deg C]
# name 6 = sal00: Salinity, Practical [PSU]
# name 7 = density00: Density [density, kg/m^3]
# name 8 = sigma-é00: Density [sigma-theta, kg/m^3]
# name 9 = potemp090C: Potential Temperature [ITS-90, deg C]
# name 10 = sbeox0PS: Oxygen, SBE 43 [% saturation]
# name 11 = CStarTr0: Beam Transmission, WET Labs C-Star [%]
# name 12 = flECO-AFL: Fluorescence, WET Labs ECO-AFL/FL [mg/m^3]
# name 13 = ph: pH
# name 14 = sbeox0ML/L: Oxygen, SBE 43 [ml/l]
# name 15 = sbeox0Mg/L: Oxygen, SBE 43 [mg/l]
# name 16 = sbox0Mm/Kg: Oxygen, SBE 43 [umol/kg]
# name 17 = sbeox0Mm/L: Oxygen, SBE 43 [umol/l]
# name 18 = flag:  0.000e+00
# span 0 =   56.17944,   56.18016                 
# span 1 = -134.32264, -134.32016                 
# span 2 =      3.770,    145.792                 
# span 3 =      2.127,    125.548                 
# span 4 =      2.107,    124.366                 
# span 5 =     6.9251,     9.8193                 
# span 6 =    31.6154,    32.8617                 
# span 7 =  1024.3541,  1026.3213                 
# span 8 =    24.3434,    25.7462                 
# span 9 =     6.9139,     9.8190                 
# span 10 =     48.235,     88.290                
# span 11 =    89.0814,   102.2827                
# span 12 =     0.2046,     4.1606                
# span 13 =      7.833,      8.114                
# span 14 =     3.3036,     5.7249                
# span 15 =     4.7212,     8.1815                
# span 16 =    143.842,    249.596                
# span 17 =    147.539,    255.676                
# span 18 = 0.0000e+00, 0.0000e+00                
# interval = seconds: 0.0416667
# start_time = Aug 13 2022 14:56:51 [NMEA time, header]
# bad_flag = -9.990e-29
*END*
[from data line 6324]
   56.18014 -134.32098    133.837     42.729     42.335     8.2122    32.0974  1025.1599    24.9649     8.2080     66.262    99.8215     1.1423      7.958     4.4353     6.3385    193.257    198.082  0.000e+00
   56.18014 -134.32098    133.813     42.729     42.335     8.2094    32.0986  1025.1613    24.9662     8.2053     66.266    99.8215     1.1716      7.958     4.4359     6.3393    193.280    198.106  0.000e+00
   56.18014 -134.32098    133.845     42.737     42.343     8.2075    32.0992  1025.1621    24.9670     8.2033     66.273    99.8215     1.1716      7.958     4.4365     6.3402    193.308    198.135  0.000e+00
   56.18014 -134.32098    133.813     42.729     42.335     8.2059    32.1002  1025.1630    24.9680     8.2017     66.227    99.8215     1.1716      7.958     4.4336     6.3360    193.180    198.003  0.000e+00
   56.18014 -134.32098    133.705     42.842     42.447     8.2052    32.1000  1025.1635    24.9679     8.2011     66.226    99.8215     1.1716      7.958     4.4336     6.3360    193.180    198.003  0.000e+00
   56.18014 -134.32098    133.584     42.794     42.399     8.2030    32.1014  1025.1647    24.9693     8.1988     66.226    99.8215     1.1716      7.958     4.4338     6.3363    193.189    198.013  0.000e+00
   56.18014 -134.32098    133.607     42.842     42.447     8.2016    32.1019  1025.1655    24.9699     8.1974     66.230    99.7935     1.1716      7.958     4.4342     6.3369    193.205    198.030  0.000e+00
   56.18014 -134.32098    133.696     42.907     42.511     8.2008    32.1016  1025.1657    24.9698     8.1967     66.237    99.7935     1.1716      7.958     4.4347     6.3376    193.228    198.053  0.000e+00
   56.18014 -134.32098    133.525     42.858     42.463     8.1994    32.1018  1025.1659    24.9702     8.1952     66.245    99.7935     1.1716      7.958     4.4354     6.3386    193.258    198.083  0.000e+00
   56.18014 -134.32098    133.305     42.907     42.511     8.1979    32.1022  1025.1666    24.9707     8.1937     66.256    99.7935     1.1716      7.958     4.4363     6.3399    193.297    198.124  0.000e+00
   56.18014 -134.32098    133.239     42.963     42.567     8.1956    32.1026  1025.1675    24.9713     8.1914     66.208    99.7935     1.1716      7.958     4.4333     6.3356    193.166    197.990  0.000e+00
   56.18014 -134.32098    133.191     42.915     42.519     8.1931    32.1036  1025.1684    24.9725     8.1890     66.210    99.7935     1.1716      7.958     4.4336     6.3361    193.181    198.005  0.000e+00
   56.18014 -134.32098    133.327     43.028     42.631     8.1913    32.1045  1025.1699    24.9735     8.1871     66.216    99.7935     1.1716      7.958     4.4342     6.3368    193.204    198.029  0.000e+00
   56.18014 -134.32098    133.141     42.963     42.567     8.1915    32.1040  1025.1692    24.9730     8.1874     66.215    99.7935     1.1716      7.958     4.4341     6.3368    193.203    198.027  0.000e+00
   56.18014 -134.32098    133.018     43.036     42.639     8.1886    32.1057  1025.1713    24.9748     8.1844     66.163    99.7935     1.1716      7.958     4.4309     6.3322    193.061    197.883  0.000e+00
   56.18014 -134.32098    132.985     43.028     42.631     8.1857    32.1068  1025.1726    24.9761     8.1815     66.162    99.7935     1.1716      7.958     4.4310     6.3324    193.067    197.889  0.000e+00
   56.18014 -134.32098    133.041     43.084     42.687     8.1829    32.1075  1025.1738    24.9771     8.1787     66.163    99.7935     1.1716      7.958     4.4314     6.3329    193.082    197.905  0.000e+00
   56.18014 -134.32098    133.049     43.093     42.695     8.1816    32.1082  1025.1745    24.9778     8.1774     66.166    99.7935     1.1716      7.958     4.4317     6.3333    193.096    197.919  0.000e+00
   56.18014 -134.32098    133.041     43.084     42.687     8.1823    32.1070  1025.1735    24.9768     8.1781     66.172    99.7935     1.1716      7.958     4.4320     6.3338    193.112    197.935  0.000e+00
   56.18014 -134.32098    133.105     43.149     42.751     8.1807    32.1072  1025.1742    24.9771     8.1765     66.174    99.7935     1.1423      7.958     4.4323     6.3342    193.124    197.948  0.000e+00
   56.18014 -134.32098    133.097     43.141     42.743     8.1795    32.1081  1025.1750    24.9780     8.1753     66.177    99.7935     1.0837      7.958     4.4327     6.3347    193.138    197.963  0.000e+00
   56.18014 -134.32098    133.097     43.141     42.743     8.1790    32.1082  1025.1752    24.9782     8.1748     66.128    99.7935     1.0544      7.958     4.4294     6.3300    192.996    197.817  0.000e+00
   56.18014 -134.32098    133.169     43.214     42.815     8.1790    32.1077  1025.1751    24.9778     8.1748     66.130    99.7935     1.0544      7.958     4.4295     6.3303    193.003    197.824  0.000e+00
   56.18014 -134.32098    133.097     43.141     42.743     8.1785    32.1078  1025.1749    24.9779     8.1743     66.078    99.7935     1.0544      7.958     4.4261     6.3254    192.854    197.671  0.000e+00
   56.18014 -134.32098    133.218     43.262     42.863     8.1779    32.1084  1025.1760    24.9785     8.1737     66.079    99.7935     1.0544      7.958     4.4262     6.3256    192.859    197.676  0.000e+00
   56.18014 -134.32098    133.169     43.214     42.815     8.1774    32.1086  1025.1760    24.9787     8.1732     66.075    99.8494     1.0544      7.958     4.4260     6.3252    192.847    197.664  0.000e+00
   56.18014 -134.32098    133.217     43.262     42.863     8.1769    32.1087  1025.1764    24.9789     8.1727     66.073   100.1011     1.0544      7.958     4.4259     6.3251    192.845    197.662  0.000e+00
   56.18014 -134.32098    123.335     43.319     42.919     8.1769    32.1086  1025.1766    24.9788     8.1727     66.075   100.2130     1.0837      7.958     4.4260     6.3252    192.849    197.666  0.000e+00
   56.18014 -134.32098    114.007     43.270     42.871     8.1764    32.1087  1025.1765    24.9790     8.1722     66.078   100.2130     1.0837      7.958     4.4263     6.3256    192.860    197.678  0.000e+00
   56.18014 -134.32098    112.126     43.319     42.919     8.1759    32.1090  1025.1770    24.9792     8.1717     66.022   100.1851     1.0837      7.958     4.4226     6.3203    192.699    197.512  0.000e+00
   56.18014 -134.32098    112.590     43.319     42.919     8.1756    32.1092  1025.1773    24.9795     8.1713     66.016   100.1851     1.0837      7.958     4.4222     6.3198    192.684    197.497  0.000e+00
   56.18014 -134.32098    113.028     43.392     42.991     8.1756    32.1086  1025.1771    24.9790     8.1713     66.014   100.1851     1.0544      7.958     4.4221     6.3196    192.678    197.491  0.000e+00
   56.18014 -134.32098    113.093     43.383     42.983     8.1759    32.1081  1025.1767    24.9786     8.1717     66.014   100.1851     1.0544      7.958     4.4220     6.3196    192.676    197.489  0.000e+00
   56.18014 -134.32098    113.069     43.383     42.983     8.1770    32.1073  1025.1758    24.9777     8.1728     65.961   100.1851     1.0544      7.958     4.4184     6.3144    192.518    197.326  0.000e+00
   56.18014 -134.32098    113.053     43.391     42.991     8.1774    32.1074  1025.1759    24.9778     8.1732     65.959   100.1851     1.0837      7.958     4.4183     6.3141    192.511    197.319  0.000e+00
   56.18014 -134.32098    113.101     43.440     43.039     8.1765    32.1078  1025.1766    24.9783     8.1723     65.961   100.1851     1.0544      7.958     4.4184     6.3144    192.519    197.327  0.000e+00
   56.18014 -134.32098    113.109     43.448     43.047     8.1759    32.1084  1025.1772    24.9788     8.1717     65.958   100.1851     1.0544      7.958     4.4183     6.3142    192.512    197.320  0.000e+00
   56.18014 -134.32098    113.101     43.440     43.039     8.1760    32.1078  1025.1766    24.9783     8.1718     65.957   100.1851     1.0544      7.958     4.4182     6.3141    192.510    197.319  0.000e+00
   56.18014 -134.32098    113.165     43.505     43.104     8.1746    32.1082  1025.1775    24.9789     8.1704     65.960   100.1851     1.0837      7.958     4.4185     6.3145    192.523    197.332  0.000e+00
   56.18014 -134.32098    104.870     43.513     43.112     8.1725    32.1096  1025.1789    24.9802     8.1683     65.909   100.1851     1.0837      7.953     4.4154     6.3100    192.384    197.190  0.000e+00
   56.18014 -134.32098     69.020     43.561     43.160     8.1705    32.1103  1025.1800    24.9811     8.1663     65.903   100.2130     1.0544      7.953     4.4151     6.3096    192.374    197.179  0.000e+00
   56.18014 -134.32098     54.173     43.561     43.160     8.1699    32.1098  1025.1797    24.9808     8.1657     65.899   100.1851     1.0837      7.953     4.4149     6.3094    192.365    197.171  0.000e+00
   56.18014 -134.32098     53.473     43.569     43.168     8.1694    32.1098  1025.1798    24.9808     8.1652     65.843   100.1851     1.0544      7.958     4.4112     6.3040    192.202    197.004  0.000e+00
   56.18014 -134.32098     54.954     43.561     43.160     8.1688    32.1098  1025.1798    24.9809     8.1646     65.892   100.1851     1.0837      7.953     4.4146     6.3089    192.350    197.155  0.000e+00
   56.18014 -134.32098     55.597     43.618     43.216     8.1678    32.1102  1025.1805    24.9814     8.1636     65.834   100.1851     1.0837      7.953     4.4108     6.3035    192.185    196.986  0.000e+00
   56.18014 -134.32098     55.605     43.626     43.224     8.1675    32.1104  1025.1808    24.9816     8.1632     65.827   100.2130     1.0837      7.953     4.4103     6.3028    192.164    196.965  0.000e+00
   56.18014 -134.32098     55.612     43.682     43.280     8.1673    32.1103  1025.1810    24.9815     8.1631     65.823   100.3249     1.0837      7.953     4.4100     6.3024    192.152    196.952  0.000e+00
   56.18014 -134.32098     55.531     43.626     43.224     8.1671    32.1105  1025.1810    24.9818     8.1629     65.820   100.4088     1.0544      7.953     4.4099     6.3021    192.144    196.944  0.000e+00
   56.18014 -134.32098     55.643     43.739     43.336     8.1675    32.1102  1025.1812    24.9815     8.1633     65.766   100.4088     1.0837      7.953     4.4062     6.2969    191.985    196.781  0.000e+00
   56.18014 -134.32098     55.587     43.682     43.280     8.1673    32.1105  1025.1811    24.9817     8.1631     65.761   100.4088     1.0544      7.953     4.4059     6.2965    191.973    196.769  0.000e+00
   56.18014 -134.32098     55.651     43.747     43.344     8.1663    32.1110  1025.1819    24.9822     8.1621     65.761   100.4088     1.0837      7.958     4.4060     6.2966    191.976    196.772  0.000e+00
   56.18014 -134.32098     55.643     43.739     43.336     8.1656    32.1109  1025.1820    24.9823     8.1614     65.763   100.4088     1.0837      7.953     4.4062     6.2969    191.985    196.781  0.000e+00
   56.18014 -134.32098     55.643     43.739     43.336     8.1649    32.1109  1025.1821    24.9824     8.1606     65.761   100.4088     1.0837      7.953     4.4061     6.2968    191.982    196.778  0.000e+00
   56.18014 -134.32098     55.520     43.812     43.408     8.1642    32.1112  1025.1827    24.9827     8.1599     65.762   100.4088     1.0544      7.953     4.4063     6.2970    191.987    196.784  0.000e+00
   56.18014 -134.32098     52.215     43.804     43.400     8.1628    32.1115  1025.1831    24.9831     8.1585     65.765   100.4088     1.0837      7.953     4.4066     6.2975    192.002    196.798  0.000e+00
   56.18014 -134.32098     50.391     43.860     43.456     8.1613    32.1126  1025.1845    24.9842     8.1571     65.771   100.4088     1.0837      7.953     4.4071     6.2982    192.024    196.822  0.000e+00
   56.18014 -134.32098     50.155     43.868     43.464     8.1605    32.1125  1025.1846    24.9843     8.1562     65.724   100.4088     1.0837      7.953     4.4041     6.2938    191.891    196.685  0.000e+00
   56.18014 -134.32098     50.293     43.860     43.456     8.1601    32.1120  1025.1842    24.9840     8.1559     65.728   100.4088     1.0544      7.953     4.4044     6.2943    191.905    196.699  0.000e+00
   56.18014 -134.32098     50.375     43.868     43.464     8.1595    32.1125  1025.1847    24.9844     8.1552     65.735   100.4088     1.0837      7.953     4.4049     6.2950    191.928    196.723  0.000e+00
   56.18014 -134.32098     50.423     43.917     43.512     8.1594    32.1123  1025.1848    24.9842     8.1551     65.683   100.4088     1.0544      7.953     4.4014     6.2901    191.776    196.568  0.000e+00
   56.18014 -134.32098     50.423     43.917     43.512     8.1590    32.1131  1025.1855    24.9849     8.1547     65.682   100.4088     1.1130      7.953     4.4013     6.2900    191.772    196.564  0.000e+00
   56.18014 -134.32098     50.495     43.989     43.584     8.1595    32.1125  1025.1853    24.9844     8.1552     65.684   100.4088     1.1716      7.953     4.4014     6.2901    191.777    196.568  0.000e+00
   56.18014 -134.32098     50.487     43.981     43.576     8.1591    32.1122  1025.1850    24.9842     8.1549     65.688   100.4088     1.1716      7.953     4.4018     6.2906    191.792    196.583  0.000e+00
   56.18014 -134.32098     50.487     43.981     43.576     8.1589    32.1125  1025.1853    24.9845     8.1546     65.688   100.4088     1.1716      7.953     4.4018     6.2906    191.792    196.584  0.000e+00
   56.18014 -134.32098     50.495     43.989     43.584     8.1582    32.1124  1025.1854    24.9845     8.1539     65.691   100.4088     1.1716      7.953     4.4021     6.2910    191.804    196.596  0.000e+00
   56.18014 -134.32098     50.543     44.038     43.632     8.1580    32.1124  1025.1856    24.9845     8.1538     65.641   100.4088     1.1716      7.953     4.3987     6.2862    191.659    196.448  0.000e+00
   56.18014 -134.32098     50.543     44.038     43.632     8.1577    32.1124  1025.1856    24.9846     8.1534     65.642   100.4647     1.2009      7.953     4.3989     6.2864    191.664    196.453  0.000e+00
   56.18014 -134.32098     50.551     44.046     43.640     8.1574    32.1126  1025.1859    24.9848     8.1531     65.647   100.5207     1.1716      7.953     4.3992     6.2868    191.678    196.467  0.000e+00
   56.18014 -134.32098     50.599     44.094     43.688     8.1575    32.1126  1025.1861    24.9847     8.1533     65.654   100.5207     1.1716      7.953     4.3996     6.2875    191.699    196.488  0.000e+00
   56.18014 -134.32098     50.615     44.111     43.704     8.1567    32.1129  1025.1866    24.9852     8.1524     65.609   100.5207     1.2009      7.953     4.3967     6.2833    191.570    196.356  0.000e+00
   56.18014 -134.32100     63.849     44.159     43.752     8.1566    32.1128  1025.1867    24.9851     8.1523     65.608   100.5207     1.1716      7.953     4.3967     6.2833    191.568    196.355  0.000e+00
   56.18014 -134.32100    106.936     44.094     43.688     8.1562    32.1132  1025.1868    24.9855     8.1519     65.609   100.5207     1.2009      7.953     4.3968     6.2834    191.573    196.360  0.000e+00
   56.18014 -134.32100    123.320     44.167     43.760     8.1566    32.1127  1025.1867    24.9850     8.1523     65.607   100.5207     1.1716      7.953     4.3966     6.2832    191.566    196.352  0.000e+00
   56.18014 -134.32100    123.710     44.216     43.808     8.1551    32.1133  1025.1876    24.9857     8.1508     65.608   100.5207     1.1716      7.953     4.3968     6.2834    191.573    196.360  0.000e+00
   56.18014 -134.32100    121.927     44.216     43.808     8.1529    32.1140  1025.1884    24.9865     8.1486     65.611   100.5207     1.2009      7.953     4.3972     6.2840    191.590    196.377  0.000e+00
   56.18014 -134.32100    121.301     44.224     43.816     8.1522    32.1139  1025.1885    24.9866     8.1479     65.561   100.5207     1.1716      7.953     4.3939     6.2793    191.448    196.231  0.000e+00
