EcoFOCI/data/1_SampleCollection/2022_GOA-OA_CruiseData/CTD_raw_BottleFile_RC0083/RC0083_014.ros
* Sea-Bird SBE 9 Data File:
* FileName = C:\Data\RC0083ctd\RC0083_014.hex
* Software Version Seasave V 7.26.7.107
* Temperature SN = 2060
* Conductivity SN = 1084
* Number of Bytes Per Scan = 31
* Number of Voltage Words = 4
* Number of Scans Averaged by the Deck Unit = 1
* NMEA Latitude = 55 45.82 N
* NMEA Longitude = 134 25.01 W
* NMEA UTC (Time) = Aug 13 2022  07:08:13
* NMEA baud rate = 4800
** Ship: R/V Rachel Carson
** Cruise ID: RC0083 RC0083
** Tech: McHugh/Nomura
** Chief Scientist: Cross Cross
** Station: POW3
** Cast:  014
# nquan = 21
# nvalues = 245                                   
# units = specified
# name 0 = latitude: Latitude [deg]
# name 1 = longitude: Longitude [deg]
# name 2 = sfdSM: Seafloor depth [salt water, m]
# name 3 = prDM: Pressure, Digiquartz [db]
# name 4 = depSM: Depth [salt water, m]
# name 5 = t090C: Temperature [ITS-90, deg C]
# name 6 = sal00: Salinity, Practical [PSU]
# name 7 = density00: Density [density, kg/m^3]
# name 8 = sigma-é00: Density [sigma-theta, kg/m^3]
# name 9 = potemp090C: Potential Temperature [ITS-90, deg C]
# name 10 = sbeox0PS: Oxygen, SBE 43 [% saturation]
# name 11 = CStarTr0: Beam Transmission, WET Labs C-Star [%]
# name 12 = flECO-AFL: Fluorescence, WET Labs ECO-AFL/FL [mg/m^3]
# name 13 = ph: pH
# name 14 = sbeox0ML/L: Oxygen, SBE 43 [ml/l]
# name 15 = sbeox0Mg/L: Oxygen, SBE 43 [mg/l]
# name 16 = sbox0Mm/Kg: Oxygen, SBE 43 [umol/kg]
# name 17 = sbeox0Mm/L: Oxygen, SBE 43 [umol/l]
# name 18 = scan: Scan Count
# name 19 = nbf: Bottles Fired
# name 20 = flag:  0.000e+00
# interval = seconds: 0.0416667
# start_time = Aug 13 2022 07:08:13 [NMEA time, header]
# bad_flag = -9.990e-29
*END*
[from data line 138]
   55.76524 -134.41772    124.236     25.839     25.603     9.4978    31.1373  1024.1357    24.0183     9.4951     84.063    90.3120     4.8053      8.087     5.5019     7.8627    239.950    245.714      11981          3  0.000e+00
   55.76524 -134.41772    124.236     25.839     25.603     9.4947    31.1384  1024.1371    24.0197     9.4920     84.063    90.3120     4.7760      8.087     5.5022     7.8632    239.964    245.728      11982          3  0.000e+00
   55.76524 -134.41772    124.179     25.783     25.547     9.4929    31.1388  1024.1374    24.0202     9.4902     84.014    90.0883     4.8053      8.087     5.4992     7.8589    239.833    245.594      11983          3  0.000e+00
   55.76524 -134.41772    124.057     25.783     25.547     9.4927    31.1399  1024.1383    24.0211     9.4900     84.068    89.9204     4.8053      8.087     5.5027     7.8640    239.987    245.752      11984          3  0.000e+00
   55.76524 -134.41772     95.144     25.783     25.547     9.4924    31.1411  1024.1393    24.0221     9.4897     84.075    89.8645     4.8053      8.082     5.5031     7.8645    240.005    245.771      11985          3  0.000e+00
   55.76524 -134.41772     74.045     25.783     25.547     9.4932    31.1415  1024.1394    24.0223     9.4905     84.081    89.8925     4.8053      8.087     5.5034     7.8650    240.018    245.783      11986          3  0.000e+00
   55.76524 -134.41772     70.367     25.718     25.483     9.4980    31.1401  1024.1373    24.0204     9.4953     84.086    89.8925     4.8053      8.087     5.5032     7.8647    240.009    245.774      11987          3  0.000e+00
   55.76524 -134.41772     71.661     25.718     25.483     9.5033    31.1378  1024.1347    24.0178     9.5006     84.091    89.8925     4.8053      8.087     5.5030     7.8644    240.001    245.765      11988          3  0.000e+00
   55.76524 -134.41772     72.516     25.718     25.483     9.5060    31.1364  1024.1332    24.0163     9.5033     84.097    89.8925     4.8053      8.087     5.5031     7.8645    240.006    245.770      11989          3  0.000e+00
   55.76548 -134.41778     56.762     10.879     10.780     9.9745    31.0029  1023.8863    23.8370     9.9733     97.902    81.9493     9.7284      8.180     6.3463     9.0695    276.827    283.425      13562          4  0.000e+00
   55.76548 -134.41778     56.730     10.846     10.748     9.9729    31.0029  1023.8864    23.8372     9.9717     97.888    81.9493     9.6991      8.180     6.3456     9.0685    276.796    283.394      13563          4  0.000e+00
   55.76548 -134.41778     56.706     10.822     10.724     9.9701    31.0026  1023.8865    23.8374     9.9689     97.880    81.9493     9.7284      8.180     6.3455     9.0683    276.791    283.389      13564          4  0.000e+00
   55.76548 -134.41778     56.883     11.000     10.900     9.9666    31.0021  1023.8875    23.8376     9.9654     97.876    81.9493     9.7284      8.180     6.3457     9.0686    276.800    283.398      13565          4  0.000e+00
   55.76548 -134.41778     56.786     10.903     10.804     9.9643    31.0014  1023.8869    23.8375     9.9631     97.868    81.9493     9.7284      8.180     6.3455     9.0684    276.792    283.390      13566          4  0.000e+00
   55.76548 -134.41778     54.367     11.000     10.900     9.9606    31.0013  1023.8879    23.8380     9.9594     97.862    81.9493     9.7284      8.180     6.3457     9.0686    276.800    283.398      13567          4  0.000e+00
   55.76548 -134.41778     27.627     11.000     10.900     9.9572    31.0006  1023.8879    23.8380     9.9560     97.802    81.9493     9.7284      8.180     6.3423     9.0638    276.651    283.246      13568          4  0.000e+00
   55.76548 -134.41778     13.837     11.056     10.956     9.9544    30.9998  1023.8880    23.8378     9.9532     97.791    81.9493     9.7284      8.180     6.3420     9.0633    276.638    283.232      13569          4  0.000e+00
   55.76548 -134.41778     12.396     11.081     10.980     9.9519    31.0002  1023.8888    23.8385     9.9507     97.779    81.9493     9.7284      8.180     6.3416     9.0627    276.620    283.214      13570          4  0.000e+00
   55.76548 -134.41778     13.640     11.177     11.076     9.9508    31.0006  1023.8896    23.8390     9.9496     97.769    81.9493     9.7284      8.180     6.3410     9.0620    276.597    283.191      13571          4  0.000e+00
   55.76548 -134.41778     14.113     11.113     11.012     9.9504    31.0005  1023.8894    23.8390     9.9492     97.758    81.9493     9.7284      8.180     6.3404     9.0610    276.567    283.160      13572          4  0.000e+00
   55.76548 -134.41778     14.194     11.145     11.044     9.9498    31.0011  1023.8901    23.8396     9.9485     97.748    81.9493     9.6991      8.180     6.3398     9.0602    276.542    283.135      13573          4  0.000e+00
   55.76548 -134.41778     14.113     11.113     11.012     9.9500    31.0001  1023.8892    23.8388     9.9488     97.738    81.9493     9.9335      8.180     6.3391     9.0592    276.513    283.105      13574          4  0.000e+00
   55.76548 -134.41778     14.329     11.355     11.252     9.9503    31.0003  1023.8904    23.8389     9.9491     97.738    81.9493    10.2559      8.180     6.3391     9.0592    276.512    283.104      13575          4  0.000e+00
   55.76548 -134.41778     14.177     11.202     11.100     9.9508    31.0005  1023.8897    23.8389     9.9496     97.734    81.9493    10.3438      8.180     6.3388     9.0587    276.498    283.090      13576          4  0.000e+00
   55.76548 -134.41778     14.385     11.412     11.308     9.9511    31.0000  1023.8902    23.8385     9.9499     97.729    81.9493    10.3438      8.180     6.3384     9.0582    276.483    283.074      13577          4  0.000e+00
   55.76548 -134.41778     14.209     11.234     11.132     9.9513    31.0004  1023.8897    23.8387     9.9501     97.720    81.9493    10.3438      8.180     6.3378     9.0573    276.454    283.045      13578          4  0.000e+00
   55.76548 -134.41778     14.449     11.476     11.372     9.9523    31.0003  1023.8906    23.8385     9.9510     97.723    81.9493    10.3438      8.180     6.3378     9.0574    276.457    283.047      13579          4  0.000e+00
   55.76548 -134.41778     14.353     11.379     11.276     9.9532    31.0005  1023.8901    23.8385     9.9520     97.722    81.6696    10.3438      8.180     6.3376     9.0571    276.449    283.039      13580          4  0.000e+00
   55.76548 -134.41778     14.449     11.476     11.372     9.9534    31.0002  1023.8903    23.8382     9.9522     97.725    81.5297    10.3438      8.180     6.3378     9.0574    276.456    283.047      13581          4  0.000e+00
   55.76548 -134.41778     14.385     11.412     11.308     9.9527    31.0002  1023.8902    23.8384     9.9515     97.672    81.5018    10.3438      8.180     6.3345     9.0526    276.312    282.898      13582          4  0.000e+00
   55.76548 -134.41778     14.529     11.557     11.452     9.9515    30.9999  1023.8908    23.8384     9.9502     97.671    81.5297    10.3438      8.180     6.3346     9.0528    276.317    282.904      13583          4  0.000e+00
   55.76548 -134.41778     14.449     11.476     11.372     9.9503    30.9996  1023.8903    23.8383     9.9491     97.668    81.5297    10.3438      8.180     6.3346     9.0528    276.317    282.904      13584          4  0.000e+00
   55.76548 -134.41778     51.623     11.533     11.428     9.9490    30.9995  1023.8908    23.8385     9.9478     97.669    81.5297    10.3438      8.180     6.3348     9.0531    276.325    282.913      13585          4  0.000e+00
   55.76548 -134.41778    101.220     11.557     11.452     9.9466    30.9997  1023.8914    23.8389     9.9454     97.663    81.5297    10.3438      8.180     6.3348     9.0530    276.323    282.910      13586          4  0.000e+00
   55.76548 -134.41778    111.604     11.711     11.604     9.9445    30.9995  1023.8923    23.8391     9.9432     97.659    81.5297    10.3438      8.180     6.3348     9.0531    276.327    282.914      13587          4  0.000e+00
   55.76548 -134.41778    111.604     11.711     11.604     9.9432    30.9990  1023.8921    23.8390     9.9419     97.661    81.5297    10.3438      8.180     6.3352     9.0536    276.342    282.929      13588          4  0.000e+00
   55.76548 -134.41778    110.409     11.589     11.484     9.9422    30.9988  1023.8915    23.8390     9.9410     97.656    81.5297    10.3438      8.180     6.3350     9.0533    276.333    282.921      13589          4  0.000e+00
   55.76548 -134.41778    110.153     11.799     11.692     9.9411    30.9987  1023.8926    23.8391     9.9398     97.656    81.5297    10.3438      8.180     6.3351     9.0536    276.340    282.928      13590          4  0.000e+00
   55.76548 -134.41778    110.139     11.711     11.604     9.9402    30.9990  1023.8926    23.8395     9.9390     97.653    81.5297    10.3438      8.180     6.3350     9.0534    276.335    282.923      13591          4  0.000e+00
   55.76548 -134.41778    110.092     11.589     11.484     9.9396    30.9992  1023.8923    23.8397     9.9383     97.650    81.5297    10.3438      8.180     6.3350     9.0533    276.331    282.919      13592          4  0.000e+00
   55.76548 -134.41778    110.380     11.856     11.748     9.9398    30.9993  1023.8936    23.8398     9.9385     97.653    81.5297    10.3438      8.180     6.3351     9.0535    276.338    282.925      13593          4  0.000e+00
   55.76548 -134.41778    110.356     11.832     11.724     9.9398    30.9994  1023.8935    23.8398     9.9385     97.653    81.5297    10.2559      8.180     6.3351     9.0535    276.337    282.925      13594          4  0.000e+00
   55.76548 -134.41778    110.236     11.711     11.604     9.9394    30.9996  1023.8932    23.8401     9.9382     97.653    81.5297     9.9628      8.180     6.3351     9.0535    276.338    282.926      13595          4  0.000e+00
   55.76548 -134.41778    110.236     11.711     11.604     9.9386    30.9991  1023.8930    23.8398     9.9373     97.655    81.5297     9.8456      8.180     6.3354     9.0539    276.349    282.937      13596          4  0.000e+00
   55.76548 -134.41778    110.380     11.856     11.748     9.9383    30.9980  1023.8927    23.8390     9.9370     97.659    81.5297     9.8163      8.180     6.3357     9.0544    276.366    282.955      13597          4  0.000e+00
   55.76548 -134.41778    110.300     11.775     11.668     9.9369    30.9986  1023.8931    23.8397     9.9356     97.662    81.5297     9.8456      8.180     6.3361     9.0549    276.381    282.969      13598          4  0.000e+00
   55.76548 -134.41778    110.476     11.953     11.844     9.9358    30.9996  1023.8949    23.8407     9.9345     97.668    81.5297     9.8456      8.180     6.3366     9.0557    276.404    282.993      13599          4  0.000e+00
   55.76548 -134.41778    110.324     11.799     11.692     9.9358    31.0005  1023.8949    23.8414     9.9345     97.671    81.5577     9.8456      8.180     6.3368     9.0559    276.411    283.001      13600          4  0.000e+00
   55.76548 -134.41778    110.300     11.775     11.668     9.9371    31.0009  1023.8949    23.8415     9.9358     97.677    81.6136     9.8456      8.180     6.3369     9.0561    276.417    283.008      13601          4  0.000e+00
   55.76548 -134.41778    110.356     11.832     11.724     9.9375    31.0014  1023.8955    23.8418     9.9362     97.684    81.6136     9.8456      8.180     6.3373     9.0567    276.435    283.026      13602          4  0.000e+00
   55.76548 -134.41778    110.356     11.832     11.724     9.9356    31.0017  1023.8960    23.8423     9.9343     97.692    81.6136     9.8456      8.180     6.3381     9.0578    276.467    283.059      13603          4  0.000e+00
   55.76548 -134.41778    110.324     11.799     11.692     9.9369    31.0009  1023.8950    23.8415     9.9356     97.699    81.6136     9.8456      8.180     6.3384     9.0582    276.482    283.074      13604          4  0.000e+00
   55.76548 -134.41778    110.236     11.711     11.604     9.9402    31.0000  1023.8934    23.8402     9.9390     97.707    81.6136     9.8456      8.180     6.3385     9.0583    276.485    283.077      13605          4  0.000e+00
   55.76548 -134.41778    110.356     11.832     11.724     9.9425    31.0005  1023.8939    23.8403     9.9413     97.772    81.6136     9.8456      8.180     6.3424     9.0639    276.655    283.251      13606          4  0.000e+00
   55.76548 -134.41778    110.204     11.678     11.572     9.9457    31.0006  1023.8928    23.8398     9.9444     97.726    81.6136     9.8456      8.180     6.3389     9.0590    276.505    283.096      13607          4  0.000e+00
   55.76548 -134.41778    110.300     11.775     11.668     9.9484    31.0004  1023.8927    23.8393     9.9471     97.731    81.6136     9.8456      8.180     6.3389     9.0589    276.503    283.095      13608          4  0.000e+00
   55.76548 -134.41778    110.300     11.775     11.668     9.9500    31.0004  1023.8924    23.8390     9.9487     97.742    81.6136     9.8456      8.180     6.3394     9.0596    276.525    283.117      13609          4  0.000e+00
   55.76548 -134.41778    110.180     11.654     11.548     9.9511    31.0006  1023.8918    23.8389     9.9498     97.746    81.6136     9.8456      8.180     6.3395     9.0597    276.529    283.121      13610          4  0.000e+00
   55.76570 -134.41784    101.873      3.270      3.241    10.5727    30.8600  1023.6413    23.6265    10.5724    119.886    67.3495    18.7834      8.315     7.6777    10.9722    334.971    342.885      14988          5  0.000e+00
   55.76570 -134.41784    101.857      3.254      3.225    10.5732    30.8597  1023.6410    23.6263    10.5728    119.855    67.3495    18.7834      8.310     7.6757    10.9693    334.883    342.795      14989          5  0.000e+00
   55.76570 -134.41784    101.697      3.093      3.065    10.5729    30.8601  1023.6406    23.6266    10.5725    119.822    67.3215    18.7834      8.310     7.6736    10.9663    334.792    342.702      14990          5  0.000e+00
   55.76570 -134.41784    101.793      3.190      3.161    10.5735    30.8598  1023.6407    23.6263    10.5732    119.793    67.3495    18.7541      8.310     7.6716    10.9635    334.707    342.615      14991          5  0.000e+00
   55.76570 -134.41784    101.753      3.149      3.121    10.5728    30.8602  1023.6410    23.6268    10.5724    119.816    67.3495    18.7541      8.315     7.6732    10.9658    334.776    342.686      14992          5  0.000e+00
   55.76570 -134.41784    101.737      3.133      3.105    10.5729    30.8601  1023.6408    23.6266    10.5725    119.792    67.3495    18.7834      8.310     7.6717    10.9636    334.709    342.617      14993          5  0.000e+00
   55.76570 -134.41784     73.255      3.149      3.121    10.5729    30.8597  1023.6406    23.6263    10.5725    119.817    67.4054    18.6954      8.315     7.6733    10.9659    334.778    342.688      14994          5  0.000e+00
   55.76570 -134.41784     33.947      3.133      3.105    10.5732    30.8599  1023.6406    23.6264    10.5728    119.793    67.4893    18.4610      8.310     7.6717    10.9636    334.709    342.617      14995          5  0.000e+00
   55.76570 -134.41784     23.602      3.093      3.065    10.5731    30.8596  1023.6402    23.6262    10.5728    119.770    67.5173    18.3438      8.315     7.6702    10.9615    334.645    342.552      14996          5  0.000e+00
   55.76570 -134.41784     24.782      3.077      3.049    10.5729    30.8600  1023.6405    23.6265    10.5725    119.748    67.5173    18.3438      8.310     7.6688    10.9595    334.584    342.489      14997          5  0.000e+00
