EcoFOCI/data/1_SampleCollection/2022_GOA-OA_CruiseData/CTD_raw_BottleFile_RC0083/RC0083_105.cnv
* Sea-Bird SBE 9 Data File:
* FileName = C:\Data\RC0083ctd\RC0083_105.hex
* Software Version Seasave V 7.26.7.107
* Temperature SN = 2060
* Conductivity SN = 2881
* Number of Bytes Per Scan = 31
* Number of Voltage Words = 4
* Number of Scans Averaged by the Deck Unit = 1
* NMEA Latitude = 56 27.76 N
* NMEA Longitude = 132 24.79 W
* NMEA UTC (Time) = Aug 23 2022  02:09:40
* NMEA baud rate = 4800
** Ship: R/V Rachel Carson
** Cruise ID: RC0083
** Tech: McHugh/Nomura
** Chief Scientist: Cross
** Station: WI1
** Cast:  CTD105
# nquan = 19
# nvalues = 9056                                  
# units = specified
# name 0 = latitude: Latitude [deg]
# name 1 = longitude: Longitude [deg]
# name 2 = sfdSM: Seafloor depth [salt water, m]
# name 3 = prDM: Pressure, Digiquartz [db]
# name 4 = depSM: Depth [salt water, m]
# name 5 = t090C: Temperature [ITS-90, deg C]
# name 6 = sal00: Salinity, Practical [PSU]
# name 7 = density00: Density [density, kg/m^3]
# name 8 = sigma-é00: Density [sigma-theta, kg/m^3]
# name 9 = potemp090C: Potential Temperature [ITS-90, deg C]
# name 10 = sbeox0PS: Oxygen, SBE 43 [% saturation]
# name 11 = CStarTr0: Beam Transmission, WET Labs C-Star [%]
# name 12 = flECO-AFL: Fluorescence, WET Labs ECO-AFL/FL [mg/m^3]
# name 13 = ph: pH
# name 14 = sbeox0ML/L: Oxygen, SBE 43 [ml/l]
# name 15 = sbeox0Mg/L: Oxygen, SBE 43 [mg/l]
# name 16 = sbox0Mm/Kg: Oxygen, SBE 43 [umol/kg]
# name 17 = sbeox0Mm/L: Oxygen, SBE 43 [umol/l]
# name 18 = flag:  0.000e+00
# span 0 =   56.46226,   56.46260                 
# span 1 = -132.41318, -132.41074                 
# span 2 =      2.214,    183.827                 
# span 3 =      1.613,    113.156                 
# span 4 =      1.598,    112.092                 
# span 5 =     6.1267,    14.3893                 
# span 6 =     2.1118,    33.1219                 
# span 7 =  1001.1357,  1026.5747                 
# span 8 =     1.1276,    26.0542                 
# span 9 =     6.1173,    14.3889                 
# span 10 =     26.124,    109.922                
# span 11 =     0.0001,    97.8916                
# span 12 =    -0.0591,     3.5160                
# span 13 =      7.657,      8.628                
# span 14 =     1.8220,     7.7868                
# span 15 =     2.6039,    11.1281                
# span 16 =     79.306,    347.240                
# span 17 =     81.372,    347.759                
# span 18 = 0.0000e+00, 0.0000e+00                
# interval = seconds: 0.0416667
# start_time = Aug 23 2022 02:09:40 [NMEA time, header]
# bad_flag = -9.990e-29
*END*
[from data line 1143]
   56.46258 -132.41266    101.502      2.946      2.919    12.0852     2.3002  1001.2949     1.2810    12.0849     92.116     0.0281     0.2339      8.544     6.8340     9.7665    304.817    305.208  0.000e+00
   56.46258 -132.41266    101.486      2.929      2.903    12.0843     2.2958  1001.2914     1.2777    12.0841     92.108     0.0281     0.2339      8.544     6.8338     9.7661    304.806    305.196  0.000e+00
   56.46258 -132.41266    101.502      2.946      2.919    12.0842     2.2957  1001.2915     1.2776    12.0839     92.105     0.0281     0.2339      8.544     6.8336     9.7658    304.797    305.187  0.000e+00
   56.46258 -132.41266    101.486      2.929      2.903    12.0862     2.2999  1001.2945     1.2807    12.0859     92.101     0.0281     0.2339      8.544     6.8328     9.7647    304.762    305.152  0.000e+00
   56.46258 -132.41266    101.502      2.946      2.919    12.0879     2.3047  1001.2980     1.2842    12.0876     92.102     0.0281     0.2339      8.544     6.8324     9.7642    304.744    305.136  0.000e+00
   56.46258 -132.41266    101.542      2.986      2.959    12.0891     2.3102  1001.3024     1.2883    12.0889     92.104     0.0281     0.2339      8.544     6.8321     9.7638    304.730    305.122  0.000e+00
   56.46258 -132.41266    101.502      2.946      2.919    12.0982     2.3284  1001.3152     1.3013    12.0980     92.099     0.0281     0.2339      8.543     6.8296     9.7601    304.612    305.008  0.000e+00
   56.46258 -132.41266    101.542      2.986      2.959    12.1125     2.3604  1001.3385     1.3244    12.1122     92.099     0.0281     0.2339      8.543     6.8260     9.7551    304.446    304.850  0.000e+00
   56.46258 -132.41266    101.542      2.986      2.959    12.1231     2.3918  1001.3615     1.3475    12.1229     92.099     0.0281     0.2339      8.539     6.8230     9.7508    304.307    304.717  0.000e+00
   56.46258 -132.41266    101.502      2.946      2.919    12.1296     2.4134  1001.3774     1.3635    12.1293     92.099     0.0281     0.2339      8.539     6.8211     9.7481    304.217    304.631  0.000e+00
   56.46258 -132.41266    101.542      2.986      2.959    12.1352     2.4280  1001.3882     1.3741    12.1350     92.100     0.0281     0.2339      8.539     6.8197     9.7460    304.150    304.568  0.000e+00
   56.46258 -132.41266    101.566      3.010      2.983    12.1422     2.4440  1001.3999     1.3857    12.1419     92.101     0.0281     0.2339      8.539     6.8180     9.7436    304.072    304.493  0.000e+00
   56.46258 -132.41266    101.518      2.986      2.959    12.1505     2.4649  1001.4149     1.4009    12.1503     92.096     0.0281     0.2339      8.539     6.8155     9.7400    303.953    304.379  0.000e+00
   56.46258 -132.41266    101.566      3.010      2.983    12.1417     2.4710  1001.4208     1.4067    12.1414     92.088     0.0281     0.2339      8.539     6.8160     9.7407    303.974    304.402  0.000e+00
   56.46258 -132.41266    101.542      2.986      2.959    12.1306     2.4751  1001.4253     1.4113    12.1303     92.085     0.0281     0.2339      8.539     6.8172     9.7425    304.029    304.458  0.000e+00
   56.46258 -132.41266    101.566      3.010      2.983    12.1475     2.5012  1001.4436     1.4294    12.1472     92.079     0.0281     0.2339      8.539     6.8131     9.7366    303.838    304.272  0.000e+00
   56.46258 -132.41266    101.542      2.986      2.959    12.1696     2.5432  1001.4733     1.4593    12.1694     92.076     0.0281     0.2339      8.538     6.8077     9.7289    303.590    304.033  0.000e+00
   56.46258 -132.41266    101.566      3.010      2.983    12.1862     2.5863  1001.5048     1.4907    12.1859     92.075     0.0281     0.2339      8.538     6.8033     9.7225    303.381    303.833  0.000e+00
   56.46258 -132.41266    101.606      3.050      3.023    12.1936     2.6112  1001.5235     1.5091    12.1934     92.075     0.0281     0.2339      8.538     6.8010     9.7194    303.277    303.735  0.000e+00
   56.46258 -132.41266    101.542      2.986      2.959    12.1917     2.6013  1001.5157     1.5017    12.1914     92.129     0.0281     0.2339      8.538     6.8058     9.7261    303.490    303.946  0.000e+00
   56.46258 -132.41266    101.622      3.067      3.039    12.1730     2.5723  1001.4958     1.4814    12.1727     92.137     0.0281     0.2339      8.538     6.8104     9.7328    303.704    304.154  0.000e+00
   56.46258 -132.41266    101.542      2.986      2.959    12.1599     2.5472  1001.4776     1.4636    12.1597     92.137     0.0281     0.2339      8.538     6.8135     9.7372    303.847    304.292  0.000e+00
   56.46258 -132.41266    101.622      3.067      3.039    12.1581     2.5376  1001.4708     1.4563    12.1579     92.142     0.0281     0.2339      8.538     6.8146     9.7387    303.897    304.340  0.000e+00
   56.46258 -132.41266    101.606      3.050      3.023    12.1596     2.5532  1001.4826     1.4683    12.1593     92.146     0.0281     0.2339      8.534     6.8140     9.7379    303.866    304.313  0.000e+00
   56.46258 -132.41266    101.622      3.067      3.039    12.1687     2.5887  1001.5091     1.4947    12.1685     92.149     0.0281     0.2339      8.534     6.8113     9.7340    303.738    304.192  0.000e+00
   56.46258 -132.41266    101.606      3.050      3.023    12.1854     2.6297  1001.5388     1.5245    12.1851     92.151     0.0281     0.2339      8.534     6.8071     9.7281    303.543    304.006  0.000e+00
   56.46258 -132.41266    101.622      3.067      3.039    12.1979     2.6620  1001.5624     1.5480    12.1976     92.153     0.0281     0.2339      8.534     6.8040     9.7236    303.397    303.867  0.000e+00
   56.46258 -132.41266    101.662      3.107      3.079    12.2058     2.6872  1001.5812     1.5666    12.2055     92.210     0.0281     0.2339      8.533     6.8060     9.7264    303.478    303.954  0.000e+00
   56.46258 -132.41266    101.622      3.067      3.039    12.2124     2.7072  1001.5957     1.5812    12.2122     92.163     0.0281     0.2339      8.533     6.8005     9.7187    303.233    303.712  0.000e+00
   56.46258 -132.41266    101.662      3.107      3.079    12.2527     2.7514  1001.6251     1.6105    12.2524     92.162     0.0281     0.2339      8.533     6.7924     9.7071    302.862    303.350  0.000e+00
   56.46258 -132.41266    101.662      3.107      3.079    12.2998     2.8162  1001.6695     1.6549    12.2995     92.159     0.0281     0.2339      8.528     6.7823     9.6926    302.398    302.898  0.000e+00
   56.46258 -132.41266    101.686      3.131      3.103    12.3161     2.8566  1001.6989     1.6842    12.3158     92.160     0.0281     0.2339      8.528     6.7782     9.6867    302.204    302.713  0.000e+00
   56.46258 -132.41266    101.662      3.107      3.079    12.3056     2.8681  1001.7090     1.6944    12.3053     92.163     0.0281     0.2339      8.528     6.7795     9.6886    302.260    302.772  0.000e+00
   56.46258 -132.41266    101.566      3.010      2.983    12.3021     2.8735  1001.7132     1.6991    12.3019     92.164     0.0281     0.2925      8.528     6.7799     9.6891    302.275    302.789  0.000e+00
   56.46258 -132.41266    101.838      3.285      3.255    12.2931     2.8687  1001.7119     1.6965    12.2928     92.170     0.0281     0.2925      8.524     6.7819     9.6920    302.365    302.878  0.000e+00
   56.46258 -132.41266    101.686      3.131      3.103    12.2953     2.8632  1001.7066     1.6919    12.2950     92.229     0.0281     0.2925      8.524     6.7861     9.6980    302.556    303.067  0.000e+00
   56.46258 -132.41266    101.718      3.164      3.135    12.3033     2.8660  1001.7079     1.6930    12.3030     92.234     0.0281     0.2925      8.524     6.7852     9.6967    302.514    303.026  0.000e+00
   56.46258 -132.41266    101.686      3.131      3.103    12.2994     2.8642  1001.7068     1.6921    12.2992     92.240     0.0281     0.2925      8.519     6.7863     9.6983    302.563    303.075  0.000e+00
   56.46258 -132.41266    101.718      3.164      3.135    12.2966     2.8703  1001.7121     1.6973    12.2963     92.246     0.0281     0.2925      8.519     6.7869     9.6991    302.588    303.102  0.000e+00
   56.46258 -132.41266    101.718      3.164      3.135    12.3218     2.9483  1001.7694     1.7546    12.3215     92.248     0.0281     0.2925      8.519     6.7799     9.6891    302.259    302.790  0.000e+00
   56.46258 -132.41266    101.622      3.067      3.039    12.3716     3.1016  1001.8815     1.8671    12.3714     92.246     0.0281     0.2925      8.518     6.7657     9.6688    301.592    302.155  0.000e+00
   56.46258 -132.41266    101.838      3.285      3.255    12.4387     3.2362  1001.9782     1.9628    12.4384     92.246     0.0281     0.2925      8.513     6.7498     9.6462    300.857    301.447  0.000e+00
   56.46258 -132.41266    101.742      3.188      3.159    12.4910     3.2877  1002.0109     1.9959    12.4907     92.243     0.0281     0.2925      8.513     6.7395     9.6315    300.388    300.988  0.000e+00
   56.46258 -132.41266    101.782      3.228      3.199    12.5016     3.2955  1002.0158     2.0007    12.5013     92.300     0.0281     0.2925      8.513     6.7418     9.6347    300.487    301.088  0.000e+00
   56.46258 -132.41266    101.742      3.188      3.159    12.5016     3.3085  1002.0256     2.0107    12.5013     92.362     0.0281     0.2925      8.513     6.7457     9.6403    300.659    301.264  0.000e+00
   56.46258 -132.41266    101.782      3.228      3.199    12.4999     3.3218  1002.0363     2.0212    12.4996     92.374     0.0281     0.2925      8.508     6.7463     9.6411    300.681    301.289  0.000e+00
   56.46258 -132.41266    101.742      3.188      3.159    12.5082     3.3346  1002.0450     2.0301    12.5079     92.383     0.0281     0.2925      8.508     6.7452     9.6395    300.629    301.239  0.000e+00
   56.46258 -132.41266    101.782      3.228      3.199    12.5308     3.3377  1002.0447     2.0296    12.5305     92.391     0.0281     0.2925      8.504     6.7422     9.6353    300.498    301.107  0.000e+00
   56.46258 -132.41266    101.782      3.228      3.199    12.4947     3.2862  1002.0095     1.9944    12.4944     92.399     0.0281     0.2925      8.504     6.7504     9.6470    300.873    301.473  0.000e+00
   56.46258 -132.41266    101.742      3.188      3.159    12.4336     3.2013  1001.9514     1.9364    12.4333     92.412     0.0001     0.2925      8.504     6.7642     9.6668    301.507    302.091  0.000e+00
   56.46258 -132.41266    101.838      3.285      3.255    12.4020     3.1510  1001.9169     1.9015    12.4018     92.424     0.0281     0.2925      8.504     6.7720     9.6779    301.864    302.438  0.000e+00
   56.46258 -132.41266    101.742      3.188      3.159    12.4117     3.1193  1001.8907     1.8757    12.4115     92.428     0.0281     0.2925      8.504     6.7722     9.6781    301.880    302.446  0.000e+00
   56.46258 -132.41266    101.782      3.228      3.199    12.3944     3.0757  1001.8593     1.8441    12.3941     92.491     0.0281     0.3218      8.504     6.7812     9.6911    302.293    302.850  0.000e+00
   56.46258 -132.41266    101.798      3.244      3.215    12.3895     3.0747  1001.8592     1.8440    12.3892     92.501     0.0281     0.4097      8.504     6.7828     9.6933    302.361    302.918  0.000e+00
   56.46258 -132.41266    101.782      3.228      3.199    12.4075     3.1020  1001.8780     1.8628    12.4072     92.507     0.0281     0.4683      8.504     6.7793     9.6884    302.203    302.766  0.000e+00
   56.46258 -132.41266    101.862      3.309      3.279    12.4405     3.1365  1001.9008     1.8853    12.4402     92.512     0.0281     0.4683      8.504     6.7732     9.6796    301.923    302.492  0.000e+00
   56.46258 -132.41266    101.782      3.228      3.199    12.5307     3.2900  1002.0078     1.9926    12.5304     92.562     0.0281     0.4683      8.504     6.7568     9.6561    301.157    301.757  0.000e+00
   56.46258 -132.41266    101.798      3.244      3.215    12.6203     3.5303  1002.1822     2.1670    12.6200     92.563     0.0281     0.4683      8.498     6.7332     9.6224    300.054    300.704  0.000e+00
   56.46258 -132.41266    101.838      3.285      3.255    12.6633     3.6979  1002.3064     2.2910    12.6630     92.622     0.0281     0.4683      8.498     6.7240     9.6092    299.607    300.293  0.000e+00
   56.46258 -132.41266    101.782      3.228      3.199    12.7105     3.8176  1002.3925     2.3774    12.7102     92.683     0.0281     0.4683      8.498     6.7163     9.5983    299.240    299.951  0.000e+00
   56.46258 -132.41266    101.862      3.309      3.279    12.7393     3.8877  1002.4432     2.4277    12.7390     92.696     0.0281     0.4683      8.493     6.7100     9.5893    298.944    299.670  0.000e+00
   56.46258 -132.41266    101.838      3.285      3.255    12.7271     3.8772  1002.4366     2.4213    12.7268     92.711     0.0281     0.4683      8.488     6.7134     9.5941    299.095    299.819  0.000e+00
   56.46258 -132.41266    101.862      3.309      3.279    12.6916     3.8201  1002.3973     2.3818    12.6913     92.727     0.0281     0.4683      8.489     6.7222     9.6067    299.501    300.215  0.000e+00
   56.46258 -132.41266    101.838      3.285      3.255    12.6861     3.7718  1002.3606     2.3452    12.6858     92.738     0.0281     0.4683      8.484     6.7259     9.6119    299.674    300.377  0.000e+00
   56.46258 -132.41266    101.798      3.244      3.215    12.6954     3.7326  1002.3289     2.3137    12.6951     92.800     0.0281     0.4683      8.479     6.7306     9.6187    299.895    300.588  0.000e+00
   56.46258 -132.41266    101.894      3.341      3.311    12.7110     3.7233  1002.3200     2.3044    12.7107     92.811     0.0281     0.4683      8.474     6.7295     9.6171    299.847    300.538  0.000e+00
   56.46258 -132.41266    101.862      3.309      3.279    12.7384     3.7596  1002.3443     2.3288    12.7381     92.872     0.0281     0.4683      8.469     6.7283     9.6154    299.787    300.485  0.000e+00
   56.46258 -132.41266    101.838      3.285      3.255    12.7780     3.8108  1002.3785     2.3632    12.7777     92.880     0.0281     0.4683      8.469     6.7208     9.6047    299.443    300.151  0.000e+00
   56.46258 -132.41266    101.894      3.341      3.311    12.8011     3.8634  1002.4164     2.4008    12.8008     92.894     0.0281     0.4683      8.460     6.7162     9.5981    299.225    299.943  0.000e+00
   56.46258 -132.41266    101.742      3.188      3.159    12.7859     3.8799  1002.4305     2.4156    12.7856     92.962     0.0281     0.4683      8.460     6.7227     9.6074    299.511    300.234  0.000e+00
   56.46258 -132.41266    102.014      3.462      3.431    12.7577     3.8452  1002.4087     2.3925    12.7574     93.040     0.0281     0.4683      8.455     6.7339     9.6235    300.020    300.737  0.000e+00
   56.46258 -132.41266    101.918      3.365      3.335    12.7509     3.7991  1002.3734     2.3577    12.7506     93.059     0.0281     0.4683      8.455     6.7383     9.6296    300.223    300.931  0.000e+00
   56.46258 -132.41264    101.894      3.341      3.311    12.7265     3.7972  1002.3751     2.3595    12.7262     93.078     0.0281     0.4683      8.451     6.7434     9.6370    300.453    301.162  0.000e+00
   56.46258 -132.41264    101.918      3.365      3.335    12.6885     3.8362  1002.4104     2.3947    12.6882     93.098     0.0281     0.7614      8.446     6.7489     9.6449    300.686    301.406  0.000e+00
   56.46258 -132.41264    101.894      3.341      3.311    12.6588     3.8446  1002.4207     2.4051    12.6585     93.168     0.0281     0.8786      8.442     6.7581     9.6580    301.094    301.818  0.000e+00
   56.46258 -132.41264    101.918      3.365      3.335    12.6472     3.8028  1002.3901     2.3743    12.6469     93.185     0.0281     0.8786      8.442     6.7629     9.6648    301.315    302.030  0.000e+00
