EcoFOCI/data/1_SampleCollection/2022_GOA-OA_CruiseData/CTD_raw_BottleFile_RC0083/RC0083_145.cnv
* Sea-Bird SBE 9 Data File:
* FileName = C:\Data\RC0083ctd\RC0083_145.hex
* Software Version Seasave V 7.26.7.107
* Temperature SN = 2060
* Conductivity SN = 2881
* Number of Bytes Per Scan = 31
* Number of Voltage Words = 4
* Number of Scans Averaged by the Deck Unit = 1
* NMEA Latitude = 55 01.00 N
* NMEA Longitude = 131 40.33 W
* NMEA UTC (Time) = Aug 28 2022  16:06:26
* NMEA baud rate = 4800
** Ship: R/V Rachel Carson
** Cruise ID: RC0083
** Tech: McHugh/Nomura
** Chief Scientist: Cross
** Station: LCLS5
** Cast:  CTD145
# nquan = 19
# nvalues = 6671                                  
# units = specified
# name 0 = latitude: Latitude [deg]
# name 1 = longitude: Longitude [deg]
# name 2 = sfdSM: Seafloor depth [salt water, m]
# name 3 = prDM: Pressure, Digiquartz [db]
# name 4 = depSM: Depth [salt water, m]
# name 5 = t090C: Temperature [ITS-90, deg C]
# name 6 = sal00: Salinity, Practical [PSU]
# name 7 = density00: Density [density, kg/m^3]
# name 8 = sigma-é00: Density [sigma-theta, kg/m^3]
# name 9 = potemp090C: Potential Temperature [ITS-90, deg C]
# name 10 = sbeox0PS: Oxygen, SBE 43 [% saturation]
# name 11 = CStarTr0: Beam Transmission, WET Labs C-Star [%]
# name 12 = flECO-AFL: Fluorescence, WET Labs ECO-AFL/FL [mg/m^3]
# name 13 = ph: pH
# name 14 = sbeox0ML/L: Oxygen, SBE 43 [ml/l]
# name 15 = sbeox0Mg/L: Oxygen, SBE 43 [mg/l]
# name 16 = sbox0Mm/Kg: Oxygen, SBE 43 [umol/kg]
# name 17 = sbeox0Mm/L: Oxygen, SBE 43 [umol/l]
# name 18 = flag:  0.000e+00
# span 0 =   55.01666,   55.01772                 
# span 1 = -131.67298, -131.67218                 
# span 2 =     12.417,     88.477                 
# span 3 =      2.751,     73.160                 
# span 4 =      2.727,     72.487                 
# span 5 =     6.8215,    14.1386                 
# span 6 =    27.7902,    32.8158                 
# span 7 =  1020.6120,  1026.0586                 
# span 8 =    20.5972,    25.7231                 
# span 9 =     6.8152,    14.1381                 
# span 10 =     37.398,     91.816                
# span 11 =    77.8378,   103.8210                
# span 12 =    -0.0591,     7.0031                
# span 13 =      7.790,      8.364                
# span 14 =     2.5705,     5.5790                
# span 15 =     3.6735,     7.9729                
# span 16 =    111.921,    244.033                
# span 17 =    114.798,    249.157                
# span 18 = 0.0000e+00, 0.0000e+00                
# interval = seconds: 0.0416667
# start_time = Aug 28 2022 16:06:26 [NMEA time, header]
# bad_flag = -9.990e-29
*END*
[from data line 6172]
   55.01760 -131.67298     85.241     21.578     21.383     9.8919    30.9055  1023.8725    23.7746     9.8896     56.916   102.1149     0.3511      7.971     3.6984     5.2854    161.336    165.172  0.000e+00
   55.01760 -131.67298     85.417     21.756     21.559     9.8871    30.9094  1023.8770    23.7783     9.8847     56.924   102.1149     0.3511      7.971     3.6993     5.2866    161.372    165.209  0.000e+00
   55.01760 -131.67298     85.361     21.700     21.503     9.8840    30.9112  1023.8787    23.7802     9.8817     56.983   102.1149     0.3511      7.971     3.7033     5.2924    161.547    165.389  0.000e+00
   55.01760 -131.67298     85.508     21.675     21.479     9.8746    30.9174  1023.8849    23.7866     9.8723     56.990   102.1149     0.3511      7.971     3.7044     5.2939    161.594    165.438  0.000e+00
   55.01760 -131.67298     85.881     21.756     21.559     9.8671    30.9230  1023.8909    23.7922     9.8647     56.995   102.0869     0.3511      7.971     3.7052     5.2951    161.629    165.474  0.000e+00
   55.01760 -131.67298     85.923     21.700     21.503     9.8717    30.9174  1023.8855    23.7871     9.8693     57.051   102.1149     0.3511      7.971     3.7085     5.2999    161.776    165.624  0.000e+00
   55.01760 -131.67298     85.898     21.700     21.503     9.8713    30.9170  1023.8852    23.7868     9.8690     57.060   102.1149     0.3511      7.971     3.7092     5.3008    161.803    165.652  0.000e+00
   55.01760 -131.67298     85.898     21.700     21.503     9.8682    30.9196  1023.8878    23.7893     9.8659     57.066   102.0869     0.3511      7.971     3.7098     5.3017    161.830    165.680  0.000e+00
   55.01760 -131.67298     86.125     21.756     21.559     9.8674    30.9204  1023.8888    23.7901     9.8650     57.126   102.1149     0.3511      7.971     3.7137     5.3073    162.001    165.855  0.000e+00
   55.01760 -131.67298     86.321     21.756     21.559     9.8632    30.9233  1023.8918    23.7930     9.8609     57.133   102.1149     0.3804      7.971     3.7144     5.3083    162.031    165.886  0.000e+00
   55.01760 -131.67298     86.314     21.700     21.503     9.8594    30.9265  1023.8946    23.7961     9.8570     57.186   102.1149     0.3804      7.971     3.7181     5.3136    162.191    166.051  0.000e+00
   55.01760 -131.67298     86.370     21.756     21.559     9.8630    30.9236  1023.8920    23.7933     9.8606     57.191   102.1149     0.3804      7.971     3.7182     5.3137    162.197    166.056  0.000e+00
   55.01760 -131.67298     86.434     21.821     21.623     9.8771    30.9120  1023.8810    23.7820     9.8748     57.247   102.1149     0.3804      7.971     3.7210     5.3177    162.320    166.180  0.000e+00
   55.01760 -131.67298     86.345     21.756     21.559     9.8774    30.9120  1023.8806    23.7819     9.8750     57.256   102.0869     0.3804      7.971     3.7216     5.3185    162.345    166.206  0.000e+00
   55.01760 -131.67298     86.410     21.796     21.599     9.8711    30.9181  1023.8866    23.7877     9.8688     57.325   102.1149     0.3804      7.971     3.7264     5.3254    162.555    166.422  0.000e+00
   55.01760 -131.67298     86.409     21.821     21.623     9.8679    30.9211  1023.8895    23.7905     9.8655     57.285   102.0869     0.3804      7.971     3.7240     5.3220    162.449    166.314  0.000e+00
   55.01760 -131.67298     86.434     21.821     21.623     9.8646    30.9231  1023.8917    23.7927     9.8622     57.347   102.1149     0.4097      7.971     3.7282     5.3280    162.634    166.503  0.000e+00
   55.01760 -131.67298     86.434     21.821     21.623     9.8607    30.9270  1023.8953    23.7963     9.8583     57.361   102.1149     0.3804      7.971     3.7294     5.3297    162.685    166.556  0.000e+00
   55.01760 -131.67298     86.629     21.821     21.623     9.8689    30.9213  1023.8896    23.7906     9.8665     57.372   102.1429     0.3804      7.971     3.7295     5.3299    162.691    166.562  0.000e+00
   55.01760 -131.67298     86.727     21.821     21.623     9.8777    30.9145  1023.8829    23.7839     9.8754     57.434   102.1709     0.3804      7.971     3.7330     5.3349    162.845    166.718  0.000e+00
   55.01760 -131.67298     86.783     21.877     21.679     9.8798    30.9131  1023.8817    23.7824     9.8775     57.445   102.1709     0.3804      7.971     3.7336     5.3357    162.869    166.742  0.000e+00
   55.01760 -131.67298     86.727     21.821     21.623     9.8792    30.9136  1023.8819    23.7829     9.8769     57.446   102.1709     0.3804      7.971     3.7337     5.3359    162.874    166.748  0.000e+00
   55.01760 -131.67298     86.702     21.821     21.623     9.8771    30.9149  1023.8832    23.7842     9.8747     57.450   102.1709     0.3804      7.971     3.7341     5.3365    162.892    166.767  0.000e+00
   55.01760 -131.67298     86.702     21.821     21.623     9.8779    30.9137  1023.8822    23.7832     9.8756     57.506   102.1709     0.3804      7.971     3.7377     5.3416    163.049    166.927  0.000e+00
   55.01760 -131.67298     86.702     21.821     21.623     9.8838    30.9081  1023.8769    23.7779     9.8814     57.563   102.1709     0.3804      7.971     3.7411     5.3464    163.197    167.078  0.000e+00
   55.01760 -131.67298     86.703     21.796     21.599     9.8877    30.9046  1023.8734    23.7745     9.8854     57.573   102.1709     0.3804      7.971     3.7415     5.3470    163.215    167.095  0.000e+00
   55.01760 -131.67298     86.727     21.821     21.623     9.8958    30.8977  1023.8668    23.7678     9.8935     57.579   102.1709     0.3804      7.971     3.7414     5.3468    163.211    167.090  0.000e+00
   55.01760 -131.67298     86.736     21.756     21.559     9.9062    30.8889  1023.8580    23.7593     9.9038     57.642   102.1709     0.3804      7.971     3.7448     5.3517    163.362    167.244  0.000e+00
   55.01760 -131.67298     86.971     21.821     21.623     9.9124    30.8833  1023.8529    23.7539     9.9101     57.702   102.1709     0.3804      7.971     3.7484     5.3568    163.518    167.402  0.000e+00
   55.01760 -131.67298     86.955     21.756     21.559     9.9158    30.8800  1023.8495    23.7508     9.9134     57.708   102.1709     0.3804      7.971     3.7486     5.3571    163.527    167.411  0.000e+00
   55.01760 -131.67298     86.875     21.699     21.503     9.9188    30.8777  1023.8469    23.7485     9.9165     57.711   102.1709     0.3804      7.971     3.7485     5.3570    163.526    167.409  0.000e+00
   55.01760 -131.67298     86.931     21.756     21.559     9.9231    30.8752  1023.8446    23.7459     9.9207     57.710   102.1709     0.3804      7.971     3.7482     5.3565    163.511    167.394  0.000e+00
   55.01760 -131.67298     86.875     21.699     21.503     9.9258    30.8738  1023.8428    23.7444     9.9234     57.705   102.1709     0.3804      7.971     3.7477     5.3558    163.488    167.370  0.000e+00
   55.01760 -131.67298     86.875     21.699     21.503     9.9282    30.8731  1023.8418    23.7434     9.9259     57.757   102.1709     0.3804      7.971     3.7509     5.3604    163.629    167.514  0.000e+00
   55.01760 -131.67298     86.819     21.643     21.447     9.9314    30.8718  1023.8401    23.7419     9.9291     57.761   102.1709     0.3804      7.971     3.7509     5.3604    163.629    167.514  0.000e+00
   55.01760 -131.67298     86.819     21.643     21.447     9.9348    30.8684  1023.8369    23.7387     9.9325     57.816   102.1709     0.3804      7.971     3.7543     5.3653    163.779    167.667  0.000e+00
   55.01760 -131.67298     86.731     21.554     21.358     9.9412    30.8616  1023.8301    23.7323     9.9389     57.823   102.1709     0.3804      7.971     3.7544     5.3654    163.784    167.671  0.000e+00
   55.01760 -131.67298     86.657     21.578     21.382     9.9483    30.8542  1023.8233    23.7254     9.9460     57.827   102.1709     0.3804      7.971     3.7542     5.3652    163.778    167.663  0.000e+00
   55.01760 -131.67298     86.528     21.522     21.326     9.9520    30.8514  1023.8203    23.7227     9.9497     57.888   102.1149     0.3804      7.971     3.7579     5.3705    163.941    167.830  0.000e+00
   55.01760 -131.67298     86.408     21.400     21.206     9.9546    30.8501  1023.8183    23.7212     9.9523     57.950   102.0590     0.3804      7.971     3.7618     5.3760    164.110    168.003  0.000e+00
   55.01760 -131.67298     86.472     21.465     21.270     9.9570    30.8490  1023.8173    23.7199     9.9547     58.010   102.0590     0.3804      7.971     3.7655     5.3813    164.272    168.168  0.000e+00
   55.01760 -131.67298     86.432     21.400     21.206     9.9595    30.8474  1023.8154    23.7183     9.9571     58.015   102.0590     0.3804      7.971     3.7657     5.3815    164.278    168.175  0.000e+00
   55.01760 -131.67298     86.498     21.344     21.150     9.9612    30.8463  1023.8140    23.7171     9.9589     58.076   102.0590     0.3804      7.971     3.7695     5.3871    164.448    168.348  0.000e+00
   55.01760 -131.67298     86.427     21.223     21.030     9.9646    30.8447  1023.8116    23.7153     9.9623     58.083   102.0590     0.3804      7.971     3.7697     5.3873    164.456    168.356  0.000e+00
   55.01760 -131.67298     86.427     21.223     21.030     9.9723    30.8427  1023.8088    23.7126     9.9700     58.141   102.0590     0.3804      7.971     3.7729     5.3918    164.595    168.497  0.000e+00
   55.01760 -131.67298     86.371     21.166     20.974     9.9912    30.8343  1023.7989    23.7029     9.9889     58.142   102.0590     0.3804      7.971     3.7716     5.3901    164.542    168.442  0.000e+00
   55.01760 -131.67298     86.163     20.956     20.766    10.0108    30.8250  1023.7876    23.6925    10.0085     58.144   102.0590     0.3804      7.971     3.7703     5.3882    164.487    168.384  0.000e+00
   55.01760 -131.67298     86.371     21.166     20.974    10.0302    30.8192  1023.7808    23.6848    10.0279     58.200   102.0590     0.3804      7.971     3.7725     5.3913    164.581    168.479  0.000e+00
   55.01760 -131.67298     86.187     20.980     20.790    10.0556    30.8087  1023.7676    23.6725    10.0533     58.258   102.0590     0.3804      7.971     3.7744     5.3940    164.668    168.566  0.000e+00
   55.01760 -131.67298     86.131     20.924     20.734    10.0723    30.8002  1023.7580    23.6632    10.0700     58.264   102.0590     0.3804      7.971     3.7737     5.3929    164.636    168.532  0.000e+00
   55.01760 -131.67298     86.075     20.867     20.678    10.0841    30.7942  1023.7512    23.6566    10.0818     58.322   102.0590     0.3804      7.971     3.7766     5.3971    164.764    168.662  0.000e+00
   55.01760 -131.67298     86.059     20.802     20.614    10.1057    30.7792  1023.7357    23.6414    10.1034     58.384   102.0590     0.3804      7.970     3.7792     5.4008    164.881    168.779  0.000e+00
   55.01760 -131.67298     85.996     20.689     20.502    10.1190    30.7689  1023.7250    23.6312    10.1167     58.393   102.0590     0.3804      7.970     3.7789     5.4004    164.870    168.766  0.000e+00
   55.01760 -131.67298     86.021     20.689     20.502    10.1270    30.7624  1023.7185    23.6248    10.1248     58.454   102.0590     0.3804      7.975     3.7823     5.4053    165.020    168.918  0.000e+00
   55.01762 -131.67298     85.957     20.625     20.438    10.1408    30.7490  1023.7055    23.6120    10.1385     58.464   102.0590     0.3804      7.975     3.7822     5.4051    165.016    168.912  0.000e+00
   55.01762 -131.67298     85.901     20.568     20.382    10.1392    30.7470  1023.7040    23.6108    10.1369     58.472   102.0590     0.3804      7.975     3.7829     5.4061    165.045    168.942  0.000e+00
   55.01762 -131.67298     85.781     20.423     20.238    10.1293    30.7528  1023.7095    23.6170    10.1271     58.530   102.0590     0.3804      7.975     3.7873     5.4125    165.239    169.142  0.000e+00
   55.01762 -131.67298     85.854     20.447     20.262    10.1304    30.7528  1023.7095    23.6168    10.1281     58.595   102.0590     0.3804      7.975     3.7914     5.4183    165.418    169.324  0.000e+00
   55.01762 -131.67298     85.734     20.326     20.141    10.1380    30.7457  1023.7021    23.6100    10.1358     58.547   101.9471     0.3804      7.975     3.7879     5.4132    165.264    169.166  0.000e+00
   55.01762 -131.67298     85.734     20.326     20.141    10.1277    30.7509  1023.7078    23.6157    10.1254     58.609   101.7793     0.3804      7.975     3.7926     5.4200    165.470    169.378  0.000e+00
   55.01762 -131.67298     85.622     20.213     20.029    10.1189    30.7589  1023.7150    23.6234    10.1167     58.615   101.7513     0.3804      7.975     3.7935     5.4213    165.509    169.419  0.000e+00
   55.01762 -131.67298     85.557     20.148     19.965    10.1296    30.7557  1023.7104    23.6191    10.1274     58.675   101.7513     0.3804      7.975     3.7966     5.4257    165.644    169.557  0.000e+00
   55.01762 -131.67298     85.501     20.091     19.909    10.1500    30.7418  1023.6960    23.6049    10.1478     58.680   101.7513     0.3804      7.975     3.7955     5.4242    165.599    169.508  0.000e+00
   55.01762 -131.67298     85.437     20.027     19.845    10.1529    30.7401  1023.6939    23.6031    10.1507     58.742   101.7513     0.3804      7.980     3.7994     5.4297    165.768    169.680  0.000e+00
   55.01762 -131.67298     85.413     20.002     19.821    10.1607    30.7357  1023.6891    23.5985    10.1585     58.800   101.7513     0.3804      7.980     3.8026     5.4342    165.907    169.822  0.000e+00
   55.01762 -131.67298     85.286     19.849     19.669    10.1716    30.7304  1023.6825    23.5925    10.1694     58.806   101.7513     0.3804      7.980     3.8022     5.4337    165.892    169.806  0.000e+00
   55.01762 -131.67298     85.408     19.849     19.669    10.1920    30.7228  1023.6732    23.5832    10.1898     58.863   101.7513     0.3804      7.980     3.8044     5.4368    165.988    169.902  0.000e+00
   55.01762 -131.67298     85.457     19.849     19.669    10.2162    30.7074  1023.6572    23.5673    10.2140     58.864   101.7513     0.3804      7.980     3.8028     5.4346    165.922    169.833  0.000e+00
   55.01762 -131.67298     85.305     19.671     19.493    10.2305    30.7034  1023.6509    23.5618    10.2283     58.865   101.7513     0.3804      7.980     3.8018     5.4332    165.880    169.789  0.000e+00
   55.01762 -131.67298     85.280     19.671     19.493    10.2624    30.6922  1023.6370    23.5479    10.2602     58.916   101.7513     0.4097      7.979     3.8027     5.4344    165.922    169.829  0.000e+00
   55.01762 -131.67298     85.273     19.615     19.437    10.2911    30.6819  1023.6240    23.5351    10.2889     58.967   101.7513     0.4390      7.979     3.8039     5.4361    165.975    169.881  0.000e+00
   55.01762 -131.67298     85.395     19.615     19.437    10.3245    30.6674  1023.6072    23.5183    10.3223     59.018   101.7513     0.4390      7.984     3.8047     5.4373    166.015    169.919  0.000e+00
   55.01762 -131.67298     85.381     19.526     19.349    10.3676    30.6458  1023.5827    23.4943    10.3654     59.017   101.7513     0.4390      7.984     3.8016     5.4329    165.883    169.780  0.000e+00
   55.01762 -131.67298     85.292     19.437     19.261    10.4100    30.6261  1023.5599    23.4719    10.4078     59.071   101.7513     0.4390      7.984     3.8021     5.4336    165.907    169.801  0.000e+00
   55.01762 -131.67298     85.268     19.437     19.261    10.4500    30.6071  1023.5385    23.4505    10.4478     59.072   101.7513     0.4390      7.984     3.7993     5.4295    165.787    169.675  0.000e+00
