EcoFOCI/data/1_SampleCollection/2022_GOA-OA_CruiseData/CTD_raw_BottleFile_RC0083/RC0083_055.ros
* Sea-Bird SBE 9 Data File:
* FileName = C:\Data\RC0083ctd\RC0083_055.hex
* Software Version Seasave V 7.26.7.107
* Temperature SN = 2060
* Conductivity SN = 1084
* Number of Bytes Per Scan = 31
* Number of Voltage Words = 4
* Number of Scans Averaged by the Deck Unit = 1
* NMEA Latitude = 59 01.96 N
* NMEA Longitude = 137 01.04 W
* NMEA UTC (Time) = Aug 20 2022  03:19:15
* NMEA baud rate = 4800
** Ship: R/V Rachel Carson
** Cruise ID: RC0083
** Tech: McHugh/Nomura
** Chief Scientist: Cross
** Station: GB12
** Cast:  CTD055
# nquan = 21
# nvalues = 294                                   
# units = specified
# name 0 = latitude: Latitude [deg]
# name 1 = longitude: Longitude [deg]
# name 2 = sfdSM: Seafloor depth [salt water, m]
# name 3 = prDM: Pressure, Digiquartz [db]
# name 4 = depSM: Depth [salt water, m]
# name 5 = t090C: Temperature [ITS-90, deg C]
# name 6 = sal00: Salinity, Practical [PSU]
# name 7 = density00: Density [density, kg/m^3]
# name 8 = sigma-é00: Density [sigma-theta, kg/m^3]
# name 9 = potemp090C: Potential Temperature [ITS-90, deg C]
# name 10 = sbeox0PS: Oxygen, SBE 43 [% saturation]
# name 11 = CStarTr0: Beam Transmission, WET Labs C-Star [%]
# name 12 = flECO-AFL: Fluorescence, WET Labs ECO-AFL/FL [mg/m^3]
# name 13 = ph: pH
# name 14 = sbeox0ML/L: Oxygen, SBE 43 [ml/l]
# name 15 = sbeox0Mg/L: Oxygen, SBE 43 [mg/l]
# name 16 = sbox0Mm/Kg: Oxygen, SBE 43 [umol/kg]
# name 17 = sbeox0Mm/L: Oxygen, SBE 43 [umol/l]
# name 18 = scan: Scan Count
# name 19 = nbf: Bottles Fired
# name 20 = flag:  0.000e+00
# interval = seconds: 0.0416667
# start_time = Aug 20 2022 03:19:15 [NMEA time, header]
# bad_flag = -9.990e-29
*END*
   59.03190 -137.01602    277.155    270.458    267.753     5.2195    30.8676  1025.6333    24.3793     5.1996     77.908     0.0001     0.3218      7.930     5.6354     8.0536    245.689    251.679      10626          1  0.000e+00
   59.03190 -137.01602    277.211    270.515    267.810     5.2198    30.8670  1025.6331    24.3788     5.1999     77.913     0.0001     0.3218      7.930     5.6358     8.0542    245.707    251.697      10627          1  0.000e+00
   59.03190 -137.01602    277.155    270.458    267.753     5.2200    30.8669  1025.6327    24.3786     5.2001     77.918     0.0001     0.3218      7.930     5.6362     8.0546    245.720    251.711      10628          1  0.000e+00
   59.03190 -137.01602    277.211    270.515    267.810     5.2200    30.8669  1025.6330    24.3787     5.2001     77.923     0.0001     0.3511      7.930     5.6365     8.0552    245.737    251.728      10629          1  0.000e+00
   59.03190 -137.01602    277.155    270.458    267.753     5.2198    30.8676  1025.6332    24.3792     5.1999     77.927     0.0001     0.3511      7.930     5.6368     8.0556    245.749    251.740      10630          1  0.000e+00
   59.03190 -137.01602    277.211    270.515    267.810     5.2201    30.8669  1025.6329    24.3786     5.2002     77.932     0.0001     0.3511      7.930     5.6371     8.0560    245.762    251.754      10631          1  0.000e+00
   59.03190 -137.01602    277.211    270.515    267.810     5.2198    30.8669  1025.6330    24.3787     5.1999     77.935     0.0001     0.3511      7.930     5.6374     8.0564    245.776    251.767      10632          1  0.000e+00
   59.03190 -137.01602    277.211    270.515    267.810     5.2190    30.8677  1025.6337    24.3794     5.1991     77.939     0.0001     0.3511      7.930     5.6378     8.0569    245.790    251.782      10633          1  0.000e+00
   59.03190 -137.01602    277.155    270.458    267.753     5.2192    30.8673  1025.6331    24.3791     5.1993     77.941     0.0001     0.3511      7.930     5.6379     8.0571    245.797    251.789      10634          1  0.000e+00
   59.03190 -137.01602    277.211    270.515    267.810     5.2195    30.8673  1025.6333    24.3790     5.1995     77.944     0.0001     0.3511      7.930     5.6381     8.0574    245.805    251.797      10635          1  0.000e+00
   59.03190 -137.01602    277.211    270.515    267.810     5.2193    30.8673  1025.6334    24.3790     5.1994     77.937     0.0001     0.3511      7.930     5.6376     8.0567    245.784    251.776      10636          1  0.000e+00
   59.03190 -137.01602    277.187    270.490    267.786     5.2192    30.8675  1025.6334    24.3792     5.1993     77.938     0.0001     0.3511      7.930     5.6377     8.0569    245.789    251.781      10637          1  0.000e+00
   59.03190 -137.01602    277.211    270.515    267.810     5.2189    30.8674  1025.6335    24.3792     5.1990     77.940     0.0001     0.3511      7.930     5.6379     8.0571    245.795    251.787      10638          1  0.000e+00
   59.03190 -137.01602    277.211    270.515    267.810     5.2192    30.8674  1025.6334    24.3791     5.1993     77.940     0.0001     0.3511      7.930     5.6379     8.0571    245.795    251.787      10639          1  0.000e+00
   59.03190 -137.01602    277.211    270.515    267.810     5.2193    30.8670  1025.6331    24.3788     5.1994     77.941     0.0001     0.3511      7.930     5.6379     8.0571    245.796    251.788      10640          1  0.000e+00
   59.03190 -137.01602    277.276    270.580    267.874     5.2192    30.8667  1025.6332    24.3786     5.1993     77.941     0.0001     0.3511      7.930     5.6380     8.0572    245.800    251.792      10641          1  0.000e+00
   59.03190 -137.01602    277.211    270.515    267.810     5.2179    30.8676  1025.6337    24.3794     5.1980     77.941     0.0001     0.3511      7.930     5.6381     8.0573    245.803    251.796      10642          1  0.000e+00
   59.03190 -137.01602    277.211    270.515    267.810     5.2169    30.8682  1025.6343    24.3800     5.1970     77.940     0.0001     0.3511      7.930     5.6381     8.0575    245.806    251.799      10643          1  0.000e+00
   59.03190 -137.01602    277.211    270.515    267.810     5.2162    30.8688  1025.6349    24.3806     5.1963     77.881     0.0001     0.3511      7.930     5.6339     8.0514    245.621    251.609      10644          1  0.000e+00
   59.03190 -137.01602    277.187    270.515    267.810     5.2161    30.8689  1025.6350    24.3806     5.1962     77.930     0.0001     0.3511      7.930     5.6374     8.0565    245.776    251.768      10645          1  0.000e+00
   59.03190 -137.01602    277.251    270.580    267.874     5.2158    30.8688  1025.6352    24.3806     5.1959     77.929     0.0001     0.3511      7.930     5.6374     8.0565    245.776    251.768      10646          1  0.000e+00
   59.03190 -137.01602    277.187    270.515    267.810     5.2160    30.8682  1025.6344    24.3801     5.1961     77.926     0.0001     0.3511      7.930     5.6372     8.0562    245.768    251.759      10647          1  0.000e+00
   59.03190 -137.01602    277.187    270.515    267.810     5.2163    30.8681  1025.6343    24.3800     5.1964     77.924     0.0001     0.3511      7.930     5.6370     8.0559    245.759    251.751      10648          1  0.000e+00
   59.03190 -137.01602    277.251    270.580    267.874     5.2157    30.8686  1025.6351    24.3804     5.1957     77.855     0.0001     0.3218      7.930     5.6321     8.0488    245.542    251.529      10649          1  0.000e+00
   59.03190 -137.01602    277.219    270.547    267.842     5.2149    30.8682  1025.6347    24.3802     5.1949     77.893     0.0001     0.3218      7.930     5.6350     8.0529    245.668    251.657      10650          1  0.000e+00
   59.03190 -137.01602    277.187    270.515    267.810     5.2138    30.8675  1025.6342    24.3798     5.1939     77.889     0.0001     0.3218      7.930     5.6349     8.0528    245.664    251.653      10651          1  0.000e+00
   59.03190 -137.01602    277.251    270.580    267.874     5.2098    30.8692  1025.6363    24.3816     5.1898     77.886     0.0001     0.3218      7.930     5.6352     8.0532    245.677    251.667      10652          1  0.000e+00
   59.03190 -137.01602    277.187    270.515    267.810     5.2086    30.8697  1025.6365    24.3821     5.1887     77.882     0.0001     0.3218      7.930     5.6350     8.0529    245.668    251.657      10653          1  0.000e+00
   59.03190 -137.01602    277.251    270.580    267.874     5.2084    30.8701  1025.6371    24.3824     5.1885     77.878     0.0001     0.3218      7.930     5.6347     8.0525    245.655    251.645      10654          1  0.000e+00
   59.03190 -137.01602    277.187    270.515    267.810     5.2083    30.8701  1025.6368    24.3824     5.1884     77.872     0.0001     0.3218      7.930     5.6343     8.0520    245.638    251.627      10655          1  0.000e+00
   59.03190 -137.01602    277.251    270.580    267.874     5.2071    30.8703  1025.6374    24.3827     5.1872     77.868     0.0001     0.3218      7.930     5.6341     8.0517    245.630    251.619      10656          1  0.000e+00
   59.03190 -137.01602    277.251    270.580    267.874     5.2064    30.8710  1025.6381    24.3834     5.1865     77.862     0.0001     0.3218      7.930     5.6338     8.0512    245.615    251.604      10657          1  0.000e+00
   59.03190 -137.01602    277.187    270.515    267.810     5.2072    30.8710  1025.6376    24.3832     5.1873     77.855     0.0001     0.3218      7.930     5.6332     8.0503    245.589    251.577      10658          1  0.000e+00
   59.03190 -137.01602    277.251    270.580    267.874     5.2073    30.8707  1025.6377    24.3830     5.1874     77.858     0.0001     0.3218      7.930     5.6334     8.0507    245.598    251.587      10659          1  0.000e+00
   59.03190 -137.01602    277.251    270.580    267.874     5.2067    30.8707  1025.6378    24.3831     5.1868     77.852     0.0001     0.3218      7.930     5.6330     8.0501    245.582    251.570      10660          1  0.000e+00
   59.03190 -137.01602    277.187    270.515    267.810     5.2064    30.8712  1025.6379    24.3835     5.1865     77.853     0.0001     0.3218      7.930     5.6331     8.0503    245.588    251.576      10661          1  0.000e+00
   59.03190 -137.01602    277.251    270.580    267.874     5.2059    30.8715  1025.6385    24.3838     5.1860     77.847     0.0001     0.3218      7.930     5.6328     8.0498    245.571    251.559      10662          1  0.000e+00
   59.03190 -137.01602    277.219    270.547    267.842     5.2059    30.8713  1025.6382    24.3836     5.1860     77.840     0.0001     0.3218      7.930     5.6322     8.0490    245.548    251.535      10663          1  0.000e+00
   59.03190 -137.01602    277.252    270.580    267.874     5.2061    30.8717  1025.6386    24.3839     5.1862     77.832     0.0001     0.3218      7.930     5.6316     8.0482    245.522    251.509      10664          1  0.000e+00
   59.03190 -137.01602    277.252    270.580    267.874     5.2065    30.8721  1025.6389    24.3842     5.1866     77.774     0.0001     0.3218      7.930     5.6274     8.0421    245.337    251.319      10665          1  0.000e+00
   59.03190 -137.01602    277.187    270.515    267.810     5.2068    30.8721  1025.6386    24.3842     5.1869     77.825     0.0001     0.3218      7.930     5.6310     8.0473    245.495    251.481      10666          1  0.000e+00
   59.03190 -137.01602    277.252    270.580    267.874     5.2068    30.8720  1025.6388    24.3841     5.1869     77.818     0.0001     0.3218      7.930     5.6305     8.0466    245.473    251.459      10667          1  0.000e+00
   59.03190 -137.01602    277.252    270.580    267.874     5.2073    30.8716  1025.6384    24.3837     5.1874     77.819     0.0001     0.3218      7.930     5.6305     8.0466    245.474    251.460      10668          1  0.000e+00
   59.03190 -137.01602    277.187    270.515    267.810     5.2090    30.8704  1025.6370    24.3826     5.1891     77.819     0.0001     0.2925      7.930     5.6304     8.0463    245.467    251.452      10669          1  0.000e+00
   59.03190 -137.01602    277.252    270.580    267.874     5.2092    30.8698  1025.6368    24.3821     5.1893     77.821     0.0001     0.2925      7.930     5.6305     8.0465    245.472    251.457      10670          1  0.000e+00
   59.03190 -137.01602    277.252    270.580    267.874     5.2083    30.8708  1025.6377    24.3830     5.1884     77.881     0.0001     0.2925      7.930     5.6349     8.0529    245.665    251.656      10671          1  0.000e+00
   59.03190 -137.01602    277.187    270.515    267.810     5.2076    30.8714  1025.6379    24.3836     5.1877     77.831     0.0001     0.2925      7.930     5.6314     8.0478    245.511    251.497      10672          1  0.000e+00
   59.03190 -137.01602    277.252    270.580    267.874     5.2070    30.8723  1025.6390    24.3843     5.1871     77.833     0.0001     0.2925      7.930     5.6315     8.0480    245.517    251.504      10673          1  0.000e+00
   59.03190 -137.01602    277.252    270.580    267.874     5.2064    30.8723  1025.6391    24.3844     5.1865     77.834     0.0001     0.2925      7.930     5.6317     8.0482    245.524    251.511      10674          1  0.000e+00
   59.03174 -137.01568    249.210    152.129    150.651     6.0182    30.7094  1024.8666    24.1632     6.0062     78.009    10.9920     0.0874      7.975     5.5428     7.9212    241.699    247.540      15252          2  0.000e+00
   59.03174 -137.01568    229.389    152.137    150.659     6.0182    30.7096  1024.8667    24.1633     6.0062     78.014    10.9920     0.0874      7.970     5.5431     7.9216    241.712    247.553      15253          2  0.000e+00
   59.03174 -137.01568    187.281    152.129    150.651     6.0180    30.7098  1024.8669    24.1635     6.0060     78.018    10.9920     0.0874      7.970     5.5433     7.9220    241.725    247.566      15254          2  0.000e+00
   59.03174 -137.01568    173.801    152.129    150.651     6.0185    30.7099  1024.8669    24.1635     6.0065     77.964    10.9920     0.0874      7.970     5.5395     7.9165    241.557    247.393      15255          2  0.000e+00
   59.03174 -137.01568    174.273    152.137    150.659     6.0185    30.7095  1024.8666    24.1632     6.0065     77.961    10.9920     0.0874      7.970     5.5392     7.9161    241.546    247.383      15256          2  0.000e+00
   59.03174 -137.01568    176.055    152.185    150.707     6.0189    30.7095  1024.8668    24.1632     6.0069     77.958    10.9920     0.0874      7.970     5.5390     7.9158    241.535    247.371      15257          2  0.000e+00
   59.03174 -137.01568    176.544    152.137    150.659     6.0192    30.7093  1024.8664    24.1630     6.0072     77.946    10.9920     0.0874      7.975     5.5381     7.9145    241.497    247.332      15258          2  0.000e+00
   59.03174 -137.01568    176.487    152.129    150.651     6.0192    30.7092  1024.8663    24.1629     6.0072     77.943    10.9920     0.0874      7.970     5.5379     7.9142    241.487    247.322      15259          2  0.000e+00
   59.03174 -137.01568    176.422    152.137    150.659     6.0192    30.7094  1024.8665    24.1631     6.0072     77.932    10.9920     0.0874      7.970     5.5371     7.9131    241.453    247.287      15260          2  0.000e+00
   59.03174 -137.01568    176.389    152.129    150.651     6.0192    30.7095  1024.8665    24.1632     6.0072     77.929    10.9920     0.0874      7.970     5.5369     7.9128    241.444    247.278      15261          2  0.000e+00
   59.03174 -137.01568    176.397    152.137    150.659     6.0193    30.7098  1024.8668    24.1634     6.0073     77.927    10.9920     0.0874      7.970     5.5367     7.9125    241.436    247.270      15262          2  0.000e+00
   59.03174 -137.01568    176.389    152.129    150.651     6.0197    30.7093  1024.8663    24.1630     6.0077     77.924    10.4605     0.0874      7.975     5.5365     7.9122    241.427    247.261      15263          2  0.000e+00
   59.03174 -137.01568    176.454    152.194    150.715     6.0196    30.7098  1024.8670    24.1633     6.0076     77.981     9.3138     0.0874      7.970     5.5405     7.9180    241.602    247.440      15264          2  0.000e+00
   59.03174 -137.01568    176.389    152.129    150.651     6.0195    30.7097  1024.8666    24.1632     6.0075     77.986     8.9223     0.0581      7.970     5.5410     7.9186    241.621    247.459      15265          2  0.000e+00
   59.03174 -137.01568    176.333    152.072    150.595     6.0194    30.7096  1024.8663    24.1632     6.0074     77.927     8.9502     0.0581      7.975     5.5367     7.9125    241.436    247.270      15266          2  0.000e+00
   59.03174 -137.01568    176.446    152.186    150.707     6.0189    30.7100  1024.8672    24.1635     6.0069     77.975     9.0062     0.0581      7.975     5.5402     7.9175    241.588    247.425      15267          2  0.000e+00
   59.03174 -137.01568    176.390    152.129    150.651     6.0188    30.7093  1024.8664    24.1630     6.0068     77.972     9.0062     0.0581      7.975     5.5400     7.9173    241.581    247.418      15268          2  0.000e+00
   59.03174 -137.01568    176.398    152.137    150.659     6.0185    30.7091  1024.8663    24.1629     6.0065     77.970     9.0062     0.0581      7.975     5.5399     7.9171    241.575    247.412      15269          2  0.000e+00
   59.03174 -137.01568    209.869    152.129    150.651     6.0182    30.7090  1024.8662    24.1628     6.0062     77.918     9.0062     0.0581      7.970     5.5363     7.9119    241.416    247.250      15270          2  0.000e+00
