EcoFOCI/data/1_SampleCollection/2022_GOA-OA_CruiseData/CTD_raw_BottleFile_RC0083/RC0083_098.cnv
* Sea-Bird SBE 9 Data File:
* FileName = C:\Data\RC0083ctd\RC0083_098.hex
* Software Version Seasave V 7.26.7.107
* Temperature SN = 2060
* Conductivity SN = 2881
* Number of Bytes Per Scan = 31
* Number of Voltage Words = 4
* Number of Scans Averaged by the Deck Unit = 1
* NMEA Latitude = 57 04.92 N
* NMEA Longitude = 133 41.16 W
* NMEA UTC (Time) = Aug 22 2022  16:28:55
* NMEA baud rate = 4800
** Ship: R/V Rachel Carson
** Cruise ID: RC0083
** Tech: McHugh/Nomura
** Chief Scientist: Cross
** Station: FSD
** Cast:  CTD098
# nquan = 19
# nvalues = 5431                                  
# units = specified
# name 0 = latitude: Latitude [deg]
# name 1 = longitude: Longitude [deg]
# name 2 = sfdSM: Seafloor depth [salt water, m]
# name 3 = prDM: Pressure, Digiquartz [db]
# name 4 = depSM: Depth [salt water, m]
# name 5 = t090C: Temperature [ITS-90, deg C]
# name 6 = sal00: Salinity, Practical [PSU]
# name 7 = density00: Density [density, kg/m^3]
# name 8 = sigma-é00: Density [sigma-theta, kg/m^3]
# name 9 = potemp090C: Potential Temperature [ITS-90, deg C]
# name 10 = sbeox0PS: Oxygen, SBE 43 [% saturation]
# name 11 = CStarTr0: Beam Transmission, WET Labs C-Star [%]
# name 12 = flECO-AFL: Fluorescence, WET Labs ECO-AFL/FL [mg/m^3]
# name 13 = ph: pH
# name 14 = sbeox0ML/L: Oxygen, SBE 43 [ml/l]
# name 15 = sbeox0Mg/L: Oxygen, SBE 43 [mg/l]
# name 16 = sbox0Mm/Kg: Oxygen, SBE 43 [umol/kg]
# name 17 = sbeox0Mm/L: Oxygen, SBE 43 [umol/l]
# name 18 = flag:  0.000e+00
# span 0 =   57.08050,   57.08206                 
# span 1 = -133.68606, -133.68460                 
# span 2 =      5.418,     70.584                 
# span 3 =      2.873,     52.960                 
# span 4 =      2.847,     52.466                 
# span 5 =     6.6539,    12.1303                 
# span 6 =    25.4935,    32.0490                 
# span 7 =  1019.2105,  1025.3834                 
# span 8 =    19.1964,    25.1405                 
# span 9 =     6.6494,    12.1298                 
# span 10 =     42.912,    101.907                
# span 11 =    88.8296,   102.8701                
# span 12 =     0.0581,     2.0508                
# span 13 =      7.814,      8.294                
# span 14 =     2.9775,     6.5416                
# span 15 =     4.2552,     9.3486                
# span 16 =    129.716,    286.450                
# span 17 =    132.977,    292.148                
# span 18 = 0.0000e+00, 0.0000e+00                
# interval = seconds: 0.0416667
# start_time = Aug 22 2022 16:28:55 [NMEA time, header]
# bad_flag = -9.990e-29
*END*
[from data line 686]
   57.08182 -133.68602     64.951     11.627     11.520     9.8257    28.2877  1021.7968    21.7438     9.8245     91.769    93.6123     1.2595      8.223     6.0730     8.6790    265.450    271.222  0.000e+00
   57.08182 -133.68602     65.269     11.627     11.520     9.8252    28.2871  1021.7964    21.7434     9.8240     91.761    93.6123     1.2595      8.228     6.0726     8.6783    265.431    271.202  0.000e+00
   57.08182 -133.68602     65.398     11.660     11.552     9.8245    28.2864  1021.7961    21.7430     9.8233     91.759    93.6123     1.2595      8.228     6.0726     8.6783    265.430    271.201  0.000e+00
   57.08182 -133.68602     65.286     11.571     11.464     9.8245    28.2858  1021.7953    21.7425     9.8233     91.700    93.6123     1.2595      8.223     6.0687     8.6728    265.262    271.029  0.000e+00
   57.08182 -133.68602     65.317     11.627     11.520     9.8245    28.2855  1021.7953    21.7423     9.8233     91.694    93.5844     1.2595      8.223     6.0683     8.6722    265.243    271.010  0.000e+00
   57.08182 -133.68602     65.317     11.627     11.520     9.8240    28.2849  1021.7949    21.7419     9.8228     91.742    93.6123     1.2595      8.228     6.0716     8.6769    265.387    271.157  0.000e+00
   57.08182 -133.68602     65.285     11.595     11.488     9.8239    28.2849  1021.7948    21.7419     9.8227     91.741    93.5844     1.2009      8.228     6.0715     8.6768    265.384    271.154  0.000e+00
   57.08182 -133.68602     65.317     11.627     11.520     9.8237    28.2849  1021.7950    21.7420     9.8225     91.685    93.6123     1.1716      8.228     6.0678     8.6716    265.223    270.990  0.000e+00
   57.08182 -133.68602     65.317     11.627     11.520     9.8231    28.2841  1021.7944    21.7414     9.8219     91.679    92.8292     1.2009      8.228     6.0676     8.6712    265.212    270.978  0.000e+00
   57.08182 -133.68602     65.285     11.595     11.488     9.8225    28.2821  1021.7928    21.7399     9.8213     91.673    92.0740     1.1716      8.228     6.0673     8.6708    265.202    270.967  0.000e+00
   57.08182 -133.68602     65.317     11.627     11.520     9.8216    28.2810  1021.7922    21.7392     9.8204     91.663    91.9342     1.1716      8.223     6.0668     8.6701    265.180    270.945  0.000e+00
   57.08182 -133.68602     65.261     11.571     11.464     9.8212    28.2790  1021.7905    21.7377     9.8200     91.658    91.9901     1.2009      8.228     6.0666     8.6698    265.170    270.935  0.000e+00
   57.08182 -133.68602     65.229     11.538     11.432     9.8208    28.2784  1021.7899    21.7373     9.8196     91.598    92.0181     1.2009      8.228     6.0627     8.6642    265.001    270.761  0.000e+00
   57.08182 -133.68602     65.261     11.571     11.464     9.8204    28.2775  1021.7894    21.7367     9.8192     91.644    92.0181     1.2009      8.228     6.0659     8.6688    265.139    270.903  0.000e+00
   57.08182 -133.68602     65.505     11.571     11.464     9.8203    28.2774  1021.7894    21.7366     9.8191     91.641    92.0181     1.1716      8.223     6.0657     8.6685    265.131    270.894  0.000e+00
   57.08182 -133.68602     65.945     11.571     11.464     9.8201    28.2779  1021.7898    21.7370     9.8189     91.694    92.0181     1.1716      8.228     6.0692     8.6735    265.284    271.050  0.000e+00
   57.08182 -133.68602     66.035     11.538     11.432     9.8197    28.2778  1021.7896    21.7370     9.8185     91.696    92.0181     1.1716      8.228     6.0694     8.6738    265.293    271.060  0.000e+00
   57.08182 -133.68602     66.067     11.571     11.464     9.8193    28.2780  1021.7900    21.7373     9.8181     91.645    92.0181     1.2009      8.228     6.0661     8.6690    265.146    270.910  0.000e+00
   57.08182 -133.68602     65.987     11.514     11.408     9.8193    28.2781  1021.7898    21.7373     9.8181     91.698    92.0181     1.1716      8.228     6.0695     8.6740    265.299    271.066  0.000e+00
   57.08182 -133.68602     66.157     11.538     11.432     9.8189    28.2778  1021.7898    21.7372     9.8177     91.702    92.0181     1.1716      8.228     6.0699     8.6745    265.314    271.081  0.000e+00
   57.08182 -133.68602     66.329     11.514     11.408     9.8187    28.2775  1021.7894    21.7370     9.8175     91.706    92.0181     1.2009      8.228     6.0702     8.6749    265.327    271.094  0.000e+00
   57.08182 -133.68602     66.409     11.571     11.464     9.8181    28.2767  1021.7892    21.7364     9.8169     91.655    92.0181     1.1716      8.228     6.0670     8.6703    265.186    270.951  0.000e+00
   57.08182 -133.68602     66.321     11.482     11.376     9.8178    28.2748  1021.7873    21.7350     9.8166     91.654    92.0181     1.2009      8.228     6.0670     8.6703    265.187    270.950  0.000e+00
   57.08182 -133.68602     66.385     11.571     11.464     9.8173    28.2745  1021.7875    21.7348     9.8161     91.710    92.0181     1.1716      8.223     6.0708     8.6757    265.353    271.121  0.000e+00
   57.08182 -133.68602     66.548     11.514     11.408     9.8172    28.2743  1021.7872    21.7347     9.8160     91.720    92.0181     1.1716      8.223     6.0715     8.6768    265.385    271.153  0.000e+00
   57.08182 -133.68602     66.670     11.514     11.408     9.8173    28.2739  1021.7868    21.7343     9.8161     91.732    92.0181     1.1716      8.223     6.0723     8.6779    265.418    271.187  0.000e+00
   57.08182 -133.68602     66.599     11.417     11.312     9.8175    28.2744  1021.7867    21.7347     9.8163     91.743    92.0181     1.1716      8.223     6.0729     8.6788    265.448    271.217  0.000e+00
   57.08182 -133.68602     66.695     11.514     11.408     9.8183    28.2745  1021.7872    21.7347     9.8171     91.806    92.0181     1.1716      8.228     6.0770     8.6846    265.625    271.399  0.000e+00
   57.08182 -133.68602     66.655     11.449     11.344     9.8183    28.2746  1021.7869    21.7347     9.8171     91.762    91.4867     1.2009      8.223     6.0741     8.6805    265.499    271.269  0.000e+00
   57.08182 -133.68602     66.867     11.417     11.312     9.8169    28.2732  1021.7859    21.7339     9.8157     91.769    90.6197     1.2009      8.228     6.0748     8.6815    265.529    271.300  0.000e+00
   57.08182 -133.68602     66.965     11.393     11.288     9.8155    28.2705  1021.7839    21.7319     9.8143     91.721    90.3959     1.2009      8.223     6.0719     8.6774    265.404    271.171  0.000e+00
   57.08182 -133.68602     67.046     11.449     11.344     9.8148    28.2694  1021.7834    21.7312     9.8137     91.779    90.4239     1.2009      8.223     6.0759     8.6831    265.578    271.350  0.000e+00
   57.08182 -133.68602     66.933     11.360     11.256     9.8150    28.2697  1021.7832    21.7314     9.8139     91.786    90.4518     1.1716      8.223     6.0763     8.6837    265.597    271.368  0.000e+00
   57.08182 -133.68602     66.965     11.393     11.288     9.8142    28.2690  1021.7830    21.7310     9.8130     91.795    90.4518     1.1716      8.228     6.0770     8.6847    265.628    271.400  0.000e+00
   57.08182 -133.68602     66.965     11.393     11.288     9.8132    28.2667  1021.7813    21.7294     9.8120     91.804    90.4798     1.1716      8.223     6.0778     8.6858    265.663    271.436  0.000e+00
   57.08182 -133.68602     66.965     11.393     11.288     9.8124    28.2652  1021.7803    21.7283     9.8112     91.812    90.4518     1.2009      8.228     6.0786     8.6869    265.696    271.469  0.000e+00
   57.08182 -133.68602     66.933     11.360     11.256     9.8119    28.2645  1021.7796    21.7279     9.8107     91.876    90.4518     1.2009      8.228     6.0829     8.6931    265.885    271.662  0.000e+00
   57.08182 -133.68602     66.909     11.336     11.232     9.8119    28.2643  1021.7794    21.7277     9.8107     91.890    90.4518     1.1716      8.228     6.0838     8.6944    265.926    271.704  0.000e+00
   57.08182 -133.68602     66.909     11.336     11.232     9.8119    28.2643  1021.7794    21.7277     9.8107     91.844    90.4518     1.1716      8.228     6.0807     8.6900    265.791    271.566  0.000e+00
   57.08182 -133.68602     66.869     11.296     11.192     9.8111    28.2632  1021.7785    21.7270     9.8099     91.847    90.4518     1.1716      8.223     6.0811     8.6905    265.806    271.581  0.000e+00
   57.08182 -133.68602     66.909     11.336     11.232     9.8098    28.2612  1021.7773    21.7256     9.8086     91.850    90.4518     1.2009      8.228     6.0816     8.6912    265.829    271.604  0.000e+00
   57.08182 -133.68602     66.845     11.272     11.168     9.8091    28.2589  1021.7753    21.7239     9.8080     91.847    90.4518     1.1716      8.223     6.0816     8.6912    265.828    271.603  0.000e+00
   57.08180 -133.68600     66.869     11.296     11.192     9.8080    28.2567  1021.7739    21.7224     9.8068     91.851    90.4518     1.1716      8.223     6.0820     8.6918    265.849    271.624  0.000e+00
   57.08180 -133.68600     66.870     11.272     11.168     9.8062    28.2539  1021.7718    21.7204     9.8050     91.854    90.4518     1.1716      8.223     6.0826     8.6926    265.873    271.648  0.000e+00
   57.08180 -133.68600     67.007     11.336     11.232     9.8048    28.2514  1021.7704    21.7187     9.8037     91.858    90.4518     1.1716      8.223     6.0831     8.6934    265.897    271.672  0.000e+00
   57.08180 -133.68600     66.879     11.183     11.080     9.8054    28.2509  1021.7692    21.7182     9.8042     91.859    90.4518     1.2009      8.228     6.0831     8.6934    265.898    271.673  0.000e+00
   57.08180 -133.68600     66.967     11.272     11.168     9.8042    28.2500  1021.7691    21.7177     9.8030     91.808    90.4518     1.2009      8.228     6.0799     8.6888    265.759    271.530  0.000e+00
   57.08180 -133.68600     66.911     11.215     11.112     9.8022    28.2460  1021.7661    21.7149     9.8010     91.860    90.4518     1.2302      8.228     6.0839     8.6944    265.931    271.705  0.000e+00
   57.08180 -133.68600     66.985     11.215     11.112     9.8007    28.2429  1021.7639    21.7127     9.7996     91.858    90.8994     1.2595      8.228     6.0840     8.6947    265.938    271.713  0.000e+00
   57.08180 -133.68600     66.977     11.183     11.080     9.7990    28.2407  1021.7623    21.7113     9.7978     91.861    92.2698     1.2595      8.228     6.0845     8.6954    265.961    271.735  0.000e+00
   57.08180 -133.68600     67.033     11.215     11.112     9.7978    28.2391  1021.7614    21.7102     9.7967     91.864    92.7733     1.2302      8.228     6.0850     8.6961    265.981    271.756  0.000e+00
   57.08180 -133.68600     67.033     11.215     11.112     9.7968    28.2379  1021.7606    21.7095     9.7956     91.867    92.7733     1.2302      8.228     6.0854     8.6966    265.998    271.773  0.000e+00
   57.08180 -133.68600     66.962     11.118     11.016     9.7960    28.2366  1021.7592    21.7085     9.7948     91.864    92.7173     1.2595      8.228     6.0853     8.6965    265.995    271.769  0.000e+00
   57.08180 -133.68600     67.116     11.150     11.048     9.7945    28.2339  1021.7575    21.7067     9.7934     91.861    92.6894     1.2595      8.223     6.0854     8.6967    266.001    271.775  0.000e+00
   57.08180 -133.68600     67.189     11.150     11.048     9.7921    28.2307  1021.7554    21.7045     9.7909     91.864    92.6894     1.2595      8.223     6.0861     8.6976    266.030    271.804  0.000e+00
   57.08180 -133.68600     67.157     11.118     11.016     9.7881    28.2255  1021.7518    21.7011     9.7870     91.867    92.7173     1.2595      8.223     6.0870     8.6989    266.071    271.845  0.000e+00
   57.08180 -133.68600     67.133     11.094     10.992     9.7849    28.2200  1021.7479    21.6973     9.7837     91.919    92.7173     1.2595      8.228     6.0911     8.7048    266.252    272.029  0.000e+00
   57.08180 -133.68600     67.238     11.150     11.048     9.7823    28.2155  1021.7451    21.6943     9.7811     91.867    92.7173     1.2595      8.228     6.0882     8.7006    266.124    271.898  0.000e+00
   57.08180 -133.68600     67.345     11.061     10.960     9.7796    28.2115  1021.7420    21.6916     9.7785     91.807    92.6894     1.2595      8.228     6.0847     8.6957    265.974    271.743  0.000e+00
   57.08180 -133.68600     67.370     11.037     10.935     9.7768    28.2086  1021.7400    21.6897     9.7757     91.798    92.7173     1.2595      8.228     6.0846     8.6955    265.969    271.738  0.000e+00
   57.08180 -133.68600     67.451     11.094     10.991     9.7752    28.2059  1021.7384    21.6878     9.7740     91.789    92.6894     1.2595      8.228     6.0844     8.6952    265.960    271.728  0.000e+00
   57.08180 -133.68600     67.451     11.094     10.991     9.7732    28.2037  1021.7370    21.6864     9.7721     91.775    92.7173     1.2595      8.228     6.0837     8.6943    265.932    271.700  0.000e+00
   57.08180 -133.68600     67.338     11.005     10.903     9.7722    28.2011  1021.7347    21.6846     9.7711     91.764    92.7173     1.2595      8.224     6.0833     8.6936    265.913    271.679  0.000e+00
   57.08180 -133.68600     67.370     11.037     10.935     9.7706    28.1993  1021.7338    21.6834     9.7694     91.755    92.6894     1.2595      8.228     6.0830     8.6932    265.900    271.666  0.000e+00
   57.08180 -133.68600     67.370     11.037     10.935     9.7694    28.1971  1021.7322    21.6819     9.7683     91.751    92.7173     1.2595      8.228     6.0830     8.6932    265.900    271.666  0.000e+00
   57.08180 -133.68600     67.274     10.940     10.839     9.7683    28.1962  1021.7312    21.6813     9.7672     91.802    92.7173     1.2595      8.224     6.0865     8.6982    266.055    271.824  0.000e+00
   57.08180 -133.68600     67.370     11.037     10.935     9.7680    28.1958  1021.7314    21.6811     9.7668     91.799    92.6894     1.2595      8.224     6.0864     8.6981    266.050    271.819  0.000e+00
   57.08180 -133.68600     67.257     10.973     10.871     9.7675    28.1953  1021.7308    21.6807     9.7664     91.745    92.7173     1.2302      8.224     6.0829     8.6930    265.896    271.661  0.000e+00
   57.08180 -133.68600     67.218     10.884     10.783     9.7660    28.1935  1021.7292    21.6796     9.7649     91.741    92.8292     1.2595      8.224     6.0829     8.6930    265.896    271.660  0.000e+00
   57.08180 -133.68600     67.370     11.037     10.935     9.7642    28.1910  1021.7282    21.6779     9.7631     91.739    93.9200     1.2302      8.224     6.0831     8.6934    265.907    271.671  0.000e+00
   57.08180 -133.68600     67.250     10.916     10.815     9.7635    28.1897  1021.7268    21.6770     9.7623     91.729    94.4234     1.2595      8.224     6.0826     8.6926    265.884    271.648  0.000e+00
   57.08180 -133.68600     67.274     10.940     10.839     9.7626    28.1887  1021.7262    21.6764     9.7615     91.721    94.4794     1.2595      8.228     6.0822     8.6920    265.867    271.630  0.000e+00
   57.08180 -133.68600     67.348     10.916     10.815     9.7603    28.1868  1021.7250    21.6753     9.7591     91.717    94.4234     1.2595      8.228     6.0823     8.6923    265.875    271.638  0.000e+00
   57.08180 -133.68600     67.397     10.916     10.815     9.7588    28.1844  1021.7234    21.6736     9.7576     91.715    94.4234     1.2595      8.228     6.0825     8.6924    265.880    271.643  0.000e+00
   57.08180 -133.68600     67.389     10.884     10.783     9.7575    28.1824  1021.7219    21.6722     9.7563     91.712    94.4234     1.2595      8.228     6.0825     8.6925    265.883    271.645  0.000e+00
