EcoFOCI/data/1_SampleCollection/2022_GOA-OA_CruiseData/CTD_raw_BottleFile_RC0083/RC0083_003.ros
* Sea-Bird SBE 9 Data File:
* FileName = C:\Data\RC0083ctd\RC0083_003.hex
* Software Version Seasave V 7.26.7.107
* Temperature SN = 2060
* Conductivity SN = 1084
* Number of Bytes Per Scan = 31
* Number of Voltage Words = 4
* Number of Scans Averaged by the Deck Unit = 1
* NMEA Latitude = 54 40.38 N
* NMEA Longitude = 133 02.47 W
* NMEA UTC (Time) = Aug 12 2022  05:42:01
* NMEA baud rate = 4800
** Ship: R/V Rachel Carson
** Cruise ID: RC0083 RC0083
** Tech: McHugh/Nomura
** Chief Scientist: Cross Cross
** Station: DE3
** Cast:  003
# nquan = 21
# nvalues = 343                                   
# units = specified
# name 0 = latitude: Latitude [deg]
# name 1 = longitude: Longitude [deg]
# name 2 = sfdSM: Seafloor depth [salt water, m]
# name 3 = prDM: Pressure, Digiquartz [db]
# name 4 = depSM: Depth [salt water, m]
# name 5 = t090C: Temperature [ITS-90, deg C]
# name 6 = sal00: Salinity, Practical [PSU]
# name 7 = density00: Density [density, kg/m^3]
# name 8 = sigma-é00: Density [sigma-theta, kg/m^3]
# name 9 = potemp090C: Potential Temperature [ITS-90, deg C]
# name 10 = sbeox0PS: Oxygen, SBE 43 [% saturation]
# name 11 = CStarTr0: Beam Transmission, WET Labs C-Star [%]
# name 12 = flECO-AFL: Fluorescence, WET Labs ECO-AFL/FL [mg/m^3]
# name 13 = ph: pH
# name 14 = sbeox0ML/L: Oxygen, SBE 43 [ml/l]
# name 15 = sbeox0Mg/L: Oxygen, SBE 43 [mg/l]
# name 16 = sbox0Mm/Kg: Oxygen, SBE 43 [umol/kg]
# name 17 = sbeox0Mm/L: Oxygen, SBE 43 [umol/l]
# name 18 = scan: Scan Count
# name 19 = nbf: Bottles Fired
# name 20 = flag:  0.000e+00
# interval = seconds: 0.0416667
# start_time = Aug 12 2022 05:42:01 [NMEA time, header]
# bad_flag = -9.990e-29
*END*
[from data line 276]
   54.67370 -133.03582    124.358     25.961     25.726     9.5388    31.7068  1024.5744    24.4565     9.5361     74.736   100.8563     0.9665      8.068     4.8691     6.9585    212.264    217.456      22834          6  0.000e+00
   54.67370 -133.03582    124.358     25.961     25.726     9.5387    31.7069  1024.5745    24.4567     9.5359     74.738   100.8563     0.9372      8.068     4.8692     6.9586    212.269    217.460      22835          6  0.000e+00
   54.67370 -133.03582    124.358     25.961     25.726     9.5392    31.7062  1024.5739    24.4561     9.5364     74.739   100.8563     0.9665      8.068     4.8693     6.9587    212.272    217.463      22836          6  0.000e+00
   54.67370 -133.03582    124.414     26.017     25.782     9.5395    31.7063  1024.5741    24.4561     9.5367     74.742   100.8843     0.9372      8.068     4.8694     6.9589    212.278    217.469      22837          6  0.000e+00
   54.67370 -133.03582    124.358     25.961     25.726     9.5397    31.7062  1024.5738    24.4560     9.5369     74.743   100.8843     0.9665      8.068     4.8695     6.9590    212.281    217.473      22838          6  0.000e+00
   54.67370 -133.03582    124.358     25.961     25.726     9.5397    31.7063  1024.5739    24.4561     9.5369     74.746   100.8843     0.9665      8.068     4.8697     6.9593    212.288    217.480      22839          6  0.000e+00
   54.67370 -133.03582    124.358     25.961     25.726     9.5395    31.7061  1024.5738    24.4560     9.5368     74.749   100.8843     0.9665      8.068     4.8699     6.9595    212.297    217.489      22840          6  0.000e+00
   54.67370 -133.03582    124.414     26.017     25.782     9.5397    31.7059  1024.5739    24.4558     9.5369     74.752   100.8843     0.9665      8.068     4.8701     6.9599    212.306    217.498      22841          6  0.000e+00
   54.67370 -133.03582    124.358     25.961     25.726     9.5397    31.7062  1024.5738    24.4560     9.5369     74.755   100.8843     0.9372      8.068     4.8703     6.9601    212.314    217.506      22842          6  0.000e+00
   54.67370 -133.03582    124.414     26.017     25.782     9.5397    31.7064  1024.5742    24.4561     9.5369     74.704   100.8843     0.9372      8.068     4.8670     6.9554    212.170    217.359      22843          6  0.000e+00
   54.67370 -133.03582    124.358     25.961     25.726     9.5398    31.7062  1024.5738    24.4559     9.5370     74.701   100.8843     0.9372      8.068     4.8668     6.9551    212.161    217.350      22844          6  0.000e+00
   54.67370 -133.03582    124.414     26.017     25.782     9.5397    31.7062  1024.5741    24.4560     9.5369     74.754   100.8843     0.9372      8.068     4.8702     6.9601    212.313    217.505      22845          6  0.000e+00
   54.67370 -133.03582    124.414     26.017     25.782     9.5404    31.7054  1024.5733    24.4553     9.5376     74.759   100.8843     0.9372      8.068     4.8705     6.9604    212.324    217.517      22846          6  0.000e+00
   54.67370 -133.03582    124.414     26.017     25.782     9.5401    31.7063  1024.5741    24.4560     9.5374     74.764   100.8843     0.9372      8.068     4.8708     6.9609    212.339    217.532      22847          6  0.000e+00
   54.67370 -133.03582    124.478     26.082     25.846     9.5402    31.7059  1024.5740    24.4557     9.5374     74.764   100.8843     0.9372      8.068     4.8708     6.9609    212.337    217.530      22848          6  0.000e+00
   54.67370 -133.03582    106.710     26.017     25.782     9.5400    31.7055  1024.5735    24.4554     9.5372     74.762   100.8843     0.9372      8.068     4.8707     6.9607    212.333    217.526      22849          6  0.000e+00
   54.67370 -133.03582     62.329     26.082     25.846     9.5394    31.7057  1024.5740    24.4556     9.5366     74.761   100.8843     0.9372      8.068     4.8707     6.9607    212.334    217.526      22850          6  0.000e+00
   54.67370 -133.03582     47.042     26.082     25.846     9.5386    31.7062  1024.5746    24.4562     9.5359     74.712   100.8843     0.9372      8.068     4.8676     6.9563    212.197    217.387      22851          6  0.000e+00
   54.67390 -133.03478     60.618      2.201      2.181    13.0211    29.9988  1022.5278    22.5179    13.0208    102.927    84.9420     2.6661      8.275     6.2918     8.9916    274.802    280.990      25944          7  0.000e+00
   54.67390 -133.03478     61.316      2.338      2.317    13.0263    29.9948  1022.5243    22.5139    13.0260    102.922    84.9420     2.6368      8.275     6.2909     8.9903    274.766    280.952      25945          7  0.000e+00
   54.67390 -133.03478     62.267      2.435      2.413    13.0283    29.9933  1022.5232    22.5123    13.0280    102.917    84.9420     2.6368      8.275     6.2904     8.9896    274.744    280.929      25946          7  0.000e+00
   54.67390 -133.03478     62.486      2.459      2.437    13.0317    29.9907  1022.5206    22.5096    13.0314    102.912    84.9420     2.6368      8.275     6.2897     8.9887    274.716    280.900      25947          7  0.000e+00
   54.67390 -133.03478     62.261      2.257      2.237    13.0375    29.9866  1022.5155    22.5054    13.0372    102.904    84.6343     2.6368      8.275     6.2887     8.9871    274.670    280.852      25948          7  0.000e+00
   54.67390 -133.03478     62.381      2.403      2.381    13.0427    29.9833  1022.5126    22.5018    13.0423    102.901    84.3266     2.6368      8.275     6.2880     8.9861    274.641    280.820      25949          7  0.000e+00
   54.67390 -133.03478     62.301      2.322      2.301    13.0471    29.9807  1022.5093    22.4989    13.0468    102.897    84.2707     2.6368      8.275     6.2872     8.9850    274.608    280.786      25950          7  0.000e+00
   54.67390 -133.03478     62.357      2.403      2.381    13.0497    29.9788  1022.5078    22.4970    13.0493    102.895    84.2987     2.6368      8.275     6.2868     8.9845    274.592    280.769      25951          7  0.000e+00
   54.67390 -133.03478     62.277      2.322      2.301    13.0499    29.9787  1022.5073    22.4969    13.0496    102.892    84.2987     2.6368      8.275     6.2866     8.9842    274.583    280.760      25952          7  0.000e+00
   54.67390 -133.03478     62.389      2.435      2.413    13.0471    29.9806  1022.5098    22.4989    13.0468    102.892    84.2987     2.6368      8.275     6.2869     8.9846    274.595    280.773      25953          7  0.000e+00
   54.67390 -133.03478     62.293      2.338      2.317    13.0440    29.9823  1022.5112    22.5008    13.0437    102.938    84.2987     2.6368      8.275     6.2900     8.9891    274.732    280.913      25954          7  0.000e+00
   54.67390 -133.03478     62.413      2.435      2.413    13.0385    29.9860  1022.5156    22.5047    13.0382    102.891    84.2987     2.6661      8.275     6.2878     8.9859    274.632    280.812      25955          7  0.000e+00
   54.67390 -133.03478     62.381      2.403      2.381    13.0321    29.9903  1022.5200    22.5093    13.0318    102.939    84.2987     2.6661      8.275     6.2913     8.9910    274.786    280.972      25956          7  0.000e+00
   54.67390 -133.03478     62.894      2.378      2.357    13.0293    29.9924  1022.5220    22.5114    13.0290    102.944    84.2987     2.6368      8.280     6.2920     8.9919    274.814    281.001      25957          7  0.000e+00
   54.67390 -133.03478     85.880      2.459      2.437    13.0288    29.9928  1022.5228    22.5118    13.0284    102.899    84.2987     2.6368      8.280     6.2893     8.9880    274.694    280.878      25958          7  0.000e+00
   54.67390 -133.03478    100.557      2.435      2.413    13.0303    29.9916  1022.5215    22.5106    13.0299    102.894    84.2987     2.6368      8.280     6.2888     8.9874    274.676    280.859      25959          7  0.000e+00
   54.67390 -133.03478    102.493      2.516      2.493    13.0329    29.9899  1022.5201    22.5088    13.0325    102.891    84.2987     2.6368      8.275     6.2884     8.9867    274.657    280.839      25960          7  0.000e+00
   54.67390 -133.03478    101.818      2.500      2.477    13.0345    29.9883  1022.5185    22.5073    13.0342    102.941    84.2987     2.6661      8.280     6.2913     8.9909    274.784    280.968      25961          7  0.000e+00
   54.67390 -133.03478    101.248      2.516      2.493    13.0343    29.9880  1022.5183    22.5071    13.0340    102.896    84.2987     2.6368      8.280     6.2886     8.9870    274.666    280.848      25962          7  0.000e+00
   54.67390 -133.03478    101.190      2.556      2.533    13.0305    29.9905  1022.5212    22.5097    13.0301    102.895    84.2987     2.6368      8.280     6.2889     8.9874    274.679    280.862      25963          7  0.000e+00
   54.67390 -133.03478    101.263      2.580      2.557    13.0249    29.9939  1022.5250    22.5134    13.0246    102.953    84.2987     2.7247      8.280     6.2930     8.9933    274.857    281.045      25964          7  0.000e+00
   54.67390 -133.03478    101.327      2.621      2.597    13.0203    29.9969  1022.5284    22.5167    13.0199    102.957    84.2987     2.8127      8.280     6.2938     8.9945    274.891    281.081      25965          7  0.000e+00
   54.67390 -133.03476    101.383      2.677      2.653    13.0184    29.9979  1022.5297    22.5177    13.0181    102.909    84.2987     2.8127      8.280     6.2911     8.9906    274.772    280.959      25966          7  0.000e+00
   54.67390 -133.03476    101.343      2.637      2.613    13.0181    29.9984  1022.5300    22.5182    13.0178    102.967    84.2987     2.8127      8.280     6.2946     8.9956    274.926    281.117      25967          7  0.000e+00
   54.67390 -133.03476    101.415      2.734      2.709    13.0169    29.9986  1022.5308    22.5186    13.0166    102.974    84.2987     2.8127      8.280     6.2952     8.9964    274.950    281.142      25968          7  0.000e+00
   54.67390 -133.03476    101.463      2.758      2.733    13.0146    30.0006  1022.5329    22.5206    13.0143    102.985    84.3266     2.8127      8.280     6.2961     8.9977    274.991    281.184      25969          7  0.000e+00
   54.67390 -133.03476    101.528      2.798      2.773    13.0113    30.0022  1022.5350    22.5224    13.0109    102.992    84.3266     2.8127      8.280     6.2969     8.9989    275.024    281.218      25970          7  0.000e+00
   54.67390 -133.03476     99.395      2.815      2.789    13.0060    30.0056  1022.5387    22.5261    13.0057    103.004    84.3266     2.8127      8.280     6.2982     9.0007    275.081    281.277      25971          7  0.000e+00
   54.67390 -133.03476     86.492      2.855      2.829    13.0014    30.0087  1022.5422    22.5294    13.0010    103.012    84.3266     2.8127      8.280     6.2991     9.0021    275.121    281.319      25972          7  0.000e+00
   54.67390 -133.03476     80.607      2.879      2.853    12.9971    30.0114  1022.5452    22.5323    12.9967    103.073    84.3266     2.8420      8.280     6.3033     9.0080    275.302    281.505      25973          7  0.000e+00
   54.67390 -133.03476     80.263      2.976      2.949    12.9933    30.0136  1022.5480    22.5347    12.9929    103.033    84.3266     2.8127      8.280     6.3013     9.0052    275.214    281.416      25974          7  0.000e+00
   54.67390 -133.03476     80.841      2.992      2.965    12.9893    30.0161  1022.5508    22.5374    12.9890    103.041    84.3266     2.8127      8.280     6.3022     9.0064    275.252    281.455      25975          7  0.000e+00
   54.67390 -133.03476     81.045      2.976      2.949    12.9862    30.0183  1022.5530    22.5397    12.9858    103.048    84.3266     2.8127      8.280     6.3030     9.0076    275.285    281.490      25976          7  0.000e+00
   54.67390 -133.03476     81.205      3.113      3.085    12.9829    30.0203  1022.5558    22.5418    12.9824    103.116    84.3266     2.8127      8.280     6.3075     9.0140    275.483    281.693      25977          7  0.000e+00
   54.67390 -133.03476     81.196      3.154      3.126    12.9803    30.0216  1022.5575    22.5434    12.9799    103.130    84.3266     2.8127      8.280     6.3086     9.0157    275.532    281.744      25978          7  0.000e+00
   54.67390 -133.03476     81.221      3.154      3.126    12.9782    30.0228  1022.5589    22.5447    12.9778    103.144    84.3266     2.8420      8.280     6.3097     9.0172    275.578    281.791      25979          7  0.000e+00
   54.67390 -133.03476     81.301      3.235      3.206    12.9782    30.0229  1022.5593    22.5448    12.9778    103.158    84.3266     2.8127      8.285     6.3106     9.0184    275.616    281.830      25980          7  0.000e+00
   54.67390 -133.03476     81.316      3.275      3.246    12.9751    30.0246  1022.5613    22.5466    12.9747    103.172    84.3266     2.8127      8.280     6.3117     9.0201    275.667    281.883      25981          7  0.000e+00
   54.67390 -133.03476     81.357      3.291      3.262    12.9667    30.0304  1022.5675    22.5528    12.9662    103.186    84.3266     2.8127      8.280     6.3135     9.0226    275.742    281.960      25982          7  0.000e+00
   54.67390 -133.03476     81.517      3.453      3.422    12.9602    30.0340  1022.5723    22.5568    12.9597    103.202    84.3266     2.8127      8.280     6.3152     9.0250    275.814    282.036      25983          7  0.000e+00
   54.67390 -133.03476     81.477      3.412      3.382    12.9541    30.0375  1022.5760    22.5607    12.9537    103.209    84.3266     2.9299      8.280     6.3163     9.0266    275.862    282.085      25984          7  0.000e+00
   54.67390 -133.03476     81.573      3.509      3.478    12.9472    30.0420  1022.5812    22.5655    12.9467    103.218    84.3266     3.1057      8.280     6.3176     9.0284    275.917    282.143      25985          7  0.000e+00
   54.67390 -133.03476     83.404      3.533      3.502    12.9413    30.0458  1022.5853    22.5695    12.9409    103.226    84.3266     3.1643      8.280     6.3187     9.0300    275.964    282.192      25986          7  0.000e+00
   54.67390 -133.03476     96.523      3.687      3.654    12.9396    30.0465  1022.5869    22.5704    12.9392    103.235    84.3266     3.1643      8.280     6.3194     9.0311    275.996    282.225      25987          7  0.000e+00
   54.67390 -133.03476    102.765      3.752      3.718    12.9402    30.0463  1022.5869    22.5701    12.9397    103.243    84.3546     3.1350      8.280     6.3198     9.0316    276.013    282.243      25988          7  0.000e+00
   54.67390 -133.03476    103.414      3.889      3.854    12.9385    30.0471  1022.5885    22.5711    12.9380    103.251    84.4665     3.1350      8.280     6.3205     9.0326    276.043    282.274      25989          7  0.000e+00
   54.67390 -133.03476    102.893      3.929      3.894    12.9378    30.0472  1022.5889    22.5713    12.9373    103.264    84.4945     3.1350      8.280     6.3214     9.0339    276.080    282.312      25990          7  0.000e+00
   54.67392 -133.03476    102.577      3.832      3.798    12.9373    30.0474  1022.5887    22.5716    12.9368    103.268    84.4945     3.1350      8.280     6.3217     9.0344    276.096    282.328      25991          7  0.000e+00
   54.67392 -133.03476    102.497      3.752      3.718    12.9376    30.0474  1022.5883    22.5715    12.9371    103.268    84.4945     3.1350      8.280     6.3216     9.0342    276.092    282.324      25992          7  0.000e+00
