EcoFOCI/data/1_SampleCollection/2022_GOA-OA_CruiseData/CTD_raw_BottleFile_RC0083/RC0083_013.cnv
* Sea-Bird SBE 9 Data File:
* FileName = C:\Data\RC0083ctd\RC0083_013.hex
* Software Version Seasave V 7.26.7.107
* Temperature SN = 2060
* Conductivity SN = 1084
* Number of Bytes Per Scan = 31
* Number of Voltage Words = 4
* Number of Scans Averaged by the Deck Unit = 1
* NMEA Latitude = 55 43.96 N
* NMEA Longitude = 134 28.39 W
* NMEA UTC (Time) = Aug 13 2022  05:59:07
* NMEA baud rate = 4800
** Ship: R/V Rachel Carson
** Cruise ID: RC0083 RC0083
** Tech: McHugh/Nomura
** Chief Scientist: Cross Cross
** Station: POW4
** Cast:  013
# nquan = 19
# nvalues = 19001                                 
# units = specified
# name 0 = latitude: Latitude [deg]
# name 1 = longitude: Longitude [deg]
# name 2 = sfdSM: Seafloor depth [salt water, m]
# name 3 = prDM: Pressure, Digiquartz [db]
# name 4 = depSM: Depth [salt water, m]
# name 5 = t090C: Temperature [ITS-90, deg C]
# name 6 = sal00: Salinity, Practical [PSU]
# name 7 = density00: Density [density, kg/m^3]
# name 8 = sigma-é00: Density [sigma-theta, kg/m^3]
# name 9 = potemp090C: Potential Temperature [ITS-90, deg C]
# name 10 = sbeox0PS: Oxygen, SBE 43 [% saturation]
# name 11 = CStarTr0: Beam Transmission, WET Labs C-Star [%]
# name 12 = flECO-AFL: Fluorescence, WET Labs ECO-AFL/FL [mg/m^3]
# name 13 = ph: pH
# name 14 = sbeox0ML/L: Oxygen, SBE 43 [ml/l]
# name 15 = sbeox0Mg/L: Oxygen, SBE 43 [mg/l]
# name 16 = sbox0Mm/Kg: Oxygen, SBE 43 [umol/kg]
# name 17 = sbeox0Mm/L: Oxygen, SBE 43 [umol/l]
# name 18 = flag:  0.000e+00
# span 0 =   55.73262,   55.73536                 
# span 1 = -134.47316, -134.47222                 
# span 2 =      3.152,    220.919                 
# span 3 =      2.218,    170.310                 
# span 4 =      2.198,    168.695                 
# span 5 =     5.9763,    10.4611                 
# span 6 =    30.9938,    33.6433                 
# span 7 =  1023.7675,  1027.2659                 
# span 8 =    23.7558,    26.4853                 
# span 9 =     5.9621,    10.4609                 
# span 10 =     33.843,    110.031                
# span 11 =    75.5444,   105.1635                
# span 12 =    -0.1177,    12.4244                
# span 13 =      7.734,      8.241                
# span 14 =     2.3603,     7.1047                
# span 15 =     3.3730,    10.1533                
# span 16 =    102.690,    309.891                
# span 17 =    105.409,    317.295                
# span 18 = 0.0000e+00, 0.0000e+00                
# interval = seconds: 0.0416667
# start_time = Aug 13 2022 05:59:07 [NMEA time, header]
# bad_flag = -9.990e-29
*END*
[from data line 6858]
   55.73338 -134.47236    178.163    159.303    157.796     6.1113    33.5294  1027.1110    26.3784     6.0979     38.878   104.5202    -0.0884      7.763     2.7053     3.8661    117.713    120.818  0.000e+00
   55.73338 -134.47236    178.074    159.238    157.732     6.1096    33.5316  1027.1127    26.3804     6.0962     38.883   104.5202    -0.0884      7.763     2.7057     3.8667    117.730    120.836  0.000e+00
   55.73338 -134.47236    178.066    159.255    157.748     6.1090    33.5318  1027.1129    26.3805     6.0956     38.835   104.5202    -0.0884      7.763     2.7024     3.8620    117.586    120.688  0.000e+00
   55.73338 -134.47236    178.170    159.360    157.852     6.1084    33.5326  1027.1141    26.3812     6.0950     38.841   104.5202    -0.0884      7.763     2.7028     3.8626    117.605    120.707  0.000e+00
   55.73338 -134.47236    178.114    159.303    157.796     6.1077    33.5334  1027.1146    26.3820     6.0943     38.784   104.5202    -0.0884      7.763     2.6989     3.8570    117.436    120.534  0.000e+00
   55.73338 -134.47236    178.097    159.311    157.804     6.1070    33.5339  1027.1152    26.3825     6.0935     38.782   104.5202    -0.0884      7.763     2.6988     3.8569    117.431    120.529  0.000e+00
   55.73338 -134.47236    178.153    159.416    157.908     6.1065    33.5345  1027.1162    26.3830     6.0930     38.776   104.5202    -0.0884      7.763     2.6984     3.8563    117.414    120.512  0.000e+00
   55.73338 -134.47236    178.153    159.416    157.908     6.1059    33.5347  1027.1164    26.3832     6.0925     38.774   104.5202    -0.0884      7.763     2.6983     3.8561    117.408    120.506  0.000e+00
   55.73338 -134.47236    178.113    159.376    157.868     6.1055    33.5354  1027.1168    26.3839     6.0921     38.775   104.5202    -0.0884      7.763     2.6984     3.8563    117.413    120.511  0.000e+00
   55.73338 -134.47236    178.153    159.416    157.908     6.1048    33.5362  1027.1177    26.3846     6.0914     38.781   104.5202    -0.0884      7.763     2.6989     3.8569    117.433    120.531  0.000e+00
   55.73338 -134.47236    178.168    159.481    157.973     6.1044    33.5362  1027.1181    26.3846     6.0909     38.734   104.5202    -0.0591      7.763     2.6956     3.8523    117.291    120.385  0.000e+00
   55.73338 -134.47236    178.175    159.538    158.029     6.1041    33.5370  1027.1190    26.3853     6.0906     38.740   104.5202    -0.0591      7.763     2.6960     3.8529    117.310    120.405  0.000e+00
   55.73338 -134.47236    178.135    159.497    157.989     6.1039    33.5368  1027.1187    26.3851     6.0904     38.742   104.5202    -0.0591      7.763     2.6962     3.8531    117.316    120.412  0.000e+00
   55.73338 -134.47236    178.055    159.416    157.908     6.1037    33.5372  1027.1186    26.3855     6.0903     38.691   104.5202    -0.0591      7.763     2.6926     3.8480    117.160    120.251  0.000e+00
   55.73338 -134.47236    178.352    159.716    158.205     6.1038    33.5369  1027.1198    26.3852     6.0903     38.694   104.4363    -0.0591      7.763     2.6929     3.8484    117.171    120.263  0.000e+00
   55.73338 -134.47236    178.198    159.611    158.101     6.1026    33.5381  1027.1204    26.3863     6.0891     38.692   104.3245    -0.0591      7.763     2.6928     3.8482    117.167    120.259  0.000e+00
   55.73338 -134.47236    178.198    159.659    158.149     6.1016    33.5392  1027.1216    26.3873     6.0882     38.687   104.2965    -0.0591      7.763     2.6924     3.8477    117.152    120.243  0.000e+00
   55.73338 -134.47236    178.198    159.659    158.149     6.1009    33.5398  1027.1221    26.3879     6.0875     38.627   104.2965    -0.0591      7.763     2.6883     3.8418    116.973    120.059  0.000e+00
   55.73338 -134.47236    178.214    159.675    158.165     6.1008    33.5397  1027.1222    26.3879     6.0874     38.621   104.3245    -0.0591      7.758     2.6879     3.8412    116.954    120.040  0.000e+00
   55.73338 -134.47236    178.229    159.716    158.205     6.1010    33.5398  1027.1224    26.3879     6.0875     38.619   104.2965    -0.0591      7.763     2.6877     3.8410    116.947    120.033  0.000e+00
   55.73338 -134.47236    178.156    159.716    158.205     6.1010    33.5398  1027.1224    26.3879     6.0876     38.620   104.2965    -0.0591      7.758     2.6878     3.8412    116.952    120.038  0.000e+00
   55.73338 -134.47236    178.268    159.854    158.341     6.1010    33.5396  1027.1229    26.3877     6.0875     38.569   104.2965    -0.0591      7.758     2.6843     3.8361    116.798    119.880  0.000e+00
   55.73338 -134.47236    178.196    159.781    158.269     6.1010    33.5393  1027.1224    26.3875     6.0875     38.563   104.2965    -0.0591      7.758     2.6838     3.8354    116.778    119.859  0.000e+00
   55.73338 -134.47236    178.252    159.837    158.325     6.0998    33.5406  1027.1238    26.3887     6.0864     38.561   104.2965    -0.0591      7.758     2.6837     3.8353    116.774    119.855  0.000e+00
   55.73338 -134.47236    178.276    159.837    158.325     6.0956    33.5441  1027.1271    26.3920     6.0822     38.563   104.3245    -0.0591      7.758     2.6841     3.8358    116.788    119.870  0.000e+00
   55.73338 -134.47236    178.324    159.910    158.397     6.0926    33.5471  1027.1302    26.3947     6.0792     38.511   104.2965    -0.0591      7.758     2.6806     3.8309    116.639    119.718  0.000e+00
   55.73338 -134.47236    178.372    159.959    158.445     6.0925    33.5471  1027.1304    26.3947     6.0790     38.505   104.2965    -0.0591      7.758     2.6802     3.8303    116.621    119.699  0.000e+00
   55.73338 -134.47236    178.372    159.959    158.445     6.0912    33.5483  1027.1315    26.3958     6.0777     38.503   104.3245    -0.0591      7.758     2.6801     3.8302    116.616    119.695  0.000e+00
   55.73338 -134.47236    178.388    159.975    158.461     6.0894    33.5503  1027.1334    26.3976     6.0759     38.505   104.2965    -0.0591      7.758     2.6803     3.8305    116.625    119.704  0.000e+00
   55.73338 -134.47236    178.323    159.959    158.445     6.0889    33.5504  1027.1335    26.3978     6.0754     38.453   104.2965    -0.0591      7.758     2.6768     3.8254    116.470    119.545  0.000e+00
   55.73338 -134.47236    178.483    160.194    158.678     6.0896    33.5497  1027.1339    26.3971     6.0761     38.456   104.3245    -0.0591      7.758     2.6770     3.8256    116.478    119.553  0.000e+00
   55.73338 -134.47236    178.346    160.080    158.566     6.0899    33.5491  1027.1329    26.3966     6.0764     38.462   104.2965    -0.0591      7.758     2.6774     3.8262    116.495    119.570  0.000e+00
   55.73338 -134.47236    178.362    160.096    158.582     6.0876    33.5513  1027.1350    26.3987     6.0742     38.407   104.3245    -0.0591      7.758     2.6736     3.8209    116.334    119.405  0.000e+00
   55.73338 -134.47236    178.458    160.194    158.678     6.0866    33.5524  1027.1364    26.3997     6.0731     38.407   104.2965    -0.0591      7.758     2.6736     3.8209    116.333    119.404  0.000e+00
   55.73338 -134.47236    178.385    160.194    158.678     6.0865    33.5527  1027.1367    26.3999     6.0730     38.401   104.3245    -0.0591      7.758     2.6733     3.8204    116.317    119.388  0.000e+00
   55.73338 -134.47236    178.392    160.275    158.758     6.0870    33.5518  1027.1363    26.3992     6.0735     38.343   104.3245    -0.0591      7.758     2.6692     3.8145    116.140    119.206  0.000e+00
   55.73338 -134.47236    178.287    160.194    158.678     6.0873    33.5514  1027.1355    26.3988     6.0738     38.338   104.3524    -0.0591      7.758     2.6688     3.8140    116.123    119.188  0.000e+00
   55.73338 -134.47236    178.432    160.315    158.798     6.0877    33.5511  1027.1358    26.3985     6.0742     38.337   104.3245    -0.0591      7.758     2.6688     3.8139    116.122    119.187  0.000e+00
   55.73338 -134.47236    178.303    160.210    158.694     6.0881    33.5507  1027.1349    26.3981     6.0746     38.275   104.3245    -0.0591      7.758     2.6644     3.8077    115.932    118.992  0.000e+00
   55.73338 -134.47236    178.672    160.558    159.039     6.0852    33.5527  1027.1385    26.4000     6.0717     38.326   104.3245    -0.0591      7.758     2.6681     3.8130    116.092    119.156  0.000e+00
   55.73338 -134.47236    178.496    160.380    158.862     6.0797    33.5577  1027.1424    26.4047     6.0662     38.272   104.3524    -0.0591      7.758     2.6646     3.8079    115.938    118.999  0.000e+00
   55.73338 -134.47236    178.552    160.436    158.918     6.0747    33.5615  1027.1462    26.4083     6.0612     38.272   104.3245    -0.0591      7.758     2.6648     3.8083    115.950    119.012  0.000e+00
   55.73338 -134.47236    178.512    160.396    158.878     6.0712    33.5651  1027.1493    26.4116     6.0577     38.219   104.3524    -0.0591      7.758     2.6613     3.8033    115.796    118.854  0.000e+00
   55.73338 -134.47236    178.744    160.679    159.159     6.0691    33.5671  1027.1525    26.4135     6.0556     38.222   104.3245    -0.0591      7.758     2.6616     3.8037    115.807    118.866  0.000e+00
   55.73338 -134.47236    178.437    160.493    158.974     6.0682    33.5676  1027.1522    26.4140     6.0548     38.218   104.3245    -0.0591      7.758     2.6614     3.8034    115.799    118.857  0.000e+00
   55.73338 -134.47236    178.525    160.631    159.111     6.0675    33.5681  1027.1533    26.4145     6.0540     38.221   104.3245    -0.0591      7.758     2.6616     3.8037    115.807    118.866  0.000e+00
   55.73338 -134.47236    178.573    160.679    159.159     6.0657    33.5693  1027.1546    26.4156     6.0522     38.170   104.3245    -0.0591      7.758     2.6581     3.7987    115.657    118.712  0.000e+00
   55.73338 -134.47236    178.573    160.679    159.159     6.0648    33.5704  1027.1557    26.4166     6.0513     38.172   104.3245    -0.0591      7.758     2.6584     3.7991    115.667    118.722  0.000e+00
   55.73338 -134.47236    178.460    160.615    159.095     6.0649    33.5700  1027.1550    26.4163     6.0514     38.171   104.3245    -0.0591      7.758     2.6583     3.7989    115.663    118.718  0.000e+00
   55.73338 -134.47236    178.594    160.874    159.351     6.0646    33.5707  1027.1568    26.4168     6.0511     38.176   104.3245    -0.0591      7.758     2.6586     3.7994    115.677    118.733  0.000e+00
   55.73338 -134.47236    178.465    160.793    159.271     6.0653    33.5698  1027.1557    26.4161     6.0518     38.126   104.3524    -0.0591      7.758     2.6551     3.7944    115.524    118.576  0.000e+00
   55.73338 -134.47236    178.610    160.914    159.391     6.0646    33.5701  1027.1565    26.4164     6.0511     38.122   104.3245    -0.0884      7.753     2.6549     3.7941    115.515    118.567  0.000e+00
   55.73338 -134.47236    178.570    160.874    159.351     6.0643    33.5706  1027.1568    26.4168     6.0508     38.122   104.3245    -0.0884      7.753     2.6549     3.7941    115.516    118.568  0.000e+00
   55.73338 -134.47236    178.481    160.857    159.335     6.0654    33.5697  1027.1559    26.4160     6.0519     38.119   104.3524    -0.0884      7.753     2.6546     3.7937    115.502    118.553  0.000e+00
   55.73338 -134.47236    178.591    161.092    159.568     6.0669    33.5685  1027.1558    26.4148     6.0533     38.063   104.3245    -0.0884      7.753     2.6506     3.7880    115.330    118.376  0.000e+00
   55.73338 -134.47236    178.510    161.036    159.512     6.0672    33.5679  1027.1550    26.4143     6.0536     38.059   104.2685    -0.0884      7.753     2.6504     3.7876    115.319    118.365  0.000e+00
   55.73338 -134.47236    178.583    161.108    159.584     6.0681    33.5668  1027.1543    26.4133     6.0546     38.003   104.2126    -0.0884      7.753     2.6464     3.7820    115.147    118.189  0.000e+00
   55.73338 -134.47236    178.591    161.092    159.568     6.0678    33.5677  1027.1550    26.4141     6.0543     38.001   104.2126    -0.0884      7.753     2.6462     3.7818    115.140    118.181  0.000e+00
   55.73338 -134.47236    178.589    161.214    159.688     6.0674    33.5676  1027.1556    26.4141     6.0538     38.003   104.2126    -0.0884      7.753     2.6465     3.7821    115.150    118.192  0.000e+00
   55.73338 -134.47236    178.516    161.214    159.688     6.0665    33.5687  1027.1566    26.4151     6.0530     37.945   104.2126    -0.0884      7.753     2.6424     3.7763    114.974    118.011  0.000e+00
   55.73338 -134.47236    178.596    161.295    159.768     6.0666    33.5685  1027.1567    26.4148     6.0531     37.941   104.2126    -0.0884      7.753     2.6421     3.7759    114.961    117.997  0.000e+00
   55.73338 -134.47236    178.636    161.335    159.808     6.0670    33.5678  1027.1563    26.4143     6.0535     37.941   104.2126    -0.0884      7.753     2.6421     3.7759    114.961    117.998  0.000e+00
   55.73338 -134.47236    178.612    161.335    159.808     6.0664    33.5688  1027.1572    26.4152     6.0528     37.880   104.2126    -0.0884      7.753     2.6379     3.7698    114.777    117.809  0.000e+00
   55.73338 -134.47236    178.626    161.473    159.944     6.0664    33.5684  1027.1576    26.4149     6.0528     37.873   104.2126    -0.0884      7.753     2.6375     3.7692    114.758    117.789  0.000e+00
   55.73338 -134.47236    178.537    161.457    159.928     6.0664    33.5685  1027.1576    26.4149     6.0528     37.871   104.2126    -0.0884      7.753     2.6373     3.7690    114.751    117.782  0.000e+00
   55.73338 -134.47236    178.568    161.513    159.985     6.0657    33.5690  1027.1583    26.4154     6.0521     37.874   104.2126    -0.0884      7.753     2.6375     3.7693    114.760    117.791  0.000e+00
   55.73338 -134.47236    178.713    161.635    160.105     6.0657    33.5691  1027.1589    26.4155     6.0521     37.815   104.2126    -0.0884      7.753     2.6335     3.7635    114.584    117.611  0.000e+00
   55.73338 -134.47236    178.680    161.651    160.121     6.0654    33.5692  1027.1591    26.4156     6.0518     37.754   104.2126    -0.0884      7.753     2.6292     3.7573    114.397    117.419  0.000e+00
   55.73338 -134.47236    178.422    161.513    159.985     6.0660    33.5688  1027.1581    26.4152     6.0524     37.745   104.2126    -0.0884      7.753     2.6286     3.7565    114.370    117.391  0.000e+00
   55.73338 -134.47236    178.790    161.934    160.401     6.0659    33.5690  1027.1602    26.4154     6.0523     37.744   104.2126    -0.0884      7.753     2.6285     3.7564    114.368    117.389  0.000e+00
   55.73338 -134.47236    178.613    161.756    160.225     6.0657    33.5689  1027.1593    26.4154     6.0521     37.738   104.2126    -0.0884      7.749     2.6280     3.7557    114.348    117.368  0.000e+00
   55.73338 -134.47236    178.685    161.829    160.297     6.0628    33.5714  1027.1620    26.4177     6.0492     37.679   104.2126    -0.0884      7.753     2.6241     3.7501    114.177    117.194  0.000e+00
   55.73338 -134.47236    178.692    161.934    160.401     6.0577    33.5761  1027.1669    26.4220     6.0441     37.676   104.2126    -0.0884      7.753     2.6241     3.7501    114.176    117.193  0.000e+00
   55.73338 -134.47236    178.626    161.991    160.458     6.0542    33.5789  1027.1698    26.4247     6.0406     37.620   104.2126    -0.0884      7.753     2.6204     3.7448    114.013    117.025  0.000e+00
   55.73338 -134.47236    178.546    161.934    160.401     6.0526    33.5798  1027.1704    26.4256     6.0390     37.666   104.2126    -0.0884      7.753     2.6237     3.7495    114.158    117.174  0.000e+00
