EcoFOCI/data/1_SampleCollection/2022_GOA-OA_CruiseData/CTD_raw_BottleFile_RC0083/RC0083_053.ros
* Sea-Bird SBE 9 Data File:
* FileName = C:\Data\RC0083ctd\RC0083_053.hex
* Software Version Seasave V 7.26.7.107
* Temperature SN = 2060
* Conductivity SN = 1084
* Number of Bytes Per Scan = 31
* Number of Voltage Words = 4
* Number of Scans Averaged by the Deck Unit = 1
* NMEA Latitude = 58 19.84 N
* NMEA Longitude = 136 06.98 W
* NMEA UTC (Time) = Aug 19 2022  13:35:11
* NMEA baud rate = 4800
** Ship: R/V Rachel Carson
** Cruise ID: RC0083
** Tech: McHugh/Nomura
** Chief Scientist: Cross
** Station: GB24
** Cast:  CTD053
# nquan = 21
# nvalues = 245                                   
# units = specified
# name 0 = latitude: Latitude [deg]
# name 1 = longitude: Longitude [deg]
# name 2 = sfdSM: Seafloor depth [salt water, m]
# name 3 = prDM: Pressure, Digiquartz [db]
# name 4 = depSM: Depth [salt water, m]
# name 5 = t090C: Temperature [ITS-90, deg C]
# name 6 = sal00: Salinity, Practical [PSU]
# name 7 = density00: Density [density, kg/m^3]
# name 8 = sigma-é00: Density [sigma-theta, kg/m^3]
# name 9 = potemp090C: Potential Temperature [ITS-90, deg C]
# name 10 = sbeox0PS: Oxygen, SBE 43 [% saturation]
# name 11 = CStarTr0: Beam Transmission, WET Labs C-Star [%]
# name 12 = flECO-AFL: Fluorescence, WET Labs ECO-AFL/FL [mg/m^3]
# name 13 = ph: pH
# name 14 = sbeox0ML/L: Oxygen, SBE 43 [ml/l]
# name 15 = sbeox0Mg/L: Oxygen, SBE 43 [mg/l]
# name 16 = sbox0Mm/Kg: Oxygen, SBE 43 [umol/kg]
# name 17 = sbeox0Mm/L: Oxygen, SBE 43 [umol/l]
# name 18 = scan: Scan Count
# name 19 = nbf: Bottles Fired
# name 20 = flag:  0.000e+00
# interval = seconds: 0.0416667
# start_time = Aug 19 2022 13:35:11 [NMEA time, header]
# bad_flag = -9.990e-29
*END*
[from data line 207]
   58.33216 -136.10966     34.552      2.931      2.904     8.6066    29.4116  1022.8167    22.8033     8.6063     69.964    88.0465     1.5819      8.019     4.7234     6.7502    206.244    210.947      15592          5  0.000e+00
   58.33216 -136.10966     34.568      2.947      2.920     8.6077    29.4105  1022.8158    22.8023     8.6075     69.960    88.0465     1.5819      8.019     4.7230     6.7497    206.229    210.931      15593          5  0.000e+00
   58.33216 -136.10966     34.552      2.931      2.904     8.6071    29.4107  1022.8159    22.8025     8.6068     69.956    88.0465     1.5819      8.019     4.7229     6.7494    206.220    210.923      15594          5  0.000e+00
   58.33216 -136.10966     34.568      2.947      2.920     8.6059    29.4120  1022.8172    22.8037     8.6056     69.953    88.0465     1.5526      8.019     4.7227     6.7493    206.215    210.917      15595          5  0.000e+00
   58.33216 -136.10966     34.552      2.931      2.904     8.6053    29.4128  1022.8179    22.8045     8.6050     69.950    88.0465     1.5819      8.019     4.7226     6.7490    206.207    210.909      15596          5  0.000e+00
   58.33216 -136.10966     34.568      2.947      2.920     8.6050    29.4133  1022.8184    22.8049     8.6047     69.948    88.1025     1.5819      8.019     4.7224     6.7488    206.200    210.902      15597          5  0.000e+00
   58.33216 -136.10966     36.359      2.931      2.904     8.6052    29.4134  1022.8184    22.8050     8.6049     69.945    88.1025     1.5819      8.019     4.7222     6.7485    206.191    210.893      15598          5  0.000e+00
   58.33216 -136.10966     76.986      2.947      2.920     8.6053    29.4140  1022.8189    22.8054     8.6050     69.997    88.1025     1.5819      8.019     4.7257     6.7535    206.345    211.050      15599          5  0.000e+00
   58.33216 -136.10966    101.048      2.931      2.904     8.6052    29.4144  1022.8192    22.8058     8.6049     70.002    88.1025     1.5819      8.019     4.7260     6.7539    206.357    211.064      15600          5  0.000e+00
   58.33216 -136.10966    102.904      2.931      2.904     8.6052    29.4145  1022.8193    22.8058     8.6049     69.952    88.1025     1.5819      8.019     4.7226     6.7491    206.209    210.912      15601          5  0.000e+00
   58.33216 -136.10966    102.480      2.947      2.920     8.6048    29.4150  1022.8198    22.8063     8.6045     69.950    88.1025     1.5526      8.019     4.7225     6.7489    206.205    210.908      15602          5  0.000e+00
   58.33216 -136.10966    101.512      2.931      2.904     8.6043    29.4158  1022.8204    22.8070     8.6041     69.948    88.1025     1.5819      8.019     4.7224     6.7488    206.201    210.903      15603          5  0.000e+00
   58.33216 -136.10966    101.430      2.947      2.920     8.6045    29.4160  1022.8206    22.8071     8.6042     69.892    88.1025     1.5233      8.019     4.7186     6.7434    206.035    210.734      15604          5  0.000e+00
   58.33216 -136.10966    101.423      2.866      2.840     8.6052    29.4158  1022.8199    22.8068     8.6049     69.938    88.1025     1.4940      8.019     4.7217     6.7478    206.168    210.870      15605          5  0.000e+00
   58.33216 -136.10966    101.552      2.947      2.920     8.6053    29.4156  1022.8202    22.8067     8.6050     69.939    88.1025     1.4940      8.019     4.7217     6.7478    206.168    210.870      15606          5  0.000e+00
   58.33216 -136.10966    101.536      2.931      2.904     8.6058    29.4151  1022.8196    22.8062     8.6055     69.938    88.1025     1.4940      8.019     4.7216     6.7477    206.166    210.867      15607          5  0.000e+00
   58.33216 -136.10966    101.552      2.947      2.920     8.6059    29.4147  1022.8194    22.8059     8.6056     69.938    88.1025     1.4940      8.019     4.7216     6.7477    206.166    210.868      15608          5  0.000e+00
   58.33216 -136.10966    101.536      2.931      2.904     8.6057    29.4145  1022.8191    22.8057     8.6054     69.938    88.1025     1.4940      8.019     4.7217     6.7477    206.168    210.870      15609          5  0.000e+00
   58.33216 -136.10966    101.496      2.890      2.864     8.6058    29.4141  1022.8186    22.8054     8.6055     69.877    88.1025     1.4940      8.019     4.7175     6.7418    205.986    210.684      15610          5  0.000e+00
   58.33216 -136.10966    101.536      2.931      2.904     8.6061    29.4134  1022.8182    22.8048     8.6059     69.864    88.1025     1.4940      8.019     4.7166     6.7406    205.949    210.645      15611          5  0.000e+00
   58.33216 -136.10966    101.552      2.947      2.920     8.6070    29.4123  1022.8173    22.8038     8.6067     69.859    88.1025     1.4940      8.019     4.7162     6.7399    205.930    210.626      15612          5  0.000e+00
   58.33216 -136.10966    101.536      2.931      2.904     8.6072    29.4122  1022.8171    22.8037     8.6070     69.853    88.1025     1.4940      8.019     4.7158     6.7394    205.913    210.609      15613          5  0.000e+00
   58.33216 -136.10966    101.496      2.890      2.864     8.6065    29.4130  1022.8177    22.8044     8.6062     69.841    88.1025     1.4940      8.019     4.7151     6.7383    205.881    210.576      15614          5  0.000e+00
   58.33216 -136.10966    101.536      2.931      2.904     8.6054    29.4138  1022.8186    22.8052     8.6052     69.838    88.1025     1.4940      8.019     4.7149     6.7381    205.874    210.568      15615          5  0.000e+00
   58.33216 -136.10966    101.552      2.947      2.920     8.6058    29.4141  1022.8189    22.8054     8.6055     69.834    88.1025     1.4647      8.019     4.7146     6.7377    205.861    210.556      15616          5  0.000e+00
   58.33216 -136.10966    101.536      2.931      2.904     8.6065    29.4133  1022.8181    22.8047     8.6062     69.831    88.1304     1.4940      8.019     4.7144     6.7373    205.849    210.543      15617          5  0.000e+00
   58.33216 -136.10966    101.496      2.890      2.864     8.6071    29.4125  1022.8172    22.8039     8.6068     69.821    88.1584     1.4940      8.019     4.7136     6.7363    205.818    210.511      15618          5  0.000e+00
   58.33216 -136.10966    101.536      2.931      2.904     8.6068    29.4125  1022.8174    22.8040     8.6065     69.764    88.1584     1.4940      8.019     4.7099     6.7309    205.653    210.343      15619          5  0.000e+00
   58.33216 -136.10966    101.536      2.931      2.904     8.6065    29.4127  1022.8176    22.8042     8.6062     69.756    88.1584     1.4940      8.019     4.7093     6.7301    205.630    210.319      15620          5  0.000e+00
   58.33216 -136.10966    101.552      2.947      2.920     8.6057    29.4133  1022.8183    22.8048     8.6054     69.749    88.1584     1.4940      8.019     4.7089     6.7295    205.612    210.301      15621          5  0.000e+00
   58.33216 -136.10966    101.536      2.931      2.904     8.6057    29.4139  1022.8187    22.8053     8.6054     69.742    88.1584     1.4940      8.019     4.7085     6.7289    205.591    210.280      15622          5  0.000e+00
   58.33216 -136.10966    101.496      2.890      2.864     8.6065    29.4137  1022.8182    22.8050     8.6062     69.736    88.1584     1.4940      8.019     4.7080     6.7282    205.570    210.258      15623          5  0.000e+00
   58.33216 -136.10964    101.536      2.931      2.904     8.6070    29.4129  1022.8177    22.8043     8.6067     69.732    88.1584     1.4940      8.019     4.7076     6.7277    205.556    210.243      15624          5  0.000e+00
   58.33216 -136.10964    101.552      2.947      2.920     8.6068    29.4127  1022.8177    22.8042     8.6065     69.728    88.1584     1.5233      8.019     4.7074     6.7274    205.546    210.233      15625          5  0.000e+00
   58.33216 -136.10964    101.536      2.931      2.904     8.6068    29.4129  1022.8178    22.8043     8.6065     69.718    88.1584     1.5233      8.019     4.7067     6.7264    205.515    210.202      15626          5  0.000e+00
   58.33216 -136.10964    101.552      2.947      2.920     8.6063    29.4133  1022.8182    22.8047     8.6060     69.716    88.1584     1.5233      8.019     4.7066     6.7262    205.510    210.197      15627          5  0.000e+00
   58.33216 -136.10964    101.536      2.931      2.904     8.6058    29.4140  1022.8187    22.8053     8.6055     69.714    88.1584     1.5233      8.019     4.7065     6.7261    205.506    210.193      15628          5  0.000e+00
   58.33216 -136.10964    101.552      2.947      2.920     8.6058    29.4137  1022.8185    22.8051     8.6055     69.706    88.1584     1.5233      8.019     4.7060     6.7253    205.484    210.170      15629          5  0.000e+00
