EcoFOCI/data/1_SampleCollection/2022_GOA-OA_CruiseData/CTD_raw_BottleFile_RC0083/RC0083_009.ros
* Sea-Bird SBE 9 Data File:
* FileName = C:\Data\RC0083ctd\RC0083_009.hex
* Software Version Seasave V 7.26.7.107
* Temperature SN = 2060
* Conductivity SN = 1084
* Number of Bytes Per Scan = 31
* Number of Voltage Words = 4
* Number of Scans Averaged by the Deck Unit = 1
* NMEA Latitude = 55 12.86 N
* NMEA Longitude = 135 21.01 W
* NMEA UTC (Time) = Aug 12 2022  22:34:59
* NMEA baud rate = 4800
** Ship: R/V Rachel Carson
** Cruise ID: RC0083 RC0083
** Tech: McHugh/Nomura
** Chief Scientist: Cross Cross
** Station: POW8
** Cast:  009
# nquan = 21
# nvalues = 588                                   
# units = specified
# name 0 = latitude: Latitude [deg]
# name 1 = longitude: Longitude [deg]
# name 2 = sfdSM: Seafloor depth [salt water, m]
# name 3 = prDM: Pressure, Digiquartz [db]
# name 4 = depSM: Depth [salt water, m]
# name 5 = t090C: Temperature [ITS-90, deg C]
# name 6 = sal00: Salinity, Practical [PSU]
# name 7 = density00: Density [density, kg/m^3]
# name 8 = sigma-é00: Density [sigma-theta, kg/m^3]
# name 9 = potemp090C: Potential Temperature [ITS-90, deg C]
# name 10 = sbeox0PS: Oxygen, SBE 43 [% saturation]
# name 11 = CStarTr0: Beam Transmission, WET Labs C-Star [%]
# name 12 = flECO-AFL: Fluorescence, WET Labs ECO-AFL/FL [mg/m^3]
# name 13 = ph: pH
# name 14 = sbeox0ML/L: Oxygen, SBE 43 [ml/l]
# name 15 = sbeox0Mg/L: Oxygen, SBE 43 [mg/l]
# name 16 = sbox0Mm/Kg: Oxygen, SBE 43 [umol/kg]
# name 17 = sbeox0Mm/L: Oxygen, SBE 43 [umol/l]
# name 18 = scan: Scan Count
# name 19 = nbf: Bottles Fired
# name 20 = flag:  0.000e+00
# interval = seconds: 0.0416667
# start_time = Aug 12 2022 22:34:59 [NMEA time, header]
# bad_flag = -9.990e-29
*END*
[from data line 276]
   55.21740 -135.35256    299.188    202.483    200.556     5.9357    33.7596  1027.5139    26.5827     5.9188     33.342   106.8137    -0.0884      7.773     2.3260     3.3241    101.191    103.881      77528          6  0.000e+00
   55.21740 -135.35256    299.116    202.410    200.484     5.9358    33.7596  1027.5135    26.5826     5.9189     33.290   106.8137    -0.0884      7.773     2.3225     3.3190    101.035    103.721      77529          6  0.000e+00
   55.21740 -135.35256    299.189    202.483    200.556     5.9359    33.7595  1027.5138    26.5825     5.9190     33.290   106.8137    -0.0884      7.773     2.3224     3.3190    101.033    103.719      77530          6  0.000e+00
   55.21740 -135.35256    299.116    202.411    200.484     5.9357    33.7599  1027.5138    26.5829     5.9188     33.280   106.8137    -0.0884      7.773     2.3217     3.3180    101.004    103.689      77531          6  0.000e+00
   55.21740 -135.35256    299.189    202.483    200.556     5.9357    33.7599  1027.5141    26.5828     5.9188     33.338   106.8137    -0.0884      7.773     2.3257     3.3237    101.178    103.868      77532          6  0.000e+00
   55.21740 -135.35256    299.189    202.484    200.556     5.9356    33.7600  1027.5142    26.5830     5.9187     33.287   106.8137    -0.0884      7.773     2.3222     3.3187    101.026    103.712      77533          6  0.000e+00
   55.21740 -135.35256    299.181    202.475    200.548     5.9356    33.7603  1027.5144    26.5832     5.9187     33.278   106.8137    -0.0884      7.773     2.3216     3.3178    100.999    103.684      77534          6  0.000e+00
   55.21740 -135.35256    299.133    202.427    200.500     5.9357    33.7607  1027.5145    26.5835     5.9188     33.336   106.8137    -0.0884      7.773     2.3256     3.3235    101.172    103.861      77535          6  0.000e+00
   55.21740 -135.35256    299.237    202.532    200.604     5.9359    33.7608  1027.5151    26.5836     5.9190     33.344   106.8137    -0.0884      7.773     2.3262     3.3243    101.197    103.887      77536          6  0.000e+00
   55.21740 -135.35256    299.133    202.427    200.500     5.9362    33.7605  1027.5142    26.5833     5.9193     33.351   106.8137    -0.0884      7.773     2.3267     3.3250    101.219    103.909      77537          6  0.000e+00
   55.21740 -135.35256    299.181    202.476    200.548     5.9362    33.7603  1027.5143    26.5831     5.9192     33.359   106.8137    -0.0884      7.773     2.3272     3.3259    101.243    103.935      77538          6  0.000e+00
   55.21740 -135.35256    299.133    202.427    200.500     5.9364    33.7599  1027.5138    26.5828     5.9195     33.309   106.8137    -0.0884      7.773     2.3237     3.3209    101.091    103.778      77539          6  0.000e+00
   55.21740 -135.35256    299.189    202.484    200.556     5.9365    33.7602  1027.5142    26.5830     5.9196     33.310   106.8137    -0.0884      7.773     2.3237     3.3209    101.091    103.778      77540          6  0.000e+00
   55.21740 -135.35256    299.117    202.411    200.484     5.9367    33.7602  1027.5139    26.5830     5.9198     33.310   106.8137    -0.0884      7.773     2.3237     3.3208    101.091    103.778      77541          6  0.000e+00
   55.21740 -135.35256    299.133    202.427    200.500     5.9367    33.7597  1027.5136    26.5826     5.9198     33.310   106.8137    -0.0884      7.773     2.3238     3.3209    101.093    103.781      77542          6  0.000e+00
   55.21740 -135.35256    299.117    202.411    200.484     5.9364    33.7597  1027.5135    26.5826     5.9195     33.311   106.8137    -0.0884      7.773     2.3239     3.3211    101.097    103.784      77543          6  0.000e+00
   55.21740 -135.35256    299.069    202.362    200.436     5.9364    33.7596  1027.5133    26.5826     5.9195     33.304   106.8137    -0.0884      7.773     2.3234     3.3203    101.075    103.761      77544          6  0.000e+00
   55.21740 -135.35256    299.061    202.354    200.428     5.9362    33.7600  1027.5135    26.5829     5.9193     33.297   106.8137    -0.0884      7.773     2.3229     3.3196    101.053    103.739      77545          6  0.000e+00
   55.21748 -135.35274    249.121    151.916    150.488     6.3222    33.2971  1026.8664    26.1682     6.3092     47.724   106.8417    -0.0884      7.859     3.3096     4.7298    144.040    147.809      80121          7  0.000e+00
   55.21748 -135.35274    249.233    152.029    150.600     6.3226    33.2966  1026.8664    26.1678     6.3097     47.718   106.8137    -0.0884      7.859     3.3092     4.7292    144.022    147.790      80122          7  0.000e+00
   55.21748 -135.35274    249.056    151.851    150.424     6.3229    33.2961  1026.8652    26.1673     6.3099     47.710   106.8417    -0.0884      7.859     3.3087     4.7284    143.997    147.765      80123          7  0.000e+00
   55.21748 -135.35274    249.121    151.916    150.488     6.3224    33.2972  1026.8665    26.1683     6.3094     47.712   106.8417    -0.0884      7.854     3.3088     4.7286    144.001    147.769      80124          7  0.000e+00
   55.21748 -135.35274    249.113    151.908    150.480     6.3219    33.2979  1026.8670    26.1689     6.3089     47.712   106.8417    -0.0884      7.854     3.3088     4.7286    144.003    147.771      80125          7  0.000e+00
   55.21748 -135.35274    249.008    151.802    150.376     6.3221    33.2972  1026.8660    26.1683     6.3091     47.654   106.8417    -0.0884      7.854     3.3048     4.7229    143.829    147.592      80126          7  0.000e+00
   55.21748 -135.35274    249.057    151.851    150.424     6.3217    33.2975  1026.8665    26.1686     6.3087     47.704   106.8417    -0.0884      7.859     3.3083     4.7278    143.979    147.747      80127          7  0.000e+00
   55.21748 -135.35274    249.121    151.916    150.488     6.3215    33.2984  1026.8675    26.1693     6.3085     47.647   106.8417    -0.0884      7.854     3.3043     4.7222    143.807    147.570      80128          7  0.000e+00
   55.21748 -135.35274    249.057    151.851    150.424     6.3219    33.2978  1026.8667    26.1688     6.3090     47.638   106.8417    -0.0884      7.859     3.3037     4.7213    143.780    147.542      80129          7  0.000e+00
   55.21748 -135.35274    249.065    151.859    150.432     6.3217    33.2976  1026.8666    26.1687     6.3087     47.630   106.8417    -0.0884      7.854     3.3031     4.7205    143.756    147.518      80130          7  0.000e+00
   55.21748 -135.35274    249.113    151.908    150.480     6.3221    33.2974  1026.8667    26.1685     6.3091     47.613   106.8417    -0.0884      7.859     3.3020     4.7189    143.706    147.466      80131          7  0.000e+00
   55.21748 -135.35274    249.065    151.859    150.432     6.3221    33.2975  1026.8665    26.1686     6.3091     47.596   106.8417    -0.0884      7.854     3.3008     4.7172    143.654    147.413      80132          7  0.000e+00
   55.21748 -135.35274    249.057    151.851    150.424     6.3220    33.2976  1026.8665    26.1686     6.3090     47.579   106.8137    -0.0884      7.859     3.2996     4.7155    143.602    147.360      80133          7  0.000e+00
   55.21748 -135.35274    249.121    151.916    150.488     6.3224    33.2970  1026.8663    26.1681     6.3094     47.562   106.8417    -0.0884      7.854     3.2984     4.7137    143.550    147.306      80134          7  0.000e+00
   55.21748 -135.35274    249.057    151.851    150.424     6.3229    33.2962  1026.8653    26.1675     6.3099     47.552   106.8417    -0.0884      7.859     3.2977     4.7127    143.519    147.274      80135          7  0.000e+00
   55.21748 -135.35274    249.113    151.908    150.480     6.3219    33.2975  1026.8667    26.1686     6.3089     47.543   106.8417    -0.0884      7.859     3.2971     4.7119    143.493    147.248      80136          7  0.000e+00
   55.21748 -135.35274    249.121    151.916    150.488     6.3216    33.2982  1026.8674    26.1692     6.3086     47.590   106.8137    -0.0884      7.859     3.3004     4.7166    143.637    147.396      80137          7  0.000e+00
   55.21748 -135.35274    249.113    151.908    150.480     6.3224    33.2975  1026.8666    26.1685     6.3094     47.531   106.8137    -0.0884      7.859     3.2963     4.7107    143.457    147.211      80138          7  0.000e+00
   55.21748 -135.35274    249.121    151.916    150.488     6.3228    33.2966  1026.8660    26.1678     6.3098     47.521   106.8137    -0.0884      7.859     3.2955     4.7097    143.426    147.179      80139          7  0.000e+00
   55.21748 -135.35274    249.177    151.973    150.545     6.3230    33.2961  1026.8657    26.1673     6.3100     47.512   106.8137    -0.0884      7.859     3.2949     4.7087    143.397    147.149      80140          7  0.000e+00
   55.21748 -135.35274    249.305    152.102    150.673     6.3230    33.2965  1026.8667    26.1677     6.3100     47.503   106.8137    -0.0884      7.859     3.2942     4.7078    143.369    147.121      80141          7  0.000e+00
   55.21748 -135.35274    249.057    151.851    150.424     6.3229    33.2955  1026.8648    26.1669     6.3099     47.491   106.8137    -0.0884      7.859     3.2935     4.7067    143.336    147.087      80142          7  0.000e+00
   55.21748 -135.35274    249.241    152.038    150.609     6.3224    33.2976  1026.8673    26.1686     6.3094     47.425   106.8137    -0.0884      7.859     3.2889     4.7002    143.137    146.883      80143          7  0.000e+00
   55.21748 -135.35274    249.233    152.030    150.601     6.3226    33.2968  1026.8666    26.1679     6.3096     47.465   106.8137    -0.0884      7.859     3.2916     4.7041    143.256    147.005      80144          7  0.000e+00
   55.21748 -135.35274    249.241    152.038    150.609     6.3219    33.2977  1026.8675    26.1688     6.3089     47.455   106.8137    -0.0884      7.854     3.2910     4.7032    143.229    146.977      80145          7  0.000e+00
   55.21748 -135.35274    249.297    152.094    150.665     6.3216    33.2984  1026.8683    26.1693     6.3086     47.397   106.8137    -0.0884      7.859     3.2870     4.6975    143.054    146.798      80146          7  0.000e+00
   55.21748 -135.35274    249.297    152.094    150.665     6.3211    33.2987  1026.8687    26.1697     6.3081     47.446   106.8137    -0.0884      7.859     3.2904     4.7023    143.202    146.950      80147          7  0.000e+00
   55.21748 -135.35274    249.362    152.159    150.729     6.3206    33.2991  1026.8693    26.1700     6.3076     47.389   106.8137    -0.0884      7.859     3.2865     4.6967    143.031    146.774      80148          7  0.000e+00
   55.21748 -135.35274    249.354    152.151    150.721     6.3195    33.3006  1026.8706    26.1714     6.3065     47.373   106.8137    -0.0884      7.859     3.2854     4.6952    142.986    146.728      80149          7  0.000e+00
   55.21748 -135.35274    249.418    152.216    150.785     6.3186    33.3020  1026.8721    26.1726     6.3056     47.358   106.8137    -0.0884      7.859     3.2844     4.6938    142.942    146.683      80150          7  0.000e+00
   55.21748 -135.35274    249.410    152.208    150.777     6.3182    33.3024  1026.8724    26.1729     6.3052     47.351   106.8137    -0.0884      7.859     3.2840     4.6931    142.922    146.663      80151          7  0.000e+00
   55.21748 -135.35274    249.482    152.281    150.850     6.3178    33.3027  1026.8731    26.1732     6.3048     47.345   106.8137    -0.0884      7.859     3.2836     4.6926    142.906    146.646      80152          7  0.000e+00
   55.21748 -135.35274    249.474    152.273    150.842     6.3173    33.3034  1026.8737    26.1738     6.3043     47.340   106.8137    -0.0884      7.859     3.2832     4.6921    142.890    146.630      80153          7  0.000e+00
   55.21748 -135.35274    249.538    152.337    150.906     6.3168    33.3042  1026.8746    26.1745     6.3037     47.335   106.8137    -0.0884      7.859     3.2830     4.6917    142.877    146.617      80154          7  0.000e+00
   55.21748 -135.35274    249.530    152.329    150.898     6.3165    33.3039  1026.8744    26.1743     6.3035     47.331   106.8137    -0.0884      7.859     3.2827     4.6913    142.865    146.604      80155          7  0.000e+00
   55.21748 -135.35274    249.586    152.386    150.954     6.3162    33.3041  1026.8749    26.1745     6.3032     47.328   106.8137    -0.0884      7.859     3.2825     4.6910    142.856    146.595      80156          7  0.000e+00
   55.21748 -135.35274    249.602    152.402    150.970     6.3157    33.3053  1026.8760    26.1756     6.3027     47.325   106.7857    -0.0884      7.859     3.2823     4.6907    142.848    146.587      80157          7  0.000e+00
   55.21748 -135.35274    249.707    152.508    151.074     6.3153    33.3056  1026.8767    26.1758     6.3023     47.323   106.7857    -0.0884      7.859     3.2822     4.6906    142.844    146.583      80158          7  0.000e+00
   55.21748 -135.35274    249.659    152.459    151.026     6.3150    33.3065  1026.8772    26.1766     6.3020     47.321   106.7857    -0.0884      7.859     3.2821     4.6904    142.838    146.577      80159          7  0.000e+00
   55.21748 -135.35274    249.707    152.508    151.074     6.3152    33.3063  1026.8773    26.1764     6.3021     47.321   106.7857    -0.0884      7.859     3.2820     4.6903    142.836    146.574      80160          7  0.000e+00
   55.21748 -135.35274    249.779    152.580    151.146     6.3149    33.3061  1026.8775    26.1763     6.3019     47.321   106.7857    -0.0884      7.859     3.2820     4.6904    142.837    146.576      80161          7  0.000e+00
   55.21748 -135.35274    249.771    152.572    151.138     6.3148    33.3062  1026.8776    26.1764     6.3018     47.321   106.7857    -0.0884      7.859     3.2821     4.6904    142.838    146.577      80162          7  0.000e+00
   55.21748 -135.35274    249.779    152.581    151.146     6.3140    33.3073  1026.8785    26.1773     6.3010     47.265   106.7857    -0.0884      7.859     3.2782     4.6849    142.671    146.405      80163          7  0.000e+00
   55.21748 -135.35274    249.827    152.629    151.195     6.3136    33.3077  1026.8792    26.1777     6.3006     47.260   106.7857    -0.0884      7.854     3.2779     4.6844    142.655    146.389      80164          7  0.000e+00
   55.21748 -135.35274    249.883    152.686    151.251     6.3137    33.3076  1026.8793    26.1776     6.3007     47.255   106.7857    -0.0884      7.859     3.2775     4.6839    142.640    146.374      80165          7  0.000e+00
   55.21748 -135.35274    249.899    152.702    151.267     6.3134    33.3079  1026.8797    26.1779     6.3003     47.316   106.7857    -0.0884      7.859     3.2818     4.6900    142.827    146.566      80166          7  0.000e+00
   55.21748 -135.35274    249.883    152.686    151.251     6.3132    33.3079  1026.8796    26.1779     6.3002     47.321   106.7857    -0.0884      7.859     3.2822     4.6905    142.842    146.582      80167          7  0.000e+00
   55.21748 -135.35274    250.011    152.815    151.379     6.3131    33.3083  1026.8805    26.1782     6.3000     47.271   106.7857    -0.0884      7.859     3.2787     4.6855    142.689    146.425      80168          7  0.000e+00
   55.21748 -135.35274    249.827    152.629    151.195     6.3129    33.3084  1026.8798    26.1784     6.2999     47.268   106.7857    -0.0884      7.859     3.2785     4.6853    142.682    146.417      80169          7  0.000e+00
   55.21758 -135.35292    198.387    100.688     99.754     6.6763    32.5898  1026.0270    25.5643     6.6676     73.359   106.9256    -0.0884      8.016     5.0694     7.2447    220.757    226.400      82507          8  0.000e+00
