EcoFOCI/data/1_SampleCollection/2022_GOA-OA_CruiseData/CTD_raw_BottleFile_RC0083/RC0083_139.cnv
* Sea-Bird SBE 9 Data File:
* FileName = C:\Data\RC0083ctd\RC0083_139.hex
* Software Version Seasave V 7.26.7.107
* Temperature SN = 2060
* Conductivity SN = 2881
* Number of Bytes Per Scan = 31
* Number of Voltage Words = 4
* Number of Scans Averaged by the Deck Unit = 1
* NMEA Latitude = 55 29.22 N
* NMEA Longitude = 131 55.51 W
* NMEA UTC (Time) = Aug 28 2022  09:18:13
* NMEA baud rate = 4800
** Ship: R/V Rachel Carson
** Cruise ID: RC0083
** Tech: McHugh/Nomura
** Chief Scientist: Cross
** Station: MCLS4
** Cast:  CTD139
# nquan = 19
# nvalues = 19248                                 
# units = specified
# name 0 = latitude: Latitude [deg]
# name 1 = longitude: Longitude [deg]
# name 2 = sfdSM: Seafloor depth [salt water, m]
# name 3 = prDM: Pressure, Digiquartz [db]
# name 4 = depSM: Depth [salt water, m]
# name 5 = t090C: Temperature [ITS-90, deg C]
# name 6 = sal00: Salinity, Practical [PSU]
# name 7 = density00: Density [density, kg/m^3]
# name 8 = sigma-é00: Density [sigma-theta, kg/m^3]
# name 9 = potemp090C: Potential Temperature [ITS-90, deg C]
# name 10 = sbeox0PS: Oxygen, SBE 43 [% saturation]
# name 11 = CStarTr0: Beam Transmission, WET Labs C-Star [%]
# name 12 = flECO-AFL: Fluorescence, WET Labs ECO-AFL/FL [mg/m^3]
# name 13 = ph: pH
# name 14 = sbeox0ML/L: Oxygen, SBE 43 [ml/l]
# name 15 = sbeox0Mg/L: Oxygen, SBE 43 [mg/l]
# name 16 = sbox0Mm/Kg: Oxygen, SBE 43 [umol/kg]
# name 17 = sbeox0Mm/L: Oxygen, SBE 43 [umol/l]
# name 18 = flag:  0.000e+00
# span 0 =   55.48696,   55.49012                 
# span 1 = -131.92514, -131.92266                 
# span 2 =      3.545,    322.601                 
# span 3 =      1.913,    281.419                 
# span 4 =      1.896,    278.681                 
# span 5 =     5.6045,    14.8669                 
# span 6 =    27.3368,    33.6958                 
# span 7 =  1020.1336,  1027.8676                 
# span 8 =    20.1032,    26.5733                 
# span 9 =     5.5816,    14.8661                 
# span 10 =     22.415,     91.207                
# span 11 =    87.7948,   104.9118                
# span 12 =    -0.1177,     3.3987                
# span 13 =      7.672,      8.338                
# span 14 =     1.5764,     5.4762                
# span 15 =     2.2529,     7.8261                
# span 16 =     68.581,    239.576                
# span 17 =     70.404,    244.569                
# span 18 = 0.0000e+00, 0.0000e+00                
# interval = seconds: 0.0416667
# start_time = Aug 28 2022 09:18:13 [NMEA time, header]
# bad_flag = -9.990e-29
*END*
[from data line 6934]
   55.48830 -131.92374    293.543    196.884    195.008     5.7084    33.6270  1027.4125    26.5056     5.6924     23.255   103.8770    -0.0591      7.682     1.6325     2.3330     71.023     72.906  0.000e+00
   55.48830 -131.92374    293.583    196.925    195.048     5.7086    33.6264  1027.4122    26.5051     5.6925     23.254   103.8770    -0.0591      7.682     1.6324     2.3328     71.020     72.902  0.000e+00
   55.48830 -131.92374    293.599    196.941    195.064     5.7087    33.6268  1027.4125    26.5054     5.6927     23.253   103.8770    -0.0591      7.682     1.6323     2.3327     71.017     72.899  0.000e+00
   55.48830 -131.92374    293.639    196.982    195.105     5.7090    33.6266  1027.4125    26.5052     5.6930     23.253   103.8770    -0.0591      7.682     1.6323     2.3327     71.015     72.897  0.000e+00
   55.48830 -131.92374    293.695    197.063    195.185     5.7092    33.6261  1027.4125    26.5048     5.6932     23.252   103.8770    -0.0884      7.682     1.6323     2.3327     71.015     72.897  0.000e+00
   55.48830 -131.92374    293.671    197.038    195.161     5.7095    33.6262  1027.4124    26.5048     5.6935     23.252   103.8770    -0.0884      7.682     1.6322     2.3326     71.014     72.896  0.000e+00
   55.48830 -131.92374    293.735    197.103    195.225     5.7095    33.6261  1027.4126    26.5047     5.6935     23.253   103.8490    -0.0884      7.682     1.6323     2.3327     71.016     72.898  0.000e+00
   55.48830 -131.92374    293.815    197.184    195.305     5.7099    33.6259  1027.4128    26.5045     5.6938     23.312   103.8770    -0.0884      7.682     1.6364     2.3386     71.197     73.084  0.000e+00
   55.48830 -131.92374    293.816    197.160    195.281     5.7097    33.6262  1027.4129    26.5048     5.6936     23.313   103.8770    -0.0884      7.682     1.6365     2.3387     71.198     73.085  0.000e+00
   55.48830 -131.92374    293.872    197.241    195.361     5.7100    33.6256  1027.4128    26.5043     5.6939     23.371   103.8770    -0.0884      7.677     1.6406     2.3446     71.377     73.269  0.000e+00
   55.48830 -131.92374    293.936    197.281    195.401     5.7108    33.6251  1027.4125    26.5038     5.6947     23.319   103.8770    -0.0884      7.682     1.6369     2.3393     71.217     73.105  0.000e+00
   55.48830 -131.92374    293.952    197.297    195.417     5.7111    33.6248  1027.4123    26.5035     5.6950     23.267   103.8770    -0.0884      7.682     1.6332     2.3341     71.058     72.941  0.000e+00
   55.48830 -131.92374    293.992    197.338    195.457     5.7113    33.6244  1027.4122    26.5032     5.6952     23.318   103.8770    -0.0884      7.682     1.6368     2.3392     71.213     73.101  0.000e+00
   55.48830 -131.92374    294.072    197.419    195.538     5.7119    33.6238  1027.4120    26.5027     5.6958     23.266   103.8770    -0.0884      7.682     1.6332     2.3340     71.054     72.937  0.000e+00
   55.48830 -131.92374    294.056    197.403    195.522     5.7118    33.6243  1027.4123    26.5030     5.6957     23.266   103.8770    -0.0884      7.682     1.6331     2.3339     71.053     72.936  0.000e+00
   55.48830 -131.92374    294.056    197.403    195.522     5.7116    33.6245  1027.4125    26.5032     5.6955     23.266   103.8770    -0.0884      7.682     1.6331     2.3339     71.053     72.936  0.000e+00
   55.48830 -131.92374    294.193    197.540    195.658     5.7113    33.6245  1027.4131    26.5032     5.6952     23.267   103.8770    -0.0884      7.682     1.6332     2.3340     71.056     72.939  0.000e+00
   55.48830 -131.92374    294.177    197.524    195.642     5.7110    33.6244  1027.4131    26.5033     5.6949     23.267   103.8770    -0.0884      7.677     1.6333     2.3341     71.058     72.942  0.000e+00
   55.48830 -131.92374    294.224    197.597    195.714     5.7107    33.6252  1027.4140    26.5039     5.6946     23.269   103.8770    -0.0884      7.682     1.6333     2.3342     71.062     72.945  0.000e+00
   55.48830 -131.92374    294.233    197.581    195.698     5.7105    33.6255  1027.4143    26.5042     5.6944     23.270   103.8770    -0.0884      7.682     1.6334     2.3343     71.066     72.949  0.000e+00
   55.48830 -131.92374    294.313    197.662    195.778     5.7110    33.6248  1027.4140    26.5035     5.6949     23.271   103.8770    -0.0884      7.682     1.6335     2.3345     71.070     72.954  0.000e+00
   55.48830 -131.92374    294.329    197.702    195.818     5.7110    33.6249  1027.4143    26.5036     5.6949     23.325   103.8770    -0.0884      7.682     1.6373     2.3398     71.233     73.120  0.000e+00
   55.48830 -131.92374    294.345    197.719    195.834     5.7108    33.6251  1027.4145    26.5038     5.6947     23.274   103.8770    -0.0884      7.682     1.6338     2.3348     71.080     72.964  0.000e+00
   55.48830 -131.92374    294.353    197.702    195.818     5.7111    33.6248  1027.4142    26.5035     5.6950     23.276   103.8770    -0.0884      7.682     1.6339     2.3350     71.085     72.969  0.000e+00
   55.48830 -131.92374    294.385    197.759    195.874     5.7115    33.6242  1027.4139    26.5030     5.6954     23.271   103.8770    -0.0884      7.682     1.6335     2.3344     71.069     72.952  0.000e+00
   55.48830 -131.92374    294.489    197.840    195.955     5.7115    33.6243  1027.4144    26.5031     5.6953     23.325   103.8770    -0.0884      7.682     1.6373     2.3398     71.232     73.120  0.000e+00
   55.48830 -131.92374    294.530    197.881    195.995     5.7115    33.6244  1027.4146    26.5031     5.6953     23.334   103.8770    -0.0884      7.682     1.6379     2.3407     71.260     73.148  0.000e+00
   55.48830 -131.92374    294.465    197.840    195.955     5.7118    33.6241  1027.4142    26.5029     5.6956     23.276   103.8770    -0.0884      7.677     1.6339     2.3350     71.084     72.968  0.000e+00
   55.48830 -131.92374    294.530    197.881    195.995     5.7115    33.6244  1027.4146    26.5031     5.6953     23.329   103.8770    -0.0884      7.682     1.6376     2.3403     71.247     73.135  0.000e+00
   55.48830 -131.92374    294.610    197.962    196.075     5.7111    33.6247  1027.4153    26.5034     5.6950     23.331   103.8770    -0.0884      7.682     1.6377     2.3405     71.252     73.140  0.000e+00
   55.48832 -131.92374    294.650    198.002    196.115     5.7110    33.6248  1027.4156    26.5036     5.6948     23.332   103.8770    -0.0884      7.682     1.6378     2.3406     71.255     73.144  0.000e+00
   55.48832 -131.92374    294.610    197.962    196.075     5.7113    33.6243  1027.4149    26.5031     5.6952     23.281   103.8770    -0.0884      7.682     1.6342     2.3355     71.100     72.984  0.000e+00
   55.48832 -131.92374    294.650    198.002    196.115     5.7111    33.6243  1027.4152    26.5032     5.6950     23.282   103.8770    -0.0884      7.682     1.6343     2.3356     71.104     72.989  0.000e+00
   55.48832 -131.92374    294.641    198.018    196.131     5.7116    33.6238  1027.4148    26.5027     5.6955     23.225   103.8770    -0.0884      7.682     1.6303     2.3298     70.929     72.809  0.000e+00
   55.48832 -131.92374    294.706    198.059    196.171     5.7116    33.6243  1027.4154    26.5031     5.6955     23.220   103.8770    -0.0884      7.682     1.6299     2.3293     70.914     72.793  0.000e+00
   55.48832 -131.92374    294.786    198.140    196.251     5.7118    33.6243  1027.4157    26.5031     5.6956     23.275   103.9049    -0.0884      7.682     1.6338     2.3348     71.080     72.964  0.000e+00
   55.48832 -131.92374    294.682    198.059    196.171     5.7121    33.6238  1027.4149    26.5026     5.6960     23.270   103.9049    -0.0884      7.682     1.6334     2.3343     71.065     72.948  0.000e+00
   55.48832 -131.92374    294.746    198.124    196.235     5.7126    33.6234  1027.4148    26.5023     5.6964     23.266   103.8770    -0.0884      7.682     1.6331     2.3339     71.052     72.935  0.000e+00
   55.48832 -131.92374    294.745    198.197    196.307     5.7123    33.6238  1027.4155    26.5026     5.6961     23.262   103.9049    -0.0884      7.682     1.6328     2.3335     71.039     72.922  0.000e+00
   55.48832 -131.92374    294.624    198.124    196.235     5.7124    33.6237  1027.4150    26.5025     5.6963     23.257   103.9049    -0.0884      7.682     1.6325     2.3330     71.025     72.907  0.000e+00
   55.48832 -131.92374    294.696    198.197    196.307     5.7121    33.6237  1027.4154    26.5025     5.6960     23.194   103.9049    -0.0884      7.682     1.6281     2.3267     70.833     72.710  0.000e+00
   55.48832 -131.92374    294.680    198.180    196.291     5.7123    33.6234  1027.4151    26.5023     5.6961     23.190   103.9049    -0.0884      7.682     1.6278     2.3263     70.821     72.698  0.000e+00
   55.48832 -131.92374    294.696    198.197    196.307     5.7124    33.6233  1027.4151    26.5022     5.6963     23.246   103.8770    -0.0884      7.682     1.6317     2.3319     70.990     72.872  0.000e+00
   55.48832 -131.92374    294.856    198.359    196.468     5.7119    33.6237  1027.4162    26.5026     5.6957     23.250   103.8770    -0.0884      7.682     1.6320     2.3323     71.005     72.887  0.000e+00
   55.48832 -131.92374    294.640    198.140    196.251     5.7121    33.6236  1027.4151    26.5025     5.6960     23.254   103.8770    -0.0884      7.682     1.6323     2.3327     71.016     72.898  0.000e+00
   55.48832 -131.92374    294.768    198.245    196.356     5.7124    33.6233  1027.4153    26.5022     5.6963     23.259   103.9049    -0.0591      7.677     1.6326     2.3332     71.031     72.914  0.000e+00
   55.48832 -131.92374    294.816    198.318    196.428     5.7123    33.6236  1027.4159    26.5025     5.6961     23.257   103.9049    -0.0591      7.682     1.6325     2.3330     71.025     72.907  0.000e+00
   55.48832 -131.92374    294.800    198.302    196.412     5.7124    33.6236  1027.4158    26.5024     5.6963     23.255   103.9049    -0.0591      7.682     1.6323     2.3327     71.017     72.899  0.000e+00
   55.48832 -131.92374    294.816    198.318    196.428     5.7124    33.6236  1027.4159    26.5024     5.6963     23.194   103.9049    -0.0591      7.682     1.6280     2.3266     70.831     72.708  0.000e+00
   55.48832 -131.92374    294.856    198.359    196.468     5.7126    33.6237  1027.4161    26.5025     5.6964     23.243   103.9049    -0.0591      7.682     1.6315     2.3316     70.982     72.863  0.000e+00
   55.48832 -131.92374    294.881    198.359    196.468     5.7127    33.6236  1027.4160    26.5024     5.6965     23.182   103.9049    -0.0591      7.682     1.6272     2.3255     70.797     72.673  0.000e+00
   55.48832 -131.92374    294.872    198.375    196.484     5.7126    33.6237  1027.4162    26.5025     5.6964     23.174   103.9049    -0.0591      7.682     1.6266     2.3246     70.770     72.645  0.000e+00
   55.48832 -131.92374    294.994    198.423    196.532     5.7127    33.6234  1027.4161    26.5022     5.6965     23.165   103.9049    -0.0591      7.682     1.6260     2.3238     70.744     72.619  0.000e+00
   55.48832 -131.92374    295.058    198.440    196.548     5.7126    33.6234  1027.4162    26.5022     5.6964     23.157   103.8210    -0.0591      7.682     1.6255     2.3230     70.719     72.593  0.000e+00
   55.48832 -131.92374    295.123    198.480    196.588     5.7121    33.6236  1027.4166    26.5024     5.6959     23.149   103.7651    -0.0591      7.682     1.6249     2.3222     70.696     72.569  0.000e+00
   55.48832 -131.92374    295.139    198.496    196.604     5.7111    33.6244  1027.4175    26.5032     5.6949     23.142   103.7371    -0.0591      7.677     1.6244     2.3215     70.674     72.547  0.000e+00
   55.48832 -131.92374    295.187    198.545    196.652     5.7099    33.6259  1027.4191    26.5046     5.6937     23.200   103.7371    -0.0591      7.682     1.6286     2.3274     70.855     72.733  0.000e+00
   55.48832 -131.92374    295.203    198.561    196.668     5.7087    33.6271  1027.4203    26.5057     5.6925     23.208   103.7371    -0.0591      7.682     1.6292     2.3282     70.879     72.758  0.000e+00
   55.48832 -131.92374    295.364    198.723    196.829     5.7087    33.6270  1027.4209    26.5056     5.6925     23.165   103.7371    -0.0591      7.682     1.6261     2.3239     70.748     72.623  0.000e+00
   55.48832 -131.92374    295.139    198.496    196.604     5.7094    33.6262  1027.4192    26.5049     5.6932     23.166   103.7371    -0.0591      7.682     1.6262     2.3240     70.749     72.625  0.000e+00
   55.48832 -131.92374    295.275    198.658    196.765     5.7102    33.6255  1027.4192    26.5042     5.6940     23.219   103.7651    -0.0591      7.682     1.6299     2.3293     70.913     72.792  0.000e+00
   55.48832 -131.92374    295.291    198.674    196.781     5.7107    33.6251  1027.4189    26.5038     5.6945     23.229   103.7651    -0.0591      7.682     1.6305     2.3302     70.940     72.820  0.000e+00
   55.48832 -131.92374    295.420    198.780    196.885     5.7110    33.6248  1027.4191    26.5035     5.6948     23.231   103.7371    -0.0591      7.682     1.6307     2.3304     70.947     72.827  0.000e+00
   55.48832 -131.92374    295.355    198.739    196.845     5.7108    33.6249  1027.4191    26.5037     5.6946     23.233   103.7371    -0.0591      7.682     1.6308     2.3306     70.953     72.834  0.000e+00
   55.48832 -131.92374    295.420    198.780    196.885     5.7105    33.6253  1027.4196    26.5040     5.6943     23.235   103.7371    -0.0591      7.682     1.6310     2.3309     70.960     72.841  0.000e+00
   55.48832 -131.92374    295.484    198.845    196.949     5.7103    33.6254  1027.4200    26.5041     5.6941     23.179   103.7651    -0.0591      7.682     1.6271     2.3252     70.788     72.664  0.000e+00
   55.48832 -131.92374    295.500    198.861    196.965     5.7099    33.6255  1027.4202    26.5043     5.6937     23.174   103.7371    -0.0591      7.682     1.6267     2.3248     70.775     72.650  0.000e+00
   55.48832 -131.92374    295.540    198.901    197.005     5.7095    33.6258  1027.4207    26.5045     5.6933     23.228   103.7371    -0.0591      7.682     1.6306     2.3303     70.941     72.821  0.000e+00
   55.48832 -131.92374    295.532    198.918    197.021     5.7095    33.6261  1027.4210    26.5047     5.6933     23.231   103.7371    -0.0591      7.682     1.6308     2.3305     70.949     72.830  0.000e+00
   55.48832 -131.92374    295.636    199.023    197.125     5.7097    33.6259  1027.4213    26.5046     5.6935     23.175   103.7371    -0.0591      7.682     1.6268     2.3249     70.779     72.655  0.000e+00
   55.48832 -131.92374    295.652    199.039    197.141     5.7095    33.6261  1027.4215    26.5048     5.6933     23.237   103.7371    -0.0591      7.682     1.6312     2.3312     70.969     72.850  0.000e+00
   55.48832 -131.92374    295.660    199.023    197.125     5.7102    33.6252  1027.4207    26.5040     5.6939     23.241   103.7651    -0.0591      7.682     1.6314     2.3314     70.978     72.859  0.000e+00
   55.48832 -131.92374    295.732    199.096    197.198     5.7110    33.6248  1027.4206    26.5036     5.6947     23.244   103.7371    -0.0591      7.682     1.6316     2.3318     70.987     72.868  0.000e+00
   55.48832 -131.92374    295.781    199.144    197.246     5.7115    33.6239  1027.4200    26.5028     5.6952     23.247   103.7651    -0.0591      7.682     1.6319     2.3321     70.997     72.878  0.000e+00
   55.48832 -131.92374    295.853    199.217    197.318     5.7099    33.6256  1027.4219    26.5043     5.6936     23.258   103.7651    -0.0591      7.682     1.6327     2.3332     71.032     72.915  0.000e+00
