EcoFOCI/data/1_SampleCollection/2022_GOA-OA_CruiseData/CTD_raw_BottleFile_RC0083/RC0083_035.ros
* Sea-Bird SBE 9 Data File:
* FileName = C:\Data\RC0083ctd\RC0083_035.hex
* Software Version Seasave V 7.26.7.107
* Temperature SN = 2060
* Conductivity SN = 1084
* Number of Bytes Per Scan = 31
* Number of Voltage Words = 4
* Number of Scans Averaged by the Deck Unit = 1
* NMEA Latitude = 58 07.93 N
* NMEA Longitude = 135 04.00 W
* NMEA UTC (Time) = Aug 18 2022  07:40:47
* NMEA baud rate = 4800
** Ship: R/V Rachel Carson
** Cruise ID: RC0083
** Tech: McHugh/Nomura
** Chief Scientist: Cross
** Station: UCC
** Cast:  CTD035
# nquan = 21
# nvalues = 196                                   
# units = specified
# name 0 = latitude: Latitude [deg]
# name 1 = longitude: Longitude [deg]
# name 2 = sfdSM: Seafloor depth [salt water, m]
# name 3 = prDM: Pressure, Digiquartz [db]
# name 4 = depSM: Depth [salt water, m]
# name 5 = t090C: Temperature [ITS-90, deg C]
# name 6 = sal00: Salinity, Practical [PSU]
# name 7 = density00: Density [density, kg/m^3]
# name 8 = sigma-é00: Density [sigma-theta, kg/m^3]
# name 9 = potemp090C: Potential Temperature [ITS-90, deg C]
# name 10 = sbeox0PS: Oxygen, SBE 43 [% saturation]
# name 11 = CStarTr0: Beam Transmission, WET Labs C-Star [%]
# name 12 = flECO-AFL: Fluorescence, WET Labs ECO-AFL/FL [mg/m^3]
# name 13 = ph: pH
# name 14 = sbeox0ML/L: Oxygen, SBE 43 [ml/l]
# name 15 = sbeox0Mg/L: Oxygen, SBE 43 [mg/l]
# name 16 = sbox0Mm/Kg: Oxygen, SBE 43 [umol/kg]
# name 17 = sbeox0Mm/L: Oxygen, SBE 43 [umol/l]
# name 18 = scan: Scan Count
# name 19 = nbf: Bottles Fired
# name 20 = flag:  0.000e+00
# interval = seconds: 0.0416667
# start_time = Aug 18 2022 07:40:47 [NMEA time, header]
# bad_flag = -9.990e-29
*END*
   58.13170 -135.06748    159.959    151.554    150.093     5.3103    33.1297  1026.8592    26.1587     5.2986     31.615   101.5835    -0.0591      7.669     2.2477     3.2122     97.825    100.384       8187          1  0.000e+00
   58.13170 -135.06748    159.887    151.482    150.021     5.3104    33.1294  1026.8586    26.1584     5.2987     31.615   101.5835    -0.0591      7.669     2.2477     3.2122     97.825    100.384       8188          1  0.000e+00
   58.13170 -135.06748    159.718    151.312    149.853     5.3103    33.1296  1026.8580    26.1586     5.2987     31.615   101.5555    -0.0591      7.664     2.2477     3.2122     97.824    100.383       8189          1  0.000e+00
   58.13170 -135.06748    159.767    151.360    149.901     5.3101    33.1297  1026.8583    26.1587     5.2984     31.615   101.5555    -0.0591      7.664     2.2478     3.2123     97.826    100.385       8190          1  0.000e+00
   58.13170 -135.06748    159.895    151.490    150.029     5.3105    33.1296  1026.8588    26.1586     5.2988     31.616   101.5555    -0.0591      7.669     2.2478     3.2123     97.828    100.387       8191          1  0.000e+00
   58.13170 -135.06748    159.887    151.482    150.021     5.3100    33.1300  1026.8592    26.1590     5.2983     31.617   101.5555    -0.0591      7.669     2.2478     3.2124     97.830    100.389       8192          1  0.000e+00
   58.13170 -135.06748    159.718    151.312    149.853     5.3103    33.1297  1026.8581    26.1587     5.2987     31.616   101.5555    -0.0591      7.669     2.2478     3.2123     97.828    100.387       8193          1  0.000e+00
   58.13170 -135.06748    159.887    151.482    150.021     5.3104    33.1293  1026.8586    26.1584     5.2987     31.617   101.5555    -0.0591      7.669     2.2479     3.2124     97.831    100.390       8194          1  0.000e+00
   58.13170 -135.06748    159.895    151.490    150.029     5.3105    33.1292  1026.8585    26.1582     5.2988     31.618   101.5555    -0.0591      7.669     2.2479     3.2125     97.832    100.392       8195          1  0.000e+00
   58.13170 -135.06748    159.831    151.425    149.965     5.3103    33.1295  1026.8585    26.1585     5.2986     31.618   101.5835    -0.0591      7.669     2.2479     3.2125     97.833    100.392       8196          1  0.000e+00
   58.13170 -135.06748    159.718    151.312    149.853     5.3106    33.1290  1026.8575    26.1581     5.2989     31.618   101.5555    -0.0591      7.664     2.2479     3.2125     97.832    100.391       8197          1  0.000e+00
   58.13170 -135.06748    159.943    151.538    150.077     5.3103    33.1292  1026.8588    26.1583     5.2986     31.619   101.5555    -0.0591      7.669     2.2480     3.2126     97.837    100.396       8198          1  0.000e+00
   58.13170 -135.06748    159.662    151.255    149.797     5.3101    33.1299  1026.8580    26.1588     5.2984     31.618   101.5835    -0.0591      7.669     2.2480     3.2125     97.834    100.393       8199          1  0.000e+00
   58.13170 -135.06748    160.007    151.603    150.141     5.3103    33.1298  1026.8595    26.1587     5.2986     31.611   101.6394    -0.0591      7.669     2.2474     3.2118     97.812    100.371       8200          1  0.000e+00
   58.13170 -135.06748    159.662    151.255    149.797     5.3101    33.1304  1026.8585    26.1593     5.2984     31.610   101.6394    -0.0591      7.669     2.2473     3.2117     97.808    100.367       8201          1  0.000e+00
   58.13170 -135.06748    159.887    151.482    150.021     5.3105    33.1296  1026.8588    26.1586     5.2988     31.611   101.6394    -0.0591      7.669     2.2474     3.2118     97.811    100.369       8202          1  0.000e+00
   58.13170 -135.06748    159.943    151.538    150.077     5.3103    33.1299  1026.8593    26.1588     5.2986     31.611   101.6394    -0.0591      7.669     2.2474     3.2118     97.812    100.370       8203          1  0.000e+00
   58.13170 -135.06748    159.775    151.368    149.909     5.3103    33.1300  1026.8586    26.1589     5.2986     31.610   101.6394    -0.0591      7.669     2.2474     3.2117     97.809    100.368       8204          1  0.000e+00
   58.13170 -135.06748    159.887    151.482    150.021     5.3103    33.1295  1026.8588    26.1586     5.2986     31.611   101.6394    -0.0591      7.669     2.2474     3.2118     97.811    100.370       8205          1  0.000e+00
   58.13170 -135.06748    159.839    151.433    149.973     5.3102    33.1297  1026.8587    26.1587     5.2985     31.611   101.6394    -0.0591      7.669     2.2474     3.2118     97.811    100.369       8206          1  0.000e+00
   58.13170 -135.06748    159.767    151.360    149.901     5.3102    33.1300  1026.8586    26.1589     5.2985     31.610   101.6394    -0.0591      7.664     2.2474     3.2117     97.810    100.368       8207          1  0.000e+00
   58.13170 -135.06748    159.959    151.554    150.093     5.3103    33.1304  1026.8598    26.1592     5.2986     31.611   101.6394    -0.0591      7.669     2.2474     3.2118     97.812    100.370       8208          1  0.000e+00
   58.13170 -135.06748    159.887    151.482    150.021     5.3103    33.1300  1026.8592    26.1590     5.2986     31.611   101.6394    -0.0591      7.669     2.2474     3.2118     97.811    100.369       8209          1  0.000e+00
   58.13170 -135.06748    159.895    151.490    150.029     5.3103    33.1297  1026.8590    26.1587     5.2986     31.611   101.6394    -0.0591      7.669     2.2474     3.2118     97.811    100.370       8210          1  0.000e+00
   58.13170 -135.06748    159.831    151.425    149.965     5.3103    33.1296  1026.8586    26.1586     5.2986     31.610   101.6394    -0.0591      7.669     2.2474     3.2118     97.810    100.369       8211          1  0.000e+00
   58.13170 -135.06748    159.775    151.368    149.909     5.3104    33.1289  1026.8578    26.1581     5.2987     31.610   101.6394    -0.0591      7.664     2.2474     3.2117     97.810    100.368       8212          1  0.000e+00
   58.13170 -135.06748    159.831    151.425    149.965     5.3105    33.1293  1026.8583    26.1583     5.2988     31.610   101.6394    -0.0591      7.664     2.2474     3.2118     97.810    100.369       8213          1  0.000e+00
   58.13170 -135.06748    159.959    151.554    150.093     5.3103    33.1296  1026.8592    26.1586     5.2986     31.611   101.6394    -0.0591      7.669     2.2474     3.2118     97.812    100.371       8214          1  0.000e+00
   58.13170 -135.06748    159.887    151.482    150.021     5.3103    33.1296  1026.8588    26.1586     5.2986     31.611   101.6394    -0.0591      7.664     2.2474     3.2118     97.811    100.370       8215          1  0.000e+00
   58.13170 -135.06748    159.895    151.490    150.029     5.3105    33.1297  1026.8589    26.1586     5.2988     31.611   101.6394    -0.0591      7.669     2.2474     3.2118     97.811    100.369       8216          1  0.000e+00
   58.13170 -135.06748    159.887    151.482    150.021     5.3103    33.1302  1026.8593    26.1590     5.2986     31.611   101.6394    -0.0591      7.669     2.2474     3.2118     97.811    100.369       8217          1  0.000e+00
   58.13170 -135.06748    159.887    151.482    150.021     5.3103    33.1299  1026.8591    26.1589     5.2986     31.611   101.6394    -0.0591      7.664     2.2474     3.2118     97.811    100.369       8218          1  0.000e+00
   58.13170 -135.06748    159.814    151.433    149.973     5.3104    33.1301  1026.8589    26.1590     5.2987     31.611   101.6394    -0.0591      7.669     2.2474     3.2117     97.810    100.368       8219          1  0.000e+00
   58.13170 -135.06748    159.862    151.482    150.021     5.3103    33.1302  1026.8593    26.1591     5.2986     31.611   101.6394    -0.0591      7.669     2.2474     3.2118     97.811    100.369       8220          1  0.000e+00
   58.13170 -135.06748    159.814    151.433    149.973     5.3101    33.1304  1026.8593    26.1593     5.2984     31.611   101.6394    -0.0591      7.669     2.2474     3.2118     97.810    100.369       8221          1  0.000e+00
   58.13170 -135.06748    159.806    151.425    149.965     5.3103    33.1298  1026.8587    26.1587     5.2986     31.610   101.6394    -0.0591      7.669     2.2474     3.2118     97.810    100.369       8222          1  0.000e+00
   58.13170 -135.06748    159.935    151.554    150.093     5.3101    33.1302  1026.8597    26.1591     5.2984     31.611   101.6394    -0.0591      7.669     2.2474     3.2118     97.812    100.371       8223          1  0.000e+00
   58.13170 -135.06748    159.742    151.360    149.901     5.3103    33.1305  1026.8589    26.1593     5.2986     31.610   101.6394    -0.0591      7.669     2.2474     3.2117     97.809    100.368       8224          1  0.000e+00
   58.13170 -135.06748    159.991    151.611    150.149     5.3102    33.1303  1026.8600    26.1592     5.2985     31.611   101.6394    -0.0591      7.669     2.2475     3.2118     97.813    100.371       8225          1  0.000e+00
   58.13170 -135.06748    159.862    151.482    150.021     5.3103    33.1303  1026.8593    26.1591     5.2986     31.611   101.6394    -0.0591      7.669     2.2474     3.2118     97.811    100.369       8226          1  0.000e+00
   58.13170 -135.06748    159.750    151.368    149.909     5.3102    33.1306  1026.8591    26.1594     5.2985     31.610   101.6394    -0.0591      7.669     2.2474     3.2117     97.809    100.368       8227          1  0.000e+00
   58.13170 -135.06748    159.983    151.603    150.141     5.3103    33.1302  1026.8599    26.1591     5.2986     31.554   101.6394    -0.0591      7.669     2.2433     3.2060     97.634    100.188       8228          1  0.000e+00
   58.13170 -135.06748    159.750    151.368    149.909     5.3103    33.1305  1026.8590    26.1593     5.2986     31.602   101.6394    -0.0591      7.669     2.2468     3.2109     97.784    100.342       8229          1  0.000e+00
   58.13170 -135.06748    159.918    151.538    150.077     5.3103    33.1305  1026.8598    26.1593     5.2986     31.603   101.6394    -0.0591      7.664     2.2469     3.2110     97.788    100.346       8230          1  0.000e+00
   58.13170 -135.06748    159.814    151.433    149.973     5.3102    33.1302  1026.8591    26.1591     5.2985     31.603   101.6394    -0.0591      7.669     2.2469     3.2110     97.788    100.346       8231          1  0.000e+00
   58.13170 -135.06748    159.862    151.482    150.021     5.3103    33.1302  1026.8593    26.1591     5.2986     31.546   101.6115    -0.0591      7.669     2.2428     3.2052     97.611    100.164       8232          1  0.000e+00
   58.13170 -135.06748    159.726    151.368    149.909     5.3103    33.1305  1026.8590    26.1593     5.2986     31.596   101.6394    -0.0591      7.669     2.2463     3.2102     97.764    100.321       8233          1  0.000e+00
   58.13170 -135.06748    159.894    151.538    150.077     5.3103    33.1305  1026.8598    26.1593     5.2986     31.597   101.6394    -0.0591      7.669     2.2464     3.2104     97.768    100.326       8234          1  0.000e+00
   58.13170 -135.06748    159.838    151.482    150.021     5.3103    33.1305  1026.8595    26.1593     5.2986     31.598   101.6394    -0.0591      7.669     2.2465     3.2104     97.770    100.327       8235          1  0.000e+00
   58.13148 -135.06794     85.155     50.982     50.503     7.2540    30.8956  1024.3889    24.1546     7.2495     56.687    90.9833     0.1167      7.880     3.9087     5.5859    170.446    174.563      12458          2  0.000e+00
   58.13148 -135.06794     85.331     51.160     50.679     7.2540    30.8953  1024.3895    24.1543     7.2495     56.695    91.0112     0.1167      7.875     3.9093     5.5867    170.471    174.588      12459          2  0.000e+00
   58.13148 -135.06794     85.275     51.103     50.623     7.2544    30.8947  1024.3887    24.1538     7.2499     56.701    90.9833     0.1167      7.875     3.9097     5.5873    170.488    174.605      12460          2  0.000e+00
   58.13148 -135.06794     85.331     51.160     50.679     7.2547    30.8942  1024.3885    24.1534     7.2501     56.651    90.9833     0.1167      7.875     3.9063     5.5824    170.339    174.454      12461          2  0.000e+00
   58.13148 -135.06794     85.275     51.103     50.623     7.2552    30.8937  1024.3878    24.1529     7.2506     56.650    91.0112     0.1167      7.875     3.9061     5.5822    170.333    174.447      12462          2  0.000e+00
   58.13148 -135.06794     85.331     51.160     50.679     7.2552    30.8939  1024.3882    24.1531     7.2506     56.649    91.0112     0.1167      7.875     3.9061     5.5821    170.330    174.444      12463          2  0.000e+00
   58.13148 -135.06794     85.275     51.103     50.623     7.2550    30.8937  1024.3878    24.1529     7.2505     56.647    91.0112     0.1167      7.875     3.9060     5.5820    170.326    174.440      12464          2  0.000e+00
   58.13148 -135.06794    113.521     51.095     50.615     7.2552    30.8936  1024.3877    24.1529     7.2506     56.702    91.0112     0.1167      7.875     3.9097     5.5874    170.489    174.607      12465          2  0.000e+00
   58.13148 -135.06794    144.793     51.160     50.679     7.2548    30.8940  1024.3884    24.1532     7.2503     56.708    91.0112     0.1167      7.880     3.9102     5.5880    170.509    174.628      12466          2  0.000e+00
   58.13148 -135.06794    150.615     51.095     50.615     7.2553    30.8934  1024.3875    24.1527     7.2508     56.657    91.0112     0.1167      7.875     3.9066     5.5830    170.355    174.470      12467          2  0.000e+00
   58.13148 -135.06794    150.623     51.103     50.623     7.2552    30.8934  1024.3876    24.1527     7.2506     56.656    91.0112     0.1167      7.875     3.9065     5.5828    170.351    174.465      12468          2  0.000e+00
   58.13148 -135.06794    149.394     51.095     50.615     7.2556    30.8932  1024.3874    24.1525     7.2511     56.654    91.0112     0.1167      7.875     3.9063     5.5826    170.343    174.458      12469          2  0.000e+00
   58.13148 -135.06794    149.189     51.160     50.679     7.2559    30.8924  1024.3869    24.1518     7.2514     56.652    91.0112     0.1167      7.875     3.9062     5.5824    170.339    174.453      12470          2  0.000e+00
   58.13148 -135.06794    149.174     51.095     50.615     7.2559    30.8926  1024.3868    24.1520     7.2514     56.706    91.0112     0.1167      7.875     3.9099     5.5877    170.499    174.617      12471          2  0.000e+00
   58.13148 -135.06794    149.255     51.103     50.623     7.2558    30.8926  1024.3869    24.1520     7.2513     56.655    91.0392     0.1167      7.875     3.9065     5.5827    170.348    174.462      12472          2  0.000e+00
   58.13148 -135.06794    149.247     51.095     50.615     7.2559    30.8925  1024.3867    24.1519     7.2514     56.653    91.0112     0.1167      7.875     3.9063     5.5825    170.341    174.455      12473          2  0.000e+00
   58.13148 -135.06794    149.255     51.103     50.623     7.2558    30.8926  1024.3869    24.1520     7.2513     56.651    91.0392     0.1167      7.875     3.9062     5.5823    170.335    174.449      12474          2  0.000e+00
   58.13148 -135.06794    149.247     51.095     50.615     7.2556    30.8928  1024.3870    24.1522     7.2511     56.704    91.0112     0.1167      7.875     3.9099     5.5876    170.497    174.615      12475          2  0.000e+00
   58.13148 -135.06794    149.255     51.103     50.623     7.2558    30.8926  1024.3869    24.1520     7.2513     56.709    91.0112     0.1167      7.875     3.9102     5.5881    170.511    174.629      12476          2  0.000e+00
