EcoFOCI/data/1_SampleCollection/2022_GOA-OA_CruiseData/CTD_raw_BottleFile_RC0083/RC0083_075.cnv
* Sea-Bird SBE 9 Data File:
* FileName = C:\Data\RC0083ctd\RC0083_075.hex
* Software Version Seasave V 7.26.7.107
* Temperature SN = 2060
* Conductivity SN = 1084
* Number of Bytes Per Scan = 31
* Number of Voltage Words = 4
* Number of Scans Averaged by the Deck Unit = 1
* NMEA Latitude = 58 29.33 N
* NMEA Longitude = 136 03.82 W
* NMEA UTC (Time) = Aug 21 2022  03:18:24
* NMEA baud rate = 4800
** Ship: R/V Rachel Carson
** Cruise ID: RC0083
** Tech: McHugh/Nomura
** Chief Scientist: Cross
** Station: GB02
** Cast:  CTD075
# nquan = 19
# nvalues = 8662                                  
# units = specified
# name 0 = latitude: Latitude [deg]
# name 1 = longitude: Longitude [deg]
# name 2 = sfdSM: Seafloor depth [salt water, m]
# name 3 = prDM: Pressure, Digiquartz [db]
# name 4 = depSM: Depth [salt water, m]
# name 5 = t090C: Temperature [ITS-90, deg C]
# name 6 = sal00: Salinity, Practical [PSU]
# name 7 = density00: Density [density, kg/m^3]
# name 8 = sigma-é00: Density [sigma-theta, kg/m^3]
# name 9 = potemp090C: Potential Temperature [ITS-90, deg C]
# name 10 = sbeox0PS: Oxygen, SBE 43 [% saturation]
# name 11 = CStarTr0: Beam Transmission, WET Labs C-Star [%]
# name 12 = flECO-AFL: Fluorescence, WET Labs ECO-AFL/FL [mg/m^3]
# name 13 = ph: pH
# name 14 = sbeox0ML/L: Oxygen, SBE 43 [ml/l]
# name 15 = sbeox0Mg/L: Oxygen, SBE 43 [mg/l]
# name 16 = sbox0Mm/Kg: Oxygen, SBE 43 [umol/kg]
# name 17 = sbeox0Mm/L: Oxygen, SBE 43 [umol/l]
# name 18 = flag:  0.000e+00
# span 0 =   58.48766,   58.48878                 
# span 1 = -136.06362, -136.06326                 
# span 2 =      7.434,    113.439                 
# span 3 =      2.017,     78.954                 
# span 4 =      1.998,     78.204                 
# span 5 =     7.8280,     9.6412                 
# span 6 =    21.3996,    30.9524                 
# span 7 =  1016.4194,  1024.4805                 
# span 8 =    16.4067,    24.1194                 
# span 9 =     7.8241,     9.6410                 
# span 10 =     58.868,    108.720                
# span 11 =    59.1266,    89.8365                
# span 12 =     0.2925,     6.2998                
# span 13 =      7.907,      8.320                
# span 14 =     4.0037,     7.5039                
# span 15 =     5.7216,    10.7238                
# span 16 =    174.593,    329.244                
# span 17 =    178.803,    335.123                
# span 18 = 0.0000e+00, 0.0000e+00                
# interval = seconds: 0.0416667
# start_time = Aug 21 2022 03:18:24 [NMEA time, header]
# bad_flag = -9.990e-29
*END*
[from data line 6858]
   58.48768 -136.06330     89.326     45.530     45.101     7.8631    30.2507  1023.7748    23.5659     7.8589     63.675    87.6270     0.5856      7.940     4.3480     6.2138    189.713    194.183  0.000e+00
   58.48768 -136.06330     89.318     45.473     45.045     7.8631    30.2498  1023.7738    23.5652     7.8589     63.674    87.6270     0.5856      7.940     4.3481     6.2138    189.713    194.184  0.000e+00
   58.48768 -136.06330     89.310     45.465     45.037     7.8635    30.2496  1023.7736    23.5650     7.8593     63.674    87.6270     0.5856      7.940     4.3480     6.2138    189.712    194.182  0.000e+00
   58.48768 -136.06330     89.310     45.465     45.037     7.8635    30.2493  1023.7733    23.5647     7.8593     63.674    87.6270     0.5856      7.940     4.3480     6.2137    189.711    194.182  0.000e+00
   58.48768 -136.06330     89.262     45.417     44.989     7.8635    30.2490  1023.7728    23.5645     7.8594     63.673    87.6270     0.5856      7.940     4.3479     6.2136    189.709    194.179  0.000e+00
   58.48768 -136.06330     88.839     45.408     44.981     7.8635    30.2489  1023.7728    23.5645     7.8593     63.680    87.6549     0.5856      7.940     4.3484     6.2143    189.728    194.199  0.000e+00
   58.48768 -136.06330     88.148     45.352     44.925     7.8635    30.2486  1023.7722    23.5642     7.8593     63.678    87.6270     0.5856      7.940     4.3483     6.2142    189.725    194.195  0.000e+00
   58.48768 -136.06330     88.009     45.408     44.981     7.8640    30.2459  1023.7703    23.5620     7.8599     63.677    87.6549     0.5856      7.940     4.3483     6.2141    189.724    194.194  0.000e+00
   58.48768 -136.06330     87.913     45.287     44.861     7.8649    30.2424  1023.7669    23.5592     7.8607     63.675    87.6549     0.5856      7.940     4.3481     6.2139    189.717    194.187  0.000e+00
   58.48768 -136.06330     87.946     45.295     44.869     7.8658    30.2389  1023.7641    23.5563     7.8617     63.673    87.6270     0.5856      7.940     4.3480     6.2137    189.712    194.181  0.000e+00
   58.48768 -136.06330     88.084     45.287     44.861     7.8662    30.2373  1023.7627    23.5550     7.8620     63.671    87.6270     0.5856      7.940     4.3479     6.2135    189.706    194.175  0.000e+00
   58.48768 -136.06330     88.280     45.239     44.813     7.8661    30.2365  1023.7619    23.5544     7.8619     63.668    87.6270     0.5856      7.940     4.3477     6.2133    189.700    194.168  0.000e+00
   58.48768 -136.06330     88.346     45.231     44.805     7.8661    30.2360  1023.7615    23.5540     7.8620     63.665    87.6270     0.5856      7.940     4.3475     6.2130    189.692    194.160  0.000e+00
   58.48768 -136.06330     88.321     45.231     44.805     7.8661    30.2363  1023.7617    23.5543     7.8619     63.662    87.6270     0.5856      7.940     4.3473     6.2127    189.683    194.151  0.000e+00
   58.48768 -136.06330     88.265     45.174     44.749     7.8657    30.2378  1023.7627    23.5555     7.8616     63.611    87.6549     0.5856      7.940     4.3438     6.2077    189.529    193.993  0.000e+00
   58.48768 -136.06330     88.501     45.166     44.741     7.8656    30.2382  1023.7629    23.5557     7.8615     63.656    87.6549     0.5856      7.940     4.3469     6.2121    189.664    194.131  0.000e+00
   58.48768 -136.06330     88.770     45.166     44.741     7.8656    30.2379  1023.7627    23.5555     7.8614     63.653    87.6270     0.5856      7.940     4.3467     6.2118    189.655    194.122  0.000e+00
   58.48768 -136.06330     88.771     45.117     44.693     7.8654    30.2376  1023.7623    23.5553     7.8612     63.649    87.6549     0.5856      7.940     4.3464     6.2115    189.644    194.111  0.000e+00
   58.48768 -136.06330     88.738     45.109     44.685     7.8656    30.2361  1023.7611    23.5541     7.8615     63.645    87.6270     0.5562      7.940     4.3462     6.2111    189.633    194.100  0.000e+00
   58.48768 -136.06330     88.690     45.061     44.637     7.8658    30.2357  1023.7605    23.5538     7.8617     63.640    87.6270     0.5269      7.940     4.3458     6.2107    189.619    194.086  0.000e+00
   58.48768 -136.06330     88.682     45.053     44.629     7.8660    30.2368  1023.7613    23.5546     7.8618     63.636    87.6549     0.5269      7.940     4.3455     6.2101    189.604    194.070  0.000e+00
   58.48768 -136.06330     88.618     44.988     44.565     7.8652    30.2387  1023.7626    23.5562     7.8611     63.631    87.6270     0.5269      7.940     4.3452     6.2097    189.589    194.055  0.000e+00
   58.48768 -136.06330     88.626     44.996     44.573     7.8646    30.2409  1023.7644    23.5580     7.8605     63.626    87.6270     0.5269      7.940     4.3448     6.2092    189.574    194.040  0.000e+00
   58.48768 -136.06330     88.618     44.988     44.565     7.8644    30.2424  1023.7656    23.5593     7.8602     63.620    87.6270     0.5269      7.940     4.3444     6.2086    189.557    194.023  0.000e+00
   58.48768 -136.06330     88.587     44.932     44.509     7.8642    30.2434  1023.7661    23.5600     7.8601     63.614    87.6270     0.5269      7.940     4.3440     6.2080    189.538    194.004  0.000e+00
   58.48768 -136.06330     88.848     44.875     44.453     7.8633    30.2468  1023.7687    23.5629     7.8591     63.615    87.6270     0.5269      7.940     4.3441     6.2081    189.541    194.007  0.000e+00
   58.48768 -136.06330     89.051     44.932     44.509     7.8618    30.2508  1023.7723    23.5662     7.8577     63.618    87.6270     0.5269      7.940     4.3443     6.2084    189.548    194.015  0.000e+00
   58.48768 -136.06330     88.995     44.875     44.453     7.8611    30.2522  1023.7732    23.5674     7.8570     63.619    87.6270     0.5269      7.940     4.3444     6.2085    189.552    194.020  0.000e+00
   58.48768 -136.06330     88.931     44.810     44.389     7.8607    30.2528  1023.7735    23.5679     7.8565     63.668    87.6270     0.5269      7.940     4.3477     6.2134    189.700    194.171  0.000e+00
   58.48768 -136.06330     89.004     44.810     44.389     7.8605    30.2527  1023.7734    23.5678     7.8564     63.613    87.6270     0.5269      7.940     4.3440     6.2080    189.537    194.004  0.000e+00
   58.48768 -136.06330     89.256     44.818     44.397     7.8605    30.2517  1023.7726    23.5670     7.8564     63.614    87.6270     0.5269      7.940     4.3441     6.2082    189.541    194.007  0.000e+00
   58.48768 -136.06330     89.226     44.689     44.268     7.8607    30.2506  1023.7712    23.5662     7.8566     63.606    87.6270     0.5269      7.940     4.3436     6.2074    189.518    193.984  0.000e+00
   58.48768 -136.06330     89.346     44.810     44.389     7.8610    30.2489  1023.7704    23.5648     7.8569     63.607    87.6270     0.5269      7.940     4.3437     6.2075    189.522    193.989  0.000e+00
   58.48768 -136.06330     89.178     44.641     44.220     7.8613    30.2477  1023.7686    23.5638     7.8572     63.606    87.6270     0.5269      7.940     4.3436     6.2074    189.520    193.985  0.000e+00
   58.48768 -136.06330     89.201     44.689     44.268     7.8616    30.2462  1023.7676    23.5626     7.8575     63.606    87.6270     0.5269      7.940     4.3437     6.2075    189.522    193.988  0.000e+00
   58.48768 -136.06330     89.209     44.697     44.276     7.8619    30.2443  1023.7661    23.5611     7.8578     63.662    87.6270     0.5269      7.940     4.3475     6.2130    189.690    194.159  0.000e+00
   58.48768 -136.06330     89.145     44.633     44.212     7.8628    30.2429  1023.7646    23.5599     7.8587     63.669    87.6270     0.5269      7.940     4.3479     6.2136    189.707    194.177  0.000e+00
   58.48768 -136.06330     89.081     44.568     44.148     7.8631    30.2416  1023.7633    23.5588     7.8590     63.675    87.6270     0.5269      7.940     4.3483     6.2142    189.726    194.196  0.000e+00
   58.48768 -136.06330     89.122     44.584     44.164     7.8631    30.2417  1023.7634    23.5588     7.8590     63.626    87.6270     0.5562      7.940     4.3450     6.2094    189.581    194.047  0.000e+00
   58.48768 -136.06330     89.154     44.568     44.148     7.8630    30.2415  1023.7632    23.5587     7.8589     63.625    87.6270     0.5856      7.940     4.3450     6.2094    189.579    194.046  0.000e+00
   58.48768 -136.06330     89.172     44.511     44.092     7.8628    30.2417  1023.7631    23.5589     7.8587     63.624    87.6270     0.6442      7.940     4.3449     6.2093    189.577    194.043  0.000e+00
   58.48768 -136.06330     89.180     44.519     44.100     7.8621    30.2437  1023.7648    23.5606     7.8580     63.672    87.6270     0.6442      7.940     4.3482     6.2139    189.719    194.188  0.000e+00
   58.48768 -136.06330     89.140     44.455     44.036     7.8613    30.2459  1023.7663    23.5624     7.8572     63.677    87.6270     0.6149      7.940     4.3485     6.2145    189.736    194.206  0.000e+00
   58.48768 -136.06330     89.148     44.463     44.044     7.8604    30.2480  1023.7681    23.5642     7.8563     63.683    87.6270     0.6149      7.940     4.3490     6.2151    189.754    194.225  0.000e+00
   58.48768 -136.06330     89.213     44.455     44.036     7.8599    30.2490  1023.7690    23.5650     7.8558     63.689    87.6549     0.6149      7.940     4.3494     6.2157    189.770    194.242  0.000e+00
   58.48768 -136.06330     89.223     44.390     43.972     7.8597    30.2492  1023.7688    23.5652     7.8556     63.693    87.6549     0.6149      7.940     4.3497     6.2161    189.785    194.257  0.000e+00
   58.48768 -136.06330     89.199     44.342     43.924     7.8592    30.2501  1023.7694    23.5660     7.8551     63.698    87.6549     0.6149      7.940     4.3500     6.2166    189.799    194.271  0.000e+00
   58.48768 -136.06330     89.167     44.334     43.916     7.8592    30.2508  1023.7699    23.5665     7.8551     63.702    87.6549     0.6149      7.940     4.3503     6.2170    189.811    194.284  0.000e+00
   58.48768 -136.06330     89.191     44.334     43.916     7.8592    30.2516  1023.7705    23.5671     7.8551     63.706    87.6549     0.6149      7.940     4.3505     6.2174    189.822    194.295  0.000e+00
   58.48768 -136.06330     89.143     44.285     43.868     7.8589    30.2522  1023.7708    23.5677     7.8548     63.710    87.6549     0.6149      7.940     4.3508     6.2177    189.833    194.307  0.000e+00
   58.48768 -136.06330     89.071     44.212     43.796     7.8584    30.2534  1023.7715    23.5687     7.8544     63.713    87.6549     0.6149      7.940     4.3510     6.2180    189.842    194.316  0.000e+00
   58.48768 -136.06330     89.143     44.285     43.868     7.8584    30.2540  1023.7723    23.5691     7.8543     63.716    87.6270     0.6149      7.940     4.3513     6.2184    189.853    194.327  0.000e+00
   58.48768 -136.06330     89.039     44.156     43.740     7.8581    30.2540  1023.7717    23.5692     7.8540     63.718    87.6549     0.6149      7.940     4.3514     6.2186    189.860    194.335  0.000e+00
   58.48768 -136.06330     89.144     44.212     43.796     7.8581    30.2533  1023.7714    23.5686     7.8540     63.721    87.6549     0.6149      7.940     4.3517     6.2190    189.870    194.345  0.000e+00
   58.48768 -136.06330     89.291     44.164     43.748     7.8579    30.2534  1023.7713    23.5687     7.8539     63.723    87.6549     0.6149      7.940     4.3518     6.2192    189.877    194.352  0.000e+00
   58.48768 -136.06330     89.293     44.091     43.676     7.8581    30.2534  1023.7710    23.5687     7.8540     63.725    87.6549     0.6149      7.940     4.3519     6.2193    189.880    194.356  0.000e+00
   58.48768 -136.06330     89.357     44.156     43.740     7.8581    30.2529  1023.7709    23.5683     7.8540     63.727    87.6549     0.6149      7.940     4.3521     6.2195    189.888    194.363  0.000e+00
   58.48768 -136.06330     89.301     44.099     43.684     7.8583    30.2525  1023.7703    23.5680     7.8542     63.728    87.6549     0.6149      7.940     4.3521     6.2196    189.891    194.366  0.000e+00
   58.48768 -136.06330     89.317     44.091     43.676     7.8582    30.2521  1023.7700    23.5677     7.8542     63.729    87.6549     0.6149      7.940     4.3522     6.2198    189.895    194.370  0.000e+00
   58.48768 -136.06330     89.278     43.978     43.564     7.8584    30.2512  1023.7687    23.5669     7.8544     63.729    87.6549     0.6149      7.940     4.3522     6.2198    189.895    194.370  0.000e+00
   58.48768 -136.06330     89.367     44.043     43.628     7.8584    30.2504  1023.7684    23.5663     7.8544     63.730    87.6549     0.6149      7.940     4.3523     6.2199    189.899    194.375  0.000e+00
   58.48768 -136.06330     89.303     43.978     43.564     7.8586    30.2499  1023.7676    23.5659     7.8545     63.730    87.6549     0.6149      7.940     4.3523     6.2199    189.899    194.374  0.000e+00
   58.48768 -136.06330     89.359     44.035     43.620     7.8586    30.2490  1023.7672    23.5652     7.8545     63.731    87.6549     0.6149      7.940     4.3524     6.2200    189.901    194.376  0.000e+00
   58.48768 -136.06330     89.247     43.921     43.508     7.8586    30.2491  1023.7667    23.5652     7.8545     63.722    87.6549     0.6149      7.940     4.3518     6.2191    189.876    194.350  0.000e+00
   58.48768 -136.06330     89.214     43.913     43.500     7.8586    30.2490  1023.7667    23.5652     7.8545     63.721    87.5990     0.6149      7.940     4.3517     6.2190    189.873    194.347  0.000e+00
   58.48768 -136.06330     89.247     43.921     43.508     7.8586    30.2493  1023.7669    23.5654     7.8545     63.775    87.5710     0.6149      7.940     4.3554     6.2243    190.034    194.512  0.000e+00
   58.48768 -136.06330     89.239     43.913     43.500     7.8588    30.2487  1023.7664    23.5649     7.8547     63.781    87.5710     0.6149      7.940     4.3558     6.2248    190.050    194.528  0.000e+00
   58.48768 -136.06330     89.119     43.792     43.380     7.8587    30.2488  1023.7659    23.5650     7.8547     63.729    87.5710     0.6149      7.940     4.3522     6.2198    189.896    194.371  0.000e+00
   58.48768 -136.06330     89.288     43.865     43.452     7.8584    30.2492  1023.7666    23.5654     7.8544     63.727    87.5710     0.6149      7.940     4.3521     6.2196    189.891    194.365  0.000e+00
   58.48768 -136.06330     89.265     43.792     43.380     7.8583    30.2493  1023.7664    23.5655     7.8543     63.723    87.5710     0.6149      7.940     4.3519     6.2193    189.880    194.355  0.000e+00
   58.48768 -136.06330     89.290     43.792     43.380     7.8584    30.2485  1023.7657    23.5648     7.8544     63.720    87.5710     0.6149      7.940     4.3517     6.2190    189.871    194.345  0.000e+00
   58.48768 -136.06330     89.242     43.744     43.332     7.8582    30.2480  1023.7651    23.5644     7.8542     63.716    87.5710     0.6149      7.940     4.3514     6.2186    189.861    194.335  0.000e+00
   58.48768 -136.06330     89.234     43.736     43.324     7.8581    30.2480  1023.7651    23.5645     7.8540     63.712    87.5710     0.6149      7.940     4.3512     6.2183    189.850    194.324  0.000e+00
   58.48768 -136.06330     89.356     43.736     43.324     7.8582    30.2476  1023.7648    23.5642     7.8542     63.763    87.5710     0.6149      7.940     4.3547     6.2233    190.003    194.480  0.000e+00
   58.48768 -136.06330     89.437     43.744     43.332     7.8581    30.2480  1023.7651    23.5645     7.8540     63.766    87.5710     0.6149      7.940     4.3549     6.2235    190.010    194.488  0.000e+00
