EcoFOCI/data/1_SampleCollection/2022_GOA-OA_CruiseData/CTD_raw_BottleFile_RC0083/RC0083_070.ros
* Sea-Bird SBE 9 Data File:
* FileName = C:\Data\RC0083ctd\RC0083_070.hex
* Software Version Seasave V 7.26.7.107
* Temperature SN = 2060
* Conductivity SN = 1084
* Number of Bytes Per Scan = 31
* Number of Voltage Words = 4
* Number of Scans Averaged by the Deck Unit = 1
* NMEA Latitude = 59 03.90 N
* NMEA Longitude = 136 11.97 W
* NMEA UTC (Time) = Aug 20 2022  20:35:36
* NMEA baud rate = 4800
** Ship: R/V Rachel Carson
** Cruise ID: RC0083
** Tech: McHugh/Nomura
** Chief Scientist: Cross
** Station: GB20
** Cast:  CTD070
# nquan = 21
# nvalues = 245                                   
# units = specified
# name 0 = latitude: Latitude [deg]
# name 1 = longitude: Longitude [deg]
# name 2 = sfdSM: Seafloor depth [salt water, m]
# name 3 = prDM: Pressure, Digiquartz [db]
# name 4 = depSM: Depth [salt water, m]
# name 5 = t090C: Temperature [ITS-90, deg C]
# name 6 = sal00: Salinity, Practical [PSU]
# name 7 = density00: Density [density, kg/m^3]
# name 8 = sigma-é00: Density [sigma-theta, kg/m^3]
# name 9 = potemp090C: Potential Temperature [ITS-90, deg C]
# name 10 = sbeox0PS: Oxygen, SBE 43 [% saturation]
# name 11 = CStarTr0: Beam Transmission, WET Labs C-Star [%]
# name 12 = flECO-AFL: Fluorescence, WET Labs ECO-AFL/FL [mg/m^3]
# name 13 = ph: pH
# name 14 = sbeox0ML/L: Oxygen, SBE 43 [ml/l]
# name 15 = sbeox0Mg/L: Oxygen, SBE 43 [mg/l]
# name 16 = sbox0Mm/Kg: Oxygen, SBE 43 [umol/kg]
# name 17 = sbeox0Mm/L: Oxygen, SBE 43 [umol/l]
# name 18 = scan: Scan Count
# name 19 = nbf: Bottles Fired
# name 20 = flag:  0.000e+00
# interval = seconds: 0.0416667
# start_time = Aug 20 2022 20:35:36 [NMEA time, header]
# bad_flag = -9.990e-29
*END*
[from data line 138]
   59.06512 -136.19866    148.866     50.715     50.234     7.0057    30.2085  1023.8802    23.6465     7.0014     76.771     8.8663     0.0874      8.015     5.3481     7.6429    233.327    238.845      21862          3  0.000e+00
   59.06512 -136.19866    149.051     50.900     50.418     7.0059    30.2084  1023.8810    23.6464     7.0016     76.773     8.8663     0.0874      8.015     5.3482     7.6431    233.332    238.850      21863          3  0.000e+00
   59.06512 -136.19866    148.923     50.771     50.290     7.0062    30.2084  1023.8803    23.6464     7.0019     76.772     8.8663     0.0874      8.015     5.3481     7.6429    233.327    238.844      21864          3  0.000e+00
   59.06512 -136.19866    148.931     50.779     50.298     7.0061    30.2086  1023.8806    23.6466     7.0018     76.772     8.8663     0.0874      8.015     5.3481     7.6430    233.330    238.847      21865          3  0.000e+00
   59.06512 -136.19866    148.923     50.771     50.290     7.0062    30.2086  1023.8805    23.6466     7.0019     76.773     8.8663     0.0874      8.015     5.3482     7.6431    233.331    238.849      21866          3  0.000e+00
   59.06512 -136.19866    148.987     50.836     50.354     7.0064    30.2083  1023.8806    23.6463     7.0021     76.775     8.8663     0.0874      8.015     5.3483     7.6432    233.337    238.854      21867          3  0.000e+00
   59.06512 -136.19866    148.923     50.771     50.290     7.0061    30.2084  1023.8804    23.6464     7.0018     76.776     8.8663     0.0874      8.015     5.3484     7.6434    233.341    238.859      21868          3  0.000e+00
   59.06512 -136.19866    148.931     50.779     50.298     7.0056    30.2083  1023.8804    23.6464     7.0013     76.778     8.8663     0.0874      8.015     5.3486     7.6437    233.350    238.868      21869          3  0.000e+00
   59.06512 -136.19866    148.923     50.771     50.290     7.0055    30.2085  1023.8805    23.6466     7.0011     76.780     8.8663     0.0874      8.015     5.3487     7.6439    233.357    238.875      21870          3  0.000e+00
   59.06514 -136.19840    108.574     10.036      9.942     7.3253    28.8827  1022.6094    22.5631     7.3244     77.975     0.0561     0.3218      8.047     5.4391     7.7730    237.550    242.910      24708          4  0.000e+00
   59.06514 -136.19840    109.134     10.601     10.502     7.3249    28.8825  1022.6119    22.5630     7.3240     77.931     0.0561     0.3218      8.047     5.4361     7.7687    237.419    242.776      24709          4  0.000e+00
   59.06514 -136.19840    108.574     10.036      9.942     7.3243    28.8822  1022.6092    22.5629     7.3234     77.924     0.0561     0.3218      8.047     5.4357     7.7682    237.403    242.759      24710          4  0.000e+00
   59.06514 -136.19840    108.694     10.157     10.062     7.3242    28.8804  1022.6084    22.5615     7.3233     77.925     0.0561     0.3218      8.047     5.4358     7.7683    237.407    242.763      24711          4  0.000e+00
   59.06514 -136.19840    108.718     10.181     10.086     7.3238    28.8789  1022.6073    22.5603     7.3229     77.924     0.0561     0.3218      8.047     5.4358     7.7684    237.408    242.764      24712          4  0.000e+00
   59.06514 -136.19840    108.814     10.278     10.182     7.3235    28.8775  1022.6067    22.5593     7.3227     77.923     0.0561     0.3218      8.047     5.4359     7.7685    237.412    242.768      24713          4  0.000e+00
   59.06514 -136.19840    108.758     10.221     10.126     7.3233    28.8775  1022.6065    22.5594     7.3224     77.922     0.0561     0.3218      8.047     5.4358     7.7683    237.408    242.763      24714          4  0.000e+00
   59.06514 -136.19840    108.718     10.181     10.086     7.3233    28.8772  1022.6061    22.5591     7.3224     77.975     0.0561     0.3218      8.047     5.4396     7.7737    237.572    242.931      24715          4  0.000e+00
   59.06514 -136.19840    108.758     10.222     10.126     7.3235    28.8777  1022.6066    22.5594     7.3227     77.982     0.0561     0.3218      8.047     5.4400     7.7742    237.588    242.948      24716          4  0.000e+00
   59.06514 -136.19840    108.758     10.222     10.126     7.3240    28.8775  1022.6064    22.5592     7.3232     77.987     0.0561     0.3218      8.047     5.4403     7.7747    237.602    242.962      24717          4  0.000e+00
   59.06514 -136.19840    108.782     10.246     10.150     7.3241    28.8774  1022.6064    22.5592     7.3232     77.937     0.0561     0.3218      8.047     5.4368     7.7697    237.450    242.806      24718          4  0.000e+00
   59.06514 -136.19840    108.694     10.157     10.062     7.3243    28.8767  1022.6054    22.5586     7.3234     77.989     0.0561     0.3218      8.047     5.4404     7.7749    237.609    242.969      24719          4  0.000e+00
   59.06514 -136.19840    108.758     10.222     10.126     7.3238    28.8767  1022.6058    22.5587     7.3229     77.939     0.0561     0.3218      8.047     5.4370     7.7700    237.460    242.817      24720          4  0.000e+00
   59.06514 -136.19840    108.782     10.246     10.150     7.3235    28.8769  1022.6061    22.5588     7.3227     77.993     0.0561     0.3218      8.047     5.4408     7.7754    237.623    242.984      24721          4  0.000e+00
   59.06514 -136.19840    108.758     10.222     10.126     7.3232    28.8770  1022.6061    22.5590     7.3223     77.997     0.0561     0.3218      8.047     5.4411     7.7759    237.638    242.999      24722          4  0.000e+00
   59.06514 -136.19840    108.694     10.157     10.062     7.3232    28.8777  1022.6064    22.5595     7.3223     78.000     0.0561     0.3218      8.047     5.4413     7.7762    237.648    243.009      24723          4  0.000e+00
   59.06514 -136.19840    108.782     10.246     10.150     7.3238    28.8782  1022.6070    22.5598     7.3229     78.005     0.0561     0.3218      8.047     5.4415     7.7765    237.658    243.019      24724          4  0.000e+00
   59.06514 -136.19840    108.758     10.222     10.126     7.3242    28.8785  1022.6071    22.5600     7.3233     78.008     0.0561     0.3218      8.047     5.4417     7.7768    237.665    243.027      24725          4  0.000e+00
   59.06514 -136.19840    108.718     10.181     10.086     7.3242    28.8784  1022.6069    22.5600     7.3233     77.956     0.0561     0.3218      8.047     5.4381     7.7715    237.506    242.864      24726          4  0.000e+00
   59.06514 -136.19840    108.758     10.222     10.126     7.3241    28.8787  1022.6073    22.5601     7.3232     77.952     0.0561     0.3218      8.047     5.4378     7.7712    237.495    242.853      24727          4  0.000e+00
   59.06514 -136.19840    108.758     10.222     10.126     7.3240    28.8786  1022.6072    22.5601     7.3232     77.949     0.0561     0.3218      8.047     5.4376     7.7708    237.484    242.842      24728          4  0.000e+00
   59.06514 -136.19840    108.782     10.246     10.150     7.3237    28.8786  1022.6074    22.5601     7.3228     77.945     0.0561     0.3218      8.047     5.4374     7.7705    237.475    242.832      24729          4  0.000e+00
   59.06514 -136.19840    108.758     10.222     10.126     7.3240    28.8786  1022.6073    22.5601     7.3232     77.941     0.0561     0.3218      8.047     5.4370     7.7700    237.460    242.817      24730          4  0.000e+00
   59.06514 -136.19840    108.638     10.100     10.006     7.3243    28.8793  1022.6072    22.5606     7.3234     77.936     0.0561     0.3218      8.047     5.4366     7.7694    237.442    242.798      24731          4  0.000e+00
   59.06514 -136.19840    108.838     10.302     10.206     7.3244    28.8799  1022.6086    22.5611     7.3236     77.934     0.0561     0.3218      8.047     5.4364     7.7692    237.434    242.791      24732          4  0.000e+00
   59.06514 -136.19840    108.758     10.222     10.126     7.3248    28.8810  1022.6090    22.5619     7.3239     77.929     0.0561     0.3218      8.047     5.4360     7.7686    237.416    242.772      24733          4  0.000e+00
   59.06514 -136.19840    108.758     10.222     10.126     7.3247    28.8824  1022.6102    22.5630     7.3238     77.925     0.0561     0.3218      8.047     5.4357     7.7682    237.402    242.759      24734          4  0.000e+00
   59.06514 -136.19840    108.782     10.246     10.150     7.3244    28.8827  1022.6105    22.5633     7.3236     77.921     0.0561     0.3218      8.047     5.4355     7.7678    237.392    242.748      24735          4  0.000e+00
   59.06514 -136.19840    108.694     10.157     10.062     7.3246    28.8828  1022.6102    22.5633     7.3237     77.917     0.0561     0.3218      8.047     5.4351     7.7673    237.376    242.732      24736          4  0.000e+00
   59.06514 -136.19840    108.758     10.222     10.126     7.3252    28.8833  1022.6108    22.5636     7.3243     77.913     0.0561     0.3218      8.047     5.4348     7.7669    237.362    242.718      24737          4  0.000e+00
   59.06514 -136.19840    108.782     10.246     10.150     7.3253    28.8846  1022.6119    22.5646     7.3244     77.910     0.0561     0.3218      8.047     5.4345     7.7664    237.348    242.703      24738          4  0.000e+00
   59.06514 -136.19840    108.758     10.222     10.126     7.3253    28.8846  1022.6118    22.5647     7.3244     77.905     0.0561     0.3218      8.047     5.4342     7.7660    237.335    242.690      24739          4  0.000e+00
   59.06514 -136.19840    108.758     10.222     10.126     7.3254    28.8846  1022.6117    22.5646     7.3246     77.902     0.0561     0.3218      8.047     5.4339     7.7656    237.322    242.677      24740          4  0.000e+00
   59.06514 -136.19840    108.718     10.181     10.086     7.3256    28.8849  1022.6118    22.5649     7.3247     77.897     0.0561     0.3218      8.047     5.4336     7.7651    237.308    242.663      24741          4  0.000e+00
   59.06514 -136.19840    108.758     10.222     10.126     7.3254    28.8840  1022.6113    22.5642     7.3246     77.894     0.0841     0.3218      8.047     5.4334     7.7648    237.300    242.654      24742          4  0.000e+00
   59.06514 -136.19840    108.758     10.222     10.126     7.3249    28.8842  1022.6115    22.5644     7.3241     77.890     0.0841     0.3218      8.047     5.4332     7.7645    237.290    242.645      24743          4  0.000e+00
   59.06514 -136.19840    108.782     10.246     10.150     7.3247    28.8830  1022.6107    22.5635     7.3238     77.886     0.0841     0.3218      8.047     5.4330     7.7643    237.283    242.637      24744          4  0.000e+00
   59.06514 -136.19840    108.758     10.222     10.126     7.3244    28.8812  1022.6092    22.5621     7.3236     77.882     0.0841     0.3218      8.047     5.4328     7.7640    237.275    242.628      24745          4  0.000e+00
   59.06514 -136.19840    108.718     10.181     10.086     7.3243    28.8814  1022.6092    22.5622     7.3234     77.878     0.0841     0.3218      8.047     5.4325     7.7636    237.262    242.615      24746          4  0.000e+00
   59.06514 -136.19840    108.758     10.222     10.126     7.3248    28.8813  1022.6093    22.5621     7.3239     77.930     0.0841     0.3218      8.047     5.4360     7.7687    237.417    242.774      24747          4  0.000e+00
   59.06514 -136.19840    108.758     10.222     10.126     7.3249    28.8807  1022.6088    22.5616     7.3241     77.933     0.0841     0.3218      8.047     5.4363     7.7690    237.427    242.783      24748          4  0.000e+00
   59.06514 -136.19840    108.782     10.246     10.150     7.3244    28.8797  1022.6082    22.5609     7.3236     77.880     0.0841     0.3218      8.047     5.4327     7.7639    237.271    242.625      24749          4  0.000e+00
   59.06514 -136.19840    108.758     10.222     10.126     7.3242    28.8796  1022.6080    22.5609     7.3233     77.876     0.0841     0.3218      8.047     5.4324     7.7635    237.259    242.612      24750          4  0.000e+00
   59.06514 -136.19840    108.758     10.222     10.126     7.3242    28.8802  1022.6085    22.5613     7.3233     77.871     0.0841     0.3218      8.047     5.4321     7.7630    237.244    242.597      24751          4  0.000e+00
   59.06514 -136.19840    108.782     10.246     10.150     7.3240    28.8794  1022.6079    22.5607     7.3231     77.867     0.0841     0.3218      8.047     5.4318     7.7626    237.234    242.586      24752          4  0.000e+00
   59.06514 -136.19840    108.758     10.222     10.126     7.3233    28.8794  1022.6080    22.5608     7.3224     77.918     0.0841     0.3218      8.047     5.4355     7.7678    237.392    242.748      24753          4  0.000e+00
   59.06514 -136.19840    108.758     10.222     10.126     7.3237    28.8805  1022.6088    22.5617     7.3228     77.872     0.0841     0.3218      8.047     5.4322     7.7632    237.249    242.602      24754          4  0.000e+00
   59.06514 -136.19840    108.718     10.181     10.086     7.3243    28.8815  1022.6093    22.5623     7.3234     77.930     0.0561     0.3218      8.047     5.4361     7.7688    237.420    242.777      24755          4  0.000e+00
   59.06514 -136.19840    108.758     10.222     10.126     7.3252    28.8817  1022.6095    22.5623     7.3243     77.940     0.0841     0.3218      8.047     5.4367     7.7696    237.447    242.805      24756          4  0.000e+00
   59.06514 -136.19822      6.817      2.912      2.885     4.0523    12.1384  1009.6558     9.6418     4.0522     96.676     0.0001     0.8786      8.457     8.1608    11.6626    360.982    364.462      26496          5  0.000e+00
   59.06514 -136.19822      7.494      2.832      2.805     4.0546    12.1408  1009.6573     9.6436     4.0545     96.624     0.0001     0.8786      8.457     8.1559    11.6556    360.763    364.242      26497          5  0.000e+00
   59.06514 -136.19822      9.698      2.912      2.885     4.0590    12.1421  1009.6586     9.6445     4.0589     96.680     0.0001     0.8786      8.457     8.1596    11.6608    360.925    364.406      26498          5  0.000e+00
   59.06514 -136.19822     10.253      2.832      2.805     4.0625    12.1438  1009.6594     9.6457     4.0624     96.685     0.0001     0.8786      8.457     8.1592    11.6603    360.907    364.388      26499          5  0.000e+00
   59.06514 -136.19822     10.196      2.848      2.821     4.0655    12.1435  1009.6591     9.6453     4.0654     96.748     0.0001     0.8493      8.457     8.1639    11.6670    361.115    364.598      26500          5  0.000e+00
   59.06514 -136.19822     10.163      2.888      2.861     4.0710    12.1433  1009.6589     9.6449     4.0709     96.704     0.0001     0.8786      8.457     8.1590    11.6601    360.902    364.382      26501          5  0.000e+00
   59.06514 -136.19822     10.098      2.848      2.821     4.0772    12.1506  1009.6642     9.6504     4.0771     96.707     0.0001     0.8786      8.457     8.1576    11.6580    360.837    364.319      26502          5  0.000e+00
   59.06514 -136.19822     10.138      2.888      2.861     4.0773    12.1642  1009.6752     9.6613     4.0772     96.713     0.0001     0.8786      8.457     8.1573    11.6576    360.820    364.306      26503          5  0.000e+00
   59.06514 -136.19822     10.098      2.848      2.821     4.0697    12.1739  1009.6830     9.6692     4.0697     96.720     0.0001     0.8786      8.457     8.1589    11.6599    360.889    364.378      26504          5  0.000e+00
   59.06514 -136.19822     10.138      2.888      2.861     4.0589    12.1758  1009.6851     9.6712     4.0589     96.785     0.0001     0.8786      8.457     8.1666    11.6709    361.227    364.721      26505          5  0.000e+00
