EcoFOCI/data/1_SampleCollection/2022_GOA-OA_CruiseData/CTD_raw_BottleFile_RC0083/RC0083_016.cnv
* Sea-Bird SBE 9 Data File:
* FileName = C:\Data\RC0083ctd\RC0083_016.hex
* Software Version Seasave V 7.26.7.107
* Temperature SN = 2060
* Conductivity SN = 1084
* Number of Bytes Per Scan = 31
* Number of Voltage Words = 4
* Number of Scans Averaged by the Deck Unit = 1
* NMEA Latitude = 56 10.79 N
* NMEA Longitude = 134 19.21 W
* NMEA UTC (Time) = Aug 13 2022  14:56:51
* NMEA baud rate = 4800
** Ship: R/V Rachel Carson
** Cruise ID: RC0083 RC0083
** Tech: McHugh/Nomura
** Chief Scientist: Cross Cross
** Station: CS1
** Cast:  016
# nquan = 19
# nvalues = 19775                                 
# units = specified
# name 0 = latitude: Latitude [deg]
# name 1 = longitude: Longitude [deg]
# name 2 = sfdSM: Seafloor depth [salt water, m]
# name 3 = prDM: Pressure, Digiquartz [db]
# name 4 = depSM: Depth [salt water, m]
# name 5 = t090C: Temperature [ITS-90, deg C]
# name 6 = sal00: Salinity, Practical [PSU]
# name 7 = density00: Density [density, kg/m^3]
# name 8 = sigma-é00: Density [sigma-theta, kg/m^3]
# name 9 = potemp090C: Potential Temperature [ITS-90, deg C]
# name 10 = sbeox0PS: Oxygen, SBE 43 [% saturation]
# name 11 = CStarTr0: Beam Transmission, WET Labs C-Star [%]
# name 12 = flECO-AFL: Fluorescence, WET Labs ECO-AFL/FL [mg/m^3]
# name 13 = ph: pH
# name 14 = sbeox0ML/L: Oxygen, SBE 43 [ml/l]
# name 15 = sbeox0Mg/L: Oxygen, SBE 43 [mg/l]
# name 16 = sbox0Mm/Kg: Oxygen, SBE 43 [umol/kg]
# name 17 = sbeox0Mm/L: Oxygen, SBE 43 [umol/l]
# name 18 = flag:  0.000e+00
# span 0 =   56.17944,   56.18016                 
# span 1 = -134.32264, -134.32016                 
# span 2 =      3.770,    145.792                 
# span 3 =      2.127,    125.548                 
# span 4 =      2.107,    124.366                 
# span 5 =     6.9251,     9.8193                 
# span 6 =    31.6154,    32.8617                 
# span 7 =  1024.3541,  1026.3213                 
# span 8 =    24.3434,    25.7462                 
# span 9 =     6.9139,     9.8190                 
# span 10 =     48.235,     88.290                
# span 11 =    89.0814,   102.2827                
# span 12 =     0.2046,     4.1606                
# span 13 =      7.833,      8.114                
# span 14 =     3.3036,     5.7249                
# span 15 =     4.7212,     8.1815                
# span 16 =    143.842,    249.596                
# span 17 =    147.539,    255.676                
# span 18 = 0.0000e+00, 0.0000e+00                
# interval = seconds: 0.0416667
# start_time = Aug 13 2022 14:56:51 [NMEA time, header]
# bad_flag = -9.990e-29
*END*
[from data line 12115]
   56.17994 -134.32158    134.120    100.851     99.907     7.6847    32.4167  1025.7530    25.2918     7.6752     57.912   100.1011     0.7614      7.907     3.9148     5.5947    170.523    174.836  0.000e+00
   56.17994 -134.32158    134.152    100.884     99.940     7.6852    32.4165  1025.7529    25.2916     7.6757     57.908   100.1011     0.7614      7.907     3.9146     5.5943    170.512    174.825  0.000e+00
   56.17994 -134.32158    134.120    100.851     99.907     7.6854    32.4161  1025.7524    25.2913     7.6759     57.912   100.1011     0.7907      7.907     3.9148     5.5947    170.523    174.836  0.000e+00
   56.17994 -134.32158    134.152    100.884     99.940     7.6852    32.4163  1025.7527    25.2914     7.6757     57.916   100.1011     0.9372      7.907     3.9151     5.5951    170.536    174.849  0.000e+00
   56.17994 -134.32158    134.176    100.908     99.964     7.6849    32.4171  1025.7535    25.2921     7.6754     57.913   100.1291     0.9958      7.907     3.9149     5.5948    170.526    174.839  0.000e+00
   56.17994 -134.32158    134.152    100.884     99.940     7.6849    32.4164  1025.7528    25.2916     7.6754     57.909   100.1011     0.9958      7.907     3.9146     5.5944    170.515    174.827  0.000e+00
   56.17994 -134.32158    134.176    100.908     99.964     7.6849    32.4164  1025.7530    25.2916     7.6754     57.905   100.1011     0.9958      7.907     3.9144     5.5940    170.503    174.815  0.000e+00
   56.17994 -134.32158    134.208    100.940     99.996     7.6854    32.4164  1025.7530    25.2915     7.6759     57.900   100.1011     0.9958      7.907     3.9140     5.5935    170.488    174.800  0.000e+00
   56.17994 -134.32158    134.232    100.964    100.020     7.6859    32.4160  1025.7527    25.2911     7.6763     57.896   100.1011     0.9958      7.907     3.9137     5.5930    170.472    174.784  0.000e+00
   56.17994 -134.32158    134.208    100.940     99.996     7.6863    32.4158  1025.7524    25.2909     7.6768     57.890   100.1011     0.9958      7.907     3.9133     5.5924    170.455    174.766  0.000e+00
   56.17994 -134.32158    134.232    100.964    100.020     7.6875    32.4152  1025.7519    25.2903     7.6780     57.892   100.1011     0.9958      7.907     3.9133     5.5925    170.458    174.769  0.000e+00
   56.17994 -134.32158    134.264    100.997    100.052     7.6880    32.4148  1025.7516    25.2899     7.6785     57.887   100.1011     0.9958      7.907     3.9129     5.5920    170.441    174.751  0.000e+00
   56.17994 -134.32158    134.296    101.029    100.084     7.6885    32.4140  1025.7511    25.2892     7.6789     57.881   100.1571     0.9958      7.907     3.9125     5.5914    170.423    174.733  0.000e+00
   56.17994 -134.32158    134.264    100.997    100.052     7.6886    32.4144  1025.7512    25.2895     7.6791     57.875   100.2690     0.9958      7.907     3.9121     5.5907    170.404    174.713  0.000e+00
   56.17994 -134.32158    134.296    101.029    100.084     7.6886    32.4142  1025.7512    25.2893     7.6791     57.869   100.2969     0.9958      7.907     3.9117     5.5902    170.386    174.695  0.000e+00
   56.17994 -134.32158    134.328    101.061    100.116     7.6886    32.4142  1025.7514    25.2893     7.6791     57.870   100.3249     0.9958      7.907     3.9117     5.5903    170.389    174.698  0.000e+00
   56.17992 -134.32158    134.352    101.086    100.140     7.6886    32.4146  1025.7518    25.2896     7.6791     57.871   100.3249     0.9958      7.907     3.9118     5.5904    170.392    174.701  0.000e+00
   56.17992 -134.32158    134.328    101.061    100.116     7.6886    32.4144  1025.7515    25.2895     7.6791     57.864   100.2969     0.9958      7.907     3.9113     5.5897    170.372    174.681  0.000e+00
   56.17992 -134.32158    134.416    101.150    100.204     7.6885    32.4144  1025.7519    25.2895     7.6789     57.922   100.3249     0.9958      7.907     3.9152     5.5953    170.541    174.854  0.000e+00
   56.17992 -134.32158    134.328    101.061    100.116     7.6886    32.4147  1025.7518    25.2897     7.6791     57.873   100.2969     0.9958      7.907     3.9119     5.5905    170.396    174.705  0.000e+00
   56.17992 -134.32158    134.392    101.150    100.204     7.6886    32.4148  1025.7522    25.2898     7.6791     57.874   100.3249     0.9958      7.907     3.9120     5.5906    170.399    174.708  0.000e+00
   56.17992 -134.32158    134.335    101.118    100.172     7.6887    32.4140  1025.7514    25.2891     7.6792     57.874   100.3249     0.9958      7.907     3.9120     5.5906    170.399    174.708  0.000e+00
   56.17992 -134.32158    134.424    101.207    100.260     7.6887    32.4144  1025.7522    25.2894     7.6792     57.875   100.3249     0.9665      7.907     3.9120     5.5907    170.402    174.711  0.000e+00
   56.17992 -134.32158    134.335    101.118    100.172     7.6888    32.4142  1025.7516    25.2893     7.6793     57.874   100.2969     0.8200      7.907     3.9120     5.5906    170.400    174.710  0.000e+00
   56.17992 -134.32158    134.303    101.086    100.140     7.6897    32.4138  1025.7510    25.2889     7.6802     57.923   100.2969     0.7614      7.907     3.9152     5.5952    170.540    174.852  0.000e+00
   56.17992 -134.32158    134.512    101.296    100.348     7.6909    32.4127  1025.7510    25.2878     7.6813     57.931   100.3249     0.7321      7.907     3.9157     5.5959    170.562    174.875  0.000e+00
   56.17992 -134.32158    134.424    101.207    100.260     7.6918    32.4128  1025.7505    25.2878     7.6823     57.929   100.2969     0.7321      7.907     3.9155     5.5956    170.553    174.866  0.000e+00
   56.17992 -134.32158    134.456    101.239    100.292     7.6936    32.4112  1025.7491    25.2862     7.6841     57.935   100.3249     0.7321      7.907     3.9158     5.5960    170.566    174.879  0.000e+00
   56.17992 -134.32158    134.424    101.207    100.260     7.6941    32.4107  1025.7485    25.2858     7.6845     57.941   100.3249     0.7321      7.907     3.9161     5.5965    170.581    174.894  0.000e+00
   56.17992 -134.32158    134.424    101.207    100.260     7.6927    32.4117  1025.7495    25.2867     7.6831     57.946   100.2969     0.7321      7.907     3.9166     5.5972    170.601    174.915  0.000e+00
   56.17992 -134.32158    134.431    101.239    100.292     7.6886    32.4145  1025.7524    25.2895     7.6791     57.952   100.2969     0.7614      7.907     3.9173     5.5982    170.631    174.946  0.000e+00
   56.17992 -134.32158    134.431    101.264    100.316     7.6847    32.4171  1025.7552    25.2922     7.6752     57.958   100.3249     0.7614      7.907     3.9179     5.5991    170.659    174.975  0.000e+00
   56.17992 -134.32158    134.407    101.239    100.292     7.6829    32.4181  1025.7561    25.2932     7.6734     57.963   100.2690     0.7321      7.907     3.9184     5.5998    170.678    174.995  0.000e+00
   56.17992 -134.32158    134.431    101.264    100.316     7.6818    32.4189  1025.7569    25.2940     7.6722     57.967   100.1291     0.7321      7.907     3.9188     5.6003    170.695    175.013  0.000e+00
   56.17992 -134.32158    134.463    101.296    100.348     7.6818    32.4188  1025.7571    25.2939     7.6722     57.971   100.0452     0.7321      7.907     3.9191     5.6007    170.708    175.025  0.000e+00
   56.17992 -134.32158    134.431    101.264    100.316     7.6815    32.4187  1025.7568    25.2938     7.6720     57.975   100.0452     0.7321      7.907     3.9193     5.6011    170.719    175.037  0.000e+00
   56.17992 -134.32158    134.407    101.239    100.292     7.6815    32.4184  1025.7565    25.2936     7.6720     57.978   100.0452     0.7321      7.907     3.9195     5.6014    170.729    175.047  0.000e+00
   56.17992 -134.32158    134.431    101.264    100.316     7.6810    32.4195  1025.7575    25.2945     7.6715     57.981   100.0452     0.7614      7.907     3.9198     5.6018    170.739    175.058  0.000e+00
   56.17992 -134.32158    134.463    101.296    100.348     7.6816    32.4188  1025.7570    25.2939     7.6721     57.984   100.0452     0.7321      7.907     3.9199     5.6020    170.746    175.065  0.000e+00
   56.17992 -134.32158    134.406    101.264    100.316     7.6820    32.4188  1025.7568    25.2938     7.6724     57.986   100.0452     0.7321      7.907     3.9201     5.6022    170.751    175.070  0.000e+00
   56.17992 -134.32158    134.390    101.296    100.348     7.6815    32.4190  1025.7572    25.2940     7.6720     57.989   100.0452     0.7321      7.907     3.9203     5.6024    170.760    175.079  0.000e+00
   56.17992 -134.32158    134.358    101.264    100.316     7.6815    32.4190  1025.7571    25.2941     7.6720     57.990   100.0452     0.7321      7.907     3.9204     5.6026    170.764    175.084  0.000e+00
   56.17992 -134.32158    134.334    101.239    100.292     7.6814    32.4192  1025.7571    25.2942     7.6719     57.992   100.0452     0.7321      7.907     3.9205     5.6027    170.768    175.088  0.000e+00
   56.17992 -134.32158    134.422    101.328    100.380     7.6820    32.4187  1025.7571    25.2938     7.6724     57.993   100.0452     0.7321      7.907     3.9205     5.6028    170.772    175.092  0.000e+00
   56.17992 -134.32158    134.414    101.296    100.348     7.6828    32.4184  1025.7566    25.2934     7.6732     57.994   100.0452     0.7321      7.907     3.9205     5.6028    170.771    175.091  0.000e+00
   56.17992 -134.32158    134.302    101.207    100.260     7.6833    32.4176  1025.7555    25.2928     7.6737     57.994   100.0452     0.7321      7.907     3.9205     5.6028    170.770    175.089  0.000e+00
   56.17992 -134.32158    134.390    101.296    100.348     7.6836    32.4175  1025.7558    25.2926     7.6741     57.995   100.0452     0.7614      7.907     3.9205     5.6028    170.771    175.091  0.000e+00
   56.17992 -134.32158    134.382    101.264    100.316     7.6837    32.4176  1025.7556    25.2926     7.6742     57.995   100.0452     0.7321      7.907     3.9205     5.6028    170.770    175.089  0.000e+00
   56.17992 -134.32158    134.334    101.239    100.292     7.6829    32.4178  1025.7559    25.2930     7.6734     57.994   100.0452     0.7321      7.907     3.9205     5.6028    170.772    175.091  0.000e+00
   56.17992 -134.32158    134.333    101.264    100.316     7.6831    32.4176  1025.7557    25.2927     7.6736     57.994   100.0452     0.7321      7.907     3.9205     5.6028    170.770    175.089  0.000e+00
   56.17992 -134.32158    134.333    101.264    100.316     7.6829    32.4174  1025.7556    25.2926     7.6734     57.993   100.0452     0.7321      7.907     3.9205     5.6027    170.768    175.088  0.000e+00
   56.17992 -134.32158    134.309    101.239    100.292     7.6824    32.4181  1025.7562    25.2933     7.6729     57.991   100.0452     0.7614      7.907     3.9204     5.6026    170.765    175.085  0.000e+00
   56.17992 -134.32158    134.277    101.207    100.260     7.6821    32.4183  1025.7562    25.2935     7.6726     57.990   100.0452     0.7614      7.907     3.9203     5.6025    170.761    175.080  0.000e+00
   56.17992 -134.32158    134.285    101.239    100.292     7.6818    32.4189  1025.7568    25.2940     7.6722     57.988   100.1011     0.7321      7.907     3.9202     5.6024    170.757    175.077  0.000e+00
   56.17992 -134.32158    134.253    101.207    100.260     7.6813    32.4190  1025.7568    25.2941     7.6718     57.986   100.1291     0.7321      7.907     3.9201     5.6022    170.752    175.071  0.000e+00
   56.17992 -134.32158    134.204    101.183    100.236     7.6810    32.4191  1025.7568    25.2942     7.6715     57.983   100.1291     0.7321      7.907     3.9199     5.6020    170.746    175.065  0.000e+00
   56.17992 -134.32158    134.253    101.207    100.260     7.6807    32.4194  1025.7572    25.2945     7.6711     58.037   100.1291     0.7321      7.907     3.9236     5.6072    170.904    175.227  0.000e+00
   56.17992 -134.32158    134.204    101.183    100.236     7.6804    32.4196  1025.7574    25.2947     7.6708     58.041   100.1291     0.7321      7.907     3.9239     5.6076    170.916    175.239  0.000e+00
   56.17992 -134.32158    134.099    101.150    100.204     7.6798    32.4202  1025.7577    25.2952     7.6703     57.988   100.1291     0.7321      7.907     3.9203     5.6025    170.762    175.082  0.000e+00
   56.17992 -134.32158    133.938    101.061    100.116     7.6802    32.4196  1025.7568    25.2947     7.6706     57.983   100.1571     0.7614      7.907     3.9200     5.6020    170.747    175.066  0.000e+00
   56.17992 -134.32158    134.113    101.264    100.316     7.6799    32.4195  1025.7577    25.2947     7.6703     57.980   100.1291     0.7321      7.907     3.9198     5.6018    170.739    175.058  0.000e+00
   56.17992 -134.32158    133.969    101.118    100.172     7.6804    32.4197  1025.7572    25.2948     7.6708     57.974   100.1571     0.7321      7.907     3.9193     5.6011    170.719    175.038  0.000e+00
   56.17992 -134.32158    133.962    101.086    100.140     7.6805    32.4194  1025.7567    25.2945     7.6710     58.024   100.1291     0.7321      7.907     3.9228     5.6060    170.868    175.190  0.000e+00
   56.17992 -134.32160    133.994    101.118    100.172     7.6808    32.4194  1025.7568    25.2945     7.6713     58.026   100.1291     0.7321      7.907     3.9228     5.6061    170.872    175.194  0.000e+00
   56.17992 -134.32160    133.986    101.086    100.140     7.6816    32.4185  1025.7558    25.2936     7.6721     57.971   100.1291     0.7028      7.907     3.9190     5.6007    170.707    175.025  0.000e+00
   56.17992 -134.32160    134.018    101.118    100.172     7.6816    32.4189  1025.7563    25.2940     7.6721     57.964   100.1291     0.6735      7.907     3.9186     5.6001    170.687    175.005  0.000e+00
   56.17992 -134.32160    133.954    101.029    100.084     7.6818    32.4181  1025.7553    25.2934     7.6723     57.957   100.1291     0.7028      7.907     3.9181     5.5993    170.665    174.982  0.000e+00
   56.17992 -134.32160    133.986    101.061    100.116     7.6810    32.4190  1025.7562    25.2941     7.6715     57.957   100.1291     0.6735      7.907     3.9182     5.5995    170.669    174.986  0.000e+00
   56.17992 -134.32160    133.979    101.029    100.084     7.6802    32.4195  1025.7566    25.2947     7.6706     57.950   100.1291     0.6735      7.907     3.9177     5.5988    170.650    174.966  0.000e+00
   56.17992 -134.32160    133.947    100.997    100.052     7.6797    32.4198  1025.7568    25.2950     7.6702     57.942   100.1571     0.7028      7.907     3.9172     5.5981    170.628    174.944  0.000e+00
   56.17992 -134.32160    134.003    101.029    100.084     7.6792    32.4200  1025.7571    25.2952     7.6697     57.990   100.1571     0.7028      7.907     3.9206     5.6029    170.773    175.092  0.000e+00
   56.17992 -134.32160    133.947    100.997    100.052     7.6790    32.4201  1025.7571    25.2953     7.6695     57.989   100.1291     0.6735      7.907     3.9205     5.6027    170.769    175.088  0.000e+00
   56.17992 -134.32160    133.939    100.964    100.020     7.6788    32.4202  1025.7570    25.2954     7.6692     57.987   100.1291     0.6735      7.907     3.9204     5.6026    170.764    175.083  0.000e+00
   56.17992 -134.32160    133.939    100.940     99.996     7.6788    32.4201  1025.7568    25.2953     7.6693     57.992   100.1571     0.6735      7.907     3.9207     5.6031    170.778    175.098  0.000e+00
   56.17992 -134.32160    133.963    100.964    100.020     7.6784    32.4211  1025.7578    25.2961     7.6689     57.997   100.1851     0.6735      7.907     3.9210     5.6036    170.794    175.114  0.000e+00
