EcoFOCI/data/1_SampleCollection/2022_GOA-OA_CruiseData/CTD_raw_BottleFile_RC0083/RC0083_029.ros
* Sea-Bird SBE 9 Data File:
* FileName = C:\Data\RC0083ctd\RC0083_029.hex
* Software Version Seasave V 7.26.7.107
* Temperature SN = 2060
* Conductivity SN = 1084
* Number of Bytes Per Scan = 31
* Number of Voltage Words = 4
* Number of Scans Averaged by the Deck Unit = 1
* NMEA Latitude = 58 37.53 N
* NMEA Longitude = 134 57.12 W
* NMEA UTC (Time) = Aug 18 2022  01:04:29
* NMEA baud rate = 4800
** Ship: R/V Rachel Carson
** Cruise ID: RC0083
** Tech: McHugh/Nomura
** Chief Scientist: Cross
** Station: JH1
** Cast:  CTD029
# nquan = 21
# nvalues = 196                                   
# units = specified
# name 0 = latitude: Latitude [deg]
# name 1 = longitude: Longitude [deg]
# name 2 = sfdSM: Seafloor depth [salt water, m]
# name 3 = prDM: Pressure, Digiquartz [db]
# name 4 = depSM: Depth [salt water, m]
# name 5 = t090C: Temperature [ITS-90, deg C]
# name 6 = sal00: Salinity, Practical [PSU]
# name 7 = density00: Density [density, kg/m^3]
# name 8 = sigma-é00: Density [sigma-theta, kg/m^3]
# name 9 = potemp090C: Potential Temperature [ITS-90, deg C]
# name 10 = sbeox0PS: Oxygen, SBE 43 [% saturation]
# name 11 = CStarTr0: Beam Transmission, WET Labs C-Star [%]
# name 12 = flECO-AFL: Fluorescence, WET Labs ECO-AFL/FL [mg/m^3]
# name 13 = ph: pH
# name 14 = sbeox0ML/L: Oxygen, SBE 43 [ml/l]
# name 15 = sbeox0Mg/L: Oxygen, SBE 43 [mg/l]
# name 16 = sbox0Mm/Kg: Oxygen, SBE 43 [umol/kg]
# name 17 = sbeox0Mm/L: Oxygen, SBE 43 [umol/l]
# name 18 = scan: Scan Count
# name 19 = nbf: Bottles Fired
# name 20 = flag:  0.000e+00
# interval = seconds: 0.0416667
# start_time = Aug 18 2022 01:04:29 [NMEA time, header]
# bad_flag = -9.990e-29
*END*
   58.62574 -134.95188     61.084     51.139     50.656     7.8008    30.6792  1024.1452    23.9107     7.7961     70.967   100.0732     0.1460      7.959     4.8393     6.9158    211.076    216.123       4578          1  0.000e+00
   58.62574 -134.95188     61.084     51.139     50.656     7.8006    30.6794  1024.1454    23.9110     7.7959     70.968   100.0732     0.1460      7.959     4.8395     6.9161    211.083    216.130       4579          1  0.000e+00
   58.62574 -134.95188     61.148     51.204     50.721     7.8004    30.6795  1024.1458    23.9111     7.7956     70.964   100.0732     0.1460      7.959     4.8392     6.9156    211.070    216.116       4580          1  0.000e+00
   58.62574 -134.95188     61.140     51.196     50.712     7.8004    30.6796  1024.1459    23.9112     7.7956     71.014   100.0732     0.1460      7.959     4.8426     6.9205    211.218    216.269       4581          1  0.000e+00
   58.62574 -134.95188     61.108     51.139     50.656     7.8002    30.6796  1024.1457    23.9112     7.7955     71.022   100.0732     0.1460      7.959     4.8431     6.9213    211.244    216.295       4582          1  0.000e+00
   58.62574 -134.95188     61.108     51.139     50.656     7.8000    30.6801  1024.1461    23.9116     7.7953     71.024   100.0732     0.1460      7.959     4.8433     6.9215    211.249    216.300       4583          1  0.000e+00
   58.62574 -134.95188     61.172     51.204     50.720     7.8003    30.6796  1024.1459    23.9112     7.7956     70.977   100.0732     0.1460      7.959     4.8401     6.9170    211.110    216.158       4584          1  0.000e+00
   58.62574 -134.95188     61.172     51.204     50.720     7.8000    30.6795  1024.1459    23.9112     7.7953     70.979   100.0732     0.1460      7.959     4.8402     6.9172    211.117    216.165       4585          1  0.000e+00
   58.62574 -134.95188     61.052     51.083     50.600     7.8004    30.6797  1024.1455    23.9112     7.7957     71.028   100.0452     0.1460      7.959     4.8435     6.9219    211.261    216.313       4586          1  0.000e+00
   58.62574 -134.95188     61.172     51.204     50.720     7.8004    30.6797  1024.1460    23.9113     7.7956     71.038   100.0172     0.1460      7.959     4.8442     6.9229    211.291    216.343       4587          1  0.000e+00
   58.62574 -134.95188     61.164     51.196     50.712     7.8004    30.6797  1024.1460    23.9112     7.7956     71.047    99.9613     0.1460      7.959     4.8448     6.9237    211.317    216.370       4588          1  0.000e+00
   58.62574 -134.95188     61.108     51.139     50.656     7.8006    30.6797  1024.1457    23.9112     7.7959     71.000    99.9333     0.1460      7.959     4.8416     6.9191    211.176    216.225       4589          1  0.000e+00
   58.62574 -134.95188     61.108     51.139     50.656     7.8008    30.6795  1024.1455    23.9110     7.7961     71.002    99.9333     0.1460      7.959     4.8417     6.9193    211.181    216.231       4590          1  0.000e+00
   58.62574 -134.95188     61.172     51.204     50.720     7.8006    30.6795  1024.1458    23.9110     7.7959     71.053    99.9333     0.1460      7.959     4.8452     6.9243    211.334    216.387       4591          1  0.000e+00
   58.62574 -134.95188     61.164     51.196     50.712     7.8008    30.6793  1024.1456    23.9108     7.7961     71.055    99.9333     0.1460      7.959     4.8453     6.9244    211.338    216.392       4592          1  0.000e+00
   58.62574 -134.95188     61.108     51.139     50.656     7.8004    30.6794  1024.1454    23.9110     7.7957     71.056    99.9333     0.1460      7.959     4.8454     6.9246    211.343    216.397       4593          1  0.000e+00
   58.62574 -134.95188     61.164     51.196     50.712     7.8006    30.6794  1024.1457    23.9109     7.7959     71.057    99.9333     0.1753      7.959     4.8455     6.9247    211.347    216.401       4594          1  0.000e+00
   58.62574 -134.95188     61.108     51.139     50.656     7.8006    30.6795  1024.1455    23.9110     7.7959     71.058    99.9333     0.1753      7.959     4.8455     6.9248    211.348    216.402       4595          1  0.000e+00
   58.62574 -134.95188     61.164     51.196     50.712     7.8006    30.6797  1024.1459    23.9112     7.7959     71.059    99.9333     0.1753      7.959     4.8456     6.9249    211.351    216.405       4596          1  0.000e+00
   58.62574 -134.95188     61.172     51.204     50.720     7.8006    30.6796  1024.1459    23.9111     7.7959     71.067    99.9333     0.1753      7.959     4.8461     6.9256    211.374    216.429       4597          1  0.000e+00
   58.62574 -134.95188     61.164     51.196     50.712     7.8006    30.6801  1024.1463    23.9116     7.7959     71.074    99.9333     0.1753      7.959     4.8467     6.9264    211.397    216.452       4598          1  0.000e+00
   58.62574 -134.95188     61.108     51.139     50.656     7.8005    30.6800  1024.1459    23.9115     7.7958     71.082    99.9333     0.1753      7.959     4.8472     6.9271    211.419    216.474       4599          1  0.000e+00
   58.62574 -134.95188     61.164     51.196     50.712     7.8005    30.6800  1024.1462    23.9115     7.7958     71.082    99.9333     0.1753      7.959     4.8472     6.9272    211.421    216.477       4600          1  0.000e+00
   58.62574 -134.95188     61.172     51.204     50.720     7.8006    30.6801  1024.1463    23.9115     7.7959     71.090    99.9333     0.1753      7.959     4.8477     6.9279    211.443    216.499       4601          1  0.000e+00
   58.62574 -134.95188     61.172     51.204     50.720     7.8008    30.6794  1024.1457    23.9110     7.7961     71.090    99.9333     0.1753      7.959     4.8477     6.9279    211.443    216.498       4602          1  0.000e+00
   58.62574 -134.95188     61.164     51.196     50.712     7.8007    30.6798  1024.1460    23.9113     7.7960     71.097    99.9333     0.1753      7.959     4.8482     6.9285    211.464    216.520       4603          1  0.000e+00
   58.62574 -134.95188     61.172     51.204     50.720     7.8008    30.6795  1024.1458    23.9110     7.7961     71.104    99.9333     0.1753      7.959     4.8487     6.9292    211.485    216.542       4604          1  0.000e+00
   58.62574 -134.95188     61.164     51.196     50.712     7.8010    30.6792  1024.1455    23.9107     7.7963     71.111    99.9333     0.1753      7.959     4.8491     6.9299    211.506    216.563       4605          1  0.000e+00
   58.62574 -134.95188     61.196     51.204     50.720     7.8008    30.6791  1024.1454    23.9107     7.7961     71.111    99.9333     0.1753      7.959     4.8492     6.9299    211.506    216.563       4606          1  0.000e+00
   58.62574 -134.95188     61.164     51.196     50.712     7.8011    30.6794  1024.1457    23.9109     7.7963     71.110    99.9333     0.1753      7.959     4.8491     6.9298    211.502    216.559       4607          1  0.000e+00
   58.62574 -134.95188     61.228     51.260     50.776     7.8006    30.6797  1024.1462    23.9112     7.7959     71.110    99.9333     0.1753      7.959     4.8491     6.9298    211.503    216.560       4608          1  0.000e+00
   58.62574 -134.95188     61.164     51.196     50.712     7.8006    30.6797  1024.1459    23.9112     7.7959     71.116    99.9333     0.1753      7.959     4.8495     6.9304    211.520    216.578       4609          1  0.000e+00
   58.62574 -134.95188     61.172     51.204     50.720     7.8005    30.6796  1024.1459    23.9112     7.7958     71.178    99.9054     0.1753      7.959     4.8537     6.9364    211.705    216.767       4610          1  0.000e+00
   58.62574 -134.95188     61.164     51.196     50.712     7.8005    30.6796  1024.1459    23.9111     7.7958     71.183    99.9333     0.1753      7.959     4.8541     6.9370    211.721    216.784       4611          1  0.000e+00
   58.62574 -134.95188     61.228     51.260     50.776     7.8009    30.6793  1024.1459    23.9108     7.7962     71.189    99.9333     0.1753      7.959     4.8544     6.9375    211.736    216.799       4612          1  0.000e+00
   58.62574 -134.95188     61.140     51.195     50.712     7.8010    30.6794  1024.1456    23.9109     7.7963     71.193    99.9054     0.1753      7.959     4.8547     6.9378    211.747    216.810       4613          1  0.000e+00
   58.62574 -134.95188     61.204     51.260     50.776     7.8011    30.6793  1024.1458    23.9108     7.7964     71.204    99.9333     0.1753      7.959     4.8555     6.9390    211.782    216.846       4614          1  0.000e+00
   58.62574 -134.95188     61.139     51.195     50.712     7.8013    30.6790  1024.1453    23.9106     7.7966     71.159    99.9054     0.1753      7.959     4.8524     6.9346    211.647    216.708       4615          1  0.000e+00
   58.62574 -134.95188     61.147     51.204     50.720     7.8013    30.6791  1024.1454    23.9106     7.7966     71.156    99.9333     0.1753      7.959     4.8522     6.9342    211.637    216.697       4616          1  0.000e+00
   58.62574 -134.95188     61.204     51.260     50.776     7.8012    30.6790  1024.1456    23.9106     7.7965     71.153    99.9333     0.1753      7.959     4.8519     6.9339    211.628    216.688       4617          1  0.000e+00
   58.62574 -134.95188     61.147     51.204     50.720     7.8011    30.6792  1024.1455    23.9108     7.7964     71.148    99.9333     0.1753      7.959     4.8516     6.9335    211.614    216.674       4618          1  0.000e+00
   58.62574 -134.95188     61.203     51.260     50.776     7.8013    30.6792  1024.1457    23.9107     7.7966     71.144    99.9333     0.1753      7.959     4.8513     6.9330    211.601    216.661       4619          1  0.000e+00
   58.62574 -134.95188     61.139     51.195     50.712     7.8011    30.6795  1024.1457    23.9110     7.7964     71.139    99.9054     0.1753      7.959     4.8510     6.9325    211.586    216.645       4620          1  0.000e+00
   58.62574 -134.95188     61.203     51.260     50.776     7.8017    30.6788  1024.1454    23.9104     7.7970     71.134    99.9054     0.1753      7.959     4.8506     6.9320    211.571    216.629       4621          1  0.000e+00
   58.62574 -134.95188     61.139     51.195     50.712     7.8021    30.6789  1024.1451    23.9104     7.7974     71.128    99.9333     0.1753      7.959     4.8502     6.9314    211.551    216.609       4622          1  0.000e+00
   58.62574 -134.95188     61.203     51.260     50.776     7.8023    30.6786  1024.1451    23.9101     7.7976     71.123    99.9333     0.1753      7.959     4.8498     6.9309    211.535    216.593       4623          1  0.000e+00
   58.62574 -134.95188     61.139     51.195     50.712     7.8025    30.6780  1024.1443    23.9096     7.7978     71.116    99.9054     0.1753      7.955     4.8494     6.9302    211.516    216.573       4624          1  0.000e+00
   58.62574 -134.95188     61.228     51.260     50.776     7.8025    30.6784  1024.1450    23.9099     7.7977     71.111    99.9054     0.1753      7.959     4.8490     6.9297    211.498    216.555       4625          1  0.000e+00
   58.62574 -134.95188     61.164     51.195     50.712     7.8025    30.6779  1024.1443    23.9095     7.7978     71.104    99.9333     0.1753      7.959     4.8485     6.9290    211.478    216.534       4626          1  0.000e+00
   58.62586 -134.95188     60.637     25.220     24.984     8.6851    30.1581  1023.4916    23.3764     8.6826     77.105    98.6188     0.3511      8.023     5.1713     7.3902    225.673    230.948       6545          2  0.000e+00
   58.62586 -134.95188     60.581     25.164     24.928     8.6825    30.1596  1023.4929    23.3779     8.6801     77.107    98.5908     0.3511      8.023     5.1716     7.3908    225.689    230.965       6546          2  0.000e+00
   58.62586 -134.95188     60.581     25.164     24.928     8.6791    30.1624  1023.4956    23.3806     8.6766     77.110    98.5908     0.3511      8.023     5.1721     7.3915    225.709    230.987       6547          2  0.000e+00
   58.62586 -134.95188     60.661     25.220     24.984     8.6755    30.1652  1023.4986    23.3834     8.6730     77.113    98.8985     0.3511      8.023     5.1726     7.3922    225.731    231.009       6548          2  0.000e+00
   58.62586 -134.95188     60.605     25.164     24.928     8.6684    30.1700  1023.5032    23.3882     8.6659     77.115    99.0943     0.3511      8.023     5.1734     7.3933    225.764    231.044       6549          2  0.000e+00
   58.62586 -134.95188     60.605     25.164     24.928     8.6642    30.1732  1023.5062    23.3912     8.6618     77.116    99.1222     0.3511      8.023     5.1739     7.3940    225.785    231.066       6550          2  0.000e+00
   58.62586 -134.95188     60.637     25.220     24.984     8.6650    30.1725  1023.5058    23.3906     8.6625     77.118    99.1222     0.3511      8.023     5.1739     7.3940    225.786    231.067       6551          2  0.000e+00
   58.62586 -134.95188     60.605     25.164     24.928     8.6658    30.1720  1023.5051    23.3901     8.6634     77.117    99.0943     0.3511      8.023     5.1738     7.3939    225.782    231.063       6552          2  0.000e+00
   58.62586 -134.95188     60.661     25.220     24.984     8.6637    30.1729  1023.5063    23.3911     8.6612     77.119    99.0943     0.3511      8.023     5.1741     7.3943    225.795    231.077       6553          2  0.000e+00
   58.62586 -134.95188     60.605     25.164     24.928     8.6575    30.1769  1023.5101    23.3951     8.6551     77.119    99.0943     0.3511      8.023     5.1747     7.3952    225.820    231.103       6554          2  0.000e+00
   58.62586 -134.95188     60.605     25.164     24.928     8.6526    30.1803  1023.5135    23.3985     8.6501     77.119    99.0943     0.3511      8.023     5.1752     7.3959    225.841    231.125       6555          2  0.000e+00
   58.62586 -134.95188     60.661     25.220     24.984     8.6484    30.1830  1023.5165    23.4012     8.6459     77.120    99.1222     0.3511      8.023     5.1757     7.3965    225.859    231.145       6556          2  0.000e+00
   58.62586 -134.95188     60.605     25.164     24.928     8.6451    30.1852  1023.5184    23.4034     8.6427     77.119    99.0943     0.3511      8.023     5.1759     7.3969    225.869    231.156       6557          2  0.000e+00
   58.62586 -134.95188     60.661     25.220     24.984     8.6425    30.1870  1023.5205    23.4053     8.6400     77.174    99.0943     0.3511      8.023     5.1798     7.4025    226.040    231.330       6558          2  0.000e+00
   58.62586 -134.95188     60.605     25.164     24.928     8.6405    30.1887  1023.5219    23.4069     8.6381     77.178    99.0943     0.3511      8.023     5.1803     7.4032    226.061    231.352       6559          2  0.000e+00
   58.62586 -134.95188     60.661     25.220     24.984     8.6392    30.1896  1023.5230    23.4077     8.6368     77.184    99.0943     0.3511      8.023     5.1808     7.4039    226.082    231.374       6560          2  0.000e+00
   58.62586 -134.95188     60.605     25.164     24.928     8.6391    30.1892  1023.5225    23.4075     8.6366     77.132    99.0943     0.3511      8.018     5.1774     7.3990    225.932    231.221       6561          2  0.000e+00
   58.62586 -134.95188     60.661     25.220     24.984     8.6402    30.1886  1023.5221    23.4068     8.6377     77.129    99.0943     0.3511      8.023     5.1771     7.3985    225.920    231.208       6562          2  0.000e+00
   58.62586 -134.95188     60.605     25.164     24.928     8.6415    30.1882  1023.5213    23.4063     8.6390     77.132    99.0943     0.3511      8.023     5.1771     7.3986    225.922    231.210       6563          2  0.000e+00
