EcoFOCI/data/1_SampleCollection/2022_GOA-OA_CruiseData/CTD_raw_BottleFile_RC0083/RC0083_041.ros
* Sea-Bird SBE 9 Data File:
* FileName = C:\Data\RC0083ctd\RC0083_041.hex
* Software Version Seasave V 7.26.7.107
* Temperature SN = 2060
* Conductivity SN = 1084
* Number of Bytes Per Scan = 31
* Number of Voltage Words = 4
* Number of Scans Averaged by the Deck Unit = 1
* NMEA Latitude = 58 16.37 N
* NMEA Longitude = 135 23.99 W
* NMEA UTC (Time) = Aug 18 2022  13:46:22
* NMEA baud rate = 4800
** Ship: R/V Rachel Carson
** Cruise ID: RC0083
** Tech: McHugh/Nomura
** Chief Scientist: Cross
** Station: ISD
** Cast:  CTD041
# nquan = 21
# nvalues = 196                                   
# units = specified
# name 0 = latitude: Latitude [deg]
# name 1 = longitude: Longitude [deg]
# name 2 = sfdSM: Seafloor depth [salt water, m]
# name 3 = prDM: Pressure, Digiquartz [db]
# name 4 = depSM: Depth [salt water, m]
# name 5 = t090C: Temperature [ITS-90, deg C]
# name 6 = sal00: Salinity, Practical [PSU]
# name 7 = density00: Density [density, kg/m^3]
# name 8 = sigma-é00: Density [sigma-theta, kg/m^3]
# name 9 = potemp090C: Potential Temperature [ITS-90, deg C]
# name 10 = sbeox0PS: Oxygen, SBE 43 [% saturation]
# name 11 = CStarTr0: Beam Transmission, WET Labs C-Star [%]
# name 12 = flECO-AFL: Fluorescence, WET Labs ECO-AFL/FL [mg/m^3]
# name 13 = ph: pH
# name 14 = sbeox0ML/L: Oxygen, SBE 43 [ml/l]
# name 15 = sbeox0Mg/L: Oxygen, SBE 43 [mg/l]
# name 16 = sbox0Mm/Kg: Oxygen, SBE 43 [umol/kg]
# name 17 = sbeox0Mm/L: Oxygen, SBE 43 [umol/l]
# name 18 = scan: Scan Count
# name 19 = nbf: Bottles Fired
# name 20 = flag:  0.000e+00
# interval = seconds: 0.0416667
# start_time = Aug 18 2022 13:46:22 [NMEA time, header]
# bad_flag = -9.990e-29
*END*
[from data line 138]
   58.27308 -135.39804    123.679     25.431     25.193     8.0543    29.7055  1023.2284    23.1118     8.0519     65.151    91.1231     0.5562      7.973     4.4453     6.3528    194.042    198.526      17912          3  0.000e+00
   58.27308 -135.39804    123.623     25.374     25.137     8.0542    29.7054  1023.2281    23.1117     8.0518     65.155    91.0951     0.5562      7.973     4.4456     6.3532    194.056    198.541      17913          3  0.000e+00
   58.27308 -135.39804    123.679     25.431     25.193     8.0538    29.7058  1023.2288    23.1121     8.0515     65.105    91.0951     0.5562      7.973     4.4422     6.3484    193.908    198.390      17914          3  0.000e+00
   58.27308 -135.39804    123.623     25.374     25.137     8.0543    29.7051  1023.2278    23.1114     8.0520     65.158    91.0951     0.5562      7.973     4.4458     6.3534    194.063    198.548      17915          3  0.000e+00
   58.27308 -135.39804    123.679     25.431     25.193     8.0543    29.7050  1023.2280    23.1113     8.0519     65.162    91.0951     0.5562      7.973     4.4461     6.3539    194.077    198.562      17916          3  0.000e+00
   58.27308 -135.39804    123.679     25.431     25.193     8.0540    29.7055  1023.2285    23.1118     8.0517     65.166    91.0951     0.5562      7.973     4.4464     6.3543    194.090    198.576      17917          3  0.000e+00
   58.27308 -135.39804    123.623     25.374     25.137     8.0543    29.7057  1023.2283    23.1119     8.0520     65.170    91.0951     0.5562      7.973     4.4466     6.3546    194.098    198.584      17918          3  0.000e+00
   58.27308 -135.39804    123.721     25.374     25.137     8.0543    29.7059  1023.2285    23.1121     8.0520     65.173    91.0951     0.5562      7.973     4.4468     6.3549    194.108    198.594      17919          3  0.000e+00
   58.27308 -135.39804    123.826     25.431     25.193     8.0542    29.7061  1023.2289    23.1123     8.0518     65.177    91.0951     0.5562      7.973     4.4471     6.3553    194.120    198.606      17920          3  0.000e+00
   58.27300 -135.39790    101.980      3.379      3.347    12.3111    23.5225  1017.6566    17.6413    12.3107    104.389    88.8296     3.0178      8.354     6.7456     9.6401    296.036    301.258      20799          4  0.000e+00
   58.27300 -135.39790    101.980      3.379      3.347    12.3113    23.5222  1017.6564    17.6411    12.3109    104.405    88.8296     3.0178      8.354     6.7466     9.6415    296.079    301.302      20800          4  0.000e+00
   58.27300 -135.39790    102.060      3.460      3.427    12.3108    23.5228  1017.6573    17.6416    12.3104    104.421    88.8296     3.0178      8.354     6.7477     9.6431    296.128    301.352      20801          4  0.000e+00
   58.27300 -135.39790    101.980      3.379      3.347    12.3110    23.5228  1017.6569    17.6416    12.3106    104.435    88.8296     3.0178      8.354     6.7486     9.6444    296.166    301.391      20802          4  0.000e+00
   58.27300 -135.39790    102.004      3.403      3.371    12.3111    23.5225  1017.6568    17.6413    12.3107    104.451    88.7737     3.0178      8.354     6.7495     9.6458    296.209    301.435      20803          4  0.000e+00
   58.27300 -135.39790    101.980      3.379      3.347    12.3110    23.5227  1017.6568    17.6415    12.3106    104.465    88.7178     3.0178      8.354     6.7505     9.6471    296.250    301.477      20804          4  0.000e+00
   58.27300 -135.39790    102.060      3.460      3.427    12.3106    23.5228  1017.6573    17.6416    12.3102    104.474    88.7178     3.0178      8.354     6.7511     9.6481    296.279    301.506      20805          4  0.000e+00
   58.27300 -135.39790    101.980      3.379      3.347    12.3106    23.5228  1017.6569    17.6416    12.3103    104.487    88.6898     3.0178      8.354     6.7520     9.6492    296.316    301.543      20806          4  0.000e+00
   58.27300 -135.39790    102.004      3.403      3.371    12.3104    23.5228  1017.6571    17.6417    12.3100    104.549    88.7178     3.0178      8.354     6.7560     9.6550    296.492    301.723      20807          4  0.000e+00
   58.27300 -135.39790    101.980      3.379      3.347    12.3091    23.5239  1017.6580    17.6427    12.3087    104.508    88.7178     3.0178      8.354     6.7535     9.6514    296.382    301.611      20808          4  0.000e+00
   58.27300 -135.39790    102.004      3.403      3.371    12.3076    23.5250  1017.6593    17.6439    12.3072    104.515    88.7178     3.0178      8.354     6.7541     9.6523    296.409    301.638      20809          4  0.000e+00
   58.27300 -135.39790    102.036      3.435      3.403    12.3071    23.5254  1017.6598    17.6442    12.3067    104.522    88.7178     3.0178      8.354     6.7546     9.6530    296.430    301.660      20810          4  0.000e+00
   58.27300 -135.39790    102.004      3.403      3.371    12.3081    23.5245  1017.6588    17.6433    12.3077    104.521    88.7178     3.0178      8.354     6.7544     9.6528    296.424    301.653      20811          4  0.000e+00
   58.27300 -135.39790    101.980      3.379      3.347    12.3085    23.5243  1017.6585    17.6431    12.3081    104.525    88.7178     3.0178      8.354     6.7547     9.6531    296.435    301.665      20812          4  0.000e+00
   58.27300 -135.39790    102.004      3.403      3.371    12.3085    23.5239  1017.6583    17.6429    12.3081    104.530    88.7178     3.0178      8.354     6.7550     9.6536    296.449    301.679      20813          4  0.000e+00
   58.27300 -135.39790    102.036      3.435      3.403    12.3088    23.5237  1017.6582    17.6426    12.3084    104.582    88.7178     3.0178      8.354     6.7583     9.6583    296.595    301.827      20814          4  0.000e+00
   58.27300 -135.39790    101.980      3.379      3.347    12.3089    23.5235  1017.6578    17.6424    12.3086    104.531    88.7178     3.0178      8.354     6.7550     9.6536    296.449    301.679      20815          4  0.000e+00
   58.27300 -135.39790    102.004      3.403      3.371    12.3086    23.5235  1017.6579    17.6425    12.3082    104.528    88.7178     3.0471      8.354     6.7548     9.6534    296.442    301.672      20816          4  0.000e+00
   58.27300 -135.39790    101.980      3.379      3.347    12.3086    23.5234  1017.6578    17.6425    12.3082    104.529    88.7178     3.1057      8.354     6.7549     9.6535    296.445    301.675      20817          4  0.000e+00
   58.27300 -135.39790    101.938      3.460      3.427    12.3085    23.5233  1017.6581    17.6424    12.3081    104.531    88.7178     3.1057      8.354     6.7551     9.6537    296.453    301.683      20818          4  0.000e+00
   58.27300 -135.39790    101.443      3.379      3.347    12.3086    23.5236  1017.6579    17.6426    12.3082    104.525    88.7178     3.1057      8.354     6.7547     9.6531    296.434    301.664      20819          4  0.000e+00
   58.27300 -135.39790    101.296      3.403      3.371    12.3086    23.5236  1017.6581    17.6426    12.3082    104.519    88.7178     3.1057      8.354     6.7543     9.6526    296.418    301.647      20820          4  0.000e+00
   58.27300 -135.39790    101.272      3.379      3.347    12.3086    23.5239  1017.6582    17.6429    12.3082    104.512    88.7178     3.1057      8.354     6.7538     9.6519    296.398    301.627      20821          4  0.000e+00
   58.27300 -135.39790    101.320      3.403      3.371    12.3086    23.5243  1017.6586    17.6432    12.3082    104.505    88.7178     3.1057      8.354     6.7534     9.6513    296.377    301.606      20822          4  0.000e+00
   58.27300 -135.39790    101.352      3.435      3.403    12.3086    23.5247  1017.6591    17.6435    12.3082    104.498    88.7457     3.1057      8.354     6.7529     9.6505    296.354    301.583      20823          4  0.000e+00
   58.27300 -135.39790    101.320      3.403      3.371    12.3086    23.5252  1017.6593    17.6438    12.3082    104.489    88.8576     3.1057      8.354     6.7523     9.6497    296.328    301.556      20824          4  0.000e+00
   58.27300 -135.39790    101.296      3.379      3.347    12.3085    23.5257  1017.6596    17.6442    12.3081    104.479    88.9136     3.1057      8.354     6.7516     9.6488    296.300    301.528      20825          4  0.000e+00
   58.27300 -135.39790    101.320      3.403      3.371    12.3085    23.5259  1017.6598    17.6444    12.3081    104.469    88.8856     3.1057      8.354     6.7510     9.6478    296.271    301.499      20826          4  0.000e+00
   58.27300 -135.39790    101.352      3.435      3.403    12.3081    23.5257  1017.6599    17.6443    12.3077    104.459    88.8856     3.1057      8.354     6.7504     9.6470    296.245    301.472      20827          4  0.000e+00
   58.27300 -135.39790    101.320      3.403      3.371    12.3080    23.5260  1017.6600    17.6446    12.3076    104.447    88.8856     3.1057      8.354     6.7496     9.6459    296.211    301.438      20828          4  0.000e+00
   58.27300 -135.39790    101.296      3.379      3.347    12.3078    23.5262  1017.6601    17.6448    12.3074    104.434    88.8856     3.1057      8.354     6.7488     9.6447    296.176    301.402      20829          4  0.000e+00
   58.27300 -135.39790    101.296      3.379      3.347    12.3078    23.5263  1017.6602    17.6448    12.3074    104.427    88.8856     3.1057      8.354     6.7484     9.6441    296.156    301.382      20830          4  0.000e+00
   58.27300 -135.39790    101.320      3.403      3.371    12.3081    23.5263  1017.6603    17.6448    12.3077    104.414    88.8856     3.1057      8.354     6.7475     9.6428    296.117    301.341      20831          4  0.000e+00
   58.27300 -135.39790    101.352      3.435      3.403    12.3074    23.5270  1017.6610    17.6454    12.3070    104.400    88.8856     3.1057      8.354     6.7466     9.6416    296.081    301.305      20832          4  0.000e+00
   58.27300 -135.39790    101.686      3.403      3.371    12.3068    23.5282  1017.6619    17.6465    12.3064    104.391    88.8856     3.1057      8.354     6.7461     9.6408    296.056    301.280      20833          4  0.000e+00
   58.27300 -135.39790    101.955      3.379      3.347    12.3070    23.5287  1017.6621    17.6468    12.3066    104.381    88.8856     3.1057      8.354     6.7454     9.6399    296.026    301.250      20834          4  0.000e+00
   58.27300 -135.39790    102.084      3.460      3.427    12.3066    23.5288  1017.6627    17.6469    12.3062    104.372    88.8856     3.1057      8.354     6.7449     9.6391    296.003    301.226      20835          4  0.000e+00
   58.27300 -135.39790    101.980      3.379      3.347    12.3071    23.5280  1017.6616    17.6463    12.3067    104.361    88.8856     3.1057      8.354     6.7441     9.6380    295.969    301.192      20836          4  0.000e+00
   58.27300 -135.39790    101.931      3.403      3.371    12.3074    23.5277  1017.6614    17.6460    12.3070    104.356    88.8856     3.0471      8.354     6.7438     9.6375    295.954    301.177      20837          4  0.000e+00
   58.27300 -135.39790    101.376      3.435      3.403    12.3073    23.5284  1017.6621    17.6465    12.3069    104.351    88.8856     3.0178      8.354     6.7434     9.6371    295.940    301.162      20838          4  0.000e+00
   58.27300 -135.39790    101.076      3.403      3.371    12.3071    23.5294  1017.6628    17.6474    12.3067    104.346    88.8856     3.0178      8.354     6.7431     9.6365    295.923    301.145      20839          4  0.000e+00
   58.27300 -135.39790    101.027      3.379      3.347    12.3071    23.5299  1017.6630    17.6477    12.3067    104.340    88.8856     3.0178      8.354     6.7426     9.6359    295.905    301.127      20840          4  0.000e+00
   58.27300 -135.39790    101.076      3.403      3.371    12.3066    23.5296  1017.6630    17.6476    12.3063    104.388    88.8856     3.0178      8.354     6.7458     9.6405    296.044    301.268      20841          4  0.000e+00
   58.27300 -135.39790    101.108      3.435      3.403    12.3066    23.5289  1017.6626    17.6470    12.3062    104.387    88.8856     3.0178      8.354     6.7458     9.6405    296.045    301.269      20842          4  0.000e+00
   58.27300 -135.39790    101.012      3.338      3.307    12.3061    23.5293  1017.6626    17.6474    12.3057    104.391    88.8576     3.0178      8.354     6.7461     9.6409    296.057    301.282      20843          4  0.000e+00
   58.27300 -135.39788    101.172      3.500      3.467    12.3063    23.5290  1017.6631    17.6472    12.3058    104.344    88.7178     3.0178      8.354     6.7431     9.6365    295.924    301.146      20844          4  0.000e+00
   58.27300 -135.39788    101.052      3.379      3.347    12.3061    23.5289  1017.6625    17.6471    12.3057    104.341    88.6618     3.0178      8.354     6.7429     9.6363    295.917    301.139      20845          4  0.000e+00
   58.27300 -135.39788    101.076      3.403      3.371    12.3061    23.5287  1017.6624    17.6470    12.3057    104.340    88.6618     3.0178      8.354     6.7429     9.6363    295.915    301.137      20846          4  0.000e+00
   58.27300 -135.39788    101.108      3.435      3.403    12.3058    23.5289  1017.6627    17.6472    12.3054    104.340    88.6618     3.0178      8.354     6.7429     9.6362    295.915    301.137      20847          4  0.000e+00
