EcoFOCI/data/1_SampleCollection/2022_GOA-OA_CruiseData/CTD_raw_BottleFile_RC0083/RC0083_033.ros
* Sea-Bird SBE 9 Data File:
* FileName = C:\Data\RC0083ctd\RC0083_033.hex
* Software Version Seasave V 7.26.7.107
* Temperature SN = 2060
* Conductivity SN = 1084
* Number of Bytes Per Scan = 31
* Number of Voltage Words = 4
* Number of Scans Averaged by the Deck Unit = 1
* NMEA Latitude = 58 27.04 N
* NMEA Longitude = 135 02.64 W
* NMEA UTC (Time) = Aug 18 2022  04:23:59
* NMEA baud rate = 4800
** Ship: R/V Rachel Carson
** Cruise ID: RC0083
** Tech: McHugh/Nomura
** Chief Scientist: Cross
** Station: LC01
** Cast:  CTD033
# nquan = 21
# nvalues = 392                                   
# units = specified
# name 0 = latitude: Latitude [deg]
# name 1 = longitude: Longitude [deg]
# name 2 = sfdSM: Seafloor depth [salt water, m]
# name 3 = prDM: Pressure, Digiquartz [db]
# name 4 = depSM: Depth [salt water, m]
# name 5 = t090C: Temperature [ITS-90, deg C]
# name 6 = sal00: Salinity, Practical [PSU]
# name 7 = density00: Density [density, kg/m^3]
# name 8 = sigma-é00: Density [sigma-theta, kg/m^3]
# name 9 = potemp090C: Potential Temperature [ITS-90, deg C]
# name 10 = sbeox0PS: Oxygen, SBE 43 [% saturation]
# name 11 = CStarTr0: Beam Transmission, WET Labs C-Star [%]
# name 12 = flECO-AFL: Fluorescence, WET Labs ECO-AFL/FL [mg/m^3]
# name 13 = ph: pH
# name 14 = sbeox0ML/L: Oxygen, SBE 43 [ml/l]
# name 15 = sbeox0Mg/L: Oxygen, SBE 43 [mg/l]
# name 16 = sbox0Mm/Kg: Oxygen, SBE 43 [umol/kg]
# name 17 = sbeox0Mm/L: Oxygen, SBE 43 [umol/l]
# name 18 = scan: Scan Count
# name 19 = nbf: Bottles Fired
# name 20 = flag:  0.000e+00
# interval = seconds: 0.0416667
# start_time = Aug 18 2022 04:23:59 [NMEA time, header]
# bad_flag = -9.990e-29
*END*
[from data line 138]
   58.45170 -135.04842    251.625    154.487    152.992     5.1576    32.8893  1026.7008    25.9858     5.1459     34.075    99.2621    -0.0591      7.659     2.4353     3.4803    106.007    108.762      38414          3  0.000e+00
   58.45170 -135.04842    251.689    154.552    153.056     5.1579    32.8894  1026.7010    25.9858     5.1462     34.015    99.2061    -0.0591      7.659     2.4310     3.4742    105.820    108.570      38415          3  0.000e+00
   58.45170 -135.04842    251.641    154.503    153.008     5.1580    32.8892  1026.7007    25.9856     5.1464     34.004    99.2061    -0.0591      7.659     2.4302     3.4730    105.784    108.533      38416          3  0.000e+00
   58.45170 -135.04842    251.689    154.552    153.056     5.1579    32.8895  1026.7012    25.9859     5.1462     34.050    99.2061    -0.0591      7.659     2.4335     3.4778    105.929    108.681      38417          3  0.000e+00
   58.45170 -135.04842    251.641    154.503    153.008     5.1585    32.8887  1026.7003    25.9852     5.1468     34.046    99.2061    -0.0591      7.659     2.4332     3.4773    105.915    108.667      38418          3  0.000e+00
   58.45170 -135.04842    251.625    154.487    152.992     5.1584    32.8888  1026.7002    25.9853     5.1467     34.050    99.2061    -0.0591      7.659     2.4335     3.4777    105.928    108.681      38419          3  0.000e+00
   58.45170 -135.04842    251.697    154.560    153.064     5.1584    32.8890  1026.7008    25.9854     5.1467     33.996    99.2061    -0.0591      7.659     2.4297     3.4723    105.761    108.509      38420          3  0.000e+00
   58.45170 -135.04842    251.689    154.552    153.056     5.1586    32.8893  1026.7009    25.9856     5.1469     34.050    99.2061    -0.0591      7.659     2.4335     3.4777    105.926    108.679      38421          3  0.000e+00
   58.45170 -135.04842    251.625    154.487    152.992     5.1586    32.8888  1026.7002    25.9852     5.1469     34.044    99.2061    -0.0591      7.659     2.4331     3.4771    105.909    108.661      38422          3  0.000e+00
   58.45168 -135.04856    199.544    101.884    100.911     5.6828    32.0599  1025.7397    25.2686     5.6749     50.602   100.5487    -0.0298      7.779     3.5916     5.1327    156.447    160.401      40945          4  0.000e+00
   58.45168 -135.04856    199.456    101.795    100.823     5.6828    32.0603  1025.7397    25.2690     5.6749     50.602   100.5487    -0.0298      7.779     3.5915     5.1327    156.445    160.398      40946          4  0.000e+00
   58.45168 -135.04856    199.488    101.827    100.855     5.6827    32.0602  1025.7397    25.2689     5.6747     50.602   100.5487    -0.0298      7.779     3.5916     5.1327    156.447    160.400      40947          4  0.000e+00
   58.45168 -135.04856    199.544    101.884    100.911     5.6824    32.0605  1025.7403    25.2692     5.6744     50.602   100.5487    -0.0298      7.779     3.5916     5.1328    156.449    160.402      40948          4  0.000e+00
   58.45168 -135.04856    199.400    101.738    100.767     5.6824    32.0604  1025.7396    25.2691     5.6744     50.601   100.5487    -0.0298      7.779     3.5916     5.1327    156.446    160.399      40949          4  0.000e+00
   58.45168 -135.04856    199.488    101.827    100.855     5.6820    32.0604  1025.7400    25.2692     5.6741     50.602   100.5487    -0.0298      7.779     3.5916     5.1328    156.449    160.402      40950          4  0.000e+00
   58.45168 -135.04856    199.520    101.860    100.887     5.6820    32.0608  1025.7405    25.2695     5.6741     50.602   100.5207    -0.0298      7.779     3.5916     5.1328    156.449    160.403      40951          4  0.000e+00
   58.45168 -135.04856    199.368    101.706    100.735     5.6820    32.0606  1025.7396    25.2693     5.6741     50.601   100.5487    -0.0298      7.779     3.5916     5.1327    156.446    160.400      40952          4  0.000e+00
   58.45168 -135.04856    199.576    101.916    100.943     5.6819    32.0605  1025.7405    25.2692     5.6739     50.603   100.5487    -0.0298      7.779     3.5917     5.1329    156.451    160.405      40953          4  0.000e+00
   58.45168 -135.04856    199.424    101.763    100.791     5.6816    32.0608  1025.7401    25.2695     5.6736     50.602   100.5487    -0.0298      7.779     3.5916     5.1328    156.449    160.402      40954          4  0.000e+00
   58.45168 -135.04856    199.456    101.795    100.823     5.6815    32.0609  1025.7403    25.2696     5.6736     50.602   100.5487    -0.0298      7.779     3.5917     5.1328    156.450    160.403      40955          4  0.000e+00
   58.45168 -135.04856    199.488    101.828    100.855     5.6819    32.0605  1025.7401    25.2693     5.6739     50.602   100.5487    -0.0298      7.779     3.5916     5.1328    156.449    160.403      40956          4  0.000e+00
   58.45168 -135.04856    199.456    101.795    100.823     5.6820    32.0606  1025.7400    25.2693     5.6741     50.602   100.5487    -0.0298      7.779     3.5916     5.1328    156.448    160.401      40957          4  0.000e+00
   58.45168 -135.04856    199.488    101.828    100.855     5.6823    32.0608  1025.7403    25.2694     5.6744     50.602   100.5207    -0.0298      7.779     3.5916     5.1327    156.447    160.401      40958          4  0.000e+00
   58.45168 -135.04856    199.400    101.739    100.767     5.6824    32.0605  1025.7396    25.2692     5.6744     50.601   100.5487    -0.0298      7.779     3.5916     5.1327    156.446    160.399      40959          4  0.000e+00
   58.45168 -135.04856    199.488    101.828    100.855     5.6825    32.0604  1025.7400    25.2691     5.6745     50.602   100.4927    -0.0298      7.779     3.5916     5.1327    156.447    160.400      40960          4  0.000e+00
   58.45168 -135.04856    199.456    101.795    100.823     5.6820    32.0609  1025.7403    25.2696     5.6741     50.602   100.4368    -0.0298      7.779     3.5916     5.1328    156.448    160.401      40961          4  0.000e+00
   58.45168 -135.04856    199.424    101.763    100.791     5.6820    32.0608  1025.7400    25.2694     5.6741     50.602   100.4368    -0.0298      7.779     3.5916     5.1327    156.447    160.401      40962          4  0.000e+00
   58.45168 -135.04856    199.456    101.795    100.823     5.6817    32.0605  1025.7400    25.2693     5.6738     50.602   100.4368    -0.0298      7.779     3.5916     5.1328    156.449    160.403      40963          4  0.000e+00
   58.45168 -135.04856    199.424    101.763    100.791     5.6817    32.0604  1025.7397    25.2692     5.6738     50.602   100.4368    -0.0298      7.779     3.5916     5.1328    156.449    160.402      40964          4  0.000e+00
   58.45168 -135.04856    199.424    101.763    100.791     5.6820    32.0601  1025.7395    25.2689     5.6741     50.602   100.4368    -0.0298      7.779     3.5916     5.1328    156.448    160.401      40965          4  0.000e+00
   58.45168 -135.04856    199.400    101.739    100.767     5.6819    32.0605  1025.7397    25.2692     5.6739     50.601   100.4368    -0.0298      7.779     3.5916     5.1328    156.448    160.401      40966          4  0.000e+00
   58.45168 -135.04856    199.424    101.763    100.791     5.6817    32.0603  1025.7396    25.2691     5.6738     50.602   100.4368    -0.0298      7.779     3.5916     5.1328    156.449    160.402      40967          4  0.000e+00
   58.45168 -135.04856    199.456    101.795    100.823     5.6819    32.0602  1025.7397    25.2690     5.6739     50.602   100.4368    -0.0298      7.779     3.5916     5.1328    156.449    160.402      40968          4  0.000e+00
   58.45168 -135.04856    199.424    101.763    100.791     5.6819    32.0600  1025.7394    25.2689     5.6739     50.602   100.4368    -0.0298      7.779     3.5916     5.1328    156.449    160.402      40969          4  0.000e+00
   58.45168 -135.04856    199.400    101.739    100.767     5.6819    32.0596  1025.7389    25.2685     5.6739     50.601   100.4368    -0.0298      7.779     3.5916     5.1328    156.449    160.402      40970          4  0.000e+00
   58.45168 -135.04856    199.424    101.763    100.791     5.6819    32.0596  1025.7391    25.2686     5.6739     50.602   100.4368    -0.0298      7.779     3.5916     5.1328    156.449    160.402      40971          4  0.000e+00
   58.45168 -135.04856    199.400    101.739    100.767     5.6816    32.0604  1025.7396    25.2692     5.6737     50.601   100.4368    -0.0298      7.779     3.5916     5.1328    156.449    160.402      40972          4  0.000e+00
   58.45168 -135.04856    199.424    101.763    100.791     5.6814    32.0603  1025.7397    25.2692     5.6734     50.602   100.4368    -0.0298      7.779     3.5917     5.1328    156.450    160.404      40973          4  0.000e+00
   58.45168 -135.04856    199.400    101.739    100.767     5.6816    32.0602  1025.7395    25.2690     5.6737     50.601   100.4368    -0.0298      7.779     3.5916     5.1328    156.449    160.402      40974          4  0.000e+00
   58.45168 -135.04856    199.368    101.706    100.735     5.6817    32.0601  1025.7393    25.2690     5.6738     50.601   100.4368    -0.0298      7.779     3.5916     5.1328    156.448    160.401      40975          4  0.000e+00
   58.45168 -135.04856    199.400    101.739    100.767     5.6817    32.0601  1025.7394    25.2690     5.6738     50.601   100.4368    -0.0298      7.779     3.5916     5.1328    156.449    160.402      40976          4  0.000e+00
   58.45168 -135.04856    199.424    101.763    100.791     5.6819    32.0598  1025.7392    25.2687     5.6739     50.602   100.4368    -0.0298      7.779     3.5916     5.1328    156.449    160.402      40977          4  0.000e+00
   58.45168 -135.04856    199.400    101.739    100.767     5.6817    32.0598  1025.7392    25.2688     5.6738     50.601   100.4368    -0.0298      7.779     3.5916     5.1328    156.449    160.402      40978          4  0.000e+00
   58.45168 -135.04856    199.424    101.763    100.791     5.6815    32.0600  1025.7395    25.2689     5.6736     50.545   100.4368    -0.0298      7.779     3.5876     5.1271    156.274    160.223      40979          4  0.000e+00
   58.45168 -135.04856    199.400    101.739    100.767     5.6816    32.0602  1025.7395    25.2690     5.6737     50.594   100.4647    -0.0298      7.779     3.5911     5.1320    156.425    160.378      40980          4  0.000e+00
   58.45168 -135.04856    199.424    101.763    100.791     5.6817    32.0599  1025.7393    25.2688     5.6738     50.594   100.5487    -0.0298      7.779     3.5911     5.1321    156.427    160.379      40981          4  0.000e+00
   58.45168 -135.04856    199.344    101.682    100.711     5.6817    32.0601  1025.7391    25.2689     5.6738     50.594   100.5766    -0.0298      7.779     3.5911     5.1320    156.426    160.379      40982          4  0.000e+00
   58.45168 -135.04856    199.488    101.828    100.856     5.6817    32.0597  1025.7395    25.2686     5.6738     50.595   100.5766    -0.0298      7.779     3.5912     5.1322    156.430    160.383      40983          4  0.000e+00
   58.45168 -135.04856    199.368    101.707    100.735     5.6819    32.0594  1025.7387    25.2684     5.6739     50.595   100.5766    -0.0005      7.779     3.5912     5.1321    156.429    160.381      40984          4  0.000e+00
   58.45168 -135.04856    199.456    101.795    100.824     5.6816    32.0601  1025.7397    25.2690     5.6736     50.596   100.5487    -0.0005      7.779     3.5912     5.1322    156.432    160.385      40985          4  0.000e+00
   58.45168 -135.04856    199.424    101.763    100.792     5.6817    32.0599  1025.7393    25.2688     5.6738     50.596   100.5766    -0.0005      7.779     3.5912     5.1322    156.432    160.385      40986          4  0.000e+00
   58.45168 -135.04856    199.400    101.739    100.767     5.6817    32.0601  1025.7394    25.2689     5.6738     50.596   100.5766    -0.0005      7.779     3.5912     5.1322    156.432    160.385      40987          4  0.000e+00
   58.45168 -135.04856    199.488    101.828    100.856     5.6817    32.0599  1025.7396    25.2688     5.6738     50.540   100.5766    -0.0005      7.779     3.5873     5.1266    156.259    160.208      40988          4  0.000e+00
   58.45168 -135.04856    199.400    101.739    100.768     5.6817    32.0603  1025.7395    25.2691     5.6738     50.532   100.5766    -0.0005      7.779     3.5867     5.1257    156.234    160.182      40989          4  0.000e+00
   58.45168 -135.04856    199.488    101.828    100.856     5.6817    32.0604  1025.7400    25.2692     5.6738     50.583   100.5766    -0.0005      7.779     3.5903     5.1309    156.390    160.342      40990          4  0.000e+00
   58.45168 -135.04856    199.400    101.739    100.768     5.6816    32.0601  1025.7394    25.2690     5.6737     50.583   100.5766    -0.0005      7.779     3.5903     5.1309    156.392    160.344      40991          4  0.000e+00
   58.45168 -135.04856    199.368    101.707    100.736     5.6817    32.0605  1025.7396    25.2693     5.6738     50.584   100.5766    -0.0005      7.779     3.5904     5.1310    156.394    160.346      40992          4  0.000e+00
   58.45168 -135.04856    199.576    101.917    100.944     5.6814    32.0607  1025.7407    25.2694     5.6735     50.586   100.5487    -0.0005      7.779     3.5906     5.1313    156.402    160.354      40993          4  0.000e+00
   58.45172 -135.04850    149.035     50.883     50.403     7.2916    31.0411  1024.4978    24.2640     7.2871     62.914   100.8004     0.0581      7.923     4.3302     6.1883    188.806    193.388      43608          5  0.000e+00
   58.45172 -135.04850    148.859     50.705     50.227     7.2918    31.0409  1024.4968    24.2638     7.2873     62.907   100.8004     0.0581      7.923     4.3297     6.1876    188.786    193.366      43609          5  0.000e+00
   58.45172 -135.04850    148.915     50.761     50.283     7.2915    31.0414  1024.4975    24.2643     7.2870     62.902   100.8004     0.0581      7.927     4.3294     6.1872    188.772    193.352      43610          5  0.000e+00
   58.45172 -135.04850    148.979     50.826     50.347     7.2916    31.0416  1024.4979    24.2643     7.2871     62.897   100.8004     0.0581      7.923     4.3290     6.1866    188.755    193.335      43611          5  0.000e+00
   58.45172 -135.04850    148.915     50.761     50.283     7.2915    31.0417  1024.4977    24.2644     7.2870     62.946   100.8004     0.0581      7.923     4.3324     6.1915    188.903    193.486      43612          5  0.000e+00
   58.45172 -135.04850    148.980     50.826     50.347     7.2918    31.0416  1024.4979    24.2643     7.2873     62.892   100.8004     0.0581      7.923     4.3286     6.1861    188.737    193.317      43613          5  0.000e+00
   58.45172 -135.04850    148.980     50.826     50.347     7.2915    31.0420  1024.4982    24.2647     7.2870     62.885   100.8004     0.0581      7.923     4.3282     6.1854    188.718    193.297      43614          5  0.000e+00
   58.45172 -135.04850    148.924     50.770     50.291     7.2916    31.0413  1024.4974    24.2641     7.2871     62.877   100.8004     0.0288      7.923     4.3277     6.1847    188.695    193.273      43615          5  0.000e+00
   58.45172 -135.04850    148.980     50.826     50.347     7.2918    31.0413  1024.4976    24.2641     7.2873     62.870   100.8004     0.0288      7.923     4.3271     6.1839    188.672    193.250      43616          5  0.000e+00
   58.45172 -135.04850    148.980     50.826     50.347     7.2918    31.0415  1024.4978    24.2643     7.2872     62.862   100.8004     0.0288      7.923     4.3266     6.1831    188.648    193.226      43617          5  0.000e+00
