EcoFOCI/data/1_SampleCollection/2022_GOA-OA_CruiseData/CTD_raw_BottleFile_RC0083/RC0083_081.cnv
* Sea-Bird SBE 9 Data File:
* FileName = C:\Data\RC0083ctd\RC0083_081.hex
* Software Version Seasave V 7.26.7.107
* Temperature SN = 2060
* Conductivity SN = 2881
* Number of Bytes Per Scan = 31
* Number of Voltage Words = 4
* Number of Scans Averaged by the Deck Unit = 1
* NMEA Latitude = 58 12.37 N
* NMEA Longitude = 134 26.53 W
* NMEA UTC (Time) = Aug 22 2022  01:33:07
* NMEA baud rate = 4800
** Ship: R/V Rachel Carson
** Cruise ID: RC0083
** Tech: McHugh/Nomura
** Chief Scientist: Cross
** Station: SPB
** Cast:  CTD081
# nquan = 19
# nvalues = 9597                                  
# units = specified
# name 0 = latitude: Latitude [deg]
# name 1 = longitude: Longitude [deg]
# name 2 = sfdSM: Seafloor depth [salt water, m]
# name 3 = prDM: Pressure, Digiquartz [db]
# name 4 = depSM: Depth [salt water, m]
# name 5 = t090C: Temperature [ITS-90, deg C]
# name 6 = sal00: Salinity, Practical [PSU]
# name 7 = density00: Density [density, kg/m^3]
# name 8 = sigma-é00: Density [sigma-theta, kg/m^3]
# name 9 = potemp090C: Potential Temperature [ITS-90, deg C]
# name 10 = sbeox0PS: Oxygen, SBE 43 [% saturation]
# name 11 = CStarTr0: Beam Transmission, WET Labs C-Star [%]
# name 12 = flECO-AFL: Fluorescence, WET Labs ECO-AFL/FL [mg/m^3]
# name 13 = ph: pH
# name 14 = sbeox0ML/L: Oxygen, SBE 43 [ml/l]
# name 15 = sbeox0Mg/L: Oxygen, SBE 43 [mg/l]
# name 16 = sbox0Mm/Kg: Oxygen, SBE 43 [umol/kg]
# name 17 = sbeox0Mm/L: Oxygen, SBE 43 [umol/l]
# name 18 = flag:  0.000e+00
# span 0 =   58.20604,   58.20616                 
# span 1 = -134.44218, -134.44174                 
# span 2 =      3.427,    130.603                 
# span 3 =      3.100,     70.488                 
# span 4 =      3.072,     69.821                 
# span 5 =     5.5003,    13.0197                 
# span 6 =    18.6970,    32.3010                 
# span 7 =  1013.8144,  1025.8053                 
# span 8 =    13.7983,    25.4802                 
# span 9 =     5.4950,    13.0193                 
# span 10 =     29.931,    101.574                
# span 11 =    69.5031,    96.1855                
# span 12 =    -0.0005,     4.2779                
# span 13 =      7.591,      8.398                
# span 14 =     2.1302,     6.6880                
# span 15 =     3.0442,     9.5579                
# span 16 =     92.770,    293.918                
# span 17 =     95.133,    298.687                
# span 18 = 0.0000e+00, 0.0000e+00                
# interval = seconds: 0.0416667
# start_time = Aug 22 2022 01:33:07 [NMEA time, header]
# bad_flag = -9.990e-29
*END*
[from data line 4953]
   58.20606 -134.44202     78.620     58.414     57.863     5.5608    32.0851  1025.5728    25.3024     5.5563     33.136    70.5939     0.0874      7.620     2.3583     3.3703    102.723    105.322  0.000e+00
   58.20606 -134.44202     78.613     58.357     57.807     5.5604    32.0865  1025.5737    25.3036     5.5559     33.199    70.5939     0.0581      7.620     2.3628     3.3767    102.918    105.522  0.000e+00
   58.20606 -134.44202     78.613     58.357     57.807     5.5598    32.0863  1025.5735    25.3034     5.5554     33.275    70.5659     0.0581      7.620     2.3682     3.3844    103.155    105.765  0.000e+00
   58.20606 -134.44202     78.557     58.300     57.751     5.5612    32.0813  1025.5692    25.2993     5.5567     33.242    70.5939     0.0581      7.620     2.3658     3.3810    103.052    105.659  0.000e+00
   58.20606 -134.44202     78.637     58.357     57.807     5.5644    32.0697  1025.5599    25.2898     5.5599     33.258    70.5939     0.0581      7.620     2.3670     3.3827    103.104    105.711  0.000e+00
   58.20606 -134.44202     78.679     58.300     57.751     5.5680    32.0584  1025.5503    25.2804     5.5635     33.273    70.5939     0.0581      7.620     2.3681     3.3842    103.150    105.758  0.000e+00
   58.20606 -134.44202     78.728     58.300     57.751     5.5713    32.0508  1025.5440    25.2741     5.5668     33.280    70.5939     0.0581      7.620     2.3685     3.3849    103.171    105.778  0.000e+00
   58.20606 -134.44202     78.664     58.236     57.687     5.5744    32.0443  1025.5381    25.2686     5.5699     33.286    70.5939     0.0581      7.620     2.3689     3.3854    103.186    105.794  0.000e+00
   58.20606 -134.44202     78.728     58.300     57.751     5.5756    32.0420  1025.5365    25.2666     5.5711     33.342    70.5939     0.0581      7.620     2.3728     3.3910    103.359    105.970  0.000e+00
   58.20606 -134.44202     78.712     58.236     57.687     5.5750    32.0449  1025.5385    25.2690     5.5706     33.345    70.5939     0.0581      7.620     2.3730     3.3913    103.368    105.980  0.000e+00
   58.20606 -134.44202     78.779     58.179     57.631     5.5738    32.0489  1025.5415    25.2722     5.5693     33.412    70.5939     0.0581      7.620     2.3777     3.3980    103.573    106.190  0.000e+00
   58.20606 -134.44202     78.859     58.236     57.687     5.5724    32.0526  1025.5449    25.2753     5.5679     33.426    70.5939     0.0581      7.620     2.3788     3.3995    103.618    106.237  0.000e+00
   58.20606 -134.44202     78.803     58.179     57.631     5.5710    32.0567  1025.5480    25.2787     5.5666     33.438    70.5939     0.0581      7.620     2.3797     3.4008    103.655    106.276  0.000e+00
   58.20606 -134.44202     78.747     58.122     57.575     5.5697    32.0596  1025.5503    25.2812     5.5653     33.456    70.5939     0.0581      7.620     2.3809     3.4026    103.711    106.332  0.000e+00
   58.20606 -134.44202     78.852     58.179     57.631     5.5696    32.0601  1025.5509    25.2816     5.5651     33.472    70.5939     0.0581      7.620     2.3821     3.4043    103.762    106.385  0.000e+00
   58.20606 -134.44202     78.837     58.114     57.567     5.5693    32.0606  1025.5510    25.2820     5.5648     33.487    70.5939     0.0581      7.620     2.3831     3.4058    103.807    106.431  0.000e+00
   58.20606 -134.44202     78.805     58.058     57.511     5.5692    32.0621  1025.5520    25.2832     5.5647     33.500    70.5939     0.0581      7.620     2.3841     3.4071    103.847    106.472  0.000e+00
   58.20606 -134.44202     78.861     58.114     57.567     5.5688    32.0648  1025.5544    25.2854     5.5643     33.569    70.5939     0.0581      7.620     2.3890     3.4141    104.062    106.693  0.000e+00
   58.20606 -134.44202     78.805     58.058     57.511     5.5677    32.0700  1025.5584    25.2896     5.5632     33.586    70.5939     0.0581      7.620     2.3902     3.4158    104.113    106.746  0.000e+00
   58.20606 -134.44202     78.878     58.058     57.511     5.5641    32.0786  1025.5656    25.2969     5.5597     33.602    70.5939     0.0581      7.620     2.3914     3.4175    104.164    106.799  0.000e+00
   58.20606 -134.44202     78.847     58.001     57.455     5.5616    32.0840  1025.5699    25.3014     5.5571     33.673    70.5939     0.0581      7.620     2.3965     3.4248    104.386    107.028  0.000e+00
   58.20606 -134.44202     78.927     58.058     57.511     5.5613    32.0849  1025.5709    25.3022     5.5568     33.685    70.5939     0.0581      7.620     2.3973     3.4260    104.423    107.065  0.000e+00
   58.20606 -134.44202     78.815     57.945     57.399     5.5621    32.0830  1025.5688    25.3006     5.5577     33.751    70.5939     0.0581      7.620     2.4020     3.4327    104.627    107.274  0.000e+00
   58.20606 -134.44202     78.847     58.001     57.455     5.5630    32.0807  1025.5672    25.2987     5.5586     33.771    70.7337     0.0581      7.620     2.4035     3.4348    104.690    107.338  0.000e+00
   58.20606 -134.44202     78.871     58.001     57.455     5.5621    32.0828  1025.5689    25.3004     5.5576     33.790    70.8736     0.0581      7.620     2.4048     3.4367    104.747    107.398  0.000e+00
   58.20606 -134.44202     78.790     57.945     57.399     5.5601    32.0881  1025.5731    25.3049     5.5557     33.806    70.8736     0.0581      7.620     2.4059     3.4383    104.797    107.449  0.000e+00
   58.20606 -134.44202     78.751     57.880     57.334     5.5598    32.0887  1025.5733    25.3054     5.5554     33.819    70.8736     0.0581      7.620     2.4069     3.4397    104.839    107.492  0.000e+00
   58.20606 -134.44202     78.782     57.936     57.391     5.5616    32.0825  1025.5684    25.3002     5.5571     33.823    70.8736     0.0581      7.620     2.4072     3.4401    104.853    107.506  0.000e+00
   58.20606 -134.44202     78.751     57.880     57.334     5.5649    32.0731  1025.5603    25.2924     5.5605     33.832    70.8736     0.0581      7.620     2.4078     3.4409    104.878    107.530  0.000e+00
   58.20606 -134.44202     78.824     57.880     57.334     5.5644    32.0733  1025.5606    25.2926     5.5599     33.903    70.8736     0.0874      7.620     2.4128     3.4482    105.099    107.758  0.000e+00
   58.20606 -134.44202     78.792     57.823     57.278     5.5630    32.0747  1025.5616    25.2939     5.5586     33.914    70.8736     0.0874      7.620     2.4137     3.4494    105.136    107.795  0.000e+00
   58.20606 -134.44202     78.792     57.823     57.278     5.5630    32.0712  1025.5588    25.2911     5.5586     33.980    70.8736     0.1167      7.620     2.4184     3.4562    105.343    108.007  0.000e+00
   58.20606 -134.44202     78.849     57.880     57.334     5.5669    32.0631  1025.5522    25.2843     5.5625     33.992    70.8736     0.0874      7.620     2.4192     3.4573    105.378    108.042  0.000e+00
   58.20606 -134.44202     78.777     57.759     57.214     5.5694    32.0593  1025.5483    25.2810     5.5650     34.001    70.8736     0.0874      7.620     2.4198     3.4581    105.402    108.067  0.000e+00
   58.20606 -134.44202     78.851     57.759     57.214     5.5717    32.0591  1025.5480    25.2806     5.5673     34.007    70.8736     0.0874      7.620     2.4201     3.4586    105.417    108.082  0.000e+00
   58.20606 -134.44202     78.875     57.759     57.214     5.5716    32.0610  1025.5495    25.2821     5.5671     34.018    70.8736     0.0874      7.620     2.4209     3.4597    105.450    108.116  0.000e+00
   58.20606 -134.44202     78.851     57.759     57.214     5.5700    32.0633  1025.5515    25.2841     5.5655     34.085    70.8736     0.0874      7.620     2.4256     3.4665    105.657    108.329  0.000e+00
   58.20606 -134.44202     78.730     57.637     57.094     5.5678    32.0673  1025.5543    25.2875     5.5634     34.154    70.8736     0.0874      7.620     2.4306     3.4736    105.875    108.553  0.000e+00
   58.20606 -134.44202     78.924     57.759     57.214     5.5643    32.0744  1025.5609    25.2935     5.5598     34.164    70.8736     0.0874      7.620     2.4315     3.4748    105.910    108.589  0.000e+00
   58.20606 -134.44202     78.917     57.702     57.158     5.5620    32.0818  1025.5667    25.2996     5.5575     34.177    70.8736     0.0874      7.620     2.4324     3.4761    105.950    108.630  0.000e+00
   58.20606 -134.44202     78.917     57.702     57.158     5.5617    32.0847  1025.5691    25.3020     5.5573     34.187    70.8736     0.1167      7.620     2.4330     3.4771    105.978    108.660  0.000e+00
   58.20606 -134.44202     78.885     57.645     57.102     5.5608    32.0880  1025.5715    25.3047     5.5564     34.186    70.8736     0.0874      7.620     2.4330     3.4770    105.976    108.657  0.000e+00
   58.20606 -134.44202     78.852     57.637     57.094     5.5577    32.0954  1025.5777    25.3109     5.5533     34.247    70.8736     0.0874      7.620     2.4374     3.4833    106.166    108.854  0.000e+00
   58.20606 -134.44202     78.926     57.637     57.094     5.5557    32.1005  1025.5819    25.3151     5.5513     34.254    71.0414     0.0874      7.620     2.4379     3.4840    106.189    108.877  0.000e+00
   58.20606 -134.44202     78.919     57.581     57.038     5.5561    32.1003  1025.5815    25.3149     5.5517     34.257    71.2651     0.0874      7.620     2.4381     3.4843    106.196    108.885  0.000e+00
   58.20606 -134.44202     78.943     57.581     57.038     5.5575    32.0988  1025.5801    25.3136     5.5530     34.314    71.3211     0.0874      7.620     2.4421     3.4900    106.371    109.064  0.000e+00
   58.20606 -134.44202     78.943     57.581     57.038     5.5576    32.0996  1025.5808    25.3142     5.5532     34.317    71.3211     0.0874      7.620     2.4423     3.4902    106.379    109.072  0.000e+00
   58.20606 -134.44202     78.887     57.524     56.982     5.5569    32.1013  1025.5819    25.3156     5.5525     34.316    71.3211     0.0874      7.620     2.4422     3.4902    106.376    109.069  0.000e+00
   58.20606 -134.44202     78.936     57.524     56.982     5.5572    32.1003  1025.5811    25.3149     5.5527     34.318    71.2931     0.0874      7.620     2.4424     3.4904    106.384    109.077  0.000e+00
   58.20606 -134.44202     78.960     57.524     56.982     5.5601    32.0949  1025.5765    25.3102     5.5557     34.374    71.2931     0.0874      7.620     2.4463     3.4960    106.555    109.252  0.000e+00
   58.20606 -134.44202     78.985     57.524     56.982     5.5590    32.0964  1025.5778    25.3116     5.5546     34.384    71.2931     0.0581      7.620     2.4470     3.4970    106.586    109.284  0.000e+00
   58.20606 -134.44202     78.896     57.459     56.918     5.5583    32.0967  1025.5778    25.3119     5.5538     34.454    71.3211     0.0581      7.620     2.4521     3.5043    106.806    109.509  0.000e+00
   58.20606 -134.44202     78.921     57.459     56.918     5.5596    32.0902  1025.5725    25.3066     5.5551     34.521    71.3211     0.0581      7.620     2.4568     3.5111    107.014    109.723  0.000e+00
   58.20606 -134.44202     78.994     57.459     56.918     5.5612    32.0814  1025.5654    25.2994     5.5567     34.533    71.2931     0.0581      7.620     2.4577     3.5124    107.055    109.763  0.000e+00
   58.20606 -134.44202     78.938     57.403     56.862     5.5645    32.0729  1025.5580    25.2923     5.5601     34.540    71.2931     0.0581      7.620     2.4582     3.5131    107.076    109.785  0.000e+00
   58.20606 -134.44202     78.938     57.403     56.862     5.5682    32.0651  1025.5514    25.2857     5.5638     34.544    71.2931     0.0581      7.620     2.4584     3.5133    107.085    109.793  0.000e+00
   58.20606 -134.44202     78.938     57.403     56.862     5.5708    32.0574  1025.5450    25.2793     5.5664     34.544    71.2931     0.0581      7.620     2.4584     3.5133    107.084    109.791  0.000e+00
   58.20606 -134.44202     78.938     57.403     56.862     5.5724    32.0521  1025.5407    25.2750     5.5679     34.605    71.2931     0.0581      7.620     2.4627     3.5194    107.273    109.984  0.000e+00
   58.20606 -134.44202     78.762     57.225     56.686     5.5736    32.0490  1025.5372    25.2724     5.5692     34.610    71.2931     0.0581      7.620     2.4630     3.5199    107.288    110.000  0.000e+00
   58.20606 -134.44202     78.994     57.459     56.918     5.5734    32.0488  1025.5382    25.2722     5.5690     34.621    71.2931     0.0581      7.620     2.4638     3.5210    107.321    110.034  0.000e+00
   58.20606 -134.44202     78.818     57.282     56.742     5.5736    32.0474  1025.5363    25.2711     5.5692     34.625    71.2931     0.0581      7.624     2.4642     3.5215    107.337    110.050  0.000e+00
   58.20606 -134.44202     78.882     57.346     56.806     5.5744    32.0456  1025.5350    25.2696     5.5700     34.685    71.2931     0.0581      7.620     2.4684     3.5276    107.521    110.238  0.000e+00
   58.20606 -134.44202     78.810     57.225     56.686     5.5748    32.0447  1025.5337    25.2688     5.5704     34.689    71.2931     0.0581      7.624     2.4687     3.5280    107.534    110.251  0.000e+00
   58.20606 -134.44202     78.915     57.282     56.742     5.5753    32.0435  1025.5329    25.2678     5.5709     34.690    71.6008     0.0874      7.624     2.4687     3.5281    107.537    110.254  0.000e+00
   58.20606 -134.44202     78.915     57.282     56.742     5.5758    32.0418  1025.5315    25.2664     5.5714     34.687    72.4398     0.0581      7.624     2.4685     3.5278    107.527    110.244  0.000e+00
   58.20606 -134.44202     78.859     57.225     56.686     5.5770    32.0399  1025.5296    25.2648     5.5726     34.737    72.7195     0.0581      7.624     2.4720     3.5328    107.680    110.401  0.000e+00
   58.20606 -134.44202     78.795     57.160     56.622     5.5782    32.0381  1025.5278    25.2632     5.5738     34.739    72.7195     0.0581      7.624     2.4721     3.5329    107.685    110.406  0.000e+00
   58.20606 -134.44202     78.932     57.225     56.686     5.5786    32.0378  1025.5278    25.2629     5.5742     34.738    72.6636     0.0581      7.620     2.4720     3.5328    107.681    110.401  0.000e+00
   58.20606 -134.44202     78.893     57.160     56.622     5.5789    32.0376  1025.5274    25.2628     5.5745     34.790    72.6636     0.0581      7.624     2.4757     3.5380    107.840    110.565  0.000e+00
   58.20606 -134.44202     78.893     57.160     56.622     5.5789    32.0376  1025.5274    25.2628     5.5745     34.794    72.6636     0.0581      7.624     2.4760     3.5385    107.854    110.578  0.000e+00
   58.20606 -134.44202     78.901     57.168     56.630     5.5789    32.0376  1025.5274    25.2628     5.5745     34.852    72.6636     0.0581      7.624     2.4801     3.5443    108.033    110.762  0.000e+00
   58.20606 -134.44202     78.861     57.104     56.566     5.5793    32.0369  1025.5264    25.2621     5.5749     34.861    72.6636     0.0581      7.624     2.4808     3.5453    108.062    110.792  0.000e+00
   58.20606 -134.44202     78.966     57.160     56.622     5.5793    32.0374  1025.5271    25.2625     5.5749     34.867    72.6636     0.0581      7.624     2.4812     3.5459    108.081    110.811  0.000e+00
   58.20606 -134.44202     78.878     57.047     56.510     5.5794    32.0375  1025.5267    25.2626     5.5750     34.926    72.6636     0.0581      7.624     2.4854     3.5519    108.263    110.998  0.000e+00
   58.20606 -134.44202     78.934     57.104     56.566     5.5794    32.0371  1025.5266    25.2622     5.5750     34.931    72.6636     0.0581      7.624     2.4858     3.5524    108.278    111.014  0.000e+00
