EcoFOCI/data/1_SampleCollection/2022_GOA-OA_CruiseData/CTD_raw_BottleFile_RC0083/RC0083_039.cnv
* Sea-Bird SBE 9 Data File:
* FileName = C:\Data\RC0083ctd\RC0083_039.hex
* Software Version Seasave V 7.26.7.107
* Temperature SN = 2060
* Conductivity SN = 1084
* Number of Bytes Per Scan = 31
* Number of Voltage Words = 4
* Number of Scans Averaged by the Deck Unit = 1
* NMEA Latitude = 58 14.18 N
* NMEA Longitude = 135 29.37 W
* NMEA UTC (Time) = Aug 18 2022  12:25:20
* NMEA baud rate = 4800
** Ship: R/V Rachel Carson
** Cruise ID: RC0083
** Tech: McHugh/Nomura
** Chief Scientist: Cross
** Station: ISB
** Cast:  CTD039
# nquan = 19
# nvalues = 19043                                 
# units = specified
# name 0 = latitude: Latitude [deg]
# name 1 = longitude: Longitude [deg]
# name 2 = sfdSM: Seafloor depth [salt water, m]
# name 3 = prDM: Pressure, Digiquartz [db]
# name 4 = depSM: Depth [salt water, m]
# name 5 = t090C: Temperature [ITS-90, deg C]
# name 6 = sal00: Salinity, Practical [PSU]
# name 7 = density00: Density [density, kg/m^3]
# name 8 = sigma-é00: Density [sigma-theta, kg/m^3]
# name 9 = potemp090C: Potential Temperature [ITS-90, deg C]
# name 10 = sbeox0PS: Oxygen, SBE 43 [% saturation]
# name 11 = CStarTr0: Beam Transmission, WET Labs C-Star [%]
# name 12 = flECO-AFL: Fluorescence, WET Labs ECO-AFL/FL [mg/m^3]
# name 13 = ph: pH
# name 14 = sbeox0ML/L: Oxygen, SBE 43 [ml/l]
# name 15 = sbeox0Mg/L: Oxygen, SBE 43 [mg/l]
# name 16 = sbox0Mm/Kg: Oxygen, SBE 43 [umol/kg]
# name 17 = sbeox0Mm/L: Oxygen, SBE 43 [umol/l]
# name 18 = flag:  0.000e+00
# span 0 =   58.23636,   58.23688                 
# span 1 = -135.49362, -135.48946                 
# span 2 =      3.158,    251.890                 
# span 3 =      2.599,    176.506                 
# span 4 =      2.574,    174.793                 
# span 5 =     5.4476,    12.2685                 
# span 6 =    24.5266,    33.1891                 
# span 7 =  1018.4685,  1027.0034                 
# span 8 =    18.4538,    26.1900                 
# span 9 =     5.4338,    12.2681                 
# span 10 =     29.894,    112.176                
# span 11 =    63.1541,    92.8572                
# span 12 =    -0.0591,     4.8053                
# span 13 =      7.678,      8.397                
# span 14 =     2.1175,     7.2180                
# span 15 =     3.0262,    10.3152                
# span 16 =     92.156,    316.386                
# span 17 =     94.569,    322.354                
# span 18 = 0.0000e+00, 0.0000e+00                
# interval = seconds: 0.0416667
# start_time = Aug 18 2022 12:25:20 [NMEA time, header]
# bad_flag = -9.990e-29
*END*
[from data line 12191]
   58.23668 -135.49222    189.924     92.168     91.292     6.2695    32.0799  1025.6386    25.2138     6.2618     42.592    76.0758     0.0874      7.772     2.9813     4.2605    129.869    133.143  0.000e+00
   58.23668 -135.49222    189.892     92.136     91.260     6.2699    32.0793  1025.6380    25.2133     6.2623     42.590    76.0758     0.0874      7.772     2.9811     4.2604    129.864    133.138  0.000e+00
   58.23668 -135.49222    189.892     92.136     91.260     6.2700    32.0789  1025.6376    25.2129     6.2623     42.595    76.0758     0.0874      7.772     2.9815     4.2608    129.878    133.152  0.000e+00
   58.23668 -135.49222    189.860     92.103     91.228     6.2705    32.0785  1025.6370    25.2125     6.2629     42.597    76.0758     0.0874      7.772     2.9816     4.2610    129.884    133.158  0.000e+00
   58.23668 -135.49222    189.828     92.071     91.196     6.2713    32.0773  1025.6359    25.2115     6.2637     42.597    76.0758     0.0874      7.772     2.9816     4.2610    129.883    133.158  0.000e+00
   58.23668 -135.49222    189.772     92.014     91.140     6.2720    32.0762  1025.6346    25.2105     6.2644     42.596    76.0758     0.0874      7.772     2.9814     4.2608    129.877    133.151  0.000e+00
   58.23668 -135.49222    189.804     92.047     91.172     6.2733    32.0749  1025.6336    25.2094     6.2657     42.592    76.0758     0.0874      7.772     2.9812     4.2604    129.864    133.138  0.000e+00
   58.23668 -135.49222    189.708     91.950     91.076     6.2738    32.0742  1025.6326    25.2087     6.2662     42.587    76.0758     0.0874      7.772     2.9807     4.2598    129.846    133.119  0.000e+00
   58.23668 -135.49222    189.708     91.950     91.076     6.2739    32.0742  1025.6325    25.2087     6.2663     42.636    75.8800     0.0581      7.772     2.9842     4.2647    129.997    133.274  0.000e+00
   58.23668 -135.49222    189.684     91.925     91.051     6.2735    32.0746  1025.6328    25.2091     6.2659     42.634    75.4325     0.0581      7.772     2.9841     4.2646    129.992    133.269  0.000e+00
   58.23668 -135.49222    189.652     91.893     91.019     6.2730    32.0748  1025.6329    25.2093     6.2654     42.630    75.2927     0.0581      7.772     2.9838     4.2642    129.981    133.258  0.000e+00
   58.23668 -135.49222    189.596     91.836     90.963     6.2736    32.0742  1025.6321    25.2087     6.2660     42.632    75.3206     0.0581      7.772     2.9839     4.2643    129.985    133.261  0.000e+00
   58.23668 -135.49222    189.628     91.869     90.995     6.2740    32.0737  1025.6318    25.2083     6.2664     42.632    75.3206     0.0581      7.772     2.9839     4.2643    129.984    133.261  0.000e+00
   58.23668 -135.49222    189.532     91.772     90.899     6.2746    32.0731  1025.6308    25.2078     6.2670     42.630    75.3206     0.0581      7.772     2.9837     4.2640    129.975    133.252  0.000e+00
   58.23668 -135.49222    189.532     91.772     90.899     6.2748    32.0725  1025.6303    25.2073     6.2672     42.626    75.3206     0.0581      7.772     2.9834     4.2636    129.963    133.239  0.000e+00
   58.23668 -135.49222    189.508     91.747     90.875     6.2749    32.0727  1025.6303    25.2074     6.2673     42.620    75.3206     0.0581      7.772     2.9830     4.2630    129.945    133.220  0.000e+00
   58.23668 -135.49222    189.476     91.715     90.843     6.2746    32.0735  1025.6308    25.2081     6.2671     42.612    75.3486     0.0581      7.772     2.9824     4.2622    129.920    133.196  0.000e+00
   58.23668 -135.49222    189.420     91.659     90.787     6.2740    32.0743  1025.6313    25.2088     6.2664     42.666    75.3206     0.0581      7.772     2.9863     4.2677    130.089    133.368  0.000e+00
   58.23668 -135.49222    189.388     91.626     90.755     6.2744    32.0740  1025.6308    25.2085     6.2668     42.670    75.3206     0.0581      7.772     2.9865     4.2681    130.100    133.379  0.000e+00
   58.23668 -135.49222    189.356     91.594     90.723     6.2753    32.0723  1025.6292    25.2070     6.2677     42.672    75.3486     0.0581      7.772     2.9867     4.2682    130.105    133.384  0.000e+00
   58.23668 -135.49222    189.300     91.537     90.667     6.2769    32.0704  1025.6273    25.2053     6.2693     42.672    75.3206     0.0581      7.772     2.9866     4.2681    130.101    133.380  0.000e+00
   58.23668 -135.49222    189.388     91.626     90.755     6.2778    32.0691  1025.6265    25.2042     6.2702     42.728    75.3206     0.0581      7.772     2.9904     4.2736    130.268    133.552  0.000e+00
   58.23668 -135.49222    189.235     91.472     90.603     6.2782    32.0688  1025.6255    25.2039     6.2706     42.674    75.3206     0.0581      7.772     2.9866     4.2682    130.104    133.383  0.000e+00
   58.23668 -135.49222    189.235     91.472     90.603     6.2783    32.0685  1025.6253    25.2037     6.2707     42.725    75.3206     0.0581      7.772     2.9902     4.2733    130.259    133.542  0.000e+00
   58.23668 -135.49222    189.211     91.448     90.579     6.2786    32.0683  1025.6250    25.2035     6.2710     42.724    75.3206     0.0581      7.772     2.9901     4.2732    130.256    133.539  0.000e+00
   58.23668 -135.49222    189.179     91.416     90.547     6.2780    32.0689  1025.6254    25.2040     6.2705     42.730    75.3206     0.0581      7.772     2.9905     4.2738    130.274    133.557  0.000e+00
   58.23668 -135.49222    189.123     91.359     90.491     6.2779    32.0693  1025.6255    25.2043     6.2704     42.733    75.3206     0.0581      7.772     2.9908     4.2741    130.284    133.568  0.000e+00
   58.23668 -135.49222    189.123     91.359     90.491     6.2774    32.0703  1025.6263    25.2052     6.2698     42.735    75.3206     0.0581      7.772     2.9909     4.2743    130.290    133.574  0.000e+00
   58.23668 -135.49222    189.091     91.327     90.459     6.2767    32.0707  1025.6265    25.2056     6.2692     42.734    75.4045     0.0581      7.772     2.9909     4.2743    130.290    133.574  0.000e+00
   58.23668 -135.49222    189.003     91.238     90.371     6.2769    32.0702  1025.6257    25.2052     6.2693     42.788    75.7122     0.0581      7.772     2.9947     4.2797    130.454    133.742  0.000e+00
   58.23668 -135.49222    189.003     91.238     90.371     6.2783    32.0687  1025.6244    25.2039     6.2708     42.791    75.8520     0.0581      7.772     2.9948     4.2799    130.460    133.749  0.000e+00
   58.23668 -135.49222    188.979     91.214     90.347     6.2792    32.0671  1025.6229    25.2025     6.2717     42.792    75.8520     0.0581      7.772     2.9948     4.2799    130.461    133.749  0.000e+00
   58.23668 -135.49222    188.939     91.173     90.307     6.2792    32.0670  1025.6226    25.2024     6.2717     42.790    75.8520     0.0581      7.772     2.9947     4.2798    130.457    133.745  0.000e+00
   58.23668 -135.49222    188.883     91.117     90.251     6.2797    32.0669  1025.6222    25.2022     6.2722     42.786    75.8520     0.0581      7.772     2.9944     4.2793    130.443    133.731  0.000e+00
   58.23668 -135.49222    188.859     91.092     90.227     6.2797    32.0667  1025.6219    25.2020     6.2722     42.788    75.8520     0.0581      7.772     2.9946     4.2795    130.450    133.738  0.000e+00
   58.23668 -135.49222    188.827     91.060     90.194     6.2795    32.0671  1025.6222    25.2024     6.2719     42.789    75.8520     0.0581      7.772     2.9946     4.2796    130.451    133.739  0.000e+00
   58.23668 -135.49222    188.763     90.995     90.130     6.2799    32.0665  1025.6213    25.2019     6.2724     42.786    75.8520     0.0581      7.772     2.9944     4.2794    130.444    133.732  0.000e+00
   58.23668 -135.49222    188.803     91.036     90.170     6.2801    32.0663  1025.6213    25.2017     6.2726     42.783    75.8241     0.0581      7.772     2.9942     4.2790    130.433    133.721  0.000e+00
   58.23668 -135.49222    188.707     90.939     90.074     6.2799    32.0666  1025.6211    25.2019     6.2724     42.834    75.8520     0.0581      7.772     2.9977     4.2841    130.588    133.879  0.000e+00
   58.23668 -135.49222    188.643     90.874     90.010     6.2795    32.0673  1025.6214    25.2025     6.2719     42.833    75.8520     0.0581      7.772     2.9977     4.2841    130.588    133.879  0.000e+00
   58.23668 -135.49222    188.643     90.874     90.010     6.2789    32.0677  1025.6219    25.2030     6.2714     42.831    75.8241     0.0581      7.772     2.9976     4.2839    130.582    133.873  0.000e+00
   58.23668 -135.49222    188.619     90.850     89.986     6.2797    32.0667  1025.6208    25.2021     6.2722     42.826    75.8520     0.0581      7.772     2.9972     4.2833    130.566    133.857  0.000e+00
   58.23668 -135.49222    188.587     90.817     89.954     6.2804    32.0659  1025.6200    25.2013     6.2729     42.827    75.8520     0.0581      7.772     2.9973     4.2834    130.568    133.858  0.000e+00
   58.23668 -135.49222    188.531     90.761     89.898     6.2804    32.0661  1025.6199    25.2015     6.2729     42.826    75.8520     0.0581      7.772     2.9972     4.2833    130.565    133.855  0.000e+00
   58.23668 -135.49224    188.507     90.736     89.874     6.2804    32.0663  1025.6199    25.2016     6.2729     42.880    75.8520     0.0581      7.772     3.0010     4.2887    130.729    134.023  0.000e+00
   58.23668 -135.49224    188.467     90.696     89.834     6.2805    32.0657  1025.6192    25.2011     6.2730     42.883    75.8520     0.0581      7.772     3.0012     4.2890    130.737    134.032  0.000e+00
   58.23668 -135.49224    188.467     90.696     89.834     6.2817    32.0640  1025.6177    25.1997     6.2742     42.883    75.8520     0.0581      7.772     3.0011     4.2889    130.737    134.031  0.000e+00
   58.23668 -135.49224    188.386     90.615     89.754     6.2823    32.0634  1025.6168    25.1991     6.2748     42.889    75.8241     0.0581      7.772     3.0015     4.2895    130.754    134.048  0.000e+00
   58.23668 -135.49224    188.410     90.639     89.778     6.2827    32.0632  1025.6167    25.1989     6.2752     42.894    75.8520     0.0874      7.772     3.0018     4.2899    130.767    134.062  0.000e+00
   58.23668 -135.49224    188.290     90.518     89.658     6.2828    32.0631  1025.6161    25.1988     6.2753     42.896    75.8800     0.0874      7.772     3.0020     4.2901    130.772    134.068  0.000e+00
   58.23668 -135.49224    188.290     90.518     89.658     6.2828    32.0632  1025.6161    25.1989     6.2753     42.897    75.8800     0.0874      7.772     3.0020     4.2902    130.774    134.070  0.000e+00
   58.23668 -135.49224    188.322     90.550     89.690     6.2821    32.0634  1025.6165    25.1991     6.2746     42.896    75.8800     0.0874      7.772     3.0020     4.2901    130.773    134.068  0.000e+00
   58.23668 -135.49224    188.170     90.397     89.538     6.2825    32.0633  1025.6157    25.1990     6.2750     42.891    75.8800     0.0874      7.772     3.0017     4.2897    130.759    134.054  0.000e+00
   58.23668 -135.49224    188.234     90.461     89.602     6.2826    32.0631  1025.6158    25.1989     6.2751     42.887    75.8800     0.0874      7.772     3.0013     4.2892    130.744    134.039  0.000e+00
   58.23668 -135.49224    188.146     90.373     89.514     6.2833    32.0623  1025.6147    25.1981     6.2758     42.935    75.8800     0.0874      7.772     3.0047     4.2940    130.892    134.190  0.000e+00
   58.23668 -135.49224    188.114     90.340     89.482     6.2833    32.0623  1025.6145    25.1981     6.2759     42.934    75.8800     0.0874      7.772     3.0046     4.2938    130.886    134.184  0.000e+00
   58.23668 -135.49224    188.114     90.340     89.482     6.2842    32.0612  1025.6136    25.1972     6.2767     42.930    75.8800     0.0874      7.772     3.0043     4.2934    130.872    134.170  0.000e+00
   58.23668 -135.49224    188.058     90.284     89.426     6.2848    32.0600  1025.6123    25.1961     6.2774     42.931    75.8800     0.0874      7.772     3.0043     4.2935    130.876    134.174  0.000e+00
   58.23668 -135.49224    188.034     90.259     89.402     6.2857    32.0591  1025.6114    25.1953     6.2782     42.931    75.8800     0.0874      7.772     3.0043     4.2934    130.874    134.171  0.000e+00
   58.23668 -135.49224    187.994     90.219     89.362     6.2861    32.0587  1025.6108    25.1949     6.2786     42.929    75.8800     0.0874      7.777     3.0041     4.2932    130.866    134.164  0.000e+00
   58.23668 -135.49224    187.938     90.162     89.305     6.2863    32.0587  1025.6105    25.1949     6.2788     42.924    75.8800     0.0874      7.772     3.0038     4.2927    130.853    134.150  0.000e+00
   58.23668 -135.49224    187.914     90.138     89.281     6.2860    32.0590  1025.6107    25.1952     6.2785     42.918    75.8800     0.0874      7.772     3.0034     4.2922    130.835    134.132  0.000e+00
   58.23668 -135.49224    187.874     90.098     89.241     6.2860    32.0592  1025.6107    25.1954     6.2785     42.910    75.8800     0.0874      7.772     3.0028     4.2914    130.811    134.107  0.000e+00
   58.23668 -135.49224    187.874     90.098     89.241     6.2861    32.0589  1025.6104    25.1951     6.2786     42.901    75.8800     0.0874      7.772     3.0022     4.2904    130.781    134.076  0.000e+00
   58.23668 -135.49224    187.818     90.041     89.185     6.2863    32.0587  1025.6099    25.1949     6.2788     42.945    75.8800     0.0874      7.777     3.0053     4.2948    130.916    134.215  0.000e+00
   58.23668 -135.49224    187.794     90.017     89.161     6.2858    32.0594  1025.6104    25.1955     6.2784     42.939    75.8800     0.0874      7.777     3.0048     4.2942    130.898    134.196  0.000e+00
   58.23668 -135.49224    187.762     89.984     89.129     6.2855    32.0601  1025.6109    25.1961     6.2780     42.939    75.8800     0.0874      7.772     3.0048     4.2942    130.897    134.195  0.000e+00
   58.23668 -135.49224    187.698     89.920     89.065     6.2853    32.0601  1025.6106    25.1962     6.2778     42.936    75.8800     0.0874      7.777     3.0047     4.2939    130.890    134.188  0.000e+00
   58.23668 -135.49224    187.738     89.960     89.105     6.2847    32.0608  1025.6115    25.1968     6.2773     42.932    75.8800     0.0874      7.777     3.0044     4.2936    130.879    134.177  0.000e+00
   58.23668 -135.49224    187.642     89.863     89.009     6.2844    32.0609  1025.6111    25.1969     6.2770     42.925    75.7402     0.0874      7.772     3.0040     4.2930    130.859    134.157  0.000e+00
   58.23668 -135.49224    187.642     89.863     89.009     6.2841    32.0616  1025.6117    25.1975     6.2766     42.925    75.6563     0.0874      7.772     3.0040     4.2930    130.860    134.157  0.000e+00
   58.23668 -135.49224    187.578     89.798     88.945     6.2835    32.0622  1025.6120    25.1980     6.2761     42.915    75.6563     0.0874      7.777     3.0033     4.2920    130.831    134.127  0.000e+00
   58.23668 -135.49224    187.553     89.774     88.921     6.2836    32.0621  1025.6118    25.1980     6.2762     42.912    75.6283     0.0874      7.772     3.0030     4.2916    130.819    134.115  0.000e+00
   58.23668 -135.49224    187.521     89.742     88.889     6.2833    32.0624  1025.6118    25.1982     6.2758     42.906    75.6563     0.0874      7.777     3.0027     4.2911    130.804    134.100  0.000e+00
   58.23668 -135.49224    187.465     89.685     88.833     6.2834    32.0623  1025.6115    25.1981     6.2760     42.899    75.6563     0.0874      7.777     3.0022     4.2904    130.781    134.077  0.000e+00
