EcoFOCI/data/1_SampleCollection/2022_GOA-OA_CruiseData/CTD_raw_BottleFile_RC0083/RC0083_100.cnv
* Sea-Bird SBE 9 Data File:
* FileName = C:\Data\RC0083ctd\RC0083_100.hex
* Software Version Seasave V 7.26.7.107
* Temperature SN = 2060
* Conductivity SN = 2881
* Number of Bytes Per Scan = 31
* Number of Voltage Words = 4
* Number of Scans Averaged by the Deck Unit = 1
* NMEA Latitude = 56 27.95 N
* NMEA Longitude = 132 41.97 W
* NMEA UTC (Time) = Aug 22 2022  23:55:31
* NMEA baud rate = 4800
** Ship: R/V Rachel Carson
** Cruise ID: RC0083
** Tech: McHugh/Nomura
** Chief Scientist: Cross
** Station: WI6
** Cast:  CTD100
# nquan = 19
# nvalues = 9447                                  
# units = specified
# name 0 = latitude: Latitude [deg]
# name 1 = longitude: Longitude [deg]
# name 2 = sfdSM: Seafloor depth [salt water, m]
# name 3 = prDM: Pressure, Digiquartz [db]
# name 4 = depSM: Depth [salt water, m]
# name 5 = t090C: Temperature [ITS-90, deg C]
# name 6 = sal00: Salinity, Practical [PSU]
# name 7 = density00: Density [density, kg/m^3]
# name 8 = sigma-é00: Density [sigma-theta, kg/m^3]
# name 9 = potemp090C: Potential Temperature [ITS-90, deg C]
# name 10 = sbeox0PS: Oxygen, SBE 43 [% saturation]
# name 11 = CStarTr0: Beam Transmission, WET Labs C-Star [%]
# name 12 = flECO-AFL: Fluorescence, WET Labs ECO-AFL/FL [mg/m^3]
# name 13 = ph: pH
# name 14 = sbeox0ML/L: Oxygen, SBE 43 [ml/l]
# name 15 = sbeox0Mg/L: Oxygen, SBE 43 [mg/l]
# name 16 = sbox0Mm/Kg: Oxygen, SBE 43 [umol/kg]
# name 17 = sbeox0Mm/L: Oxygen, SBE 43 [umol/l]
# name 18 = flag:  0.000e+00
# span 0 =   56.46564,   56.46580                 
# span 1 = -132.70008, -132.69936                 
# span 2 =      1.964,    147.271                 
# span 3 =      1.861,    134.885                 
# span 4 =      1.844,    133.608                 
# span 5 =     6.6098,    13.1595                 
# span 6 =     7.0250,    32.5682                 
# span 7 =  1004.8015,  1026.1746                 
# span 8 =     4.7926,    25.5563                 
# span 9 =     6.5982,    13.1593                 
# span 10 =     33.637,    106.029                
# span 11 =     7.2161,    91.5147                
# span 12 =     0.0581,    10.3145                
# span 13 =      7.704,      8.479                
# span 14 =     2.3282,     7.3732                
# span 15 =     3.3273,    10.5371                
# span 16 =    101.388,    326.582                
# span 17 =    103.978,    329.287                
# span 18 = 0.0000e+00, 0.0000e+00                
# interval = seconds: 0.0416667
# start_time = Aug 22 2022 23:55:31 [NMEA time, header]
# bad_flag = -9.990e-29
*END*
[from data line 6477]
   56.46564 -132.69992    144.123     85.163     84.367     7.3915    31.8084  1025.2446    24.8541     7.3838     41.634    88.8576     0.1167      7.769     2.8446     4.0653    123.960    127.041  0.000e+00
   56.46564 -132.69992    144.083     85.122     84.327     7.3922    31.8082  1025.2441    24.8539     7.3844     41.689    88.8296     0.1167      7.769     2.8484     4.0706    124.123    127.208  0.000e+00
   56.46564 -132.69992    144.027     85.066     84.271     7.3966    31.8055  1025.2411    24.8511     7.3888     41.685    88.8296     0.1167      7.769     2.8479     4.0699    124.102    127.186  0.000e+00
   56.46564 -132.69992    144.027     85.066     84.271     7.4047    31.7992  1025.2351    24.8451     7.3970     41.679    88.8576     0.1167      7.769     2.8471     4.0687    124.067    127.150  0.000e+00
   56.46564 -132.69992    143.922     84.985     84.191     7.4097    31.7953  1025.2309    24.8413     7.4020     41.671    88.8296     0.1167      7.769     2.8463     4.0676    124.033    127.114  0.000e+00
   56.46564 -132.69992    143.963     85.001     84.207     7.4100    31.7952  1025.2309    24.8413     7.4023     41.663    88.8576     0.1167      7.769     2.8457     4.0667    124.007    127.087  0.000e+00
   56.46564 -132.69992    143.931     84.944     84.151     7.4072    31.7973  1025.2327    24.8433     7.3995     41.659    88.8576     0.1167      7.769     2.8455     4.0666    124.001    127.082  0.000e+00
   56.46564 -132.69992    144.004     84.944     84.151     7.4053    31.7982  1025.2336    24.8442     7.3976     41.654    88.8576     0.1167      7.769     2.8453     4.0662    123.990    127.070  0.000e+00
   56.46564 -132.69992    143.949     84.864     84.071     7.4036    31.7996  1025.2346    24.8456     7.3958     41.646    88.8296     0.1167      7.769     2.8449     4.0656    123.972    127.052  0.000e+00
   56.46564 -132.69992    143.973     84.888     84.095     7.4016    31.8009  1025.2360    24.8469     7.3939     41.644    88.8576     0.1167      7.769     2.8449     4.0656    123.971    127.051  0.000e+00
   56.46564 -132.69992    143.909     84.823     84.031     7.4003    31.8020  1025.2367    24.8479     7.3926     41.647    88.8576     0.1167      7.769     2.8451     4.0660    123.982    127.063  0.000e+00
   56.46564 -132.69992    143.853     84.767     83.975     7.3994    31.8028  1025.2373    24.8487     7.3917     41.649    88.8576     0.1167      7.769     2.8453     4.0662    123.990    127.071  0.000e+00
   56.46564 -132.69992    143.853     84.767     83.975     7.3987    31.8032  1025.2377    24.8491     7.3910     41.650    88.8576     0.1167      7.769     2.8454     4.0664    123.995    127.076  0.000e+00
   56.46564 -132.69992    143.829     84.742     83.951     7.4001    31.8021  1025.2365    24.8480     7.3924     41.650    88.9415     0.1167      7.769     2.8453     4.0662    123.991    127.072  0.000e+00
   56.46564 -132.69992    143.732     84.645     83.855     7.4041    31.7995  1025.2335    24.8454     7.3964     41.648    88.9975     0.1167      7.769     2.8450     4.0658    123.976    127.056  0.000e+00
   56.46564 -132.69992    143.788     84.702     83.911     7.4061    31.7982  1025.2324    24.8441     7.3984     41.703    88.9975     0.1167      7.769     2.8486     4.0709    124.135    127.219  0.000e+00
   56.46564 -132.69992    143.750     84.589     83.798     7.4057    31.7985  1025.2322    24.8444     7.3980     41.705    88.9695     0.1167      7.769     2.8488     4.0712    124.143    127.227  0.000e+00
   56.46564 -132.69992    143.855     84.621     83.831     7.4068    31.7976  1025.2315    24.8435     7.3991     41.650    88.9695     0.1167      7.769     2.8450     4.0657    123.976    127.056  0.000e+00
   56.46564 -132.69992    143.783     84.524     83.734     7.4068    31.7978  1025.2312    24.8437     7.3991     41.650    88.9975     0.1167      7.769     2.8450     4.0658    123.977    127.057  0.000e+00
   56.46564 -132.69992    143.759     84.524     83.734     7.4071    31.7982  1025.2314    24.8440     7.3994     41.650    88.9975     0.1167      7.769     2.8449     4.0657    123.975    127.055  0.000e+00
   56.46564 -132.69992    143.759     84.524     83.734     7.4101    31.7959  1025.2292    24.8418     7.4024     41.706    88.9975     0.1167      7.769     2.8486     4.0709    124.135    127.219  0.000e+00
   56.46564 -132.69992    143.776     84.443     83.654     7.4130    31.7935  1025.2266    24.8395     7.4053     41.710    88.9695     0.1167      7.769     2.8487     4.0711    124.140    127.223  0.000e+00
   56.46564 -132.69992    143.818     84.411     83.622     7.4146    31.7923  1025.2252    24.8383     7.4069     41.763    88.9695     0.1167      7.769     2.8523     4.0762    124.295    127.383  0.000e+00
   56.46564 -132.69992    143.818     84.411     83.622     7.4147    31.7921  1025.2251    24.8382     7.4070     41.765    88.9695     0.1167      7.769     2.8524     4.0763    124.300    127.387  0.000e+00
   56.46564 -132.69992    143.754     84.346     83.558     7.4154    31.7913  1025.2241    24.8374     7.4077     41.771    88.9695     0.1167      7.769     2.8528     4.0769    124.317    127.405  0.000e+00
   56.46564 -132.69992    143.698     84.290     83.502     7.4158    31.7894  1025.2223    24.8359     7.4081     41.776    88.9975     0.1167      7.769     2.8531     4.0774    124.332    127.420  0.000e+00
   56.46564 -132.69992    143.827     84.322     83.534     7.4157    31.7911  1025.2238    24.8373     7.4080     41.780    88.9975     0.1167      7.769     2.8534     4.0777    124.343    127.431  0.000e+00
   56.46564 -132.69992    143.780     84.225     83.438     7.4152    31.7921  1025.2242    24.8381     7.4075     41.782    88.9695     0.1167      7.769     2.8535     4.0780    124.350    127.438  0.000e+00
   56.46564 -132.69992    143.804     84.225     83.438     7.4135    31.7936  1025.2256    24.8395     7.4059     41.783    88.9695     0.1167      7.769     2.8537     4.0782    124.358    127.447  0.000e+00
   56.46564 -132.69992    143.780     84.225     83.438     7.4123    31.7942  1025.2262    24.8401     7.4047     41.784    88.9975     0.1167      7.769     2.8538     4.0783    124.361    127.450  0.000e+00
   56.46564 -132.69992    143.749     84.144     83.358     7.4125    31.7947  1025.2262    24.8405     7.4048     41.788    88.9975     0.1167      7.769     2.8541     4.0788    124.374    127.464  0.000e+00
   56.46564 -132.69992    143.814     84.112     83.326     7.4125    31.7944  1025.2258    24.8403     7.4049     41.843    88.9695     0.1167      7.774     2.8578     4.0841    124.536    127.630  0.000e+00
   56.46564 -132.69992    143.863     84.112     83.326     7.4107    31.7954  1025.2269    24.8413     7.4030     41.845    88.9695     0.1167      7.769     2.8581     4.0845    124.548    127.642  0.000e+00
   56.46564 -132.69992    143.775     84.047     83.262     7.4074    31.7978  1025.2289    24.8436     7.3998     41.846    88.9415     0.1167      7.769     2.8583     4.0848    124.557    127.652  0.000e+00
   56.46564 -132.69992    143.799     84.047     83.262     7.4058    31.7996  1025.2306    24.8453     7.3982     41.845    88.8856     0.1167      7.769     2.8583     4.0848    124.558    127.653  0.000e+00
   56.46564 -132.69992    143.695     83.966     83.182     7.4050    31.8001  1025.2307    24.8458     7.3973     41.849    88.8856     0.1167      7.769     2.8586     4.0853    124.572    127.667  0.000e+00
   56.46564 -132.69992    143.655     83.926     83.142     7.4045    31.8004  1025.2308    24.8461     7.3968     41.909    88.8856     0.1167      7.769     2.8627     4.0911    124.750    127.850  0.000e+00
   56.46564 -132.69992    143.655     83.926     83.142     7.4024    31.8021  1025.2324    24.8477     7.3948     41.917    88.8856     0.1167      7.769     2.8634     4.0921    124.778    127.878  0.000e+00
   56.46564 -132.69992    143.655     83.926     83.142     7.3998    31.8045  1025.2346    24.8499     7.3922     41.923    88.8856     0.1167      7.769     2.8639     4.0928    124.802    127.903  0.000e+00
   56.46564 -132.69992    143.567     83.813     83.030     7.3977    31.8059  1025.2356    24.8513     7.3901     41.927    88.8856     0.1167      7.769     2.8643     4.0934    124.819    127.921  0.000e+00
   56.46564 -132.69992    143.672     83.845     83.062     7.3961    31.8069  1025.2367    24.8524     7.3884     41.930    88.8856     0.1167      7.774     2.8646     4.0938    124.832    127.935  0.000e+00
   56.46564 -132.69992    143.738     83.813     83.030     7.3976    31.8060  1025.2356    24.8514     7.3900     41.931    88.8856     0.1167      7.769     2.8646     4.0938    124.831    127.934  0.000e+00
   56.46564 -132.69992    143.698     83.748     82.966     7.4026    31.8023  1025.2318    24.8478     7.3950     41.987    88.8856     0.1167      7.769     2.8682     4.0989    124.987    128.092  0.000e+00
   56.46564 -132.69992    143.642     83.691     82.910     7.4006    31.8040  1025.2331    24.8494     7.3930     41.991    88.9136     0.1167      7.774     2.8685     4.0994    125.003    128.109  0.000e+00
   56.46564 -132.69992    143.658     83.732     82.950     7.3947    31.8087  1025.2378    24.8539     7.3871     41.937    88.8856     0.1167      7.769     2.8652     4.0946    124.856    127.959  0.000e+00
   56.46564 -132.69992    143.554     83.627     82.846     7.3917    31.8109  1025.2394    24.8560     7.3841     41.989    88.8856     0.1167      7.769     2.8688     4.0998    125.014    128.122  0.000e+00
   56.46564 -132.69992    143.578     83.627     82.846     7.3878    31.8138  1025.2423    24.8588     7.3802     41.988    88.8856     0.1167      7.774     2.8690     4.1001    125.021    128.129  0.000e+00
   56.46564 -132.69992    143.554     83.627     82.846     7.3839    31.8170  1025.2453    24.8619     7.3763     41.986    88.8856     0.1167      7.774     2.8690     4.1001    125.022    128.130  0.000e+00
   56.46564 -132.69992    143.442     83.514     82.734     7.3817    31.8187  1025.2464    24.8635     7.3741     41.987    88.8856     0.1167      7.774     2.8692     4.1004    125.031    128.140  0.000e+00
   56.46564 -132.69992    143.498     83.546     82.766     7.3815    31.8193  1025.2471    24.8640     7.3739     42.044    88.8856     0.1167      7.774     2.8731     4.1060    125.202    128.315  0.000e+00
   56.46564 -132.69992    143.613     83.514     82.734     7.3817    31.8188  1025.2465    24.8636     7.3741     41.999    88.8856     0.1167      7.769     2.8700     4.1015    125.065    128.175  0.000e+00
   56.46564 -132.69992    143.590     83.392     82.613     7.3828    31.8179  1025.2451    24.8628     7.3752     42.001    88.8856     0.1167      7.769     2.8702     4.1017    125.072    128.181  0.000e+00
   56.46564 -132.69992    143.646     83.449     82.669     7.3893    31.8127  1025.2404    24.8578     7.3817     42.003    88.8856     0.1167      7.769     2.8700     4.1015    125.064    128.172  0.000e+00
   56.46564 -132.69992    143.566     83.392     82.613     7.3933    31.8093  1025.2369    24.8546     7.3857     42.060    88.7737     0.1167      7.774     2.8737     4.1068    125.225    128.338  0.000e+00
   56.46564 -132.69992    143.566     83.368     82.589     7.3904    31.8115  1025.2389    24.8567     7.3828     42.066    88.6618     0.1167      7.774     2.8742     4.1075    125.249    128.363  0.000e+00
   56.46564 -132.69992    143.617     83.271     82.493     7.3863    31.8149  1025.2417    24.8599     7.3788     42.127    88.6339     0.1167      7.774     2.8786     4.1138    125.440    128.558  0.000e+00
   56.46564 -132.69992    143.730     83.336     82.557     7.3825    31.8181  1025.2450    24.8629     7.3749     42.137    88.6339     0.1167      7.774     2.8794     4.1150    125.476    128.595  0.000e+00
   56.46564 -132.69992    143.609     83.214     82.437     7.3788    31.8210  1025.2473    24.8657     7.3712     42.087    88.6618     0.1167      7.774     2.8762     4.1104    125.334    128.451  0.000e+00
   56.46564 -132.69992    143.609     83.214     82.437     7.3765    31.8229  1025.2491    24.8676     7.3689     42.086    88.6618     0.1167      7.774     2.8762     4.1104    125.336    128.453  0.000e+00
   56.46564 -132.69992    143.634     83.190     82.413     7.3750    31.8243  1025.2503    24.8688     7.3675     42.083    88.6618     0.1167      7.774     2.8761     4.1103    125.332    128.448  0.000e+00
   56.46564 -132.69992    143.716     83.150     82.373     7.3737    31.8250  1025.2508    24.8696     7.3661     42.079    88.6618     0.1167      7.769     2.8759     4.1100    125.322    128.439  0.000e+00
   56.46564 -132.69992    143.685     83.093     82.317     7.3740    31.8250  1025.2506    24.8696     7.3665     42.073    88.6618     0.1460      7.774     2.8755     4.1094    125.303    128.419  0.000e+00
   56.46564 -132.69992    143.685     83.093     82.317     7.3784    31.8214  1025.2471    24.8661     7.3709     42.065    88.6618     0.1460      7.769     2.8747     4.1083    125.270    128.385  0.000e+00
   56.46564 -132.69992    143.629     83.037     82.261     7.3849    31.8163  1025.2419    24.8612     7.3774     42.112    88.6618     0.1460      7.774     2.8776     4.1124    125.396    128.514  0.000e+00
   56.46564 -132.69992    143.758     83.069     82.293     7.3867    31.8149  1025.2407    24.8599     7.3791     42.114    88.6618     0.1460      7.774     2.8777     4.1125    125.398    128.516  0.000e+00
   56.46564 -132.69992    143.736     82.972     82.197     7.3860    31.8155  1025.2408    24.8604     7.3785     42.114    88.6618     0.1460      7.774     2.8777     4.1125    125.400    128.517  0.000e+00
   56.46564 -132.69992    143.760     82.972     82.197     7.3862    31.8156  1025.2409    24.8605     7.3786     42.106    88.6618     0.1460      7.774     2.8772     4.1117    125.377    128.494  0.000e+00
   56.46564 -132.69992    143.528     82.737     81.965     7.3870    31.8153  1025.2395    24.8601     7.3795     42.039    88.6618     0.1460      7.774     2.8725     4.1051    125.173    128.285  0.000e+00
   56.46564 -132.69992    143.824     83.037     82.261     7.3947    31.8087  1025.2346    24.8539     7.3872     42.022    88.6618     0.1460      7.774     2.8710     4.1029    125.108    128.217  0.000e+00
   56.46564 -132.69992    143.680     82.891     82.117     7.3967    31.8073  1025.2326    24.8525     7.3892     42.066    88.6618     0.1460      7.774     2.8738     4.1070    125.233    128.346  0.000e+00
   56.46564 -132.69992    143.584     82.794     82.021     7.3918    31.8112  1025.2358    24.8562     7.3843     42.115    88.6618     0.1460      7.774     2.8774     4.1122    125.390    128.507  0.000e+00
   56.46564 -132.69992    143.584     82.794     82.021     7.3889    31.8131  1025.2378    24.8582     7.3814     42.119    88.6618     0.1460      7.774     2.8779     4.1127    125.408    128.525  0.000e+00
   56.46564 -132.69992    143.528     82.737     81.965     7.3872    31.8148  1025.2391    24.8598     7.3796     42.120    88.6618     0.1460      7.774     2.8781     4.1130    125.416    128.534  0.000e+00
   56.46564 -132.69992    143.528     82.737     81.965     7.3863    31.8159  1025.2401    24.8607     7.3788     42.121    88.6898     0.1460      7.774     2.8781     4.1131    125.419    128.537  0.000e+00
   56.46564 -132.69992    143.594     82.657     81.885     7.3855    31.8158  1025.2397    24.8608     7.3780     42.119    88.8296     0.1460      7.774     2.8781     4.1130    125.416    128.534  0.000e+00
