EcoFOCI/data/1_SampleCollection/2022_GOA-OA_CruiseData/CTD_raw_BottleFile_RC0083/RC0083_029.ros
* Sea-Bird SBE 9 Data File:
* FileName = C:\Data\RC0083ctd\RC0083_029.hex
* Software Version Seasave V 7.26.7.107
* Temperature SN = 2060
* Conductivity SN = 1084
* Number of Bytes Per Scan = 31
* Number of Voltage Words = 4
* Number of Scans Averaged by the Deck Unit = 1
* NMEA Latitude = 58 37.53 N
* NMEA Longitude = 134 57.12 W
* NMEA UTC (Time) = Aug 18 2022  01:04:29
* NMEA baud rate = 4800
** Ship: R/V Rachel Carson
** Cruise ID: RC0083
** Tech: McHugh/Nomura
** Chief Scientist: Cross
** Station: JH1
** Cast:  CTD029
# nquan = 21
# nvalues = 196                                   
# units = specified
# name 0 = latitude: Latitude [deg]
# name 1 = longitude: Longitude [deg]
# name 2 = sfdSM: Seafloor depth [salt water, m]
# name 3 = prDM: Pressure, Digiquartz [db]
# name 4 = depSM: Depth [salt water, m]
# name 5 = t090C: Temperature [ITS-90, deg C]
# name 6 = sal00: Salinity, Practical [PSU]
# name 7 = density00: Density [density, kg/m^3]
# name 8 = sigma-é00: Density [sigma-theta, kg/m^3]
# name 9 = potemp090C: Potential Temperature [ITS-90, deg C]
# name 10 = sbeox0PS: Oxygen, SBE 43 [% saturation]
# name 11 = CStarTr0: Beam Transmission, WET Labs C-Star [%]
# name 12 = flECO-AFL: Fluorescence, WET Labs ECO-AFL/FL [mg/m^3]
# name 13 = ph: pH
# name 14 = sbeox0ML/L: Oxygen, SBE 43 [ml/l]
# name 15 = sbeox0Mg/L: Oxygen, SBE 43 [mg/l]
# name 16 = sbox0Mm/Kg: Oxygen, SBE 43 [umol/kg]
# name 17 = sbeox0Mm/L: Oxygen, SBE 43 [umol/l]
# name 18 = scan: Scan Count
# name 19 = nbf: Bottles Fired
# name 20 = flag:  0.000e+00
# interval = seconds: 0.0416667
# start_time = Aug 18 2022 01:04:29 [NMEA time, header]
# bad_flag = -9.990e-29
*END*
[from data line 69]
   58.62586 -134.95188     58.383     25.164     24.928     8.6423    30.1872  1023.5204    23.4054     8.6399     77.194    99.0943     0.3511      8.023     5.1812     7.4044    226.100    231.392       6565          2  0.000e+00
   58.62586 -134.95188     50.454     25.220     24.984     8.6422    30.1872  1023.5207    23.4054     8.6397     77.197    99.0943     0.3511      8.023     5.1814     7.4048    226.110    231.402       6566          2  0.000e+00
   58.62586 -134.95188     47.272     25.164     24.928     8.6412    30.1879  1023.5211    23.4061     8.6388     77.144    99.0943     0.3511      8.023     5.1779     7.3998    225.957    231.246       6567          2  0.000e+00
   58.62586 -134.95188     47.230     25.220     24.984     8.6402    30.1885  1023.5220    23.4067     8.6377     77.139    99.1222     0.3511      8.023     5.1777     7.3995    225.949    231.238       6568          2  0.000e+00
   58.62586 -134.95188     47.516     25.164     24.928     8.6405    30.1879  1023.5212    23.4062     8.6381     77.133    99.1222     0.3511      8.023     5.1773     7.3989    225.931    231.219       6569          2  0.000e+00
   58.62586 -134.95188     47.694     25.220     24.984     8.6425    30.1868  1023.5204    23.4051     8.6400     77.183    99.1502     0.3511      8.023     5.1804     7.4034    226.068    231.359       6570          2  0.000e+00
   58.62586 -134.95188     47.638     25.164     24.928     8.6427    30.1868  1023.5201    23.4051     8.6402     77.128    99.1222     0.3511      8.018     5.1767     7.3981    225.906    231.193       6571          2  0.000e+00
   58.62586 -134.95188     47.670     25.220     24.984     8.6425    30.1872  1023.5207    23.4054     8.6400     77.122    99.1222     0.3511      8.023     5.1764     7.3975    225.889    231.176       6572          2  0.000e+00
   58.62586 -134.95188     47.614     25.164     24.928     8.6435    30.1860  1023.5193    23.4043     8.6411     77.115    99.1222     0.3511      8.023     5.1758     7.3967    225.864    231.150       6573          2  0.000e+00
   58.62586 -134.95188     47.670     25.220     24.984     8.6441    30.1857  1023.5192    23.4040     8.6417     77.108    99.1502     0.3511      8.023     5.1753     7.3960    225.842    231.127       6574          2  0.000e+00
   58.62586 -134.95188     47.614     25.164     24.928     8.6451    30.1851  1023.5183    23.4033     8.6427     77.100    99.1222     0.3511      8.023     5.1746     7.3951    225.814    231.099       6575          2  0.000e+00
   58.62586 -134.95188     47.614     25.163     24.927     8.6451    30.1852  1023.5184    23.4034     8.6427     77.092    99.1222     0.3511      8.023     5.1741     7.3943    225.792    231.076       6576          2  0.000e+00
   58.62586 -134.95188     47.670     25.220     24.984     8.6461    30.1848  1023.5183    23.4030     8.6436     77.092    99.1222     0.3511      8.018     5.1740     7.3941    225.786    231.070       6577          2  0.000e+00
   58.62586 -134.95188     47.614     25.163     24.927     8.6482    30.1836  1023.5167    23.4017     8.6458     77.090    99.1222     0.3511      8.023     5.1737     7.3937    225.772    231.056       6578          2  0.000e+00
   58.62586 -134.95188     47.614     25.163     24.927     8.6518    30.1812  1023.5143    23.3993     8.6494     77.089    99.1222     0.3511      8.018     5.1732     7.3931    225.754    231.037       6579          2  0.000e+00
   58.62586 -134.95188     51.326     25.163     24.927     8.6538    30.1800  1023.5131    23.3981     8.6513     77.088    99.1502     0.3218      8.018     5.1730     7.3927    225.743    231.025       6580          2  0.000e+00
   58.62586 -134.95188     58.700     25.163     24.927     8.6550    30.1794  1023.5124    23.3974     8.6525     77.087    99.1502     0.3218      8.018     5.1728     7.3924    225.735    231.017       6581          2  0.000e+00
   58.62586 -134.95188     60.996     25.163     24.927     8.6554    30.1788  1023.5119    23.3969     8.6529     77.086    99.1222     0.3218      8.018     5.1727     7.3923    225.731    231.013       6582          2  0.000e+00
   58.62586 -134.95188     60.898     25.163     24.927     8.6574    30.1773  1023.5105    23.3955     8.6549     77.078    99.1222     0.3218      8.023     5.1720     7.3913    225.700    230.980       6583          2  0.000e+00
   58.62586 -134.95188     60.661     25.220     24.983     8.6598    30.1755  1023.5090    23.3937     8.6573     77.070    99.1222     0.3218      8.023     5.1712     7.3902    225.667    230.946       6584          2  0.000e+00
   58.62586 -134.95188     60.385     25.163     24.927     8.6608    30.1748  1023.5080    23.3930     8.6583     77.068    99.1222     0.3218      8.023     5.1710     7.3898    225.657    230.936       6585          2  0.000e+00
   58.62586 -134.95188     60.263     25.163     24.927     8.6616    30.1741  1023.5073    23.3923     8.6591     77.059    99.1222     0.3218      8.023     5.1703     7.3889    225.629    230.907       6586          2  0.000e+00
   58.62586 -134.95188     60.183     25.107     24.871     8.6613    30.1746  1023.5075    23.3928     8.6588     77.057    99.1222     0.3218      8.023     5.1702     7.3887    225.623    230.901       6587          2  0.000e+00
   58.62586 -134.95188     60.319     25.220     24.983     8.6622    30.1736  1023.5071    23.3919     8.6598     77.001    99.1782     0.3218      8.023     5.1664     7.3833    225.457    230.731       6588          2  0.000e+00
   58.62586 -134.95188     60.263     25.163     24.927     8.6638    30.1727  1023.5059    23.3909     8.6613     76.985    99.2341     0.3218      8.023     5.1652     7.3815    225.404    230.677       6589          2  0.000e+00
   58.62586 -134.95188     60.232     25.107     24.871     8.6640    30.1724  1023.5054    23.3907     8.6616     77.031    99.2621     0.3218      8.023     5.1682     7.3859    225.538    230.814       6590          2  0.000e+00
   58.62586 -134.95188     60.336     25.163     24.927     8.6633    30.1733  1023.5065    23.3915     8.6608     76.976    99.2621     0.3218      8.023     5.1646     7.3807    225.378    230.650       6591          2  0.000e+00
   58.62586 -134.95188     60.336     25.163     24.927     8.6634    30.1733  1023.5065    23.3915     8.6609     76.968    99.2621     0.3218      8.023     5.1640     7.3799    225.354    230.625       6592          2  0.000e+00
   58.62586 -134.95188     60.336     25.163     24.927     8.6642    30.1727  1023.5058    23.3908     8.6618     76.960    99.2621     0.3218      8.023     5.1634     7.3791    225.328    230.599       6593          2  0.000e+00
   58.62594 -134.95194     21.872     10.000      9.907    11.6046    22.7505  1017.2075    17.1619    11.6035    101.990    96.4652     0.8786      8.286     6.7243     9.6097    295.241    300.308       8410          3  0.000e+00
   58.62594 -134.95194     21.228     10.065      9.971    11.6020    22.7606  1017.2160    17.1701    11.6009    101.989    96.4652     0.8786      8.286     6.7242     9.6095    295.233    300.302       8411          3  0.000e+00
   58.62594 -134.95194     22.058     10.089      9.995    11.6020    22.7623  1017.2174    17.1714    11.6009    101.983    96.4372     0.8786      8.286     6.7237     9.6088    295.210    300.280       8412          3  0.000e+00
   58.62594 -134.95194     22.312     10.000      9.907    11.6029    22.7545  1017.2109    17.1653    11.6018    101.976    96.4372     0.8786      8.286     6.7234     9.6084    295.201    300.268       8413          3  0.000e+00
   58.62594 -134.95194     22.280      9.943      9.851    11.6068    22.7413  1017.1998    17.1544    11.6057    101.917    96.4372     0.8786      8.286     6.7195     9.6029    295.032    300.093       8414          3  0.000e+00
   58.62594 -134.95194     22.319     10.032      9.939    11.6106    22.7310  1017.1916    17.1459    11.6095    101.909    96.4372     0.8786      8.286     6.7189     9.6019    295.007    300.065       8415          3  0.000e+00
   58.62594 -134.95194     22.351     10.065      9.970    11.6106    22.7281  1017.1895    17.1436    11.6095    101.902    96.4372     0.8786      8.286     6.7185     9.6015    294.993    300.050       8416          3  0.000e+00
   58.62594 -134.95194     22.287     10.000      9.906    11.6123    22.7226  1017.1847    17.1391    11.6112    101.901    96.4372     0.8786      8.286     6.7185     9.6014    294.991    300.047       8417          3  0.000e+00
   58.62594 -134.95194     22.319     10.032      9.938    11.6123    22.7209  1017.1835    17.1378    11.6112    101.897    96.4372     0.8786      8.286     6.7183     9.6011    294.984    300.040       8418          3  0.000e+00
   58.62594 -134.95194     22.287     10.000      9.906    11.6088    22.7326  1017.1930    17.1474    11.6077    101.900    96.4372     0.8786      8.286     6.7185     9.6015    294.991    300.050       8419          3  0.000e+00
   58.62594 -134.95194     22.351     10.064      9.970    11.6060    22.7461  1017.2041    17.1582    11.6049    101.901    96.4372     0.8786      8.286     6.7184     9.6012    294.981    300.043       8420          3  0.000e+00
   58.62594 -134.95194     22.287     10.000      9.906    11.6046    22.7533  1017.2096    17.1640    11.6035    101.847    96.4372     0.8786      8.286     6.7147     9.5960    294.819    299.879       8421          3  0.000e+00
   58.62594 -134.95194     22.319     10.032      9.938    11.6026    22.7613  1017.2163    17.1706    11.6015    101.844    96.4372     0.8786      8.286     6.7145     9.5956    294.806    299.868       8422          3  0.000e+00
   58.62594 -134.95194     22.351     10.064      9.970    11.5996    22.7689  1017.2229    17.1770    11.5985    101.842    96.4372     0.8493      8.286     6.7145     9.5957    294.806    299.870       8423          3  0.000e+00
   58.62594 -134.95194     29.418     10.000      9.906    11.5997    22.7685  1017.2223    17.1767    11.5986    101.841    96.4372     0.8200      8.286     6.7144     9.5956    294.803    299.867       8424          3  0.000e+00
   58.62594 -134.95194     57.680     10.032      9.938    11.6001    22.7676  1017.2216    17.1759    11.5990    101.843    96.4372     0.8200      8.286     6.7145     9.5957    294.807    299.871       8425          3  0.000e+00
   58.62594 -134.95194     68.978     10.000      9.906    11.5981    22.7713  1017.2247    17.1791    11.5970    101.840    96.4372     0.8493      8.286     6.7145     9.5956    294.803    299.867       8426          3  0.000e+00
   58.62594 -134.95194     69.482     10.064      9.970    11.5979    22.7671  1017.2217    17.1759    11.5968    101.839    96.4372     0.8493      8.286     6.7146     9.5959    294.811    299.875       8427          3  0.000e+00
   58.62594 -134.95194     68.278     10.032      9.938    11.6038    22.7541  1017.2105    17.1648    11.6027    101.844    96.1855     0.8493      8.286     6.7147     9.5959    294.816    299.876       8428          3  0.000e+00
   58.62594 -134.95194     67.440     10.000      9.906    11.6115    22.7390  1017.1975    17.1519    11.6104    101.791    96.0177     0.8200      8.286     6.7107     9.5902    294.646    299.699       8429          3  0.000e+00
   58.62594 -134.95194     66.903     10.000      9.906    11.6162    22.7270  1017.1875    17.1419    11.6151    101.789    96.0177     0.8200      8.286     6.7103     9.5897    294.632    299.682       8430          3  0.000e+00
   58.62594 -134.95194     66.869     10.064      9.970    11.6170    22.7214  1017.1833    17.1374    11.6159    101.789    96.0177     0.8493      8.286     6.7104     9.5899    294.639    299.688       8431          3  0.000e+00
   58.62594 -134.95194     66.886     10.032      9.938    11.6170    22.7172  1017.1798    17.1341    11.6159    101.789    96.0177     0.8493      8.286     6.7107     9.5902    294.650    299.698       8432          3  0.000e+00
   58.62594 -134.95194     66.878     10.000      9.906    11.6168    22.7135  1017.1769    17.1313    11.6157    101.791    96.0177     0.8493      8.286     6.7110     9.5907    294.665    299.713       8433          3  0.000e+00
   58.62594 -134.95194     66.878     10.000      9.906    11.6182    22.7094  1017.1735    17.1279    11.6171    101.849    96.0177     0.8493      8.286     6.7148     9.5961    294.832    299.882       8434          3  0.000e+00
   58.62594 -134.95194     66.910     10.032      9.938    11.6158    22.7133  1017.1771    17.1313    11.6147    101.802    96.0177     0.8200      8.286     6.7118     9.5919    294.702    299.751       8435          3  0.000e+00
   58.62594 -134.95194     66.878     10.000      9.906    11.6138    22.7183  1017.1811    17.1355    11.6127    101.803    96.0177     0.8200      8.286     6.7120     9.5921    294.707    299.757       8436          3  0.000e+00
   58.62594 -134.95194     66.942     10.064      9.970    11.6133    22.7228  1017.1849    17.1390    11.6122    101.753    96.0177     0.8493      8.286     6.7086     9.5872    294.556    299.604       8437          3  0.000e+00
   58.62594 -134.95194     66.846      9.967      9.874    11.6116    22.7325  1017.1923    17.1468    11.6105    101.804    96.0456     0.8493      8.286     6.7118     9.5918    294.695    299.748       8438          3  0.000e+00
   58.62594 -134.95194     66.942     10.064      9.970    11.6093    22.7378  1017.1972    17.1513    11.6082    101.811    96.0177     0.8493      8.286     6.7124     9.5926    294.719    299.774       8439          3  0.000e+00
   58.62594 -134.95194     66.878     10.000      9.906    11.6097    22.7359  1017.1953    17.1498    11.6086    101.764    96.0177     0.8493      8.286     6.7093     9.5882    294.584    299.636       8440          3  0.000e+00
   58.62594 -134.95194     66.878     10.000      9.906    11.6098    22.7343  1017.1941    17.1485    11.6087    101.815    96.0177     0.8200      8.286     6.7127     9.5931    294.733    299.788       8441          3  0.000e+00
   58.62594 -134.95194     66.846      9.967      9.874    11.6113    22.7258  1017.1871    17.1417    11.6102    101.771    96.0177     0.8493      8.286     6.7099     9.5891    294.615    299.665       8442          3  0.000e+00
   58.62594 -134.95194     66.878     10.000      9.906    11.6154    22.7067  1017.1718    17.1263    11.6143    101.825    96.0177     0.8200      8.286     6.7137     9.5945    294.784    299.832       8443          3  0.000e+00
   58.62594 -134.95194     66.878     10.000      9.906    11.6236    22.6784  1017.1486    17.1030    11.6225    101.831    96.0456     0.7907      8.286     6.7141     9.5951    294.809    299.851       8444          3  0.000e+00
   58.62594 -134.95194     66.846      9.967      9.874    11.6294    22.6486  1017.1245    17.0790    11.6283    101.838    96.0177     0.7907      8.286     6.7150     9.5964    294.856    299.892       8445          3  0.000e+00
   58.62594 -134.95194     66.878     10.000      9.906    11.6323    22.6305  1017.1102    17.0646    11.6312    101.794    96.0177     0.7614      8.286     6.7124     9.5928    294.748    299.778       8446          3  0.000e+00
   58.62594 -134.95194     64.045     10.000      9.906    11.6364    22.6130  1017.0960    17.0504    11.6353    101.799    96.0177     0.7907      8.286     6.7129     9.5934    294.772    299.798       8447          3  0.000e+00
   58.62594 -134.95194     47.066      9.967      9.874    11.6384    22.5916  1017.0789    17.0335    11.6373    101.859    95.9338     0.7907      8.286     6.7174     9.5999    294.977    300.001       8448          3  0.000e+00
