EcoFOCI/data/1_SampleCollection/2022_GOA-OA_CruiseData/CTD_raw_BottleFile_RC0083/RC0083_048.cnv
* Sea-Bird SBE 9 Data File:
* FileName = C:\Data\RC0083ctd\RC0083_048.hex
* Software Version Seasave V 7.26.7.107
* Temperature SN = 2060
* Conductivity SN = 1084
* Number of Bytes Per Scan = 31
* Number of Voltage Words = 4
* Number of Scans Averaged by the Deck Unit = 1
* NMEA Latitude = 58 10.30 N
* NMEA Longitude = 137 13.34 W
* NMEA UTC (Time) = Aug 19 2022  07:25:00
* NMEA baud rate = 4800
** Ship: R/V Rachel Carson
** Cruise ID: RC0083
** Tech: McHugh/Nomura
** Chief Scientist: Cross
** Station: SEM10
** Cast:  CTD048
# nquan = 19
# nvalues = 13290                                 
# units = specified
# name 0 = latitude: Latitude [deg]
# name 1 = longitude: Longitude [deg]
# name 2 = sfdSM: Seafloor depth [salt water, m]
# name 3 = prDM: Pressure, Digiquartz [db]
# name 4 = depSM: Depth [salt water, m]
# name 5 = t090C: Temperature [ITS-90, deg C]
# name 6 = sal00: Salinity, Practical [PSU]
# name 7 = density00: Density [density, kg/m^3]
# name 8 = sigma-é00: Density [sigma-theta, kg/m^3]
# name 9 = potemp090C: Potential Temperature [ITS-90, deg C]
# name 10 = sbeox0PS: Oxygen, SBE 43 [% saturation]
# name 11 = CStarTr0: Beam Transmission, WET Labs C-Star [%]
# name 12 = flECO-AFL: Fluorescence, WET Labs ECO-AFL/FL [mg/m^3]
# name 13 = ph: pH
# name 14 = sbeox0ML/L: Oxygen, SBE 43 [ml/l]
# name 15 = sbeox0Mg/L: Oxygen, SBE 43 [mg/l]
# name 16 = sbox0Mm/Kg: Oxygen, SBE 43 [umol/kg]
# name 17 = sbeox0Mm/L: Oxygen, SBE 43 [umol/l]
# name 18 = flag:  0.000e+00
# span 0 =   58.17160,   58.17256                 
# span 1 = -137.22380, -137.22232                 
# span 2 =      3.561,    128.979                 
# span 3 =      2.117,    115.361                 
# span 4 =      2.097,    114.258                 
# span 5 =     6.4477,    14.5465                 
# span 6 =    31.0769,    32.7787                 
# span 7 =  1023.0630,  1026.2721                 
# span 8 =    23.0527,    25.7427                 
# span 9 =     6.4379,    14.5452                 
# span 10 =     59.535,    103.109                
# span 11 =    94.9828,   106.6179                
# span 12 =    -0.1177,     2.5782                
# span 13 =      7.882,      8.302                
# span 14 =     4.1306,     6.1583                
# span 15 =     5.9030,     8.8009                
# span 16 =    179.842,    268.211                
# span 17 =    184.471,    275.031                
# span 18 = 0.0000e+00, 0.0000e+00                
# interval = seconds: 0.0416667
# start_time = Aug 19 2022 07:25:00 [NMEA time, header]
# bad_flag = -9.990e-29
*END*
[from data line 7086]
   58.17218 -137.22274    122.621     79.886     79.129     6.9110    32.3837  1025.7379    25.3711     6.9039     87.797   106.4501    -0.0005      8.058     6.0425     8.6354    263.182    269.859  0.000e+00
   58.17218 -137.22274    122.602     80.064     79.305     6.9236    32.3813  1025.7351    25.3675     6.9165     87.799   106.4501    -0.0005      8.058     6.0410     8.6332    263.117    269.791  0.000e+00
   58.17218 -137.22274    122.159     79.765     79.009     6.9326    32.3802  1025.7317    25.3655     6.9256     87.795   106.4501    -0.0005      8.058     6.0395     8.6311    263.052    269.725  0.000e+00
   58.17218 -137.22274    122.295     79.926     79.169     6.9358    32.3788  1025.7309    25.3639     6.9287     87.740   106.4501    -0.0005      8.058     6.0353     8.6251    262.870    269.538  0.000e+00
   58.17218 -137.22274    122.191     79.821     79.065     6.9396    32.3762  1025.7278    25.3613     6.9325     87.785   106.4501    -0.0005      8.058     6.0380     8.6289    262.987    269.657  0.000e+00
   58.17218 -137.22274    122.255     79.886     79.129     6.9422    32.3745  1025.7265    25.3597     6.9351     87.782   106.4501    -0.0005      8.058     6.0375     8.6282    262.966    269.635  0.000e+00
   58.17218 -137.22274    121.988     79.764     79.009     6.9444    32.3734  1025.7247    25.3585     6.9374     87.783   106.4501    -0.0005      8.058     6.0373     8.6279    262.958    269.627  0.000e+00
   58.17218 -137.22274    121.890     79.764     79.009     6.9447    32.3731  1025.7245    25.3583     6.9377     87.721   106.4781    -0.0005      8.058     6.0330     8.6218    262.771    269.434  0.000e+00
   58.17218 -137.22274    121.802     79.700     78.945     6.9444    32.3729  1025.7241    25.3581     6.9374     87.770   106.4781    -0.0005      8.058     6.0364     8.6266    262.919    269.586  0.000e+00
   58.17218 -137.22274    121.802     79.700     78.945     6.9441    32.3723  1025.7236    25.3577     6.9371     87.761   106.4781    -0.0005      8.058     6.0359     8.6259    262.896    269.563  0.000e+00
   58.17218 -137.22274    121.971     79.821     79.065     6.9438    32.3718  1025.7238    25.3573     6.9367     87.761   106.4501    -0.0005      8.058     6.0359     8.6259    262.897    269.564  0.000e+00
   58.17218 -137.22274    121.968     79.522     78.769     6.9415    32.3718  1025.7228    25.3576     6.9345     87.698   106.4501    -0.0005      8.058     6.0319     8.6202    262.724    269.386  0.000e+00
   58.17218 -137.22274    122.354     79.764     79.009     6.9395    32.3716  1025.7240    25.3577     6.9324     87.746   106.4781    -0.0005      8.058     6.0355     8.6253    262.879    269.545  0.000e+00
   58.17218 -137.22274    122.098     79.506     78.753     6.9378    32.3721  1025.7234    25.3583     6.9308     87.681   106.4501    -0.0005      8.058     6.0313     8.6193    262.695    269.357  0.000e+00
   58.17218 -137.22274    122.178     79.587     78.833     6.9355    32.3739  1025.7255    25.3601     6.9285     87.669   106.4781    -0.0005      8.058     6.0306     8.6184    262.667    269.328  0.000e+00
   58.17218 -137.22274    122.251     79.587     78.833     6.9344    32.3759  1025.7273    25.3618     6.9274     87.710   106.4781    -0.0005      8.058     6.0336     8.6226    262.794    269.459  0.000e+00
   58.17218 -137.22274    122.471     79.587     78.833     6.9329    32.3769  1025.7282    25.3628     6.9259     87.653   106.4501    -0.0005      8.058     6.0298     8.6172    262.631    269.292  0.000e+00
   58.17218 -137.22274    122.569     79.587     78.833     6.9323    32.3770  1025.7284    25.3629     6.9253     87.700   106.4781    -0.0298      8.058     6.0332     8.6220    262.776    269.440  0.000e+00
   58.17218 -137.22274    122.505     79.522     78.769     6.9331    32.3755  1025.7268    25.3616     6.9261     87.641   106.4781    -0.0298      8.058     6.0290     8.6161    262.596    269.255  0.000e+00
   58.17218 -137.22274    122.480     79.522     78.769     6.9313    32.3755  1025.7270    25.3619     6.9243     87.630   106.4501    -0.0298      8.058     6.0285     8.6154    262.575    269.235  0.000e+00
   58.17218 -137.22274    122.480     79.522     78.769     6.9276    32.3774  1025.7290    25.3639     6.9206     87.676   106.4781    -0.0298      8.058     6.0321     8.6205    262.731    269.395  0.000e+00
   58.17218 -137.22274    122.480     79.522     78.769     6.9254    32.3782  1025.7300    25.3648     6.9183     87.616   106.4501    -0.0298      8.058     6.0283     8.6150    262.562    269.222  0.000e+00
   58.17218 -137.22274    122.424     79.465     78.713     6.9244    32.3786  1025.7302    25.3653     6.9174     87.603   106.4781    -0.0298      8.058     6.0275     8.6138    262.527    269.186  0.000e+00
   58.17218 -137.22274    122.464     79.506     78.753     6.9233    32.3790  1025.7308    25.3657     6.9163     87.590   106.4781    -0.0298      8.058     6.0267     8.6128    262.495    269.153  0.000e+00
   58.17218 -137.22274    122.480     79.522     78.769     6.9231    32.3790  1025.7309    25.3657     6.9161     87.576   106.4501    -0.0298      8.058     6.0258     8.6115    262.455    269.112  0.000e+00
   58.17218 -137.22274    122.424     79.465     78.713     6.9242    32.3790  1025.7304    25.3656     6.9172     87.560   106.4501    -0.0298      8.058     6.0246     8.6097    262.401    269.057  0.000e+00
   58.17218 -137.22274    122.480     79.522     78.769     6.9269    32.3783  1025.7298    25.3647     6.9199     87.545   106.4501    -0.0298      8.058     6.0232     8.6077    262.341    268.995  0.000e+00
   58.17218 -137.22274    122.424     79.465     78.713     6.9297    32.3778  1025.7288    25.3639     6.9227     87.528   106.4501    -0.0298      8.058     6.0216     8.6055    262.273    268.926  0.000e+00
   58.17218 -137.22274    122.424     79.465     78.713     6.9318    32.3780  1025.7287    25.3638     6.9248     87.511   106.4501    -0.0298      8.058     6.0201     8.6034    262.209    268.860  0.000e+00
   58.17218 -137.22274    122.424     79.465     78.713     6.9365    32.3776  1025.7277    25.3629     6.9295     87.500   106.4221    -0.0298      8.058     6.0188     8.6015    262.151    268.799  0.000e+00
   58.17218 -137.22274    122.644     79.465     78.712     6.9415    32.3756  1025.7255    25.3607     6.9345     87.546   106.4221    -0.0298      8.058     6.0213     8.6050    262.260    268.912  0.000e+00
   58.17218 -137.22274    122.886     79.586     78.833     6.9444    32.3749  1025.7251    25.3597     6.9374     87.488   106.4501    -0.0298      8.058     6.0169     8.5988    262.070    268.716  0.000e+00
   58.17218 -137.22274    122.727     79.400     78.648     6.9446    32.3742  1025.7236    25.3591     6.9376     87.475   106.4221    -0.0298      8.058     6.0161     8.5976    262.032    268.677  0.000e+00
   58.17218 -137.22274    122.766     79.465     78.712     6.9390    32.3758  1025.7259    25.3611     6.9319     87.466   106.4501    -0.0298      8.058     6.0162     8.5977    262.036    268.681  0.000e+00
   58.17218 -137.22274    122.831     79.506     78.753     6.9348    32.3767  1025.7274    25.3624     6.9277     87.456   106.4501    -0.0298      8.058     6.0160     8.5975    262.029    268.675  0.000e+00
   58.17218 -137.22274    122.937     79.465     78.712     6.9356    32.3771  1025.7274    25.3626     6.9286     87.444   106.4501    -0.0298      8.058     6.0150     8.5961    261.987    268.632  0.000e+00
   58.17218 -137.22274    123.010     79.465     78.712     6.9425    32.3759  1025.7256    25.3608     6.9355     87.374   106.4501    -0.0298      8.058     6.0094     8.5880    261.740    268.378  0.000e+00
   58.17218 -137.22274    123.035     79.465     78.712     6.9483    32.3741  1025.7234    25.3586     6.9413     87.354   106.4501    -0.0005      8.058     6.0072     8.5849    261.647    268.282  0.000e+00
   58.17218 -137.22274    123.066     79.522     78.769     6.9496    32.3710  1025.7210    25.3559     6.9426     87.399   106.4501    -0.0005      8.058     6.0102     8.5892    261.780    268.417  0.000e+00
   58.17218 -137.22274    123.010     79.465     78.712     6.9446    32.3718  1025.7221    25.3572     6.9376     87.395   106.4221    -0.0005      8.058     6.0107     8.5898    261.797    268.436  0.000e+00
   58.17218 -137.22274    123.010     79.465     78.712     6.9407    32.3732  1025.7237    25.3588     6.9337     87.336   106.4221    -0.0005      8.058     6.0070     8.5847    261.640    268.275  0.000e+00
   58.17218 -137.22274    123.066     79.522     78.768     6.9390    32.3734  1025.7244    25.3592     6.9319     87.325   106.4501    -0.0005      8.058     6.0066     8.5840    261.619    268.254  0.000e+00
   58.17218 -137.22274    123.010     79.465     78.712     6.9362    32.3748  1025.7256    25.3607     6.9292     87.314   106.4501    -0.0005      8.058     6.0061     8.5834    261.600    268.235  0.000e+00
   58.17218 -137.22274    123.010     79.465     78.712     6.9348    32.3756  1025.7263    25.3615     6.9278     87.304   106.4221    -0.0005      8.058     6.0056     8.5826    261.576    268.210  0.000e+00
   58.17218 -137.22274    123.084     79.465     78.712     6.9349    32.3753  1025.7261    25.3612     6.9279     87.294   106.4221    -0.0005      8.058     6.0049     8.5816    261.545    268.178  0.000e+00
   58.17218 -137.22274    123.221     79.506     78.752     6.9354    32.3753  1025.7262    25.3612     6.9284     87.292   106.4221    -0.0005      8.058     6.0047     8.5813    261.536    268.169  0.000e+00
   58.17218 -137.22274    123.206     79.465     78.712     6.9355    32.3760  1025.7266    25.3617     6.9285     87.282   106.4221    -0.0005      8.058     6.0040     8.5803    261.505    268.137  0.000e+00
   58.17218 -137.22274    123.206     79.465     78.712     6.9368    32.3755  1025.7260    25.3612     6.9298     87.273   106.4221    -0.0005      8.058     6.0032     8.5791    261.470    268.101  0.000e+00
   58.17218 -137.22274    123.206     79.465     78.712     6.9385    32.3747  1025.7252    25.3603     6.9314     87.263   106.4221    -0.0005      8.058     6.0023     8.5779    261.434    268.065  0.000e+00
   58.17218 -137.22274    123.215     79.400     78.648     6.9395    32.3746  1025.7247    25.3601     6.9324     87.262   106.4221    -0.0005      8.058     6.0021     8.5776    261.424    268.054  0.000e+00
   58.17218 -137.22274    123.352     79.465     78.712     6.9402    32.3737  1025.7242    25.3593     6.9332     87.262   106.4221    -0.0005      8.058     6.0021     8.5776    261.423    268.052  0.000e+00
   58.17218 -137.22274    123.288     79.400     78.648     6.9402    32.3744  1025.7244    25.3598     6.9332     87.262   106.4221    -0.0005      8.058     6.0020     8.5775    261.421    268.051  0.000e+00
   58.17218 -137.22274    123.352     79.465     78.712     6.9402    32.3746  1025.7249    25.3600     6.9332     87.257   106.4221    -0.0005      8.058     6.0016     8.5769    261.403    268.032  0.000e+00
   58.17218 -137.22274    123.288     79.400     78.648     6.9401    32.3744  1025.7244    25.3599     6.9331     87.257   106.4221    -0.0005      8.058     6.0017     8.5770    261.407    268.036  0.000e+00
   58.17218 -137.22274    123.361     79.400     78.648     6.9399    32.3746  1025.7246    25.3601     6.9329     87.260   106.4221    -0.0005      8.058     6.0019     8.5773    261.415    268.044  0.000e+00
   58.17218 -137.22274    122.882     78.867     78.120     6.9415    32.3757  1025.7228    25.3607     6.9346     87.256   106.4221    -0.0005      8.058     6.0014     8.5766    261.392    268.021  0.000e+00
   58.17218 -137.22274    123.867     79.861     79.105     6.9470    32.3745  1025.7257    25.3590     6.9399     87.262   106.4221    -0.0005      8.058     6.0011     8.5761    261.379    268.007  0.000e+00
   58.17218 -137.22274    123.354     79.344     78.592     6.9541    32.3733  1025.7214    25.3572     6.9471     87.258   106.4221    -0.0005      8.058     5.9999     8.5744    261.328    267.955  0.000e+00
   58.17218 -137.22274    123.354     79.344     78.592     6.9606    32.3708  1025.7186    25.3543     6.9536     87.262   106.4221     0.0288      8.058     5.9993     8.5736    261.304    267.929  0.000e+00
   58.17218 -137.22274    123.354     79.344     78.592     6.9592    32.3701  1025.7182    25.3540     6.9521     87.267   106.4221     0.0288      8.058     5.9999     8.5744    261.329    267.955  0.000e+00
   58.17218 -137.22274    123.298     79.287     78.536     6.9553    32.3707  1025.7189    25.3549     6.9483     87.265   106.4221     0.0288      8.058     6.0003     8.5750    261.345    267.971  0.000e+00
   58.17218 -137.22274    123.298     79.287     78.536     6.9547    32.3734  1025.7212    25.3572     6.9477     87.271   106.4221     0.0288      8.058     6.0006     8.5755    261.361    267.989  0.000e+00
   58.17218 -137.22274    123.410     79.400     78.648     6.9624    32.3717  1025.7193    25.3548     6.9553     87.269   106.4221     0.0288      8.058     5.9996     8.5740    261.315    267.940  0.000e+00
   58.17218 -137.22274    123.138     79.101     78.352     6.9659    32.3710  1025.7169    25.3538     6.9589     87.264   106.4221     0.0288      8.058     5.9987     8.5728    261.280    267.904  0.000e+00
   58.17218 -137.22274    123.332     79.222     78.472     6.9670    32.3705  1025.7169    25.3532     6.9600     87.273   106.4221     0.0288      8.058     5.9992     8.5734    261.299    267.924  0.000e+00
   58.17218 -137.22274    123.356     79.222     78.472     6.9705    32.3689  1025.7152    25.3515     6.9635     87.216   106.4221     0.0288      8.058     5.9949     8.5673    261.111    267.731  0.000e+00
   58.17218 -137.22274    123.356     79.222     78.472     6.9708    32.3692  1025.7154    25.3517     6.9638     87.217   106.4221     0.0288      8.058     5.9949     8.5673    261.111    267.731  0.000e+00
   58.17218 -137.22274    123.284     79.150     78.400     6.9695    32.3704  1025.7162    25.3528     6.9625     87.210   106.4221     0.0288      8.058     5.9946     8.5668    261.097    267.717  0.000e+00
   58.17218 -137.22274    123.236     79.101     78.352     6.9688    32.3707  1025.7163    25.3531     6.9618     87.205   106.4221     0.0288      8.058     5.9942     8.5664    261.084    267.703  0.000e+00
   58.17218 -137.22274    123.236     79.101     78.352     6.9695    32.3708  1025.7163    25.3531     6.9625     87.208   106.4221     0.0288      8.058     5.9944     8.5665    261.089    267.708  0.000e+00
   58.17218 -137.22274    123.180     79.044     78.296     6.9727    32.3694  1025.7145    25.3516     6.9658     87.203   106.4221     0.0288      8.058     5.9936     8.5655    261.057    267.675  0.000e+00
   58.17218 -137.22274    123.180     79.044     78.296     6.9753    32.3676  1025.7127    25.3498     6.9683     87.199   106.4221     0.0288      8.058     5.9931     8.5647    261.034    267.651  0.000e+00
   58.17218 -137.22274    123.180     79.044     78.296     6.9737    32.3670  1025.7124    25.3495     6.9667     87.197   106.4221     0.0288      8.058     5.9932     8.5649    261.038    267.655  0.000e+00
   58.17218 -137.22276    123.124     78.988     78.240     6.9713    32.3674  1025.7128    25.3502     6.9643     87.195   106.4221     0.0288      8.058     5.9934     8.5651    261.046    267.664  0.000e+00
   58.17218 -137.22276    123.060     78.923     78.176     6.9671    32.3693  1025.7146    25.3523     6.9601     87.194   106.4221     0.0288      8.058     5.9938     8.5657    261.064    267.682  0.000e+00
