EcoFOCI/data/1_SampleCollection/2022_GOA-OA_CruiseData/CTD_raw_BottleFile_RC0083/RC0083_028.ros
* Sea-Bird SBE 9 Data File:
* FileName = C:\Data\RC0083ctd\RC0083_028.hex
* Software Version Seasave V 7.26.7.107
* Temperature SN = 2060
* Conductivity SN = 1084
* Number of Bytes Per Scan = 31
* Number of Voltage Words = 4
* Number of Scans Averaged by the Deck Unit = 1
* NMEA Latitude = 58 49.84 N
* NMEA Longitude = 135 11.23 W
* NMEA UTC (Time) = Aug 17 2022  22:51:05
* NMEA baud rate = 4800
** Ship: R/V Rachel Carson
** Cruise ID: RC0083
** Tech: McHugh/Nomura
** Chief Scientist: Cross
** Station: LC03
** Cast:  CTD028
# nquan = 21
# nvalues = 245                                   
# units = specified
# name 0 = latitude: Latitude [deg]
# name 1 = longitude: Longitude [deg]
# name 2 = sfdSM: Seafloor depth [salt water, m]
# name 3 = prDM: Pressure, Digiquartz [db]
# name 4 = depSM: Depth [salt water, m]
# name 5 = t090C: Temperature [ITS-90, deg C]
# name 6 = sal00: Salinity, Practical [PSU]
# name 7 = density00: Density [density, kg/m^3]
# name 8 = sigma-é00: Density [sigma-theta, kg/m^3]
# name 9 = potemp090C: Potential Temperature [ITS-90, deg C]
# name 10 = sbeox0PS: Oxygen, SBE 43 [% saturation]
# name 11 = CStarTr0: Beam Transmission, WET Labs C-Star [%]
# name 12 = flECO-AFL: Fluorescence, WET Labs ECO-AFL/FL [mg/m^3]
# name 13 = ph: pH
# name 14 = sbeox0ML/L: Oxygen, SBE 43 [ml/l]
# name 15 = sbeox0Mg/L: Oxygen, SBE 43 [mg/l]
# name 16 = sbox0Mm/Kg: Oxygen, SBE 43 [umol/kg]
# name 17 = sbeox0Mm/L: Oxygen, SBE 43 [umol/l]
# name 18 = scan: Scan Count
# name 19 = nbf: Bottles Fired
# name 20 = flag:  0.000e+00
# interval = seconds: 0.0416667
# start_time = Aug 17 2022 22:51:05 [NMEA time, header]
# bad_flag = -9.990e-29
*END*
[from data line 207]
   58.83524 -135.19124    106.901      8.346      8.268    11.6314    24.7246  1018.7239    18.6859    11.6305     99.682    87.4312     1.8456      8.301     6.4870     9.2705    284.393    289.708      24083          5  0.000e+00
   58.83524 -135.19124    106.805      8.249      8.172    11.6291    24.7399  1018.7357    18.6982    11.6282     99.692    87.4312     1.8456      8.301     6.4873     9.2710    284.404    289.722      24084          5  0.000e+00
   58.83524 -135.19124    106.901      8.346      8.268    11.6262    24.7572  1018.7499    18.7120    11.6253     99.704    87.4312     1.8163      8.301     6.4877     9.2716    284.421    289.743      24085          5  0.000e+00
   58.83524 -135.19124    106.876      8.346      8.268    11.6232    24.7748  1018.7641    18.7262    11.6223     99.715    87.4312     1.8163      8.301     6.4882     9.2722    284.435    289.761      24086          5  0.000e+00
   58.83524 -135.19124    106.900      8.371      8.292    11.6215    24.7841  1018.7717    18.7337    11.6205     99.726    87.4312     1.8456      8.301     6.4887     9.2730    284.458    289.787      24087          5  0.000e+00
   58.83524 -135.19124    106.901      8.346      8.268    11.6207    24.7846  1018.7721    18.7342    11.6198     99.736    87.4312     1.8163      8.301     6.4895     9.2741    284.490    289.820      24088          5  0.000e+00
   58.83524 -135.19124    106.957      8.403      8.324    11.6207    24.7863  1018.7737    18.7355    11.6198     99.747    87.4312     1.8456      8.301     6.4901     9.2751    284.519    289.850      24089          5  0.000e+00
   58.83524 -135.19124    106.925      8.371      8.292    11.6191    24.7983  1018.7831    18.7451    11.6181     99.805    87.4312     1.8456      8.301     6.4936     9.2801    284.670    290.006      24090          5  0.000e+00
   58.83526 -135.19126    106.957      8.403      8.324    11.6173    24.8097  1018.7924    18.7542    11.6164     99.815    87.4312     1.8456      8.301     6.4941     9.2807    284.687    290.026      24091          5  0.000e+00
   58.83526 -135.19126    106.957      8.403      8.324    11.6151    24.8308  1018.8091    18.7709    11.6142     99.771    87.4032     1.8163      8.301     6.4907     9.2758    284.532    289.873      24092          5  0.000e+00
   58.83526 -135.19126    106.981      8.427      8.348    11.6085    24.8748  1018.8443    18.8061    11.6075     99.781    87.4312     1.8456      8.301     6.4905     9.2755    284.513    289.864      24093          5  0.000e+00
   58.83526 -135.19126    107.013      8.460      8.380    11.6028    24.9110  1018.8735    18.8351    11.6018     99.785    87.4312     1.8456      8.301     6.4900     9.2749    284.487    289.845      24094          5  0.000e+00
   58.83526 -135.19126    106.957      8.403      8.324    11.5998    24.9233  1018.8833    18.8451    11.5988     99.788    87.4312     1.8456      8.301     6.4901     9.2750    284.488    289.849      24095          5  0.000e+00
   58.83526 -135.19126    107.045      8.492      8.412    11.5995    24.9157  1018.8779    18.8393    11.5985     99.845    87.4312     1.8456      8.301     6.4942     9.2809    284.669    290.032      24096          5  0.000e+00
   58.83526 -135.19126    107.013      8.460      8.380    11.6007    24.9035  1018.8680    18.8296    11.5997     99.799    87.4312     1.8456      8.301     6.4916     9.2771    284.555    289.913      24097          5  0.000e+00
   58.83526 -135.19126    107.013      8.460      8.380    11.6021    24.8913  1018.8584    18.8199    11.6012     99.855    87.4312     1.7577      8.301     6.4955     9.2827    284.728    290.087      24098          5  0.000e+00
   58.83526 -135.19126    107.045      8.492      8.412    11.6042    24.8779  1018.8478    18.8092    11.6033     99.862    87.5151     1.6991      8.301     6.4962     9.2837    284.764    290.120      24099          5  0.000e+00
   58.83526 -135.19126    107.013      8.460      8.380    11.6056    24.8703  1018.8415    18.8031    11.6047     99.815    87.7389     1.6698      8.301     6.4932     9.2795    284.636    289.988      24100          5  0.000e+00
   58.83526 -135.19126    107.013      8.460      8.380    11.6066    24.8663  1018.8383    18.7998    11.6057     99.816    87.8228     1.6698      8.301     6.4933     9.2796    284.639    289.991      24101          5  0.000e+00
   58.83526 -135.19126    107.101      8.548      8.468    11.6072    24.8649  1018.8375    18.7986    11.6063     99.817    87.8228     1.6991      8.301     6.4934     9.2797    284.643    289.994      24102          5  0.000e+00
   58.83526 -135.19126    107.013      8.460      8.380    11.6063    24.8749  1018.8449    18.8065    11.6053     99.816    87.7948     1.6991      8.301     6.4930     9.2792    284.626    289.979      24103          5  0.000e+00
   58.83526 -135.19126    107.077      8.524      8.444    11.6035    24.8970  1018.8629    18.8241    11.6025     99.817    87.8228     1.6991      8.301     6.4926     9.2786    284.602    289.959      24104          5  0.000e+00
   58.83526 -135.19126    107.045      8.492      8.412    11.6003    24.9195  1018.8807    18.8421    11.5994     99.817    87.8228     1.6991      8.301     6.4921     9.2779    284.575    289.937      24105          5  0.000e+00
   58.83526 -135.19126    107.077      8.524      8.444    11.5971    24.9373  1018.8951    18.8564    11.5962     99.817    87.8228     1.6991      8.301     6.4918     9.2775    284.559    289.925      24106          5  0.000e+00
   58.83526 -135.19126    107.013      8.460      8.381    11.5945    24.9492  1018.9045    18.8661    11.5935     99.810    87.7948     1.6991      8.301     6.4912     9.2766    284.530    289.898      24107          5  0.000e+00
   58.83526 -135.19126    107.101      8.548      8.469    11.5928    24.9582  1018.9121    18.8733    11.5919     99.804    87.7948     1.6991      8.301     6.4907     9.2759    284.505    289.875      24108          5  0.000e+00
   58.83526 -135.19126    107.013      8.460      8.381    11.5922    24.9673  1018.9189    18.8804    11.5912     99.795    87.7948     1.6991      8.301     6.4898     9.2746    284.466    289.837      24109          5  0.000e+00
   58.83526 -135.19126    107.077      8.524      8.445    11.5912    24.9770  1018.9269    18.8881    11.5902     99.788    87.7948     1.6698      8.301     6.4891     9.2736    284.431    289.804      24110          5  0.000e+00
   58.83526 -135.19126    107.045      8.492      8.413    11.5905    24.9867  1018.9343    18.8957    11.5896     99.778    87.8228     1.6991      8.301     6.4882     9.2723    284.390    289.763      24111          5  0.000e+00
   58.83526 -135.19126    107.077      8.524      8.445    11.5890    24.9948  1018.9410    18.9023    11.5880     99.770    87.8228     1.6698      8.301     6.4875     9.2713    284.358    289.733      24112          5  0.000e+00
   58.83526 -135.19126    107.013      8.460      8.381    11.5889    24.9942  1018.9403    18.9018    11.5879     99.759    87.7948     1.6991      8.301     6.4869     9.2704    284.330    289.704      24113          5  0.000e+00
   58.83526 -135.19126    107.045      8.492      8.413    11.5886    24.9941  1018.9404    18.9018    11.5876     99.755    87.7948     1.6991      8.301     6.4867     9.2701    284.321    289.695      24114          5  0.000e+00
   58.83526 -135.19126    107.013      8.460      8.381    11.5885    24.9948  1018.9408    18.9024    11.5876     99.751    87.7948     1.6698      8.301     6.4863     9.2696    284.306    289.680      24115          5  0.000e+00
   58.83526 -135.19126    107.013      8.460      8.381    11.5882    25.0028  1018.9470    18.9086    11.5872     99.746    87.8228     1.6698      8.301     6.4858     9.2688    284.279    289.654      24116          5  0.000e+00
   58.83526 -135.19126    107.045      8.492      8.413    11.5872    25.0121  1018.9546    18.9160    11.5862     99.688    87.7948     1.6698      8.301     6.4817     9.2631    284.101    289.475      24117          5  0.000e+00
   58.83526 -135.19126    107.013      8.460      8.381    11.5874    25.0072  1018.9506    18.9121    11.5864     99.730    87.8228     1.6698      8.301     6.4847     9.2673    284.231    289.606      24118          5  0.000e+00
   58.83526 -135.19126    107.013      8.460      8.381    11.5887    24.9910  1018.9378    18.8993    11.5877     99.725    87.8787     1.6112      8.301     6.4848     9.2675    284.241    289.613      24119          5  0.000e+00
   58.83526 -135.19126    106.981      8.427      8.349    11.5900    24.9757  1018.9256    18.8873    11.5890     99.719    88.4101     1.6112      8.301     6.4849     9.2676    284.246    289.615      24120          5  0.000e+00
