EcoFOCI/data/1_SampleCollection/2022_GOA-OA_CruiseData/CTD_raw_BottleFile_RC0083/RC0083_104.cnv
* Sea-Bird SBE 9 Data File:
* FileName = C:\Data\RC0083ctd\RC0083_104.hex
* Software Version Seasave V 7.26.7.107
* Temperature SN = 2060
* Conductivity SN = 2881
* Number of Bytes Per Scan = 31
* Number of Voltage Words = 4
* Number of Scans Averaged by the Deck Unit = 1
* NMEA Latitude = 56 27.34 N
* NMEA Longitude = 132 28.44 W
* NMEA UTC (Time) = Aug 23 2022  01:43:30
* NMEA baud rate = 4800
** Ship: R/V Rachel Carson
** Cruise ID: RC0083
** Tech: McHugh/Nomura
** Chief Scientist: Cross
** Station: WI2
** Cast:  CTD104
# nquan = 19
# nvalues = 11558                                 
# units = specified
# name 0 = latitude: Latitude [deg]
# name 1 = longitude: Longitude [deg]
# name 2 = sfdSM: Seafloor depth [salt water, m]
# name 3 = prDM: Pressure, Digiquartz [db]
# name 4 = depSM: Depth [salt water, m]
# name 5 = t090C: Temperature [ITS-90, deg C]
# name 6 = sal00: Salinity, Practical [PSU]
# name 7 = density00: Density [density, kg/m^3]
# name 8 = sigma-é00: Density [sigma-theta, kg/m^3]
# name 9 = potemp090C: Potential Temperature [ITS-90, deg C]
# name 10 = sbeox0PS: Oxygen, SBE 43 [% saturation]
# name 11 = CStarTr0: Beam Transmission, WET Labs C-Star [%]
# name 12 = flECO-AFL: Fluorescence, WET Labs ECO-AFL/FL [mg/m^3]
# name 13 = ph: pH
# name 14 = sbeox0ML/L: Oxygen, SBE 43 [ml/l]
# name 15 = sbeox0Mg/L: Oxygen, SBE 43 [mg/l]
# name 16 = sbox0Mm/Kg: Oxygen, SBE 43 [umol/kg]
# name 17 = sbeox0Mm/L: Oxygen, SBE 43 [umol/l]
# name 18 = flag:  0.000e+00
# span 0 =   56.45524,   56.45572                 
# span 1 = -132.47400, -132.47302                 
# span 2 =      5.501,    232.025                 
# span 3 =      2.802,    169.764                 
# span 4 =      2.776,    168.144                 
# span 5 =     5.8306,    12.3061                 
# span 6 =     9.7599,    33.5615                 
# span 7 =  1007.0513,  1027.2198                 
# span 8 =     7.0374,    26.4387                 
# span 9 =     5.8167,    12.3057                 
# span 10 =     19.569,     99.012                
# span 11 =     2.1538,    96.5771                
# span 12 =    -0.0591,    14.4757                
# span 13 =      7.604,      8.477                
# span 14 =     1.3691,     6.6121                
# span 15 =     1.9566,     9.4493                
# span 16 =     59.572,    292.811                
# span 17 =     61.143,    295.295                
# span 18 = 0.0000e+00, 0.0000e+00                
# interval = seconds: 0.0416667
# start_time = Aug 23 2022 01:43:30 [NMEA time, header]
# bad_flag = -9.990e-29
*END*
[from data line 2362]
   56.45570 -132.47388    155.970     57.899     57.362     6.9239    31.9491  1025.2930    25.0269     6.9189     35.998    85.5013     0.1167      7.732     2.4839     3.5497    108.222    110.931  0.000e+00
   56.45570 -132.47388    155.970     57.899     57.362     6.9228    31.9517  1025.2952    25.0291     6.9177     35.992    85.5013     0.1167      7.727     2.4835     3.5492    108.205    110.913  0.000e+00
   56.45570 -132.47388    155.970     57.899     57.362     6.9209    31.9548  1025.2979    25.0318     6.9158     35.989    85.5013     0.1167      7.727     2.4833     3.5489    108.196    110.905  0.000e+00
   56.45570 -132.47388    156.051     57.956     57.418     6.9185    31.9575  1025.3006    25.0342     6.9134     35.988    85.5013     0.1167      7.732     2.4833     3.5489    108.197    110.906  0.000e+00
   56.45570 -132.47388    156.082     58.013     57.474     6.9167    31.9593  1025.3025    25.0359     6.9117     35.989    85.5013     0.1167      7.727     2.4835     3.5492    108.204    110.913  0.000e+00
   56.45570 -132.47388    156.090     58.021     57.482     6.9149    31.9616  1025.3046    25.0379     6.9098     36.043    85.5013     0.1167      7.727     2.4873     3.5546    108.369    111.082  0.000e+00
   56.45570 -132.47388    156.147     58.077     57.538     6.9135    31.9640  1025.3069    25.0400     6.9085     35.992    85.5013     0.1167      7.727     2.4838     3.5496    108.216    110.925  0.000e+00
   56.45570 -132.47388    156.267     58.199     57.659     6.9128    31.9657  1025.3089    25.0415     6.9077     35.993    85.5013     0.1167      7.727     2.4839     3.5497    108.221    110.931  0.000e+00
   56.45570 -132.47388    156.090     58.021     57.482     6.9128    31.9677  1025.3097    25.0430     6.9077     35.938    85.5013     0.1167      7.727     2.4801     3.5443    108.054    110.760  0.000e+00
   56.45570 -132.47388    156.267     58.199     57.659     6.9138    31.9711  1025.3131    25.0456     6.9087     35.938    85.5013     0.1167      7.727     2.4799     3.5441    108.048    110.754  0.000e+00
   56.45570 -132.47388    156.267     58.199     57.659     6.9165    31.9756  1025.3162    25.0487     6.9114     35.939    85.5013     0.1167      7.727     2.4798     3.5439    108.042    110.748  0.000e+00
   56.45570 -132.47388    156.323     58.255     57.715     6.9182    31.9793  1025.3192    25.0514     6.9132     35.886    85.5013     0.1167      7.732     2.4760     3.5384    107.875    110.577  0.000e+00
   56.45570 -132.47388    156.323     58.255     57.715     6.9195    31.9815  1025.3207    25.0530     6.9144     35.886    85.5013     0.1167      7.727     2.4759     3.5383    107.870    110.572  0.000e+00
   56.45570 -132.47388    156.379     58.312     57.771     6.9202    31.9828  1025.3219    25.0539     6.9151     35.889    85.5013     0.1167      7.727     2.4760     3.5385    107.876    110.578  0.000e+00
   56.45570 -132.47388    156.387     58.320     57.779     6.9207    31.9835  1025.3225    25.0544     6.9156     35.894    85.5013     0.1167      7.727     2.4763     3.5389    107.890    110.593  0.000e+00
   56.45570 -132.47388    156.443     58.376     57.835     6.9210    31.9839  1025.3230    25.0547     6.9159     35.839    85.5013     0.1167      7.727     2.4725     3.5334    107.723    110.422  0.000e+00
   56.45570 -132.47388    156.499     58.433     57.891     6.9210    31.9848  1025.3239    25.0554     6.9159     35.837    85.5013     0.1167      7.727     2.4723     3.5332    107.716    110.414  0.000e+00
   56.45570 -132.47388    156.443     58.376     57.835     6.9205    31.9855  1025.3243    25.0560     6.9154     35.894    85.5293     0.1167      7.727     2.4763     3.5388    107.887    110.590  0.000e+00
   56.45570 -132.47388    156.563     58.498     57.955     6.9207    31.9858  1025.3250    25.0562     6.9156     35.840    85.5573     0.1167      7.732     2.4725     3.5335    107.725    110.424  0.000e+00
   56.45570 -132.47388    156.619     58.554     58.011     6.9204    31.9864  1025.3258    25.0567     6.9153     35.839    85.5573     0.1167      7.727     2.4725     3.5334    107.721    110.420  0.000e+00
   56.45570 -132.47388    156.499     58.433     57.891     6.9202    31.9864  1025.3253    25.0568     6.9151     35.832    85.5573     0.0874      7.727     2.4720     3.5328    107.702    110.401  0.000e+00
   56.45570 -132.47388    156.675     58.611     58.067     6.9202    31.9867  1025.3264    25.0570     6.9151     35.829    85.5573     0.0874      7.727     2.4718     3.5325    107.693    110.391  0.000e+00
   56.45570 -132.47388    156.739     58.675     58.131     6.9202    31.9869  1025.3268    25.0571     6.9151     35.828    85.5573     0.0874      7.727     2.4717     3.5323    107.689    110.387  0.000e+00
   56.45570 -132.47388    156.619     58.554     58.011     6.9202    31.9874  1025.3267    25.0576     6.9151     35.771    85.5573     0.0874      7.727     2.4678     3.5267    107.518    110.212  0.000e+00
   56.45570 -132.47388    156.739     58.675     58.131     6.9205    31.9873  1025.3271    25.0574     6.9154     35.768    85.5573     0.0874      7.727     2.4676     3.5264    107.508    110.202  0.000e+00
   56.45570 -132.47388    156.739     58.675     58.131     6.9205    31.9877  1025.3274    25.0578     6.9154     35.767    85.5573     0.0874      7.727     2.4675     3.5263    107.505    110.199  0.000e+00
   56.45570 -132.47388    156.795     58.732     58.187     6.9205    31.9881  1025.3280    25.0581     6.9154     35.769    85.5573     0.0874      7.727     2.4676     3.5264    107.509    110.203  0.000e+00
   56.45570 -132.47388    156.851     58.789     58.243     6.9207    31.9881  1025.3282    25.0581     6.9155     35.773    85.5573     0.0874      7.727     2.4679     3.5268    107.521    110.215  0.000e+00
   56.45570 -132.47388    156.795     58.732     58.187     6.9205    31.9885  1025.3283    25.0584     6.9154     35.778    85.5573     0.0874      7.727     2.4683     3.5274    107.538    110.233  0.000e+00
   56.45570 -132.47388    156.971     58.910     58.363     6.9197    31.9896  1025.3301    25.0594     6.9146     35.788    85.5573     0.0874      7.727     2.4689     3.5284    107.568    110.263  0.000e+00
   56.45570 -132.47388    156.915     58.853     58.307     6.9191    31.9912  1025.3312    25.0607     6.9140     35.799    85.5573     0.0874      7.727     2.4697     3.5294    107.600    110.297  0.000e+00
   56.45570 -132.47388    156.971     58.910     58.363     6.9182    31.9923  1025.3324    25.0617     6.9130     35.806    85.5573     0.0874      7.727     2.4702     3.5302    107.623    110.320  0.000e+00
   56.45570 -132.47388    156.971     58.910     58.363     6.9180    31.9925  1025.3326    25.0619     6.9128     35.757    85.5573     0.0874      7.727     2.4669     3.5255    107.479    110.172  0.000e+00
   56.45570 -132.47388    157.091     59.031     58.483     6.9181    31.9927  1025.3333    25.0620     6.9129     35.706    85.5573     0.0874      7.727     2.4633     3.5204    107.323    110.013  0.000e+00
   56.45570 -132.47388    156.971     58.910     58.363     6.9180    31.9929  1025.3329    25.0622     6.9128     35.650    85.5573     0.0874      7.727     2.4595     3.5148    107.154    109.840  0.000e+00
   56.45570 -132.47388    157.147     59.088     58.539     6.9180    31.9925  1025.3334    25.0618     6.9128     35.648    85.5573     0.0874      7.727     2.4594     3.5147    107.150    109.835  0.000e+00
   56.45570 -132.47388    157.155     59.096     58.547     6.9177    31.9927  1025.3336    25.0620     6.9125     35.642    85.5573     0.0874      7.727     2.4590     3.5141    107.132    109.817  0.000e+00
   56.45570 -132.47388    157.172     59.088     58.539     6.9171    31.9934  1025.3342    25.0627     6.9119     35.639    85.7251     0.0874      7.727     2.4587     3.5138    107.122    109.807  0.000e+00
   56.45570 -132.47388    157.268     59.209     58.659     6.9165    31.9935  1025.3350    25.0629     6.9113     35.638    86.0048     0.0874      7.727     2.4588     3.5138    107.123    109.808  0.000e+00
   56.45570 -132.47388    157.211     59.152     58.603     6.9167    31.9934  1025.3346    25.0628     6.9115     35.640    86.0607     0.0874      7.727     2.4589     3.5139    107.128    109.812  0.000e+00
   56.45570 -132.47388    157.268     59.209     58.659     6.9162    31.9940  1025.3354    25.0633     6.9110     35.638    86.0607     0.0581      7.727     2.4587     3.5138    107.123    109.808  0.000e+00
   56.45570 -132.47388    157.388     59.330     58.780     6.9160    31.9938  1025.3358    25.0631     6.9109     35.639    86.0327     0.0874      7.727     2.4588     3.5139    107.126    109.811  0.000e+00
   56.45570 -132.47388    157.292     59.209     58.659     6.9156    31.9941  1025.3356    25.0635     6.9104     35.584    86.0327     0.0874      7.727     2.4551     3.5085    106.962    109.643  0.000e+00
   56.45570 -132.47388    157.412     59.330     58.780     6.9152    31.9945  1025.3365    25.0638     6.9100     35.577    86.0327     0.0874      7.727     2.4546     3.5078    106.941    109.622  0.000e+00
   56.45570 -132.47388    157.412     59.330     58.780     6.9153    31.9944  1025.3364    25.0637     6.9101     35.515    86.0327     0.0874      7.727     2.4503     3.5017    106.754    109.430  0.000e+00
   56.45570 -132.47388    157.476     59.395     58.844     6.9150    31.9948  1025.3371    25.0641     6.9099     35.506    86.0607     0.0874      7.727     2.4497     3.5009    106.728    109.403  0.000e+00
   56.45570 -132.47388    157.468     59.387     58.836     6.9149    31.9949  1025.3371    25.0641     6.9097     35.500    86.0327     0.0874      7.727     2.4493     3.5002    106.709    109.384  0.000e+00
   56.45570 -132.47388    157.532     59.451     58.900     6.9147    31.9948  1025.3373    25.0641     6.9095     35.496    86.0607     0.0874      7.727     2.4490     3.4999    106.700    109.374  0.000e+00
   56.45570 -132.47388    157.588     59.508     58.956     6.9148    31.9947  1025.3375    25.0640     6.9096     35.495    86.0327     0.0874      7.727     2.4490     3.4998    106.697    109.371  0.000e+00
   56.45570 -132.47388    157.588     59.508     58.956     6.9144    31.9951  1025.3379    25.0644     6.9092     35.490    86.0607     0.0874      7.727     2.4486     3.4994    106.682    109.356  0.000e+00
   56.45570 -132.47388    157.588     59.508     58.956     6.9140    31.9955  1025.3382    25.0647     6.9088     35.488    86.0607     0.0874      7.732     2.4485     3.4991    106.675    109.349  0.000e+00
   56.45570 -132.47388    157.708     59.629     59.076     6.9140    31.9955  1025.3388    25.0647     6.9088     35.488    86.0327     0.0874      7.727     2.4485     3.4991    106.676    109.350  0.000e+00
   56.45570 -132.47388    157.772     59.694     59.140     6.9139    31.9954  1025.3390    25.0647     6.9087     35.490    86.0607     0.0874      7.727     2.4487     3.4994    106.684    109.358  0.000e+00
   56.45570 -132.47388    157.620     59.565     59.012     6.9138    31.9954  1025.3384    25.0647     6.9086     35.438    86.0607     0.0874      7.727     2.4450     3.4942    106.525    109.195  0.000e+00
   56.45570 -132.47388    157.860     59.807     59.252     6.9137    31.9954  1025.3396    25.0647     6.9085     35.446    86.0327     0.0874      7.727     2.4456     3.4950    106.551    109.222  0.000e+00
   56.45570 -132.47388    157.804     59.751     59.196     6.9138    31.9952  1025.3391    25.0645     6.9085     35.450    86.0327     0.0874      7.727     2.4459     3.4954    106.561    109.232  0.000e+00
   56.45570 -132.47388    157.828     59.751     59.196     6.9135    31.9955  1025.3394    25.0648     6.9083     35.399    86.0607     0.0874      7.727     2.4424     3.4904    106.410    109.077  0.000e+00
   56.45570 -132.47388    157.884     59.807     59.252     6.9135    31.9955  1025.3396    25.0648     6.9083     35.396    85.9768     0.0874      7.727     2.4421     3.4901    106.400    109.066  0.000e+00
   56.45570 -132.47388    157.949     59.872     59.316     6.9134    31.9956  1025.3401    25.0649     6.9082     35.395    85.8090     0.0874      7.727     2.4421     3.4900    106.397    109.064  0.000e+00
   56.45570 -132.47388    157.916     59.864     59.308     6.9130    31.9960  1025.3404    25.0653     6.9078     35.340    85.7251     0.0874      7.727     2.4383     3.4846    106.232    108.895  0.000e+00
   56.45570 -132.47388    158.005     59.928     59.372     6.9129    31.9963  1025.3410    25.0655     6.9077     35.331    85.7251     0.0874      7.727     2.4377     3.4838    106.207    108.869  0.000e+00
   56.45570 -132.47388    158.005     59.928     59.372     6.9126    31.9969  1025.3414    25.0660     6.9074     35.326    85.7251     0.0874      7.727     2.4373     3.4832    106.190    108.852  0.000e+00
   56.45570 -132.47388    158.061     59.985     59.428     6.9121    31.9974  1025.3422    25.0665     6.9069     35.380    85.7251     0.0874      7.727     2.4411     3.4886    106.353    109.019  0.000e+00
   56.45570 -132.47388    158.100     60.050     59.492     6.9116    31.9979  1025.3429    25.0669     6.9064     35.385    85.7251     0.0874      7.727     2.4415     3.4892    106.371    109.038  0.000e+00
   56.45570 -132.47388    158.036     59.985     59.428     6.9115    31.9980  1025.3427    25.0670     6.9062     35.330    85.7251     0.0874      7.727     2.4377     3.4837    106.204    108.866  0.000e+00
   56.45570 -132.47388    158.245     60.171     59.612     6.9111    31.9982  1025.3438    25.0673     6.9059     35.271    85.7251     0.0874      7.727     2.4336     3.4779    106.028    108.686  0.000e+00
   56.45570 -132.47388    158.181     60.106     59.548     6.9113    31.9983  1025.3435    25.0673     6.9061     35.271    85.7251     0.0874      7.727     2.4336     3.4779    106.028    108.685  0.000e+00
   56.45570 -132.47388    158.212     60.163     59.604     6.9110    31.9985  1025.3440    25.0675     6.9057     35.268    85.7251     0.0874      7.727     2.4334     3.4776    106.019    108.676  0.000e+00
   56.45570 -132.47388    158.301     60.227     59.668     6.9111    31.9984  1025.3442    25.0674     6.9059     35.267    85.7251     0.0874      7.727     2.4334     3.4775    106.017    108.674  0.000e+00
   56.45570 -132.47388    158.301     60.227     59.668     6.9108    31.9983  1025.3442    25.0674     6.9056     35.326    85.7251     0.0874      7.727     2.4374     3.4834    106.194    108.856  0.000e+00
   56.45570 -132.47388    158.357     60.284     59.724     6.9107    31.9987  1025.3448    25.0677     6.9054     35.280    85.7251     0.0874      7.727     2.4343     3.4788    106.056    108.715  0.000e+00
   56.45570 -132.47388    158.332     60.284     59.724     6.9106    31.9985  1025.3446    25.0675     6.9054     35.287    85.7251     0.0874      7.727     2.4348     3.4795    106.077    108.737  0.000e+00
   56.45570 -132.47388    158.421     60.349     59.788     6.9103    31.9988  1025.3452    25.0678     6.9051     35.347    85.7251     0.0874      7.727     2.4389     3.4855    106.259    108.922  0.000e+00
   56.45570 -132.47388    158.389     60.341     59.780     6.9102    31.9990  1025.3453    25.0680     6.9049     35.302    85.7251     0.0874      7.727     2.4358     3.4810    106.122    108.782  0.000e+00
   56.45570 -132.47388    158.477     60.405     59.845     6.9101    31.9991  1025.3458    25.0681     6.9048     35.253    85.7251     0.0874      7.727     2.4324     3.4762    105.975    108.631  0.000e+00
   56.45570 -132.47388    158.477     60.405     59.845     6.9102    31.9990  1025.3456    25.0680     6.9049     35.256    85.7251     0.0874      7.727     2.4327     3.4765    105.986    108.643  0.000e+00
