EcoFOCI/data/1_SampleCollection/2022_GOA-OA_CruiseData/CTD_raw_BottleFile_RC0083/RC0083_133.ros
* Sea-Bird SBE 9 Data File:
* FileName = C:\Data\RC0083ctd\RC0083_133.hex
* Software Version Seasave V 7.26.7.107
* Temperature SN = 2060
* Conductivity SN = 2881
* Number of Bytes Per Scan = 31
* Number of Voltage Words = 4
* Number of Scans Averaged by the Deck Unit = 1
* NMEA Latitude = 57 55.97 N
* NMEA Longitude = 134 48.98 W
* NMEA UTC (Time) = Aug 24 2022  14:42:32
* NMEA baud rate = 4800
** Ship: R/V Rachel Carson
** Cruise ID: RC0083
** Tech: McHugh/Nomura
** Chief Scientist: Cross
** Station: MCS5B
** Cast:  CTD133
# nquan = 21
# nvalues = 441                                   
# units = specified
# name 0 = latitude: Latitude [deg]
# name 1 = longitude: Longitude [deg]
# name 2 = sfdSM: Seafloor depth [salt water, m]
# name 3 = prDM: Pressure, Digiquartz [db]
# name 4 = depSM: Depth [salt water, m]
# name 5 = t090C: Temperature [ITS-90, deg C]
# name 6 = sal00: Salinity, Practical [PSU]
# name 7 = density00: Density [density, kg/m^3]
# name 8 = sigma-é00: Density [sigma-theta, kg/m^3]
# name 9 = potemp090C: Potential Temperature [ITS-90, deg C]
# name 10 = sbeox0PS: Oxygen, SBE 43 [% saturation]
# name 11 = CStarTr0: Beam Transmission, WET Labs C-Star [%]
# name 12 = flECO-AFL: Fluorescence, WET Labs ECO-AFL/FL [mg/m^3]
# name 13 = ph: pH
# name 14 = sbeox0ML/L: Oxygen, SBE 43 [ml/l]
# name 15 = sbeox0Mg/L: Oxygen, SBE 43 [mg/l]
# name 16 = sbox0Mm/Kg: Oxygen, SBE 43 [umol/kg]
# name 17 = sbeox0Mm/L: Oxygen, SBE 43 [umol/l]
# name 18 = scan: Scan Count
# name 19 = nbf: Bottles Fired
# name 20 = flag:  0.000e+00
# interval = seconds: 0.0416667
# start_time = Aug 24 2022 14:42:32 [NMEA time, header]
# bad_flag = -9.990e-29
*END*
[from data line 276]
   57.93852 -134.81184    149.597     51.570     51.086     7.1419    31.0843  1024.5549    24.3178     7.1374     54.537   100.6046     0.0288      7.909     3.7655     5.3813    164.176    168.168      42859          6  0.000e+00
   57.93852 -134.81184    149.677     51.627     51.142     7.1422    31.0839  1024.5547    24.3174     7.1376     54.536   100.6046     0.0288      7.914     3.7655     5.3812    164.173    168.166      42860          6  0.000e+00
   57.93852 -134.81184    149.621     51.570     51.086     7.1422    31.0842  1024.5547    24.3176     7.1377     54.535   100.6605     0.0288      7.914     3.7653     5.3811    164.168    168.160      42861          6  0.000e+00
   57.93852 -134.81184    149.653     51.627     51.142     7.1421    31.0843  1024.5551    24.3177     7.1376     54.534   100.8004     0.0288      7.909     3.7653     5.3810    164.167    168.159      42862          6  0.000e+00
   57.93852 -134.81184    149.597     51.570     51.086     7.1419    31.0843  1024.5549    24.3178     7.1374     54.476   100.8563     0.0288      7.909     3.7613     5.3753    163.993    167.981      42863          6  0.000e+00
   57.93852 -134.81184    149.621     51.570     51.086     7.1421    31.0840  1024.5546    24.3174     7.1376     54.525   100.8843     0.0288      7.909     3.7647     5.3802    164.141    168.133      42864          6  0.000e+00
   57.93852 -134.81184    149.565     51.514     51.030     7.1421    31.0844  1024.5546    24.3178     7.1376     54.524   100.8563     0.0288      7.909     3.7646     5.3800    164.137    168.129      42865          6  0.000e+00
   57.93852 -134.81184    149.621     51.570     51.086     7.1421    31.0843  1024.5548    24.3177     7.1376     54.524   100.8563     0.0288      7.909     3.7646     5.3800    164.136    168.128      42866          6  0.000e+00
   57.93852 -134.81184    149.565     51.514     51.030     7.1422    31.0844  1024.5546    24.3178     7.1377     54.523   100.8563     0.0288      7.909     3.7645     5.3799    164.132    168.124      42867          6  0.000e+00
   57.93852 -134.81184    149.597     51.570     51.086     7.1422    31.0842  1024.5547    24.3176     7.1377     54.459   100.8563     0.0288      7.909     3.7601     5.3736    163.941    167.927      42868          6  0.000e+00
   57.93852 -134.81184    149.565     51.514     51.030     7.1422    31.0841  1024.5544    24.3175     7.1377     54.452   100.8563     0.0288      7.909     3.7596     5.3729    163.918    167.904      42869          6  0.000e+00
   57.93852 -134.81184    149.565     51.514     51.030     7.1427    31.0837  1024.5540    24.3172     7.1382     54.438   100.8563     0.0288      7.909     3.7587     5.3715    163.877    167.862      42870          6  0.000e+00
   57.93852 -134.81184    149.477     51.449     50.966     7.1427    31.0836  1024.5537    24.3171     7.1382     54.431   100.8563     0.0288      7.909     3.7582     5.3708    163.855    167.839      42871          6  0.000e+00
   57.93854 -134.81184    149.541     51.514     51.030     7.1432    31.0832  1024.5536    24.3167     7.1387     54.488   100.8563     0.0288      7.909     3.7621     5.3764    164.025    168.013      42872          6  0.000e+00
   57.93854 -134.81184    149.445     51.393     50.910     7.1433    31.0834  1024.5531    24.3169     7.1388     54.437   100.8563     0.0288      7.914     3.7585     5.3713    163.871    167.856      42873          6  0.000e+00
   57.93854 -134.81184    149.509     51.457     50.974     7.1437    31.0832  1024.5532    24.3166     7.1392     54.438   100.8563     0.0288      7.909     3.7586     5.3714    163.874    167.858      42874          6  0.000e+00
   57.93854 -134.81184    149.501     51.449     50.966     7.1439    31.0832  1024.5532    24.3166     7.1394     54.439   100.8563     0.0288      7.909     3.7587     5.3715    163.876    167.861      42875          6  0.000e+00
   57.93854 -134.81184    149.509     51.457     50.974     7.1442    31.0831  1024.5531    24.3165     7.1396     54.435   100.8563     0.0288      7.909     3.7583     5.3710    163.861    167.846      42876          6  0.000e+00
   57.93886 -134.81160    123.350     25.049     24.815     8.7854    30.1266  1023.4514    23.3370     8.7829     65.026    99.8215     0.7907      8.042     4.3522     6.2197    189.936    194.369      44884          7  0.000e+00
   57.93886 -134.81160    123.590     25.291     25.055     8.7866    30.1266  1023.4523    23.3368     8.7841     64.976    99.8215     0.8200      8.042     4.3488     6.2148    189.787    194.216      44885          7  0.000e+00
   57.93886 -134.81160    123.350     25.049     24.815     8.7877    30.1270  1023.4514    23.3370     8.7852     64.973    99.8215     0.8200      8.037     4.3484     6.2143    189.772    194.201      44886          7  0.000e+00
   57.93886 -134.81160    123.406     25.105     24.871     8.7900    30.1267  1023.4510    23.3364     8.7876     64.972    99.8215     0.7907      8.042     4.3481     6.2139    189.759    194.188      44887          7  0.000e+00
   57.93886 -134.81160    123.526     25.227     24.991     8.7918    30.1268  1023.4514    23.3362     8.7893     65.027    99.7935     0.7907      8.037     4.3517     6.2190    189.914    194.346      44888          7  0.000e+00
   57.93886 -134.81160    123.382     25.105     24.871     8.7943    30.1270  1023.4506    23.3360     8.7918     65.030    99.8215     0.7907      8.042     4.3516     6.2189    189.912    194.343      44889          7  0.000e+00
   57.93886 -134.81160    123.382     25.105     24.871     8.7966    30.1262  1023.4497    23.3350     8.7941     65.090    99.8215     0.7907      8.042     4.3554     6.2243    190.077    194.512      44890          7  0.000e+00
   57.93886 -134.81160    123.470     25.170     24.935     8.7972    30.1261  1023.4498    23.3348     8.7948     65.038    99.8215     0.7907      8.037     4.3519     6.2193    189.923    194.354      44891          7  0.000e+00
   57.93886 -134.81160    123.470     25.170     24.935     8.7955    30.1250  1023.4492    23.3343     8.7930     65.035    99.7935     0.7907      8.042     4.3519     6.2193    189.924    194.355      44892          7  0.000e+00
   57.93886 -134.81160    123.382     25.106     24.871     8.7916    30.1244  1023.4490    23.3344     8.7892     65.038    99.8215     0.7907      8.042     4.3525     6.2201    189.948    194.381      44893          7  0.000e+00
   57.93886 -134.81160    123.446     25.170     24.936     8.7874    30.1244  1023.4500    23.3350     8.7849     65.041    99.8215     0.7907      8.042     4.3531     6.2210    189.976    194.409      44894          7  0.000e+00
   57.93886 -134.81160    123.470     25.170     24.936     8.7836    30.1257  1023.4515    23.3366     8.7811     65.044    99.8215     0.7907      8.042     4.3536     6.2217    189.998    194.432      44895          7  0.000e+00
   57.93886 -134.81160    123.446     25.170     24.936     8.7822    30.1252  1023.4513    23.3363     8.7797     64.990    99.7935     0.7907      8.042     4.3502     6.2168    189.848    194.279      44896          7  0.000e+00
   57.93886 -134.81160    123.470     25.170     24.936     8.7800    30.1247  1023.4513    23.3363     8.7775     64.987    99.8215     0.7907      8.042     4.3502     6.2168    189.848    194.278      44897          7  0.000e+00
   57.93886 -134.81160    123.502     25.227     24.992     8.7778    30.1255  1023.4525    23.3373     8.7753     64.984    99.8215     0.7907      8.042     4.3501     6.2168    189.847    194.277      44898          7  0.000e+00
   57.93886 -134.81160    123.526     25.227     24.992     8.7776    30.1262  1023.4531    23.3378     8.7751     64.980    99.8215     0.7907      8.042     4.3499     6.2164    189.836    194.266      44899          7  0.000e+00
   57.93886 -134.81160    123.446     25.170     24.936     8.7788    30.1268  1023.4531    23.3381     8.7763     64.975    99.8215     0.7907      8.042     4.3495     6.2158    189.817    194.247      44900          7  0.000e+00
   57.93886 -134.81160    123.526     25.227     24.992     8.7799    30.1268  1023.4532    23.3379     8.7774     64.966    99.8215     0.8200      8.042     4.3487     6.2147    189.784    194.213      44901          7  0.000e+00
   57.93886 -134.81160    123.502     25.227     24.992     8.7822    30.1271  1023.4531    23.3378     8.7797     64.955    99.8215     0.7907      8.042     4.3478     6.2134    189.744    194.172      44902          7  0.000e+00
   57.93886 -134.81160    123.526     25.227     24.992     8.7851    30.1268  1023.4524    23.3372     8.7826     65.007    99.8215     0.7907      8.042     4.3509     6.2179    189.881    194.312      44903          7  0.000e+00
   57.93886 -134.81160    123.502     25.227     24.992     8.7866    30.1265  1023.4520    23.3368     8.7841     64.952    99.8215     0.7321      8.042     4.3471     6.2125    189.715    194.142      44904          7  0.000e+00
   57.93886 -134.81160    123.591     25.292     25.056     8.7866    30.1263  1023.4521    23.3366     8.7841     65.004    99.8215     0.7028      8.042     4.3506     6.2174    189.867    194.298      44905          7  0.000e+00
   57.93886 -134.81160    123.591     25.292     25.056     8.7869    30.1255  1023.4514    23.3359     8.7844     64.949    99.8215     0.7028      8.042     4.3469     6.2122    189.706    194.133      44906          7  0.000e+00
   57.93886 -134.81160    123.591     25.292     25.056     8.7867    30.1258  1023.4517    23.3362     8.7842     64.944    99.8215     0.7028      8.042     4.3466     6.2117    189.692    194.119      44907          7  0.000e+00
   57.93886 -134.81160    123.566     25.292     25.056     8.7867    30.1258  1023.4517    23.3361     8.7842     64.939    99.8215     0.7028      8.042     4.3463     6.2113    189.679    194.105      44908          7  0.000e+00
   57.93886 -134.81160    123.566     25.292     25.056     8.7858    30.1260  1023.4520    23.3365     8.7833     64.990    99.8215     0.7028      8.042     4.3498     6.2163    189.831    194.262      44909          7  0.000e+00
   57.93886 -134.81160    123.647     25.348     25.112     8.7848    30.1260  1023.4524    23.3366     8.7823     64.992    99.8215     0.7028      8.042     4.3500     6.2165    189.840    194.270      44910          7  0.000e+00
   57.93886 -134.81160    123.566     25.292     25.056     8.7842    30.1258  1023.4521    23.3366     8.7817     64.992    99.8215     0.7028      8.042     4.3500     6.2166    189.843    194.273      44911          7  0.000e+00
   57.93886 -134.81160    123.647     25.348     25.112     8.7831    30.1252  1023.4520    23.3362     8.7806     64.992    99.8215     0.7028      8.042     4.3502     6.2169    189.850    194.281      44912          7  0.000e+00
   57.93886 -134.81160    123.647     25.348     25.112     8.7817    30.1251  1023.4521    23.3363     8.7792     64.937    99.8215     0.7028      8.042     4.3466     6.2118    189.694    194.121      44913          7  0.000e+00
   57.93886 -134.81160    123.622     25.348     25.112     8.7802    30.1246  1023.4520    23.3362     8.7777     64.937    99.8215     0.7028      8.042     4.3468     6.2120    189.702    194.129      44914          7  0.000e+00
   57.93886 -134.81160    123.678     25.405     25.168     8.7789    30.1248  1023.4526    23.3365     8.7764     64.988    99.8215     0.7028      8.042     4.3504     6.2171    189.856    194.287      44915          7  0.000e+00
   57.93886 -134.81160    123.622     25.348     25.112     8.7773    30.1252  1023.4528    23.3371     8.7748     64.988    99.8215     0.7028      8.042     4.3505     6.2173    189.862    194.293      44916          7  0.000e+00
   57.93886 -134.81160    123.703     25.405     25.168     8.7749    30.1248  1023.4531    23.3371     8.7724     64.994    99.8215     0.7028      8.042     4.3512     6.2182    189.891    194.323      44917          7  0.000e+00
   57.93886 -134.81160    123.647     25.348     25.112     8.7734    30.1247  1023.4530    23.3372     8.7709     65.000    99.8215     0.7028      8.042     4.3517     6.2190    189.914    194.346      44918          7  0.000e+00
   57.93886 -134.81160    123.703     25.405     25.168     8.7733    30.1246  1023.4532    23.3372     8.7708     65.000    99.8215     0.7028      8.042     4.3517     6.2190    189.915    194.347      44919          7  0.000e+00
   57.93886 -134.81160    123.678     25.405     25.168     8.7716    30.1248  1023.4537    23.3376     8.7691     65.000    99.8215     0.7028      8.042     4.3518     6.2192    189.921    194.353      44920          7  0.000e+00
   57.93886 -134.81160    123.703     25.405     25.168     8.7696    30.1251  1023.4542    23.3381     8.7671     64.999    99.8215     0.7028      8.042     4.3520     6.2195    189.928    194.361      44921          7  0.000e+00
   57.93886 -134.81160    123.703     25.405     25.168     8.7680    30.1250  1023.4544    23.3383     8.7655     64.999    99.8215     0.7028      8.042     4.3521     6.2196    189.932    194.365      44922          7  0.000e+00
   57.93886 -134.81160    123.678     25.405     25.168     8.7661    30.1253  1023.4548    23.3388     8.7636     64.998    99.7935     0.7028      8.042     4.3522     6.2198    189.937    194.370      44923          7  0.000e+00
   57.93886 -134.81160    123.679     25.405     25.168     8.7651    30.1250  1023.4548    23.3387     8.7626     64.996    99.7655     0.6442      8.042     4.3522     6.2198    189.938    194.371      44924          7  0.000e+00
   57.93886 -134.81160    123.743     25.470     25.232     8.7649    30.1249  1023.4550    23.3387     8.7624     65.051    99.7655     0.6149      8.042     4.3559     6.2250    190.099    194.535      44925          7  0.000e+00
   57.93886 -134.81160    123.703     25.405     25.168     8.7650    30.1246  1023.4545    23.3385     8.7625     65.054    99.7655     0.6149      8.042     4.3561     6.2253    190.108    194.545      44926          7  0.000e+00
   57.93886 -134.81160    123.679     25.405     25.168     8.7643    30.1249  1023.4548    23.3388     8.7618     65.057    99.7376     0.6149      8.042     4.3564     6.2257    190.120    194.557      44927          7  0.000e+00
   57.93886 -134.81160    123.767     25.470     25.232     8.7643    30.1248  1023.4551    23.3387     8.7618     65.066    99.7655     0.6149      8.042     4.3570     6.2266    190.147    194.585      44928          7  0.000e+00
   57.93886 -134.81160    123.679     25.405     25.168     8.7638    30.1245  1023.4546    23.3386     8.7613     65.019    99.7376     0.6149      8.042     4.3539     6.2221    190.009    194.444      44929          7  0.000e+00
   57.93886 -134.81160    123.679     25.405     25.168     8.7643    30.1251  1023.4549    23.3389     8.7618     65.021    99.7655     0.6149      8.042     4.3540     6.2223    190.014    194.449      44930          7  0.000e+00
   57.93886 -134.81160    123.679     25.405     25.168     8.7653    30.1258  1023.4554    23.3393     8.7628     65.024    99.7376     0.6149      8.042     4.3540     6.2224    190.017    194.451      44931          7  0.000e+00
   57.93886 -134.81160    123.599     25.324     25.088     8.7665    30.1256  1023.4547    23.3390     8.7640     65.026    99.7655     0.6149      8.042     4.3541     6.2224    190.017    194.452      44932          7  0.000e+00
   57.93954 -134.81126    108.718     10.279     10.183    12.5751    28.2561  1021.3003    21.2541    12.5738    103.091    79.5160     5.3621      8.386     6.4306     9.1900    281.215    287.192      49182          8  0.000e+00
