EcoFOCI/data/1_SampleCollection/2022_GOA-OA_CruiseData/CTD_raw_BottleFile_RC0083/RC0083_019.ros
* Sea-Bird SBE 9 Data File:
* FileName = C:\Data\RC0083ctd\RC0083_019.hex
* Software Version Seasave V 7.26.7.107
* Temperature SN = 2060
* Conductivity SN = 1084
* Number of Bytes Per Scan = 31
* Number of Voltage Words = 4
* Number of Scans Averaged by the Deck Unit = 1
* NMEA Latitude = 56 11.01 N
* NMEA Longitude = 134 33.53 W
* NMEA UTC (Time) = Aug 13 2022  18:13:01
* NMEA baud rate = 4800
** Ship: R/V Rachel Carson
** Cruise ID: RC0083 RC0083
** Tech: McHugh/Nomura
** Chief Scientist: Cross Cross
** Station: CS4
** Cast:  019
# nquan = 21
# nvalues = 392                                   
# units = specified
# name 0 = latitude: Latitude [deg]
# name 1 = longitude: Longitude [deg]
# name 2 = sfdSM: Seafloor depth [salt water, m]
# name 3 = prDM: Pressure, Digiquartz [db]
# name 4 = depSM: Depth [salt water, m]
# name 5 = t090C: Temperature [ITS-90, deg C]
# name 6 = sal00: Salinity, Practical [PSU]
# name 7 = density00: Density [density, kg/m^3]
# name 8 = sigma-é00: Density [sigma-theta, kg/m^3]
# name 9 = potemp090C: Potential Temperature [ITS-90, deg C]
# name 10 = sbeox0PS: Oxygen, SBE 43 [% saturation]
# name 11 = CStarTr0: Beam Transmission, WET Labs C-Star [%]
# name 12 = flECO-AFL: Fluorescence, WET Labs ECO-AFL/FL [mg/m^3]
# name 13 = ph: pH
# name 14 = sbeox0ML/L: Oxygen, SBE 43 [ml/l]
# name 15 = sbeox0Mg/L: Oxygen, SBE 43 [mg/l]
# name 16 = sbox0Mm/Kg: Oxygen, SBE 43 [umol/kg]
# name 17 = sbeox0Mm/L: Oxygen, SBE 43 [umol/l]
# name 18 = scan: Scan Count
# name 19 = nbf: Bottles Fired
# name 20 = flag:  0.000e+00
# interval = seconds: 0.0416667
# start_time = Aug 13 2022 18:13:01 [NMEA time, header]
# bad_flag = -9.990e-29
*END*
[from data line 69]
   56.18582 -134.56384    300.298    203.621    201.665     5.6462    33.4590  1027.3187    26.3803     5.6298     31.601   105.5831    -0.0591      7.755     2.2241     3.1784     96.774     99.327      33386          2  0.000e+00
   56.18582 -134.56384    300.225    203.548    201.593     5.6464    33.4589  1027.3182    26.3801     5.6299     31.604   105.5831    -0.0591      7.755     2.2243     3.1787     96.783     99.337      33387          2  0.000e+00
   56.18582 -134.56384    300.233    203.556    201.601     5.6462    33.4594  1027.3187    26.3806     5.6298     31.608   105.5831    -0.0591      7.755     2.2245     3.1791     96.794     99.348      33388          2  0.000e+00
   56.18582 -134.56384    300.281    203.604    201.649     5.6462    33.4590  1027.3186    26.3803     5.6298     31.611   105.5831    -0.0591      7.755     2.2248     3.1795     96.806     99.359      33389          2  0.000e+00
   56.18582 -134.56384    300.233    203.556    201.601     5.6464    33.4590  1027.3184    26.3802     5.6299     31.615   105.5831    -0.0591      7.755     2.2250     3.1798     96.815     99.369      33390          2  0.000e+00
   56.18582 -134.56384    300.233    203.556    201.601     5.6462    33.4590  1027.3184    26.3802     5.6298     31.618   105.5831    -0.0591      7.755     2.2253     3.1801     96.826     99.381      33391          2  0.000e+00
   56.18582 -134.56384    300.225    203.548    201.593     5.6462    33.4590  1027.3184    26.3803     5.6298     31.563   105.5831    -0.0591      7.755     2.2214     3.1747     96.659     99.209      33392          2  0.000e+00
   56.18582 -134.56384    300.233    203.556    201.601     5.6462    33.4591  1027.3185    26.3804     5.6298     31.550   105.5831    -0.0591      7.755     2.2205     3.1733     96.619     99.168      33393          2  0.000e+00
   56.18582 -134.56384    300.281    203.604    201.649     5.6462    33.4592  1027.3187    26.3804     5.6298     31.546   105.5831    -0.0591      7.755     2.2202     3.1729     96.606     99.154      33394          2  0.000e+00
   56.18582 -134.56384    300.233    203.556    201.601     5.6464    33.4593  1027.3186    26.3805     5.6299     31.542   105.5831    -0.0591      7.755     2.2199     3.1724     96.592     99.140      33395          2  0.000e+00
   56.18582 -134.56384    300.225    203.548    201.593     5.6464    33.4593  1027.3186    26.3805     5.6299     31.538   105.5831    -0.0591      7.755     2.2196     3.1720     96.580     99.128      33396          2  0.000e+00
   56.18582 -134.56384    300.298    203.621    201.665     5.6462    33.4591  1027.3188    26.3804     5.6298     31.535   105.5831    -0.0591      7.755     2.2194     3.1717     96.571     99.118      33397          2  0.000e+00
   56.18582 -134.56384    300.281    203.604    201.649     5.6464    33.4588  1027.3184    26.3801     5.6299     31.531   105.6110    -0.0591      7.755     2.2192     3.1714     96.561     99.108      33398          2  0.000e+00
   56.18582 -134.56384    300.298    203.621    201.665     5.6462    33.4593  1027.3189    26.3805     5.6298     31.529   105.5831    -0.0591      7.755     2.2190     3.1711     96.553     99.100      33399          2  0.000e+00
   56.18582 -134.56384    300.233    203.556    201.601     5.6466    33.4589  1027.3183    26.3801     5.6302     31.526   105.5831    -0.0591      7.755     2.2188     3.1709     96.544     99.091      33400          2  0.000e+00
   56.18582 -134.56384    300.338    203.661    201.705     5.6462    33.4591  1027.3190    26.3804     5.6298     31.524   105.5831    -0.0591      7.755     2.2187     3.1707     96.539     99.086      33401          2  0.000e+00
   56.18582 -134.56384    300.298    203.621    201.665     5.6462    33.4591  1027.3188    26.3804     5.6298     31.522   105.5831    -0.0591      7.755     2.2185     3.1705     96.534     99.080      33402          2  0.000e+00
   56.18582 -134.56384    300.338    203.661    201.705     5.6462    33.4590  1027.3189    26.3803     5.6298     31.521   105.5831    -0.0591      7.755     2.2185     3.1704     96.530     99.076      33403          2  0.000e+00
   56.18582 -134.56384    300.354    203.677    201.721     5.6464    33.4589  1027.3189    26.3802     5.6299     31.520   105.5831    -0.0591      7.755     2.2184     3.1703     96.527     99.073      33404          2  0.000e+00
   56.18582 -134.56384    300.338    203.661    201.705     5.6462    33.4593  1027.3192    26.3805     5.6298     31.577   105.5831    -0.0591      7.755     2.2224     3.1761     96.702     99.253      33405          2  0.000e+00
   56.18582 -134.56384    300.410    203.734    201.777     5.6464    33.4590  1027.3192    26.3803     5.6299     31.527   105.5831    -0.0591      7.755     2.2189     3.1710     96.549     99.096      33406          2  0.000e+00
   56.18582 -134.56384    300.338    203.661    201.705     5.6461    33.4593  1027.3191    26.3805     5.6296     31.527   105.5831    -0.0591      7.755     2.2189     3.1710     96.547     99.094      33407          2  0.000e+00
   56.18582 -134.56384    300.410    203.734    201.777     5.6464    33.4588  1027.3191    26.3801     5.6299     31.527   105.5551    -0.0591      7.755     2.2189     3.1710     96.548     99.095      33408          2  0.000e+00
   56.18582 -134.56384    300.474    203.799    201.842     5.6461    33.4594  1027.3198    26.3806     5.6296     31.528   105.5271    -0.0591      7.755     2.2189     3.1711     96.550     99.097      33409          2  0.000e+00
   56.18582 -134.56384    300.402    203.726    201.769     5.6464    33.4590  1027.3192    26.3803     5.6299     31.528   105.5271    -0.0591      7.755     2.2189     3.1711     96.551     99.098      33410          2  0.000e+00
   56.18582 -134.56384    300.474    203.799    201.842     5.6464    33.4587  1027.3193    26.3800     5.6299     31.529   105.5271    -0.0591      7.755     2.2190     3.1712     96.555     99.102      33411          2  0.000e+00
   56.18582 -134.56384    300.458    203.783    201.825     5.6462    33.4590  1027.3194    26.3803     5.6298     31.522   105.5271    -0.0591      7.755     2.2185     3.1705     96.533     99.079      33412          2  0.000e+00
   56.18582 -134.56384    300.530    203.856    201.898     5.6462    33.4589  1027.3197    26.3802     5.6298     31.524   105.5271    -0.0591      7.755     2.2186     3.1707     96.538     99.085      33413          2  0.000e+00
   56.18582 -134.56384    300.522    203.847    201.890     5.6462    33.4588  1027.3196    26.3801     5.6298     31.525   105.5271    -0.0591      7.755     2.2188     3.1708     96.543     99.090      33414          2  0.000e+00
   56.18618 -134.56400    248.873    151.678    150.241     5.9280    33.1652  1026.8120    26.1133     5.9155     36.663   105.2754    -0.0298      7.792     2.5683     3.6704    111.782    114.701      36560          3  0.000e+00
   56.18618 -134.56400    248.985    151.792    150.353     5.9280    33.1652  1026.8126    26.1133     5.9155     36.715   105.3034    -0.0298      7.792     2.5720     3.6756    111.941    114.864      36561          3  0.000e+00
   56.18618 -134.56400    248.937    151.743    150.305     5.9279    33.1652  1026.8124    26.1134     5.9154     36.668   105.3034    -0.0298      7.792     2.5687     3.6709    111.798    114.717      36562          3  0.000e+00
   56.18618 -134.56400    248.929    151.735    150.297     5.9282    33.1650  1026.8121    26.1132     5.9157     36.671   105.3034    -0.0298      7.792     2.5688     3.6711    111.805    114.725      36563          3  0.000e+00
   56.18618 -134.56400    248.985    151.792    150.353     5.9279    33.1652  1026.8126    26.1134     5.9154     36.666   105.3034    -0.0298      7.792     2.5685     3.6707    111.790    114.710      36564          3  0.000e+00
   56.18618 -134.56400    248.937    151.743    150.305     5.9277    33.1657  1026.8128    26.1138     5.9152     36.660   105.3034    -0.0298      7.792     2.5681     3.6701    111.773    114.692      36565          3  0.000e+00
   56.18618 -134.56400    248.929    151.735    150.297     5.9277    33.1652  1026.8124    26.1134     5.9152     36.654   105.3034    -0.0298      7.792     2.5677     3.6696    111.757    114.676      36566          3  0.000e+00
   56.18618 -134.56400    248.937    151.743    150.305     5.9276    33.1658  1026.8129    26.1139     5.9151     36.649   105.3034    -0.0298      7.792     2.5674     3.6690    111.741    114.659      36567          3  0.000e+00
   56.18618 -134.56400    248.929    151.735    150.297     5.9276    33.1658  1026.8128    26.1139     5.9151     36.644   105.3034    -0.0298      7.792     2.5670     3.6685    111.724    114.642      36568          3  0.000e+00
   56.18618 -134.56400    248.937    151.743    150.305     5.9277    33.1656  1026.8127    26.1137     5.9152     36.647   105.3034    -0.0298      7.792     2.5672     3.6688    111.733    114.651      36569          3  0.000e+00
   56.18618 -134.56400    248.929    151.735    150.297     5.9277    33.1652  1026.8123    26.1133     5.9152     36.650   105.3034    -0.0298      7.792     2.5674     3.6691    111.744    114.662      36570          3  0.000e+00
   56.18618 -134.56400    248.937    151.743    150.305     5.9276    33.1656  1026.8127    26.1137     5.9151     36.645   105.3034    -0.0298      7.792     2.5671     3.6687    111.730    114.647      36571          3  0.000e+00
   56.18618 -134.56400    248.865    151.670    150.233     5.9277    33.1656  1026.8124    26.1137     5.9152     36.698   105.3034    -0.0298      7.792     2.5708     3.6739    111.889    114.810      36572          3  0.000e+00
   56.18618 -134.56400    248.937    151.743    150.305     5.9274    33.1657  1026.8128    26.1138     5.9150     36.701   105.3034    -0.0298      7.792     2.5710     3.6742    111.900    114.822      36573          3  0.000e+00
   56.18618 -134.56400    248.929    151.735    150.297     5.9274    33.1656  1026.8127    26.1137     5.9150     36.646   105.3034    -0.0298      7.792     2.5672     3.6688    111.733    114.651      36574          3  0.000e+00
   56.18618 -134.56400    248.993    151.800    150.361     5.9274    33.1658  1026.8131    26.1139     5.9149     36.650   105.3034    -0.0298      7.792     2.5674     3.6691    111.743    114.661      36575          3  0.000e+00
   56.18618 -134.56400    248.865    151.670    150.233     5.9276    33.1658  1026.8125    26.1138     5.9151     36.653   105.3034    -0.0298      7.792     2.5676     3.6694    111.751    114.669      36576          3  0.000e+00
   56.18618 -134.56400    248.937    151.743    150.305     5.9274    33.1654  1026.8126    26.1136     5.9150     36.648   105.3034    -0.0298      7.797     2.5673     3.6690    111.738    114.656      36577          3  0.000e+00
   56.18618 -134.56400    248.929    151.735    150.297     5.9272    33.1657  1026.8128    26.1138     5.9147     36.586   105.3034    -0.0298      7.792     2.5630     3.6628    111.550    114.463      36578          3  0.000e+00
   56.18618 -134.56400    248.937    151.743    150.305     5.9274    33.1656  1026.8127    26.1137     5.9150     36.574   105.3034    -0.0298      7.792     2.5621     3.6615    111.511    114.423      36579          3  0.000e+00
   56.18618 -134.56400    248.865    151.670    150.233     5.9272    33.1658  1026.8126    26.1139     5.9147     36.619   105.3034    -0.0298      7.797     2.5652     3.6660    111.648    114.564      36580          3  0.000e+00
   56.18618 -134.56400    248.937    151.743    150.305     5.9276    33.1657  1026.8128    26.1137     5.9151     36.623   105.2754    -0.0298      7.792     2.5656     3.6664    111.662    114.578      36581          3  0.000e+00
   56.18618 -134.56400    248.929    151.735    150.297     5.9276    33.1660  1026.8130    26.1140     5.9151     36.628   105.2754    -0.0298      7.792     2.5659     3.6669    111.676    114.592      36582          3  0.000e+00
   56.18618 -134.56400    248.817    151.622    150.185     5.9272    33.1656  1026.8122    26.1137     5.9147     36.624   105.2754    -0.0298      7.792     2.5656     3.6666    111.665    114.581      36583          3  0.000e+00
   56.18618 -134.56400    248.929    151.735    150.297     5.9274    33.1657  1026.8127    26.1138     5.9150     36.630   105.2754    -0.0298      7.792     2.5660     3.6671    111.682    114.598      36584          3  0.000e+00
   56.18618 -134.56400    248.873    151.679    150.241     5.9271    33.1660  1026.8128    26.1141     5.9146     36.635   105.2754    -0.0298      7.792     2.5664     3.6676    111.698    114.615      36585          3  0.000e+00
   56.18618 -134.56400    248.809    151.614    150.177     5.9272    33.1659  1026.8124    26.1139     5.9147     36.632   105.2474    -0.0298      7.792     2.5662     3.6673    111.689    114.605      36586          3  0.000e+00
   56.18618 -134.56400    248.993    151.800    150.361     5.9276    33.1652  1026.8127    26.1134     5.9151     36.630   105.2754    -0.0298      7.792     2.5660     3.6671    111.683    114.599      36587          3  0.000e+00
   56.18618 -134.56400    248.865    151.671    150.233     5.9276    33.1654  1026.8122    26.1135     5.9151     36.627   105.2754    -0.0298      7.792     2.5658     3.6668    111.672    114.588      36588          3  0.000e+00
   56.18618 -134.56400    248.873    151.679    150.241     5.9277    33.1656  1026.8124    26.1136     5.9152     36.624   105.2754    -0.0298      7.792     2.5656     3.6665    111.664    114.580      36589          3  0.000e+00
   56.18618 -134.56400    248.865    151.671    150.233     5.9282    33.1653  1026.8121    26.1134     5.9158     36.621   105.2754    -0.0298      7.792     2.5654     3.6662    111.654    114.570      36590          3  0.000e+00
   56.18618 -134.56400    248.873    151.679    150.241     5.9285    33.1651  1026.8119    26.1132     5.9160     36.618   105.2754    -0.0298      7.792     2.5652     3.6659    111.645    114.561      36591          3  0.000e+00
   56.18618 -134.56400    248.809    151.614    150.177     5.9286    33.1650  1026.8115    26.1131     5.9162     36.624   105.2474    -0.0298      7.792     2.5655     3.6664    111.662    114.577      36592          3  0.000e+00
   56.18618 -134.56400    248.873    151.679    150.241     5.9290    33.1648  1026.8116    26.1129     5.9165     36.630   105.2754    -0.0298      7.792     2.5660     3.6670    111.680    114.596      36593          3  0.000e+00
   56.18618 -134.56400    248.865    151.671    150.233     5.9292    33.1650  1026.8117    26.1130     5.9167     36.628   105.2754    -0.0298      7.792     2.5658     3.6668    111.673    114.589      36594          3  0.000e+00
   56.18618 -134.56400    248.817    151.622    150.185     5.9292    33.1649  1026.8114    26.1129     5.9167     36.634   105.2754    -0.0298      7.792     2.5662     3.6674    111.692    114.609      36595          3  0.000e+00
   56.18618 -134.56400    248.865    151.671    150.233     5.9294    33.1647  1026.8114    26.1128     5.9170     36.584   105.2754    -0.0298      7.792     2.5627     3.6624    111.538    114.450      36596          3  0.000e+00
   56.18618 -134.56400    248.873    151.679    150.241     5.9297    33.1646  1026.8113    26.1126     5.9172     36.632   105.2754    -0.0298      7.792     2.5661     3.6672    111.685    114.601      36597          3  0.000e+00
   56.18618 -134.56400    248.809    151.614    150.177     5.9299    33.1643  1026.8108    26.1124     5.9175     36.631   105.2754    -0.0298      7.797     2.5660     3.6670    111.680    114.596      36598          3  0.000e+00
