EcoFOCI/data/1_SampleCollection/2022_GOA-OA_CruiseData/CTD_raw_BottleFile_RC0083/RC0083_014.ros
* Sea-Bird SBE 9 Data File:
* FileName = C:\Data\RC0083ctd\RC0083_014.hex
* Software Version Seasave V 7.26.7.107
* Temperature SN = 2060
* Conductivity SN = 1084
* Number of Bytes Per Scan = 31
* Number of Voltage Words = 4
* Number of Scans Averaged by the Deck Unit = 1
* NMEA Latitude = 55 45.82 N
* NMEA Longitude = 134 25.01 W
* NMEA UTC (Time) = Aug 13 2022  07:08:13
* NMEA baud rate = 4800
** Ship: R/V Rachel Carson
** Cruise ID: RC0083 RC0083
** Tech: McHugh/Nomura
** Chief Scientist: Cross Cross
** Station: POW3
** Cast:  014
# nquan = 21
# nvalues = 245                                   
# units = specified
# name 0 = latitude: Latitude [deg]
# name 1 = longitude: Longitude [deg]
# name 2 = sfdSM: Seafloor depth [salt water, m]
# name 3 = prDM: Pressure, Digiquartz [db]
# name 4 = depSM: Depth [salt water, m]
# name 5 = t090C: Temperature [ITS-90, deg C]
# name 6 = sal00: Salinity, Practical [PSU]
# name 7 = density00: Density [density, kg/m^3]
# name 8 = sigma-é00: Density [sigma-theta, kg/m^3]
# name 9 = potemp090C: Potential Temperature [ITS-90, deg C]
# name 10 = sbeox0PS: Oxygen, SBE 43 [% saturation]
# name 11 = CStarTr0: Beam Transmission, WET Labs C-Star [%]
# name 12 = flECO-AFL: Fluorescence, WET Labs ECO-AFL/FL [mg/m^3]
# name 13 = ph: pH
# name 14 = sbeox0ML/L: Oxygen, SBE 43 [ml/l]
# name 15 = sbeox0Mg/L: Oxygen, SBE 43 [mg/l]
# name 16 = sbox0Mm/Kg: Oxygen, SBE 43 [umol/kg]
# name 17 = sbeox0Mm/L: Oxygen, SBE 43 [umol/l]
# name 18 = scan: Scan Count
# name 19 = nbf: Bottles Fired
# name 20 = flag:  0.000e+00
# interval = seconds: 0.0416667
# start_time = Aug 13 2022 07:08:13 [NMEA time, header]
# bad_flag = -9.990e-29
*END*
[from data line 69]
   55.76496 -134.41762    126.237     51.202     50.731     7.4394    32.4631  1025.5963    25.3618     7.4347     56.314   102.7582     0.2046      7.898     3.8270     5.4692    166.687    170.915      10103          2  0.000e+00
   55.76496 -134.41762    126.165     51.153     50.683     7.4397    32.4629  1025.5959    25.3616     7.4350     56.311   102.7862     0.2046      7.898     3.8268     5.4688    166.676    170.903      10104          2  0.000e+00
   55.76496 -134.41762    126.157     51.145     50.675     7.4404    32.4624  1025.5954    25.3611     7.4357     56.308   102.7862     0.2046      7.898     3.8265     5.4685    166.665    170.892      10105          2  0.000e+00
   55.76496 -134.41762    126.189     51.153     50.683     7.4413    32.4615  1025.5945    25.3603     7.4366     56.306   102.7862     0.2046      7.898     3.8263     5.4682    166.656    170.883      10106          2  0.000e+00
   55.76496 -134.41762    126.157     51.145     50.675     7.4420    32.4615  1025.5945    25.3602     7.4373     56.304   102.8141     0.2046      7.898     3.8261     5.4679    166.649    170.875      10107          2  0.000e+00
   55.76496 -134.41762    126.125     51.089     50.618     7.4428    32.4608  1025.5936    25.3596     7.4381     56.302   102.8141     0.1753      7.898     3.8260     5.4677    166.642    170.868      10108          2  0.000e+00
   55.76496 -134.41762    126.223     51.089     50.618     7.4433    32.4601  1025.5929    25.3589     7.4386     56.302   102.7862     0.1753      7.898     3.8259     5.4677    166.641    170.867      10109          2  0.000e+00
   55.76496 -134.41762    126.240     51.032     50.562     7.4441    32.4598  1025.5923    25.3586     7.4394     56.302   102.7862     0.1753      7.898     3.8259     5.4675    166.637    170.863      10110          2  0.000e+00
   55.76496 -134.41762    126.296     51.089     50.618     7.4445    32.4596  1025.5924    25.3584     7.4398     56.303   102.7862     0.1753      7.898     3.8259     5.4676    166.640    170.865      10111          2  0.000e+00
   55.76496 -134.41762    126.240     51.032     50.562     7.4461    32.4583  1025.5909    25.3571     7.4414     56.304   102.7862     0.1753      7.898     3.8259     5.4676    166.638    170.864      10112          2  0.000e+00
   55.76496 -134.41762    126.176     50.967     50.498     7.4480    32.4573  1025.5895    25.3561     7.4433     56.306   102.7862     0.1753      7.898     3.8258     5.4675    166.636    170.862      10113          2  0.000e+00
   55.76496 -134.41762    126.240     51.032     50.562     7.4500    32.4557  1025.5882    25.3545     7.4453     56.309   102.7862     0.1753      7.898     3.8259     5.4676    166.639    170.864      10114          2  0.000e+00
   55.76496 -134.41762    126.232     51.024     50.554     7.4535    32.4535  1025.5860    25.3523     7.4488     56.304   102.7862     0.1753      7.898     3.8253     5.4668    166.615    170.839      10115          2  0.000e+00
   55.76496 -134.41762    126.176     50.967     50.498     7.4572    32.4511  1025.5833    25.3499     7.4525     56.307   102.7862     0.1753      7.898     3.8253     5.4667    166.612    170.836      10116          2  0.000e+00
   55.76496 -134.41762    126.120     50.911     50.442     7.4597    32.4485  1025.5807    25.3475     7.4550     56.303   102.7862     0.1753      7.898     3.8248     5.4661    166.594    170.817      10117          2  0.000e+00
   55.76496 -134.41762    126.176     50.967     50.498     7.4612    32.4475  1025.5800    25.3466     7.4565     56.300   102.7862     0.1753      7.903     3.8245     5.4656    166.581    170.804      10118          2  0.000e+00
   55.76496 -134.41762    126.176     50.967     50.498     7.4624    32.4468  1025.5793    25.3458     7.4577     56.305   102.7862     0.1753      7.898     3.8248     5.4660    166.592    170.814      10119          2  0.000e+00
   55.76496 -134.41762    126.176     50.967     50.498     7.4630    32.4462  1025.5787    25.3452     7.4583     56.310   102.7862     0.1753      7.898     3.8251     5.4664    166.606    170.829      10120          2  0.000e+00
   55.76496 -134.41762    126.120     50.911     50.442     7.4637    32.4457  1025.5779    25.3448     7.4590     56.315   102.7862     0.1753      7.903     3.8254     5.4669    166.620    170.843      10121          2  0.000e+00
   55.76496 -134.41762    126.120     50.911     50.442     7.4636    32.4458  1025.5781    25.3449     7.4589     56.322   102.7862     0.1753      7.898     3.8259     5.4676    166.640    170.864      10122          2  0.000e+00
   55.76496 -134.41762    126.225     50.967     50.498     7.4639    32.4453  1025.5779    25.3444     7.4592     56.330   102.7862     0.1753      7.898     3.8264     5.4683    166.662    170.886      10123          2  0.000e+00
   55.76496 -134.41762    126.218     50.911     50.442     7.4634    32.4459  1025.5781    25.3449     7.4588     56.337   102.8141     0.1753      7.903     3.8269     5.4691    166.686    170.910      10124          2  0.000e+00
   55.76496 -134.41762    126.242     50.911     50.442     7.4621    32.4469  1025.5791    25.3459     7.4574     56.346   102.8421     0.1753      7.903     3.8276     5.4700    166.715    170.940      10125          2  0.000e+00
   55.76496 -134.41762    126.242     50.911     50.442     7.4605    32.4480  1025.5802    25.3470     7.4558     56.355   102.8421     0.1753      7.903     3.8283     5.4711    166.747    170.974      10126          2  0.000e+00
   55.76496 -134.41762    126.298     50.967     50.498     7.4589    32.4492  1025.5816    25.3482     7.4542     56.358   102.8421     0.1753      7.898     3.8286     5.4715    166.760    170.987      10127          2  0.000e+00
   55.76496 -134.41762    126.242     50.911     50.442     7.4570    32.4509  1025.5830    25.3498     7.4523     56.368   102.8421     0.1753      7.898     3.8294     5.4726    166.794    171.022      10128          2  0.000e+00
   55.76496 -134.41762    126.322     50.967     50.498     7.4558    32.4518  1025.5841    25.3507     7.4511     56.379   102.8421     0.2046      7.898     3.8303     5.4738    166.830    171.059      10129          2  0.000e+00
   55.76496 -134.41762    126.266     50.911     50.442     7.4542    32.4532  1025.5851    25.3520     7.4495     56.382   102.8421     0.2046      7.903     3.8306     5.4743    166.845    171.074      10130          2  0.000e+00
   55.76496 -134.41762    126.322     50.967     50.498     7.4524    32.4543  1025.5865    25.3531     7.4477     56.387   102.8421     0.2046      7.898     3.8310     5.4749    166.864    171.094      10131          2  0.000e+00
   55.76526 -134.41770     71.239     25.662     25.427     9.5137    31.1343  1024.1300    24.0134     9.5110     84.233    90.0883     4.9812      8.087     5.5112     7.8760    240.356    246.128      11941          3  0.000e+00
   55.76526 -134.41770     71.183     25.605     25.371     9.5139    31.1337  1024.1293    24.0129     9.5112     84.234    90.1442     4.9812      8.087     5.5112     7.8761    240.359    246.131      11942          3  0.000e+00
   55.76526 -134.41770     85.964     25.662     25.427     9.5139    31.1339  1024.1297    24.0131     9.5112     84.236    90.3679     4.9812      8.087     5.5113     7.8762    240.364    246.135      11943          3  0.000e+00
   55.76526 -134.41770    116.318     25.662     25.427     9.5137    31.1344  1024.1301    24.0135     9.5110     84.236    90.4518     4.9812      8.087     5.5114     7.8763    240.365    246.137      11944          3  0.000e+00
   55.76526 -134.41770    125.483     25.718     25.483     9.5137    31.1340  1024.1300    24.0132     9.5110     84.237    90.4518     4.9812      8.087     5.5114     7.8764    240.368    246.140      11945          3  0.000e+00
   55.76526 -134.41770    125.483     25.718     25.483     9.5139    31.1343  1024.1303    24.0135     9.5112     84.236    90.4518     5.0105      8.087     5.5113     7.8763    240.364    246.136      11946          3  0.000e+00
   55.76526 -134.41770    124.272     25.605     25.371     9.5139    31.1340  1024.1295    24.0132     9.5112     84.234    90.4518     4.9812      8.087     5.5112     7.8761    240.359    246.130      11947          3  0.000e+00
   55.76526 -134.41770    124.082     25.783     25.547     9.5136    31.1336  1024.1301    24.0129     9.5109     84.234    90.4518     4.9812      8.087     5.5113     7.8762    240.362    246.134      11948          3  0.000e+00
   55.76526 -134.41770    123.986     25.662     25.427     9.5124    31.1339  1024.1299    24.0133     9.5097     84.231    90.4518     4.9812      8.087     5.5112     7.8760    240.358    246.130      11949          3  0.000e+00
   55.76526 -134.41770    124.211     25.839     25.603     9.5095    31.1348  1024.1319    24.0145     9.5068     84.231    90.4518     4.9812      8.087     5.5115     7.8765    240.371    246.143      11950          3  0.000e+00
   55.76526 -134.41770    124.059     25.662     25.427     9.5042    31.1370  1024.1336    24.0170     9.5015     84.226    90.4518     4.8932      8.087     5.5118     7.8769    240.382    246.155      11951          3  0.000e+00
   55.76526 -134.41770    124.236     25.839     25.603     9.4998    31.1381  1024.1360    24.0186     9.4971     84.225    90.4518     4.5709      8.087     5.5122     7.8775    240.400    246.174      11952          3  0.000e+00
   55.76524 -134.41772    124.211     25.839     25.603     9.4968    31.1388  1024.1371    24.0197     9.4941     84.221    90.4518     4.4537      8.087     5.5123     7.8776    240.403    246.177      11953          3  0.000e+00
   55.76524 -134.41772    124.180     25.783     25.547     9.4946    31.1393  1024.1376    24.0204     9.4919     84.168    90.4239     4.4537      8.087     5.5090     7.8730    240.263    246.034      11954          3  0.000e+00
   55.76524 -134.41772    124.059     25.662     25.427     9.4927    31.1400  1024.1378    24.0212     9.4900     84.162    90.4518     4.4537      8.087     5.5089     7.8727    240.255    246.026      11955          3  0.000e+00
   55.76524 -134.41772    124.236     25.839     25.603     9.4916    31.1400  1024.1388    24.0214     9.4888     84.153    90.4518     4.4830      8.087     5.5084     7.8721    240.234    246.005      11956          3  0.000e+00
   55.76524 -134.41772    124.236     25.839     25.603     9.4886    31.1413  1024.1403    24.0229     9.4859     84.148    90.4518     4.4537      8.087     5.5084     7.8721    240.235    246.006      11957          3  0.000e+00
   55.76524 -134.41772    124.236     25.839     25.603     9.4861    31.1421  1024.1413    24.0239     9.4834     84.137    90.4518     4.4830      8.087     5.5080     7.8714    240.214    245.985      11958          3  0.000e+00
   55.76524 -134.41772    124.356     25.960     25.723     9.4849    31.1419  1024.1419    24.0239     9.4821     84.127    90.4518     4.4537      8.087     5.5074     7.8707    240.191    245.962      11959          3  0.000e+00
   55.76524 -134.41772    124.236     25.839     25.603     9.4840    31.1424  1024.1419    24.0245     9.4813     84.113    90.4518     4.4830      8.087     5.5066     7.8695    240.156    245.926      11960          3  0.000e+00
   55.76524 -134.41772    124.180     25.783     25.547     9.4832    31.1424  1024.1417    24.0246     9.4805     84.107    90.4518     4.4537      8.087     5.5063     7.8691    240.143    245.912      11961          3  0.000e+00
   55.76524 -134.41772    124.356     25.960     25.723     9.4814    31.1427  1024.1430    24.0251     9.4787     84.097    90.4239     4.4537      8.087     5.5059     7.8684    240.122    245.891      11962          3  0.000e+00
   55.76524 -134.41772    124.236     25.839     25.603     9.4801    31.1431  1024.1430    24.0256     9.4774     84.089    90.3679     4.4537      8.087     5.5055     7.8680    240.108    245.877      11963          3  0.000e+00
   55.76524 -134.41772    124.180     25.783     25.547     9.4793    31.1439  1024.1435    24.0264     9.4765     84.138    90.3120     4.4830      8.087     5.5088     7.8726    240.249    246.021      11964          3  0.000e+00
   55.76524 -134.41772    124.412     26.017     25.779     9.4790    31.1438  1024.1445    24.0263     9.4762     84.140    90.3120     4.4537      8.087     5.5090     7.8729    240.259    246.031      11965          3  0.000e+00
   55.76524 -134.41772    124.300     25.904     25.667     9.4791    31.1439  1024.1441    24.0264     9.4764     84.139    90.3120     4.4537      8.087     5.5089     7.8727    240.254    246.027      11966          3  0.000e+00
   55.76524 -134.41772    124.300     25.904     25.667     9.4796    31.1438  1024.1440    24.0263     9.4769     84.077    90.3120     4.4537      8.087     5.5048     7.8669    240.076    245.844      11967          3  0.000e+00
   55.76524 -134.41772    124.179     25.783     25.547     9.4795    31.1443  1024.1439    24.0267     9.4767     84.069    90.3120     4.4537      8.087     5.5042     7.8661    240.051    245.819      11968          3  0.000e+00
   55.76524 -134.41772    124.412     26.017     25.779     9.4793    31.1440  1024.1446    24.0264     9.4766     84.065    90.3120     4.4537      8.087     5.5040     7.8657    240.040    245.807      11969          3  0.000e+00
   55.76524 -134.41772    124.179     25.783     25.547     9.4790    31.1440  1024.1437    24.0265     9.4763     84.055    90.3120     4.4830      8.087     5.5034     7.8649    240.014    245.781      11970          3  0.000e+00
   55.76524 -134.41772    124.412     26.017     25.779     9.4786    31.1434  1024.1443    24.0261     9.4759     84.050    90.3120     4.4830      8.087     5.5032     7.8646    240.004    245.771      11971          3  0.000e+00
   55.76524 -134.41772    124.300     25.904     25.667     9.4782    31.1439  1024.1443    24.0266     9.4754     84.042    90.3120     4.6881      8.087     5.5027     7.8638    239.982    245.748      11972          3  0.000e+00
   55.76524 -134.41772    124.300     25.904     25.667     9.4778    31.1444  1024.1447    24.0270     9.4751     84.090    90.3120     4.8053      8.087     5.5058     7.8683    240.119    245.889      11973          3  0.000e+00
   55.76524 -134.41772    124.300     25.904     25.667     9.4782    31.1450  1024.1451    24.0274     9.4754     84.034    90.3120     4.8053      8.087     5.5021     7.8631    239.958    245.724      11974          3  0.000e+00
   55.76524 -134.41772    124.236     25.839     25.603     9.4806    31.1442  1024.1438    24.0264     9.4779     84.026    90.3120     4.8053      8.087     5.5013     7.8619    239.923    245.687      11975          3  0.000e+00
   55.76524 -134.41772    124.300     25.904     25.667     9.4840    31.1430  1024.1426    24.0249     9.4813     84.019    90.3120     4.8053      8.087     5.5004     7.8607    239.887    245.650      11976          3  0.000e+00
   55.76524 -134.41772    124.300     25.904     25.667     9.4894    31.1403  1024.1397    24.0220     9.4867     84.018    90.3120     4.8053      8.087     5.4998     7.8598    239.860    245.622      11977          3  0.000e+00
   55.76524 -134.41772    124.236     25.839     25.603     9.4932    31.1389  1024.1377    24.0203     9.4905     84.016    90.3120     4.8053      8.087     5.4993     7.8590    239.838    245.599      11978          3  0.000e+00
   55.76524 -134.41772    124.236     25.839     25.603     9.4978    31.1378  1024.1361    24.0187     9.4951     84.009    90.3120     4.8053      8.087     5.4983     7.8576    239.795    245.554      11979          3  0.000e+00
