EcoFOCI/data/1_SampleCollection/2022_GOA-OA_CruiseData/CTD_raw_BottleFile_RC0083/RC0083_145.cnv
* Sea-Bird SBE 9 Data File:
* FileName = C:\Data\RC0083ctd\RC0083_145.hex
* Software Version Seasave V 7.26.7.107
* Temperature SN = 2060
* Conductivity SN = 2881
* Number of Bytes Per Scan = 31
* Number of Voltage Words = 4
* Number of Scans Averaged by the Deck Unit = 1
* NMEA Latitude = 55 01.00 N
* NMEA Longitude = 131 40.33 W
* NMEA UTC (Time) = Aug 28 2022  16:06:26
* NMEA baud rate = 4800
** Ship: R/V Rachel Carson
** Cruise ID: RC0083
** Tech: McHugh/Nomura
** Chief Scientist: Cross
** Station: LCLS5
** Cast:  CTD145
# nquan = 19
# nvalues = 6671                                  
# units = specified
# name 0 = latitude: Latitude [deg]
# name 1 = longitude: Longitude [deg]
# name 2 = sfdSM: Seafloor depth [salt water, m]
# name 3 = prDM: Pressure, Digiquartz [db]
# name 4 = depSM: Depth [salt water, m]
# name 5 = t090C: Temperature [ITS-90, deg C]
# name 6 = sal00: Salinity, Practical [PSU]
# name 7 = density00: Density [density, kg/m^3]
# name 8 = sigma-é00: Density [sigma-theta, kg/m^3]
# name 9 = potemp090C: Potential Temperature [ITS-90, deg C]
# name 10 = sbeox0PS: Oxygen, SBE 43 [% saturation]
# name 11 = CStarTr0: Beam Transmission, WET Labs C-Star [%]
# name 12 = flECO-AFL: Fluorescence, WET Labs ECO-AFL/FL [mg/m^3]
# name 13 = ph: pH
# name 14 = sbeox0ML/L: Oxygen, SBE 43 [ml/l]
# name 15 = sbeox0Mg/L: Oxygen, SBE 43 [mg/l]
# name 16 = sbox0Mm/Kg: Oxygen, SBE 43 [umol/kg]
# name 17 = sbeox0Mm/L: Oxygen, SBE 43 [umol/l]
# name 18 = flag:  0.000e+00
# span 0 =   55.01666,   55.01772                 
# span 1 = -131.67298, -131.67218                 
# span 2 =     12.417,     88.477                 
# span 3 =      2.751,     73.160                 
# span 4 =      2.727,     72.487                 
# span 5 =     6.8215,    14.1386                 
# span 6 =    27.7902,    32.8158                 
# span 7 =  1020.6120,  1026.0586                 
# span 8 =    20.5972,    25.7231                 
# span 9 =     6.8152,    14.1381                 
# span 10 =     37.398,     91.816                
# span 11 =    77.8378,   103.8210                
# span 12 =    -0.0591,     7.0031                
# span 13 =      7.790,      8.364                
# span 14 =     2.5705,     5.5790                
# span 15 =     3.6735,     7.9729                
# span 16 =    111.921,    244.033                
# span 17 =    114.798,    249.157                
# span 18 = 0.0000e+00, 0.0000e+00                
# interval = seconds: 0.0416667
# start_time = Aug 28 2022 16:06:26 [NMEA time, header]
# bad_flag = -9.990e-29
*END*
[from data line 5486]
   55.01750 -131.67298     85.654     45.163     44.750     8.1320    31.9375  1025.0574    24.8511     8.1277     45.190   103.0659     0.1167      7.858     3.0335     4.3352    132.191    135.476  0.000e+00
   55.01750 -131.67298     85.646     45.154     44.742     8.1595    31.9171  1025.0374    24.8312     8.1551     45.240   103.0659     0.1167      7.858     3.0354     4.3378    132.274    135.559  0.000e+00
   55.01750 -131.67298     85.606     45.090     44.678     8.1580    31.9210  1025.0404    24.8345     8.1537     45.301   103.0659     0.1167      7.858     3.0395     4.3438    132.455    135.744  0.000e+00
   55.01750 -131.67298     85.639     45.098     44.686     8.1694    31.9165  1025.0352    24.8293     8.1650     45.370   103.0659     0.1167      7.858     3.0434     4.3494    132.627    135.920  0.000e+00
   55.01750 -131.67298     85.631     45.090     44.678     8.1952    31.9005  1025.0189    24.8130     8.1909     45.321   103.0659     0.1167      7.858     3.0387     4.3426    132.423    135.708  0.000e+00
   55.01750 -131.67298     85.519     44.977     44.566     8.2194    31.8849  1025.0026    24.7972     8.2150     45.381   103.0659     0.1167      7.858     3.0414     4.3464    132.540    135.827  0.000e+00
   55.01750 -131.67298     85.575     45.033     44.622     8.2386    31.8725  1024.9903    24.7847     8.2342     45.389   103.0659     0.1167      7.857     3.0408     4.3456    132.518    135.802  0.000e+00
   55.01750 -131.67298     85.648     45.033     44.622     8.2541    31.8616  1024.9795    24.7739     8.2497     45.455   103.0659     0.1167      7.857     3.0444     4.3508    132.677    135.964  0.000e+00
   55.01750 -131.67298     85.560     44.920     44.510     8.2561    31.8584  1024.9762    24.7711     8.2517     45.463   103.0659     0.1167      7.857     3.0449     4.3514    132.696    135.983  0.000e+00
   55.01750 -131.67298     85.633     44.969     44.558     8.2405    31.8667  1024.9852    24.7799     8.2362     45.420   103.0659     0.1167      7.857     3.0429     4.3486    132.610    135.896  0.000e+00
   55.01750 -131.67298     85.521     44.855     44.446     8.2135    31.8834  1025.0017    24.7969     8.2092     45.481   103.0659     0.1167      7.858     3.0485     4.3566    132.852    136.146  0.000e+00
   55.01750 -131.67298     85.529     44.863     44.454     8.1878    31.8998  1025.0184    24.8135     8.1834     45.545   103.0659     0.1167      7.858     3.0542     4.3648    133.100    136.403  0.000e+00
   55.01750 -131.67298     85.530     44.791     44.382     8.1722    31.9106  1025.0288    24.8242     8.1679     45.553   103.0659     0.1167      7.858     3.0557     4.3668    133.160    136.466  0.000e+00
   55.01750 -131.67298     85.562     44.799     44.390     8.1700    31.9146  1025.0323    24.8277     8.1657     45.557   103.0659     0.1167      7.858     3.0560     4.3673    133.172    136.479  0.000e+00
   55.01750 -131.67298     85.434     44.669     44.262     8.1915    31.9035  1025.0198    24.8158     8.1872     45.552   103.0659     0.1167      7.858     3.0544     4.3650    133.107    136.410  0.000e+00
   55.01750 -131.67298     85.410     44.669     44.262     8.2166    31.8890  1025.0048    24.8009     8.2123     45.551   103.0659     0.1167      7.858     3.0529     4.3628    133.041    136.341  0.000e+00
   55.01750 -131.67298     85.475     44.686     44.278     8.2428    31.8712  1024.9871    24.7831     8.2385     45.546   103.0659     0.1167      7.857     3.0511     4.3603    132.966    136.261  0.000e+00
   55.01750 -131.67298     85.420     44.556     44.150     8.2651    31.8557  1024.9711    24.7677     8.2608     45.537   103.0099     0.1167      7.857     3.0493     4.3577    132.889    136.180  0.000e+00
   55.01750 -131.67298     85.356     44.492     44.086     8.2838    31.8424  1024.9577    24.7546     8.2794     45.588   103.0099     0.1167      7.857     3.0517     4.3611    132.995    136.287  0.000e+00
   55.01750 -131.67298     85.308     44.443     44.038     8.2964    31.8334  1024.9485    24.7456     8.2921     45.586   103.0099     0.1167      7.857     3.0508     4.3599    132.960    136.250  0.000e+00
   55.01750 -131.67298     85.300     44.435     44.030     8.3046    31.8278  1024.9429    24.7400     8.3003     45.582   103.0099     0.1167      7.857     3.0501     4.3589    132.928    136.216  0.000e+00
   55.01750 -131.67298     85.261     44.322     43.918     8.3089    31.8253  1024.9398    24.7375     8.3046     45.573   103.0099     0.1167      7.857     3.0493     4.3577    132.894    136.181  0.000e+00
   55.01750 -131.67298     85.294     44.257     43.854     8.3108    31.8242  1024.9383    24.7363     8.3065     45.619   103.0099     0.1167      7.857     3.0522     4.3619    133.021    136.311  0.000e+00
   55.01750 -131.67298     85.255     44.193     43.789     8.3118    31.8236  1024.9374    24.7357     8.3075     45.616   103.0099     0.1167      7.857     3.0520     4.3616    133.011    136.301  0.000e+00
   55.01750 -131.67298     85.207     44.144     43.741     8.3114    31.8239  1024.9374    24.7359     8.3071     45.667   103.0099     0.1167      7.857     3.0554     4.3664    133.159    136.453  0.000e+00
   55.01750 -131.67298     85.174     44.136     43.733     8.3093    31.8249  1024.9385    24.7371     8.3050     45.670   103.0099     0.1167      7.857     3.0557     4.3669    133.173    136.468  0.000e+00
   55.01750 -131.67298     85.152     44.015     43.613     8.3066    31.8253  1024.9387    24.7378     8.3023     45.725   103.0099     0.0874      7.857     3.0596     4.3725    133.343    136.641  0.000e+00
   55.01750 -131.67298     85.145     43.910     43.509     8.2974    31.8299  1024.9432    24.7427     8.2931     45.727   103.0099     0.0874      7.857     3.0603     4.3734    133.372    136.672  0.000e+00
   55.01750 -131.67298     85.154     43.894     43.493     8.2832    31.8386  1024.9520    24.7516     8.2789     45.727   103.0099     0.0874      7.862     3.0611     4.3746    133.405    136.707  0.000e+00
   55.01750 -131.67298     85.073     43.837     43.437     8.2655    31.8522  1024.9650    24.7649     8.2612     45.779   103.0099     0.0874      7.862     3.0655     4.3809    133.598    136.906  0.000e+00
   55.01750 -131.67298     84.986     43.724     43.325     8.2576    31.8584  1024.9705    24.7709     8.2534     45.782   103.0099     0.0874      7.862     3.0661     4.3818    133.623    136.933  0.000e+00
   55.01750 -131.67298     85.100     43.716     43.317     8.2555    31.8606  1024.9725    24.7729     8.2513     45.837   103.0099     0.0874      7.862     3.0699     4.3872    133.788    137.103  0.000e+00
   55.01750 -131.67298     85.061     43.603     43.205     8.2573    31.8605  1024.9716    24.7725     8.2530     45.899   103.0099     0.0874      7.862     3.0740     4.3930    133.965    137.284  0.000e+00
   55.01750 -131.67298     85.069     43.611     43.213     8.2617    31.8569  1024.9682    24.7691     8.2575     45.908   103.0099     0.0874      7.862     3.0743     4.3935    133.980    137.298  0.000e+00
   55.01750 -131.67298     84.941     43.481     43.085     8.2640    31.8559  1024.9665    24.7680     8.2597     45.912   103.0099     0.0874      7.862     3.0744     4.3937    133.985    137.304  0.000e+00
   55.01750 -131.67298     84.949     43.489     43.093     8.2650    31.8542  1024.9651    24.7665     8.2608     45.913   103.0099     0.0874      7.862     3.0744     4.3937    133.986    137.305  0.000e+00
   55.01750 -131.67298     84.821     43.360     42.965     8.2637    31.8547  1024.9650    24.7671     8.2595     45.965   103.0099     0.0874      7.862     3.0780     4.3988    134.143    137.466  0.000e+00
   55.01750 -131.67298     84.765     43.304     42.909     8.2605    31.8554  1024.9658    24.7681     8.2563     46.020   103.0659     0.0874      7.862     3.0819     4.4044    134.312    137.639  0.000e+00
   55.01750 -131.67298     84.652     43.190     42.796     8.2492    31.8628  1024.9728    24.7756     8.2450     46.027   103.1218     0.0874      7.862     3.0831     4.4060    134.361    137.689  0.000e+00
   55.01750 -131.67298     84.700     43.239     42.845     8.2440    31.8674  1024.9773    24.7799     8.2398     45.975   103.1218     0.0874      7.867     3.0798     4.4013    134.217    137.543  0.000e+00
   55.01750 -131.67298     84.598     43.061     42.668     8.2416    31.8694  1024.9784    24.7818     8.2375     46.028   103.1218     0.0874      7.867     3.0835     4.4067    134.380    137.710  0.000e+00
   55.01750 -131.67298     84.752     43.069     42.676     8.2453    31.8688  1024.9775    24.7808     8.2411     46.085   103.1218     0.0874      7.867     3.0870     4.4117    134.533    137.867  0.000e+00
   55.01750 -131.67298     84.737     43.004     42.612     8.2596    31.8585  1024.9670    24.7707     8.2554     46.141   103.1218     0.0874      7.867     3.0900     4.4159    134.664    138.000  0.000e+00
   55.01750 -131.67298     84.673     42.940     42.548     8.2708    31.8497  1024.9581    24.7621     8.2666     46.093   103.1218     0.0874      7.867     3.0862     4.4105    134.499    137.829  0.000e+00
   55.01750 -131.67298     84.689     42.956     42.564     8.2773    31.8454  1024.9539    24.7578     8.2732     46.148   103.1218     0.0874      7.867     3.0895     4.4152    134.645    137.978  0.000e+00
   55.01750 -131.67298     84.594     42.762     42.372     8.2891    31.8370  1024.9447    24.7495     8.2850     46.147   103.1218     0.0874      7.867     3.0888     4.4142    134.614    137.946  0.000e+00
   55.01750 -131.67298     84.829     42.827     42.436     8.2981    31.8299  1024.9381    24.7426     8.2939     46.200   103.1218     0.0874      7.867     3.0919     4.4186    134.749    138.083  0.000e+00
   55.01750 -131.67298     84.766     42.714     42.324     8.3045    31.8255  1024.9332    24.7382     8.3003     46.204   103.1218     0.0874      7.867     3.0918     4.4184    134.744    138.078  0.000e+00
   55.01750 -131.67298     84.758     42.705     42.316     8.3121    31.8199  1024.9277    24.7327     8.3080     46.204   103.1218     0.0874      7.867     3.0913     4.4178    134.726    138.059  0.000e+00
   55.01750 -131.67298     84.694     42.641     42.252     8.3169    31.8160  1024.9236    24.7290     8.3127     46.255   103.1218     0.0874      7.867     3.0945     4.4224    134.867    138.202  0.000e+00
   55.01750 -131.67298     84.832     42.657     42.268     8.3197    31.8142  1024.9218    24.7271     8.3155     46.260   103.1218     0.0874      7.867     3.0947     4.4226    134.873    138.208  0.000e+00
   55.01750 -131.67298     84.850     42.528     42.140     8.3188    31.8143  1024.9215    24.7273     8.3147     46.265   103.1218     0.0874      7.867     3.0951     4.4232    134.892    138.228  0.000e+00
   55.01750 -131.67298     84.875     42.528     42.140     8.3178    31.8150  1024.9222    24.7281     8.3137     46.274   103.1218     0.0874      7.867     3.0958     4.4241    134.920    138.256  0.000e+00
   55.01750 -131.67298     84.883     42.536     42.148     8.3203    31.8139  1024.9210    24.7268     8.3161     46.273   103.1218     0.0874      7.867     3.0955     4.4238    134.909    138.245  0.000e+00
   55.01750 -131.67298     84.811     42.463     42.076     8.3260    31.8098  1024.9166    24.7228     8.3218     46.272   103.1218     0.0874      7.872     3.0952     4.4233    134.895    138.230  0.000e+00
   55.01750 -131.67298     84.877     42.406     42.020     8.3304    31.8063  1024.9130    24.7194     8.3262     46.269   103.1218     0.0874      7.867     3.0947     4.4226    134.875    138.209  0.000e+00
   55.01750 -131.67298     85.007     42.414     42.028     8.3335    31.8041  1024.9108    24.7172     8.3294     46.268   103.1218     0.0874      7.872     3.0945     4.4223    134.866    138.199  0.000e+00
   55.01750 -131.67298     84.999     42.406     42.020     8.3351    31.8023  1024.9091    24.7156     8.3310     46.320   103.0938     0.0874      7.872     3.0979     4.4272    135.015    138.352  0.000e+00
   55.01750 -131.67298     84.935     42.342     41.956     8.3347    31.8028  1024.9093    24.7160     8.3306     46.368   103.0938     0.0874      7.872     3.1011     4.4318    135.156    138.496  0.000e+00
   55.01750 -131.67298     84.879     42.285     41.900     8.3334    31.8039  1024.9100    24.7170     8.3292     46.368   103.0659     0.0874      7.872     3.1012     4.4319    135.159    138.500  0.000e+00
   55.01750 -131.67298     85.178     42.414     42.028     8.3318    31.8052  1024.9119    24.7183     8.3276     46.428   103.0659     0.0874      7.872     3.1053     4.4377    135.336    138.682  0.000e+00
   55.01750 -131.67298     85.123     42.285     41.900     8.3298    31.8068  1024.9129    24.7199     8.3256     46.376   103.0659     0.0874      7.872     3.1019     4.4329    135.189    138.531  0.000e+00
   55.01750 -131.67298     85.123     42.285     41.900     8.3276    31.8082  1024.9143    24.7213     8.3235     46.427   103.0938     0.0874      7.872     3.1054     4.4380    135.343    138.689  0.000e+00
   55.01750 -131.67298     85.131     42.293     41.908     8.3255    31.8097  1024.9158    24.7228     8.3214     46.480   103.0938     0.0874      7.872     3.1091     4.4432    135.503    138.853  0.000e+00
   55.01750 -131.67298     85.147     42.285     41.900     8.3227    31.8122  1024.9181    24.7251     8.3186     46.479   103.0659     0.0874      7.872     3.1092     4.4433    135.506    138.856  0.000e+00
   55.01750 -131.67298     85.165     42.229     41.844     8.3206    31.8138  1024.9195    24.7267     8.3165     46.473   103.0938     0.0874      7.872     3.1089     4.4429    135.494    138.844  0.000e+00
   55.01750 -131.67298     85.278     42.293     41.908     8.3208    31.8140  1024.9199    24.7269     8.3166     46.464   103.0659     0.0874      7.872     3.1083     4.4420    135.465    138.815  0.000e+00
   55.01750 -131.67298     85.270     42.285     41.900     8.3258    31.8104  1024.9163    24.7233     8.3216     46.455   103.0938     0.1167      7.872     3.1074     4.4408    135.429    138.777  0.000e+00
   55.01750 -131.67298     85.213     42.228     41.843     8.3302    31.8067  1024.9124    24.7197     8.3261     46.442   103.0659     0.1167      7.872     3.1063     4.4392    135.381    138.728  0.000e+00
   55.01750 -131.67298     85.246     42.237     41.851     8.3263    31.8090  1024.9149    24.7221     8.3221     46.427   103.0659     0.1167      7.872     3.1055     4.4381    135.347    138.693  0.000e+00
   55.01750 -131.67298     85.367     42.285     41.900     8.3187    31.8147  1024.9207    24.7277     8.3145     46.465   103.0938     0.1167      7.872     3.1085     4.4423    135.474    138.824  0.000e+00
   55.01750 -131.67298     85.336     42.228     41.843     8.3113    31.8198  1024.9255    24.7328     8.3072     46.510   103.0659     0.1167      7.872     3.1119     4.4472    135.622    138.976  0.000e+00
   55.01750 -131.67298     85.400     42.293     41.908     8.3049    31.8242  1024.9302    24.7371     8.3008     46.501   103.0938     0.1167      7.872     3.1116     4.4468    135.611    138.966  0.000e+00
   55.01750 -131.67298     85.311     42.228     41.843     8.2981    31.8295  1024.9351    24.7423     8.2939     46.493   103.0938     0.1167      7.872     3.1115     4.4466    135.604    138.959  0.000e+00
   55.01750 -131.67298     85.384     42.228     41.843     8.2925    31.8344  1024.9397    24.7469     8.2884     46.482   103.0659     0.1167      7.872     3.1110     4.4460    135.583    138.938  0.000e+00
