EcoFOCI/data/1_SampleCollection/2022_GOA-OA_CruiseData/CTD_raw_BottleFile_RC0083/RC0083_007.ros
* Sea-Bird SBE 9 Data File:
* FileName = C:\Data\RC0083ctd\RC0083_007.hex
* Software Version Seasave V 7.26.7.107
* Temperature SN = 2060
* Conductivity SN = 1084
* Number of Bytes Per Scan = 31
* Number of Voltage Words = 4
* Number of Scans Averaged by the Deck Unit = 1
* NMEA Latitude = 54 36.09 N
* NMEA Longitude = 134 15.70 W
* NMEA UTC (Time) = Aug 12 2022  13:17:36
* NMEA baud rate = 4800
** Ship: R/V Rachel Carson
** Cruise ID: RC0083 RC0083
** Tech: McHugh/Nomura
** Chief Scientist: Cross Cross
** Station: DE7
** Cast:  007
# nquan = 21
# nvalues = 490                                   
# units = specified
# name 0 = latitude: Latitude [deg]
# name 1 = longitude: Longitude [deg]
# name 2 = sfdSM: Seafloor depth [salt water, m]
# name 3 = prDM: Pressure, Digiquartz [db]
# name 4 = depSM: Depth [salt water, m]
# name 5 = t090C: Temperature [ITS-90, deg C]
# name 6 = sal00: Salinity, Practical [PSU]
# name 7 = density00: Density [density, kg/m^3]
# name 8 = sigma-é00: Density [sigma-theta, kg/m^3]
# name 9 = potemp090C: Potential Temperature [ITS-90, deg C]
# name 10 = sbeox0PS: Oxygen, SBE 43 [% saturation]
# name 11 = CStarTr0: Beam Transmission, WET Labs C-Star [%]
# name 12 = flECO-AFL: Fluorescence, WET Labs ECO-AFL/FL [mg/m^3]
# name 13 = ph: pH
# name 14 = sbeox0ML/L: Oxygen, SBE 43 [ml/l]
# name 15 = sbeox0Mg/L: Oxygen, SBE 43 [mg/l]
# name 16 = sbox0Mm/Kg: Oxygen, SBE 43 [umol/kg]
# name 17 = sbeox0Mm/L: Oxygen, SBE 43 [umol/l]
# name 18 = scan: Scan Count
# name 19 = nbf: Bottles Fired
# name 20 = flag:  0.000e+00
# interval = seconds: 0.0416667
# start_time = Aug 12 2022 13:17:36 [NMEA time, header]
# bad_flag = -9.990e-29
*END*
[from data line 207]
   54.60258 -134.27062    198.410    100.706     99.777     6.0677    32.5130  1026.0449    25.5805     6.0594     90.840   107.5409     0.0874      8.115     6.3703     9.1037    277.400    284.496      47287          5  0.000e+00
   54.60258 -134.27062    198.386    100.682     99.753     6.0682    32.5131  1026.0448    25.5806     6.0600     90.896   107.5409     0.0874      8.115     6.3741     9.1092    277.568    284.668      47288          5  0.000e+00
   54.60258 -134.27062    198.410    100.706     99.777     6.0682    32.5128  1026.0446    25.5803     6.0599     90.848   107.5409     0.0874      8.115     6.3707     9.1044    277.420    284.517      47289          5  0.000e+00
   54.60258 -134.27062    198.442    100.738     99.809     6.0682    32.5132  1026.0451    25.5806     6.0599     90.840   107.5409     0.0874      8.115     6.3702     9.1036    277.397    284.493      47290          5  0.000e+00
   54.60258 -134.27062    198.410    100.706     99.777     6.0682    32.5134  1026.0451    25.5808     6.0599     90.840   107.5409     0.0874      8.115     6.3702     9.1036    277.396    284.492      47291          5  0.000e+00
   54.60258 -134.27062    198.442    100.738     99.809     6.0681    32.5130  1026.0450    25.5805     6.0598     90.841   107.5409     0.0874      8.115     6.3703     9.1038    277.401    284.497      47292          5  0.000e+00
   54.60258 -134.27062    198.474    100.771     99.842     6.0678    32.5132  1026.0453    25.5807     6.0596     90.843   107.5409     0.0874      8.115     6.3704     9.1040    277.406    284.503      47293          5  0.000e+00
   54.60258 -134.27062    198.506    100.803     99.874     6.0680    32.5127  1026.0451    25.5803     6.0598     90.836   107.5409     0.0874      8.115     6.3699     9.1033    277.386    284.482      47294          5  0.000e+00
   54.60258 -134.27062    198.474    100.771     99.842     6.0678    32.5129  1026.0451    25.5804     6.0596     90.837   107.5409     0.0874      8.115     6.3700     9.1034    277.390    284.486      47295          5  0.000e+00
   54.60258 -134.27062    198.562    100.860     99.930     6.0677    32.5121  1026.0448    25.5798     6.0595     90.840   107.5409     0.0874      8.115     6.3703     9.1038    277.400    284.496      47296          5  0.000e+00
   54.60258 -134.27062    198.530    100.828     99.898     6.0672    32.5126  1026.0451    25.5802     6.0589     90.833   107.5409     0.0874      8.115     6.3699     9.1032    277.383    284.479      47297          5  0.000e+00
   54.60258 -134.27062    198.562    100.860     99.930     6.0672    32.5126  1026.0453    25.5803     6.0589     90.836   107.5409     0.0874      8.115     6.3700     9.1034    277.390    284.486      47298          5  0.000e+00
   54.60258 -134.27062    198.650    100.949    100.018     6.0674    32.5126  1026.0457    25.5802     6.0591     90.839   107.5409     0.0874      8.115     6.3702     9.1037    277.399    284.495      47299          5  0.000e+00
   54.60258 -134.27062    198.618    100.917     99.986     6.0674    32.5132  1026.0460    25.5807     6.0592     90.898   107.5409     0.0874      8.115     6.3743     9.1096    277.577    284.678      47300          5  0.000e+00
   54.60258 -134.27062    198.707    101.006    100.074     6.0678    32.5133  1026.0464    25.5807     6.0595     90.853   107.5409     0.0874      8.115     6.3711     9.1050    277.437    284.534      47301          5  0.000e+00
   54.60258 -134.27062    198.682    100.981    100.050     6.0683    32.5135  1026.0465    25.5809     6.0600     90.855   107.5409     0.0874      8.115     6.3712     9.1051    277.441    284.538      47302          5  0.000e+00
   54.60258 -134.27062    198.707    101.006    100.074     6.0688    32.5139  1026.0468    25.5811     6.0605     90.859   107.5409     0.0874      8.115     6.3714     9.1053    277.447    284.545      47303          5  0.000e+00
   54.60258 -134.27062    198.803    101.103    100.170     6.0692    32.5141  1026.0474    25.5812     6.0609     90.863   107.5409     0.0874      8.115     6.3716     9.1057    277.459    284.557      47304          5  0.000e+00
   54.60258 -134.27062    198.771    101.070    100.138     6.0692    32.5142  1026.0473    25.5813     6.0610     90.924   107.5409     0.0874      8.115     6.3758     9.1117    277.642    284.745      47305          5  0.000e+00
   54.60258 -134.27062    198.803    101.103    100.170     6.0696    32.5138  1026.0471    25.5810     6.0613     90.879   107.5409     0.0874      8.115     6.3727     9.1072    277.504    284.603      47306          5  0.000e+00
   54.60258 -134.27062    198.883    101.184    100.250     6.0696    32.5142  1026.0478    25.5812     6.0613     90.884   107.5409     0.0874      8.115     6.3730     9.1077    277.520    284.619      47307          5  0.000e+00
   54.60258 -134.27062    198.915    101.216    100.282     6.0698    32.5141  1026.0478    25.5811     6.0615     90.889   107.5409     0.0874      8.115     6.3733     9.1081    277.533    284.633      47308          5  0.000e+00
   54.60258 -134.27062    198.947    101.248    100.315     6.0696    32.5145  1026.0483    25.5815     6.0613     90.894   107.5409     0.0874      8.115     6.3737     9.1087    277.550    284.651      47309          5  0.000e+00
   54.60258 -134.27062    198.859    101.159    100.226     6.0697    32.5145  1026.0479    25.5814     6.0615     90.899   107.5409     0.0874      8.115     6.3740     9.1091    277.562    284.663      47310          5  0.000e+00
   54.60258 -134.27062    199.067    101.370    100.435     6.0697    32.5146  1026.0489    25.5815     6.0615     90.907   107.5409     0.0874      8.115     6.3746     9.1099    277.587    284.688      47311          5  0.000e+00
   54.60258 -134.27062    199.067    101.370    100.435     6.0698    32.5150  1026.0492    25.5819     6.0615     90.913   107.5409     0.0874      8.115     6.3749     9.1104    277.603    284.705      47312          5  0.000e+00
   54.60258 -134.27062    199.099    101.402    100.467     6.0699    32.5149  1026.0493    25.5817     6.0616     90.911   107.5409     0.0874      8.115     6.3748     9.1103    277.598    284.700      47313          5  0.000e+00
   54.60258 -134.27062    199.123    101.426    100.491     6.0697    32.5156  1026.0499    25.5823     6.0614     90.918   107.5409     0.0874      8.115     6.3753     9.1109    277.618    284.720      47314          5  0.000e+00
   54.60258 -134.27062    199.155    101.459    100.523     6.0701    32.5152  1026.0498    25.5820     6.0618     90.916   107.5409     0.0874      8.115     6.3751     9.1107    277.612    284.714      47315          5  0.000e+00
   54.60258 -134.27062    199.123    101.426    100.491     6.0703    32.5147  1026.0492    25.5816     6.0620     90.922   107.5409     0.0874      8.115     6.3756     9.1113    277.631    284.733      47316          5  0.000e+00
   54.60258 -134.27062    199.276    101.580    100.643     6.0701    32.5152  1026.0503    25.5820     6.0618     90.923   107.5409     0.0874      8.115     6.3756     9.1114    277.633    284.735      47317          5  0.000e+00
   54.60258 -134.27062    199.244    101.548    100.611     6.0704    32.5153  1026.0502    25.5820     6.0621     90.921   107.5129     0.0874      8.115     6.3754     9.1111    277.625    284.727      47318          5  0.000e+00
   54.60258 -134.27062    199.276    101.580    100.643     6.0701    32.5154  1026.0505    25.5822     6.0618     90.863   107.5129     0.0874      8.115     6.3714     9.1054    277.451    284.549      47319          5  0.000e+00
   54.60258 -134.27062    199.300    101.604    100.667     6.0703    32.5149  1026.0502    25.5817     6.0620     90.855   107.5129     0.0874      8.115     6.3708     9.1045    277.424    284.521      47320          5  0.000e+00
   54.60258 -134.27062    199.332    101.637    100.699     6.0704    32.5152  1026.0505    25.5819     6.0621     90.847   107.5129     0.0874      8.115     6.3702     9.1037    277.398    284.494      47321          5  0.000e+00
   54.60258 -134.27062    199.364    101.669    100.731     6.0704    32.5153  1026.0508    25.5820     6.0621     90.904   107.5129     0.0874      8.115     6.3742     9.1094    277.572    284.673      47322          5  0.000e+00
   54.60258 -134.27062    199.396    101.702    100.764     6.0705    32.5152  1026.0509    25.5820     6.0621     90.904   107.5129     0.0874      8.115     6.3742     9.1094    277.573    284.674      47323          5  0.000e+00
   54.60258 -134.27062    199.420    101.726    100.788     6.0705    32.5154  1026.0511    25.5821     6.0622     90.904   107.5129     0.0874      8.115     6.3742     9.1094    277.573    284.674      47324          5  0.000e+00
   54.60260 -134.27116    173.797     75.860     75.165     7.6262    32.4331  1025.6596    25.3126     7.6191     59.380   105.6110    -0.0005      7.950     4.0190     5.7436    175.058    179.489      49847          6  0.000e+00
   54.60260 -134.27116    173.973     76.038     75.341     7.6261    32.4334  1025.6607    25.3128     7.6190     59.384   105.6110    -0.0005      7.955     4.0193     5.7440    175.070    179.501      49848          6  0.000e+00
   54.60260 -134.27116    174.030     76.094     75.397     7.6260    32.4336  1025.6611    25.3130     7.6188     59.331   105.6110    -0.0005      7.955     4.0157     5.7388    174.913    179.341      49849          6  0.000e+00
   54.60260 -134.27116    174.030     76.094     75.397     7.6258    32.4335  1025.6610    25.3129     7.6187     59.325   105.6110    -0.0005      7.955     4.0153     5.7383    174.898    179.325      49850          6  0.000e+00
   54.60260 -134.27116    174.030     76.094     75.397     7.6260    32.4335  1025.6610    25.3129     7.6188     59.320   105.6110    -0.0005      7.955     4.0149     5.7377    174.880    179.307      49851          6  0.000e+00
   54.60260 -134.27116    173.974     76.038     75.341     7.6265    32.4333  1025.6606    25.3127     7.6193     59.369   105.6110    -0.0005      7.955     4.0182     5.7425    175.024    179.454      49852          6  0.000e+00
   54.60260 -134.27116    174.094     76.159     75.461     7.6266    32.4334  1025.6612    25.3128     7.6195     59.370   105.6110    -0.0005      7.955     4.0183     5.7426    175.028    179.458      49853          6  0.000e+00
   54.60260 -134.27116    174.030     76.094     75.397     7.6269    32.4328  1025.6603    25.3122     7.6198     59.314   105.6110    -0.0005      7.955     4.0145     5.7371    174.861    179.287      49854          6  0.000e+00
   54.60260 -134.27116    174.094     76.159     75.461     7.6268    32.4334  1025.6611    25.3127     7.6197     59.307   105.6110     0.0288      7.955     4.0140     5.7364    174.840    179.266      49855          6  0.000e+00
   54.60260 -134.27116    174.069     76.159     75.461     7.6271    32.4331  1025.6609    25.3125     7.6200     59.299   105.6110     0.0288      7.955     4.0135     5.7356    174.816    179.241      49856          6  0.000e+00
   54.60260 -134.27116    174.094     76.159     75.461     7.6271    32.4332  1025.6610    25.3126     7.6200     59.347   105.6110     0.0288      7.950     4.0167     5.7402    174.956    179.385      49857          6  0.000e+00
   54.60260 -134.27116    174.094     76.159     75.461     7.6274    32.4330  1025.6607    25.3123     7.6203     59.345   105.6110     0.0288      7.955     4.0165     5.7400    174.951    179.379      49858          6  0.000e+00
   54.60260 -134.27116    174.094     76.159     75.461     7.6276    32.4331  1025.6608    25.3124     7.6204     59.343   105.6110     0.0288      7.955     4.0164     5.7398    174.944    179.372      49859          6  0.000e+00
   54.60260 -134.27116    174.094     76.159     75.461     7.6279    32.4328  1025.6605    25.3121     7.6208     59.340   105.6110     0.0288      7.955     4.0162     5.7395    174.934    179.362      49860          6  0.000e+00
   54.60260 -134.27116    174.150     76.216     75.517     7.6282    32.4327  1025.6607    25.3120     7.6211     59.282   105.6110     0.0288      7.955     4.0122     5.7338    174.760    179.184      49861          6  0.000e+00
   54.60260 -134.27116    174.094     76.159     75.461     7.6282    32.4333  1025.6608    25.3124     7.6211     59.326   105.6110     0.0288      7.955     4.0152     5.7381    174.891    179.318      49862          6  0.000e+00
   54.60260 -134.27116    174.094     76.159     75.461     7.6286    32.4327  1025.6603    25.3119     7.6214     59.266   105.6110     0.0288      7.955     4.0111     5.7322    174.713    179.135      49863          6  0.000e+00
   54.60260 -134.27116    174.150     76.216     75.517     7.6285    32.4326  1025.6605    25.3118     7.6214     59.255   105.6390     0.0288      7.950     4.0103     5.7312    174.680    179.101      49864          6  0.000e+00
   54.60260 -134.27116    174.094     76.159     75.461     7.6284    32.4327  1025.6603    25.3119     7.6213     59.242   105.6110     0.0288      7.955     4.0095     5.7300    174.643    179.064      49865          6  0.000e+00
   54.60260 -134.27116    174.150     76.216     75.518     7.6284    32.4328  1025.6607    25.3121     7.6213     59.230   105.6390     0.0288      7.955     4.0087     5.7288    174.608    179.027      49866          6  0.000e+00
   54.60260 -134.27116    174.094     76.159     75.461     7.6281    32.4331  1025.6607    25.3123     7.6209     59.217   105.6110     0.0288      7.955     4.0078     5.7276    174.570    178.989      49867          6  0.000e+00
   54.60260 -134.27116    174.150     76.216     75.518     7.6278    32.4326  1025.6606    25.3119     7.6207     59.205   105.6390     0.0288      7.955     4.0070     5.7264    174.535    178.953      49868          6  0.000e+00
   54.60260 -134.27116    174.094     76.159     75.462     7.6277    32.4329  1025.6606    25.3122     7.6206     59.198   105.6390     0.0288      7.955     4.0066     5.7258    174.517    178.934      49869          6  0.000e+00
   54.60260 -134.27116    174.094     76.159     75.462     7.6274    32.4328  1025.6606    25.3122     7.6203     59.193   105.6110     0.0288      7.955     4.0062     5.7253    174.501    178.918      49870          6  0.000e+00
   54.60260 -134.27116    174.150     76.216     75.518     7.6271    32.4328  1025.6609    25.3122     7.6200     59.187   105.6390     0.0288      7.955     4.0059     5.7248    174.487    178.904      49871          6  0.000e+00
   54.60260 -134.27116    174.070     76.159     75.462     7.6269    32.4333  1025.6610    25.3126     7.6198     59.181   105.6390     0.0288      7.955     4.0055     5.7242    174.469    178.885      49872          6  0.000e+00
   54.60260 -134.27116    174.094     76.159     75.462     7.6268    32.4332  1025.6610    25.3126     7.6197     59.176   105.6390     0.0288      7.955     4.0051     5.7237    174.453    178.868      49873          6  0.000e+00
   54.60260 -134.27116    174.094     76.159     75.462     7.6265    32.4331  1025.6610    25.3126     7.6193     59.170   105.6390     0.0288      7.955     4.0048     5.7232    174.437    178.853      49874          6  0.000e+00
   54.60260 -134.27116    174.094     76.159     75.462     7.6267    32.4330  1025.6608    25.3124     7.6196     59.164   105.6390     0.0288      7.955     4.0043     5.7226    174.419    178.834      49875          6  0.000e+00
   54.60260 -134.27116    174.094     76.159     75.462     7.6265    32.4334  1025.6612    25.3127     7.6193     59.158   105.6390     0.0288      7.955     4.0040     5.7221    174.403    178.818      49876          6  0.000e+00
