EcoFOCI/data/1_SampleCollection/2022_GOA-OA_CruiseData/CTD_raw_BottleFile_RC0083/RC0083_027.ros
* Sea-Bird SBE 9 Data File:
* FileName = C:\Data\RC0083ctd\RC0083_027.hex
* Software Version Seasave V 7.26.7.107
* Temperature SN = 2060
* Conductivity SN = 1084
* Number of Bytes Per Scan = 31
* Number of Voltage Words = 4
* Number of Scans Averaged by the Deck Unit = 1
* NMEA Latitude = 59 01.12 N
* NMEA Longitude = 135 13.18 W
* NMEA UTC (Time) = Aug 17 2022  20:53:06
* NMEA baud rate = 4800
** Ship: R/V Rachel Carson
** Cruise ID: RC0083
** Tech: McHugh/Nomura
** Chief Scientist: Cross
** Station: LC04
** Cast:  CTD027
# nquan = 21
# nvalues = 294                                   
# units = specified
# name 0 = latitude: Latitude [deg]
# name 1 = longitude: Longitude [deg]
# name 2 = sfdSM: Seafloor depth [salt water, m]
# name 3 = prDM: Pressure, Digiquartz [db]
# name 4 = depSM: Depth [salt water, m]
# name 5 = t090C: Temperature [ITS-90, deg C]
# name 6 = sal00: Salinity, Practical [PSU]
# name 7 = density00: Density [density, kg/m^3]
# name 8 = sigma-é00: Density [sigma-theta, kg/m^3]
# name 9 = potemp090C: Potential Temperature [ITS-90, deg C]
# name 10 = sbeox0PS: Oxygen, SBE 43 [% saturation]
# name 11 = CStarTr0: Beam Transmission, WET Labs C-Star [%]
# name 12 = flECO-AFL: Fluorescence, WET Labs ECO-AFL/FL [mg/m^3]
# name 13 = ph: pH
# name 14 = sbeox0ML/L: Oxygen, SBE 43 [ml/l]
# name 15 = sbeox0Mg/L: Oxygen, SBE 43 [mg/l]
# name 16 = sbox0Mm/Kg: Oxygen, SBE 43 [umol/kg]
# name 17 = sbeox0Mm/L: Oxygen, SBE 43 [umol/l]
# name 18 = scan: Scan Count
# name 19 = nbf: Bottles Fired
# name 20 = flag:  0.000e+00
# interval = seconds: 0.0416667
# start_time = Aug 17 2022 20:53:06 [NMEA time, header]
# bad_flag = -9.990e-29
*END*
[from data line 69]
   59.02104 -135.22046    298.910    202.267    200.277     5.2209    33.2868  1027.2284    26.2938     5.2053     23.224    95.2066    -0.0591      7.567     1.6529     2.3622     71.928     73.819      11131          2  0.000e+00
   59.02104 -135.22046    298.926    202.283    200.293     5.2209    33.2873  1027.2290    26.2942     5.2053     23.224    95.2066    -0.0591      7.567     1.6529     2.3622     71.929     73.820      11132          2  0.000e+00
   59.02104 -135.22046    298.854    202.210    200.221     5.2209    33.2871  1027.2285    26.2941     5.2053     23.224    95.1786    -0.0591      7.567     1.6529     2.3622     71.929     73.820      11133          2  0.000e+00
   59.02104 -135.22046    298.870    202.226    200.237     5.2209    33.2868  1027.2283    26.2938     5.2053     23.167    95.1786    -0.0591      7.567     1.6488     2.3563     71.750     73.637      11134          2  0.000e+00
   59.02104 -135.22046    298.854    202.210    200.221     5.2208    33.2869  1027.2283    26.2939     5.2052     23.217    95.1786    -0.0591      7.567     1.6524     2.3615     71.906     73.797      11135          2  0.000e+00
   59.02104 -135.22046    298.749    202.104    200.117     5.2208    33.2865  1027.2275    26.2936     5.2052     23.217    95.1786    -0.0591      7.567     1.6525     2.3615     71.908     73.799      11136          2  0.000e+00
   59.02104 -135.22046    298.805    202.161    200.173     5.2206    33.2864  1027.2277    26.2936     5.2050     23.218    95.1786    -0.0591      7.567     1.6525     2.3616     71.911     73.802      11137          2  0.000e+00
   59.02104 -135.22046    298.910    202.267    200.277     5.2204    33.2864  1027.2282    26.2936     5.2048     23.219    95.1786    -0.0591      7.567     1.6526     2.3617     71.915     73.805      11138          2  0.000e+00
   59.02104 -135.22046    298.749    202.104    200.117     5.2205    33.2861  1027.2272    26.2933     5.2049     23.219    95.1786    -0.0591      7.567     1.6526     2.3618     71.915     73.806      11139          2  0.000e+00
   59.02104 -135.22046    298.854    202.210    200.221     5.2203    33.2860  1027.2276    26.2932     5.2047     23.221    95.1786    -0.0591      7.567     1.6527     2.3619     71.919     73.810      11140          2  0.000e+00
   59.02104 -135.22046    298.685    202.040    200.053     5.2206    33.2855  1027.2264    26.2928     5.2050     23.221    95.1786    -0.0591      7.567     1.6527     2.3619     71.919     73.810      11141          2  0.000e+00
   59.02104 -135.22046    298.854    202.210    200.221     5.2205    33.2858  1027.2275    26.2931     5.2049     23.222    95.2066    -0.0591      7.567     1.6528     2.3620     71.923     73.814      11142          2  0.000e+00
   59.02104 -135.22046    298.685    202.040    200.053     5.2201    33.2858  1027.2267    26.2931     5.2045     23.222    95.2066    -0.0591      7.567     1.6528     2.3621     71.924     73.815      11143          2  0.000e+00
   59.02104 -135.22046    298.854    202.210    200.221     5.2206    33.2853  1027.2270    26.2926     5.2050     23.223    95.1786    -0.0591      7.567     1.6529     2.3622     71.928     73.819      11144          2  0.000e+00
   59.02104 -135.22046    298.685    202.040    200.053     5.2201    33.2856  1027.2266    26.2930     5.2045     23.165    95.1786    -0.0591      7.567     1.6488     2.3563     71.749     73.635      11145          2  0.000e+00
   59.02104 -135.22046    298.749    202.104    200.117     5.2203    33.2854  1027.2267    26.2928     5.2047     23.216    95.1786    -0.0591      7.567     1.6524     2.3615     71.906     73.797      11146          2  0.000e+00
   59.02104 -135.22046    298.677    202.032    200.045     5.2203    33.2852  1027.2262    26.2926     5.2047     23.217    95.2066    -0.0591      7.567     1.6525     2.3616     71.909     73.800      11147          2  0.000e+00
   59.02104 -135.22046    298.629    201.983    199.997     5.2200    33.2857  1027.2264    26.2930     5.2044     23.218    95.1786    -0.0591      7.567     1.6526     2.3617     71.912     73.803      11148          2  0.000e+00
   59.02104 -135.22046    298.797    202.153    200.165     5.2204    33.2850  1027.2266    26.2924     5.2048     23.220    95.1227    -0.0591      7.567     1.6527     2.3618     71.917     73.807      11149          2  0.000e+00
   59.02104 -135.22046    298.509    201.861    199.876     5.2201    33.2851  1027.2254    26.2926     5.2046     23.220    95.0388    -0.0591      7.567     1.6527     2.3618     71.918     73.808      11150          2  0.000e+00
   59.02104 -135.22046    298.797    202.153    200.165     5.2201    33.2849  1027.2266    26.2924     5.2045     23.222    95.0388    -0.0591      7.567     1.6528     2.3620     71.924     73.815      11151          2  0.000e+00
   59.02104 -135.22046    298.661    202.040    200.053     5.2201    33.2848  1027.2259    26.2923     5.2045     23.223    95.0388    -0.0591      7.567     1.6529     2.3621     71.926     73.817      11152          2  0.000e+00
   59.02104 -135.22046    298.629    201.983    199.997     5.2201    33.2849  1027.2258    26.2924     5.2045     23.223    95.0388    -0.0591      7.567     1.6529     2.3622     71.929     73.820      11153          2  0.000e+00
   59.02104 -135.22046    298.613    201.967    199.980     5.2201    33.2848  1027.2256    26.2923     5.2045     23.224    95.0388    -0.0591      7.567     1.6530     2.3623     71.932     73.823      11154          2  0.000e+00
   59.02104 -135.22046    298.685    202.040    200.053     5.2201    33.2849  1027.2260    26.2924     5.2045     23.226    95.0388    -0.0591      7.567     1.6531     2.3624     71.936     73.827      11155          2  0.000e+00
   59.02104 -135.22046    298.613    201.967    199.980     5.2201    33.2848  1027.2256    26.2923     5.2045     23.227    95.0108    -0.0591      7.567     1.6532     2.3625     71.939     73.830      11156          2  0.000e+00
   59.02104 -135.22046    298.453    201.805    199.820     5.2201    33.2848  1027.2249    26.2923     5.2046     23.227    95.0388    -0.0591      7.567     1.6532     2.3626     71.940     73.832      11157          2  0.000e+00
   59.02104 -135.22046    298.797    202.153    200.165     5.2201    33.2849  1027.2265    26.2924     5.2045     23.229    95.0388    -0.0591      7.567     1.6533     2.3628     71.947     73.838      11158          2  0.000e+00
   59.02104 -135.22046    298.509    201.861    199.876     5.2198    33.2847  1027.2251    26.2923     5.2043     23.171    95.0388    -0.0591      7.567     1.6492     2.3569     71.768     73.655      11159          2  0.000e+00
   59.02180 -135.22086    199.238    101.580    100.605     4.6690    31.8600  1025.6951    25.2226     4.6620     53.973    92.6614    -0.0591      7.694     3.9298     5.6161    171.187    175.505      15107          3  0.000e+00
   59.02180 -135.22086    199.150    101.491    100.517     4.6687    31.8603  1025.6949    25.2228     4.6617     53.909    92.6614    -0.0591      7.694     3.9252     5.6094    170.985    175.298      15108          3  0.000e+00
   59.02180 -135.22086    199.174    101.515    100.541     4.6687    31.8598  1025.6947    25.2224     4.6617     53.895    92.6614    -0.0591      7.694     3.9241     5.6080    170.940    175.252      15109          3  0.000e+00
   59.02180 -135.22086    199.214    101.555    100.581     4.6687    31.8587  1025.6940    25.2216     4.6617     53.947    92.6614    -0.0591      7.694     3.9280     5.6134    171.107    175.423      15110          3  0.000e+00
   59.02180 -135.22086    199.238    101.580    100.605     4.6684    31.8582  1025.6938    25.2213     4.6613     53.950    92.6614    -0.0591      7.694     3.9282     5.6138    171.119    175.435      15111          3  0.000e+00
   59.02180 -135.22086    199.270    101.612    100.637     4.6687    31.8582  1025.6939    25.2212     4.6617     53.953    92.6894    -0.0591      7.694     3.9284     5.6141    171.127    175.443      15112          3  0.000e+00
   59.02180 -135.22086    199.238    101.580    100.605     4.6689    31.8587  1025.6941    25.2216     4.6618     53.898    92.6894    -0.0591      7.694     3.9244     5.6083    170.951    175.263      15113          3  0.000e+00
   59.02180 -135.22086    199.294    101.636    100.661     4.6686    31.8596  1025.6951    25.2223     4.6615     53.893    92.6894    -0.0591      7.699     3.9240     5.6078    170.936    175.248      15114          3  0.000e+00
   59.02180 -135.22086    199.270    101.612    100.637     4.6686    31.8593  1025.6947    25.2221     4.6615     53.945    92.6894    -0.0591      7.694     3.9279     5.6133    171.103    175.418      15115          3  0.000e+00
   59.02180 -135.22086    199.294    101.636    100.661     4.6686    31.8590  1025.6946    25.2218     4.6615     53.949    92.6894    -0.0591      7.699     3.9281     5.6137    171.115    175.431      15116          3  0.000e+00
   59.02180 -135.22086    199.326    101.669    100.693     4.6687    31.8591  1025.6948    25.2219     4.6617     53.953    92.6894    -0.0591      7.694     3.9284     5.6141    171.126    175.442      15117          3  0.000e+00
   59.02180 -135.22086    199.294    101.636    100.661     4.6684    31.8596  1025.6951    25.2223     4.6613     53.956    92.6894    -0.0591      7.694     3.9287     5.6145    171.138    175.454      15118          3  0.000e+00
   59.02180 -135.22086    199.326    101.669    100.693     4.6687    31.8598  1025.6954    25.2225     4.6616     53.960    92.6894    -0.0591      7.694     3.9289     5.6148    171.148    175.465      15119          3  0.000e+00
   59.02180 -135.22086    199.294    101.636    100.661     4.6690    31.8595  1025.6950    25.2222     4.6620     53.963    92.6894    -0.0591      7.694     3.9291     5.6151    171.157    175.474      15120          3  0.000e+00
   59.02180 -135.22086    199.326    101.669    100.693     4.6689    31.8599  1025.6955    25.2225     4.6618     53.967    92.6894    -0.0591      7.694     3.9294     5.6155    171.169    175.486      15121          3  0.000e+00
   59.02180 -135.22086    199.358    101.701    100.725     4.6689    31.8601  1025.6958    25.2227     4.6618     53.971    92.6894    -0.0591      7.694     3.9297     5.6159    171.181    175.498      15122          3  0.000e+00
   59.02180 -135.22086    199.326    101.669    100.693     4.6687    31.8607  1025.6961    25.2232     4.6617     53.974    92.6894    -0.0591      7.694     3.9299     5.6162    171.191    175.509      15123          3  0.000e+00
   59.02180 -135.22086    199.294    101.636    100.661     4.6686    31.8615  1025.6966    25.2238     4.6615     53.977    92.6894    -0.0591      7.694     3.9301     5.6165    171.201    175.519      15124          3  0.000e+00
   59.02180 -135.22086    199.326    101.669    100.693     4.6687    31.8612  1025.6965    25.2236     4.6617     53.981    92.6894    -0.0591      7.694     3.9304     5.6169    171.213    175.531      15125          3  0.000e+00
   59.02180 -135.22086    199.358    101.701    100.725     4.6686    31.8607  1025.6963    25.2232     4.6615     53.985    92.6894    -0.0591      7.694     3.9307     5.6174    171.226    175.545      15126          3  0.000e+00
   59.02182 -135.22088    199.294    101.636    100.661     4.6689    31.8613  1025.6964    25.2236     4.6618     53.988    92.6894    -0.0591      7.694     3.9309     5.6176    171.234    175.553      15127          3  0.000e+00
   59.02182 -135.22088    199.390    101.733    100.757     4.6686    31.8637  1025.6988    25.2256     4.6615     53.992    92.6894    -0.0591      7.694     3.9311     5.6180    171.245    175.565      15128          3  0.000e+00
   59.02182 -135.22088    199.294    101.636    100.661     4.6686    31.8646  1025.6991    25.2263     4.6615     53.995    92.6894    -0.0591      7.694     3.9313     5.6183    171.253    175.573      15129          3  0.000e+00
   59.02182 -135.22088    199.326    101.669    100.693     4.6689    31.8648  1025.6993    25.2264     4.6618     53.999    92.6894    -0.0591      7.694     3.9316     5.6186    171.263    175.584      15130          3  0.000e+00
   59.02182 -135.22088    199.358    101.701    100.725     4.6687    31.8651  1025.6997    25.2267     4.6617     54.002    92.6894    -0.0591      7.694     3.9318     5.6190    171.276    175.596      15131          3  0.000e+00
   59.02182 -135.22088    199.326    101.669    100.693     4.6689    31.8647  1025.6993    25.2263     4.6618     54.006    92.8292    -0.0591      7.694     3.9321     5.6193    171.286    175.607      15132          3  0.000e+00
   59.02182 -135.22088    199.294    101.636    100.661     4.6686    31.8649  1025.6993    25.2266     4.6615     54.009    92.9131    -0.0591      7.694     3.9323     5.6197    171.297    175.619      15133          3  0.000e+00
   59.02182 -135.22088    199.270    101.612    100.637     4.6686    31.8638  1025.6983    25.2256     4.6615     54.012    92.9131    -0.0591      7.694     3.9326     5.6201    171.309    175.631      15134          3  0.000e+00
   59.02182 -135.22088    199.358    101.701    100.725     4.6687    31.8621  1025.6974    25.2243     4.6616     54.017    92.9131    -0.0591      7.694     3.9330     5.6206    171.324    175.646      15135          3  0.000e+00
   59.02182 -135.22088    199.270    101.612    100.637     4.6686    31.8625  1025.6973    25.2247     4.6615     54.077    92.9131    -0.0591      7.694     3.9374     5.6269    171.516    175.842      15136          3  0.000e+00
   59.02182 -135.22088    199.294    101.636    100.661     4.6682    31.8633  1025.6981    25.2253     4.6611     54.031    92.9131    -0.0591      7.694     3.9340     5.6221    171.372    175.694      15137          3  0.000e+00
   59.02182 -135.22088    199.270    101.612    100.637     4.6684    31.8639  1025.6984    25.2257     4.6613     54.034    92.9131    -0.0591      7.694     3.9342     5.6224    171.380    175.703      15138          3  0.000e+00
   59.02182 -135.22088    199.294    101.636    100.661     4.6682    31.8642  1025.6988    25.2260     4.6611     54.038    92.8851    -0.0591      7.694     3.9345     5.6228    171.391    175.714      15139          3  0.000e+00
   59.02182 -135.22088    199.238    101.580    100.605     4.6681    31.8646  1025.6988    25.2263     4.6610     54.040    92.9131    -0.0591      7.694     3.9347     5.6231    171.400    175.723      15140          3  0.000e+00
   59.02182 -135.22088    199.270    101.612    100.637     4.6686    31.8635  1025.6981    25.2255     4.6615     54.035    92.9131    -0.0591      7.694     3.9343     5.6225    171.381    175.704      15141          3  0.000e+00
   59.02182 -135.22088    199.238    101.580    100.605     4.6682    31.8635  1025.6979    25.2254     4.6612     54.038    92.9131    -0.0591      7.694     3.9345     5.6228    171.391    175.715      15142          3  0.000e+00
   59.02182 -135.22088    199.214    101.556    100.581     4.6681    31.8636  1025.6979    25.2255     4.6610     54.040    92.9131    -0.0591      7.694     3.9347     5.6231    171.400    175.724      15143          3  0.000e+00
   59.02182 -135.22088    199.238    101.580    100.605     4.6682    31.8630  1025.6975    25.2250     4.6612     54.101    92.9131    -0.0591      7.694     3.9391     5.6294    171.592    175.921      15144          3  0.000e+00
   59.02182 -135.22088    199.214    101.556    100.581     4.6679    31.8625  1025.6971    25.2247     4.6609     54.054    92.9131    -0.0591      7.694     3.9358     5.6246    171.446    175.771      15145          3  0.000e+00
