EcoFOCI/data/1_SampleCollection/2022_GOA-OA_CruiseData/CTD_raw_BottleFile_RC0083/RC0083_110.cnv
* Sea-Bird SBE 9 Data File:
* FileName = C:\Data\RC0083ctd\RC0083_110.hex
* Software Version Seasave V 7.26.7.107
* Temperature SN = 2060
* Conductivity SN = 2881
* Number of Bytes Per Scan = 31
* Number of Voltage Words = 4
* Number of Scans Averaged by the Deck Unit = 1
* NMEA Latitude = 56 21.37 N
* NMEA Longitude = 133 39.50 W
* NMEA UTC (Time) = Aug 23 2022  09:26:08
* NMEA baud rate = 4800
** Ship: R/V Rachel Carson
** Cruise ID: RC0083
** Tech: McHugh/Nomura
** Chief Scientist: Cross
** Station: USS1
** Cast:  CTD110
# nquan = 19
# nvalues = 4765                                  
# units = specified
# name 0 = latitude: Latitude [deg]
# name 1 = longitude: Longitude [deg]
# name 2 = sfdSM: Seafloor depth [salt water, m]
# name 3 = prDM: Pressure, Digiquartz [db]
# name 4 = depSM: Depth [salt water, m]
# name 5 = t090C: Temperature [ITS-90, deg C]
# name 6 = sal00: Salinity, Practical [PSU]
# name 7 = density00: Density [density, kg/m^3]
# name 8 = sigma-é00: Density [sigma-theta, kg/m^3]
# name 9 = potemp090C: Potential Temperature [ITS-90, deg C]
# name 10 = sbeox0PS: Oxygen, SBE 43 [% saturation]
# name 11 = CStarTr0: Beam Transmission, WET Labs C-Star [%]
# name 12 = flECO-AFL: Fluorescence, WET Labs ECO-AFL/FL [mg/m^3]
# name 13 = ph: pH
# name 14 = sbeox0ML/L: Oxygen, SBE 43 [ml/l]
# name 15 = sbeox0Mg/L: Oxygen, SBE 43 [mg/l]
# name 16 = sbox0Mm/Kg: Oxygen, SBE 43 [umol/kg]
# name 17 = sbeox0Mm/L: Oxygen, SBE 43 [umol/l]
# name 18 = flag:  0.000e+00
# span 0 =   56.35476,   56.35610                 
# span 1 = -133.66224, -133.65836                 
# span 2 =      6.682,     62.751                 
# span 3 =      1.880,     50.935                 
# span 4 =      1.863,     50.464                 
# span 5 =     7.4031,    10.9830                 
# span 6 =    27.9410,    32.2362                 
# span 7 =  1021.2975,  1025.4055                 
# span 8 =    21.2882,    25.1883                 
# span 9 =     7.3987,    10.9828                 
# span 10 =     46.255,     94.827                
# span 11 =    76.4953,    98.5629                
# span 12 =     0.2925,     8.2925                
# span 13 =      7.826,      8.154                
# span 14 =     3.1486,     6.2571                
# span 15 =     4.4996,     8.9420                
# span 16 =    137.165,    273.105                
# span 17 =    140.615,    279.442                
# span 18 = 0.0000e+00, 0.0000e+00                
# interval = seconds: 0.0416667
# start_time = Aug 23 2022 09:26:08 [NMEA time, header]
# bad_flag = -9.990e-29
*END*
[from data line 1829]
   56.35550 -133.65988     60.484     26.294     26.052     7.8766    31.8251  1024.9195    24.7992     7.8741     52.496    96.0736     1.3475      7.873     3.5469     5.0689    154.573    158.407  0.000e+00
   56.35550 -133.65988     60.580     26.415     26.172     7.8767    31.8249  1024.9199    24.7991     7.8742     52.446    96.0736     1.2888      7.873     3.5436     5.0641    154.426    158.256  0.000e+00
   56.35550 -133.65988     60.556     26.415     26.172     7.8766    31.8250  1024.9200    24.7991     7.8741     52.445    96.0736     1.2595      7.873     3.5436     5.0641    154.425    158.255  0.000e+00
   56.35550 -133.65988     60.636     26.472     26.228     7.8767    31.8251  1024.9203    24.7992     7.8742     52.446    96.0736     1.2888      7.873     3.5436     5.0641    154.427    158.257  0.000e+00
   56.35550 -133.65988     60.587     26.472     26.228     7.8768    31.8248  1024.9201    24.7990     7.8743     52.447    96.0736     1.2888      7.873     3.5436     5.0642    154.429    158.259  0.000e+00
   56.35550 -133.65988     60.570     26.528     26.284     7.8761    31.8256  1024.9210    24.7997     7.8736     52.392    96.0736     1.2888      7.873     3.5400     5.0590    154.270    158.096  0.000e+00
   56.35550 -133.65988     60.585     26.593     26.348     7.8758    31.8257  1024.9215    24.7998     7.8733     52.439    96.0736     1.2888      7.873     3.5431     5.0635    154.407    158.237  0.000e+00
   56.35550 -133.65988     60.585     26.593     26.348     7.8755    31.8261  1024.9219    24.8002     7.8730     52.385    96.0736     1.2888      7.873     3.5395     5.0583    154.250    158.075  0.000e+00
   56.35550 -133.65988     60.585     26.593     26.348     7.8755    31.8262  1024.9219    24.8002     7.8730     52.382    96.0736     1.2888      7.873     3.5393     5.0580    154.240    158.066  0.000e+00
   56.35550 -133.65988     60.681     26.714     26.468     7.8766    31.8252  1024.9215    24.7993     7.8741     52.380    96.0736     1.2888      7.873     3.5391     5.0578    154.233    158.058  0.000e+00
   56.35550 -133.65988     60.632     26.714     26.468     7.8769    31.8250  1024.9214    24.7991     7.8744     52.379    96.0736     1.2888      7.873     3.5390     5.0576    154.228    158.052  0.000e+00
   56.35550 -133.65988     60.607     26.714     26.468     7.8773    31.8246  1024.9210    24.7987     7.8748     52.378    96.0736     1.2888      7.873     3.5389     5.0575    154.225    158.049  0.000e+00
   56.35550 -133.65988     60.607     26.714     26.468     7.8774    31.8246  1024.9209    24.7987     7.8749     52.378    96.0736     1.2888      7.873     3.5389     5.0575    154.224    158.049  0.000e+00
   56.35550 -133.65988     60.720     26.827     26.580     7.8771    31.8245  1024.9214    24.7987     7.8745     52.435    96.0736     1.2888      7.873     3.5429     5.0631    154.395    158.224  0.000e+00
   56.35550 -133.65988     60.671     26.827     26.580     7.8752    31.8263  1024.9231    24.8003     7.8726     52.443    96.0736     1.2888      7.873     3.5435     5.0640    154.422    158.252  0.000e+00
   56.35550 -133.65988     60.597     26.827     26.580     7.8737    31.8277  1024.9245    24.8017     7.8712     52.445    96.0736     1.2888      7.873     3.5437     5.0643    154.430    158.260  0.000e+00
   56.35550 -133.65990     60.693     26.948     26.700     7.8750    31.8265  1024.9238    24.8005     7.8725     52.391    96.0736     1.2888      7.873     3.5400     5.0590    154.269    158.095  0.000e+00
   56.35550 -133.65990     60.661     26.892     26.644     7.8769    31.8248  1024.9220    24.7989     7.8744     52.387    96.0736     1.2888      7.873     3.5396     5.0584    154.251    158.077  0.000e+00
   56.35550 -133.65990     60.774     27.005     26.756     7.8758    31.8252  1024.9230    24.7994     7.8733     52.384    95.9338     1.2888      7.873     3.5395     5.0583    154.248    158.073  0.000e+00
   56.35550 -133.65990     60.676     27.005     26.756     7.8637    31.8356  1024.9329    24.8093     7.8612     52.383    95.8219     1.2302      7.873     3.5401     5.0592    154.274    158.101  0.000e+00
   56.35550 -133.65990     60.603     27.005     26.756     7.8472    31.8501  1024.9466    24.8230     7.8446     52.382    95.7939     1.1716      7.873     3.5411     5.0605    154.314    158.144  0.000e+00
   56.35550 -133.65990     60.667     27.069     26.820     7.8374    31.8583  1024.9547    24.8308     7.8349     52.382    95.7939     1.1130      7.873     3.5416     5.0614    154.337    158.170  0.000e+00
   56.35550 -133.65990     60.667     27.069     26.820     7.8307    31.8638  1024.9600    24.8361     7.8281     52.325    95.7939     1.1130      7.873     3.5382     5.0565    154.188    158.017  0.000e+00
   56.35550 -133.65990     60.787     27.191     26.941     7.8256    31.8681  1024.9646    24.8402     7.8230     52.376    95.7939     1.1130      7.873     3.5420     5.0618    154.351    158.185  0.000e+00
   56.35550 -133.65990     60.625     27.126     26.876     7.8221    31.8709  1024.9670    24.8429     7.8196     52.376    95.7939     1.1130      7.873     3.5422     5.0621    154.360    158.194  0.000e+00
   56.35550 -133.65990     60.656     27.207     26.957     7.8197    31.8728  1024.9692    24.8447     7.8171     52.377    95.7939     1.1130      7.868     3.5424     5.0625    154.370    158.205  0.000e+00
   56.35550 -133.65990     60.672     27.247     26.997     7.8188    31.8735  1024.9701    24.8454     7.8162     52.379    95.7939     1.1130      7.873     3.5426     5.0627    154.376    158.212  0.000e+00
   56.35550 -133.65990     60.640     27.191     26.941     7.8179    31.8743  1024.9706    24.8462     7.8154     52.380    95.7939     1.1130      7.873     3.5427     5.0629    154.382    158.218  0.000e+00
   56.35550 -133.65990     60.767     27.368     27.117     7.8181    31.8739  1024.9710    24.8458     7.8155     52.383    95.7939     1.1130      7.873     3.5429     5.0632    154.391    158.227  0.000e+00
   56.35550 -133.65990     60.606     27.304     27.053     7.8185    31.8734  1024.9703    24.8453     7.8160     52.385    95.7939     1.1130      7.873     3.5430     5.0634    154.396    158.232  0.000e+00
   56.35550 -133.65990     60.621     27.368     27.117     7.8192    31.8725  1024.9698    24.8445     7.8167     52.332    95.7939     1.1130      7.868     3.5394     5.0582    154.239    158.071  0.000e+00
   56.35550 -133.65990     60.621     27.368     27.117     7.8195    31.8719  1024.9693    24.8440     7.8170     52.330    95.7939     1.1130      7.868     3.5393     5.0580    154.232    158.064  0.000e+00
   56.35550 -133.65990     60.677     27.425     27.173     7.8197    31.8717  1024.9693    24.8438     7.8171     52.329    95.7939     1.1130      7.868     3.5392     5.0578    154.228    158.060  0.000e+00
   56.35550 -133.65990     60.652     27.425     27.173     7.8205    31.8711  1024.9688    24.8432     7.8179     52.328    95.7939     1.1130      7.868     3.5391     5.0577    154.224    158.055  0.000e+00
   56.35550 -133.65990     60.635     27.481     27.229     7.8210    31.8707  1024.9687    24.8429     7.8184     52.385    95.7939     1.1130      7.868     3.5429     5.0631    154.389    158.224  0.000e+00
   56.35550 -133.65990     60.586     27.481     27.229     7.8208    31.8707  1024.9687    24.8429     7.8182     52.385    95.7939     1.1130      7.868     3.5429     5.0632    154.390    158.226  0.000e+00
   56.35550 -133.65990     60.650     27.546     27.293     7.8215    31.8701  1024.9684    24.8424     7.8189     52.336    95.7939     1.1130      7.868     3.5395     5.0584    154.244    158.076  0.000e+00
   56.35550 -133.65990     60.731     27.603     27.349     7.8226    31.8692  1024.9678    24.8415     7.8200     52.331    95.7939     1.1130      7.868     3.5392     5.0578    154.228    158.059  0.000e+00
   56.35550 -133.65990     60.602     27.546     27.293     7.8236    31.8683  1024.9667    24.8407     7.8210     52.333    95.8499     1.1130      7.868     3.5392     5.0579    154.230    158.061  0.000e+00
   56.35550 -133.65990     60.648     27.667     27.413     7.8244    31.8673  1024.9664    24.8397     7.8218     52.330    96.0456     1.1130      7.868     3.5390     5.0576    154.220    158.051  0.000e+00
   56.35548 -133.65990     60.648     27.667     27.413     7.8251    31.8668  1024.9659    24.8392     7.8225     52.333    96.1016     1.1716      7.868     3.5392     5.0578    154.228    158.059  0.000e+00
   56.35548 -133.65990     60.648     27.667     27.413     7.8239    31.8674  1024.9665    24.8399     7.8214     52.331    96.1016     1.2302      7.868     3.5391     5.0577    154.225    158.056  0.000e+00
   56.35548 -133.65990     60.704     27.724     27.469     7.8205    31.8704  1024.9696    24.8427     7.8179     52.330    96.1016     1.2302      7.868     3.5392     5.0579    154.230    158.062  0.000e+00
   56.35548 -133.65990     60.607     27.724     27.469     7.8182    31.8725  1024.9716    24.8447     7.8156     52.329    96.1016     1.2302      7.868     3.5393     5.0580    154.233    158.065  0.000e+00
   56.35548 -133.65990     60.678     27.845     27.589     7.8177    31.8727  1024.9723    24.8449     7.8151     52.329    96.1016     1.2302      7.868     3.5393     5.0581    154.235    158.067  0.000e+00
   56.35548 -133.65990     60.590     27.780     27.525     7.8214    31.8698  1024.9692    24.8421     7.8187     52.328    96.1016     1.2302      7.868     3.5390     5.0576    154.222    158.053  0.000e+00
   56.35548 -133.65990     60.678     27.845     27.589     7.8234    31.8681  1024.9679    24.8405     7.8208     52.335    96.1016     1.2302      7.868     3.5394     5.0581    154.237    158.068  0.000e+00
   56.35548 -133.65990     60.758     27.926     27.669     7.8220    31.8688  1024.9691    24.8412     7.8194     52.280    96.1016     1.2302      7.868     3.5358     5.0530    154.080    157.908  0.000e+00
   56.35548 -133.65990     60.734     27.901     27.645     7.8190    31.8716  1024.9715    24.8438     7.8164     52.283    96.1016     1.2302      7.868     3.5361     5.0534    154.094    157.922  0.000e+00
   56.35548 -133.65990     60.798     27.966     27.709     7.8175    31.8731  1024.9732    24.8452     7.8149     52.286    96.1016     1.2302      7.868     3.5364     5.0539    154.108    157.937  0.000e+00
   56.35548 -133.65990     60.798     27.966     27.709     7.8172    31.8733  1024.9735    24.8455     7.8146     52.284    96.1016     1.2302      7.868     3.5363     5.0537    154.102    157.931  0.000e+00
   56.35548 -133.65990     60.910     28.079     27.821     7.8163    31.8736  1024.9743    24.8458     7.8137     52.283    96.1016     1.2302      7.868     3.5363     5.0538    154.103    157.932  0.000e+00
   56.35548 -133.65990     60.854     28.023     27.765     7.8166    31.8737  1024.9741    24.8459     7.8139     52.282    96.1016     1.2302      7.868     3.5362     5.0536    154.099    157.928  0.000e+00
   56.35548 -133.65990     60.974     28.144     27.885     7.8181    31.8722  1024.9732    24.8444     7.8155     52.283    96.1016     1.2302      7.868     3.5362     5.0535    154.097    157.926  0.000e+00
   56.35548 -133.65990     60.910     28.079     27.821     7.8187    31.8716  1024.9724    24.8439     7.8160     52.277    96.1016     1.2302      7.868     3.5357     5.0529    154.078    157.906  0.000e+00
   56.35548 -133.65990     60.974     28.144     27.885     7.8184    31.8720  1024.9731    24.8443     7.8158     52.278    96.1016     1.2302      7.868     3.5359     5.0531    154.084    157.912  0.000e+00
   56.35548 -133.65990     61.086     28.257     27.997     7.8181    31.8724  1024.9740    24.8447     7.8154     52.275    96.1016     1.2302      7.868     3.5356     5.0528    154.074    157.902  0.000e+00
   56.35548 -133.65990     58.386     28.144     27.885     7.8183    31.8724  1024.9734    24.8446     7.8156     52.270    96.1016     1.2302      7.868     3.5353     5.0523    154.060    157.887  0.000e+00
   56.35548 -133.65990     55.543     28.257     27.997     7.8184    31.8721  1024.9737    24.8444     7.8158     52.212    96.1016     1.2302      7.868     3.5313     5.0466    153.887    157.710  0.000e+00
   56.35548 -133.65990     54.923     28.322     28.061     7.8184    31.8721  1024.9740    24.8443     7.8157     52.204    96.1016     1.2302      7.868     3.5308     5.0459    153.863    157.685  0.000e+00
   56.35548 -133.65990     55.045     28.322     28.061     7.8182    31.8723  1024.9741    24.8445     7.8155     52.196    96.0736     1.1716      7.868     3.5303     5.0451    153.840    157.662  0.000e+00
   56.35548 -133.65990     55.167     28.322     28.061     7.8176    31.8728  1024.9746    24.8450     7.8150     52.133    96.1016     1.1130      7.868     3.5260     5.0391    153.655    157.473  0.000e+00
   56.35548 -133.65990     55.785     28.378     28.117     7.8172    31.8733  1024.9754    24.8455     7.8145     52.127    96.1016     1.1130      7.868     3.5257     5.0386    153.640    157.458  0.000e+00
   56.35548 -133.65992     56.315     28.322     28.061     7.8177    31.8725  1024.9744    24.8448     7.8150     52.178    96.1016     1.1130      7.868     3.5291     5.0435    153.790    157.611  0.000e+00
   56.35548 -133.65992     56.693     28.580     28.317     7.8192    31.8711  1024.9743    24.8435     7.8165     52.182    96.0736     1.1130      7.868     3.5293     5.0438    153.799    157.620  0.000e+00
   56.35548 -133.65992     56.589     28.499     28.237     7.8196    31.8709  1024.9737    24.8433     7.8169     52.179    96.1016     1.1130      7.868     3.5291     5.0434    153.788    157.608  0.000e+00
   56.35548 -133.65992     56.620     28.556     28.293     7.8215    31.8692  1024.9723    24.8416     7.8188     52.177    96.1016     1.1130      7.868     3.5288     5.0431    153.778    157.598  0.000e+00
   56.35548 -133.65992     57.133     28.556     28.293     7.8236    31.8670  1024.9703    24.8396     7.8209     52.176    96.1016     1.1130      7.868     3.5286     5.0427    153.769    157.588  0.000e+00
   56.35548 -133.65992     57.475     28.556     28.293     7.8258    31.8653  1024.9687    24.8380     7.8232     52.119    96.1016     1.1130      7.868     3.5246     5.0370    153.595    157.410  0.000e+00
   56.35548 -133.65992     57.668     28.677     28.413     7.8272    31.8642  1024.9682    24.8369     7.8245     52.114    96.1016     1.1130      7.868     3.5242     5.0365    153.577    157.391  0.000e+00
   56.35548 -133.65992     57.588     28.620     28.357     7.8280    31.8637  1024.9674    24.8365     7.8253     52.053    96.0736     1.1130      7.868     3.5200     5.0305    153.395    157.204  0.000e+00
   56.35548 -133.65992     57.732     28.742     28.477     7.8263    31.8648  1024.9690    24.8375     7.8236     52.038    96.1016     1.1130      7.868     3.5191     5.0292    153.356    157.165  0.000e+00
   56.35548 -133.65992     58.059     28.677     28.413     7.8249    31.8660  1024.9699    24.8387     7.8222     52.086    96.1016     1.1130      7.868     3.5224     5.0339    153.500    157.313  0.000e+00
   56.35548 -133.65992     58.350     28.798     28.533     7.8236    31.8676  1024.9719    24.8401     7.8209     52.085    96.1016     1.1130      7.868     3.5225     5.0340    153.501    157.314  0.000e+00
   56.35548 -133.65992     58.375     28.798     28.533     7.8231    31.8680  1024.9722    24.8404     7.8204     52.085    96.1016     1.1130      7.868     3.5225     5.0340    153.502    157.315  0.000e+00
