EcoFOCI/data/1_SampleCollection/2022_GOA-OA_CruiseData/CTD_raw_BottleFile_RC0083/RC0083_098.cnv
* Sea-Bird SBE 9 Data File:
* FileName = C:\Data\RC0083ctd\RC0083_098.hex
* Software Version Seasave V 7.26.7.107
* Temperature SN = 2060
* Conductivity SN = 2881
* Number of Bytes Per Scan = 31
* Number of Voltage Words = 4
* Number of Scans Averaged by the Deck Unit = 1
* NMEA Latitude = 57 04.92 N
* NMEA Longitude = 133 41.16 W
* NMEA UTC (Time) = Aug 22 2022  16:28:55
* NMEA baud rate = 4800
** Ship: R/V Rachel Carson
** Cruise ID: RC0083
** Tech: McHugh/Nomura
** Chief Scientist: Cross
** Station: FSD
** Cast:  CTD098
# nquan = 19
# nvalues = 5431                                  
# units = specified
# name 0 = latitude: Latitude [deg]
# name 1 = longitude: Longitude [deg]
# name 2 = sfdSM: Seafloor depth [salt water, m]
# name 3 = prDM: Pressure, Digiquartz [db]
# name 4 = depSM: Depth [salt water, m]
# name 5 = t090C: Temperature [ITS-90, deg C]
# name 6 = sal00: Salinity, Practical [PSU]
# name 7 = density00: Density [density, kg/m^3]
# name 8 = sigma-é00: Density [sigma-theta, kg/m^3]
# name 9 = potemp090C: Potential Temperature [ITS-90, deg C]
# name 10 = sbeox0PS: Oxygen, SBE 43 [% saturation]
# name 11 = CStarTr0: Beam Transmission, WET Labs C-Star [%]
# name 12 = flECO-AFL: Fluorescence, WET Labs ECO-AFL/FL [mg/m^3]
# name 13 = ph: pH
# name 14 = sbeox0ML/L: Oxygen, SBE 43 [ml/l]
# name 15 = sbeox0Mg/L: Oxygen, SBE 43 [mg/l]
# name 16 = sbox0Mm/Kg: Oxygen, SBE 43 [umol/kg]
# name 17 = sbeox0Mm/L: Oxygen, SBE 43 [umol/l]
# name 18 = flag:  0.000e+00
# span 0 =   57.08050,   57.08206                 
# span 1 = -133.68606, -133.68460                 
# span 2 =      5.418,     70.584                 
# span 3 =      2.873,     52.960                 
# span 4 =      2.847,     52.466                 
# span 5 =     6.6539,    12.1303                 
# span 6 =    25.4935,    32.0490                 
# span 7 =  1019.2105,  1025.3834                 
# span 8 =    19.1964,    25.1405                 
# span 9 =     6.6494,    12.1298                 
# span 10 =     42.912,    101.907                
# span 11 =    88.8296,   102.8701                
# span 12 =     0.0581,     2.0508                
# span 13 =      7.814,      8.294                
# span 14 =     2.9775,     6.5416                
# span 15 =     4.2552,     9.3486                
# span 16 =    129.716,    286.450                
# span 17 =    132.977,    292.148                
# span 18 = 0.0000e+00, 0.0000e+00                
# interval = seconds: 0.0416667
# start_time = Aug 22 2022 16:28:55 [NMEA time, header]
# bad_flag = -9.990e-29
*END*
[from data line 1981]
   57.08138 -133.68566     65.795     20.983     20.789     7.8965    29.9058  1023.3868    23.2905     7.8946     73.596    97.3042     1.4647      8.021     5.0330     7.1927    219.658    224.774  0.000e+00
   57.08138 -133.68566     65.875     21.039     20.845     7.8950    29.9033  1023.3854    23.2888     7.8931     73.487    97.3042     1.4647      8.021     5.0258     7.1824    219.345    224.453  0.000e+00
   57.08138 -133.68566     65.939     21.104     20.909     7.8945    29.9039  1023.3862    23.2893     7.8926     73.372    97.3042     1.4647      8.016     5.0180     7.1712    219.003    224.103  0.000e+00
   57.08138 -133.68566     65.995     21.160     20.965     7.8952    29.9038  1023.3862    23.2891     7.8932     73.307    97.3042     1.4647      8.016     5.0134     7.1647    218.804    223.900  0.000e+00
   57.08138 -133.68566     65.971     21.136     20.941     7.8974    29.9089  1023.3898    23.2928     7.8955     73.190    97.3042     1.4647      8.016     5.0050     7.1527    218.436    223.524  0.000e+00
   57.08138 -133.68566     65.971     21.160     20.965     7.9054    29.9279  1023.4037    23.3066     7.9035     73.129    97.3042     1.4647      8.016     4.9993     7.1446    218.186    223.271  0.000e+00
   57.08138 -133.68566     65.971     21.160     20.965     7.9147    29.9508  1023.4204    23.3233     7.9128     73.018    97.2763     1.4647      8.016     4.9899     7.1311    217.772    222.851  0.000e+00
   57.08138 -133.68566     66.051     21.217     21.021     7.9227    29.9666  1023.4320    23.3346     7.9208     72.964    96.6050     1.4647      8.016     4.9848     7.1238    217.545    222.621  0.000e+00
   57.08138 -133.68566     66.027     21.217     21.021     7.9287    29.9756  1023.4381    23.3408     7.9268     72.859    96.1296     1.4354      8.016     4.9767     7.1121    217.188    222.257  0.000e+00
   57.08138 -133.68566     66.051     21.217     21.021     7.9323    29.9813  1023.4421    23.3448     7.9304     72.747    96.0736     1.4354      8.016     4.9685     7.1004    216.830    221.892  0.000e+00
   57.08138 -133.68566     66.067     21.282     21.085     7.9333    29.9811  1023.4422    23.3445     7.9313     72.631    96.1016     1.4354      8.016     4.9604     7.0889    216.478    221.532  0.000e+00
   57.08138 -133.68566     66.074     21.338     21.141     7.9337    29.9783  1023.4402    23.3422     7.9317     72.570    96.1296     1.4354      8.011     4.9563     7.0831    216.301    221.350  0.000e+00
   57.08138 -133.68566     66.049     21.338     21.141     7.9375    29.9829  1023.4432    23.3453     7.9355     72.460    96.1296     1.4354      8.011     4.9482     7.0715    215.945    220.986  0.000e+00
   57.08138 -133.68566     66.081     21.370     21.173     7.9463    29.9917  1023.4490    23.3510     7.9444     72.288    96.1296     1.4354      8.016     4.9352     7.0529    215.376    220.405  0.000e+00
   57.08138 -133.68566     66.138     21.403     21.205     7.9545    29.9994  1023.4541    23.3559     7.9525     72.273    96.1296     1.4354      8.011     4.9330     7.0497    215.278    220.306  0.000e+00
   57.08138 -133.68566     66.065     21.403     21.205     7.9608    30.0022  1023.4555    23.3573     7.9589     72.157    96.1296     1.4354      8.011     4.9243     7.0373    214.899    219.918  0.000e+00
   57.08138 -133.68566     66.072     21.459     21.261     7.9629    30.0004  1023.4540    23.3555     7.9609     72.049    96.1296     1.4354      8.011     4.9167     7.0265    214.569    219.580  0.000e+00
   57.08138 -133.68566     66.023     21.459     21.261     7.9589    29.9945  1023.4499    23.3515     7.9570     71.990    96.1296     1.4354      8.011     4.9134     7.0217    214.424    219.431  0.000e+00
   57.08138 -133.68566     66.103     21.516     21.317     7.9548    29.9917  1023.4486    23.3499     7.9528     71.877    96.1296     1.4354      8.011     4.9062     7.0114    214.111    219.110  0.000e+00
   57.08138 -133.68566     66.079     21.516     21.317     7.9552    29.9932  1023.4497    23.3510     7.9533     71.820    96.1296     1.4354      8.011     4.9022     7.0058    213.937    218.933  0.000e+00
   57.08138 -133.68566     66.045     21.580     21.381     7.9612    29.9991  1023.4538    23.3548     7.9592     71.653    96.1296     1.4354      8.011     4.8899     6.9882    213.400    218.383  0.000e+00
   57.08138 -133.68566     65.972     21.580     21.381     7.9735    30.0084  1023.4593    23.3603     7.9715     71.536    96.1296     1.4354      8.011     4.8803     6.9744    212.977    217.952  0.000e+00
   57.08138 -133.68566     65.948     21.580     21.381     7.9847    30.0159  1023.4637    23.3647     7.9827     71.413    96.1296     1.4354      8.011     4.8705     6.9604    212.549    217.515  0.000e+00
   57.08138 -133.68566     65.980     21.613     21.413     7.9906    30.0192  1023.4656    23.3665     7.9886     71.293    96.1296     1.4354      8.011     4.8615     6.9475    212.156    217.113  0.000e+00
   57.08138 -133.68566     66.004     21.637     21.437     7.9902    30.0186  1023.4653    23.3661     7.9882     71.229    96.1296     1.4354      8.011     4.8572     6.9414    211.970    216.923  0.000e+00
   57.08138 -133.68566     65.970     21.702     21.501     7.9905    30.0178  1023.4650    23.3654     7.9885     71.174    96.1296     1.4354      8.011     4.8534     6.9360    211.804    216.753  0.000e+00
   57.08138 -133.68566     65.921     21.702     21.501     7.9927    30.0205  1023.4667    23.3672     7.9907     71.001    96.1296     1.4354      8.011     4.8413     6.9187    211.275    216.212  0.000e+00
   57.08138 -133.68566     65.921     21.702     21.501     7.9949    30.0235  1023.4688    23.3692     7.9929     70.929    96.4931     1.4354      8.011     4.8361     6.9112    211.046    215.978  0.000e+00
   57.08138 -133.68566     66.058     21.815     21.613     7.9966    30.0256  1023.4707    23.3707     7.9946     70.753    96.8847     1.4061      8.011     4.8238     6.8937    210.512    215.432  0.000e+00
   57.08138 -133.68566     65.977     21.758     21.557     7.9976    30.0266  1023.4711    23.3713     7.9956     70.684    96.9686     1.4061      8.011     4.8190     6.8868    210.300    215.215  0.000e+00
   57.08138 -133.68566     65.960     21.815     21.613     7.9970    30.0253  1023.4704    23.3704     7.9950     70.505    96.9686     1.4061      8.011     4.8069     6.8695    209.773    214.675  0.000e+00
   57.08138 -133.68566     66.024     21.879     21.677     7.9963    30.0231  1023.4691    23.3687     7.9943     70.434    96.9407     1.4061      8.011     4.8022     6.8628    209.568    214.466  0.000e+00
   57.08138 -133.68566     65.960     21.815     21.613     7.9956    30.0223  1023.4683    23.3682     7.9936     70.315    96.9407     1.4061      8.011     4.7941     6.8513    209.216    214.105  0.000e+00
   57.08138 -133.68566     66.024     21.879     21.677     7.9971    30.0248  1023.4703    23.3699     7.9951     70.192    96.9407     1.4061      8.011     4.7855     6.8390    208.840    213.721  0.000e+00
   57.08138 -133.68566     66.056     21.912     21.709     8.0012    30.0302  1023.4741    23.3736     7.9992     70.127    96.9407     1.4061      8.011     4.7805     6.8318    208.620    213.497  0.000e+00
   57.08138 -133.68566     66.080     21.936     21.733     8.0061    30.0348  1023.4771    23.3765     8.0041     69.952    96.9407     1.4061      8.011     4.7679     6.8138    208.070    212.934  0.000e+00
   57.08138 -133.68566     66.080     21.936     21.733     8.0082    30.0372  1023.4787    23.3781     8.0062     69.824    96.9407     1.4061      8.011     4.7588     6.8008    207.674    212.529  0.000e+00
   57.08138 -133.68566     66.136     21.992     21.789     8.0085    30.0377  1023.4793    23.3785     8.0064     69.698    96.9407     1.4061      8.011     4.7502     6.7885    207.298    212.144  0.000e+00
   57.08138 -133.68566     66.136     21.992     21.789     8.0087    30.0379  1023.4795    23.3786     8.0066     69.568    96.9407     1.4061      8.011     4.7413     6.7758    206.910    211.747  0.000e+00
   57.08138 -133.68566     66.102     22.057     21.853     8.0085    30.0368  1023.4790    23.3778     8.0064     69.441    96.9407     1.4061      8.011     4.7327     6.7636    206.536    211.365  0.000e+00
   57.08138 -133.68566     65.980     22.057     21.853     8.0065    30.0341  1023.4771    23.3760     8.0045     69.367    96.9407     1.4061      8.011     4.7280     6.7567    206.328    211.151  0.000e+00
   57.08138 -133.68566     66.012     22.114     21.909     8.0047    30.0307  1023.4749    23.3735     8.0027     69.190    96.9407     1.4061      8.011     4.7162     6.7399    205.814    210.625  0.000e+00
   57.08136 -133.68564     65.980     22.057     21.853     8.0031    30.0299  1023.4743    23.3732     8.0011     69.121    96.9407     1.4061      8.011     4.7117     6.7335    205.618    210.424  0.000e+00
   57.08136 -133.68564     66.100     22.178     21.973     8.0041    30.0317  1023.4761    23.3744     8.0021     68.944    96.9407     1.4061      8.011     4.6995     6.7161    205.086    209.880  0.000e+00
   57.08136 -133.68564     65.963     22.114     21.909     8.0103    30.0393  1023.4809    23.3795     8.0082     68.876    96.9407     1.4061      8.011     4.6940     6.7082    204.844    209.633  0.000e+00
   57.08136 -133.68564     66.010     22.211     22.005     8.0211    30.0509  1023.4890    23.3871     8.0191     68.757    96.9407     1.4061      8.011     4.6843     6.6944    204.422    209.203  0.000e+00
   57.08136 -133.68564     65.954     22.178     21.973     8.0289    30.0606  1023.4954    23.3937     8.0268     68.634    96.9407     1.4061      8.011     4.6748     6.6808    204.006    208.778  0.000e+00
   57.08136 -133.68564     66.010     22.235     22.029     8.0347    30.0651  1023.4983    23.3964     8.0326     68.565    97.3882     1.4061      8.011     4.6694     6.6730    203.767    208.534  0.000e+00
   57.08136 -133.68564     66.066     22.291     22.085     8.0376    30.0692  1023.5014    23.3991     8.0356     68.449    98.1993     1.3182      8.011     4.6610     6.6611    203.402    208.161  0.000e+00
   57.08136 -133.68564     65.944     22.291     22.085     8.0421    30.0759  1023.5060    23.4038     8.0400     68.336    98.4510     1.1716      8.011     4.6527     6.6491    203.036    207.787  0.000e+00
   57.08136 -133.68564     65.870     22.291     22.085     8.0456    30.0836  1023.5116    23.4094     8.0435     68.220    98.4510     1.1130      8.011     4.6442     6.6370    202.665    207.409  0.000e+00
   57.08136 -133.68564     65.934     22.356     22.149     8.0472    30.0891  1023.5160    23.4135     8.0451     68.102    98.4230     1.1130      8.011     4.6358     6.6251    202.300    207.036  0.000e+00
   57.08136 -133.68564     65.934     22.356     22.149     8.0475    30.0947  1023.5203    23.4178     8.0454     67.988    98.3950     1.1130      8.011     4.6278     6.6136    201.950    206.679  0.000e+00
   57.08136 -133.68564     65.966     22.413     22.205     8.0470    30.0995  1023.5244    23.4216     8.0449     67.871    98.3950     1.1130      8.011     4.6198     6.6022    201.599    206.321  0.000e+00
   57.08136 -133.68564     65.893     22.413     22.205     8.0459    30.1030  1023.5273    23.4245     8.0438     67.815    98.3950     1.1130      8.011     4.6159     6.5967    201.430    206.148  0.000e+00
   57.08136 -133.68564     65.868     22.413     22.205     8.0439    30.1075  1023.5311    23.4283     8.0419     67.705    98.3950     1.1423      8.011     4.6086     6.5861    201.108    205.819  0.000e+00
   57.08136 -133.68564     65.924     22.469     22.261     8.0418    30.1124  1023.5355    23.4324     8.0398     67.600    98.3950     1.1423      8.011     4.6015     6.5760    200.799    205.504  0.000e+00
   57.08136 -133.68564     65.964     22.509     22.301     8.0409    30.1140  1023.5371    23.4339     8.0388     67.494    98.3950     1.1423      8.011     4.5943     6.5657    200.483    205.181  0.000e+00
   57.08136 -133.68564     65.827     22.469     22.261     8.0414    30.1119  1023.5352    23.4321     8.0393     67.384    98.3950     1.1423      8.011     4.5869     6.5551    200.159    204.849  0.000e+00
   57.08136 -133.68564     65.825     22.590     22.381     8.0412    30.1113  1023.5353    23.4317     8.0391     67.330    98.3950     1.1130      8.011     4.5832     6.5499    200.000    204.686  0.000e+00
   57.08136 -133.68564     65.720     22.534     22.325     8.0404    30.1126  1023.5361    23.4328     8.0383     67.284    98.3950     1.1423      8.011     4.5802     6.5455    199.866    204.550  0.000e+00
   57.08136 -133.68564     65.800     22.590     22.381     8.0389    30.1155  1023.5389    23.4353     8.0368     67.187    98.3950     1.1130      8.011     4.5736     6.5362    199.580    204.258  0.000e+00
   57.08136 -133.68564     65.864     22.655     22.445     8.0378    30.1178  1023.5411    23.4372     8.0357     67.082    98.3950     1.1423      8.011     4.5665     6.5260    199.269    203.939  0.000e+00
   57.08136 -133.68564     65.840     22.655     22.445     8.0373    30.1183  1023.5416    23.4377     8.0352     66.986    98.3950     1.1130      8.011     4.5600     6.5167    198.985    203.649  0.000e+00
   57.08136 -133.68564     65.840     22.655     22.445     8.0369    30.1185  1023.5418    23.4379     8.0348     66.888    98.3950     1.1130      8.011     4.5534     6.5072    198.696    203.353  0.000e+00
   57.08136 -133.68564     65.896     22.711     22.501     8.0367    30.1192  1023.5426    23.4385     8.0346     66.845    98.3950     1.1423      8.011     4.5504     6.5030    198.567    203.221  0.000e+00
   57.08136 -133.68564     65.952     22.768     22.557     8.0365    30.1195  1023.5432    23.4388     8.0343     66.811    98.3950     1.1130      8.011     4.5481     6.4997    198.468    203.120  0.000e+00
   57.08136 -133.68564     65.976     22.768     22.557     8.0362    30.1190  1023.5428    23.4384     8.0341     66.725    98.4789     1.1130      8.011     4.5423     6.4914    198.214    202.860  0.000e+00
   57.08136 -133.68564     65.757     22.768     22.557     8.0360    30.1191  1023.5429    23.4385     8.0339     66.699    98.7307     1.1130      8.011     4.5405     6.4889    198.137    202.781  0.000e+00
   57.08136 -133.68564     65.698     22.833     22.622     8.0351    30.1194  1023.5436    23.4389     8.0329     66.614    98.8425     1.1130      8.011     4.5349     6.4808    197.890    202.529  0.000e+00
   57.08136 -133.68564     65.674     22.808     22.597     8.0340    30.1205  1023.5445    23.4399     8.0319     66.527    98.8425     1.0837      8.011     4.5290     6.4724    197.633    202.266  0.000e+00
   57.08136 -133.68564     65.754     22.889     22.678     8.0332    30.1223  1023.5463    23.4414     8.0311     66.438    98.8146     1.1130      8.011     4.5230     6.4638    197.370    201.996  0.000e+00
   57.08136 -133.68564     65.754     22.889     22.678     8.0332    30.1218  1023.5460    23.4410     8.0311     66.402    98.8146     1.0837      8.011     4.5205     6.4603    197.263    201.887  0.000e+00
   57.08136 -133.68564     65.696     22.954     22.742     8.0339    30.1201  1023.5448    23.4396     8.0317     66.320    98.8146     1.0837      8.011     4.5149     6.4523    197.018    201.636  0.000e+00
   57.08136 -133.68564     65.648     22.954     22.742     8.0323    30.1233  1023.5476    23.4423     8.0301     66.353    98.8146     1.0837      8.011     4.5172     6.4556    197.119    201.740  0.000e+00
   57.08136 -133.68564     65.648     22.954     22.742     8.0242    30.1382  1023.5604    23.4552     8.0221     66.332    98.8146     1.0837      8.011     4.5162     6.4542    197.073    201.695  0.000e+00
