EcoFOCI/data/1_SampleCollection/2022_GOA-OA_CruiseData/CTD_raw_BottleFile_RC0083/RC0083_044.ros
* Sea-Bird SBE 9 Data File:
* FileName = C:\Data\RC0083ctd\RC0083_044.hex
* Software Version Seasave V 7.26.7.107
* Temperature SN = 2060
* Conductivity SN = 1084
* Number of Bytes Per Scan = 31
* Number of Voltage Words = 4
* Number of Scans Averaged by the Deck Unit = 1
* NMEA Latitude = 58 09.46 N
* NMEA Longitude = 136 34.90 W
* NMEA UTC (Time) = Aug 18 2022  23:17:27
* NMEA baud rate = 4800
** Ship: R/V Rachel Carson
** Cruise ID: RC0083
** Tech: McHugh/Nomura
** Chief Scientist: Cross
** Station: XS3
** Cast:  CTD044
# nquan = 21
# nvalues = 441                                   
# units = specified
# name 0 = latitude: Latitude [deg]
# name 1 = longitude: Longitude [deg]
# name 2 = sfdSM: Seafloor depth [salt water, m]
# name 3 = prDM: Pressure, Digiquartz [db]
# name 4 = depSM: Depth [salt water, m]
# name 5 = t090C: Temperature [ITS-90, deg C]
# name 6 = sal00: Salinity, Practical [PSU]
# name 7 = density00: Density [density, kg/m^3]
# name 8 = sigma-é00: Density [sigma-theta, kg/m^3]
# name 9 = potemp090C: Potential Temperature [ITS-90, deg C]
# name 10 = sbeox0PS: Oxygen, SBE 43 [% saturation]
# name 11 = CStarTr0: Beam Transmission, WET Labs C-Star [%]
# name 12 = flECO-AFL: Fluorescence, WET Labs ECO-AFL/FL [mg/m^3]
# name 13 = ph: pH
# name 14 = sbeox0ML/L: Oxygen, SBE 43 [ml/l]
# name 15 = sbeox0Mg/L: Oxygen, SBE 43 [mg/l]
# name 16 = sbox0Mm/Kg: Oxygen, SBE 43 [umol/kg]
# name 17 = sbeox0Mm/L: Oxygen, SBE 43 [umol/l]
# name 18 = scan: Scan Count
# name 19 = nbf: Bottles Fired
# name 20 = flag:  0.000e+00
# interval = seconds: 0.0416667
# start_time = Aug 18 2022 23:17:27 [NMEA time, header]
# bad_flag = -9.990e-29
*END*
[from data line 345]
   58.15752 -136.57846    109.620     11.090     10.987     9.7174    30.6110  1023.6229    23.5725     9.7162     73.091    83.3757     0.7028      8.067     4.7768     6.8265    208.417    213.330      26805          8  0.000e+00
   58.15752 -136.57846    109.764     11.236     11.131     9.7174    30.6108  1023.6234    23.5723     9.7162     73.047    83.3757     0.6735      8.062     4.7739     6.8224    208.292    213.201      26806          8  0.000e+00
   58.15752 -136.57846    109.676     11.147     11.043     9.7174    30.6103  1023.6226    23.5720     9.7162     73.049    83.3757     0.7028      8.062     4.7740     6.8226    208.299    213.209      26807          8  0.000e+00
   58.15752 -136.57846    109.732     11.203     11.099     9.7170    30.6105  1023.6231    23.5722     9.7158     73.108    83.3757     0.7028      8.062     4.7779     6.8281    208.468    213.382      26808          8  0.000e+00
   58.15752 -136.57846    109.852     11.325     11.219     9.7169    30.6100  1023.6232    23.5718     9.7157     73.120    83.3757     0.6735      8.062     4.7788     6.8293    208.504    213.419      26809          8  0.000e+00
   58.15752 -136.57846    109.764     11.236     11.131     9.7166    30.6099  1023.6228    23.5718     9.7154     73.131    83.3757     0.6735      8.062     4.7795     6.8304    208.536    213.452      26810          8  0.000e+00
   58.15752 -136.57846    109.908     11.381     11.275     9.7164    30.6099  1023.6235    23.5718     9.7152     73.090    83.3757     0.6735      8.062     4.7768     6.8266    208.420    213.333      26811          8  0.000e+00
   58.15752 -136.57846    109.852     11.325     11.219     9.7166    30.6098  1023.6231    23.5717     9.7154     73.089    83.3757     0.6735      8.062     4.7768     6.8265    208.418    213.330      26812          8  0.000e+00
   58.15752 -136.57846    109.876     11.349     11.243     9.7161    30.6102  1023.6236    23.5721     9.7149     73.089    83.3757     0.6735      8.062     4.7768     6.8266    208.421    213.334      26813          8  0.000e+00
   58.15752 -136.57846    109.908     11.381     11.275     9.7166    30.6094  1023.6231    23.5714     9.7153     73.097    83.3757     0.7028      8.067     4.7773     6.8273    208.442    213.355      26814          8  0.000e+00
   58.15752 -136.57846    109.908     11.381     11.275     9.7164    30.6092  1023.6229    23.5712     9.7152     73.099    83.3757     0.6735      8.067     4.7774     6.8274    208.447    213.361      26815          8  0.000e+00
   58.15752 -136.57846    109.940     11.413     11.307     9.7164    30.6093  1023.6232    23.5714     9.7151     73.101    83.3757     0.6735      8.062     4.7776     6.8277    208.454    213.368      26816          8  0.000e+00
   58.15752 -136.57846    109.972     11.446     11.339     9.7162    30.6077  1023.6221    23.5701     9.7150     73.104    83.3757     0.7028      8.062     4.7779     6.8280    208.466    213.380      26817          8  0.000e+00
   58.15752 -136.57846    109.972     11.446     11.339     9.7154    30.6084  1023.6228    23.5708     9.7142     73.101    83.3757     0.7028      8.062     4.7777     6.8278    208.459    213.373      26818          8  0.000e+00
   58.15752 -136.57846    109.972     11.446     11.339     9.7149    30.6086  1023.6230    23.5710     9.7137     73.104    83.3757     0.6735      8.062     4.7780     6.8282    208.471    213.385      26819          8  0.000e+00
   58.15752 -136.57846    110.116     11.591     11.483     9.7149    30.6084  1023.6236    23.5709     9.7137     73.110    83.3757     0.6735      8.062     4.7783     6.8287    208.486    213.401      26820          8  0.000e+00
   58.15752 -136.57846    109.852     11.325     11.219     9.7149    30.6087  1023.6226    23.5711     9.7137     73.112    83.3757     0.7028      8.062     4.7785     6.8289    208.492    213.406      26821          8  0.000e+00
   58.15752 -136.57846    110.028     11.502     11.395     9.7153    30.6088  1023.6234    23.5712     9.7140     73.119    83.4316     0.6735      8.062     4.7789     6.8295    208.509    213.424      26822          8  0.000e+00
   58.15752 -136.57846    110.116     11.591     11.483     9.7154    30.6090  1023.6239    23.5713     9.7142     73.125    83.5715     0.7028      8.067     4.7793     6.8300    208.527    213.442      26823          8  0.000e+00
   58.15752 -136.57846    109.852     11.325     11.219     9.7156    30.6098  1023.6233    23.5718     9.7144     73.074    83.6274     0.6735      8.062     4.7759     6.8252    208.380    213.292      26824          8  0.000e+00
   58.15752 -136.57846    110.028     11.502     11.395     9.7161    30.6094  1023.6237    23.5715     9.7149     73.124    83.5994     0.6735      8.067     4.7791     6.8298    208.521    213.436      26825          8  0.000e+00
   58.15752 -136.57846    109.972     11.446     11.339     9.7162    30.6096  1023.6236    23.5716     9.7150     73.124    83.5994     0.7028      8.067     4.7791     6.8298    208.520    213.435      26826          8  0.000e+00
   58.15752 -136.57846    109.940     11.414     11.307     9.7159    30.6093  1023.6232    23.5714     9.7147     73.125    83.5994     0.6735      8.062     4.7792     6.8299    208.523    213.438      26827          8  0.000e+00
   58.15752 -136.57846    109.972     11.446     11.339     9.7161    30.6082  1023.6226    23.5706     9.7149     73.072    83.5994     0.7028      8.062     4.7757     6.8250    208.373    213.284      26828          8  0.000e+00
   58.15752 -136.57846    109.972     11.446     11.339     9.7159    30.6078  1023.6223    23.5703     9.7147     73.067    83.5994     0.6735      8.067     4.7755     6.8246    208.361    213.272      26829          8  0.000e+00
   58.15752 -136.57846    109.940     11.414     11.307     9.7162    30.6066  1023.6211    23.5693     9.7150     73.117    83.5994     0.6735      8.062     4.7787     6.8292    208.503    213.417      26830          8  0.000e+00
   58.15752 -136.57846    109.908     11.381     11.275     9.7162    30.6055  1023.6202    23.5684     9.7150     73.112    83.5994     0.6735      8.062     4.7784     6.8289    208.491    213.405      26831          8  0.000e+00
   58.15752 -136.57846    109.852     11.325     11.219     9.7167    30.6055  1023.6198    23.5683     9.7155     73.114    83.5994     0.6735      8.062     4.7785     6.8290    208.494    213.408      26832          8  0.000e+00
   58.15752 -136.57846    109.908     11.381     11.275     9.7175    30.6050  1023.6195    23.5678     9.7163     73.117    83.5994     0.6735      8.062     4.7786     6.8292    208.500    213.414      26833          8  0.000e+00
   58.15752 -136.57846    109.876     11.349     11.243     9.7175    30.6040  1023.6186    23.5670     9.7163     73.113    83.5994     0.6735      8.062     4.7784     6.8288    208.490    213.404      26834          8  0.000e+00
   58.15752 -136.57846    109.796     11.268     11.163     9.7174    30.6040  1023.6183    23.5671     9.7162     73.108    83.5994     0.6735      8.062     4.7781     6.8284    208.478    213.391      26835          8  0.000e+00
   58.15752 -136.57846    109.796     11.268     11.163     9.7172    30.6050  1023.6190    23.5678     9.7160     73.105    83.5994     0.6735      8.062     4.7779     6.8280    208.466    213.380      26836          8  0.000e+00
   58.15752 -136.57846    109.820     11.292     11.187     9.7177    30.6066  1023.6204    23.5690     9.7165     73.101    83.5994     0.6735      8.067     4.7775     6.8276    208.452    213.365      26837          8  0.000e+00
   58.15752 -136.57846    109.732     11.204     11.099     9.7185    30.6077  1023.6207    23.5698     9.7173     73.096    83.5994     0.6735      8.062     4.7771     6.8270    208.433    213.346      26838          8  0.000e+00
   58.15752 -136.57846    109.732     11.204     11.099     9.7190    30.6077  1023.6206    23.5697     9.7178     73.093    83.5994     0.6735      8.062     4.7768     6.8265    208.420    213.332      26839          8  0.000e+00
   58.15752 -136.57846    109.732     11.204     11.099     9.7194    30.6082  1023.6209    23.5700     9.7182     73.096    83.5994     0.6735      8.062     4.7769     6.8267    208.426    213.339      26840          8  0.000e+00
   58.15752 -136.57846    109.644     11.115     11.011     9.7190    30.6088  1023.6211    23.5706     9.7178     73.091    83.5994     0.6735      8.062     4.7767     6.8264    208.414    213.327      26841          8  0.000e+00
   58.15752 -136.57846    109.676     11.147     11.043     9.7194    30.6085  1023.6209    23.5703     9.7182     73.095    83.7113     0.6735      8.062     4.7769     6.8267    208.423    213.336      26842          8  0.000e+00
   58.15752 -136.57846    109.620     11.091     10.987     9.7194    30.6080  1023.6202    23.5698     9.7182     73.098    84.1029     0.7028      8.062     4.7771     6.8270    208.433    213.345      26843          8  0.000e+00
   58.15752 -136.57844    109.588     11.058     10.955     9.7195    30.6071  1023.6194    23.5691     9.7183     73.101    84.2427     0.6735      8.062     4.7773     6.8273    208.443    213.356      26844          8  0.000e+00
   58.15752 -136.57844    109.556     11.026     10.923     9.7197    30.6063  1023.6186    23.5685     9.7185     73.105    84.2707     0.6735      8.067     4.7776     6.8276    208.454    213.367      26845          8  0.000e+00
   58.15752 -136.57844    109.556     11.026     10.923     9.7194    30.6066  1023.6189    23.5688     9.7182     73.055    84.2427     0.7028      8.062     4.7743     6.8230    208.312    213.222      26846          8  0.000e+00
   58.15752 -136.57844    109.524     10.994     10.891     9.7187    30.6079  1023.6199    23.5699     9.7175     73.107    84.2427     0.6735      8.067     4.7778     6.8280    208.463    213.376      26847          8  0.000e+00
   58.15752 -136.57844    109.500     10.969     10.867     9.7185    30.6079  1023.6197    23.5699     9.7174     73.112    84.2427     0.6735      8.062     4.7781     6.8284    208.478    213.391      26848          8  0.000e+00
   58.15752 -136.57844    109.436     10.905     10.803     9.7187    30.6076  1023.6192    23.5697     9.7175     73.117    84.2427     0.6735      8.067     4.7784     6.8289    208.491    213.405      26849          8  0.000e+00
   58.15752 -136.57844    109.436     10.905     10.803     9.7187    30.6074  1023.6191    23.5695     9.7175     73.068    84.2427     0.6735      8.062     4.7753     6.8243    208.352    213.263      26850          8  0.000e+00
   58.15752 -136.57844    109.404     10.873     10.771     9.7187    30.6078  1023.6192    23.5698     9.7175     73.068    84.2427     0.6735      8.067     4.7752     6.8243    208.350    213.261      26851          8  0.000e+00
   58.15746 -136.57824    102.153      3.554      3.521     9.7573    30.4692  1023.4716    23.4554     9.7570     73.846    82.3968     0.2632      8.067     4.8263     6.8972    210.602    215.542      28270          9  0.000e+00
   58.15746 -136.57824    101.961      3.360      3.329     9.7577    30.4698  1023.4710    23.4558     9.7573     73.839    82.3968     0.2632      8.067     4.8257     6.8965    210.578    215.518      28271          9  0.000e+00
   58.15746 -136.57824    101.977      3.376      3.345     9.7575    30.4710  1023.4721    23.4568     9.7571     73.833    82.3968     0.2632      8.067     4.8254     6.8959    210.562    215.501      28272          9  0.000e+00
   58.15746 -136.57824    102.137      3.538      3.505     9.7575    30.4735  1023.4748    23.4588     9.7571     73.829    82.3968     0.2632      8.067     4.8250     6.8954    210.547    215.486      28273          9  0.000e+00
   58.15746 -136.57824    102.097      3.497      3.465     9.7565    30.4797  1023.4796    23.4637     9.7561     73.769    82.3688     0.2632      8.067     4.8210     6.8897    210.370    215.306      28274          9  0.000e+00
   58.15746 -136.57824    101.897      3.296      3.265     9.7537    30.4924  1023.4890    23.4741     9.7534     73.756    82.3688     0.2632      8.067     4.8200     6.8883    210.326    215.263      28275          9  0.000e+00
   58.15746 -136.57824    102.073      3.473      3.441     9.7504    30.5037  1023.4992    23.4834     9.7501     73.801    82.3688     0.2632      8.067     4.8230     6.8925    210.452    215.394      28276          9  0.000e+00
   58.15746 -136.57824    102.097      3.497      3.465     9.7483    30.5107  1023.5051    23.4892     9.7480     73.796    82.3408     0.2632      8.067     4.8227     6.8921    210.438    215.381      28277          9  0.000e+00
   58.15746 -136.57824    102.073      3.473      3.441     9.7464    30.5158  1023.5093    23.4935     9.7460     73.791    82.1451     0.2632      8.067     4.8224     6.8917    210.425    215.368      28278          9  0.000e+00
   58.15746 -136.57824    102.097      3.497      3.465     9.7452    30.5194  1023.5124    23.4965     9.7448     73.732    82.0891     0.2632      8.067     4.8186     6.8862    210.256    215.196      28279          9  0.000e+00
   58.15746 -136.57824    102.073      3.473      3.441     9.7444    30.5216  1023.5141    23.4984     9.7441     73.721    82.0612     0.2632      8.067     4.8178     6.8851    210.224    215.164      28280          9  0.000e+00
   58.15746 -136.57824    102.097      3.497      3.465     9.7440    30.5230  1023.5154    23.4995     9.7437     73.710    82.0891     0.2632      8.067     4.8171     6.8842    210.193    215.133      28281          9  0.000e+00
   58.15746 -136.57824    102.137      3.538      3.505     9.7440    30.5247  1023.5169    23.5008     9.7437     73.700    82.0891     0.2632      8.067     4.8164     6.8831    210.161    215.100      28282          9  0.000e+00
   58.15746 -136.57824    102.098      3.498      3.465     9.7437    30.5261  1023.5178    23.5019     9.7433     73.689    82.0891     0.2632      8.067     4.8157     6.8821    210.130    215.069      28283          9  0.000e+00
   58.15746 -136.57824    102.074      3.473      3.441     9.7435    30.5262  1023.5178    23.5020     9.7431     73.685    82.0891     0.2925      8.067     4.8155     6.8818    210.121    215.059      28284          9  0.000e+00
   58.15746 -136.57824    102.098      3.498      3.465     9.7434    30.5268  1023.5184    23.5026     9.7431     73.622    82.0891     0.2925      8.067     4.8113     6.8758    209.939    214.873      28285          9  0.000e+00
   58.15746 -136.57824    102.138      3.538      3.505     9.7432    30.5264  1023.5184    23.5023     9.7428     73.607    82.0891     0.2925      8.067     4.8103     6.8745    209.897    214.830      28286          9  0.000e+00
   58.15746 -136.57824    102.138      3.538      3.505     9.7437    30.5231  1023.5157    23.4996     9.7433     73.592    82.0612     0.2925      8.067     4.8094     6.8731    209.857    214.789      28287          9  0.000e+00
   58.15746 -136.57824    101.978      3.376      3.345     9.7440    30.5193  1023.5119    23.4966     9.7437     73.630    82.0891     0.2925      8.067     4.8120     6.8768    209.971    214.904      28288          9  0.000e+00
   58.15746 -136.57824    102.250      3.651      3.617     9.7441    30.5163  1023.5108    23.4942     9.7437     73.570    82.0891     0.2925      8.067     4.8082     6.8714    209.805    214.735      28289          9  0.000e+00
   58.15746 -136.57824    102.098      3.498      3.465     9.7444    30.5135  1023.5079    23.4920     9.7440     73.555    82.0891     0.2925      8.067     4.8073     6.8701    209.765    214.693      28290          9  0.000e+00
