EcoFOCI/data/1_SampleCollection/2022_GOA-OA_CruiseData/CTD_raw_BottleFile_RC0083/RC0083_067.cnv
* Sea-Bird SBE 9 Data File:
* FileName = C:\Data\RC0083ctd\RC0083_067.hex
* Software Version Seasave V 7.26.7.107
* Temperature SN = 2060
* Conductivity SN = 1084
* Number of Bytes Per Scan = 31
* Number of Voltage Words = 4
* Number of Scans Averaged by the Deck Unit = 1
* NMEA Latitude = 58 58.45 N
* NMEA Longitude = 136 08.18 W
* NMEA UTC (Time) = Aug 20 2022  18:55:28
* NMEA baud rate = 4800
** Ship: R/V Rachel Carson
** Cruise ID: RC0083
** Tech: McHugh/Nomura
** Chief Scientist: Cross
** Station: GB17
** Cast:  CTD067
# nquan = 19
# nvalues = 16999                                 
# units = specified
# name 0 = latitude: Latitude [deg]
# name 1 = longitude: Longitude [deg]
# name 2 = sfdSM: Seafloor depth [salt water, m]
# name 3 = prDM: Pressure, Digiquartz [db]
# name 4 = depSM: Depth [salt water, m]
# name 5 = t090C: Temperature [ITS-90, deg C]
# name 6 = sal00: Salinity, Practical [PSU]
# name 7 = density00: Density [density, kg/m^3]
# name 8 = sigma-é00: Density [sigma-theta, kg/m^3]
# name 9 = potemp090C: Potential Temperature [ITS-90, deg C]
# name 10 = sbeox0PS: Oxygen, SBE 43 [% saturation]
# name 11 = CStarTr0: Beam Transmission, WET Labs C-Star [%]
# name 12 = flECO-AFL: Fluorescence, WET Labs ECO-AFL/FL [mg/m^3]
# name 13 = ph: pH
# name 14 = sbeox0ML/L: Oxygen, SBE 43 [ml/l]
# name 15 = sbeox0Mg/L: Oxygen, SBE 43 [mg/l]
# name 16 = sbox0Mm/Kg: Oxygen, SBE 43 [umol/kg]
# name 17 = sbeox0Mm/L: Oxygen, SBE 43 [umol/l]
# name 18 = flag:  0.000e+00
# span 0 =   58.97364,   58.97422                 
# span 1 = -136.13640, -136.13532                 
# span 2 =      3.476,    246.918                 
# span 3 =      2.843,    190.742                 
# span 4 =      2.816,    188.872                 
# span 5 =     4.7773,     7.4370                 
# span 6 =    11.6679,    30.9032                 
# span 7 =  1009.1931,  1025.3402                 
# span 8 =     9.1780,    24.4533                 
# span 9 =     4.7641,     7.4354                 
# span 10 =     69.479,    100.427                
# span 11 =    17.7045,    95.9338                
# span 12 =    -0.1177,     1.4940                
# span 13 =      7.912,      8.496                
# span 14 =     4.8260,     8.0379                
# span 15 =     6.8969,    11.4869                
# span 16 =    210.576,    355.130                
# span 17 =    215.531,    358.972                
# span 18 = 0.0000e+00, 0.0000e+00                
# interval = seconds: 0.0416667
# start_time = Aug 20 2022 18:55:28 [NMEA time, header]
# bad_flag = -9.990e-29
*END*
[from data line 14858]
   58.97370 -136.13546    122.395     23.988     23.763     7.1727    29.9806  1023.5561    23.4456     7.1707     70.385    92.1300     0.0288      8.000     4.8916     6.9906    213.455    218.460  0.000e+00
   58.97370 -136.13546    122.339     23.932     23.707     7.1730    29.9799  1023.5553    23.4450     7.1710     70.435    92.1300    -0.0005      8.000     4.8951     6.9956    213.608    218.616  0.000e+00
   58.97370 -136.13546    122.339     23.932     23.707     7.1728    29.9793  1023.5548    23.4446     7.1708     70.429    92.1300    -0.0005      8.000     4.8947     6.9951    213.592    218.599  0.000e+00
   58.97370 -136.13546    122.275     23.867     23.643     7.1725    29.9795  1023.5547    23.4447     7.1705     70.429    92.1300     0.0288      8.000     4.8947     6.9951    213.591    218.599  0.000e+00
   58.97370 -136.13546    122.275     23.867     23.643     7.1722    29.9787  1023.5541    23.4442     7.1702     70.428    92.1300    -0.0005      8.000     4.8947     6.9950    213.590    218.598  0.000e+00
   58.97370 -136.13546    122.219     23.811     23.587     7.1732    29.9767  1023.5522    23.4425     7.1711     70.424    92.1300    -0.0005      8.000     4.8945     6.9947    213.579    218.586  0.000e+00
   58.97370 -136.13546    122.219     23.811     23.587     7.1738    29.9762  1023.5517    23.4420     7.1718     70.421    92.1300    -0.0005      8.000     4.8941     6.9942    213.566    218.572  0.000e+00
   58.97370 -136.13546    122.219     23.811     23.587     7.1746    29.9767  1023.5520    23.4423     7.1725     70.416    92.1300     0.0288      8.000     4.8937     6.9936    213.546    218.552  0.000e+00
   58.97370 -136.13546    122.155     23.746     23.523     7.1754    29.9762  1023.5512    23.4418     7.1734     70.409    92.1300     0.0288      8.000     4.8931     6.9928    213.522    218.527  0.000e+00
   58.97370 -136.13546    122.155     23.746     23.523     7.1761    29.9755  1023.5506    23.4412     7.1741     70.402    92.1300     0.0288      8.000     4.8926     6.9920    213.497    218.502  0.000e+00
   58.97370 -136.13546    122.099     23.689     23.467     7.1775    29.9739  1023.5488    23.4397     7.1755     70.400    92.1300    -0.0005      8.000     4.8923     6.9917    213.488    218.492  0.000e+00
   58.97370 -136.13546    122.099     23.689     23.467     7.1788    29.9719  1023.5471    23.4379     7.1768     70.398    92.1300    -0.0005      8.000     4.8921     6.9913    213.478    218.482  0.000e+00
   58.97370 -136.13546    122.075     23.665     23.443     7.1800    29.9693  1023.5448    23.4357     7.1779     70.339    92.1300    -0.0005      8.000     4.8880     6.9854    213.299    218.298  0.000e+00
   58.97370 -136.13546    122.043     23.633     23.411     7.1812    29.9656  1023.5416    23.4327     7.1792     70.328    92.1300     0.0288      8.000     4.8872     6.9843    213.265    218.262  0.000e+00
   58.97370 -136.13546    121.979     23.568     23.347     7.1817    29.9639  1023.5399    23.4313     7.1797     70.372    92.1300     0.0288      8.000     4.8902     6.9886    213.397    218.398  0.000e+00
   58.97370 -136.13546    121.979     23.568     23.347     7.1812    29.9635  1023.5397    23.4311     7.1792     70.367    92.1300     0.0288      8.000     4.8900     6.9882    213.386    218.386  0.000e+00
   58.97370 -136.13546    121.923     23.512     23.290     7.1812    29.9614  1023.5377    23.4294     7.1792     70.361    92.1300    -0.0005      8.000     4.8896     6.9877    213.370    218.369  0.000e+00
   58.97370 -136.13546    121.979     23.568     23.347     7.1815    29.9589  1023.5360    23.4274     7.1795     70.410    92.1300    -0.0005      8.000     4.8931     6.9927    213.522    218.524  0.000e+00
   58.97370 -136.13546    121.835     23.447     23.226     7.1822    29.9571  1023.5339    23.4259     7.1802     70.408    92.1300     0.0288      8.000     4.8929     6.9925    213.516    218.518  0.000e+00
   58.97370 -136.13546    121.923     23.512     23.290     7.1838    29.9550  1023.5324    23.4241     7.1818     70.407    92.1020     0.0288      8.005     4.8927     6.9922    213.507    218.508  0.000e+00
   58.97370 -136.13546    121.859     23.447     23.226     7.1853    29.9532  1023.5305    23.4225     7.1833     70.403    91.9622     0.0288      8.000     4.8923     6.9916    213.491    218.491  0.000e+00
   58.97370 -136.13546    121.778     23.390     23.170     7.1861    29.9520  1023.5292    23.4214     7.1841     70.405    91.9342    -0.0005      8.000     4.8925     6.9918    213.497    218.498  0.000e+00
   58.97370 -136.13546    121.803     23.390     23.170     7.1866    29.9525  1023.5294    23.4217     7.1846     70.408    91.9342     0.0288      8.000     4.8926     6.9920    213.501    218.502  0.000e+00
   58.97370 -136.13546    121.747     23.334     23.114     7.1866    29.9520  1023.5289    23.4214     7.1846     70.409    91.9342     0.0288      8.000     4.8926     6.9921    213.505    218.505  0.000e+00
   58.97370 -136.13546    121.779     23.366     23.146     7.1868    29.9511  1023.5283    23.4206     7.1848     70.410    91.9622     0.0288      8.000     4.8927     6.9922    213.507    218.508  0.000e+00
   58.97370 -136.13546    121.722     23.334     23.114     7.1873    29.9498  1023.5270    23.4195     7.1853     70.409    91.9622     0.0288      8.000     4.8926     6.9921    213.505    218.505  0.000e+00
   58.97370 -136.13546    121.683     23.269     23.050     7.1888    29.9481  1023.5252    23.4180     7.1868     70.407    91.9622     0.0288      8.000     4.8924     6.9917    213.494    218.494  0.000e+00
   58.97370 -136.13546    121.683     23.269     23.050     7.1901    29.9465  1023.5238    23.4166     7.1881     70.460    91.9622    -0.0005      8.000     4.8960     6.9969    213.652    218.655  0.000e+00
   58.97370 -136.13546    121.627     23.213     22.994     7.1917    29.9449  1023.5220    23.4151     7.1897     70.463    91.9622    -0.0005      8.005     4.8961     6.9970    213.656    218.659  0.000e+00
   58.97370 -136.13546    121.627     23.213     22.994     7.1932    29.9445  1023.5215    23.4146     7.1912     70.466    91.9622     0.0288      8.000     4.8961     6.9970    213.657    218.660  0.000e+00
   58.97370 -136.13546    121.627     23.213     22.994     7.1943    29.9442  1023.5212    23.4142     7.1923     70.467    91.9342     0.0288      8.000     4.8961     6.9970    213.656    218.659  0.000e+00
   58.97370 -136.13546    121.571     23.156     22.938     7.1954    29.9430  1023.5198    23.4131     7.1934     70.474    91.9622    -0.0005      8.005     4.8965     6.9976    213.674    218.677  0.000e+00
   58.97370 -136.13546    121.571     23.156     22.938     7.1961    29.9422  1023.5190    23.4124     7.1941     70.529    91.9342     0.0288      8.000     4.9002     7.0029    213.838    218.845  0.000e+00
   58.97370 -136.13546    121.507     23.091     22.874     7.1963    29.9417  1023.5183    23.4119     7.1944     70.534    91.9342     0.0288      8.000     4.9005     7.0034    213.852    218.858  0.000e+00
   58.97370 -136.13546    121.507     23.091     22.874     7.1972    29.9411  1023.5177    23.4114     7.1952     70.545    91.9622    -0.0005      8.000     4.9012     7.0044    213.882    218.889  0.000e+00
   58.97370 -136.13546    121.507     23.091     22.874     7.1978    29.9398  1023.5166    23.4103     7.1958     70.555    91.9622    -0.0005      8.000     4.9019     7.0053    213.911    218.919  0.000e+00
   58.97370 -136.13546    121.427     23.011     22.794     7.1988    29.9393  1023.5157    23.4097     7.1968     70.562    91.9622     0.0288      8.005     4.9023     7.0059    213.931    218.939  0.000e+00
   58.97370 -136.13546    121.451     23.035     22.818     7.1990    29.9407  1023.5170    23.4109     7.1970     70.570    91.9622     0.0288      8.000     4.9028     7.0066    213.951    218.960  0.000e+00
   58.97370 -136.13546    121.387     22.970     22.754     7.1985    29.9416  1023.5174    23.4116     7.1965     70.632    91.9342    -0.0005      8.005     4.9071     7.0128    214.138    219.152  0.000e+00
   58.97370 -136.13546    121.387     22.970     22.754     7.1988    29.9411  1023.5170    23.4112     7.1968     70.644    91.9342     0.0288      8.005     4.9079     7.0139    214.174    219.188  0.000e+00
   58.97370 -136.13546    121.387     22.970     22.754     7.1993    29.9411  1023.5169    23.4111     7.1973     70.654    91.7664    -0.0005      8.005     4.9086     7.0149    214.204    219.219  0.000e+00
   58.97370 -136.13546    121.331     22.914     22.698     7.1988    29.9414  1023.5170    23.4114     7.1969     70.663    91.7105    -0.0005      8.005     4.9093     7.0158    214.232    219.247  0.000e+00
   58.97370 -136.13546    121.331     22.914     22.698     7.1986    29.9417  1023.5173    23.4117     7.1966     70.671    91.7105    -0.0005      8.000     4.9098     7.0166    214.255    219.271  0.000e+00
   58.97370 -136.13546    121.275     22.857     22.642     7.1995    29.9407  1023.5161    23.4108     7.1975     70.731    91.7105    -0.0005      8.005     4.9140     7.0225    214.438    219.458  0.000e+00
   58.97370 -136.13546    121.275     22.857     22.642     7.2009    29.9409  1023.5160    23.4107     7.1989     70.750    91.7105     0.0288      8.000     4.9151     7.0242    214.487    219.509  0.000e+00
   58.97370 -136.13546    121.211     22.792     22.578     7.2021    29.9414  1023.5159    23.4109     7.2001     70.767    91.7105     0.0288      8.005     4.9161     7.0256    214.532    219.554  0.000e+00
   58.97370 -136.13546    121.275     22.857     22.642     7.2036    29.9397  1023.5147    23.4095     7.2017     70.831    91.7105    -0.0005      8.000     4.9205     7.0318    214.722    219.748  0.000e+00
   58.97370 -136.13546    121.187     22.768     22.554     7.2057    29.9382  1023.5129    23.4080     7.2037     70.844    91.7105     0.0288      8.005     4.9211     7.0328    214.752    219.778  0.000e+00
   58.97370 -136.13546    121.154     22.736     22.522     7.2085    29.9361  1023.5107    23.4060     7.2065     70.855    91.7105     0.0288      8.000     4.9216     7.0335    214.774    219.801  0.000e+00
   58.97370 -136.13546    121.154     22.736     22.522     7.2102    29.9347  1023.5094    23.4046     7.2083     70.864    91.7105    -0.0005      8.004     4.9221     7.0342    214.795    219.822  0.000e+00
   58.97370 -136.13546    121.154     22.736     22.522     7.2114    29.9329  1023.5078    23.4031     7.2094     70.878    91.7105     0.0288      8.000     4.9231     7.0356    214.837    219.864  0.000e+00
   58.97370 -136.13546    121.098     22.679     22.466     7.2115    29.9327  1023.5074    23.4029     7.2096     70.891    91.7384     0.0288      8.004     4.9239     7.0368    214.874    219.903  0.000e+00
   58.97370 -136.13546    121.098     22.679     22.466     7.2111    29.9341  1023.5086    23.4041     7.2091     70.958    91.7105     0.0288      8.000     4.9286     7.0434    215.076    220.110  0.000e+00
   58.97370 -136.13546    121.098     22.679     22.466     7.2114    29.9336  1023.5081    23.4037     7.2094     70.974    91.7105    -0.0005      8.000     4.9297     7.0450    215.125    220.160  0.000e+00
   58.97370 -136.13546    121.034     22.615     22.402     7.2119    29.9332  1023.5075    23.4033     7.2099     71.043    91.7105    -0.0005      8.004     4.9344     7.0518    215.333    220.372  0.000e+00
   58.97370 -136.13546    120.978     22.558     22.346     7.2125    29.9328  1023.5068    23.4028     7.2106     71.061    91.7105     0.0288      8.000     4.9357     7.0536    215.386    220.427  0.000e+00
   58.97370 -136.13546    121.034     22.614     22.402     7.2130    29.9323  1023.5066    23.4024     7.2111     71.079    91.7105     0.0288      8.000     4.9368     7.0552    215.436    220.478  0.000e+00
   58.97370 -136.13546    120.954     22.534     22.322     7.2136    29.9310  1023.5051    23.4013     7.2117     71.092    91.7105     0.0288      8.004     4.9377     7.0565    215.476    220.518  0.000e+00
   58.97370 -136.13546    120.978     22.558     22.346     7.2148    29.9300  1023.5043    23.4004     7.2128     71.159    91.7105    -0.0005      8.000     4.9423     7.0630    215.676    220.723  0.000e+00
   58.97370 -136.13546    120.914     22.493     22.282     7.2153    29.9312  1023.5049    23.4013     7.2133     71.119    91.7105     0.0288      8.004     4.9394     7.0589    215.551    220.595  0.000e+00
   58.97370 -136.13546    120.858     22.437     22.226     7.2154    29.9314  1023.5048    23.4014     7.2135     71.126    91.3469     0.0288      8.004     4.9398     7.0595    215.568    220.613  0.000e+00
   58.97370 -136.13546    120.914     22.493     22.282     7.2158    29.9302  1023.5041    23.4004     7.2138     71.178    91.0951     0.0581      8.000     4.9435     7.0647    215.728    220.776  0.000e+00
   58.97370 -136.13546    120.834     22.437     22.226     7.2159    29.9301  1023.5036    23.4003     7.2140     71.179    91.0672     0.0581      8.004     4.9435     7.0647    215.728    220.777  0.000e+00
   58.97370 -136.13546    120.858     22.437     22.226     7.2156    29.9302  1023.5038    23.4004     7.2136     71.184    91.0951     0.0581      8.000     4.9439     7.0654    215.747    220.795  0.000e+00
   58.97370 -136.13546    120.778     22.380     22.170     7.2153    29.9303  1023.5036    23.4005     7.2133     71.186    91.1231     0.0581      8.004     4.9441     7.0656    215.755    220.804  0.000e+00
   58.97370 -136.13546    120.802     22.380     22.170     7.2146    29.9298  1023.5034    23.4003     7.2126     71.186    91.1231     0.0581      8.000     4.9442     7.0658    215.759    220.808  0.000e+00
   58.97370 -136.13546    120.714     22.315     22.106     7.2143    29.9317  1023.5046    23.4018     7.2124     71.246    91.0951     0.0581      8.004     4.9483     7.0717    215.939    220.992  0.000e+00
   58.97370 -136.13546    120.714     22.291     22.082     7.2133    29.9335  1023.5060    23.4033     7.2114     71.200    91.0951     0.0581      8.004     4.9452     7.0672    215.801    220.852  0.000e+00
   58.97370 -136.13546    120.738     22.315     22.106     7.2126    29.9339  1023.5065    23.4037     7.2107     71.256    91.1231     0.0581      8.000     4.9491     7.0728    215.972    221.027  0.000e+00
   58.97370 -136.13546    120.658     22.259     22.050     7.2115    29.9350  1023.5073    23.4047     7.2096     71.260    91.0951     0.0581      8.004     4.9495     7.0733    215.988    221.043  0.000e+00
   58.97370 -136.13546    120.658     22.259     22.050     7.2107    29.9361  1023.5083    23.4057     7.2088     71.261    91.1231     0.0581      8.004     4.9496     7.0735    215.995    221.051  0.000e+00
   58.97370 -136.13546    120.594     22.194     21.986     7.2100    29.9364  1023.5082    23.4060     7.2080     71.260    91.0951     0.0581      8.004     4.9496     7.0735    215.993    221.049  0.000e+00
   58.97370 -136.13546    120.594     22.194     21.986     7.2104    29.9358  1023.5078    23.4055     7.2085     71.256    91.0951     0.0581      8.000     4.9493     7.0730    215.980    221.035  0.000e+00
   58.97370 -136.13546    120.594     22.194     21.986     7.2119    29.9355  1023.5073    23.4051     7.2100     71.249    91.1231     0.0581      8.004     4.9486     7.0721    215.952    221.007  0.000e+00
   58.97370 -136.13546    120.562     22.138     21.930     7.2148    29.9347  1023.5060    23.4041     7.2129     71.238    91.0951     0.0581      8.004     4.9476     7.0706    215.907    220.960  0.000e+00
