EcoFOCI/data/1_SampleCollection/2022_GOA-OA_CruiseData/CTD_raw_BottleFile_RC0083/RC0083_147.cnv
* Sea-Bird SBE 9 Data File:
* FileName = C:\Data\RC0083ctd\RC0083_147.hex
* Software Version Seasave V 7.26.7.107
* Temperature SN = 2060
* Conductivity SN = 2881
* Number of Bytes Per Scan = 31
* Number of Voltage Words = 4
* Number of Scans Averaged by the Deck Unit = 1
* NMEA Latitude = 54 55.91 N
* NMEA Longitude = 131 07.10 W
* NMEA UTC (Time) = Aug 28 2022  20:23:40
* NMEA baud rate = 4800
** Ship: R/V Rachel Carson
** Cruise ID: RC0083
** Tech: McHugh/Nomura
** Chief Scientist: Cross
** Station: RC2
** Cast:  CTD147
# nquan = 19
# nvalues = 13177                                 
# units = specified
# name 0 = latitude: Latitude [deg]
# name 1 = longitude: Longitude [deg]
# name 2 = sfdSM: Seafloor depth [salt water, m]
# name 3 = prDM: Pressure, Digiquartz [db]
# name 4 = depSM: Depth [salt water, m]
# name 5 = t090C: Temperature [ITS-90, deg C]
# name 6 = sal00: Salinity, Practical [PSU]
# name 7 = density00: Density [density, kg/m^3]
# name 8 = sigma-é00: Density [sigma-theta, kg/m^3]
# name 9 = potemp090C: Potential Temperature [ITS-90, deg C]
# name 10 = sbeox0PS: Oxygen, SBE 43 [% saturation]
# name 11 = CStarTr0: Beam Transmission, WET Labs C-Star [%]
# name 12 = flECO-AFL: Fluorescence, WET Labs ECO-AFL/FL [mg/m^3]
# name 13 = ph: pH
# name 14 = sbeox0ML/L: Oxygen, SBE 43 [ml/l]
# name 15 = sbeox0Mg/L: Oxygen, SBE 43 [mg/l]
# name 16 = sbox0Mm/Kg: Oxygen, SBE 43 [umol/kg]
# name 17 = sbeox0Mm/L: Oxygen, SBE 43 [umol/l]
# name 18 = flag:  0.000e+00
# span 0 =   54.93186,   54.93524                 
# span 1 = -131.11942, -131.11838                 
# span 2 =     84.561,    288.623                 
# span 3 =      3.169,    199.958                 
# span 4 =      3.140,    198.061                 
# span 5 =     5.9487,    13.2614                 
# span 6 =    27.7053,    33.3859                 
# span 7 =  1020.7170,  1027.2036                 
# span 8 =    20.7007,    26.2856                 
# span 9 =     5.9322,    13.2610                 
# span 10 =     26.094,     92.420                
# span 11 =    84.0190,   103.7931                
# span 12 =    -0.1177,     4.9812                
# span 13 =      7.681,      8.312                
# span 14 =     1.8243,     5.7025                
# span 15 =     2.6071,     8.1494                
# span 16 =     79.387,    249.507                
# span 17 =     81.474,    254.673                
# span 18 = 0.0000e+00, 0.0000e+00                
# interval = seconds: 0.0416667
# start_time = Aug 28 2022 20:23:40 [NMEA time, header]
# bad_flag = -9.990e-29
*END*
[from data line 1524]
   54.93226 -131.11844    141.183     43.040     42.648     8.0746    31.5090  1024.7201    24.5232     8.0705     50.775   103.6532     0.2046      7.887     3.4224     4.8909    149.185    152.844  0.000e+00
   54.93226 -131.11844    141.183     43.040     42.648     8.0759    31.5056  1024.7173    24.5204     8.0718     50.827   103.6532     0.2046      7.887     3.4259     4.8959    149.337    152.999  0.000e+00
   54.93226 -131.11844    141.303     43.162     42.768     8.0767    31.5036  1024.7161    24.5187     8.0726     50.776   103.6532     0.2046      7.887     3.4224     4.8910    149.187    152.845  0.000e+00
   54.93226 -131.11844    141.215     43.097     42.704     8.0780    31.5015  1024.7140    24.5169     8.0739     50.722   103.6532     0.1753      7.887     3.4187     4.8856    149.025    152.678  0.000e+00
   54.93226 -131.11844    141.295     43.153     42.760     8.0793    31.5007  1024.7134    24.5161     8.0751     50.715   103.6532     0.2046      7.887     3.4182     4.8849    149.002    152.655  0.000e+00
   54.93226 -131.11844    141.247     43.105     42.712     8.0814    31.4994  1024.7119    24.5148     8.0772     50.711   103.6532     0.2046      7.887     3.4178     4.8843    148.985    152.637  0.000e+00
   54.93226 -131.11844    141.271     43.153     42.760     8.0840    31.4981  1024.7107    24.5134     8.0799     50.711   103.6532     0.2046      7.887     3.4176     4.8841    148.977    152.629  0.000e+00
   54.93226 -131.11844    141.303     43.162     42.768     8.0858    31.4983  1024.7107    24.5133     8.0816     50.658   103.6532     0.2046      7.887     3.4138     4.8787    148.814    152.462  0.000e+00
   54.93226 -131.11844    141.239     43.097     42.704     8.0867    31.5001  1024.7116    24.5146     8.0826     50.658   103.6532     0.2046      7.887     3.4137     4.8786    148.809    152.457  0.000e+00
   54.93226 -131.11844    141.295     43.153     42.760     8.0827    31.5097  1024.7200    24.5227     8.0786     50.600   103.6532     0.2046      7.887     3.4099     4.8731    148.643    152.288  0.000e+00
   54.93226 -131.11844    141.303     43.162     42.768     8.0764    31.5226  1024.7310    24.5336     8.0723     50.596   103.6532     0.2046      7.887     3.4098     4.8730    148.637    152.284  0.000e+00
   54.93226 -131.11844    141.359     43.218     42.824     8.0695    31.5352  1024.7422    24.5446     8.0654     50.595   103.6532     0.2046      7.887     3.4101     4.8733    148.645    152.294  0.000e+00
   54.93226 -131.11844    141.335     43.218     42.824     8.0619    31.5511  1024.7557    24.5581     8.0578     50.598   103.6532     0.1753      7.887     3.4105     4.8739    148.662    152.313  0.000e+00
   54.93226 -131.11844    141.343     43.226     42.832     8.0530    31.5712  1024.7728    24.5751     8.0489     50.605   103.6532     0.2046      7.887     3.4112     4.8749    148.689    152.343  0.000e+00
   54.93226 -131.11844    141.535     43.396     43.000     8.0453    31.5879  1024.7878    24.5894     8.0411     50.553   103.5973     0.2632      7.887     3.4079     4.8703    148.545    152.198  0.000e+00
   54.93226 -131.11844    141.479     43.339     42.944     8.0412    31.5969  1024.7951    24.5970     8.0371     50.497   103.5413     0.3218      7.887     3.4043     4.8650    148.385    152.035  0.000e+00
   54.93226 -131.11844    141.487     43.347     42.952     8.0360    31.6078  1024.8045    24.6063     8.0319     50.490   103.5413     0.3511      7.887     3.4039     4.8645    148.368    152.019  0.000e+00
   54.93226 -131.11844    141.511     43.396     43.000     8.0290    31.6192  1024.8146    24.6162     8.0249     50.486   103.5413     0.3511      7.887     3.4040     4.8646    148.368    152.020  0.000e+00
   54.93226 -131.11844    141.695     43.582     43.185     8.0264    31.6206  1024.8170    24.6177     8.0223     50.430   103.5413     0.3511      7.887     3.4004     4.8594    148.211    151.860  0.000e+00
   54.93226 -131.11844    141.655     43.517     43.121     8.0274    31.6163  1024.8132    24.6142     8.0232     50.426   103.5413     0.3511      7.887     3.4001     4.8591    148.202    151.850  0.000e+00
   54.93226 -131.11844    141.655     43.517     43.121     8.0282    31.6151  1024.8121    24.6131     8.0241     50.427   103.5413     0.3511      7.887     3.4001     4.8591    148.202    151.849  0.000e+00
   54.93226 -131.11844    141.759     43.646     43.249     8.0263    31.6198  1024.8167    24.6171     8.0222     50.432   103.5134     0.3511      7.887     3.4005     4.8597    148.218    151.867  0.000e+00
   54.93226 -131.11844    141.832     43.695     43.297     8.0198    31.6328  1024.8281    24.6282     8.0156     50.441   103.5413     0.3511      7.887     3.4013     4.8608    148.252    151.903  0.000e+00
   54.93226 -131.11844    141.863     43.751     43.353     8.0134    31.6437  1024.8378    24.6377     8.0093     50.447   103.5413     0.3511      7.887     3.4020     4.8618    148.280    151.933  0.000e+00
   54.93226 -131.11844    141.896     43.760     43.361     8.0089    31.6514  1024.8445    24.6444     8.0048     50.400   103.5134     0.3511      7.887     3.3990     4.8575    148.149    151.800  0.000e+00
   54.93226 -131.11844    141.952     43.816     43.417     8.0012    31.6648  1024.8564    24.6560     7.9970     50.408   103.5413     0.3511      7.887     3.3998     4.8587    148.183    151.836  0.000e+00
   54.93226 -131.11844    141.960     43.824     43.425     7.9909    31.6826  1024.8719    24.6714     7.9867     50.363   103.5413     0.3511      7.887     3.3972     4.8549    148.066    151.719  0.000e+00
   54.93226 -131.11844    142.128     43.994     43.593     7.9819    31.6973  1024.8854    24.6842     7.9777     50.367   103.5413     0.3511      7.887     3.3978     4.8558    148.092    151.747  0.000e+00
   54.93226 -131.11844    142.128     43.994     43.593     7.9755    31.7065  1024.8935    24.6923     7.9713     50.367   103.5413     0.3511      7.887     3.3981     4.8563    148.104    151.761  0.000e+00
   54.93226 -131.11844    142.111     44.002     43.601     7.9687    31.7146  1024.9009    24.6997     7.9645     50.371   103.5413     0.3511      7.887     3.3987     4.8571    148.129    151.788  0.000e+00
   54.93226 -131.11844    142.248     44.115     43.713     7.9614    31.7224  1024.9086    24.7068     7.9572     50.379   103.5413     0.3511      7.887     3.3997     4.8585    148.169    151.829  0.000e+00
   54.93226 -131.11844    142.279     44.172     43.769     7.9555    31.7284  1024.9144    24.7124     7.9513     50.384   103.5413     0.3511      7.887     3.4003     4.8594    148.196    151.858  0.000e+00
   54.93228 -131.11842    142.312     44.180     43.777     7.9508    31.7336  1024.9192    24.7172     7.9466     50.335   103.5413     0.3511      7.887     3.3973     4.8551    148.063    151.723  0.000e+00
   54.93228 -131.11842    142.360     44.228     43.825     7.9447    31.7405  1024.9257    24.7234     7.9405     50.285   103.5134     0.3511      7.887     3.3942     4.8506    147.927    151.584  0.000e+00
   54.93228 -131.11842    142.432     44.301     43.897     7.9386    31.7476  1024.9325    24.7299     7.9344     50.288   103.5413     0.2925      7.887     3.3947     4.8514    147.950    151.608  0.000e+00
   54.93228 -131.11842    142.536     44.406     44.001     7.9343    31.7524  1024.9373    24.7342     7.9301     50.295   103.5693     0.1753      7.882     3.3954     4.8524    147.980    151.641  0.000e+00
   54.93228 -131.11842    142.576     44.471     44.065     7.9323    31.7545  1024.9396    24.7362     7.9281     50.300   103.5693     0.1753      7.882     3.3958     4.8530    147.997    151.658  0.000e+00
   54.93228 -131.11842    142.520     44.414     44.009     7.9297    31.7572  1024.9418    24.7386     7.9255     50.300   103.5413     0.1753      7.882     3.3960     4.8533    148.006    151.667  0.000e+00
   54.93228 -131.11842    142.720     44.592     44.185     7.9281    31.7589  1024.9442    24.7402     7.9239     50.250   103.5413     0.1753      7.882     3.3927     4.8485    147.860    151.518  0.000e+00
   54.93228 -131.11842    142.720     44.592     44.185     7.9243    31.7620  1024.9472    24.7432     7.9200     50.302   103.5413     0.1753      7.882     3.3964     4.8538    148.022    151.685  0.000e+00
   54.93228 -131.11842    142.840     44.713     44.306     7.9177    31.7673  1024.9528    24.7483     7.9134     50.251   103.5413     0.1753      7.882     3.3934     4.8495    147.890    151.550  0.000e+00
   54.93228 -131.11842    142.808     44.705     44.298     7.9069    31.7738  1024.9594    24.7549     7.9026     50.254   103.5693     0.1753      7.882     3.3943     4.8508    147.926    151.588  0.000e+00
   54.93228 -131.11842    142.880     44.778     44.370     7.8924    31.7818  1024.9681    24.7633     7.8882     50.204   103.5693     0.1753      7.882     3.3919     4.8473    147.820    151.480  0.000e+00
   54.93228 -131.11842    143.016     44.891     44.482     7.8820    31.7875  1024.9746    24.7692     7.8777     50.152   103.5413     0.1753      7.882     3.3890     4.8432    147.694    151.353  0.000e+00
   54.93228 -131.11842    142.992     44.891     44.482     7.8755    31.7915  1024.9786    24.7732     7.8713     50.146   103.5693     0.1753      7.882     3.3890     4.8433    147.695    151.354  0.000e+00
   54.93228 -131.11842    143.137     45.012     44.602     7.8730    31.7928  1024.9806    24.7746     7.8688     50.145   103.5413     0.1753      7.883     3.3891     4.8433    147.697    151.357  0.000e+00
   54.93228 -131.11842    143.129     45.004     44.594     7.8722    31.7936  1024.9812    24.7753     7.8680     50.202   103.5693     0.1753      7.883     3.3930     4.8489    147.868    151.532  0.000e+00
   54.93228 -131.11842    143.257     45.133     44.722     7.8724    31.7937  1024.9819    24.7754     7.8682     50.150   103.5693     0.1753      7.883     3.3895     4.8439    147.716    151.375  0.000e+00
   54.93228 -131.11842    143.249     45.125     44.714     7.8722    31.7940  1024.9821    24.7757     7.8680     50.152   103.5693     0.1753      7.883     3.3896     4.8441    147.720    151.380  0.000e+00
   54.93228 -131.11842    143.369     45.247     44.834     7.8726    31.7934  1024.9822    24.7752     7.8683     50.157   103.5693     0.1753      7.878     3.3899     4.8446    147.735    151.395  0.000e+00
   54.93228 -131.11842    143.433     45.311     44.898     7.8724    31.7937  1024.9827    24.7754     7.8681     50.172   103.5693     0.1753      7.883     3.3909     4.8460    147.778    151.439  0.000e+00
   54.93228 -131.11842    143.464     45.368     44.954     7.8732    31.7925  1024.9819    24.7743     7.8689     50.183   103.5413     0.1753      7.878     3.3917     4.8471    147.811    151.473  0.000e+00
   54.93228 -131.11842    143.529     45.432     45.018     7.8736    31.7920  1024.9818    24.7739     7.8693     50.136   103.5693     0.1753      7.878     3.3885     4.8424    147.670    151.329  0.000e+00
   54.93228 -131.11842    143.601     45.481     45.066     7.8740    31.7913  1024.9814    24.7733     7.8697     50.142   103.5693     0.1753      7.883     3.3888     4.8430    147.687    151.345  0.000e+00
   54.93228 -131.11842    143.673     45.554     45.138     7.8736    31.7923  1024.9826    24.7742     7.8693     50.151   103.5413     0.1753      7.878     3.3895     4.8439    147.715    151.374  0.000e+00
   54.93228 -131.11842    143.697     45.602     45.186     7.8735    31.7921  1024.9826    24.7740     7.8692     50.107   103.5413     0.1460      7.878     3.3865     4.8397    147.586    151.242  0.000e+00
   54.93230 -131.11842    143.761     45.667     45.250     7.8730    31.7926  1024.9834    24.7745     7.8687     50.167   103.5413     0.1167      7.878     3.3906     4.8455    147.764    151.425  0.000e+00
   54.93230 -131.11842    143.905     45.788     45.370     7.8737    31.7930  1024.9842    24.7747     7.8694     50.180   103.5413     0.1460      7.878     3.3914     4.8467    147.800    151.461  0.000e+00
   54.93230 -131.11842    143.897     45.780     45.362     7.8750    31.7928  1024.9838    24.7744     7.8706     50.133   103.5413     0.1460      7.878     3.3881     4.8420    147.656    151.314  0.000e+00
   54.93230 -131.11842    144.025     45.909     45.491     7.8753    31.7924  1024.9841    24.7740     7.8710     50.140   103.5413     0.1167      7.873     3.3886     4.8426    147.676    151.334  0.000e+00
   54.93230 -131.11842    144.017     45.901     45.483     7.8757    31.7921  1024.9837    24.7737     7.8713     50.092   103.5413     0.1460      7.878     3.3854     4.8380    147.536    151.191  0.000e+00
   54.93230 -131.11842    144.049     45.958     45.539     7.8761    31.7912  1024.9832    24.7729     7.8718     50.155   103.5413     0.1460      7.878     3.3896     4.8441    147.721    151.380  0.000e+00
   54.93230 -131.11842    144.177     46.087     45.667     7.8757    31.7902  1024.9830    24.7722     7.8713     50.115   103.5413     0.1460      7.873     3.3870     4.8403    147.605    151.262  0.000e+00
   54.93230 -131.11842    144.258     46.144     45.723     7.8734    31.7894  1024.9830    24.7719     7.8690     50.122   103.5413     0.1460      7.873     3.3876     4.8412    147.634    151.291  0.000e+00
   54.93230 -131.11842    144.322     46.208     45.787     7.8703    31.7898  1024.9841    24.7726     7.8659     50.070   103.5413     0.1460      7.873     3.3843     4.8365    147.489    151.142  0.000e+00
   54.93230 -131.11842    144.314     46.200     45.779     7.8687    31.7896  1024.9841    24.7728     7.8644     50.070   103.5413     0.1460      7.873     3.3844     4.8367    147.494    151.148  0.000e+00
   54.93230 -131.11842    144.473     46.386     45.963     7.8677    31.7897  1024.9852    24.7729     7.8633     50.074   103.5413     0.1460      7.873     3.3848     4.8372    147.510    151.165  0.000e+00
   54.93230 -131.11842    144.465     46.378     45.955     7.8670    31.7901  1024.9856    24.7734     7.8627     50.074   103.5413     0.1460      7.873     3.3848     4.8372    147.511    151.166  0.000e+00
   54.93230 -131.11842    144.554     46.443     46.019     7.8672    31.7901  1024.9858    24.7733     7.8629     50.077   103.5413     0.1460      7.873     3.3850     4.8375    147.519    151.174  0.000e+00
   54.93230 -131.11842    144.674     46.564     46.139     7.8657    31.7920  1024.9881    24.7751     7.8613     50.083   103.5693     0.1167      7.873     3.3855     4.8382    147.540    151.196  0.000e+00
   54.93230 -131.11842    144.786     46.677     46.251     7.8618    31.7955  1024.9919    24.7783     7.8574     50.092   103.5413     0.1460      7.873     3.3863     4.8394    147.577    151.233  0.000e+00
   54.93230 -131.11842    144.794     46.685     46.259     7.8592    31.7978  1024.9941    24.7805     7.8548     50.047   103.5413     0.1460      7.873     3.3834     4.8352    147.450    151.104  0.000e+00
   54.93230 -131.11842    144.786     46.677     46.251     7.8564    31.8000  1024.9962    24.7826     7.8520     49.998   103.5413     0.1460      7.873     3.3803     4.8308    147.314    150.965  0.000e+00
   54.93230 -131.11842    144.946     46.863     46.435     7.8548    31.8011  1024.9981    24.7837     7.8504     49.942   103.5413     0.1167      7.873     3.3766     4.8255    147.152    150.799  0.000e+00
   54.93230 -131.11842    145.138     47.033     46.604     7.8545    31.8014  1024.9992    24.7841     7.8501     49.939   103.5693     0.1460      7.873     3.3764     4.8253    147.145    150.791  0.000e+00
   54.93230 -131.11842    145.082     46.976     46.547     7.8536    31.8021  1024.9996    24.7847     7.8492     49.932   103.5693     0.1460      7.873     3.3760     4.8246    147.125    150.771  0.000e+00
