EcoFOCI/data/1_SampleCollection/2022_GOA-OA_CruiseData/CTD_raw_BottleFile_RC0083/RC0083_146.cnv
* Sea-Bird SBE 9 Data File:
* FileName = C:\Data\RC0083ctd\RC0083_146.hex
* Software Version Seasave V 7.26.7.107
* Temperature SN = 2060
* Conductivity SN = 2881
* Number of Bytes Per Scan = 31
* Number of Voltage Words = 4
* Number of Scans Averaged by the Deck Unit = 1
* NMEA Latitude = 54 55.77 N
* NMEA Longitude = 131 10.41 W
* NMEA UTC (Time) = Aug 28 2022  19:58:30
* NMEA baud rate = 4800
** Ship: R/V Rachel Carson
** Cruise ID: RC0083
** Tech: McHugh/Nomura
** Chief Scientist: Cross
** Station: RC1
** Cast:  CTD146
# nquan = 19
# nvalues = 9999                                  
# units = specified
# name 0 = latitude: Latitude [deg]
# name 1 = longitude: Longitude [deg]
# name 2 = sfdSM: Seafloor depth [salt water, m]
# name 3 = prDM: Pressure, Digiquartz [db]
# name 4 = depSM: Depth [salt water, m]
# name 5 = t090C: Temperature [ITS-90, deg C]
# name 6 = sal00: Salinity, Practical [PSU]
# name 7 = density00: Density [density, kg/m^3]
# name 8 = sigma-é00: Density [sigma-theta, kg/m^3]
# name 9 = potemp090C: Potential Temperature [ITS-90, deg C]
# name 10 = sbeox0PS: Oxygen, SBE 43 [% saturation]
# name 11 = CStarTr0: Beam Transmission, WET Labs C-Star [%]
# name 12 = flECO-AFL: Fluorescence, WET Labs ECO-AFL/FL [mg/m^3]
# name 13 = ph: pH
# name 14 = sbeox0ML/L: Oxygen, SBE 43 [ml/l]
# name 15 = sbeox0Mg/L: Oxygen, SBE 43 [mg/l]
# name 16 = sbox0Mm/Kg: Oxygen, SBE 43 [umol/kg]
# name 17 = sbeox0Mm/L: Oxygen, SBE 43 [umol/l]
# name 18 = flag:  0.000e+00
# span 0 =   54.92946,   54.93238                 
# span 1 = -131.17448, -131.17346                 
# span 2 =      7.458,    173.200                 
# span 3 =      2.420,    132.031                 
# span 4 =      2.398,    130.800                 
# span 5 =     6.2119,    12.4353                 
# span 6 =    28.8418,    33.0886                 
# span 7 =  1021.7472,  1026.6216                 
# span 8 =    21.7327,    26.0174                 
# span 9 =     6.2009,    12.4349                 
# span 10 =     29.971,     83.423                
# span 11 =    91.5706,   103.6532                
# span 12 =    -0.0591,     2.8127                
# span 13 =      7.695,      8.208                
# span 14 =     2.0863,     5.2033                
# span 15 =     2.9815,     7.4361                
# span 16 =     90.811,    227.436                
# span 17 =     93.173,    232.381                
# span 18 = 0.0000e+00, 0.0000e+00                
# interval = seconds: 0.0416667
# start_time = Aug 28 2022 19:58:30 [NMEA time, header]
# bad_flag = -9.990e-29
*END*
[from data line 2439]
   54.93014 -131.17352     72.157     33.512     33.207     8.3418    31.5637  1024.6804    24.5274     8.3385     51.198   102.0869     0.2339      7.886     3.4289     4.9003    149.470    153.136  0.000e+00
   54.93014 -131.17352     48.470     33.512     33.207     8.3483    31.5643  1024.6800    24.5270     8.3450     51.241   102.0869     0.2339      7.886     3.4312     4.9036    149.571    153.239  0.000e+00
   54.93014 -131.17352     46.719     33.569     33.263     8.3538    31.5657  1024.6805    24.5272     8.3505     51.182   102.1149     0.2339      7.886     3.4268     4.8973    149.379    153.043  0.000e+00
   54.93014 -131.17352     48.908     33.585     33.279     8.3573    31.5667  1024.6808    24.5275     8.3541     51.122   102.0869     0.2339      7.886     3.4225     4.8911    149.191    152.850  0.000e+00
   54.93014 -131.17352     49.884     33.633     33.327     8.3594    31.5671  1024.6811    24.5276     8.3561     51.117   102.0869     0.2339      7.886     3.4221     4.8905    149.171    152.829  0.000e+00
   54.93014 -131.17352     49.933     33.633     33.327     8.3596    31.5664  1024.6805    24.5270     8.3563     51.118   102.0869     0.2339      7.886     3.4221     4.8905    149.172    152.830  0.000e+00
   54.93014 -131.17352     49.860     33.633     33.327     8.3582    31.5667  1024.6809    24.5274     8.3549     51.117   102.0869     0.2339      7.886     3.4222     4.8906    149.175    152.834  0.000e+00
   54.93014 -131.17352     49.867     33.690     33.383     8.3578    31.5665  1024.6811    24.5273     8.3545     51.066   102.0869     0.2339      7.891     3.4188     4.8858    149.027    152.682  0.000e+00
   54.93014 -131.17352     49.883     33.706     33.399     8.3587    31.5668  1024.6813    24.5274     8.3554     51.008   102.0869     0.2339      7.891     3.4148     4.8801    148.853    152.504  0.000e+00
   54.93014 -131.17352     49.923     33.746     33.440     8.3603    31.5700  1024.6838    24.5297     8.3570     50.998   102.0869     0.2339      7.891     3.4140     4.8789    148.818    152.468  0.000e+00
   54.93014 -131.17352     49.987     33.811     33.504     8.3646    31.5744  1024.6869    24.5325     8.3613     50.994   102.1429     0.2339      7.891     3.4133     4.8779    148.786    152.436  0.000e+00
   54.93014 -131.17352     49.923     33.746     33.439     8.3694    31.5763  1024.6873    24.5333     8.3662     50.994   102.4505     0.2339      7.891     3.4128     4.8773    148.768    152.417  0.000e+00
   54.93014 -131.17352     49.987     33.811     33.504     8.3732    31.5758  1024.6867    24.5323     8.3699     50.944   102.5624     0.2339      7.890     3.4092     4.8721    148.609    152.254  0.000e+00
   54.93014 -131.17352     50.043     33.867     33.560     8.3756    31.5757  1024.6865    24.5319     8.3723     50.948   102.5624     0.2339      7.890     3.4093     4.8723    148.615    152.261  0.000e+00
   54.93014 -131.17352     50.059     33.884     33.576     8.3787    31.5761  1024.6865    24.5318     8.3754     50.902   102.5624     0.2046      7.890     3.4060     4.8675    148.469    152.112  0.000e+00
   54.93014 -131.17352     50.043     33.867     33.560     8.3819    31.5764  1024.6862    24.5316     8.3786     50.849   102.5624     0.1753      7.890     3.4022     4.8621    148.304    151.942  0.000e+00
   54.93014 -131.17352     57.027     33.867     33.560     8.3830    31.5754  1024.6852    24.5306     8.3796     50.846   102.5624     0.1753      7.890     3.4019     4.8617    148.291    151.929  0.000e+00
   54.93014 -131.17352    108.551     33.989     33.680     8.3829    31.5748  1024.6853    24.5301     8.3796     50.848   102.5624     0.1753      7.890     3.4021     4.8619    148.299    151.937  0.000e+00
   54.93014 -131.17352    133.047     33.867     33.560     8.3823    31.5751  1024.6851    24.5305     8.3790     50.848   102.5624     0.1753      7.895     3.4021     4.8620    148.301    151.939  0.000e+00
   54.93014 -131.17352    133.736     34.045     33.736     8.3828    31.5768  1024.6872    24.5317     8.3795     50.799   102.5624     0.1753      7.895     3.3987     4.8571    148.154    151.788  0.000e+00
   54.93014 -131.17352    133.110     34.005     33.696     8.3853    31.5781  1024.6876    24.5323     8.3820     50.803   102.5624     0.1753      7.895     3.3988     4.8573    148.157    151.792  0.000e+00
   54.93014 -131.17352    132.043     33.989     33.680     8.3873    31.5789  1024.6878    24.5327     8.3840     50.757   102.5624     0.1753      7.895     3.3956     4.8526    148.015    151.646  0.000e+00
   54.93014 -131.17352    131.758     34.045     33.736     8.3891    31.5790  1024.6879    24.5325     8.3857     50.767   102.5624     0.1753      7.895     3.3961     4.8534    148.038    151.670  0.000e+00
   54.93014 -131.17352    131.758     34.045     33.736     8.3898    31.5797  1024.6884    24.5329     8.3864     50.776   102.5624     0.1753      7.895     3.3966     4.8541    148.061    151.693  0.000e+00
   54.93014 -131.17352    131.846     34.110     33.800     8.3907    31.5801  1024.6888    24.5331     8.3873     50.734   102.5624     0.1753      7.895     3.3938     4.8500    147.936    151.565  0.000e+00
   54.93014 -131.17352    131.887     34.126     33.816     8.3923    31.5811  1024.6895    24.5337     8.3890     50.742   102.5624     0.1753      7.895     3.3941     4.8505    147.951    151.580  0.000e+00
   54.93014 -131.17352    131.870     34.110     33.800     8.3935    31.5820  1024.6899    24.5342     8.3901     50.754   102.5344     0.1753      7.895     3.3948     4.8515    147.982    151.613  0.000e+00
   54.93014 -131.17352    131.927     34.166     33.856     8.3946    31.5815  1024.6897    24.5337     8.3913     50.710   102.5624     0.1753      7.895     3.3918     4.8472    147.850    151.477  0.000e+00
   54.93014 -131.17352    131.927     34.166     33.856     8.3960    31.5837  1024.6912    24.5352     8.3927     50.721   102.5624     0.1753      7.895     3.3923     4.8480    147.874    151.502  0.000e+00
   54.93014 -131.17352    131.958     34.223     33.912     8.4000    31.5857  1024.6924    24.5362     8.3967     50.737   102.5624     0.1753      7.895     3.3931     4.8491    147.906    151.535  0.000e+00
   54.93014 -131.17352    131.958     34.223     33.912     8.4036    31.5860  1024.6921    24.5359     8.4002     50.752   102.5624     0.1753      7.900     3.3938     4.8501    147.937    151.567  0.000e+00
   54.93014 -131.17352    131.999     34.239     33.928     8.4060    31.5861  1024.6919    24.5356     8.4026     50.715   102.8701     0.1753      7.900     3.3912     4.8463    147.823    151.450  0.000e+00
   54.93014 -131.17352    132.047     34.287     33.976     8.4077    31.5868  1024.6924    24.5359     8.4044     50.729   103.0099     0.1753      7.900     3.3919     4.8474    147.856    151.483  0.000e+00
   54.93014 -131.17352    132.047     34.287     33.976     8.4089    31.5874  1024.6927    24.5362     8.4055     50.684   103.0379     0.1753      7.900     3.3889     4.8430    147.722    151.346  0.000e+00
   54.93014 -131.17352    132.103     34.344     34.032     8.4095    31.5884  1024.6937    24.5369     8.4062     50.639   103.0379     0.1753      7.900     3.3858     4.8386    147.588    151.209  0.000e+00
   54.93014 -131.17352    132.047     34.287     33.976     8.4104    31.5886  1024.6934    24.5369     8.4070     50.643   103.0379     0.1753      7.900     3.3860     4.8389    147.595    151.217  0.000e+00
   54.93014 -131.17352    132.451     34.425     34.112     8.4105    31.5890  1024.6944    24.5372     8.4071     50.646   103.0099     0.1753      7.900     3.3862     4.8392    147.605    151.227  0.000e+00
   54.93014 -131.17352    132.606     34.409     34.096     8.4109    31.5896  1024.6947    24.5376     8.4075     50.654   103.0379     0.1753      7.900     3.3866     4.8398    147.624    151.246  0.000e+00
   54.93014 -131.17352    132.655     34.409     34.096     8.4111    31.5901  1024.6950    24.5380     8.4078     50.666   103.0379     0.1753      7.900     3.3874     4.8409    147.658    151.281  0.000e+00
   54.93014 -131.17352    132.687     34.465     34.152     8.4111    31.5912  1024.6962    24.5388     8.4078     50.677   103.0099     0.1753      7.900     3.3881     4.8419    147.688    151.312  0.000e+00
   54.93014 -131.17352    132.743     34.522     34.208     8.4115    31.5931  1024.6979    24.5403     8.4081     50.636   103.0379     0.1753      7.900     3.3853     4.8379    147.567    151.188  0.000e+00
   54.93014 -131.17352    132.678     34.481     34.168     8.4118    31.5934  1024.6979    24.5405     8.4085     50.643   103.0379     0.1753      7.900     3.3858     4.8386    147.586    151.208  0.000e+00
   54.93014 -131.17352    132.807     34.586     34.272     8.4116    31.5926  1024.6978    24.5399     8.4082     50.656   103.0379     0.1753      7.900     3.3866     4.8399    147.625    151.248  0.000e+00
   54.93014 -131.17352    132.807     34.586     34.272     8.4116    31.5927  1024.6979    24.5400     8.4082     50.666   103.0379     0.1753      7.900     3.3873     4.8408    147.655    151.278  0.000e+00
   54.93014 -131.17352    132.782     34.586     34.272     8.4120    31.5935  1024.6984    24.5405     8.4086     50.675   103.0379     0.1753      7.900     3.3878     4.8416    147.677    151.301  0.000e+00
   54.93014 -131.17352    132.838     34.643     34.328     8.4129    31.5963  1024.7007    24.5426     8.4095     50.631   103.0379     0.1753      7.900     3.3848     4.8372    147.544    151.166  0.000e+00
   54.93014 -131.17352    132.902     34.708     34.392     8.4144    31.6001  1024.7038    24.5454     8.4110     50.636   103.0379     0.1753      7.900     3.3849     4.8374    147.549    151.171  0.000e+00
   54.93014 -131.17352    132.879     34.659     34.344     8.4170    31.6022  1024.7048    24.5466     8.4136     50.588   103.0379     0.1753      7.900     3.3815     4.8325    147.398    151.017  0.000e+00
   54.93014 -131.17352    132.983     34.764     34.448     8.4173    31.6035  1024.7062    24.5476     8.4139     50.651   103.0379     0.1753      7.900     3.3856     4.8384    147.580    151.203  0.000e+00
   54.93014 -131.17352    133.039     34.821     34.504     8.4150    31.6052  1024.7082    24.5493     8.4115     50.662   103.0379     0.1753      7.900     3.3865     4.8397    147.618    151.242  0.000e+00
   54.93014 -131.17352    132.983     34.764     34.448     8.4123    31.6062  1024.7092    24.5505     8.4089     50.682   103.0099     0.1753      7.900     3.3880     4.8418    147.683    151.309  0.000e+00
   54.93014 -131.17352    133.014     34.821     34.504     8.4084    31.6072  1024.7108    24.5518     8.4049     50.700   103.1498     0.1753      7.900     3.3895     4.8440    147.750    151.377  0.000e+00
   54.93014 -131.17352    133.094     34.901     34.584     8.4042    31.6085  1024.7127    24.5534     8.4008     50.717   103.2616     0.1753      7.900     3.3909     4.8460    147.809    151.439  0.000e+00
   54.93014 -131.17352    133.159     34.942     34.624     8.3997    31.6101  1024.7149    24.5554     8.3962     50.736   103.2896     0.1753      7.900     3.3925     4.8483    147.879    151.511  0.000e+00
   54.93014 -131.17352    133.159     34.942     34.624     8.3965    31.6107  1024.7158    24.5563     8.3930     50.703   103.2896     0.1753      7.900     3.3905     4.8454    147.792    151.421  0.000e+00
   54.93014 -131.17352    132.629     34.998     34.680     8.3928    31.6108  1024.7166    24.5569     8.3894     50.724   103.2616     0.1460      7.900     3.3922     4.8478    147.864    151.495  0.000e+00
   54.93014 -131.17352    132.165     34.998     34.680     8.3859    31.6103  1024.7173    24.5576     8.3825     50.742   103.2896     0.1460      7.905     3.3939     4.8503    147.940    151.574  0.000e+00
   54.93014 -131.17352    132.172     35.079     34.760     8.3729    31.6129  1024.7216    24.5615     8.3695     50.758   103.2896     0.1460      7.900     3.3960     4.8532    148.029    151.665  0.000e+00
   54.93014 -131.17352    132.236     35.120     34.800     8.3583    31.6153  1024.7258    24.5655     8.3549     50.778   103.2896     0.1460      7.905     3.3984     4.8566    148.131    151.770  0.000e+00
   54.93014 -131.17352    132.261     35.120     34.800     8.3465    31.6180  1024.7297    24.5693     8.3430     50.800   103.2896     0.1460      7.905     3.4007     4.8599    148.233    151.875  0.000e+00
   54.93014 -131.17352    132.325     35.184     34.864     8.3386    31.6207  1024.7333    24.5726     8.3352     50.826   103.2616     0.1460      7.905     3.4029     4.8632    148.331    151.976  0.000e+00
   54.93014 -131.17352    132.437     35.297     34.976     8.3342    31.6232  1024.7364    24.5752     8.3308     50.848   103.2896     0.1460      7.905     3.4048     4.8657    148.409    152.056  0.000e+00
   54.93014 -131.17352    132.397     35.257     34.936     8.3322    31.6240  1024.7371    24.5762     8.3288     50.873   103.2896     0.1460      7.905     3.4065     4.8683    148.487    152.136  0.000e+00
   54.93014 -131.17352    132.437     35.297     34.976     8.3307    31.6243  1024.7378    24.5766     8.3272     50.895   103.2896     0.1460      7.905     3.4081     4.8705    148.555    152.206  0.000e+00
   54.93014 -131.17352    132.501     35.362     35.040     8.3288    31.6248  1024.7387    24.5773     8.3253     50.913   103.2896     0.1460      7.905     3.4095     4.8725    148.615    152.268  0.000e+00
   54.93014 -131.17352    132.557     35.418     35.096     8.3269    31.6247  1024.7392    24.5774     8.3234     50.934   103.2896     0.1460      7.905     3.4110     4.8747    148.683    152.337  0.000e+00
   54.93014 -131.17352    132.621     35.483     35.160     8.3239    31.6248  1024.7400    24.5780     8.3204     50.958   103.2896     0.1460      7.905     3.4128     4.8773    148.761    152.418  0.000e+00
   54.93014 -131.17352    132.629     35.491     35.168     8.3199    31.6254  1024.7411    24.5790     8.3165     50.984   103.2896     0.1167      7.905     3.4149     4.8802    148.849    152.508  0.000e+00
   54.93014 -131.17352    132.733     35.596     35.273     8.3157    31.6273  1024.7437    24.5811     8.3122     51.006   103.2896     0.1460      7.905     3.4167     4.8828    148.928    152.589  0.000e+00
   54.93014 -131.17352    132.872     35.540     35.216     8.3109    31.6278  1024.7445    24.5822     8.3075     51.030   103.2616     0.1460      7.900     3.4186     4.8856    149.013    152.676  0.000e+00
   54.93016 -131.17352    133.652     35.661     35.337     8.3040    31.6279  1024.7462    24.5833     8.3005     51.052   103.2896     0.1460      7.905     3.4206     4.8884    149.099    152.764  0.000e+00
   54.93016 -131.17352    133.968     35.734     35.409     8.2963    31.6291  1024.7486    24.5854     8.2928     51.131   103.3176     0.1460      7.900     3.4265     4.8968    149.354    153.026  0.000e+00
   54.93016 -131.17352    134.008     35.774     35.449     8.2911    31.6305  1024.7506    24.5872     8.2876     51.161   103.3735     0.1460      7.900     3.4289     4.9002    149.459    153.134  0.000e+00
   54.93016 -131.17352    133.983     35.774     35.449     8.2879    31.6313  1024.7517    24.5883     8.2845     51.187   103.4015     0.1460      7.900     3.4308     4.9030    149.543    153.220  0.000e+00
   54.93016 -131.17352    134.023     35.839     35.513     8.2850    31.6313  1024.7524    24.5887     8.2815     51.158   103.4015     0.1460      7.900     3.4291     4.9005    149.469    153.144  0.000e+00
