EcoFOCI/data/1_SampleCollection/2022_GOA-OA_CruiseData/CTD_raw_BottleFile_RC0083/RC0083_045.ros
* Sea-Bird SBE 9 Data File:
* FileName = C:\Data\RC0083ctd\RC0083_045.hex
* Software Version Seasave V 7.26.7.107
* Temperature SN = 2060
* Conductivity SN = 1084
* Number of Bytes Per Scan = 31
* Number of Voltage Words = 4
* Number of Scans Averaged by the Deck Unit = 1
* NMEA Latitude = 58 10.42 N
* NMEA Longitude = 136 36.93 W
* NMEA UTC (Time) = Aug 19 2022  00:09:40
* NMEA baud rate = 4800
** Ship: R/V Rachel Carson
** Cruise ID: RC0083
** Tech: McHugh/Nomura
** Chief Scientist: Cross
** Station: XS4
** Cast:  CTD045
# nquan = 21
# nvalues = 245                                   
# units = specified
# name 0 = latitude: Latitude [deg]
# name 1 = longitude: Longitude [deg]
# name 2 = sfdSM: Seafloor depth [salt water, m]
# name 3 = prDM: Pressure, Digiquartz [db]
# name 4 = depSM: Depth [salt water, m]
# name 5 = t090C: Temperature [ITS-90, deg C]
# name 6 = sal00: Salinity, Practical [PSU]
# name 7 = density00: Density [density, kg/m^3]
# name 8 = sigma-é00: Density [sigma-theta, kg/m^3]
# name 9 = potemp090C: Potential Temperature [ITS-90, deg C]
# name 10 = sbeox0PS: Oxygen, SBE 43 [% saturation]
# name 11 = CStarTr0: Beam Transmission, WET Labs C-Star [%]
# name 12 = flECO-AFL: Fluorescence, WET Labs ECO-AFL/FL [mg/m^3]
# name 13 = ph: pH
# name 14 = sbeox0ML/L: Oxygen, SBE 43 [ml/l]
# name 15 = sbeox0Mg/L: Oxygen, SBE 43 [mg/l]
# name 16 = sbox0Mm/Kg: Oxygen, SBE 43 [umol/kg]
# name 17 = sbeox0Mm/L: Oxygen, SBE 43 [umol/l]
# name 18 = scan: Scan Count
# name 19 = nbf: Bottles Fired
# name 20 = flag:  0.000e+00
# interval = seconds: 0.0416667
# start_time = Aug 19 2022 00:09:40 [NMEA time, header]
# bad_flag = -9.990e-29
*END*
[from data line 138]
   58.17372 -136.61236    126.967     30.476     30.191     9.5542    30.9890  1024.0322    23.8937     9.5509     70.712    84.0190     0.9958      8.058     4.6267     6.6120    201.806    206.628       8178          3  0.000e+00
   58.17372 -136.61236    127.056     30.540     30.255     9.5596    30.9893  1024.0319    23.8931     9.5563     70.716    83.9630     0.9958      8.058     4.6264     6.6116    201.795    206.616       8179          3  0.000e+00
   58.17372 -136.61236    127.016     30.500     30.215     9.5654    30.9902  1024.0315    23.8929     9.5621     70.722    84.0190     0.9958      8.058     4.6262     6.6112    201.783    206.604       8180          3  0.000e+00
   58.17372 -136.61236    127.056     30.540     30.255     9.5678    30.9898  1024.0309    23.8922     9.5645     70.730    83.9630     0.9958      8.058     4.6265     6.6117    201.797    206.618       8181          3  0.000e+00
   58.17372 -136.61236    127.056     30.540     30.255     9.5680    30.9906  1024.0315    23.8928     9.5647     70.740    84.0190     0.9958      8.058     4.6271     6.6126    201.823    206.645       8182          3  0.000e+00
   58.17372 -136.61236    127.056     30.540     30.255     9.5698    30.9917  1024.0321    23.8933     9.5665     70.752    83.9910     0.9958      8.058     4.6276     6.6133    201.847    206.670       8183          3  0.000e+00
   58.17372 -136.61236    127.056     30.540     30.255     9.5732    30.9913  1024.0312    23.8925     9.5700     70.704    83.9910     0.9958      8.058     4.6242     6.6084    201.696    206.515       8184          3  0.000e+00
   58.17372 -136.61236    127.056     30.540     30.255     9.5742    30.9895  1024.0296    23.8909     9.5710     70.706    84.0190     0.9958      8.058     4.6243     6.6085    201.701    206.520       8185          3  0.000e+00
   58.17372 -136.61236    127.056     30.540     30.255     9.5734    30.9884  1024.0289    23.8902     9.5701     70.711    84.0190     0.9958      8.058     4.6247     6.6091    201.719    206.538       8186          3  0.000e+00
   58.17374 -136.61184    109.156     10.623     10.524    10.9591    30.9525  1023.6808    23.6329    10.9579     82.808    85.7251     1.4354      8.147     5.2560     7.5114    229.314    234.734       9600          4  0.000e+00
   58.17374 -136.61184    108.860     10.324     10.228    10.9599    30.9494  1023.6769    23.6303    10.9587     82.804    85.6971     1.4354      8.147     5.2558     7.5110    229.305    234.723       9601          4  0.000e+00
   58.17374 -136.61184    109.124     10.590     10.492    10.9604    30.9473  1023.6764    23.6286    10.9592     82.811    85.7251     1.4354      8.147     5.2562     7.5117    229.324    234.743       9602          4  0.000e+00
   58.17374 -136.61184    108.916     10.380     10.284    10.9606    30.9447  1023.6734    23.6265    10.9594     82.751    85.7251     1.4354      8.147     5.2525     7.5064    229.162    234.577       9603          4  0.000e+00
   58.17374 -136.61184    108.980     10.445     10.348    10.9600    30.9436  1023.6729    23.6258    10.9588     82.802    85.6971     1.4354      8.147     5.2558     7.5110    229.306    234.723       9604          4  0.000e+00
   58.17374 -136.61184    109.060     10.526     10.428    10.9594    30.9432  1023.6730    23.6255    10.9582     82.803    85.7251     1.4354      8.147     5.2559     7.5113    229.313    234.730       9605          4  0.000e+00
   58.17374 -136.61182    108.860     10.324     10.228    10.9591    30.9287  1023.6610    23.6144    10.9579     82.746    85.6971     1.4647      8.147     5.2528     7.5068    229.180    234.592       9606          4  0.000e+00
   58.17374 -136.61182    109.036     10.501     10.404    10.9596    30.9349  1023.6665    23.6191    10.9583     82.740    85.6971     1.4647      8.147     5.2522     7.5059    229.150    234.563       9607          4  0.000e+00
   58.17374 -136.61182    108.948     10.413     10.316    10.9610    30.9428  1023.6720    23.6250    10.9598     82.729    85.7251     1.4647      8.147     5.2511     7.5044    229.102    234.514       9608          4  0.000e+00
   58.17374 -136.61182    108.916     10.380     10.284    10.9620    30.9448  1023.6732    23.6264    10.9608     82.719    85.7810     1.4647      8.147     5.2503     7.5031    229.065    234.477       9609          4  0.000e+00
   58.17374 -136.61182    108.980     10.445     10.348    10.9632    30.9444  1023.6730    23.6258    10.9620     82.708    85.8090     1.4647      8.147     5.2495     7.5020    229.031    234.442       9610          4  0.000e+00
   58.17374 -136.61182    108.884     10.348     10.252    10.9642    30.9434  1023.6716    23.6249    10.9630     82.695    85.7810     1.4647      8.147     5.2486     7.5007    228.991    234.401       9611          4  0.000e+00
   58.17374 -136.61182    108.980     10.445     10.348    10.9659    30.9417  1023.6704    23.6232    10.9647     82.683    85.7810     1.4647      8.147     5.2476     7.4994    228.951    234.360       9612          4  0.000e+00
   58.17374 -136.61182    108.860     10.324     10.228    10.9681    30.9388  1023.6672    23.6206    10.9669     82.667    85.7810     1.4647      8.147     5.2465     7.4978    228.902    234.309       9613          4  0.000e+00
   58.17374 -136.61182    108.884     10.348     10.252    10.9695    30.9379  1023.6664    23.6197    10.9683     82.652    85.8090     1.4647      8.147     5.2454     7.4962    228.855    234.261       9614          4  0.000e+00
   58.17374 -136.61182    108.860     10.324     10.228    10.9706    30.9363  1023.6649    23.6183    10.9694     82.636    85.7810     1.4647      8.147     5.2443     7.4946    228.806    234.210       9615          4  0.000e+00
   58.17374 -136.61182    108.804     10.267     10.172    10.9699    30.9369  1023.6652    23.6189    10.9687     82.564    85.8090     1.4647      8.147     5.2398     7.4882    228.611    234.010       9616          4  0.000e+00
   58.17374 -136.61182    108.860     10.324     10.228    10.9689    30.9378  1023.6663    23.6197    10.9677     82.547    85.7810     1.4647      8.147     5.2388     7.4868    228.567    233.966       9617          4  0.000e+00
   58.17374 -136.61182    108.764     10.227     10.132    10.9680    30.9392  1023.6671    23.6210    10.9668     82.528    85.7810     1.4647      8.147     5.2377     7.4852    228.517    233.914       9618          4  0.000e+00
   58.17374 -136.61182    108.804     10.267     10.172    10.9681    30.9391  1023.6672    23.6208    10.9669     82.510    85.7810     1.4647      8.147     5.2365     7.4835    228.466    233.862       9619          4  0.000e+00
   58.17374 -136.61182    108.740     10.203     10.108    10.9684    30.9386  1023.6665    23.6204    10.9672     82.490    85.7810     1.4647      8.147     5.2352     7.4817    228.410    233.805       9620          4  0.000e+00
   58.17374 -136.61182    108.764     10.227     10.132    10.9689    30.9379  1023.6659    23.6198    10.9677     82.471    85.7810     1.4647      8.147     5.2340     7.4799    228.355    233.749       9621          4  0.000e+00
   58.17374 -136.61182    108.740     10.203     10.108    10.9693    30.9377  1023.6657    23.6196    10.9681     82.450    85.7810     1.4647      8.147     5.2326     7.4780    228.297    233.689       9622          4  0.000e+00
   58.17374 -136.61182    108.684     10.146     10.052    10.9706    30.9363  1023.6640    23.6182    10.9694     82.381    85.7810     1.4647      8.147     5.2282     7.4716    228.102    233.489       9623          4  0.000e+00
   58.17374 -136.61182    108.652     10.114     10.020    10.9719    30.9353  1023.6629    23.6173    10.9707     82.360    85.7810     1.4647      8.147     5.2267     7.4695    228.040    233.425       9624          4  0.000e+00
   58.17374 -136.61182    108.628     10.089      9.996    10.9726    30.9353  1023.6627    23.6172    10.9714     82.340    85.7810     1.4647      8.152     5.2253     7.4675    227.978    233.363       9625          4  0.000e+00
   58.17374 -136.61182    108.628     10.089      9.996    10.9735    30.9349  1023.6622    23.6167    10.9724     82.319    85.7810     1.4647      8.147     5.2239     7.4655    227.918    233.301       9626          4  0.000e+00
   58.17374 -136.61182    108.588     10.049      9.956    10.9742    30.9353  1023.6622    23.6168    10.9730     82.244    85.7810     1.4647      8.147     5.2191     7.4586    227.707    233.085       9627          4  0.000e+00
   58.17374 -136.61182    108.564     10.025      9.932    10.9735    30.9373  1023.6638    23.6185    10.9724     82.224    85.9768     1.4647      8.147     5.2178     7.4568    227.651    233.028       9628          4  0.000e+00
   58.17374 -136.61182    108.564     10.025      9.932    10.9732    30.9388  1023.6650    23.6197    10.9720     82.151    86.3963     1.4647      8.152     5.2132     7.4501    227.448    232.820       9629          4  0.000e+00
   58.17374 -136.61182    108.532      9.993      9.900    10.9737    30.9384  1023.6645    23.6194    10.9726     82.126    86.5362     1.4647      8.152     5.2115     7.4478    227.376    232.747       9630          4  0.000e+00
   58.17374 -136.61182    108.444      9.904      9.812    10.9744    30.9372  1023.6630    23.6183    10.9733     82.101    86.5362     1.4647      8.152     5.2099     7.4455    227.306    232.675       9631          4  0.000e+00
   58.17374 -136.61182    108.508      9.968      9.876    10.9764    30.9352  1023.6614    23.6164    10.9752     82.078    86.5082     1.4647      8.152     5.2083     7.4432    227.237    232.604       9632          4  0.000e+00
   58.17374 -136.61182    108.412      9.871      9.780    10.9788    30.9336  1023.6593    23.6148    10.9777     82.055    86.5082     1.4647      8.152     5.2066     7.4408    227.162    232.527       9633          4  0.000e+00
   58.17374 -136.61182    108.444      9.904      9.812    10.9792    30.9328  1023.6587    23.6140    10.9780     81.980    86.5082     1.4647      8.152     5.2018     7.4339    226.954    232.313       9634          4  0.000e+00
   58.17374 -136.61182    108.388      9.847      9.756    10.9790    30.9325  1023.6583    23.6138    10.9779     81.952    86.5082     1.4647      8.152     5.2001     7.4315    226.880    232.237       9635          4  0.000e+00
   58.17374 -136.61182    108.356      9.815      9.724    10.9784    30.9325  1023.6583    23.6140    10.9772     81.933    86.5082     1.4647      8.152     5.1989     7.4298    226.828    232.185       9636          4  0.000e+00
   58.17374 -136.61182    108.332      9.791      9.700    10.9787    30.9327  1023.6583    23.6141    10.9776     81.854    86.5082     1.4647      8.152     5.1939     7.4226    226.609    231.960       9637          4  0.000e+00
   58.17374 -136.61182    108.332      9.791      9.700    10.9802    30.9339  1023.6589    23.6147    10.9790     81.831    86.5082     1.4647      8.152     5.1922     7.4202    226.536    231.886       9638          4  0.000e+00
   58.17374 -136.61182    108.356      9.815      9.724    10.9859    30.9326  1023.6570    23.6127    10.9848     81.809    86.5082     1.4647      8.152     5.1903     7.4174    226.451    231.798       9639          4  0.000e+00
   58.17374 -136.61182    108.268      9.726      9.636    10.9895    30.9317  1023.6553    23.6114    10.9884     81.795    86.5082     1.4647      8.152     5.1890     7.4155    226.394    231.739       9640          4  0.000e+00
   58.17374 -136.61182    108.268      9.726      9.636    10.9911    30.9306  1023.6542    23.6103    10.9899     81.776    86.5082     1.4647      8.152     5.1877     7.4137    226.337    231.681       9641          4  0.000e+00
   58.17374 -136.61182    108.236      9.694      9.604    10.9922    30.9314  1023.6545    23.6107    10.9911     81.712    86.5082     1.4647      8.152     5.1834     7.4076    226.152    231.491       9642          4  0.000e+00
   58.17374 -136.61182    108.212      9.669      9.579    10.9957    30.9309  1023.6533    23.6097    10.9946     81.691    86.5082     1.4647      8.152     5.1817     7.4052    226.077    231.415       9643          4  0.000e+00
   58.17374 -136.61182    108.212      9.669      9.579    10.9988    30.9310  1023.6529    23.6093    10.9977     81.672    86.5082     1.4647      8.152     5.1801     7.4029    226.009    231.345       9644          4  0.000e+00
   58.17374 -136.61182    108.236      9.694      9.604    11.0065    30.9305  1023.6513    23.6076    11.0053     81.660    86.5082     1.4647      8.152     5.1786     7.4007    225.942    231.276       9645          4  0.000e+00
   58.17374 -136.61182    108.148      9.605      9.515    11.0186    30.9273  1023.6463    23.6029    11.0175     81.596    86.5082     1.4647      8.152     5.1733     7.3931    225.711    231.038       9646          4  0.000e+00
   58.17374 -136.61182    108.212      9.669      9.579    11.0282    30.9235  1023.6420    23.5984    11.0271     81.577    86.5082     1.4647      8.152     5.1711     7.3901    225.619    230.943       9647          4  0.000e+00
   58.17374 -136.61182    108.180      9.637      9.547    11.0361    30.9208  1023.6383    23.5948    11.0350     81.560    86.5082     1.4940      8.152     5.1692     7.3873    225.536    230.858       9648          4  0.000e+00
   58.17376 -136.61140    101.895      3.293      3.262    12.2249    30.8685  1023.3558    23.3411    12.2245     90.326    85.3335     0.8786      8.232     5.5837     7.9797    243.681    249.369      10719          5  0.000e+00
   58.17376 -136.61140    101.679      3.075      3.046    12.2262    30.8662  1023.3529    23.3391    12.2258     90.388    85.2776     0.8786      8.232     5.5875     7.9851    243.847    249.538      10720          5  0.000e+00
   58.17376 -136.61140    101.831      3.228      3.198    12.2187    30.8625  1023.3520    23.3375    12.2183     90.407    85.2216     0.8786      8.227     5.5897     7.9882    243.942    249.635      10721          5  0.000e+00
   58.17376 -136.61140    101.855      3.252      3.222    12.2011    30.8595  1023.3531    23.3385    12.2007     90.425    85.2216     0.8786      8.232     5.5929     7.9929    244.085    249.781      10722          5  0.000e+00
   58.17376 -136.61140    101.831      3.228      3.198    12.1852    30.8598  1023.3562    23.3417    12.1848     90.441    85.2216     0.8786      8.232     5.5958     7.9970    244.209    249.910      10723          5  0.000e+00
   58.17376 -136.61140    101.911      3.309      3.278    12.1750    30.8615  1023.3598    23.3449    12.1746     90.457    85.2216     0.8786      8.232     5.5980     8.0001    244.302    250.006      10724          5  0.000e+00
   58.17376 -136.61140    101.895      3.293      3.262    12.1679    30.8621  1023.3615    23.3467    12.1675     90.466    85.2216     0.8786      8.232     5.5993     8.0019    244.359    250.064      10725          5  0.000e+00
   58.17376 -136.61140    101.911      3.309      3.278    12.1623    30.8632  1023.3634    23.3486    12.1619     90.473    85.2216     0.8786      8.232     5.6004     8.0035    244.407    250.113      10726          5  0.000e+00
   58.17376 -136.61140    101.340      3.349      3.318    12.1577    30.8631  1023.3643    23.3493    12.1573     90.533    85.2216     0.8786      8.232     5.6047     8.0096    244.593    250.304      10727          5  0.000e+00
   58.17376 -136.61140    100.908      3.406      3.374    12.1523    30.8637  1023.3660    23.3508    12.1519     90.598    85.2216     0.8786      8.232     5.6093     8.0163    244.796    250.512      10728          5  0.000e+00
