EcoFOCI/data/1_SampleCollection/2022_GOA-OA_CruiseData/CTD_raw_BottleFile_RC0083/RC0083_033.ros
* Sea-Bird SBE 9 Data File:
* FileName = C:\Data\RC0083ctd\RC0083_033.hex
* Software Version Seasave V 7.26.7.107
* Temperature SN = 2060
* Conductivity SN = 1084
* Number of Bytes Per Scan = 31
* Number of Voltage Words = 4
* Number of Scans Averaged by the Deck Unit = 1
* NMEA Latitude = 58 27.04 N
* NMEA Longitude = 135 02.64 W
* NMEA UTC (Time) = Aug 18 2022  04:23:59
* NMEA baud rate = 4800
** Ship: R/V Rachel Carson
** Cruise ID: RC0083
** Tech: McHugh/Nomura
** Chief Scientist: Cross
** Station: LC01
** Cast:  CTD033
# nquan = 21
# nvalues = 392                                   
# units = specified
# name 0 = latitude: Latitude [deg]
# name 1 = longitude: Longitude [deg]
# name 2 = sfdSM: Seafloor depth [salt water, m]
# name 3 = prDM: Pressure, Digiquartz [db]
# name 4 = depSM: Depth [salt water, m]
# name 5 = t090C: Temperature [ITS-90, deg C]
# name 6 = sal00: Salinity, Practical [PSU]
# name 7 = density00: Density [density, kg/m^3]
# name 8 = sigma-é00: Density [sigma-theta, kg/m^3]
# name 9 = potemp090C: Potential Temperature [ITS-90, deg C]
# name 10 = sbeox0PS: Oxygen, SBE 43 [% saturation]
# name 11 = CStarTr0: Beam Transmission, WET Labs C-Star [%]
# name 12 = flECO-AFL: Fluorescence, WET Labs ECO-AFL/FL [mg/m^3]
# name 13 = ph: pH
# name 14 = sbeox0ML/L: Oxygen, SBE 43 [ml/l]
# name 15 = sbeox0Mg/L: Oxygen, SBE 43 [mg/l]
# name 16 = sbox0Mm/Kg: Oxygen, SBE 43 [umol/kg]
# name 17 = sbeox0Mm/L: Oxygen, SBE 43 [umol/l]
# name 18 = scan: Scan Count
# name 19 = nbf: Bottles Fired
# name 20 = flag:  0.000e+00
# interval = seconds: 0.0416667
# start_time = Aug 18 2022 04:23:59 [NMEA time, header]
# bad_flag = -9.990e-29
*END*
[from data line 345]
   58.45200 -135.04830    101.547      2.942      2.914    12.2316    20.4931  1015.3279    15.3144    12.2313    107.085    92.5216     2.2852      8.397     7.0647    10.0962    310.751    315.510      48207          8  0.000e+00
   58.45200 -135.04830    101.563      2.958      2.930    12.2319    20.4937  1015.3284    15.3149    12.2315    107.054    92.5216     2.2852      8.397     7.0626    10.0931    310.657    315.415      48208          8  0.000e+00
   58.45200 -135.04830    101.483      2.877      2.850    12.2329    20.4919  1015.3265    15.3134    12.2325    107.117    92.5216     2.2852      8.392     7.0667    10.0990    310.839    315.599      48209          8  0.000e+00
   58.45200 -135.04830    101.563      2.958      2.930    12.2340    20.4908  1015.3258    15.3123    12.2337    107.135    92.5216     2.2559      8.392     7.0678    10.1005    310.885    315.646      48210          8  0.000e+00
   58.45200 -135.04830    101.547      2.942      2.914    12.2332    20.4927  1015.3273    15.3139    12.2329    107.152    92.5216     2.2559      8.392     7.0689    10.1022    310.937    315.698      48211          8  0.000e+00
   58.45200 -135.04830    101.507      2.901      2.874    12.2324    20.4946  1015.3288    15.3155    12.2321    107.116    92.5216     2.2852      8.392     7.0666    10.0988    310.832    315.593      48212          8  0.000e+00
   58.45200 -135.04830    101.547      2.942      2.915    12.2315    20.4962  1015.3303    15.3168    12.2312    107.182    92.5216     2.2852      8.397     7.0710    10.1052    311.027    315.791      48213          8  0.000e+00
   58.45200 -135.04830    101.507      2.902      2.875    12.2296    20.4984  1015.3321    15.3189    12.2293    107.147    92.5216     2.2559      8.392     7.0688    10.1021    310.932    315.695      48214          8  0.000e+00
   58.45200 -135.04830    101.547      2.942      2.915    12.2296    20.4975  1015.3316    15.3182    12.2292    107.154    92.5495     2.1973      8.392     7.0694    10.1029    310.956    315.720      48215          8  0.000e+00
   58.45200 -135.04830    101.547      2.942      2.915    12.2334    20.4923  1015.3270    15.3135    12.2331    107.161    92.6334     2.1680      8.397     7.0695    10.1030    310.963    315.725      48216          8  0.000e+00
   58.45200 -135.04830    101.507      2.902      2.875    12.2359    20.4885  1015.3235    15.3102    12.2356    107.168    92.6614     2.1680      8.397     7.0697    10.1034    310.974    315.735      48217          8  0.000e+00
   58.45200 -135.04830    101.547      2.942      2.915    12.2374    20.4872  1015.3224    15.3090    12.2371    107.176    92.6614     2.1680      8.392     7.0701    10.1039    310.991    315.751      48218          8  0.000e+00
   58.45200 -135.04830    101.563      2.958      2.931    12.2365    20.4881  1015.3233    15.3098    12.2362    107.179    92.6614     2.1973      8.392     7.0704    10.1043    311.001    315.763      48219          8  0.000e+00
   58.45200 -135.04830    101.483      2.877      2.851    12.2361    20.4875  1015.3225    15.3094    12.2358    107.180    92.6614     2.1680      8.392     7.0705    10.1045    311.008    315.770      48220          8  0.000e+00
   58.45200 -135.04830    101.563      2.958      2.931    12.2371    20.4853  1015.3210    15.3075    12.2367    107.183    92.6614     2.1973      8.392     7.0707    10.1047    311.016    315.777      48221          8  0.000e+00
   58.45200 -135.04830    101.483      2.877      2.851    12.2384    20.4824  1015.3182    15.3051    12.2381    107.178    92.6614     2.1680      8.397     7.0703    10.1042    310.999    315.759      48222          8  0.000e+00
   58.45200 -135.04830    101.507      2.902      2.875    12.2403    20.4796  1015.3159    15.3026    12.2400    107.174    92.6614     2.1680      8.397     7.0699    10.1035    310.981    315.740      48223          8  0.000e+00
   58.45200 -135.04830    101.547      2.942      2.915    12.2415    20.4782  1015.3148    15.3013    12.2412    107.170    92.6614     2.1680      8.397     7.0695    10.1030    310.965    315.723      48224          8  0.000e+00
   58.45200 -135.04830    101.507      2.902      2.875    12.2432    20.4763  1015.3129    15.2996    12.2428    107.165    92.6614     2.1680      8.392     7.0690    10.1023    310.943    315.700      48225          8  0.000e+00
   58.45200 -135.04830    101.547      2.942      2.915    12.2437    20.4752  1015.3121    15.2987    12.2434    107.161    92.6614     2.1680      8.397     7.0687    10.1018    310.930    315.687      48226          8  0.000e+00
   58.45200 -135.04830    101.387      2.781      2.755    12.2452    20.4737  1015.3100    15.2973    12.2449    107.153    92.6614     2.1680      8.392     7.0680    10.1009    310.902    315.658      48227          8  0.000e+00
   58.45200 -135.04830    101.603      2.999      2.971    12.2463    20.4734  1015.3105    15.2969    12.2460    107.151    92.6614     2.1973      8.392     7.0677    10.1005    310.888    315.644      48228          8  0.000e+00
   58.45200 -135.04830    101.507      2.902      2.875    12.2467    20.4741  1015.3106    15.2974    12.2463    107.144    92.6614     2.1680      8.397     7.0672    10.0997    310.865    315.620      48229          8  0.000e+00
   58.45200 -135.04830    101.483      2.878      2.851    12.2457    20.4756  1015.3118    15.2987    12.2453    107.138    92.6614     2.1680      8.392     7.0669    10.0993    310.851    315.607      48230          8  0.000e+00
   58.45200 -135.04830    101.547      2.942      2.915    12.2446    20.4770  1015.3133    15.2999    12.2442    107.080    92.6614     2.1680      8.392     7.0631    10.0939    310.686    315.440      48231          8  0.000e+00
   58.45200 -135.04830    101.507      2.902      2.875    12.2432    20.4792  1015.3151    15.3019    12.2428    107.121    92.6614     2.1680      8.397     7.0660    10.0980    310.810    315.566      48232          8  0.000e+00
   58.45200 -135.04830    101.483      2.878      2.851    12.2415    20.4811  1015.3167    15.3036    12.2412    107.062    92.6614     2.1680      8.397     7.0622    10.0926    310.644    315.398      48233          8  0.000e+00
   58.45200 -135.04830    101.507      2.902      2.875    12.2444    20.4782  1015.3142    15.3009    12.2440    107.103    92.6614     2.1680      8.392     7.0646    10.0961    310.752    315.507      48234          8  0.000e+00
   58.45200 -135.04830    101.547      2.942      2.915    12.2465    20.4741  1015.3108    15.2974    12.2462    107.097    92.6894     2.2266      8.392     7.0641    10.0953    310.729    315.483      48235          8  0.000e+00
   58.45200 -135.04830    101.507      2.902      2.875    12.2468    20.4722  1015.3091    15.2958    12.2465    107.090    92.7453     2.2266      8.397     7.0637    10.0947    310.710    315.463      48236          8  0.000e+00
   58.45200 -135.04830    101.483      2.878      2.851    12.2470    20.4721  1015.3088    15.2957    12.2467    107.083    92.7733     2.2559      8.392     7.0632    10.0940    310.689    315.441      48237          8  0.000e+00
   58.45200 -135.04830    101.507      2.902      2.875    12.2444    20.4761  1015.3125    15.2992    12.2440    107.076    92.7453     2.2266      8.392     7.0630    10.0937    310.679    315.432      48238          8  0.000e+00
   58.45200 -135.04830    101.547      2.942      2.915    12.2432    20.4791  1015.3152    15.3018    12.2428    107.070    92.7733     2.2559      8.392     7.0626    10.0931    310.661    315.414      48239          8  0.000e+00
   58.45200 -135.04830    101.507      2.902      2.875    12.2430    20.4795  1015.3153    15.3021    12.2427    107.062    92.7453     2.2266      8.392     7.0620    10.0924    310.637    315.391      48240          8  0.000e+00
   58.45200 -135.04830    101.483      2.878      2.851    12.2432    20.4796  1015.3153    15.3021    12.2429    107.000    92.7733     2.2266      8.397     7.0580    10.0865    310.457    315.208      48241          8  0.000e+00
   58.45200 -135.04830    101.507      2.902      2.875    12.2430    20.4798  1015.3155    15.3023    12.2427    107.046    92.7733     2.2266      8.397     7.0610    10.0909    310.592    315.345      48242          8  0.000e+00
   58.45200 -135.04830    101.483      2.878      2.851    12.2435    20.4797  1015.3153    15.3022    12.2432    107.044    92.7453     2.2266      8.397     7.0608    10.0906    310.583    315.335      48243          8  0.000e+00
   58.45200 -135.04830    101.547      2.942      2.915    12.2442    20.4769  1015.3133    15.2999    12.2438    107.043    92.7733     2.2266      8.397     7.0607    10.0905    310.581    315.333      48244          8  0.000e+00
   58.45200 -135.04830    101.451      2.845      2.819    12.2482    20.4674  1015.3049    15.2919    12.2478    107.039    92.7733     2.2266      8.392     7.0603    10.0899    310.565    315.314      48245          8  0.000e+00
   58.45200 -135.04830    101.547      2.942      2.915    12.2533    20.4606  1015.2992    15.2858    12.2530    107.038    92.7733     2.2266      8.392     7.0598    10.0891    310.542    315.289      48246          8  0.000e+00
   58.45200 -135.04830    101.507      2.902      2.875    12.2520    20.4650  1015.3027    15.2895    12.2517    107.036    92.7733     2.2266      8.397     7.0596    10.0889    310.535    315.282      48247          8  0.000e+00
   58.45200 -135.04830    101.483      2.878      2.851    12.2475    20.4727  1015.3092    15.2961    12.2472    107.034    92.7733     2.2266      8.397     7.0598    10.0892    310.543    315.293      48248          8  0.000e+00
   58.45200 -135.04830    101.507      2.902      2.875    12.2465    20.4751  1015.3114    15.2982    12.2462    107.033    92.7733     2.2266      8.397     7.0598    10.0891    310.540    315.290      48249          8  0.000e+00
   58.45200 -135.04830    101.427      2.821      2.795    12.2467    20.4762  1015.3118    15.2989    12.2464    107.036    92.7733     2.2266      8.397     7.0599    10.0893    310.544    315.295      48250          8  0.000e+00
   58.45200 -135.04830    101.507      2.902      2.875    12.2447    20.4780  1015.3139    15.3007    12.2444    107.094    92.7733     2.2266      8.397     7.0640    10.0952    310.725    315.479      48251          8  0.000e+00
   58.45200 -135.04830    101.483      2.878      2.851    12.2463    20.4748  1015.3111    15.2979    12.2460    107.104    92.7733     2.2266      8.392     7.0645    10.0959    310.749    315.502      48252          8  0.000e+00
   58.45200 -135.04830    101.507      2.902      2.875    12.2474    20.4682  1015.3059    15.2927    12.2471    107.114    92.7733     2.2266      8.397     7.0653    10.0971    310.785    315.538      48253          8  0.000e+00
