EcoFOCI/data/1_SampleCollection/2022_GOA-OA_CruiseData/CTD_raw_BottleFile_RC0083/RC0083_024.ros
* Sea-Bird SBE 9 Data File:
* FileName = C:\Data\RC0083ctd\RC0083_024.hex
* Software Version Seasave V 7.26.7.107
* Temperature SN = 2060
* Conductivity SN = 1084
* Number of Bytes Per Scan = 31
* Number of Voltage Words = 4
* Number of Scans Averaged by the Deck Unit = 1
* NMEA Latitude = 56 36.41 N
* NMEA Longitude = 135 59.87 W
* NMEA UTC (Time) = Aug 14 2022  22:41:56
* NMEA baud rate = 4800
** Ship: R/V Rachel Carson
** Cruise ID: RC0083
** Tech: McHugh/Nomura
** Chief Scientist: Cross
** Station: SEC04
** Cast:  CTD024
# nquan = 21
# nvalues = 490                                   
# units = specified
# name 0 = latitude: Latitude [deg]
# name 1 = longitude: Longitude [deg]
# name 2 = sfdSM: Seafloor depth [salt water, m]
# name 3 = prDM: Pressure, Digiquartz [db]
# name 4 = depSM: Depth [salt water, m]
# name 5 = t090C: Temperature [ITS-90, deg C]
# name 6 = sal00: Salinity, Practical [PSU]
# name 7 = density00: Density [density, kg/m^3]
# name 8 = sigma-é00: Density [sigma-theta, kg/m^3]
# name 9 = potemp090C: Potential Temperature [ITS-90, deg C]
# name 10 = sbeox0PS: Oxygen, SBE 43 [% saturation]
# name 11 = CStarTr0: Beam Transmission, WET Labs C-Star [%]
# name 12 = flECO-AFL: Fluorescence, WET Labs ECO-AFL/FL [mg/m^3]
# name 13 = ph: pH
# name 14 = sbeox0ML/L: Oxygen, SBE 43 [ml/l]
# name 15 = sbeox0Mg/L: Oxygen, SBE 43 [mg/l]
# name 16 = sbox0Mm/Kg: Oxygen, SBE 43 [umol/kg]
# name 17 = sbeox0Mm/L: Oxygen, SBE 43 [umol/l]
# name 18 = scan: Scan Count
# name 19 = nbf: Bottles Fired
# name 20 = flag:  0.000e+00
# interval = seconds: 0.0416667
# start_time = Aug 14 2022 22:41:56 [NMEA time, header]
# bad_flag = -9.990e-29
*END*
   56.60800 -135.99708    598.603    505.204    499.971     4.4615    34.0568  1029.3250    26.9914     4.4237     10.653   106.5340    -0.0884      7.608     0.7681     1.0977     33.401     34.302      17505          1  0.000e+00
   56.60800 -135.99708    598.869    505.473    500.236     4.4617    34.0571  1029.3264    26.9916     4.4239     10.595   106.5340    -0.0884      7.608     0.7639     1.0917     33.219     34.115      17506          1  0.000e+00
   56.60800 -135.99708    598.724    505.326    500.091     4.4618    34.0562  1029.3250    26.9909     4.4240     10.588   106.5060    -0.0884      7.608     0.7634     1.0910     33.198     34.094      17507          1  0.000e+00
   56.60800 -135.99708    598.965    505.571    500.333     4.4622    34.0561  1029.3260    26.9907     4.4244     10.643   106.5060    -0.0884      7.608     0.7674     1.0967     33.371     34.272      17508          1  0.000e+00
   56.60800 -135.99708    598.804    505.408    500.172     4.4618    34.0563  1029.3255    26.9910     4.4240     10.584   106.5060    -0.0884      7.608     0.7632     1.0906     33.187     34.082      17509          1  0.000e+00
   56.60800 -135.99708    598.901    505.506    500.268     4.4620    34.0565  1029.3261    26.9911     4.4242     10.588   106.5060    -0.0884      7.608     0.7634     1.0910     33.197     34.093      17510          1  0.000e+00
   56.60800 -135.99708    599.046    505.652    500.413     4.4622    34.0561  1029.3264    26.9907     4.4244     10.581   106.5060    -0.0884      7.608     0.7629     1.0903     33.177     34.073      17511          1  0.000e+00
   56.60800 -135.99708    599.022    505.628    500.389     4.4617    34.0567  1029.3268    26.9913     4.4239     10.575   106.5060    -0.0884      7.608     0.7625     1.0897     33.157     34.052      17512          1  0.000e+00
   56.60800 -135.99708    598.901    505.506    500.268     4.4617    34.0564  1029.3260    26.9911     4.4239     10.568   106.5060    -0.0884      7.608     0.7620     1.0890     33.136     34.031      17513          1  0.000e+00
   56.60800 -135.99708    599.223    505.831    500.590     4.4615    34.0565  1029.3276    26.9911     4.4237     10.562   106.5060    -0.0884      7.608     0.7616     1.0883     33.117     34.011      17514          1  0.000e+00
   56.60800 -135.99708    598.965    505.571    500.333     4.4617    34.0564  1029.3263    26.9911     4.4239     10.555   106.5060    -0.0884      7.608     0.7611     1.0876     33.096     33.989      17515          1  0.000e+00
   56.60800 -135.99708    599.142    505.750    500.510     4.4613    34.0568  1029.3275    26.9914     4.4235     10.549   106.5060    -0.0884      7.608     0.7606     1.0870     33.076     33.969      17516          1  0.000e+00
   56.60800 -135.99708    599.344    505.953    500.711     4.4614    34.0564  1029.3281    26.9911     4.4235     10.553   106.5060    -0.0884      7.608     0.7609     1.0874     33.089     33.982      17517          1  0.000e+00
   56.60800 -135.99708    599.207    505.815    500.574     4.4611    34.0569  1029.3279    26.9915     4.4233     10.557   106.5060    -0.0884      7.608     0.7612     1.0878     33.101     33.994      17518          1  0.000e+00
   56.60800 -135.99708    599.320    505.929    500.687     4.4610    34.0568  1029.3284    26.9914     4.4232     10.562   106.5060    -0.0884      7.608     0.7615     1.0883     33.116     34.010      17519          1  0.000e+00
   56.60800 -135.99708    599.408    506.019    500.776     4.4610    34.0568  1029.3288    26.9914     4.4232     10.567   106.5060    -0.0884      7.608     0.7619     1.0888     33.131     34.026      17520          1  0.000e+00
   56.60800 -135.99708    571.700    505.929    500.687     4.4611    34.0564  1029.3280    26.9911     4.4233     10.562   106.5060    -0.0884      7.608     0.7615     1.0883     33.116     34.010      17521          1  0.000e+00
   56.60800 -135.99708    530.820    506.076    500.832     4.4610    34.0564  1029.3287    26.9911     4.4232     10.618   106.5060    -0.0884      7.608     0.7656     1.0942     33.294     34.193      17522          1  0.000e+00
   56.60800 -135.99708    519.821    506.238    500.993     4.4609    34.0567  1029.3297    26.9913     4.4230     10.623   106.5060    -0.0884      7.608     0.7660     1.0947     33.309     34.208      17523          1  0.000e+00
   56.60800 -135.99708    520.735    506.051    500.808     4.4610    34.0569  1029.3290    26.9915     4.4232     10.627   106.5060    -0.0884      7.608     0.7662     1.0950     33.321     34.220      17524          1  0.000e+00
   56.60800 -135.99708    522.741    506.377    501.130     4.4610    34.0565  1029.3302    26.9912     4.4231     10.569   106.5060    -0.0884      7.608     0.7621     1.0891     33.141     34.035      17525          1  0.000e+00
   56.60800 -135.99708    523.076    506.295    501.049     4.4607    34.0566  1029.3299    26.9913     4.4228     10.573   106.5060    -0.0884      7.608     0.7624     1.0895     33.153     34.048      17526          1  0.000e+00
   56.60800 -135.99708    522.882    506.173    500.929     4.4602    34.0572  1029.3299    26.9918     4.4223     10.578   106.5060    -0.0884      7.608     0.7627     1.0900     33.167     34.062      17527          1  0.000e+00
   56.60800 -135.99708    523.131    506.499    501.251     4.4600    34.0565  1029.3309    26.9913     4.4222     10.635   106.5060    -0.0884      7.608     0.7668     1.0958     33.346     34.246      17528          1  0.000e+00
   56.60800 -135.99708    522.986    506.352    501.106     4.4600    34.0570  1029.3306    26.9917     4.4222     10.577   106.5060    -0.0884      7.608     0.7626     1.0899     33.164     34.059      17529          1  0.000e+00
   56.60800 -135.99708    523.171    506.540    501.291     4.4597    34.0571  1029.3316    26.9918     4.4219     10.633   106.5060    -0.0884      7.608     0.7667     1.0957     33.341     34.241      17530          1  0.000e+00
   56.60800 -135.99708    523.195    506.564    501.315     4.4597    34.0569  1029.3315    26.9916     4.4219     10.637   106.5060    -0.0884      7.608     0.7670     1.0961     33.353     34.253      17531          1  0.000e+00
   56.60800 -135.99708    523.107    506.475    501.226     4.4599    34.0572  1029.3313    26.9918     4.4220     10.640   106.5060    -0.0884      7.608     0.7672     1.0964     33.362     34.263      17532          1  0.000e+00
   56.60800 -135.99708    523.348    506.719    501.468     4.4599    34.0567  1029.3321    26.9915     4.4220     10.581   106.5060    -0.0884      7.608     0.7630     1.0904     33.179     34.074      17533          1  0.000e+00
   56.60800 -135.99708    523.493    506.866    501.613     4.4597    34.0571  1029.3331    26.9918     4.4218     10.585   106.5060    -0.0884      7.608     0.7632     1.0907     33.190     34.086      17534          1  0.000e+00
   56.60800 -135.99708    523.227    506.597    501.347     4.4596    34.0574  1029.3321    26.9921     4.4217     10.650   106.5060    -0.0884      7.608     0.7679     1.0974     33.394     34.295      17535          1  0.000e+00
   56.60800 -135.99708    523.413    506.784    501.532     4.4596    34.0572  1029.3328    26.9919     4.4217     10.653   106.5060    -0.0884      7.608     0.7682     1.0978     33.405     34.306      17536          1  0.000e+00
   56.60800 -135.99708    523.493    506.866    501.613     4.4597    34.0570  1029.3330    26.9917     4.4218     10.656   106.5060    -0.0884      7.608     0.7684     1.0981     33.414     34.316      17537          1  0.000e+00
   56.60800 -135.99708    558.861    506.898    501.645     4.4594    34.0570  1029.3332    26.9918     4.4215     10.597   106.5060    -0.0884      7.608     0.7641     1.0920     33.229     34.125      17538          1  0.000e+00
   56.60800 -135.99708    595.337    506.841    501.589     4.4596    34.0568  1029.3328    26.9916     4.4217     10.600   106.5060    -0.0884      7.608     0.7643     1.0923     33.237     34.134      17539          1  0.000e+00
   56.60800 -135.99708    601.790    507.045    501.790     4.4596    34.0566  1029.3335    26.9914     4.4217     10.603   106.5060    -0.0884      7.608     0.7646     1.0926     33.248     34.146      17540          1  0.000e+00
   56.60800 -135.99708    601.709    506.963    501.709     4.4591    34.0568  1029.3334    26.9917     4.4212     10.607   106.5060    -0.0884      7.608     0.7648     1.0930     33.260     34.158      17541          1  0.000e+00
   56.60800 -135.99708    600.488    506.963    501.709     4.4588    34.0572  1029.3337    26.9920     4.4209     10.611   106.5060    -0.0884      7.608     0.7651     1.0935     33.273     34.171      17542          1  0.000e+00
   56.60800 -135.99708    600.099    506.866    501.613     4.4588    34.0569  1029.3330    26.9918     4.4209     10.605   106.5060    -0.0884      7.608     0.7647     1.0929     33.255     34.152      17543          1  0.000e+00
   56.60800 -135.99708    600.204    506.898    501.645     4.4581    34.0574  1029.3337    26.9923     4.4202     10.610   106.5060    -0.0884      7.608     0.7651     1.0933     33.269     34.167      17544          1  0.000e+00
   56.60800 -135.99708    600.317    506.963    501.709     4.4580    34.0572  1029.3338    26.9921     4.4201     10.605   106.5060    -0.0884      7.608     0.7647     1.0928     33.253     34.151      17545          1  0.000e+00
   56.60800 -135.99708    600.302    506.923    501.669     4.4578    34.0572  1029.3336    26.9921     4.4199     10.599   106.5060    -0.0884      7.608     0.7643     1.0923     33.237     34.134      17546          1  0.000e+00
   56.60800 -135.99708    600.277    506.898    501.645     4.4577    34.0573  1029.3336    26.9922     4.4198     10.656   106.5060    -0.0884      7.608     0.7684     1.0981     33.413     34.315      17547          1  0.000e+00
   56.60800 -135.99708    600.277    506.898    501.645     4.4577    34.0575  1029.3338    26.9924     4.4198     10.598   106.5060    -0.0884      7.608     0.7642     1.0921     33.233     34.130      17548          1  0.000e+00
   56.60800 -135.99708    600.366    506.988    501.733     4.4578    34.0574  1029.3341    26.9923     4.4199     10.592   106.5340    -0.0884      7.608     0.7638     1.0916     33.215     34.112      17549          1  0.000e+00
   56.60800 -135.99708    600.100    506.719    501.468     4.4585    34.0570  1029.3324    26.9918     4.4206     10.586   106.5340    -0.0884      7.608     0.7634     1.0909     33.196     34.092      17550          1  0.000e+00
   56.60800 -135.99708    600.165    506.784    501.532     4.4586    34.0571  1029.3329    26.9920     4.4207     10.581   106.5060    -0.0884      7.608     0.7630     1.0903     33.178     34.073      17551          1  0.000e+00
   56.60800 -135.99708    600.302    506.923    501.669     4.4591    34.0569  1029.3333    26.9918     4.4212     10.637   106.5060    -0.0884      7.608     0.7670     1.0961     33.354     34.254      17552          1  0.000e+00
   56.60800 -135.99708    599.923    506.540    501.291     4.4589    34.0569  1029.3315    26.9918     4.4211     10.650   106.5060    -0.0884      7.608     0.7680     1.0975     33.395     34.297      17553          1  0.000e+00
   56.60842 -135.99654    349.970    253.815    251.338     5.5383    33.8595  1027.8796    26.7106     5.5177     28.222   106.5620    -0.0884      7.707     1.9860     2.8382     86.386     88.694      26775          2  0.000e+00
   56.60842 -135.99654    350.050    253.896    251.418     5.5384    33.8595  1027.8799    26.7105     5.5178     28.229   106.5620    -0.0884      7.707     1.9865     2.8389     86.408     88.716      26776          2  0.000e+00
   56.60842 -135.99654    349.914    253.758    251.281     5.5392    33.8593  1027.8790    26.7103     5.5186     28.234   106.5620    -0.0884      7.707     1.9868     2.8394     86.424     88.732      26777          2  0.000e+00
   56.60842 -135.99654    349.994    253.839    251.362     5.5400    33.8593  1027.8793    26.7102     5.5194     28.173   106.5620    -0.0884      7.707     1.9825     2.8332     86.235     88.539      26778          2  0.000e+00
   56.60842 -135.99654    349.794    253.636    251.161     5.5407    33.8591  1027.8781    26.7099     5.5201     28.219   106.5620    -0.0884      7.707     1.9857     2.8378     86.375     88.682      26779          2  0.000e+00
   56.60842 -135.99654    349.794    253.636    251.161     5.5405    33.8590  1027.8781    26.7099     5.5200     28.215   106.5620    -0.0884      7.707     1.9854     2.8374     86.363     88.670      26780          2  0.000e+00
   56.60842 -135.99654    349.818    253.661    251.185     5.5403    33.8591  1027.8783    26.7100     5.5197     28.211   106.5620    -0.0884      7.707     1.9851     2.8370     86.350     88.656      26781          2  0.000e+00
   56.60842 -135.99654    349.729    253.572    251.097     5.5400    33.8594  1027.8782    26.7103     5.5195     28.205   106.5900    -0.0884      7.707     1.9848     2.8364     86.333     88.639      26782          2  0.000e+00
   56.60842 -135.99654    349.697    253.539    251.065     5.5401    33.8597  1027.8783    26.7105     5.5196     28.199   106.6459    -0.0884      7.707     1.9843     2.8358     86.314     88.619      26783          2  0.000e+00
   56.60842 -135.99654    349.617    253.458    250.985     5.5413    33.8593  1027.8774    26.7100     5.5208     28.192   106.6459    -0.0884      7.707     1.9838     2.8350     86.290     88.595      26784          2  0.000e+00
   56.60842 -135.99654    349.577    253.417    250.944     5.5417    33.8594  1027.8772    26.7100     5.5212     28.252   106.6459    -0.0884      7.707     1.9879     2.8410     86.472     88.781      26785          2  0.000e+00
   56.60842 -135.99654    349.553    253.393    250.920     5.5424    33.8593  1027.8770    26.7099     5.5219     28.252   106.6459    -0.0884      7.707     1.9879     2.8409     86.471     88.781      26786          2  0.000e+00
   56.60842 -135.99654    349.497    253.336    250.864     5.5431    33.8589  1027.8763    26.7095     5.5225     28.192   106.6459    -0.0884      7.707     1.9837     2.8349     86.288     88.593      26787          2  0.000e+00
   56.60842 -135.99654    349.400    253.239    250.768     5.5429    33.8590  1027.8760    26.7096     5.5224     28.191   106.6459    -0.0884      7.707     1.9836     2.8348     86.284     88.589      26788          2  0.000e+00
   56.60842 -135.99654    349.376    253.215    250.744     5.5436    33.8595  1027.8762    26.7099     5.5230     28.189   106.6459    -0.0884      7.707     1.9835     2.8346     86.278     88.582      26789          2  0.000e+00
   56.60842 -135.99654    349.280    253.117    250.648     5.5455    33.8593  1027.8753    26.7095     5.5249     28.187   106.6459    -0.0884      7.707     1.9832     2.8342     86.267     88.571      26790          2  0.000e+00
   56.60842 -135.99654    349.320    253.158    250.688     5.5469    33.8580  1027.8743    26.7083     5.5264     28.185   106.6459    -0.0884      7.707     1.9830     2.8339     86.258     88.562      26791          2  0.000e+00
   56.60842 -135.99654    349.103    252.939    250.471     5.5471    33.8582  1027.8734    26.7085     5.5265     28.182   106.6459    -0.0884      7.707     1.9828     2.8336     86.248     88.551      26792          2  0.000e+00
   56.60842 -135.99654    349.200    253.036    250.567     5.5471    33.8582  1027.8739    26.7085     5.5265     28.179   106.6459    -0.0884      7.707     1.9826     2.8334     86.240     88.544      26793          2  0.000e+00
