EcoFOCI/data/1_SampleCollection/2022_GOA-OA_CruiseData/CTD_raw_BottleFile_RC0083/RC0083_078.ros
* Sea-Bird SBE 9 Data File:
* FileName = C:\Data\RC0083ctd\RC0083_078.hex
* Software Version Seasave V 7.26.7.107
* Temperature SN = 2060
* Conductivity SN = 2881
* Number of Bytes Per Scan = 31
* Number of Voltage Words = 4
* Number of Scans Averaged by the Deck Unit = 1
* NMEA Latitude = 58 21.01 N
* NMEA Longitude = 134 46.91 W
* NMEA UTC (Time) = Aug 21 2022  23:13:56
* NMEA baud rate = 4800
** Ship: R/V Rachel Carson
** Cruise ID: RC0083
** Tech: McHugh/Nomura
** Chief Scientist: Cross
** Station: LFC
** Cast:  CTD078
# nquan = 21
# nvalues = 196                                   
# units = specified
# name 0 = latitude: Latitude [deg]
# name 1 = longitude: Longitude [deg]
# name 2 = sfdSM: Seafloor depth [salt water, m]
# name 3 = prDM: Pressure, Digiquartz [db]
# name 4 = depSM: Depth [salt water, m]
# name 5 = t090C: Temperature [ITS-90, deg C]
# name 6 = sal00: Salinity, Practical [PSU]
# name 7 = density00: Density [density, kg/m^3]
# name 8 = sigma-é00: Density [sigma-theta, kg/m^3]
# name 9 = potemp090C: Potential Temperature [ITS-90, deg C]
# name 10 = sbeox0PS: Oxygen, SBE 43 [% saturation]
# name 11 = CStarTr0: Beam Transmission, WET Labs C-Star [%]
# name 12 = flECO-AFL: Fluorescence, WET Labs ECO-AFL/FL [mg/m^3]
# name 13 = ph: pH
# name 14 = sbeox0ML/L: Oxygen, SBE 43 [ml/l]
# name 15 = sbeox0Mg/L: Oxygen, SBE 43 [mg/l]
# name 16 = sbox0Mm/Kg: Oxygen, SBE 43 [umol/kg]
# name 17 = sbeox0Mm/L: Oxygen, SBE 43 [umol/l]
# name 18 = scan: Scan Count
# name 19 = nbf: Bottles Fired
# name 20 = flag:  0.000e+00
# interval = seconds: 0.0416667
# start_time = Aug 21 2022 23:13:56 [NMEA time, header]
# bad_flag = -9.990e-29
*END*
[from data line 138]
   58.34894 -134.78004     21.782     10.229     10.133    10.5655    28.3401  1021.7136    21.6671    10.5644     85.988    91.4587     2.3731      8.201     5.5969     7.9985    244.657    249.958      13676          3  0.000e+00
   58.34894 -134.78004     21.774     10.196     10.101    10.5685    28.3381  1021.7114    21.6651    10.5674     86.036    91.3189     2.3438      8.196     5.5997     8.0025    244.780    250.083      13677          3  0.000e+00
   58.34894 -134.78004     21.918     10.342     10.245    10.5698    28.3372  1021.7112    21.6642    10.5686     86.036    91.1511     2.2852      8.201     5.5996     8.0024    244.776    250.079      13678          3  0.000e+00
   58.34894 -134.78004     21.806     10.229     10.133    10.5648    28.3405  1021.7140    21.6676    10.5637     86.036    91.1231     2.2852      8.201     5.6001     8.0030    244.795    250.099      13679          3  0.000e+00
   58.34894 -134.78004     21.862     10.285     10.189    10.5569    28.3459  1021.7198    21.6731    10.5558     86.043    91.1231     2.2852      8.201     5.6013     8.0048    244.848    250.155      13680          3  0.000e+00
   58.34894 -134.78004     21.830     10.253     10.157    10.5494    28.3514  1021.7252    21.6786    10.5482     86.045    91.1231     2.2852      8.201     5.6022     8.0060    244.884    250.192      13681          3  0.000e+00
   58.34894 -134.78004     21.806     10.229     10.133    10.5480    28.3524  1021.7261    21.6796    10.5469     86.047    91.1511     2.2852      8.201     5.6024     8.0064    244.894    250.204      13682          3  0.000e+00
   58.34894 -134.78004     21.862     10.285     10.189    10.5492    28.3515  1021.7254    21.6787    10.5480     85.995    91.1231     2.2852      8.201     5.5989     8.0014    244.742    250.048      13683          3  0.000e+00
   58.34894 -134.78004     21.806     10.229     10.133    10.5537    28.3490  1021.7225    21.6760    10.5526     85.992    91.1511     2.2852      8.201     5.5983     8.0005    244.714    250.018      13684          3  0.000e+00
   58.34882 -134.78004     43.196      2.955      2.928    12.8601    18.7169  1013.8539    13.8404    12.8598     96.967    93.7802     0.2339      8.375     6.3819     9.1204    281.124    285.015      14739          4  0.000e+00
   58.34882 -134.78004     44.806      3.101      3.072    12.8608    18.7169  1013.8545    13.8403    12.8604     96.922    93.7802     0.2339      8.375     6.3788     9.1160    280.990    284.879      14740          4  0.000e+00
   58.34882 -134.78004     45.531      3.020      2.992    12.8606    18.7173  1013.8544    13.8406    12.8602     96.924    93.7802     0.2339      8.375     6.3790     9.1162    280.996    284.885      14741          4  0.000e+00
   58.34882 -134.78004     45.589      2.980      2.952    12.8604    18.7175  1013.8545    13.8409    12.8601     96.926    93.7802     0.2046      8.375     6.3791     9.1164    281.002    284.891      14742          4  0.000e+00
   58.34882 -134.78004     45.636      3.076      3.048    12.8617    18.7170  1013.8542    13.8402    12.8614     96.929    93.7802     0.2046      8.375     6.3792     9.1165    281.005    284.894      14743          4  0.000e+00
   58.34882 -134.78004     45.588      3.076      3.048    12.8632    18.7165  1013.8536    13.8396    12.8629     96.872    93.7802     0.2046      8.375     6.3752     9.1108    280.831    284.718      14744          4  0.000e+00
   58.34882 -134.78004     45.556      3.044      3.016    12.8639    18.7167  1013.8536    13.8397    12.8636     96.918    93.7802     0.2046      8.375     6.3782     9.1150    280.960    284.849      14745          4  0.000e+00
   58.34882 -134.78004     45.532      3.020      2.992    12.8639    18.7157  1013.8526    13.8389    12.8635     96.915    93.7802     0.2046      8.375     6.3780     9.1148    280.952    284.840      14746          4  0.000e+00
   58.34882 -134.78004     45.612      3.101      3.072    12.8649    18.7144  1013.8519    13.8377    12.8646     96.912    93.7802     0.2046      8.375     6.3777     9.1144    280.940    284.828      14747          4  0.000e+00
   58.34882 -134.78004     45.532      3.020      2.992    12.8664    18.7131  1013.8503    13.8365    12.8661     96.912    93.7802     0.2046      8.375     6.3775     9.1141    280.933    284.820      14748          4  0.000e+00
   58.34882 -134.78004     45.588      3.076      3.048    12.8673    18.7120  1013.8495    13.8354    12.8669     96.913    93.7802     0.2046      8.375     6.3775     9.1141    280.934    284.820      14749          4  0.000e+00
   58.34882 -134.78004     44.554      3.044      3.016    12.8681    18.7112  1013.8486    13.8347    12.8678     96.913    93.8081     0.2046      8.375     6.3774     9.1140    280.930    284.816      14750          4  0.000e+00
   58.34882 -134.78004     34.958      3.020      2.992    12.8682    18.7122  1013.8492    13.8354    12.8679     96.913    93.8081     0.2046      8.375     6.3774     9.1139    280.927    284.814      14751          4  0.000e+00
   58.34882 -134.78004     30.154      3.101      3.072    12.8683    18.7126  1013.8499    13.8358    12.8679     96.914    93.8081     0.2046      8.370     6.3774     9.1140    280.928    284.815      14752          4  0.000e+00
   58.34882 -134.78004     29.641      3.076      3.048    12.8689    18.7113  1013.8487    13.8347    12.8685     96.913    93.8081     0.2046      8.375     6.3773     9.1139    280.926    284.812      14753          4  0.000e+00
   58.34882 -134.78004     30.056      3.076      3.048    12.8698    18.7094  1013.8471    13.8330    12.8694     96.918    93.8081     0.2046      8.375     6.3776     9.1142    280.937    284.823      14754          4  0.000e+00
   58.34882 -134.78004     30.195      3.044      3.016    12.8701    18.7078  1013.8457    13.8318    12.8698     96.922    93.8081     0.2046      8.375     6.3779     9.1146    280.950    284.836      14755          4  0.000e+00
   58.34882 -134.78004     30.252      3.076      3.048    12.8697    18.7067  1013.8450    13.8310    12.8694     96.922    93.8081     0.2046      8.375     6.3780     9.1148    280.955    284.840      14756          4  0.000e+00
   58.34882 -134.78004     30.195      3.044      3.016    12.8700    18.7069  1013.8450    13.8311    12.8696     96.921    93.8081     0.2046      8.375     6.3779     9.1146    280.950    284.836      14757          4  0.000e+00
   58.34882 -134.78004     30.227      3.076      3.048    12.8699    18.7082  1013.8462    13.8321    12.8696     96.920    93.8081     0.2046      8.375     6.3778     9.1145    280.946    284.832      14758          4  0.000e+00
   58.34882 -134.78004     30.227      3.076      3.048    12.8693    18.7089  1013.8468    13.8328    12.8689     96.914    93.8081     0.2046      8.375     6.3775     9.1141    280.932    284.818      14759          4  0.000e+00
   58.34882 -134.78004     30.195      3.044      3.016    12.8682    18.7087  1013.8466    13.8327    12.8679     96.913    93.8081     0.2046      8.375     6.3775     9.1141    280.934    284.820      14760          4  0.000e+00
   58.34882 -134.78004     30.291      3.141      3.112    12.8668    18.7080  1013.8468    13.8325    12.8664     96.913    93.8081     0.2046      8.375     6.3777     9.1144    280.943    284.829      14761          4  0.000e+00
   58.34882 -134.78004     30.195      3.044      3.016    12.8666    18.7070  1013.8456    13.8317    12.8663     96.910    93.8081     0.2046      8.375     6.3776     9.1142    280.938    284.824      14762          4  0.000e+00
   58.34882 -134.78004     30.227      3.076      3.048    12.8667    18.7067  1013.8455    13.8315    12.8664     96.908    93.8081     0.2046      8.375     6.3775     9.1141    280.933    284.819      14763          4  0.000e+00
   58.34882 -134.78004     30.227      3.076      3.048    12.8663    18.7072  1013.8460    13.8319    12.8659     96.906    93.8081     0.2046      8.375     6.3774     9.1139    280.929    284.814      14764          4  0.000e+00
   58.34882 -134.78004     30.251      3.101      3.072    12.8662    18.7069  1013.8458    13.8317    12.8659     96.904    93.8081     0.2046      8.375     6.3773     9.1138    280.924    284.809      14765          4  0.000e+00
   58.34882 -134.78004     30.227      3.077      3.048    12.8683    18.7048  1013.8438    13.8298    12.8680     96.960    93.8081     0.2046      8.375     6.3808     9.1188    281.078    284.965      14766          4  0.000e+00
   58.34882 -134.78004     48.127      3.101      3.072    12.8697    18.7028  1013.8421    13.8280    12.8694     96.967    93.8081     0.2046      8.375     6.3811     9.1193    281.094    284.981      14767          4  0.000e+00
   58.34882 -134.78004     90.008      3.077      3.048    12.8713    18.7015  1013.8407    13.8267    12.8709     96.914    93.8081     0.2046      8.375     6.3775     9.1140    280.934    284.818      14768          4  0.000e+00
   58.34882 -134.78004    103.112      3.141      3.112    12.8720    18.7012  1013.8407    13.8263    12.8717     96.912    93.7802     0.2046      8.375     6.3772     9.1137    280.923    284.807      14769          4  0.000e+00
   58.34882 -134.78004    103.072      3.101      3.072    12.8716    18.7023  1013.8415    13.8273    12.8712     96.908    93.7522     0.2046      8.375     6.3770     9.1134    280.912    284.797      14770          4  0.000e+00
   58.34882 -134.78004    102.022      3.077      3.048    12.8695    18.7045  1013.8433    13.8293    12.8691     96.959    93.7522     0.2046      8.375     6.3805     9.1184    281.067    284.954      14771          4  0.000e+00
   58.34882 -134.78004    101.509      3.101      3.072    12.8671    18.7062  1013.8452    13.8310    12.8667     96.965    93.7522     0.2046      8.375     6.3812     9.1194    281.096    284.984      14772          4  0.000e+00
   58.34882 -134.78004    101.509      3.077      3.048    12.8688    18.7053  1013.8441    13.8301    12.8685     96.915    93.7522     0.2339      8.375     6.3778     9.1144    280.945    284.830      14773          4  0.000e+00
   58.34882 -134.78004    101.647      3.141      3.112    12.8713    18.7039  1013.8429    13.8285    12.8709     96.971    93.7522     0.2046      8.375     6.3811     9.1193    281.094    284.981      14774          4  0.000e+00
   58.34882 -134.78004    101.631      3.101      3.072    12.8703    18.7044  1013.8432    13.8291    12.8699     96.971    93.7522     0.2339      8.375     6.3813     9.1195    281.099    284.987      14775          4  0.000e+00
   58.34882 -134.78004    101.607      3.077      3.048    12.8676    18.7056  1013.8445    13.8305    12.8673     96.971    93.7522     0.2046      8.375     6.3816     9.1199    281.112    285.000      14776          4  0.000e+00
   58.34882 -134.78004    101.631      3.101      3.072    12.8646    18.7070  1013.8462    13.8321    12.8642     96.917    93.7522     0.2046      8.375     6.3784     9.1153    280.971    284.858      14777          4  0.000e+00
   58.34882 -134.78004    101.671      3.141      3.112    12.8629    18.7081  1013.8475    13.8332    12.8625     96.912    93.7522     0.2046      8.375     6.3782     9.1151    280.966    284.852      14778          4  0.000e+00
   58.34882 -134.78004    101.607      3.077      3.048    12.8601    18.7102  1013.8493    13.8353    12.8598     96.906    93.7522     0.2046      8.375     6.3781     9.1150    280.961    284.848      14779          4  0.000e+00
   58.34882 -134.78004    101.631      3.101      3.072    12.8579    18.7113  1013.8506    13.8365    12.8575     96.901    93.7522     0.2046      8.375     6.3781     9.1149    280.957    284.844      14780          4  0.000e+00
   58.34882 -134.78004    101.647      3.141      3.112    12.8561    18.7124  1013.8520    13.8377    12.8557     96.955    93.7522     0.2046      8.375     6.3818     9.1203    281.122    285.012      14781          4  0.000e+00
   58.34882 -134.78004    101.607      3.101      3.072    12.8564    18.7122  1013.8516    13.8375    12.8560     96.958    93.7522     0.2046      8.375     6.3820     9.1205    281.129    285.019      14782          4  0.000e+00
   58.34882 -134.78004    101.607      3.077      3.048    12.8582    18.7114  1013.8506    13.8365    12.8579     96.956    93.7522     0.2046      8.375     6.3816     9.1200    281.114    285.004      14783          4  0.000e+00
   58.34882 -134.78004    101.575      3.044      3.016    12.8584    18.7116  1013.8505    13.8366    12.8581     96.954    93.7522     0.2046      8.375     6.3814     9.1197    281.106    284.995      14784          4  0.000e+00
   58.34882 -134.78004    101.703      3.198      3.168    12.8572    18.7126  1013.8522    13.8376    12.8569     96.958    93.7522     0.2046      8.375     6.3819     9.1203    281.124    285.014      14785          4  0.000e+00
   58.34882 -134.78004    101.583      3.077      3.048    12.8567    18.7133  1013.8523    13.8383    12.8564     96.905    93.7522     0.2046      8.375     6.3784     9.1154    280.971    284.859      14786          4  0.000e+00
   58.34882 -134.78004    101.631      3.101      3.072    12.8557    18.7142  1013.8533    13.8391    12.8554     96.903    93.7522     0.2046      8.375     6.3784     9.1153    280.969    284.857      14787          4  0.000e+00
