EcoFOCI/data/1_SampleCollection/2022_GOA-OA_CruiseData/CTD_raw_BottleFile_RC0083/RC0083_082.ros
* Sea-Bird SBE 9 Data File:
* FileName = C:\Data\RC0083ctd\RC0083_082.hex
* Software Version Seasave V 7.26.7.107
* Temperature SN = 2060
* Conductivity SN = 2881
* Number of Bytes Per Scan = 31
* Number of Voltage Words = 4
* Number of Scans Averaged by the Deck Unit = 1
* NMEA Latitude = 58 10.76 N
* NMEA Longitude = 134 16.75 W
* NMEA UTC (Time) = Aug 22 2022  02:20:40
* NMEA baud rate = 4800
** Ship: R/V Rachel Carson
** Cruise ID: RC0083
** Tech: McHugh/Nomura
** Chief Scientist: Cross
** Station: SPA
** Cast:  CTD082
# nquan = 21
# nvalues = 196                                   
# units = specified
# name 0 = latitude: Latitude [deg]
# name 1 = longitude: Longitude [deg]
# name 2 = sfdSM: Seafloor depth [salt water, m]
# name 3 = prDM: Pressure, Digiquartz [db]
# name 4 = depSM: Depth [salt water, m]
# name 5 = t090C: Temperature [ITS-90, deg C]
# name 6 = sal00: Salinity, Practical [PSU]
# name 7 = density00: Density [density, kg/m^3]
# name 8 = sigma-é00: Density [sigma-theta, kg/m^3]
# name 9 = potemp090C: Potential Temperature [ITS-90, deg C]
# name 10 = sbeox0PS: Oxygen, SBE 43 [% saturation]
# name 11 = CStarTr0: Beam Transmission, WET Labs C-Star [%]
# name 12 = flECO-AFL: Fluorescence, WET Labs ECO-AFL/FL [mg/m^3]
# name 13 = ph: pH
# name 14 = sbeox0ML/L: Oxygen, SBE 43 [ml/l]
# name 15 = sbeox0Mg/L: Oxygen, SBE 43 [mg/l]
# name 16 = sbox0Mm/Kg: Oxygen, SBE 43 [umol/kg]
# name 17 = sbeox0Mm/L: Oxygen, SBE 43 [umol/l]
# name 18 = scan: Scan Count
# name 19 = nbf: Bottles Fired
# name 20 = flag:  0.000e+00
# interval = seconds: 0.0416667
# start_time = Aug 22 2022 02:20:40 [NMEA time, header]
# bad_flag = -9.990e-29
*END*
[from data line 69]
   58.17926 -134.27960    104.602     25.598     25.359     8.7265    30.1000  1023.4418    23.3248     8.7240     70.164    97.7238     0.5269      8.037     4.7031     6.7212    205.254    210.042       7670          2  0.000e+00
   58.17926 -134.27960    104.666     25.662     25.423     8.7267    30.0998  1023.4419    23.3247     8.7242     70.166    97.7238     0.4390      8.037     4.7032     6.7214    205.258    210.046       7671          2  0.000e+00
   58.17926 -134.27960    104.602     25.598     25.359     8.7268    30.0996  1023.4415    23.3245     8.7243     70.166    97.7238     0.4097      8.037     4.7032     6.7214    205.258    210.046       7672          2  0.000e+00
   58.17926 -134.27960    104.601     25.598     25.359     8.7270    30.0996  1023.4414    23.3244     8.7245     70.166    97.7238     0.3804      8.037     4.7032     6.7214    205.259    210.046       7673          2  0.000e+00
   58.17926 -134.27960    113.481     25.662     25.423     8.7270    30.0994  1023.4416    23.3243     8.7245     70.167    97.7238     0.3804      8.037     4.7033     6.7215    205.261    210.049       7674          2  0.000e+00
   58.17926 -134.27960    122.746     25.598     25.359     8.7267    30.0998  1023.4417    23.3247     8.7241     70.167    97.7238     0.4097      8.037     4.7033     6.7215    205.261    210.048       7675          2  0.000e+00
   58.17926 -134.27960    124.846     25.598     25.359     8.7269    30.0995  1023.4414    23.3244     8.7244     70.166    97.7238     0.4097      8.037     4.7032     6.7214    205.260    210.047       7676          2  0.000e+00
   58.17926 -134.27960    124.519     25.662     25.423     8.7263    30.0999  1023.4420    23.3248     8.7238     70.167    97.7238     0.3804      8.037     4.7033     6.7215    205.262    210.050       7677          2  0.000e+00
   58.17926 -134.27960    124.153     25.662     25.423     8.7263    30.1001  1023.4422    23.3250     8.7238     70.160    97.7518     0.4097      8.037     4.7028     6.7208    205.242    210.029       7678          2  0.000e+00
   58.17926 -134.27960    123.959     25.541     25.302     8.7260    30.1002  1023.4418    23.3251     8.7235     70.158    97.8357     0.3804      8.037     4.7027     6.7207    205.237    210.024       7679          2  0.000e+00
   58.17926 -134.27960    124.079     25.662     25.423     8.7270    30.0993  1023.4415    23.3242     8.7245     70.157    97.8636     0.4097      8.037     4.7026     6.7205    205.232    210.019       7680          2  0.000e+00
   58.17926 -134.27960    124.040     25.598     25.358     8.7278    30.0993  1023.4411    23.3241     8.7253     70.155    97.8916     0.3804      8.037     4.7024     6.7202    205.221    210.008       7681          2  0.000e+00
   58.17926 -134.27960    124.040     25.598     25.358     8.7283    30.0989  1023.4407    23.3238     8.7258     70.153    97.8636     0.4097      8.037     4.7022     6.7199    205.214    210.000       7682          2  0.000e+00
   58.17926 -134.27960    124.040     25.598     25.358     8.7278    30.0995  1023.4412    23.3242     8.7253     70.157    97.8636     0.3804      8.037     4.7025     6.7203    205.227    210.013       7683          2  0.000e+00
   58.17926 -134.27960    123.984     25.541     25.302     8.7273    30.0995  1023.4411    23.3244     8.7248     70.210    97.8636     0.4097      8.037     4.7061     6.7255    205.384    210.175       7684          2  0.000e+00
   58.17926 -134.27960    122.126     25.662     25.422     8.7281    30.0991  1023.4412    23.3239     8.7256     70.214    97.8636     0.3804      8.037     4.7063     6.7258    205.394    210.184       7685          2  0.000e+00
   58.17926 -134.27960     71.474     25.485     25.246     8.7317    30.0979  1023.4389    23.3224     8.7292     70.215    97.8636     0.4097      8.037     4.7060     6.7254    205.381    210.170       7686          2  0.000e+00
   58.17926 -134.27960     41.158     25.598     25.358     8.7363    30.0949  1023.4364    23.3194     8.7338     70.161    97.8636     0.4097      8.037     4.7021     6.7197    205.208    209.994       7687          2  0.000e+00
   58.17926 -134.27960     37.006     25.622     25.382     8.7391    30.0932  1023.4347    23.3177     8.7366     70.157    97.8636     0.4097      8.037     4.7015     6.7190    205.186    209.971       7688          2  0.000e+00
   58.17926 -134.27960     39.068     25.485     25.246     8.7395    30.0928  1023.4337    23.3173     8.7370     70.152    97.8636     0.4097      8.037     4.7011     6.7184    205.169    209.953       7689          2  0.000e+00
   58.17926 -134.27960     40.265     25.484     25.246     8.7396    30.0926  1023.4336    23.3172     8.7371     70.197    97.8636     0.4097      8.037     4.7042     6.7228    205.302    210.089       7690          2  0.000e+00
   58.17926 -134.27960     40.523     25.598     25.358     8.7394    30.0928  1023.4342    23.3173     8.7369     70.199    97.8636     0.4097      8.037     4.7043     6.7229    205.308    210.095       7691          2  0.000e+00
   58.17926 -134.27960     40.426     25.598     25.358     8.7395    30.0926  1023.4341    23.3172     8.7370     70.255    97.8636     0.4390      8.037     4.7081     6.7283    205.471    210.262       7692          2  0.000e+00
   58.17926 -134.27960     40.265     25.484     25.246     8.7399    30.0921  1023.4332    23.3167     8.7374     70.204    97.8636     0.4097      8.037     4.7046     6.7233    205.320    210.107       7693          2  0.000e+00
   58.17926 -134.27960     40.321     25.541     25.302     8.7390    30.0926  1023.4339    23.3172     8.7365     70.203    97.8636     0.4097      8.037     4.7046     6.7234    205.322    210.109       7694          2  0.000e+00
   58.17926 -134.27960     40.321     25.541     25.302     8.7389    30.0928  1023.4341    23.3174     8.7364     70.202    97.8636     0.4097      8.037     4.7046     6.7233    205.318    210.105       7695          2  0.000e+00
   58.17926 -134.27960     40.265     25.484     25.246     8.7407    30.0921  1023.4330    23.3166     8.7382     70.205    97.8636     0.4097      8.037     4.7046     6.7234    205.320    210.108       7696          2  0.000e+00
   58.17926 -134.27960     40.265     25.484     25.246     8.7433    30.0903  1023.4313    23.3148     8.7408     70.153    97.8636     0.4097      8.037     4.7009     6.7180    205.158    209.942       7697          2  0.000e+00
   58.17926 -134.27960     40.265     25.484     25.246     8.7433    30.0908  1023.4316    23.3152     8.7408     70.151    97.8636     0.4390      8.037     4.7007     6.7178    205.152    209.935       7698          2  0.000e+00
   58.17926 -134.27978    109.085     10.477     10.380    11.4068    26.0627  1019.8078    19.7602    11.4056     98.150    90.0883     4.4537      8.320     6.3642     9.0951    278.719    284.227       9053          3  0.000e+00
   58.17926 -134.27978    109.478     10.873     10.772    11.4068    26.0620  1019.8091    19.7597    11.4056     98.210    90.1722     4.4830      8.320     6.3682     9.1008    278.892    284.403       9054          3  0.000e+00
   58.17926 -134.27978    109.357     10.752     10.652    11.4069    26.0617  1019.8082    19.7594    11.4057     98.219    90.2001     4.4830      8.320     6.3688     9.1016    278.918    284.430       9055          3  0.000e+00
   58.17926 -134.27978    109.181     10.574     10.476    11.4069    26.0610  1019.8069    19.7589    11.4057     98.277    90.2001     4.4830      8.320     6.3725     9.1070    279.082    284.596       9056          3  0.000e+00
   58.17926 -134.27978    109.381     10.776     10.676    11.4069    26.0600  1019.8070    19.7581    11.4057     98.343    90.2001     4.4830      8.320     6.3768     9.1131    279.271    284.789       9057          3  0.000e+00
   58.17926 -134.27978    109.237     10.631     10.532    11.4071    26.0594  1019.8059    19.7576    11.4059     98.353    90.2001     4.4830      8.320     6.3775     9.1141    279.301    284.820       9058          3  0.000e+00
   58.17926 -134.27978    109.293     10.687     10.588    11.4072    26.0589  1019.8057    19.7572    11.4060     98.365    90.2001     4.4830      8.320     6.3783     9.1152    279.336    284.855       9059          3  0.000e+00
   58.17926 -134.27978    109.269     10.663     10.564    11.4076    26.0581  1019.8049    19.7565    11.4064     98.375    90.2001     4.4537      8.320     6.3789     9.1161    279.362    284.881       9060          3  0.000e+00
   58.17926 -134.27978    109.293     10.687     10.588    11.4076    26.0573  1019.8044    19.7559    11.4064     98.389    90.2001     4.4537      8.320     6.3798     9.1174    279.404    284.924       9061          3  0.000e+00
   58.17926 -134.27978    109.293     10.687     10.588    11.4076    26.0566  1019.8038    19.7553    11.4064     98.342    90.2001     4.4830      8.320     6.3768     9.1131    279.272    284.789       9062          3  0.000e+00
   58.17926 -134.27978    109.237     10.631     10.532    11.4079    26.0560  1019.8031    19.7548    11.4067     98.288    90.2001     4.4830      8.320     6.3733     9.1081    279.117    284.631       9063          3  0.000e+00
   58.17926 -134.27978    109.269     10.663     10.564    11.4078    26.0558  1019.8031    19.7547    11.4066     98.344    90.2001     4.4830      8.320     6.3769     9.1133    279.277    284.794       9064          3  0.000e+00
   58.17926 -134.27978    109.293     10.687     10.588    11.4081    26.0555  1019.8029    19.7544    11.4069     98.344    90.2001     4.4830      8.320     6.3769     9.1133    279.276    284.793       9065          3  0.000e+00
   58.17926 -134.27978    109.237     10.631     10.532    11.4079    26.0554  1019.8026    19.7544    11.4067     98.292    90.2001     4.4537      8.320     6.3736     9.1085    279.132    284.646       9066          3  0.000e+00
   58.17926 -134.27978    109.269     10.663     10.564    11.4079    26.0553  1019.8027    19.7543    11.4067     98.286    90.2001     4.4830      8.320     6.3732     9.1079    279.113    284.627       9067          3  0.000e+00
   58.17926 -134.27978    109.237     10.631     10.532    11.4081    26.0548  1019.8021    19.7539    11.4069     98.277    90.2001     4.4830      8.320     6.3727     9.1072    279.090    284.603       9068          3  0.000e+00
   58.17926 -134.27978    109.293     10.687     10.588    11.4080    26.0541  1019.8019    19.7534    11.4068     98.215    90.2001     4.8053      8.320     6.3686     9.1014    278.914    284.423       9069          3  0.000e+00
   58.17926 -134.27980    109.237     10.631     10.532    11.4082    26.0538  1019.8013    19.7530    11.4070     98.254    90.2001     5.1863      8.325     6.3712     9.1051    279.025    284.537       9070          3  0.000e+00
   58.17926 -134.27980    109.325     10.719     10.620    11.4082    26.0537  1019.8017    19.7530    11.4070     98.245    90.2001     5.2742      8.320     6.3706     9.1042    279.000    284.511       9071          3  0.000e+00
   58.17926 -134.27980    109.237     10.631     10.532    11.4081    26.0537  1019.8013    19.7530    11.4069     98.179    90.2001     5.2742      8.320     6.3663     9.0981    278.811    284.318       9072          3  0.000e+00
   58.17926 -134.27980    109.293     10.687     10.588    11.4084    26.0535  1019.8014    19.7528    11.4072     98.217    90.2001     5.2742      8.320     6.3688     9.1016    278.919    284.429       9073          3  0.000e+00
   58.17926 -134.27980    109.269     10.663     10.564    11.4083    26.0537  1019.8014    19.7530    11.4071     98.205    90.2840     5.2449      8.320     6.3679     9.1004    278.884    284.393       9074          3  0.000e+00
   58.17926 -134.27980    109.237     10.631     10.532    11.4084    26.0536  1019.8012    19.7529    11.4072     98.136    90.2840     5.2449      8.320     6.3635     9.0941    278.689    284.193       9075          3  0.000e+00
   58.17926 -134.27980    109.293     10.687     10.588    11.4084    26.0534  1019.8013    19.7528    11.4072     98.118    90.2840     5.2449      8.320     6.3623     9.0924    278.637    284.141       9076          3  0.000e+00
   58.17926 -134.27980    109.293     10.687     10.588    11.4084    26.0535  1019.8014    19.7528    11.4072     98.098    90.2840     5.2449      8.320     6.3610     9.0906    278.581    284.084       9077          3  0.000e+00
   58.17926 -134.27980    109.325     10.719     10.620    11.4082    26.0539  1019.8018    19.7532    11.4070     98.024    90.2840     5.2449      8.320     6.3562     9.0837    278.370    283.868       9078          3  0.000e+00
   58.17926 -134.27980    109.269     10.687     10.588    11.4082    26.0542  1019.8019    19.7534    11.4070     97.997    90.2840     5.2449      8.320     6.3545     9.0812    278.295    283.792       9079          3  0.000e+00
   58.17926 -134.27980    109.293     10.687     10.588    11.4083    26.0546  1019.8022    19.7537    11.4071     97.977    90.2840     5.2449      8.320     6.3531     9.0792    278.234    283.730       9080          3  0.000e+00
   58.17926 -134.27980    109.293     10.687     10.588    11.4082    26.0544  1019.8021    19.7536    11.4070     98.010    90.2840     5.2449      8.320     6.3553     9.0824    278.331    283.829       9081          3  0.000e+00
   58.17926 -134.27980    109.325     10.719     10.620    11.4081    26.0539  1019.8019    19.7532    11.4069     98.054    90.2840     5.2449      8.320     6.3582     9.0865    278.457    283.958       9082          3  0.000e+00
   58.17926 -134.27980    109.357     10.752     10.652    11.4082    26.0543  1019.8023    19.7535    11.4070     98.048    90.2840     5.2449      8.320     6.3578     9.0859    278.438    283.939       9083          3  0.000e+00
   58.17926 -134.27980    109.293     10.687     10.588    11.4086    26.0543  1019.8020    19.7534    11.4074     98.040    90.2840     5.2449      8.320     6.3572     9.0851    278.414    283.914       9084          3  0.000e+00
   58.17926 -134.27980    109.381     10.776     10.676    11.4080    26.0551  1019.8030    19.7541    11.4068     98.034    90.2840     5.2449      8.320     6.3569     9.0846    278.399    283.898       9085          3  0.000e+00
   58.17926 -134.27980    109.357     10.752     10.652    11.4079    26.0558  1019.8035    19.7547    11.4067     98.026    90.2840     5.2449      8.320     6.3563     9.0838    278.375    283.874       9086          3  0.000e+00
   58.17926 -134.27980    109.357     10.752     10.652    11.4078    26.0559  1019.8036    19.7548    11.4066     98.018    90.2840     5.2449      8.320     6.3558     9.0831    278.352    283.851       9087          3  0.000e+00
   58.17926 -134.27980    109.357     10.752     10.652    11.4076    26.0559  1019.8036    19.7548    11.4064     98.064    90.2840     5.2449      8.320     6.3588     9.0874    278.484    283.986       9088          3  0.000e+00
   58.17926 -134.27980    109.381     10.776     10.676    11.4081    26.0552  1019.8031    19.7542    11.4069     98.005    90.2840     5.0398      8.320     6.3550     9.0819    278.316    283.813       9089          3  0.000e+00
   58.17926 -134.27980    109.413     10.808     10.708    11.4080    26.0546  1019.8028    19.7538    11.4067     97.996    90.2840     4.6002      8.320     6.3544     9.0811    278.291    283.788       9090          3  0.000e+00
   58.17926 -134.27980    109.357     10.752     10.652    11.4079    26.0549  1019.8028    19.7540    11.4067     98.040    90.2840     4.4537      8.320     6.3573     9.0852    278.416    283.916       9091          3  0.000e+00
