EcoFOCI/data/1_SampleCollection/2022_GOA-OA_CruiseData/CTD_raw_BottleFile_RC0083/RC0083_110.cnv
* Sea-Bird SBE 9 Data File:
* FileName = C:\Data\RC0083ctd\RC0083_110.hex
* Software Version Seasave V 7.26.7.107
* Temperature SN = 2060
* Conductivity SN = 2881
* Number of Bytes Per Scan = 31
* Number of Voltage Words = 4
* Number of Scans Averaged by the Deck Unit = 1
* NMEA Latitude = 56 21.37 N
* NMEA Longitude = 133 39.50 W
* NMEA UTC (Time) = Aug 23 2022  09:26:08
* NMEA baud rate = 4800
** Ship: R/V Rachel Carson
** Cruise ID: RC0083
** Tech: McHugh/Nomura
** Chief Scientist: Cross
** Station: USS1
** Cast:  CTD110
# nquan = 19
# nvalues = 4765                                  
# units = specified
# name 0 = latitude: Latitude [deg]
# name 1 = longitude: Longitude [deg]
# name 2 = sfdSM: Seafloor depth [salt water, m]
# name 3 = prDM: Pressure, Digiquartz [db]
# name 4 = depSM: Depth [salt water, m]
# name 5 = t090C: Temperature [ITS-90, deg C]
# name 6 = sal00: Salinity, Practical [PSU]
# name 7 = density00: Density [density, kg/m^3]
# name 8 = sigma-é00: Density [sigma-theta, kg/m^3]
# name 9 = potemp090C: Potential Temperature [ITS-90, deg C]
# name 10 = sbeox0PS: Oxygen, SBE 43 [% saturation]
# name 11 = CStarTr0: Beam Transmission, WET Labs C-Star [%]
# name 12 = flECO-AFL: Fluorescence, WET Labs ECO-AFL/FL [mg/m^3]
# name 13 = ph: pH
# name 14 = sbeox0ML/L: Oxygen, SBE 43 [ml/l]
# name 15 = sbeox0Mg/L: Oxygen, SBE 43 [mg/l]
# name 16 = sbox0Mm/Kg: Oxygen, SBE 43 [umol/kg]
# name 17 = sbeox0Mm/L: Oxygen, SBE 43 [umol/l]
# name 18 = flag:  0.000e+00
# span 0 =   56.35476,   56.35610                 
# span 1 = -133.66224, -133.65836                 
# span 2 =      6.682,     62.751                 
# span 3 =      1.880,     50.935                 
# span 4 =      1.863,     50.464                 
# span 5 =     7.4031,    10.9830                 
# span 6 =    27.9410,    32.2362                 
# span 7 =  1021.2975,  1025.4055                 
# span 8 =    21.2882,    25.1883                 
# span 9 =     7.3987,    10.9828                 
# span 10 =     46.255,     94.827                
# span 11 =    76.4953,    98.5629                
# span 12 =     0.2925,     8.2925                
# span 13 =      7.826,      8.154                
# span 14 =     3.1486,     6.2571                
# span 15 =     4.4996,     8.9420                
# span 16 =    137.165,    273.105                
# span 17 =    140.615,    279.442                
# span 18 = 0.0000e+00, 0.0000e+00                
# interval = seconds: 0.0416667
# start_time = Aug 23 2022 09:26:08 [NMEA time, header]
# bad_flag = -9.990e-29
*END*
[from data line 458]
   56.35592 -133.65874     51.467      8.320      8.244     8.1119    31.6319  1024.6519    24.6139     8.1111     54.637    95.4583     2.5782      7.891     3.6766     5.2542    160.253    164.197  0.000e+00
   56.35592 -133.65874     50.652      8.360      8.284     8.1111    31.6324  1024.6525    24.6143     8.1103     54.580    95.4583     2.5782      7.891     3.6729     5.2489    160.090    164.031  0.000e+00
   56.35592 -133.65874     49.953      8.296      8.220     8.1095    31.6342  1024.6539    24.6160     8.1087     54.574    95.4583     2.5782      7.891     3.6725     5.2484    160.075    164.015  0.000e+00
   56.35592 -133.65874     49.799      8.263      8.188     8.1098    31.6340  1024.6536    24.6158     8.1090     54.568    95.4583     2.5782      7.891     3.6721     5.2478    160.056    163.996  0.000e+00
   56.35592 -133.65874     49.880      8.296      8.220     8.1114    31.6326  1024.6524    24.6144     8.1106     54.563    95.4583     2.5782      7.891     3.6717     5.2472    160.037    163.976  0.000e+00
   56.35592 -133.65874     49.969      8.360      8.284     8.1146    31.6295  1024.6498    24.6115     8.1138     54.558    95.4583     2.5782      7.891     3.6712     5.2465    160.016    163.954  0.000e+00
   56.35592 -133.65874     49.873      8.263      8.188     8.1177    31.6267  1024.6467    24.6089     8.1169     54.559    95.4583     2.5782      7.891     3.6710     5.2463    160.011    163.949  0.000e+00
   56.35592 -133.65874     49.905      8.296      8.220     8.1195    31.6247  1024.6451    24.6071     8.1187     54.506    95.4583     2.5782      7.891     3.6674     5.2410    159.851    163.784  0.000e+00
   56.35592 -133.65874     49.905      8.296      8.220     8.1213    31.6232  1024.6436    24.6057     8.1206     54.504    95.4583     2.5782      7.891     3.6671     5.2406    159.839    163.772  0.000e+00
   56.35592 -133.65874     49.929      8.320      8.244     8.1220    31.6225  1024.6431    24.6050     8.1212     54.502    95.4583     2.5782      7.891     3.6670     5.2405    159.834    163.767  0.000e+00
   56.35592 -133.65874     49.905      8.296      8.220     8.1218    31.6229  1024.6433    24.6053     8.1210     54.496    95.4583     2.5782      7.891     3.6665     5.2398    159.815    163.747  0.000e+00
   56.35592 -133.65874     49.905      8.296      8.220     8.1204    31.6244  1024.6447    24.6068     8.1196     54.490    95.4583     2.5782      7.891     3.6662     5.2394    159.802    163.734  0.000e+00
   56.35592 -133.65874     50.434      8.263      8.188     8.1206    31.6238  1024.6440    24.6062     8.1199     54.491    95.4583     2.4024      7.891     3.6663     5.2395    159.805    163.737  0.000e+00
   56.35592 -133.65874     57.182      8.295      8.220     8.1242    31.6207  1024.6412    24.6033     8.1234     54.493    95.4583     1.8749      7.891     3.6662     5.2394    159.802    163.733  0.000e+00
   56.35592 -133.65874     60.796      8.295      8.220     8.1281    31.6167  1024.6376    24.5996     8.1273     54.490    95.4303     1.6991      7.891     3.6658     5.2387    159.782    163.713  0.000e+00
   56.35592 -133.65874     61.211      8.320      8.244     8.1281    31.6161  1024.6371    24.5991     8.1273     54.482    95.2625     1.6991      7.891     3.6652     5.2380    159.759    163.689  0.000e+00
   56.35592 -133.65874     60.894      8.295      8.220     8.1262    31.6182  1024.6390    24.6010     8.1254     54.474    95.2066     1.6991      7.891     3.6648     5.2374    159.740    163.670  0.000e+00
   56.35592 -133.65874     60.747      8.295      8.220     8.1270    31.6174  1024.6382    24.6003     8.1262     54.417    95.2066     1.6991      7.891     3.6609     5.2318    159.571    163.496  0.000e+00
   56.35592 -133.65874     60.691      8.263      8.188     8.1314    31.6131  1024.6341    24.5963     8.1306     54.410    95.1786     1.6991      7.891     3.6602     5.2308    159.540    163.464  0.000e+00
   56.35592 -133.65876     60.723      8.295      8.220     8.1366    31.6083  1024.6298    24.5918     8.1358     54.460    95.2066     1.6991      7.891     3.6633     5.2352    159.674    163.601  0.000e+00
   56.35592 -133.65876     60.747      8.295      8.220     8.1401    31.6053  1024.6269    24.5889     8.1393     54.461    95.2066     1.6991      7.891     3.6631     5.2350    159.668    163.594  0.000e+00
   56.35592 -133.65876     60.715      8.263      8.188     8.1410    31.6049  1024.6263    24.5885     8.1402     54.463    95.2066     1.6991      7.891     3.6632     5.2350    159.671    163.598  0.000e+00
   56.35592 -133.65876     60.723      8.295      8.220     8.1416    31.6039  1024.6256    24.5876     8.1408     54.473    95.2066     1.6991      7.891     3.6638     5.2359    159.698    163.624  0.000e+00
   56.35592 -133.65876     60.723      8.295      8.220     8.1424    31.6035  1024.6251    24.5872     8.1417     54.476    95.2066     1.6991      7.891     3.6640     5.2362    159.706    163.633  0.000e+00
   56.35592 -133.65876     60.691      8.263      8.188     8.1444    31.6012  1024.6229    24.5851     8.1436     54.481    95.2066     1.6991      7.891     3.6642     5.2364    159.715    163.641  0.000e+00
   56.35592 -133.65876     60.723      8.295      8.220     8.1463    31.5995  1024.6214    24.5835     8.1455     54.480    95.2066     1.6991      7.896     3.6640     5.2362    159.708    163.634  0.000e+00
   56.35592 -133.65876     60.546      8.142      8.067     8.1427    31.6024  1024.6235    24.5862     8.1419     54.479    95.2066     1.6991      7.891     3.6642     5.2364    159.714    163.641  0.000e+00
   56.35592 -133.65876     60.723      8.295      8.220     8.1379    31.6070  1024.6285    24.5905     8.1371     54.481    95.2066     1.6991      7.896     3.6646     5.2370    159.732    163.660  0.000e+00
   56.35592 -133.65876     60.787      8.360      8.284     8.1340    31.6105  1024.6321    24.5938     8.1332     54.427    95.2066     1.6991      7.891     3.6612     5.2322    159.582    163.507  0.000e+00
   56.35592 -133.65876     60.691      8.263      8.188     8.1342    31.6104  1024.6316    24.5938     8.1334     54.421    95.2066     1.6991      7.896     3.6608     5.2316    159.567    163.491  0.000e+00
   56.35592 -133.65876     60.723      8.295      8.220     8.1314    31.6127  1024.6339    24.5960     8.1306     54.362    95.2066     1.6991      7.896     3.6570     5.2262    159.401    163.321  0.000e+00
   56.35592 -133.65876     60.787      8.360      8.284     8.1275    31.6166  1024.6379    24.5996     8.1267     54.410    95.2066     1.6991      7.896     3.6605     5.2312    159.551    163.476  0.000e+00
   56.35592 -133.65876     60.666      8.263      8.187     8.1254    31.6182  1024.6390    24.6012     8.1246     54.408    95.2066     1.6991      7.896     3.6604     5.2311    159.550    163.475  0.000e+00
   56.35592 -133.65876     60.698      8.295      8.219     8.1218    31.6218  1024.6425    24.6045     8.1210     54.414    95.2066     1.6698      7.896     3.6610     5.2320    159.575    163.501  0.000e+00
   56.35592 -133.65876     60.698      8.295      8.219     8.1190    31.6245  1024.6449    24.6070     8.1182     54.420    95.2066     1.6405      7.896     3.6616     5.2328    159.600    163.527  0.000e+00
   56.35592 -133.65876     60.666      8.263      8.187     8.1176    31.6260  1024.6462    24.6084     8.1168     54.483    95.4303     1.6405      7.896     3.6659     5.2389    159.787    163.719  0.000e+00
   56.35592 -133.65876     60.698      8.295      8.219     8.1169    31.6267  1024.6470    24.6090     8.1162     54.490    95.5702     1.6405      7.896     3.6665     5.2397    159.811    163.744  0.000e+00
   56.35592 -133.65876     60.723      8.295      8.219     8.1162    31.6271  1024.6474    24.6094     8.1155     54.498    95.6261     1.6405      7.896     3.6670     5.2406    159.837    163.770  0.000e+00
   56.35592 -133.65876     60.771      8.320      8.243     8.1179    31.6257  1024.6461    24.6081     8.1171     54.451    95.5981     1.6405      7.896     3.6637     5.2359    159.693    163.623  0.000e+00
   56.35592 -133.65876     60.691      8.239      8.163     8.1179    31.6256  1024.6457    24.6080     8.1171     54.453    95.5981     1.6405      7.896     3.6639     5.2361    159.701    163.631  0.000e+00
   56.35592 -133.65876     60.867      8.416      8.339     8.1144    31.6288  1024.6496    24.6111     8.1136     54.459    95.5981     1.6405      7.896     3.6645     5.2370    159.726    163.657  0.000e+00
   56.35592 -133.65876     60.771      8.320      8.243     8.1035    31.6389  1024.6586    24.6205     8.1027     54.464    95.5981     1.6405      7.896     3.6655     5.2384    159.769    163.703  0.000e+00
   56.35592 -133.65876     60.860      8.360      8.283     8.0913    31.6503  1024.6694    24.6312     8.0905     54.471    95.5981     1.6405      7.896     3.6667     5.2401    159.820    163.757  0.000e+00
   56.35592 -133.65878     60.796      8.295      8.219     8.0801    31.6615  1024.6796    24.6416     8.0793     54.472    95.5981     1.6405      7.896     3.6674     5.2412    159.849    163.788  0.000e+00
   56.35592 -133.65878     60.844      8.320      8.243     8.0735    31.6680  1024.6857    24.6477     8.0727     54.473    95.5981     1.6405      7.896     3.6679     5.2418    159.870    163.810  0.000e+00
   56.35592 -133.65878     60.796      8.295      8.219     8.0705    31.6708  1024.6882    24.6503     8.0697     54.530    95.5981     1.6405      7.896     3.6720     5.2476    160.044    163.990  0.000e+00
   56.35592 -133.65878     60.884      8.360      8.283     8.0673    31.6734  1024.6911    24.6528     8.0665     54.538    95.5981     1.6405      7.896     3.6727     5.2487    160.076    164.023  0.000e+00
   56.35592 -133.65878     60.788      8.263      8.187     8.0628    31.6775  1024.6945    24.6567     8.0620     54.552    95.5981     1.6405      7.896     3.6739     5.2503    160.127    164.076  0.000e+00
   56.35592 -133.65878     60.884      8.360      8.283     8.0640    31.6758  1024.6934    24.6552     8.0632     54.566    95.5981     1.6405      7.896     3.6748     5.2517    160.168    164.117  0.000e+00
   56.35592 -133.65878     60.820      8.295      8.219     8.0676    31.6722  1024.6898    24.6518     8.0668     54.580    95.5981     1.6405      7.896     3.6755     5.2527    160.200    164.149  0.000e+00
   56.35592 -133.65878     60.844      8.320      8.243     8.0689    31.6705  1024.6883    24.6503     8.0681     54.589    95.5702     1.6405      7.896     3.6761     5.2534    160.223    164.173  0.000e+00
   56.35592 -133.65878     60.860      8.360      8.283     8.0684    31.6709  1024.6889    24.6507     8.0676     54.654    95.5981     1.6405      7.896     3.6805     5.2598    160.417    164.371  0.000e+00
   56.35592 -133.65878     60.796      8.295      8.219     8.0694    31.6700  1024.6877    24.6498     8.0686     54.613    95.5981     1.6405      7.896     3.6776     5.2557    160.292    164.244  0.000e+00
   56.35592 -133.65878     60.844      8.320      8.243     8.0726    31.6665  1024.6847    24.6466     8.0718     54.678    95.5981     1.8456      7.896     3.6818     5.2617    160.476    164.431  0.000e+00
   56.35592 -133.65878     60.820      8.295      8.219     8.0746    31.6648  1024.6830    24.6450     8.0738     54.637    95.5981     2.0215      7.896     3.6790     5.2576    160.351    164.303  0.000e+00
   56.35592 -133.65878     59.077      8.360      8.283     8.0744    31.6648  1024.6833    24.6450     8.0736     54.647    95.5702     2.0801      7.896     3.6797     5.2586    160.381    164.334  0.000e+00
   56.35592 -133.65878     51.442      8.319      8.243     8.0772    31.6620  1024.6805    24.6425     8.0764     54.650    95.5702     2.0508      7.896     3.6797     5.2587    160.384    164.336  0.000e+00
   56.35592 -133.65878     48.293      8.295      8.219     8.0844    31.6554  1024.6742    24.6362     8.0836     54.653    95.5702     2.0508      7.896     3.6794     5.2583    160.373    164.324  0.000e+00
   56.35592 -133.65878     48.146      8.295      8.219     8.0912    31.6488  1024.6680    24.6301     8.0904     54.712    95.5702     2.0508      7.896     3.6830     5.2634    160.529    164.483  0.000e+00
   56.35592 -133.65878     48.488      8.319      8.243     8.0923    31.6479  1024.6672    24.6292     8.0915     54.722    95.5702     2.0508      7.896     3.6836     5.2642    160.554    164.508  0.000e+00
   56.35592 -133.65878     48.650      8.360      8.283     8.0912    31.6488  1024.6683    24.6301     8.0904     54.787    95.5702     2.0508      7.896     3.6881     5.2706    160.749    164.708  0.000e+00
   56.35592 -133.65878     48.586      8.295      8.219     8.0903    31.6497  1024.6688    24.6309     8.0895     54.801    95.5702     2.0508      7.896     3.6891     5.2720    160.793    164.753  0.000e+00
   56.35592 -133.65878     48.610      8.319      8.243     8.0893    31.6511  1024.6702    24.6321     8.0885     54.816    95.5702     2.0508      7.896     3.6901     5.2735    160.837    164.799  0.000e+00
   56.35592 -133.65878     48.586      8.295      8.219     8.0888    31.6515  1024.6704    24.6325     8.0881     54.829    95.5702     2.0508      7.896     3.6910     5.2748    160.878    164.841  0.000e+00
   56.35592 -133.65878     48.586      8.295      8.219     8.0907    31.6495  1024.6686    24.6307     8.0899     54.842    95.5702     2.0508      7.896     3.6918     5.2759    160.911    164.875  0.000e+00
   56.35592 -133.65878     48.610      8.319      8.243     8.0909    31.6492  1024.6685    24.6304     8.0901     54.911    95.5702     2.0508      7.896     3.6964     5.2825    161.112    165.080  0.000e+00
   56.35590 -133.65880     48.586      8.295      8.219     8.0893    31.6504  1024.6695    24.6316     8.0885     54.922    95.5702     2.0508      7.896     3.6973     5.2838    161.151    165.120  0.000e+00
   56.35590 -133.65880     48.586      8.295      8.219     8.0881    31.6519  1024.6709    24.6330     8.0873     54.877    95.5702     2.0508      7.896     3.6943     5.2795    161.021    164.988  0.000e+00
   56.35590 -133.65880     48.610      8.319      8.243     8.0866    31.6529  1024.6720    24.6340     8.0858     54.888    95.5702     2.0508      7.896     3.6951     5.2807    161.056    165.024  0.000e+00
   56.35590 -133.65880     48.586      8.295      8.219     8.0866    31.6533  1024.6722    24.6342     8.0858     54.953    95.5702     2.0508      7.896     3.6995     5.2870    161.248    165.220  0.000e+00
   56.35590 -133.65880     51.956      8.295      8.219     8.0871    31.6527  1024.6717    24.6338     8.0863     54.968    95.5702     2.0508      7.896     3.7005     5.2883    161.290    165.263  0.000e+00
   56.35590 -133.65880     59.232      8.319      8.243     8.0858    31.6536  1024.6727    24.6346     8.0850     54.926    95.5702     2.0508      7.896     3.6978     5.2845    161.172    165.142  0.000e+00
   56.35590 -133.65880     61.553      8.295      8.219     8.0780    31.6610  1024.6795    24.6415     8.0772     54.935    95.5702     2.0508      7.896     3.6988     5.2860    161.216    165.189  0.000e+00
   56.35590 -133.65880     61.503      8.319      8.243     8.0678    31.6702  1024.6882    24.6502     8.0670     54.999    95.5702     1.9921      7.896     3.7038     5.2931    161.432    165.411  0.000e+00
   56.35590 -133.65880     61.162      8.295      8.219     8.0622    31.6759  1024.6934    24.6555     8.0614     54.956    95.5702     1.9921      7.896     3.7012     5.2894    161.319    165.296  0.000e+00
