EcoFOCI/data/1_SampleCollection/2022_GOA-OA_CruiseData/CTD_raw_BottleFile_RC0083/RC0083_001.ros
* Sea-Bird SBE 9 Data File:
* FileName = C:\Data\RC0083ctd\RC0083_001.hex
* Software Version Seasave V 7.26.7.107
* Temperature SN = 2060
* Conductivity SN = 1084
* Number of Bytes Per Scan = 31
* Number of Voltage Words = 4
* Number of Scans Averaged by the Deck Unit = 1
* NMEA Latitude = 54 41.00 N
* NMEA Longitude = 132 51.47 W
* NMEA UTC (Time) = Aug 12 2022  03:46:21
* NMEA baud rate = 4800
** Ship: R/V Rachel Carson
** Cruise ID: RC0080 RC0083
** Tech: McHugh
** Chief Scientist: Newton Cross
** Station: DE1
** Cast:  001
# nquan = 21
# nvalues = 245                                   
# units = specified
# name 0 = latitude: Latitude [deg]
# name 1 = longitude: Longitude [deg]
# name 2 = sfdSM: Seafloor depth [salt water, m]
# name 3 = prDM: Pressure, Digiquartz [db]
# name 4 = depSM: Depth [salt water, m]
# name 5 = t090C: Temperature [ITS-90, deg C]
# name 6 = sal00: Salinity, Practical [PSU]
# name 7 = density00: Density [density, kg/m^3]
# name 8 = sigma-é00: Density [sigma-theta, kg/m^3]
# name 9 = potemp090C: Potential Temperature [ITS-90, deg C]
# name 10 = sbeox0PS: Oxygen, SBE 43 [% saturation]
# name 11 = CStarTr0: Beam Transmission, WET Labs C-Star [%]
# name 12 = flECO-AFL: Fluorescence, WET Labs ECO-AFL/FL [mg/m^3]
# name 13 = ph: pH
# name 14 = sbeox0ML/L: Oxygen, SBE 43 [ml/l]
# name 15 = sbeox0Mg/L: Oxygen, SBE 43 [mg/l]
# name 16 = sbox0Mm/Kg: Oxygen, SBE 43 [umol/kg]
# name 17 = sbeox0Mm/L: Oxygen, SBE 43 [umol/l]
# name 18 = scan: Scan Count
# name 19 = nbf: Bottles Fired
# name 20 = flag:  0.000e+00
# interval = seconds: 0.0416667
# start_time = Aug 12 2022 03:46:21 [NMEA time, header]
# bad_flag = -9.990e-29
*END*
   54.68398 -132.85512    121.266    114.044    112.988     6.6890    33.0504  1026.4494    25.9258     6.6790     42.319   104.2685    -0.0005      7.757     2.9147     4.1654    126.881    130.170       9206          1  0.000e+00
   54.68398 -132.85512    121.338    114.117    113.060     6.6842    33.0537  1026.4529    25.9291     6.6742     42.335   104.2406    -0.0005      7.757     2.9161     4.1674    126.940    130.232       9207          1  0.000e+00
   54.68398 -132.85512    121.419    114.174    113.116     6.6828    33.0553  1026.4547    25.9305     6.6728     42.346   104.2406    -0.0005      7.757     2.9169     4.1685    126.975    130.267       9208          1  0.000e+00
   54.68398 -132.85512    121.363    114.117    113.060     6.6832    33.0551  1026.4542    25.9303     6.6732     42.358   104.2406    -0.0005      7.757     2.9177     4.1697    127.011    130.305       9209          1  0.000e+00
   54.68398 -132.85512    121.395    114.174    113.116     6.6816    33.0563  1026.4556    25.9315     6.6716     42.366   104.2406    -0.0005      7.757     2.9183     4.1706    127.038    130.332       9210          1  0.000e+00
   54.68398 -132.85512    121.354    114.157    113.100     6.6804    33.0570  1026.4562    25.9321     6.6704     42.376   104.2406    -0.0005      7.757     2.9191     4.1716    127.070    130.365       9211          1  0.000e+00
   54.68398 -132.85512    121.370    114.174    113.116     6.6800    33.0574  1026.4567    25.9325     6.6700     42.388   104.2406    -0.0298      7.757     2.9199     4.1728    127.107    130.403       9212          1  0.000e+00
   54.68398 -132.85512    121.434    114.238    113.180     6.6812    33.0567  1026.4562    25.9318     6.6712     42.394   104.2406    -0.0298      7.757     2.9203     4.1733    127.122    130.419       9213          1  0.000e+00
   54.68398 -132.85512    121.434    114.238    113.180     6.6824    33.0564  1026.4558    25.9314     6.6724     42.353   104.2406    -0.0298      7.757     2.9174     4.1692    126.998    130.291       9214          1  0.000e+00
   54.68398 -132.85512    121.410    114.238    113.180     6.6859    33.0540  1026.4536    25.9291     6.6759     42.364   104.2406    -0.0298      7.757     2.9179     4.1700    127.021    130.315       9215          1  0.000e+00
   54.68398 -132.85512    121.426    114.279    113.220     6.6915    33.0501  1026.4499    25.9253     6.6815     42.369   104.2406    -0.0298      7.756     2.9180     4.1701    127.024    130.317       9216          1  0.000e+00
   54.68398 -132.85512    121.385    114.238    113.180     6.6906    33.0499  1026.4497    25.9253     6.6806     42.377   104.2406    -0.0298      7.757     2.9186     4.1709    127.050    130.343       9217          1  0.000e+00
   54.68398 -132.85512    121.466    114.295    113.236     6.6825    33.0562  1026.4559    25.9312     6.6725     42.388   104.2406    -0.0298      7.757     2.9197     4.1726    127.100    130.396       9218          1  0.000e+00
   54.68398 -132.85512    121.506    114.360    113.301     6.6774    33.0604  1026.4602    25.9352     6.6674     42.401   104.2406    -0.0298      7.757     2.9209     4.1743    127.150    130.448       9219          1  0.000e+00
   54.68398 -132.85512    121.417    114.295    113.236     6.6768    33.0605  1026.4601    25.9354     6.6668     42.415   104.2406    -0.0298      7.757     2.9219     4.1757    127.194    130.493       9220          1  0.000e+00
   54.68398 -132.85512    121.497    114.400    113.341     6.6770    33.0602  1026.4604    25.9352     6.6669     42.424   104.2406    -0.0298      7.757     2.9225     4.1766    127.221    130.521       9221          1  0.000e+00
   54.68398 -132.85512    121.513    114.416    113.357     6.6762    33.0621  1026.4620    25.9368     6.6662     42.443   104.2406    -0.0298      7.757     2.9239     4.1785    127.278    130.579       9222          1  0.000e+00
   54.68398 -132.85512    121.513    114.416    113.357     6.6812    33.0589  1026.4588    25.9335     6.6712     42.455   104.2406    -0.0298      7.757     2.9244     4.1793    127.303    130.605       9223          1  0.000e+00
   54.68398 -132.85512    121.489    114.416    113.357     6.6819    33.0580  1026.4581    25.9328     6.6719     42.470   104.2406    -0.0298      7.757     2.9254     4.1807    127.346    130.649       9224          1  0.000e+00
   54.68398 -132.85512    121.520    114.473    113.413     6.6832    33.0561  1026.4566    25.9311     6.6732     42.487   104.2406    -0.0298      7.757     2.9265     4.1823    127.395    130.698       9225          1  0.000e+00
   54.68398 -132.85512    121.480    114.457    113.397     6.6807    33.0565  1026.4572    25.9317     6.6707     42.497   104.2406    -0.0298      7.757     2.9274     4.1836    127.434    130.738       9226          1  0.000e+00
   54.68398 -132.85512    121.560    114.538    113.477     6.6744    33.0610  1026.4620    25.9362     6.6644     42.511   104.2406    -0.0298      7.757     2.9287     4.1854    127.488    130.794       9227          1  0.000e+00
   54.68398 -132.85512    121.584    114.538    113.477     6.6742    33.0606  1026.4617    25.9359     6.6642     42.524   104.2406    -0.0298      7.757     2.9296     4.1867    127.530    130.838       9228          1  0.000e+00
   54.68398 -132.85512    121.536    114.538    113.477     6.6707    33.0627  1026.4638    25.9380     6.6606     42.540   104.2126    -0.0298      7.757     2.9309     4.1886    127.586    130.895       9229          1  0.000e+00
   54.68398 -132.85512    121.511    114.538    113.477     6.6652    33.0671  1026.4680    25.9421     6.6552     42.558   104.2126    -0.0298      7.757     2.9324     4.1907    127.650    130.962       9230          1  0.000e+00
   54.68398 -132.85512    121.591    114.643    113.581     6.6725    33.0629  1026.4642    25.9379     6.6624     42.568   104.1567    -0.0298      7.757     2.9327     4.1912    127.664    130.975       9231          1  0.000e+00
   54.68398 -132.85512    121.487    114.538    113.477     6.6798    33.0569  1026.4580    25.9322     6.6698     42.579   104.1287    -0.0005      7.757     2.9331     4.1917    127.680    130.991       9232          1  0.000e+00
   54.68398 -132.85512    121.607    114.659    113.597     6.6742    33.0590  1026.4609    25.9346     6.6642     42.593   104.1287    -0.0005      7.757     2.9344     4.1935    127.737    131.050       9233          1  0.000e+00
   54.68398 -132.85512    121.494    114.594    113.533     6.6691    33.0622  1026.4638    25.9377     6.6591     42.608   104.1287    -0.0005      7.757     2.9357     4.1954    127.793    131.108       9234          1  0.000e+00
   54.68398 -132.85512    121.534    114.659    113.597     6.6685    33.0626  1026.4646    25.9382     6.6584     42.624   104.1287    -0.0005      7.757     2.9368     4.1970    127.843    131.159       9235          1  0.000e+00
   54.68398 -132.85512    121.534    114.659    113.597     6.6658    33.0644  1026.4663    25.9399     6.6558     42.633   104.1287    -0.0005      7.757     2.9376     4.1981    127.877    131.194       9236          1  0.000e+00
   54.68398 -132.85512    121.574    114.700    113.637     6.6665    33.0640  1026.4661    25.9395     6.6565     42.643   104.1287    -0.0005      7.757     2.9383     4.1991    127.905    131.223       9237          1  0.000e+00
   54.68398 -132.85512    121.565    114.716    113.653     6.6644    33.0670  1026.4688    25.9422     6.6543     42.654   104.1287    -0.0005      7.757     2.9391     4.2003    127.942    131.261       9238          1  0.000e+00
   54.68398 -132.85512    121.460    114.659    113.597     6.6659    33.0679  1026.4691    25.9427     6.6559     42.666   104.1287    -0.0005      7.757     2.9398     4.2013    127.971    131.291       9239          1  0.000e+00
   54.68398 -132.85512    121.573    114.772    113.709     6.6655    33.0680  1026.4697    25.9428     6.6555     42.671   104.1287    -0.0005      7.757     2.9402     4.2018    127.989    131.309       9240          1  0.000e+00
   54.68398 -132.85512    121.460    114.659    113.597     6.6685    33.0641  1026.4657    25.9393     6.6584     42.676   104.1287    -0.0005      7.757     2.9404     4.2021    127.997    131.318       9241          1  0.000e+00
   54.68398 -132.85512    121.621    114.821    113.757     6.6691    33.0638  1026.4662    25.9391     6.6591     42.683   104.1287    -0.0005      7.757     2.9408     4.2027    128.016    131.337       9242          1  0.000e+00
   54.68398 -132.85512    121.492    114.716    113.653     6.6697    33.0649  1026.4665    25.9398     6.6597     42.689   104.1287    -0.0005      7.757     2.9412     4.2032    128.032    131.353       9243          1  0.000e+00
   54.68398 -132.85512    121.419    114.716    113.653     6.6731    33.0626  1026.4642    25.9375     6.6631     42.696   104.1287    -0.0005      7.757     2.9415     4.2037    128.045    131.367       9244          1  0.000e+00
   54.68398 -132.85512    121.451    114.772    113.709     6.6771    33.0593  1026.4613    25.9344     6.6671     42.704   104.1287    -0.0005      7.757     2.9418     4.2042    128.060    131.382       9245          1  0.000e+00
   54.68398 -132.85512    121.394    114.716    113.653     6.6772    33.0584  1026.4603    25.9337     6.6671     42.769   104.1287    -0.0005      7.757     2.9463     4.2106    128.256    131.582       9246          1  0.000e+00
   54.68398 -132.85512    121.434    114.756    113.693     6.6708    33.0617  1026.4640    25.9372     6.6608     42.786   104.1287    -0.0005      7.757     2.9479     4.2128    128.324    131.652       9247          1  0.000e+00
   54.68398 -132.85512    121.451    114.772    113.709     6.6620    33.0683  1026.4704    25.9435     6.6520     42.747   104.1287    -0.0005      7.757     2.9457     4.2097    128.228    131.554       9248          1  0.000e+00
   54.68398 -132.85512    121.426    114.772    113.709     6.6587    33.0711  1026.4731    25.9462     6.6487     42.758   104.1287    -0.0005      7.757     2.9466     4.2109    128.266    131.594       9249          1  0.000e+00
   54.68398 -132.85512    121.370    114.716    113.653     6.6577    33.0710  1026.4729    25.9462     6.6476     42.768   104.1287    -0.0005      7.757     2.9474     4.2121    128.300    131.629       9250          1  0.000e+00
   54.68398 -132.85512    121.426    114.772    113.709     6.6547    33.0717  1026.4741    25.9471     6.6446     42.837   104.1846    -0.0005      7.757     2.9523     4.2191    128.514    131.848       9251          1  0.000e+00
   54.68398 -132.85510    121.370    114.716    113.653     6.6326    33.0870  1026.4888    25.9621     6.6226     42.793   104.2126    -0.0005      7.752     2.9505     4.2165    128.434    131.768       9252          1  0.000e+00
   54.68398 -132.85510    121.361    114.756    113.693     6.6115    33.1021  1026.5037    25.9767     6.6015     42.799   104.2126    -0.0005      7.757     2.9521     4.2188    128.501    131.839       9253          1  0.000e+00
   54.68398 -132.85510    121.297    114.716    113.653     6.6056    33.1067  1026.5079    25.9811     6.5956     42.804   104.2126    -0.0005      7.757     2.9527     4.2197    128.528    131.867       9254          1  0.000e+00
   54.68468 -132.85430    116.413     50.549     50.088     8.5055    32.0458  1025.1118    24.8813     8.5004     58.344   101.1080     0.6735      7.895     3.8810     5.5463    169.117    173.325      13852          2  0.000e+00
   54.68468 -132.85430    116.830     50.969     50.505     8.5047    32.0460  1025.1139    24.8816     8.4996     58.347   101.1080     0.6735      7.895     3.8812     5.5467    169.128    173.336      13853          2  0.000e+00
   54.68468 -132.85430    116.725     50.913     50.449     8.5042    32.0462  1025.1139    24.8818     8.4992     58.346   101.1080     0.6442      7.895     3.8812     5.5466    169.126    173.335      13854          2  0.000e+00
   54.68468 -132.85430    116.756     50.969     50.505     8.5039    32.0463  1025.1143    24.8820     8.4988     58.346   101.1080     0.6735      7.895     3.8812     5.5467    169.127    173.335      13855          2  0.000e+00
   54.68468 -132.85430    116.644     50.856     50.393     8.5036    32.0464  1025.1139    24.8821     8.4985     58.344   101.1080     0.6442      7.895     3.8812     5.5466    169.124    173.332      13856          2  0.000e+00
   54.68468 -132.85430    116.756     50.969     50.505     8.5034    32.0463  1025.1144    24.8821     8.4983     58.352   101.1080     0.6442      7.895     3.8817     5.5473    169.147    173.355      13857          2  0.000e+00
   54.68468 -132.85430    116.756     50.969     50.505     8.5029    32.0463  1025.1145    24.8821     8.4978     58.352   101.0801     0.6442      7.895     3.8817     5.5473    169.148    173.357      13858          2  0.000e+00
   54.68468 -132.85430    116.756     50.969     50.505     8.5026    32.0465  1025.1147    24.8823     8.4975     58.351   101.0801     0.6442      7.895     3.8817     5.5473    169.148    173.357      13859          2  0.000e+00
   54.68468 -132.85430    116.820     51.034     50.569     8.5023    32.0463  1025.1148    24.8822     8.4972     58.359   101.0801     0.6442      7.895     3.8822     5.5481    169.171    173.380      13860          2  0.000e+00
   54.68468 -132.85430    116.877     51.090     50.625     8.5011    32.0464  1025.1153    24.8824     8.4960     58.359   101.1080     0.6735      7.895     3.8824     5.5483    169.177    173.387      13861          2  0.000e+00
   54.68468 -132.85430    116.877     51.090     50.625     8.5006    32.0463  1025.1154    24.8825     8.4955     58.359   101.0801     0.6442      7.895     3.8824     5.5484    169.179    173.389      13862          2  0.000e+00
   54.68468 -132.85430    116.877     51.090     50.625     8.5000    32.0468  1025.1159    24.8830     8.4949     58.359   101.0801     0.6442      7.895     3.8825     5.5484    169.181    173.391      13863          2  0.000e+00
   54.68468 -132.85430    116.941     51.155     50.689     8.5006    32.0464  1025.1157    24.8825     8.4955     58.360   101.0801     0.6442      7.895     3.8824     5.5484    169.180    173.390      13864          2  0.000e+00
   54.68468 -132.85430    116.997     51.212     50.745     8.5008    32.0469  1025.1164    24.8829     8.4957     58.360   101.0801     0.6442      7.895     3.8824     5.5484    169.180    173.390      13865          2  0.000e+00
   54.68468 -132.85430    116.997     51.212     50.745     8.5012    32.0465  1025.1160    24.8826     8.4961     58.360   101.0801     0.6442      7.895     3.8824     5.5484    169.179    173.388      13866          2  0.000e+00
   54.68468 -132.85430    117.053     51.268     50.801     8.5014    32.0467  1025.1163    24.8826     8.4963     58.361   101.0801     0.6442      7.895     3.8824     5.5484    169.179    173.389      13867          2  0.000e+00
   54.68468 -132.85430    117.028     51.268     50.801     8.5017    32.0467  1025.1163    24.8826     8.4966     58.361   101.0801     0.6442      7.895     3.8824     5.5483    169.178    173.387      13868          2  0.000e+00
   54.68468 -132.85430    116.884     51.147     50.681     8.5023    32.0470  1025.1159    24.8827     8.4972     58.360   101.0801     0.6442      7.895     3.8823     5.5482    169.173    173.382      13869          2  0.000e+00
   54.68468 -132.85430    117.244     51.511     51.041     8.5024    32.0467  1025.1173    24.8825     8.4973     58.362   101.0801     0.6149      7.895     3.8824     5.5484    169.180    173.390      13870          2  0.000e+00
