EcoFOCI/data/1_SampleCollection/2022_GOA-OA_CruiseData/CTD_raw_BottleFile_RC0083/RC0083_030.ros
* Sea-Bird SBE 9 Data File:
* FileName = C:\Data\RC0083ctd\RC0083_030.hex
* Software Version Seasave V 7.26.7.107
* Temperature SN = 2060
* Conductivity SN = 1084
* Number of Bytes Per Scan = 31
* Number of Voltage Words = 4
* Number of Scans Averaged by the Deck Unit = 1
* NMEA Latitude = 58 36.95 N
* NMEA Longitude = 135 00.84 W
* NMEA UTC (Time) = Aug 18 2022  01:34:01
* NMEA baud rate = 4800
** Ship: R/V Rachel Carson
** Cruise ID: RC0083
** Tech: McHugh/Nomura
** Chief Scientist: Cross
** Station: LC2
** Cast:  CTD030
# nquan = 21
# nvalues = 392                                   
# units = specified
# name 0 = latitude: Latitude [deg]
# name 1 = longitude: Longitude [deg]
# name 2 = sfdSM: Seafloor depth [salt water, m]
# name 3 = prDM: Pressure, Digiquartz [db]
# name 4 = depSM: Depth [salt water, m]
# name 5 = t090C: Temperature [ITS-90, deg C]
# name 6 = sal00: Salinity, Practical [PSU]
# name 7 = density00: Density [density, kg/m^3]
# name 8 = sigma-é00: Density [sigma-theta, kg/m^3]
# name 9 = potemp090C: Potential Temperature [ITS-90, deg C]
# name 10 = sbeox0PS: Oxygen, SBE 43 [% saturation]
# name 11 = CStarTr0: Beam Transmission, WET Labs C-Star [%]
# name 12 = flECO-AFL: Fluorescence, WET Labs ECO-AFL/FL [mg/m^3]
# name 13 = ph: pH
# name 14 = sbeox0ML/L: Oxygen, SBE 43 [ml/l]
# name 15 = sbeox0Mg/L: Oxygen, SBE 43 [mg/l]
# name 16 = sbox0Mm/Kg: Oxygen, SBE 43 [umol/kg]
# name 17 = sbeox0Mm/L: Oxygen, SBE 43 [umol/l]
# name 18 = scan: Scan Count
# name 19 = nbf: Bottles Fired
# name 20 = flag:  0.000e+00
# interval = seconds: 0.0416667
# start_time = Aug 18 2022 01:34:01 [NMEA time, header]
# bad_flag = -9.990e-29
*END*
[from data line 207]
   58.61888 -135.01292    150.531     52.393     51.898     6.9490    31.0943  1024.5919    24.3508     6.9445     66.727   100.8283     0.0288      7.919     4.6275     6.6131    201.750    206.662      23024          5  0.000e+00
   58.61888 -135.01292    150.531     52.393     51.898     6.9478    31.0950  1024.5926    24.3515     6.9433     66.729   100.8283     0.0288      7.919     4.6277     6.6134    201.760    206.673      23025          5  0.000e+00
   58.61888 -135.01292    150.531     52.393     51.898     6.9479    31.0949  1024.5925    24.3514     6.9434     66.731   100.8283     0.0288      7.919     4.6278     6.6136    201.765    206.679      23026          5  0.000e+00
   58.61888 -135.01292    150.531     52.393     51.898     6.9481    31.0945  1024.5921    24.3510     6.9436     66.733   100.8283     0.0288      7.914     4.6279     6.6138    201.771    206.684      23027          5  0.000e+00
   58.61888 -135.01292    150.531     52.393     51.898     6.9478    31.0945  1024.5922    24.3510     6.9433     66.735   100.8283     0.0288      7.914     4.6281     6.6140    201.778    206.691      23028          5  0.000e+00
   58.61888 -135.01292    150.587     52.450     51.954     6.9472    31.0947  1024.5927    24.3513     6.9427     66.737   100.8283     0.0288      7.914     4.6283     6.6144    201.788    206.701      23029          5  0.000e+00
   58.61888 -135.01292    150.531     52.393     51.898     6.9465    31.0949  1024.5927    24.3516     6.9420     66.739   100.8283     0.0288      7.919     4.6285     6.6146    201.795    206.709      23030          5  0.000e+00
   58.61888 -135.01292    150.531     52.393     51.898     6.9461    31.0946  1024.5925    24.3513     6.9416     66.740   100.8283     0.0288      7.914     4.6287     6.6149    201.804    206.718      23031          5  0.000e+00
   58.61888 -135.01292    150.531     52.393     51.898     6.9454    31.0952  1024.5931    24.3519     6.9409     66.735   100.8283     0.0288      7.914     4.6283     6.6144    201.788    206.702      23032          5  0.000e+00
   58.61888 -135.01292    150.531     52.393     51.898     6.9451    31.0953  1024.5932    24.3521     6.9406     66.729   100.8283     0.0288      7.919     4.6280     6.6138    201.771    206.684      23033          5  0.000e+00
   58.61888 -135.01292    150.531     52.393     51.898     6.9451    31.0957  1024.5935    24.3523     6.9406     66.722   100.8283     0.0288      7.919     4.6275     6.6131    201.751    206.664      23034          5  0.000e+00
   58.61888 -135.01292    150.587     52.450     51.955     6.9452    31.0955  1024.5936    24.3522     6.9407     66.723   100.8283     0.0288      7.919     4.6276     6.6133    201.755    206.668      23035          5  0.000e+00
   58.61888 -135.01292    150.531     52.393     51.898     6.9457    31.0950  1024.5928    24.3517     6.9412     66.724   100.8283     0.0288      7.914     4.6276     6.6133    201.754    206.667      23036          5  0.000e+00
   58.61888 -135.01292    150.587     52.450     51.955     6.9459    31.0954  1024.5934    24.3520     6.9414     66.725   100.8283     0.0288      7.919     4.6276     6.6133    201.757    206.670      23037          5  0.000e+00
   58.61888 -135.01292    150.587     52.450     51.955     6.9464    31.0952  1024.5932    24.3518     6.9418     66.726   100.8283     0.0288      7.919     4.6276     6.6134    201.758    206.671      23038          5  0.000e+00
   58.61888 -135.01292    150.587     52.450     51.955     6.9462    31.0953  1024.5933    24.3519     6.9417     66.727   100.8283     0.0288      7.914     4.6277     6.6135    201.761    206.674      23039          5  0.000e+00
   58.61888 -135.01292    150.587     52.450     51.955     6.9457    31.0953  1024.5934    24.3520     6.9412     66.728   100.8283     0.0288      7.914     4.6278     6.6137    201.766    206.680      23040          5  0.000e+00
   58.61888 -135.01292    150.587     52.450     51.955     6.9454    31.0953  1024.5934    24.3520     6.9409     66.721   100.8283     0.0288      7.914     4.6274     6.6130    201.747    206.660      23041          5  0.000e+00
   58.61888 -135.01292    150.587     52.450     51.955     6.9452    31.0954  1024.5935    24.3521     6.9407     66.666   100.8283     0.0288      7.919     4.6236     6.6076    201.581    206.490      23042          5  0.000e+00
   58.61888 -135.01292    150.651     52.515     52.019     6.9449    31.0956  1024.5940    24.3523     6.9404     66.716   100.8283     0.0288      7.919     4.6271     6.6126    201.733    206.646      23043          5  0.000e+00
   58.61888 -135.01292    150.651     52.515     52.019     6.9451    31.0959  1024.5942    24.3525     6.9406     66.717   100.8283     0.0288      7.919     4.6271     6.6126    201.735    206.648      23044          5  0.000e+00
   58.61888 -135.01292    150.651     52.515     52.019     6.9459    31.0955  1024.5938    24.3521     6.9414     66.718   100.8283     0.0288      7.914     4.6271     6.6126    201.734    206.647      23045          5  0.000e+00
   58.61888 -135.01292    150.651     52.515     52.019     6.9464    31.0952  1024.5935    24.3518     6.9418     66.663   100.8283     0.0288      7.914     4.6233     6.6071    201.566    206.474      23046          5  0.000e+00
   58.61888 -135.01292    150.707     52.571     52.075     6.9464    31.0953  1024.5939    24.3519     6.9418     66.649   100.8283     0.0288      7.914     4.6223     6.6057    201.525    206.433      23047          5  0.000e+00
   58.61888 -135.01292    150.651     52.515     52.019     6.9467    31.0949  1024.5932    24.3515     6.9422     66.642   100.8283     0.0288      7.914     4.6218     6.6050    201.504    206.411      23048          5  0.000e+00
   58.61888 -135.01292    150.707     52.571     52.075     6.9464    31.0951  1024.5937    24.3517     6.9418     66.637   100.8283     0.0288      7.919     4.6215     6.6046    201.489    206.395      23049          5  0.000e+00
   58.61888 -135.01292    150.707     52.571     52.075     6.9464    31.0949  1024.5935    24.3516     6.9418     66.631   100.8283     0.0288      7.914     4.6211     6.6040    201.472    206.378      23050          5  0.000e+00
   58.61888 -135.01292    150.707     52.571     52.075     6.9459    31.0953  1024.5939    24.3519     6.9413     66.626   100.8283     0.0288      7.914     4.6208     6.6036    201.458    206.364      23051          5  0.000e+00
   58.61888 -135.01292    150.707     52.571     52.075     6.9461    31.0951  1024.5937    24.3518     6.9415     66.614   100.8283     0.0288      7.919     4.6199     6.6023    201.419    206.324      23052          5  0.000e+00
   58.61890 -135.01292    150.707     52.571     52.075     6.9459    31.0951  1024.5937    24.3518     6.9414     66.609   100.8283     0.0288      7.914     4.6196     6.6018    201.405    206.309      23053          5  0.000e+00
   58.61890 -135.01292    150.707     52.571     52.075     6.9454    31.0952  1024.5939    24.3519     6.9409     66.660   100.8283     0.0288      7.914     4.6232     6.6070    201.562    206.470      23054          5  0.000e+00
   58.61890 -135.01292    150.771     52.636     52.139     6.9446    31.0957  1024.5947    24.3524     6.9400     66.607   100.8283     0.0288      7.914     4.6196     6.6019    201.407    206.312      23055          5  0.000e+00
   58.61890 -135.01292    150.763     52.628     52.131     6.9441    31.0956  1024.5946    24.3524     6.9396     66.603   100.8283     0.0288      7.914     4.6194     6.6015    201.396    206.300      23056          5  0.000e+00
   58.61890 -135.01292    150.771     52.636     52.139     6.9441    31.0957  1024.5947    24.3524     6.9396     66.599   100.8283     0.0288      7.914     4.6191     6.6011    201.384    206.288      23057          5  0.000e+00
   58.61890 -135.01292    150.707     52.571     52.075     6.9441    31.0960  1024.5947    24.3527     6.9396     66.595   100.8283     0.0288      7.919     4.6188     6.6007    201.370    206.274      23058          5  0.000e+00
   58.61890 -135.01292    150.763     52.628     52.131     6.9452    31.0956  1024.5945    24.3523     6.9407     66.592   100.8283     0.0288      7.914     4.6185     6.6002    201.357    206.260      23059          5  0.000e+00
   58.61890 -135.01292    150.771     52.636     52.139     6.9454    31.0957  1024.5945    24.3523     6.9409     66.589   100.8283     0.0288      7.914     4.6182     6.5999    201.346    206.249      23060          5  0.000e+00
   58.61890 -135.01292    150.763     52.628     52.131     6.9459    31.0954  1024.5943    24.3520     6.9414     66.586   100.8283     0.0288      7.914     4.6180     6.5995    201.335    206.238      23061          5  0.000e+00
   58.61896 -135.01282    123.008     24.606     24.375     8.4676    30.1574  1023.5200    23.4074     8.4652     72.032    98.6468     0.3804      8.010     4.8547     6.9378    211.852    216.811      24709          6  0.000e+00
   58.61896 -135.01280    123.008     24.606     24.375     8.4671    30.1580  1023.5205    23.4079     8.4648     71.971    98.6188     0.3804      8.010     4.8506     6.9321    211.675    216.630      24710          6  0.000e+00
   58.61896 -135.01280    123.064     24.662     24.431     8.4668    30.1583  1023.5210    23.4082     8.4645     72.013    98.6468     0.3804      8.010     4.8535     6.9362    211.801    216.759      24711          6  0.000e+00
   58.61896 -135.01280    123.064     24.662     24.431     8.4675    30.1575  1023.5204    23.4075     8.4651     72.006    98.6468     0.3804      8.010     4.8530     6.9354    211.778    216.735      24712          6  0.000e+00
   58.61896 -135.01280    123.008     24.606     24.375     8.4684    30.1570  1023.5196    23.4070     8.4661     71.998    98.6468     0.3804      8.010     4.8523     6.9345    211.748    216.705      24713          6  0.000e+00
   58.61896 -135.01280    123.064     24.662     24.431     8.4688    30.1569  1023.5196    23.4068     8.4664     71.989    98.6468     0.3804      8.010     4.8517     6.9336    211.722    216.678      24714          6  0.000e+00
   58.61896 -135.01280    123.064     24.662     24.431     8.4690    30.1567  1023.5195    23.4067     8.4666     71.979    98.6188     0.3804      8.010     4.8511     6.9326    211.693    216.648      24715          6  0.000e+00
   58.61896 -135.01280    123.008     24.606     24.375     8.4686    30.1571  1023.5196    23.4070     8.4662     71.976    98.6468     0.3804      8.010     4.8508     6.9323    211.683    216.638      24716          6  0.000e+00
   58.61896 -135.01280    123.064     24.662     24.431     8.4684    30.1574  1023.5201    23.4073     8.4661     71.972    98.6468     0.3804      8.010     4.8506     6.9320    211.673    216.628      24717          6  0.000e+00
   58.61896 -135.01280    123.008     24.606     24.375     8.4671    30.1584  1023.5208    23.4082     8.4648     71.967    98.6468     0.3804      8.010     4.8504     6.9317    211.663    216.618      24718          6  0.000e+00
   58.61896 -135.01280    123.064     24.662     24.431     8.4673    30.1583  1023.5210    23.4082     8.4650     71.963    98.6188     0.3804      8.010     4.8500     6.9312    211.649    216.603      24719          6  0.000e+00
   58.61896 -135.01280    123.008     24.606     24.375     8.4675    30.1582  1023.5206    23.4081     8.4652     71.956    98.6468     0.3804      8.010     4.8496     6.9306    211.629    216.583      24720          6  0.000e+00
   58.61896 -135.01280    123.064     24.662     24.431     8.4673    30.1584  1023.5210    23.4082     8.4650     71.951    98.6188     0.4097      8.010     4.8492     6.9300    211.613    216.567      24721          6  0.000e+00
   58.61896 -135.01280    123.064     24.662     24.431     8.4676    30.1585  1023.5211    23.4083     8.4652     71.944    98.6468     0.4097      8.010     4.8487     6.9293    211.592    216.545      24722          6  0.000e+00
   58.61896 -135.01280    123.008     24.606     24.375     8.4681    30.1583  1023.5206    23.4080     8.4657     71.936    98.6188     0.4097      8.010     4.8482     6.9285    211.566    216.518      24723          6  0.000e+00
   58.61896 -135.01280    123.064     24.663     24.431     8.4673    30.1585  1023.5211    23.4083     8.4650     71.928    98.6188     0.4097      8.010     4.8477     6.9279    211.548    216.500      24724          6  0.000e+00
   58.61896 -135.01280    123.064     24.663     24.431     8.4664    30.1592  1023.5218    23.4090     8.4640     71.927    98.6188     0.4097      8.010     4.8477     6.9279    211.547    216.500      24725          6  0.000e+00
   58.61896 -135.01280    123.064     24.663     24.431     8.4666    30.1592  1023.5218    23.4089     8.4643     71.925    98.6188     0.4097      8.010     4.8476     6.9277    211.541    216.493      24726          6  0.000e+00
   58.61896 -135.01280    123.064     24.663     24.431     8.4681    30.1580  1023.5206    23.4078     8.4657     71.868    98.5908     0.4097      8.010     4.8436     6.9220    211.368    216.315      24727          6  0.000e+00
   58.61896 -135.01280    123.008     24.606     24.375     8.4691    30.1571  1023.5195    23.4070     8.4668     71.906    98.6188     0.4097      8.010     4.8461     6.9256    211.477    216.427      24728          6  0.000e+00
   58.61896 -135.01280    123.120     24.719     24.487     8.4693    30.1577  1023.5205    23.4074     8.4669     71.905    98.6188     0.4097      8.010     4.8460     6.9254    211.471    216.421      24729          6  0.000e+00
   58.61896 -135.01280    123.064     24.663     24.431     8.4681    30.1588  1023.5213    23.4085     8.4657     71.902    98.5908     0.4097      8.010     4.8458     6.9252    211.465    216.415      24730          6  0.000e+00
   58.61896 -135.01280    123.064     24.663     24.431     8.4670    30.1595  1023.5220    23.4092     8.4646     71.844    98.6188     0.4097      8.010     4.8420     6.9198    211.299    216.245      24731          6  0.000e+00
   58.61896 -135.01280    123.064     24.663     24.431     8.4665    30.1597  1023.5222    23.4094     8.4641     71.889    98.5908     0.4097      8.010     4.8451     6.9242    211.434    216.383      24732          6  0.000e+00
   58.61896 -135.01280    123.064     24.663     24.431     8.4664    30.1599  1023.5224    23.4096     8.4640     71.830    98.6188     0.4097      8.010     4.8412     6.9185    211.262    216.208      24733          6  0.000e+00
   58.61896 -135.01280    123.064     24.663     24.431     8.4665    30.1595  1023.5220    23.4092     8.4641     71.820    98.6188     0.4097      8.010     4.8405     6.9176    211.232    216.177      24734          6  0.000e+00
   58.61896 -135.01280    123.095     24.719     24.487     8.4670    30.1589  1023.5218    23.4087     8.4646     71.810    98.6188     0.4097      8.010     4.8398     6.9166    211.202    216.146      24735          6  0.000e+00
   58.61896 -135.01280    123.064     24.663     24.431     8.4671    30.1584  1023.5211    23.4083     8.4647     71.800    98.5908     0.4097      8.010     4.8391     6.9155    211.170    216.113      24736          6  0.000e+00
   58.61896 -135.01280    123.120     24.719     24.487     8.4672    30.1580  1023.5210    23.4079     8.4648     71.790    98.6188     0.4097      8.010     4.8384     6.9146    211.141    216.084      24737          6  0.000e+00
   58.61896 -135.01280    123.064     24.663     24.431     8.4666    30.1588  1023.5215    23.4087     8.4643     71.779    98.6188     0.4097      8.010     4.8377     6.9136    211.111    216.053      24738          6  0.000e+00
