EcoFOCI/data/1_SampleCollection/2022_GOA-OA_CruiseData/CTD_raw_BottleFile_RC0083/RC0083_046.ros
* Sea-Bird SBE 9 Data File:
* FileName = C:\Data\RC0083ctd\RC0083_046.hex
* Software Version Seasave V 7.26.7.107
* Temperature SN = 2060
* Conductivity SN = 1084
* Number of Bytes Per Scan = 31
* Number of Voltage Words = 4
* Number of Scans Averaged by the Deck Unit = 1
* NMEA Latitude = 58 00.67 N
* NMEA Longitude = 137 43.94 W
* NMEA UTC (Time) = Aug 19 2022  04:29:14
* NMEA baud rate = 4800
** Ship: R/V Rachel Carson
** Cruise ID: RC0083
** Tech: McHugh/Nomura
** Chief Scientist: Cross
** Station: SEM30
** Cast:  CTD046
# nquan = 21
# nvalues = 294                                   
# units = specified
# name 0 = latitude: Latitude [deg]
# name 1 = longitude: Longitude [deg]
# name 2 = sfdSM: Seafloor depth [salt water, m]
# name 3 = prDM: Pressure, Digiquartz [db]
# name 4 = depSM: Depth [salt water, m]
# name 5 = t090C: Temperature [ITS-90, deg C]
# name 6 = sal00: Salinity, Practical [PSU]
# name 7 = density00: Density [density, kg/m^3]
# name 8 = sigma-é00: Density [sigma-theta, kg/m^3]
# name 9 = potemp090C: Potential Temperature [ITS-90, deg C]
# name 10 = sbeox0PS: Oxygen, SBE 43 [% saturation]
# name 11 = CStarTr0: Beam Transmission, WET Labs C-Star [%]
# name 12 = flECO-AFL: Fluorescence, WET Labs ECO-AFL/FL [mg/m^3]
# name 13 = ph: pH
# name 14 = sbeox0ML/L: Oxygen, SBE 43 [ml/l]
# name 15 = sbeox0Mg/L: Oxygen, SBE 43 [mg/l]
# name 16 = sbox0Mm/Kg: Oxygen, SBE 43 [umol/kg]
# name 17 = sbeox0Mm/L: Oxygen, SBE 43 [umol/l]
# name 18 = scan: Scan Count
# name 19 = nbf: Bottles Fired
# name 20 = flag:  0.000e+00
# interval = seconds: 0.0416667
# start_time = Aug 19 2022 04:29:14 [NMEA time, header]
# bad_flag = -9.990e-29
*END*
[from data line 69]
   58.01040 -137.73282    174.265    102.838    101.860     6.4030    32.6916  1026.1528    25.6797     6.3943     69.230   106.1704    -0.0591      7.959     4.8113     6.8758    209.491    214.871      10958          2  0.000e+00
   58.01040 -137.73282    174.061    102.879    101.900     6.4048    32.6913  1026.1525    25.6792     6.3961     69.222   106.1704    -0.0591      7.959     4.8105     6.8747    209.460    214.838      10959          2  0.000e+00
   58.01040 -137.73282    174.021    102.838    101.860     6.4052    32.6912  1026.1522    25.6791     6.3965     69.216   106.1704    -0.0591      7.959     4.8101     6.8741    209.441    214.819      10960          2  0.000e+00
   58.01040 -137.73282    174.110    102.879    101.900     6.4052    32.6901  1026.1515    25.6782     6.3965     69.206   106.1704    -0.0591      7.959     4.8094     6.8731    209.411    214.788      10961          2  0.000e+00
   58.01040 -137.73282    174.143    102.838    101.860     6.4038    32.6890  1026.1507    25.6775     6.3951     69.205   106.1704    -0.0591      7.959     4.8096     6.8734    209.418    214.796      10962          2  0.000e+00
   58.01040 -137.73282    174.314    102.838    101.860     6.4014    32.6885  1026.1506    25.6775     6.3927     69.152   106.1424    -0.0591      7.959     4.8061     6.8684    209.267    214.641      10963          2  0.000e+00
   58.01040 -137.73284    174.403    102.879    101.900     6.4006    32.6873  1026.1500    25.6766     6.3918     69.149   106.1704    -0.0591      7.959     4.8061     6.8684    209.267    214.640      10964          2  0.000e+00
   58.01040 -137.73284    174.427    102.903    101.924     6.4004    32.6863  1026.1493    25.6759     6.3917     69.150   106.1704    -0.0591      7.959     4.8062     6.8685    209.271    214.644      10965          2  0.000e+00
   58.01040 -137.73284    174.403    102.879    101.900     6.3990    32.6869  1026.1498    25.6765     6.3903     69.145   106.1424    -0.0591      7.959     4.8060     6.8682    209.262    214.635      10966          2  0.000e+00
   58.01040 -137.73284    174.436    102.838    101.860     6.3985    32.6876  1026.1503    25.6771     6.3898     69.143   106.1424    -0.0591      7.959     4.8058     6.8680    209.256    214.629      10967          2  0.000e+00
   58.01040 -137.73284    174.654    102.935    101.956     6.3993    32.6876  1026.1506    25.6770     6.3906     69.087   106.1424    -0.0884      7.959     4.8019     6.8624    209.083    214.452      10968          2  0.000e+00
   58.01040 -137.73284    174.647    102.903    101.924     6.3999    32.6870  1026.1499    25.6764     6.3912     69.082   106.1424    -0.0884      7.959     4.8015     6.8618    209.067    214.435      10969          2  0.000e+00
   58.01040 -137.73284    174.583    102.838    101.860     6.3993    32.6870  1026.1497    25.6766     6.3906     69.072   106.1704    -0.0884      7.959     4.8009     6.8609    209.039    214.406      10970          2  0.000e+00
   58.01040 -137.73284    174.654    102.935    101.956     6.3990    32.6868  1026.1500    25.6764     6.3903     69.066   106.1704    -0.0884      7.959     4.8005     6.8603    209.022    214.389      10971          2  0.000e+00
   58.01040 -137.73284    174.094    102.838    101.860     6.3982    32.6865  1026.1494    25.6763     6.3895     69.060   106.1704    -0.0884      7.959     4.8002     6.8600    209.010    214.377      10972          2  0.000e+00
   58.01040 -137.73284    173.897    102.935    101.956     6.3975    32.6868  1026.1502    25.6766     6.3888     69.059   106.1704    -0.0884      7.959     4.8002     6.8600    209.010    214.377      10973          2  0.000e+00
   58.01040 -137.73284    173.841    102.903    101.924     6.3970    32.6867  1026.1501    25.6766     6.3883     69.060   106.1704    -0.0884      7.959     4.8003     6.8601    209.014    214.381      10974          2  0.000e+00
   58.01040 -137.73284    173.817    102.879    101.900     6.3969    32.6863  1026.1496    25.6762     6.3882     69.063   106.1704    -0.0884      7.959     4.8005     6.8604    209.024    214.391      10975          2  0.000e+00
   58.01040 -137.73284    173.865    102.903    101.924     6.3970    32.6862  1026.1496    25.6762     6.3883     69.069   106.1424    -0.0884      7.959     4.8009     6.8610    209.042    214.409      10976          2  0.000e+00
   58.01040 -137.73284    174.085    102.903    101.924     6.3969    32.6865  1026.1499    25.6764     6.3882     69.077   106.1424    -0.0884      7.959     4.8015     6.8619    209.068    214.436      10977          2  0.000e+00
   58.01040 -137.73284    174.159    102.879    101.900     6.3974    32.6862  1026.1495    25.6761     6.3887     69.088   106.1704    -0.0884      7.959     4.8022     6.8629    209.098    214.467      10978          2  0.000e+00
   58.01040 -137.73284    174.207    102.903    101.924     6.3975    32.6854  1026.1490    25.6755     6.3888     69.102   106.1704    -0.0884      7.959     4.8032     6.8642    209.141    214.510      10979          2  0.000e+00
   58.01040 -137.73284    174.183    102.879    101.900     6.3969    32.6854  1026.1489    25.6756     6.3882     69.118   106.1704    -0.0884      7.959     4.8044     6.8659    209.192    214.563      10980          2  0.000e+00
   58.01040 -137.73284    174.231    102.903    101.924     6.3962    32.6863  1026.1498    25.6764     6.3875     69.072   106.1704    -0.0884      7.959     4.8012     6.8615    209.056    214.424      10981          2  0.000e+00
   58.01040 -137.73284    174.378    102.879    101.900     6.3964    32.6860  1026.1495    25.6761     6.3877     69.134   106.1704    -0.0884      7.959     4.8055     6.8676    209.243    214.616      10982          2  0.000e+00
   58.01040 -137.73284    174.476    102.903    101.924     6.3972    32.6861  1026.1495    25.6761     6.3885     69.093   106.1704    -0.0884      7.959     4.8026     6.8634    209.115    214.484      10983          2  0.000e+00
   58.01040 -137.73284    174.476    102.903    101.924     6.3978    32.6864  1026.1497    25.6762     6.3891     69.103   106.1704    -0.0884      7.959     4.8032     6.8643    209.143    214.513      10984          2  0.000e+00
   58.01040 -137.73284    174.427    102.879    101.900     6.3978    32.6862  1026.1494    25.6761     6.3891     69.108   106.1704    -0.0884      7.959     4.8036     6.8648    209.157    214.527      10985          2  0.000e+00
   58.01040 -137.73284    174.500    102.903    101.924     6.3977    32.6859  1026.1493    25.6758     6.3890     69.115   106.1704    -0.0884      7.959     4.8041     6.8655    209.180    214.551      10986          2  0.000e+00
   58.01030 -137.73290    148.169     50.006     49.537     7.9157    32.2423  1025.3500    25.1215     7.9109     77.965   105.4153     0.0288      8.026     5.2488     7.5011    228.668    234.412      13331          3  0.000e+00
   58.01030 -137.73290    148.233     50.071     49.601     7.9211    32.2403  1025.3480    25.1191     7.9163     77.884   105.4153     0.0288      8.026     5.2428     7.4925    228.406    234.143      13332          3  0.000e+00
   58.01030 -137.73290    148.233     50.071     49.601     7.9229    32.2390  1025.3467    25.1178     7.9182     77.850   105.4153     0.0288      8.026     5.2404     7.4890    228.300    234.034      13333          3  0.000e+00
   58.01030 -137.73290    148.290     50.128     49.657     7.9212    32.2385  1025.3468    25.1177     7.9165     77.816   105.4432     0.0288      8.026     5.2383     7.4861    228.211    233.943      13334          3  0.000e+00
   58.01030 -137.73290    148.298     50.136     49.665     7.9194    32.2390  1025.3475    25.1183     7.9146     77.726   105.4432     0.0288      8.026     5.2324     7.4777    227.955    233.681      13335          3  0.000e+00
   58.01030 -137.73290    148.354     50.192     49.721     7.9193    32.2396  1025.3482    25.1188     7.9145     77.691   105.4432     0.0288      8.026     5.2301     7.4743    227.853    233.576      13336          3  0.000e+00
   58.01030 -137.73290    148.410     50.249     49.777     7.9160    32.2404  1025.3496    25.1199     7.9112     77.657   105.4432     0.0288      8.026     5.2281     7.4715    227.767    233.488      13337          3  0.000e+00
   58.01030 -137.73290    148.410     50.249     49.777     7.9142    32.2411  1025.3504    25.1207     7.9094     77.621   105.4432     0.0288      8.026     5.2259     7.4683    227.669    233.389      13338          3  0.000e+00
   58.01030 -137.73290    148.474     50.314     49.841     7.9139    32.2415  1025.3510    25.1211     7.9091     77.530   105.4432     0.0288      8.026     5.2198     7.4596    227.403    233.116      13339          3  0.000e+00
   58.01030 -137.73288    148.466     50.305     49.833     7.9124    32.2432  1025.3526    25.1226     7.9076     77.494   105.4432     0.0288      8.026     5.2175     7.4563    227.303    233.013      13340          3  0.000e+00
   58.01030 -137.73288    148.594     50.435     49.961     7.9149    32.2436  1025.3531    25.1226     7.9101     77.459   105.4432     0.0288      8.026     5.2148     7.4525    227.187    232.895      13341          3  0.000e+00
   58.01030 -137.73288    148.586     50.427     49.953     7.9187    32.2436  1025.3525    25.1220     7.9138     77.368   105.4432     0.0288      8.026     5.2082     7.4431    226.900    232.600      13342          3  0.000e+00
   58.01030 -137.73288    148.650     50.491     50.017     7.9222    32.2426  1025.3515    25.1208     7.9174     77.326   105.4432     0.0288      8.026     5.2050     7.4385    226.760    232.457      13343          3  0.000e+00
   58.01030 -137.73288    148.650     50.491     50.017     7.9245    32.2424  1025.3510    25.1202     7.9197     77.229   105.4432     0.0288      8.031     5.1982     7.4288    226.464    232.153      13344          3  0.000e+00
   58.01030 -137.73288    148.770     50.613     50.137     7.9289    32.2415  1025.3502    25.1189     7.9241     77.189   105.4432     0.0288      8.031     5.1951     7.4243    226.327    232.012      13345          3  0.000e+00
   58.01030 -137.73288    148.762     50.605     50.129     7.9323    32.2407  1025.3491    25.1178     7.9275     77.149   105.4432     0.0288      8.031     5.1920     7.4199    226.195    231.876      13346          3  0.000e+00
   58.01030 -137.73288    148.826     50.669     50.193     7.9347    32.2400  1025.3485    25.1169     7.9299     77.057   105.4432     0.0288      8.031     5.1855     7.4106    225.912    231.586      13347          3  0.000e+00
   58.01030 -137.73288    148.882     50.726     50.249     7.9346    32.2406  1025.3492    25.1174     7.9298     77.014   105.4432     0.0288      8.031     5.1826     7.4065    225.785    231.456      13348          3  0.000e+00
   58.01030 -137.73288    148.946     50.790     50.313     7.9355    32.2403  1025.3491    25.1170     7.9307     76.917   105.4432     0.0288      8.031     5.1760     7.3971    225.497    231.161      13349          3  0.000e+00
   58.01030 -137.73288    149.002     50.847     50.370     7.9366    32.2400  1025.3490    25.1167     7.9317     76.870   105.4432     0.0288      8.031     5.1728     7.3924    225.355    231.015      13350          3  0.000e+00
   58.01030 -137.73288    149.066     50.912     50.434     7.9333    32.2405  1025.3502    25.1175     7.9284     76.833   105.4432     0.0288      8.031     5.1706     7.3894    225.262    230.921      13351          3  0.000e+00
   58.01030 -137.73288    149.058     50.904     50.426     7.9292    32.2425  1025.3524    25.1197     7.9244     76.742   105.4432     0.0288      8.031     5.1649     7.3812    225.013    230.665      13352          3  0.000e+00
   58.01030 -137.73288    149.122     50.968     50.490     7.9262    32.2436  1025.3539    25.1210     7.9213     76.702   105.4432     0.0288      8.031     5.1626     7.3778    224.910    230.560      13353          3  0.000e+00
   58.01030 -137.73288    149.178     51.025     50.546     7.9234    32.2444  1025.3552    25.1220     7.9185     76.609   105.4432     0.0288      8.031     5.1566     7.3693    224.651    230.294      13354          3  0.000e+00
   58.01030 -137.73288    149.242     51.089     50.610     7.9212    32.2449  1025.3562    25.1227     7.9163     76.575   105.4432     0.0288      8.035     5.1545     7.3663    224.559    230.201      13355          3  0.000e+00
   58.01030 -137.73288    149.418     51.267     50.786     7.9189    32.2453  1025.3577    25.1234     7.9140     76.544   105.4432     0.0288      8.035     5.1527     7.3637    224.480    230.120      13356          3  0.000e+00
   58.01030 -137.73288    149.474     51.324     50.842     7.9168    32.2457  1025.3586    25.1240     7.9119     76.460   105.4432     0.0288      8.035     5.1473     7.3560    224.244    229.877      13357          3  0.000e+00
   58.01030 -137.73288    149.474     51.324     50.842     7.9161    32.2465  1025.3593    25.1247     7.9112     76.434   105.4432     0.0288      8.035     5.1456     7.3536    224.170    229.802      13358          3  0.000e+00
   58.01030 -137.73288    149.530     51.380     50.898     7.9152    32.2470  1025.3601    25.1253     7.9103     76.412   105.4432     0.0288      8.035     5.1442     7.3516    224.109    229.740      13359          3  0.000e+00
   58.01030 -137.73288    149.474     51.324     50.842     7.9151    32.2468  1025.3597    25.1251     7.9102     76.330   105.4432     0.0288      8.035     5.1387     7.3437    223.869    229.494      13360          3  0.000e+00
   58.01030 -137.73288    149.474     51.324     50.842     7.9158    32.2466  1025.3594    25.1248     7.9110     76.252   105.4432     0.0288      8.035     5.1334     7.3361    223.637    229.256      13361          3  0.000e+00
   58.01030 -137.73288    149.418     51.267     50.786     7.9175    32.2460  1025.3584    25.1241     7.9126     76.218   105.4432     0.0288      8.035     5.1309     7.3326    223.531    229.147      13362          3  0.000e+00
   58.01030 -137.73288    149.474     51.324     50.842     7.9191    32.2450  1025.3576    25.1231     7.9142     76.190   105.4432     0.0288      8.035     5.1289     7.3296    223.441    229.055      13363          3  0.000e+00
   58.01030 -137.73290    149.362     51.211     50.730     7.9194    32.2449  1025.3570    25.1230     7.9145     76.108   105.4432     0.0288      8.035     5.1233     7.3217    223.200    228.807      13364          3  0.000e+00
   58.01030 -137.73290    149.354     51.203     50.722     7.9188    32.2456  1025.3576    25.1236     7.9139     76.080   105.4432     0.0288      8.035     5.1215     7.3191    223.120    228.725      13365          3  0.000e+00
   58.01030 -137.73290    149.362     51.211     50.730     7.9201    32.2453  1025.3573    25.1232     7.9152     76.008   105.4432     0.0288      8.031     5.1165     7.3120    222.902    228.502      13366          3  0.000e+00
   58.01030 -137.73290    149.354     51.203     50.722     7.9211    32.2452  1025.3570    25.1230     7.9162     75.989   105.4432     0.0288      8.031     5.1151     7.3100    222.841    228.440      13367          3  0.000e+00
   58.01030 -137.73290    149.474     51.324     50.842     7.9217    32.2448  1025.3572    25.1226     7.9168     75.976   105.4432     0.0288      8.031     5.1142     7.3086    222.801    228.398      13368          3  0.000e+00
   58.01030 -137.73290    149.354     51.203     50.722     7.9226    32.2443  1025.3561    25.1220     7.9177     75.910   105.4432     0.0288      8.031     5.1096     7.3021    222.603    228.195      13369          3  0.000e+00
