EcoFOCI/data/1_SampleCollection/2022_GOA-OA_CruiseData/CTD_raw_BottleFile_RC0083/RC0083_034.ros
* Sea-Bird SBE 9 Data File:
* FileName = C:\Data\RC0083ctd\RC0083_034.hex
* Software Version Seasave V 7.26.7.107
* Temperature SN = 2060
* Conductivity SN = 1084
* Number of Bytes Per Scan = 31
* Number of Voltage Words = 4
* Number of Scans Averaged by the Deck Unit = 1
* NMEA Latitude = 58 09.63 N
* NMEA Longitude = 135 02.45 W
* NMEA UTC (Time) = Aug 18 2022  07:04:40
* NMEA baud rate = 4800
** Ship: R/V Rachel Carson
** Cruise ID: RC0083
** Tech: McHugh/Nomura
** Chief Scientist: Cross
** Station: UCD
** Cast:  CTD034
# nquan = 21
# nvalues = 294                                   
# units = specified
# name 0 = latitude: Latitude [deg]
# name 1 = longitude: Longitude [deg]
# name 2 = sfdSM: Seafloor depth [salt water, m]
# name 3 = prDM: Pressure, Digiquartz [db]
# name 4 = depSM: Depth [salt water, m]
# name 5 = t090C: Temperature [ITS-90, deg C]
# name 6 = sal00: Salinity, Practical [PSU]
# name 7 = density00: Density [density, kg/m^3]
# name 8 = sigma-é00: Density [sigma-theta, kg/m^3]
# name 9 = potemp090C: Potential Temperature [ITS-90, deg C]
# name 10 = sbeox0PS: Oxygen, SBE 43 [% saturation]
# name 11 = CStarTr0: Beam Transmission, WET Labs C-Star [%]
# name 12 = flECO-AFL: Fluorescence, WET Labs ECO-AFL/FL [mg/m^3]
# name 13 = ph: pH
# name 14 = sbeox0ML/L: Oxygen, SBE 43 [ml/l]
# name 15 = sbeox0Mg/L: Oxygen, SBE 43 [mg/l]
# name 16 = sbox0Mm/Kg: Oxygen, SBE 43 [umol/kg]
# name 17 = sbeox0Mm/L: Oxygen, SBE 43 [umol/l]
# name 18 = scan: Scan Count
# name 19 = nbf: Bottles Fired
# name 20 = flag:  0.000e+00
# interval = seconds: 0.0416667
# start_time = Aug 18 2022 07:04:40 [NMEA time, header]
# bad_flag = -9.990e-29
*END*
[from data line 69]
   58.15926 -135.04096    155.341    101.559    100.592     5.5379    32.3997  1026.0239    25.5542     5.5300     44.748   101.9751    -0.0298      7.736     3.1798     4.5443    138.471    142.010       9534          2  0.000e+00
   58.15926 -135.04096    155.317    101.535    100.568     5.5377    32.3996  1026.0238    25.5542     5.5299     44.705   101.9751    -0.0298      7.736     3.1767     4.5398    138.337    141.872       9535          2  0.000e+00
   58.15926 -135.04096    155.397    101.616    100.648     5.5381    32.3991  1026.0237    25.5538     5.5302     44.770   101.9751    -0.0298      7.736     3.1813     4.5464    138.537    142.077       9536          2  0.000e+00
   58.15926 -135.04096    155.285    101.502    100.536     5.5384    32.3989  1026.0230    25.5536     5.5305     44.778   101.9751    -0.0298      7.736     3.1819     4.5472    138.561    142.102       9537          2  0.000e+00
   58.15926 -135.04096    155.437    101.656    100.688     5.5383    32.3988  1026.0236    25.5535     5.5304     44.789   101.9751    -0.0298      7.736     3.1827     4.5483    138.596    142.138       9538          2  0.000e+00
   58.15926 -135.04096    155.285    101.502    100.536     5.5383    32.3986  1026.0227    25.5533     5.5304     44.742   101.9751    -0.0298      7.736     3.1794     4.5436    138.452    141.990       9539          2  0.000e+00
   58.15926 -135.04096    155.373    101.591    100.624     5.5384    32.3985  1026.0231    25.5532     5.5305     44.748   101.9751    -0.0591      7.736     3.1797     4.5442    138.469    142.008       9540          2  0.000e+00
   58.15926 -135.04096    155.341    101.559    100.592     5.5385    32.3985  1026.0229    25.5532     5.5307     44.754   101.9751    -0.0591      7.736     3.1802     4.5448    138.489    142.028       9541          2  0.000e+00
   58.15926 -135.04096    155.317    101.535    100.568     5.5384    32.3984  1026.0227    25.5531     5.5305     44.754   101.9751    -0.0591      7.736     3.1802     4.5448    138.489    142.028       9542          2  0.000e+00
   58.15926 -135.04096    155.446    101.615    100.648     5.5384    32.3985  1026.0232    25.5532     5.5305     44.756   102.0030    -0.0591      7.736     3.1803     4.5450    138.495    142.034       9543          2  0.000e+00
   58.15926 -135.04096    155.422    101.591    100.624     5.5385    32.3982  1026.0229    25.5530     5.5307     44.759   102.0310    -0.0591      7.736     3.1805     4.5453    138.502    142.042       9544          2  0.000e+00
   58.15926 -135.04096    155.446    101.615    100.648     5.5384    32.3987  1026.0234    25.5534     5.5305     44.763   102.0310    -0.0591      7.736     3.1808     4.5457    138.515    142.055       9545          2  0.000e+00
   58.15926 -135.04096    155.422    101.591    100.624     5.5383    32.3994  1026.0238    25.5539     5.5305     44.768   102.0030    -0.0591      7.736     3.1812     4.5462    138.531    142.071       9546          2  0.000e+00
   58.15926 -135.04096    155.422    101.615    100.648     5.5383    32.3991  1026.0237    25.5538     5.5304     44.775   102.0310    -0.0591      7.736     3.1817     4.5469    138.553    142.094       9547          2  0.000e+00
   58.15926 -135.04096    155.398    101.591    100.624     5.5381    32.3996  1026.0240    25.5541     5.5302     44.783   102.0310    -0.0591      7.736     3.1822     4.5477    138.578    142.119       9548          2  0.000e+00
   58.15926 -135.04096    155.422    101.615    100.648     5.5377    32.4001  1026.0245    25.5545     5.5299     44.793   102.0310    -0.0591      7.736     3.1829     4.5488    138.608    142.150       9549          2  0.000e+00
   58.15926 -135.04096    155.398    101.591    100.624     5.5381    32.3997  1026.0241    25.5542     5.5302     44.803   102.0310    -0.0591      7.736     3.1837     4.5498    138.640    142.183       9550          2  0.000e+00
   58.15926 -135.04096    155.486    101.680    100.712     5.5381    32.4001  1026.0248    25.5545     5.5302     44.807   102.0030    -0.0591      7.736     3.1840     4.5502    138.653    142.196       9551          2  0.000e+00
   58.15926 -135.04096    155.397    101.615    100.648     5.5379    32.4000  1026.0245    25.5545     5.5300     44.820   102.0310    -0.0591      7.736     3.1849     4.5515    138.694    142.238       9552          2  0.000e+00
   58.15926 -135.04096    155.437    101.656    100.688     5.5381    32.3995  1026.0242    25.5540     5.5302     44.827   102.0310    -0.0591      7.736     3.1853     4.5522    138.713    142.258       9553          2  0.000e+00
   58.15926 -135.04096    155.461    101.680    100.712     5.5383    32.3990  1026.0239    25.5537     5.5304     44.834   102.0030    -0.0591      7.736     3.1859     4.5529    138.735    142.280       9554          2  0.000e+00
   58.15926 -135.04096    155.373    101.591    100.624     5.5383    32.3988  1026.0233    25.5535     5.5304     44.841   102.0310    -0.0591      7.736     3.1864     4.5537    138.759    142.305       9555          2  0.000e+00
   58.15926 -135.04096    155.461    101.680    100.712     5.5384    32.3988  1026.0237    25.5534     5.5305     44.794   102.0030    -0.0591      7.736     3.1830     4.5489    138.612    142.154       9556          2  0.000e+00
   58.15926 -135.04096    155.437    101.656    100.688     5.5384    32.3986  1026.0235    25.5533     5.5305     44.796   102.0030    -0.0591      7.736     3.1832     4.5491    138.619    142.161       9557          2  0.000e+00
   58.15926 -135.04096    155.461    101.680    100.712     5.5387    32.3985  1026.0234    25.5532     5.5308     44.857   102.0310    -0.0591      7.736     3.1875     4.5552    138.806    142.353       9558          2  0.000e+00
   58.15926 -135.04096    155.437    101.656    100.688     5.5384    32.3986  1026.0235    25.5533     5.5305     44.804   102.0310    -0.0591      7.736     3.1838     4.5499    138.644    142.187       9559          2  0.000e+00
   58.15926 -135.04096    155.397    101.615    100.648     5.5385    32.3987  1026.0233    25.5533     5.5307     44.810   102.0310    -0.0591      7.736     3.1841     4.5504    138.660    142.203       9560          2  0.000e+00
   58.15926 -135.04096    155.493    101.712    100.744     5.5384    32.3984  1026.0236    25.5531     5.5305     44.809   102.0310    -0.0591      7.736     3.1841     4.5504    138.659    142.202       9561          2  0.000e+00
   58.15926 -135.04096    155.461    101.680    100.712     5.5386    32.3983  1026.0233    25.5530     5.5307     44.865   102.0030    -0.0591      7.736     3.1881     4.5561    138.833    142.380       9562          2  0.000e+00
   58.15906 -135.04106    149.622     51.473     50.989     6.8174    31.3243  1024.7857    24.5487     6.8130     60.813   100.4368    -0.0298      7.886     4.2238     6.0363    184.116    188.636      12070          3  0.000e+00
   58.15906 -135.04106    149.493     51.344     50.861     6.8176    31.3240  1024.7849    24.5485     6.8132     60.810   100.4368    -0.0298      7.886     4.2236     6.0359    184.105    188.625      12071          3  0.000e+00
   58.15906 -135.04108    131.870     51.352     50.869     6.8171    31.3243  1024.7852    24.5488     6.8128     60.808   100.4368    -0.0298      7.881     4.2235     6.0357    184.100    188.620      12072          3  0.000e+00
   58.15906 -135.04108    106.676     51.408     50.925     6.8174    31.3240  1024.7852    24.5485     6.8130     60.806   100.4368    -0.0298      7.886     4.2233     6.0356    184.095    188.614      12073          3  0.000e+00
   58.15906 -135.04108     99.880     51.352     50.869     6.8173    31.3238  1024.7848    24.5483     6.8129     60.804   100.4368    -0.0298      7.886     4.2232     6.0354    184.090    188.609      12074          3  0.000e+00
   58.15906 -135.04108    100.644     51.408     50.925     6.8178    31.3236  1024.7848    24.5481     6.8134     60.803   100.4368    -0.0298      7.886     4.2231     6.0353    184.086    188.605      12075          3  0.000e+00
   58.15906 -135.04108    101.574     51.287     50.805     6.8174    31.3241  1024.7847    24.5486     6.8130     60.802   100.4368    -0.0298      7.886     4.2230     6.0351    184.081    188.600      12076          3  0.000e+00
   58.15906 -135.04108    101.938     51.408     50.925     6.8174    31.3240  1024.7852    24.5485     6.8130     60.746   100.4368    -0.0298      7.886     4.2192     6.0296    183.913    188.427      12077          3  0.000e+00
   58.15906 -135.04108    101.834     51.352     50.869     6.8176    31.3239  1024.7848    24.5484     6.8132     60.794   100.4368    -0.0298      7.886     4.2225     6.0343    184.057    188.576      12078          3  0.000e+00
   58.15906 -135.04108    101.801     51.344     50.861     6.8178    31.3240  1024.7848    24.5484     6.8134     60.794   100.4368    -0.0298      7.886     4.2225     6.0343    184.057    188.575      12079          3  0.000e+00
   58.15906 -135.04108    101.809     51.352     50.869     6.8176    31.3236  1024.7846    24.5482     6.8132     60.795   100.4368    -0.0298      7.886     4.2225     6.0344    184.061    188.579      12080          3  0.000e+00
   58.15906 -135.04108    101.801     51.344     50.861     6.8174    31.3241  1024.7850    24.5486     6.8130     60.796   100.4368    -0.0298      7.886     4.2226     6.0345    184.063    188.582      12081          3  0.000e+00
   58.15906 -135.04108    101.865     51.408     50.925     6.8176    31.3242  1024.7853    24.5486     6.8132     60.798   100.4368    -0.0298      7.886     4.2227     6.0347    184.068    188.586      12082          3  0.000e+00
   58.15906 -135.04108    101.745     51.287     50.805     6.8174    31.3238  1024.7844    24.5483     6.8130     60.798   100.4368    -0.0298      7.886     4.2228     6.0348    184.071    188.590      12083          3  0.000e+00
   58.15906 -135.04108    101.809     51.352     50.869     6.8173    31.3243  1024.7851    24.5487     6.8129     60.801   100.4368    -0.0298      7.886     4.2230     6.0350    184.078    188.597      12084          3  0.000e+00
   58.15906 -135.04108    101.865     51.408     50.925     6.8169    31.3248  1024.7858    24.5492     6.8125     60.803   100.4368    -0.0298      7.886     4.2232     6.0353    184.087    188.606      12085          3  0.000e+00
   58.15906 -135.04108    101.809     51.352     50.869     6.8169    31.3244  1024.7853    24.5489     6.8125     60.805   100.4368    -0.0298      7.881     4.2233     6.0355    184.094    188.613      12086          3  0.000e+00
   58.15906 -135.04108    104.163     51.287     50.805     6.8165    31.3249  1024.7854    24.5493     6.8121     60.808   100.4368    -0.0298      7.881     4.2235     6.0358    184.102    188.622      12087          3  0.000e+00
   58.15906 -135.04108    124.918     51.408     50.925     6.8165    31.3249  1024.7860    24.5493     6.8121     60.812   100.4088    -0.0298      7.886     4.2238     6.0362    184.114    188.634      12088          3  0.000e+00
   58.15906 -135.04108    135.061     51.344     50.861     6.8165    31.3245  1024.7854    24.5490     6.8121     60.815   100.4088    -0.0298      7.881     4.2240     6.0365    184.124    188.644      12089          3  0.000e+00
   58.15906 -135.04108    136.022     51.352     50.869     6.8161    31.3248  1024.7857    24.5493     6.8117     60.819   100.4088    -0.0298      7.886     4.2243     6.0370    184.137    188.657      12090          3  0.000e+00
   58.15906 -135.04108    135.134     51.344     50.861     6.8161    31.3251  1024.7859    24.5495     6.8118     60.823   100.4088    -0.0005      7.881     4.2246     6.0373    184.148    188.669      12091          3  0.000e+00
   58.15906 -135.04108    134.808     51.408     50.925     6.8161    31.3252  1024.7863    24.5496     6.8118     60.827   100.4088    -0.0005      7.886     4.2249     6.0378    184.163    188.684      12092          3  0.000e+00
   58.15906 -135.04108    134.663     51.287     50.805     6.8163    31.3249  1024.7855    24.5494     6.8119     60.831   100.4088    -0.0005      7.886     4.2251     6.0382    184.174    188.695      12093          3  0.000e+00
   58.15906 -135.04108    134.808     51.408     50.925     6.8165    31.3248  1024.7859    24.5493     6.8121     60.837   100.4088    -0.0005      7.886     4.2255     6.0387    184.191    188.713      12094          3  0.000e+00
   58.15906 -135.04108    134.832     51.408     50.925     6.8163    31.3249  1024.7860    24.5493     6.8119     60.842   100.4088    -0.0005      7.886     4.2259     6.0393    184.208    188.730      12095          3  0.000e+00
   58.15906 -135.04108    134.832     51.408     50.925     6.8161    31.3247  1024.7859    24.5492     6.8118     60.848   100.4088    -0.0005      7.886     4.2263     6.0399    184.226    188.748      12096          3  0.000e+00
   58.15906 -135.04108    134.776     51.352     50.869     6.8165    31.3246  1024.7855    24.5491     6.8121     60.853   100.4088    -0.0005      7.886     4.2267     6.0404    184.241    188.764      12097          3  0.000e+00
   58.15906 -135.04108    134.768     51.344     50.861     6.8166    31.3249  1024.7857    24.5493     6.8123     60.804   100.4088    -0.0005      7.886     4.2232     6.0354    184.089    188.608      12098          3  0.000e+00
   58.15906 -135.04108    134.832     51.408     50.925     6.8168    31.3245  1024.7856    24.5490     6.8124     60.859   100.4088    -0.0005      7.886     4.2271     6.0409    184.258    188.781      12099          3  0.000e+00
   58.15906 -135.04108    134.832     51.408     50.925     6.8168    31.3246  1024.7857    24.5490     6.8124     60.867   100.4088    -0.0005      7.886     4.2276     6.0416    184.280    188.804      12100          3  0.000e+00
   58.15906 -135.04108    134.752     51.352     50.869     6.8169    31.3243  1024.7852    24.5488     6.8125     60.866   100.4088    -0.0005      7.886     4.2275     6.0415    184.277    188.801      12101          3  0.000e+00
   58.15906 -135.04108    137.250     51.408     50.925     6.8166    31.3245  1024.7857    24.5490     6.8123     60.866   100.4088    -0.0005      7.881     4.2276     6.0416    184.279    188.802      12102          3  0.000e+00
   58.15906 -135.04108    146.310     51.408     50.925     6.8163    31.3246  1024.7858    24.5491     6.8119     60.874   100.4088    -0.0005      7.886     4.2281     6.0424    184.303    188.827      12103          3  0.000e+00
   58.15906 -135.04108    149.924     51.408     50.925     6.8156    31.3251  1024.7863    24.5496     6.8113     60.881   100.4088    -0.0005      7.881     4.2287     6.0432    184.329    188.854      12104          3  0.000e+00
   58.15906 -135.04108    149.990     51.352     50.869     6.8155    31.3255  1024.7863    24.5499     6.8111     60.889   100.4088    -0.0005      7.886     4.2292     6.0440    184.352    188.878      12105          3  0.000e+00
   58.15906 -135.04108    149.736     51.465     50.981     6.8146    31.3261  1024.7875    24.5505     6.8102     60.891   100.4088    -0.0005      7.881     4.2294     6.0443    184.360    188.886      12106          3  0.000e+00
   58.15906 -135.04108    149.533     51.408     50.925     6.8146    31.3259  1024.7870    24.5503     6.8102     60.891   100.4088    -0.0005      7.886     4.2294     6.0443    184.361    188.887      12107          3  0.000e+00
   58.15906 -135.04108    149.469     51.344     50.861     6.8146    31.3263  1024.7870    24.5506     6.8102     60.891   100.3529    -0.0005      7.886     4.2294     6.0443    184.361    188.887      12108          3  0.000e+00
