EcoFOCI/data/1_SampleCollection/2022_GOA-OA_CruiseData/CTD_raw_BottleFile_RC0083/RC0083_126.cnv
* Sea-Bird SBE 9 Data File:
* FileName = C:\Data\RC0083ctd\RC0083_126.hex
* Software Version Seasave V 7.26.7.107
* Temperature SN = 2060
* Conductivity SN = 2881
* Number of Bytes Per Scan = 31
* Number of Voltage Words = 4
* Number of Scans Averaged by the Deck Unit = 1
* NMEA Latitude = 56 59.78 N
* NMEA Longitude = 134 31.21 W
* NMEA UTC (Time) = Aug 24 2022  03:35:11
* NMEA baud rate = 4800
** Ship: R/V Rachel Carson
** Cruise ID: RC0083
** Tech: McHugh/Nomura
** Chief Scientist: Cross
** Station: FSW5
** Cast:  CTD126
# nquan = 19
# nvalues = 4613                                  
# units = specified
# name 0 = latitude: Latitude [deg]
# name 1 = longitude: Longitude [deg]
# name 2 = sfdSM: Seafloor depth [salt water, m]
# name 3 = prDM: Pressure, Digiquartz [db]
# name 4 = depSM: Depth [salt water, m]
# name 5 = t090C: Temperature [ITS-90, deg C]
# name 6 = sal00: Salinity, Practical [PSU]
# name 7 = density00: Density [density, kg/m^3]
# name 8 = sigma-é00: Density [sigma-theta, kg/m^3]
# name 9 = potemp090C: Potential Temperature [ITS-90, deg C]
# name 10 = sbeox0PS: Oxygen, SBE 43 [% saturation]
# name 11 = CStarTr0: Beam Transmission, WET Labs C-Star [%]
# name 12 = flECO-AFL: Fluorescence, WET Labs ECO-AFL/FL [mg/m^3]
# name 13 = ph: pH
# name 14 = sbeox0ML/L: Oxygen, SBE 43 [ml/l]
# name 15 = sbeox0Mg/L: Oxygen, SBE 43 [mg/l]
# name 16 = sbox0Mm/Kg: Oxygen, SBE 43 [umol/kg]
# name 17 = sbeox0Mm/L: Oxygen, SBE 43 [umol/l]
# name 18 = flag:  0.000e+00
# span 0 =   56.99638,   56.99690                 
# span 1 = -134.52022, -134.51960                 
# span 2 =      8.555,     58.120                 
# span 3 =      2.390,     46.040                 
# span 4 =      2.368,     45.612                 
# span 5 =     7.8510,    11.8635                 
# span 6 =    25.4002,    30.8866                 
# span 7 =  1019.3713,  1024.2775                 
# span 8 =    19.3437,    24.0665                 
# span 9 =     7.8468,    11.8631                 
# span 10 =     58.583,    101.492                
# span 11 =    92.4097,   103.2616                
# span 12 =     0.2339,     3.6918                
# span 13 =      7.945,      8.333                
# span 14 =     3.9846,     6.5372                
# span 15 =     5.6945,     9.3424                
# span 16 =    173.775,    286.063                
# span 17 =    177.954,    291.953                
# span 18 = 0.0000e+00, 0.0000e+00                
# interval = seconds: 0.0416667
# start_time = Aug 24 2022 03:35:11 [NMEA time, header]
# bad_flag = -9.990e-29
*END*
[from data line 3353]
   56.99678 -134.51982     55.722     28.489     28.225     8.2897    30.0977  1023.5166    23.3861     8.2870     64.213   102.1709     0.5269      8.015     4.3468     6.2121    189.694    194.130  0.000e+00
   56.99678 -134.51982     55.715     28.432     28.169     8.2941    30.0862  1023.5067    23.3765     8.2915     64.275   102.1709     0.5269      8.015     4.3509     6.2179    189.874    194.312  0.000e+00
   56.99678 -134.51982     55.651     28.368     28.105     8.3012    30.0707  1023.4933    23.3634     8.2985     64.285   102.1709     0.5269      8.015     4.3513     6.2185    189.894    194.331  0.000e+00
   56.99678 -134.51982     55.619     28.335     28.073     8.3096    30.0560  1023.4804    23.3506     8.3069     64.343   102.1709     0.5269      8.015     4.3549     6.2236    190.051    194.489  0.000e+00
   56.99678 -134.51982     55.675     28.368     28.105     8.3162    30.0464  1023.4721    23.3422     8.3135     64.351   102.1429     0.5269      8.015     4.3550     6.2238    190.060    194.496  0.000e+00
   56.99680 -134.51982     55.717     28.311     28.049     8.3199    30.0412  1023.4673    23.3376     8.3172     64.351   102.1429     0.5269      8.015     4.3548     6.2235    190.051    194.487  0.000e+00
   56.99680 -134.51982     55.685     28.254     27.993     8.3232    30.0322  1023.4594    23.3300     8.3205     64.350   102.1429     0.5269      8.015     4.3547     6.2233    190.047    194.481  0.000e+00
   56.99680 -134.51982     55.685     28.254     27.993     8.3266    30.0213  1023.4504    23.3211     8.3239     64.399   102.1429     0.5269      8.015     4.3580     6.2279    190.191    194.626  0.000e+00
   56.99680 -134.51982     55.621     28.190     27.929     8.3348    30.0046  1023.4359    23.3068     8.3322     64.506   102.1429     0.5269      8.015     4.3649     6.2379    190.496    194.936  0.000e+00
   56.99680 -134.51982     55.670     28.190     27.929     8.3451    29.9859  1023.4198    23.2907     8.3424     64.568   102.1429     0.5269      8.015     4.3686     6.2432    190.661    195.102  0.000e+00
   56.99680 -134.51982     55.687     28.133     27.873     8.3477    29.9827  1023.4167    23.2879     8.3450     64.574   102.1429     0.5269      8.015     4.3688     6.2435    190.671    195.111  0.000e+00
   56.99680 -134.51982     55.656     28.077     27.817     8.3445    29.9906  1023.4230    23.2944     8.3418     64.629   102.1429     0.4976      8.015     4.3726     6.2489    190.836    195.281  0.000e+00
   56.99680 -134.51982     55.656     28.077     27.817     8.3405    30.0002  1023.4311    23.3026     8.3378     64.632   102.1429     0.5269      8.015     4.3730     6.2494    190.850    195.298  0.000e+00
   56.99680 -134.51982     55.656     28.077     27.817     8.3371    30.0070  1023.4369    23.3084     8.3344     64.690   102.1429     0.5269      8.015     4.3771     6.2553    191.027    195.480  0.000e+00
   56.99680 -134.51982     55.665     28.012     27.753     8.3379    30.0041  1023.4342    23.3060     8.3352     64.690   102.1429     0.5269      8.015     4.3770     6.2552    191.025    195.477  0.000e+00
   56.99680 -134.51982     55.714     28.012     27.753     8.3417    29.9956  1023.4270    23.2988     8.3390     64.693   102.1429     0.4976      8.020     4.3771     6.2553    191.032    195.482  0.000e+00
   56.99680 -134.51982     55.618     27.891     27.633     8.3460    29.9857  1023.4181    23.2904     8.3433     64.689   102.1429     0.5269      8.020     4.3767     6.2547    191.013    195.462  0.000e+00
   56.99680 -134.51982     55.682     27.955     27.697     8.3505    29.9761  1023.4102    23.2822     8.3479     64.734   102.1429     0.5269      8.015     4.3796     6.2589    191.142    195.592  0.000e+00
   56.99680 -134.51982     55.562     27.834     27.577     8.3549    29.9688  1023.4034    23.2759     8.3523     64.777   102.1429     0.4976      8.020     4.3823     6.2627    191.260    195.711  0.000e+00
   56.99680 -134.51982     55.691     27.891     27.633     8.3562    29.9660  1023.4012    23.2735     8.3536     64.820   102.1429     0.4976      8.015     4.3851     6.2668    191.385    195.839  0.000e+00
   56.99680 -134.51982     55.653     27.778     27.521     8.3588    29.9610  1023.3964    23.2692     8.3562     64.866   102.1429     0.5269      8.019     4.3881     6.2710    191.516    195.972  0.000e+00
   56.99680 -134.51982     55.653     27.778     27.521     8.3606    29.9580  1023.3938    23.2666     8.3580     64.861   102.1429     0.4976      8.019     4.3877     6.2704    191.497    195.953  0.000e+00
   56.99680 -134.51982     55.589     27.713     27.457     8.3614    29.9566  1023.3923    23.2654     8.3587     64.910   102.1429     0.5269      8.019     4.3909     6.2751    191.641    196.100  0.000e+00
   56.99680 -134.51982     55.589     27.713     27.457     8.3614    29.9571  1023.3927    23.2658     8.3588     64.902   102.1429     0.5269      8.019     4.3904     6.2743    191.617    196.075  0.000e+00
   56.99680 -134.51982     55.655     27.657     27.401     8.3604    29.9597  1023.3946    23.2680     8.3578     64.892   102.1429     0.4976      8.019     4.3898     6.2734    191.589    196.047  0.000e+00
   56.99680 -134.51982     55.648     27.600     27.345     8.3601    29.9610  1023.3954    23.2690     8.3575     64.931   102.1429     0.4976      8.019     4.3924     6.2772    191.703    196.164  0.000e+00
   56.99680 -134.51982     55.583     27.535     27.281     8.3619    29.9568  1023.3916    23.2655     8.3592     64.918   102.1429     0.5269      8.019     4.3914     6.2758    191.663    196.122  0.000e+00
   56.99680 -134.51982     55.583     27.535     27.281     8.3633    29.9527  1023.3882    23.2621     8.3606     64.954   102.1429     0.4976      8.019     4.3939     6.2793    191.769    196.230  0.000e+00
   56.99680 -134.51982     55.608     27.535     27.281     8.3635    29.9526  1023.3880    23.2620     8.3609     64.995   102.1429     0.5269      8.019     4.3966     6.2832    191.888    196.352  0.000e+00
   56.99680 -134.51982     55.650     27.479     27.225     8.3631    29.9542  1023.3891    23.2633     8.3605     64.984   102.1429     0.4683      8.019     4.3958     6.2821    191.854    196.318  0.000e+00
   56.99680 -134.51982     55.634     27.414     27.161     8.3619    29.9572  1023.3913    23.2658     8.3593     65.083   102.1429     0.5269      8.019     4.4026     6.2918    192.150    196.620  0.000e+00
   56.99680 -134.51982     55.538     27.317     27.065     8.3614    29.9580  1023.3916    23.2665     8.3588     65.081   102.1429     0.5269      8.019     4.4025     6.2916    192.144    196.614  0.000e+00
   56.99680 -134.51982     55.554     27.358     27.105     8.3613    29.9575  1023.3914    23.2661     8.3587     65.072   102.1429     0.5269      8.019     4.4019     6.2907    192.119    196.589  0.000e+00
   56.99680 -134.51982     55.571     27.301     27.049     8.3611    29.9577  1023.3913    23.2663     8.3585     65.117   102.1429     0.5269      8.019     4.4050     6.2951    192.253    196.726  0.000e+00
   56.99680 -134.51982     55.605     27.236     26.985     8.3603    29.9595  1023.3925    23.2678     8.3577     65.105   102.1429     0.5269      8.019     4.4042     6.2940    192.218    196.690  0.000e+00
   56.99680 -134.51982     55.629     27.236     26.985     8.3601    29.9603  1023.3932    23.2685     8.3575     65.148   102.1429     0.5269      8.019     4.4071     6.2981    192.344    196.820  0.000e+00
   56.99680 -134.51982     55.509     27.115     26.864     8.3601    29.9603  1023.3927    23.2685     8.3575     65.195   102.1429     0.5269      8.019     4.4102     6.3026    192.482    196.961  0.000e+00
   56.99680 -134.51982     55.509     27.115     26.864     8.3601    29.9605  1023.3928    23.2687     8.3575     65.185   102.1429     0.5269      8.019     4.4096     6.3017    192.453    196.931  0.000e+00
   56.99680 -134.51982     55.485     27.115     26.864     8.3598    29.9610  1023.3932    23.2691     8.3573     65.230   102.1429     0.5269      8.019     4.4126     6.3061    192.586    197.067  0.000e+00
   56.99680 -134.51982     55.397     27.002     26.752     8.3589    29.9623  1023.3939    23.2702     8.3564     65.272   102.1429     0.5269      8.019     4.4155     6.3103    192.714    197.198  0.000e+00
   56.99680 -134.51982     55.397     27.002     26.752     8.3578    29.9640  1023.3954    23.2717     8.3553     65.265   102.1429     0.5269      8.020     4.4151     6.3096    192.693    197.177  0.000e+00
   56.99680 -134.51982     55.397     27.002     26.752     8.3578    29.9646  1023.3958    23.2722     8.3553     65.311   102.1429     0.5269      8.020     4.4182     6.3141    192.830    197.317  0.000e+00
   56.99680 -134.51982     55.277     26.881     26.632     8.3583    29.9634  1023.3943    23.2712     8.3558     65.305   102.1429     0.5269      8.019     4.4178     6.3135    192.812    197.299  0.000e+00
   56.99680 -134.51982     55.277     26.881     26.632     8.3584    29.9628  1023.3937    23.2707     8.3559     65.356   102.1429     0.5269      8.019     4.4212     6.3184    192.961    197.451  0.000e+00
   56.99680 -134.51982     55.221     26.824     26.576     8.3587    29.9627  1023.3934    23.2706     8.3561     65.410   102.0869     0.5269      8.019     4.4249     6.3236    193.122    197.616  0.000e+00
   56.99680 -134.51982     55.077     26.703     26.456     8.3584    29.9632  1023.3933    23.2710     8.3559     65.407   102.0869     0.5269      8.019     4.4247     6.3233    193.113    197.607  0.000e+00
   56.99680 -134.51982     55.197     26.824     26.576     8.3578    29.9648  1023.3951    23.2723     8.3553     65.406   102.0590     0.5269      8.020     4.4246     6.3232    193.108    197.602  0.000e+00
   56.99680 -134.51982     55.101     26.703     26.456     8.3562    29.9687  1023.3979    23.2757     8.3537     65.395   102.0869     0.5269      8.020     4.4239     6.3222    193.079    197.573  0.000e+00
   56.99680 -134.51982     55.272     26.703     26.456     8.3536    29.9749  1023.4031    23.2809     8.3510     65.441   102.0590     0.5269      8.020     4.4271     6.3268    193.217    197.715  0.000e+00
   56.99680 -134.51982     55.225     26.582     26.336     8.3515    29.9793  1023.4063    23.2846     8.3490     65.491   102.0590     0.5269      8.020     4.4306     6.3317    193.367    197.870  0.000e+00
   56.99680 -134.51982     55.249     26.582     26.336     8.3513    29.9793  1023.4063    23.2846     8.3488     65.491   102.0590     0.5269      8.020     4.4306     6.3317    193.367    197.870  0.000e+00
   56.99680 -134.51982     55.193     26.525     26.280     8.3509    29.9801  1023.4067    23.2853     8.3483     65.539   102.0590     0.5562      8.020     4.4339     6.3365    193.512    198.018  0.000e+00
   56.99680 -134.51982     55.218     26.525     26.280     8.3506    29.9802  1023.4069    23.2855     8.3481     65.594   102.0869     0.5562      8.020     4.4376     6.3418    193.673    198.183  0.000e+00
   56.99680 -134.51982     55.300     26.461     26.216     8.3502    29.9816  1023.4078    23.2866     8.3477     65.590   102.0590     0.5562      8.020     4.4374     6.3415    193.664    198.173  0.000e+00
   56.99680 -134.51982     55.349     26.461     26.216     8.3492    29.9840  1023.4098    23.2886     8.3467     65.637   102.0590     0.5562      8.020     4.4406     6.3460    193.802    198.316  0.000e+00
   56.99680 -134.51982     55.237     26.348     26.104     8.3481    29.9858  1023.4108    23.2902     8.3456     65.681   102.0590     0.5562      8.020     4.4436     6.3504    193.935    198.452  0.000e+00
   56.99680 -134.51982     55.293     26.404     26.160     8.3471    29.9882  1023.4131    23.2922     8.3446     65.732   102.0590     0.5562      8.020     4.4471     6.3553    194.086    198.606  0.000e+00
   56.99680 -134.51982     55.246     26.283     26.040     8.3441    29.9954  1023.4186    23.2983     8.3416     65.736   102.0590     0.5562      8.020     4.4475     6.3559    194.101    198.623  0.000e+00
   56.99680 -134.51982     55.393     26.283     26.040     8.3356    30.0131  1023.4337    23.3133     8.3331     65.798   102.0590     0.5562      8.020     4.4520     6.3623    194.295    198.825  0.000e+00
   56.99680 -134.51982     55.386     26.227     25.984     8.3235    30.0401  1023.4563    23.3362     8.3210     65.859   102.0590     0.5562      8.020     4.4565     6.3688    194.489    199.028  0.000e+00
   56.99680 -134.51982     55.322     26.162     25.920     8.3151    30.0593  1023.4722    23.3524     8.3126     65.868   102.0590     0.5562      8.020     4.4574     6.3701    194.526    199.068  0.000e+00
   56.99680 -134.51982     55.297     26.162     25.920     8.3128    30.0652  1023.4772    23.3574     8.3103     65.869   102.0869     0.5562      8.020     4.4576     6.3703    194.532    199.075  0.000e+00
   56.99680 -134.51982     55.395     26.162     25.920     8.3122    30.0660  1023.4779    23.3581     8.3097     65.869   102.0590     0.5562      8.020     4.4576     6.3704    194.534    199.078  0.000e+00
   56.99680 -134.51982     55.405     26.049     25.808     8.3103    30.0669  1023.4783    23.3590     8.3078     65.918   102.0590     0.5562      8.020     4.4611     6.3754    194.686    199.233  0.000e+00
   56.99680 -134.51982     55.429     26.049     25.808     8.3093    30.0651  1023.4770    23.3578     8.3068     65.967   102.0590     0.5562      8.020     4.4646     6.3803    194.837    199.388  0.000e+00
   56.99680 -134.51982     55.429     26.049     25.808     8.3118    30.0604  1023.4731    23.3538     8.3093     66.014   102.0590     0.5562      8.020     4.4676     6.3847    194.971    199.524  0.000e+00
   56.99680 -134.51982     55.365     25.984     25.744     8.3126    30.0590  1023.4716    23.3526     8.3102     66.009   102.0590     0.5562      8.020     4.4673     6.3842    194.955    199.508  0.000e+00
   56.99680 -134.51982     55.407     25.928     25.688     8.3122    30.0609  1023.4728    23.3541     8.3097     66.060   102.0590     0.5562      8.020     4.4707     6.3891    195.104    199.661  0.000e+00
   56.99680 -134.51982     55.505     25.928     25.688     8.3119    30.0617  1023.4735    23.3548     8.3095     66.060   102.0590     0.5562      8.020     4.4707     6.3891    195.104    199.661  0.000e+00
   56.99680 -134.51982     55.441     25.863     25.624     8.3118    30.0611  1023.4727    23.3543     8.3094     66.115   102.0590     0.5562      8.020     4.4744     6.3944    195.267    199.827  0.000e+00
   56.99680 -134.51982     55.441     25.863     25.624     8.3135    30.0566  1023.4689    23.3505     8.3110     66.169   102.0590     0.5269      8.020     4.4780     6.3996    195.426    199.989  0.000e+00
   56.99680 -134.51982     55.385     25.806     25.568     8.3146    30.0509  1023.4641    23.3459     8.3121     66.171   102.0590     0.5269      8.020     4.4783     6.3999    195.436    199.999  0.000e+00
   56.99680 -134.51982     55.507     25.806     25.568     8.3169    30.0428  1023.4574    23.3392     8.3144     66.167   102.0590     0.4976      8.020     4.4780     6.3995    195.425    199.987  0.000e+00
   56.99680 -134.51982     55.524     25.750     25.512     8.3204    30.0340  1023.4498    23.3319     8.3180     66.211   102.0590     0.4976      8.020     4.4809     6.4036    195.553    200.115  0.000e+00
   56.99680 -134.51982     55.524     25.750     25.512     8.3256    30.0234  1023.4407    23.3228     8.3232     66.260   102.0590     0.5269      8.020     4.4840     6.4081    195.690    200.254  0.000e+00
