EcoFOCI/data/1_SampleCollection/2022_GOA-OA_CruiseData/CTD_raw_BottleFile_RC0083/RC0083_032.ros
* Sea-Bird SBE 9 Data File:
* FileName = C:\Data\RC0083ctd\RC0083_032.hex
* Software Version Seasave V 7.26.7.107
* Temperature SN = 2060
* Conductivity SN = 1084
* Number of Bytes Per Scan = 31
* Number of Voltage Words = 4
* Number of Scans Averaged by the Deck Unit = 1
* NMEA Latitude = 58 33.82 N
* NMEA Longitude = 135 07.12 W
* NMEA UTC (Time) = Aug 18 2022  03:14:58
* NMEA baud rate = 4800
** Ship: R/V Rachel Carson
** Cruise ID: RC0083
** Tech: McHugh/Nomura
** Chief Scientist: Cross
** Station: JH3
** Cast:  CTD032
# nquan = 21
# nvalues = 196                                   
# units = specified
# name 0 = latitude: Latitude [deg]
# name 1 = longitude: Longitude [deg]
# name 2 = sfdSM: Seafloor depth [salt water, m]
# name 3 = prDM: Pressure, Digiquartz [db]
# name 4 = depSM: Depth [salt water, m]
# name 5 = t090C: Temperature [ITS-90, deg C]
# name 6 = sal00: Salinity, Practical [PSU]
# name 7 = density00: Density [density, kg/m^3]
# name 8 = sigma-é00: Density [sigma-theta, kg/m^3]
# name 9 = potemp090C: Potential Temperature [ITS-90, deg C]
# name 10 = sbeox0PS: Oxygen, SBE 43 [% saturation]
# name 11 = CStarTr0: Beam Transmission, WET Labs C-Star [%]
# name 12 = flECO-AFL: Fluorescence, WET Labs ECO-AFL/FL [mg/m^3]
# name 13 = ph: pH
# name 14 = sbeox0ML/L: Oxygen, SBE 43 [ml/l]
# name 15 = sbeox0Mg/L: Oxygen, SBE 43 [mg/l]
# name 16 = sbox0Mm/Kg: Oxygen, SBE 43 [umol/kg]
# name 17 = sbeox0Mm/L: Oxygen, SBE 43 [umol/l]
# name 18 = scan: Scan Count
# name 19 = nbf: Bottles Fired
# name 20 = flag:  0.000e+00
# interval = seconds: 0.0416667
# start_time = Aug 18 2022 03:14:58 [NMEA time, header]
# bad_flag = -9.990e-29
*END*
[from data line 69]
   58.56432 -135.11898    137.201     51.188     50.705     6.5811    31.2899  1024.7876    24.5516     6.5768     64.208   100.6046    -0.0005      7.887     4.4851     6.4097    195.506    200.306       8636          2  0.000e+00
   58.56432 -135.11898    137.095     51.180     50.697     6.5812    31.2897  1024.7874    24.5515     6.5769     64.202   100.6046    -0.0005      7.887     4.4847     6.4091    195.488    200.288       8637          2  0.000e+00
   58.56432 -135.11898    137.135     51.245     50.761     6.5814    31.2894  1024.7874    24.5512     6.5771     64.197   100.6046    -0.0005      7.887     4.4844     6.4086    195.472    200.271       8638          2  0.000e+00
   58.56432 -135.11898    137.046     51.180     50.697     6.5814    31.2893  1024.7871    24.5511     6.5772     64.135   100.6046    -0.0005      7.882     4.4800     6.4024    195.283    200.077       8639          2  0.000e+00
   58.56432 -135.11898    137.079     51.188     50.705     6.5809    31.2901  1024.7878    24.5518     6.5767     64.178   100.6046    -0.0005      7.887     4.4831     6.4067    195.416    200.213       8640          2  0.000e+00
   58.56432 -135.11898    137.071     51.180     50.697     6.5808    31.2900  1024.7877    24.5517     6.5765     64.180   100.6046    -0.0005      7.887     4.4833     6.4070    195.424    200.222       8641          2  0.000e+00
   58.56432 -135.11898    137.079     51.188     50.705     6.5808    31.2901  1024.7878    24.5518     6.5765     64.183   100.6046    -0.0005      7.882     4.4835     6.4073    195.433    200.231       8642          2  0.000e+00
   58.56432 -135.11898    137.071     51.180     50.697     6.5811    31.2897  1024.7874    24.5514     6.5768     64.186   100.6046    -0.0005      7.882     4.4836     6.4076    195.441    200.240       8643          2  0.000e+00
   58.56432 -135.11898    137.079     51.188     50.705     6.5808    31.2899  1024.7876    24.5516     6.5765     64.190   100.6046     0.0288      7.887     4.4839     6.4080    195.453    200.252       8644          2  0.000e+00
   58.56432 -135.11898    137.071     51.180     50.697     6.5808    31.2901  1024.7877    24.5518     6.5765     64.194   100.6046     0.0288      7.887     4.4842     6.4083    195.464    200.263       8645          2  0.000e+00
   58.56432 -135.11898    137.176     51.188     50.705     6.5804    31.2905  1024.7881    24.5521     6.5762     64.142   100.6046     0.0288      7.887     4.4806     6.4032    195.307    200.103       8646          2  0.000e+00
   58.56432 -135.11898    137.266     51.180     50.697     6.5808    31.2897  1024.7875    24.5515     6.5765     64.131   100.6046     0.0288      7.887     4.4798     6.4021    195.274    200.068       8647          2  0.000e+00
   58.56432 -135.11898    137.234     51.123     50.641     6.5808    31.2898  1024.7873    24.5516     6.5765     64.120   100.6046     0.0288      7.887     4.4790     6.4010    195.241    200.034       8648          2  0.000e+00
   58.56432 -135.11900    137.290     51.180     50.697     6.5806    31.2903  1024.7879    24.5520     6.5763     64.118   100.6046     0.0288      7.887     4.4789     6.4008    195.236    200.029       8649          2  0.000e+00
   58.56432 -135.11900    137.298     51.188     50.705     6.5808    31.2899  1024.7877    24.5517     6.5765     64.117   100.6046     0.0288      7.887     4.4788     6.4007    195.231    200.024       8650          2  0.000e+00
   58.56432 -135.11900    137.290     51.180     50.697     6.5811    31.2900  1024.7877    24.5517     6.5768     64.116   100.6046     0.0288      7.882     4.4787     6.4005    195.226    200.019       8651          2  0.000e+00
   58.56432 -135.11900    137.298     51.188     50.705     6.5812    31.2900  1024.7877    24.5517     6.5769     64.115   100.6046     0.0288      7.887     4.4787     6.4005    195.224    200.018       8652          2  0.000e+00
   58.56432 -135.11900    137.290     51.180     50.697     6.5813    31.2893  1024.7871    24.5511     6.5770     64.116   100.6046     0.0288      7.887     4.4787     6.4005    195.226    200.019       8653          2  0.000e+00
   58.56432 -135.11900    137.234     51.123     50.641     6.5814    31.2892  1024.7867    24.5510     6.5772     64.116   100.6046     0.0288      7.882     4.4787     6.4005    195.227    200.020       8654          2  0.000e+00
   58.56432 -135.11900    137.290     51.180     50.697     6.5812    31.2897  1024.7874    24.5514     6.5769     64.110   100.6046     0.0288      7.882     4.4783     6.4000    195.209    200.002       8655          2  0.000e+00
   58.56432 -135.11900    137.298     51.188     50.705     6.5813    31.2895  1024.7872    24.5513     6.5770     64.104   100.6046     0.0288      7.887     4.4779     6.3994    195.191    199.983       8656          2  0.000e+00
   58.56432 -135.11900    137.234     51.123     50.641     6.5811    31.2896  1024.7871    24.5514     6.5768     64.098   100.6046     0.0288      7.882     4.4775     6.3988    195.173    199.965       8657          2  0.000e+00
   58.56432 -135.11900    137.298     51.188     50.705     6.5809    31.2899  1024.7876    24.5517     6.5767     64.101   100.6046     0.0288      7.887     4.4777     6.3991    195.183    199.975       8658          2  0.000e+00
   58.56432 -135.11900    137.290     51.180     50.697     6.5811    31.2899  1024.7875    24.5516     6.5768     64.104   100.6046     0.0288      7.887     4.4779     6.3994    195.192    199.984       8659          2  0.000e+00
   58.56432 -135.11900    137.186     51.123     50.641     6.5811    31.2895  1024.7870    24.5513     6.5768     64.108   100.6046     0.0288      7.887     4.4782     6.3997    195.202    199.995       8660          2  0.000e+00
   58.56432 -135.11900    137.095     51.180     50.697     6.5814    31.2892  1024.7870    24.5510     6.5772     64.113   100.6046     0.0288      7.887     4.4785     6.4002    195.216    200.008       8661          2  0.000e+00
   58.56432 -135.11900    137.015     51.123     50.641     6.5814    31.2891  1024.7866    24.5509     6.5772     64.117   100.6046     0.0288      7.882     4.4788     6.4006    195.230    200.023       8662          2  0.000e+00
   58.56432 -135.11900    137.071     51.180     50.697     6.5817    31.2887  1024.7866    24.5506     6.5774     64.115   100.6046     0.0288      7.887     4.4786     6.4004    195.224    200.016       8663          2  0.000e+00
   58.56432 -135.11900    137.079     51.188     50.705     6.5816    31.2892  1024.7870    24.5510     6.5773     64.121   100.6046     0.0288      7.887     4.4791     6.4010    195.242    200.036       8664          2  0.000e+00
   58.56466 -135.11926    123.207     24.807     24.575     8.7198    30.0046  1023.3646    23.2512     8.7174     77.656    99.0383     0.4390      8.052     5.2093     7.4446    227.362    232.648      10508          3  0.000e+00
   58.56466 -135.11926    122.911     24.508     24.279     8.7219    30.0031  1023.3617    23.2497     8.7195     77.661    99.0383     0.4683      8.052     5.2094     7.4448    227.366    232.652      10509          3  0.000e+00
   58.56466 -135.11926    123.023     24.621     24.391     8.7220    30.0036  1023.3626    23.2501     8.7196     77.669    99.0383     0.4390      8.052     5.2100     7.4455    227.390    232.677      10510          3  0.000e+00
   58.56466 -135.11926    123.023     24.621     24.391     8.7181    30.0070  1023.3659    23.2533     8.7157     77.677    99.0383     0.4683      8.052     5.2108     7.4468    227.426    232.714      10511          3  0.000e+00
   58.56466 -135.11926    123.023     24.621     24.391     8.7098    30.0141  1023.3726    23.2601     8.7074     77.685    99.0383     0.4390      8.052     5.2121     7.4486    227.480    232.771      10512          3  0.000e+00
   58.56466 -135.11926    122.911     24.508     24.279     8.7000    30.0228  1023.3803    23.2683     8.6976     77.691    99.0383     0.4683      8.052     5.2134     7.4504    227.535    232.829      10513          3  0.000e+00
   58.56466 -135.11926    122.967     24.565     24.335     8.6945    30.0272  1023.3849    23.2726     8.6920     77.754    99.0383     0.4390      8.052     5.2181     7.4571    227.739    233.039      10514          3  0.000e+00
   58.56466 -135.11926    123.023     24.621     24.391     8.6922    30.0291  1023.3869    23.2744     8.6898     77.767    99.0383     0.4390      8.052     5.2192     7.4587    227.786    233.088      10515          3  0.000e+00
   58.56466 -135.11926    122.911     24.508     24.279     8.6899    30.0308  1023.3881    23.2760     8.6876     77.771    99.0383     0.4390      8.052     5.2196     7.4594    227.806    233.109      10516          3  0.000e+00
   58.56466 -135.11926    123.023     24.621     24.391     8.6882    30.0323  1023.3900    23.2775     8.6858     77.783    99.0383     0.4683      8.052     5.2206     7.4608    227.849    233.153      10517          3  0.000e+00
   58.56466 -135.11926    122.967     24.565     24.335     8.6868    30.0335  1023.3909    23.2786     8.6844     77.794    99.0383     0.4390      8.052     5.2214     7.4619    227.884    233.189      10518          3  0.000e+00
   58.56466 -135.11926    122.967     24.565     24.335     8.6849    30.0350  1023.3923    23.2801     8.6825     77.804    99.0383     0.4390      8.052     5.2223     7.4631    227.921    233.227      10519          3  0.000e+00
   58.56466 -135.11926    122.967     24.565     24.334     8.6845    30.0356  1023.3929    23.2806     8.6821     77.813    99.0383     0.4390      8.052     5.2229     7.4641    227.949    233.256      10520          3  0.000e+00
   58.56468 -135.11926    122.967     24.565     24.334     8.6863    30.0337  1023.3911    23.2788     8.6839     77.822    99.0383     0.4390      8.052     5.2234     7.4647    227.968    233.275      10521          3  0.000e+00
   58.56468 -135.11926    122.911     24.508     24.278     8.6876    30.0328  1023.3900    23.2780     8.6852     77.829    99.0383     0.4683      8.052     5.2237     7.4652    227.985    233.292      10522          3  0.000e+00
   58.56468 -135.11926    123.007     24.605     24.374     8.6895    30.0314  1023.3890    23.2766     8.6871     77.892    99.0383     0.4390      8.056     5.2278     7.4710    228.163    233.473      10523          3  0.000e+00
   58.56468 -135.11926    122.911     24.508     24.278     8.6913    30.0300  1023.3872    23.2752     8.6889     77.897    99.0383     0.4390      8.052     5.2280     7.4713    228.171    233.481      10524          3  0.000e+00
   58.56468 -135.11926    123.087     24.686     24.455     8.6905    30.0308  1023.3888    23.2759     8.6881     77.912    99.0383     0.4390      8.052     5.2290     7.4728    228.216    233.528      10525          3  0.000e+00
   58.56468 -135.11926    122.847     24.444     24.214     8.6906    30.0307  1023.3876    23.2759     8.6882     77.921    99.0383     0.4390      8.052     5.2296     7.4736    228.242    233.555      10526          3  0.000e+00
   58.56468 -135.11926    122.911     24.508     24.278     8.6949    30.0268  1023.3842    23.2722     8.6925     77.925    99.0383     0.4390      8.052     5.2295     7.4735    228.237    233.549      10527          3  0.000e+00
   58.56468 -135.11926    122.967     24.565     24.334     8.7041    30.0184  1023.3765    23.2643     8.7017     77.933    99.0383     0.4097      8.052     5.2293     7.4732    228.230    233.540      10528          3  0.000e+00
   58.56468 -135.11926    122.967     24.565     24.334     8.7229    30.0022  1023.3611    23.2489     8.7205     77.987    99.0383     0.4097      8.052     5.2312     7.4760    228.319    233.627      10529          3  0.000e+00
   58.56468 -135.11926    122.967     24.565     24.334     8.7507    29.9785  1023.3385    23.2263     8.7483     77.942    99.0663     0.4097      8.051     5.2258     7.4681    228.085    233.383      10530          3  0.000e+00
   58.56468 -135.11926    122.967     24.565     24.334     8.7738    29.9598  1023.3204    23.2082     8.7714     78.000    99.1222     0.4097      8.051     5.2276     7.4707    228.168    233.464      10531          3  0.000e+00
   58.56468 -135.11926    122.967     24.565     24.334     8.7829    29.9523  1023.3133    23.2010     8.7804     78.004    99.1502     0.4097      8.051     5.2270     7.4699    228.145    233.439      10532          3  0.000e+00
   58.56468 -135.11926    122.967     24.565     24.334     8.7810    29.9541  1023.3149    23.2027     8.7786     78.008    99.1502     0.4097      8.051     5.2274     7.4705    228.163    233.457      10533          3  0.000e+00
   58.56468 -135.11926    122.967     24.565     24.334     8.7694    29.9641  1023.3245    23.2123     8.7669     78.012    99.1502     0.4097      8.051     5.2287     7.4724    228.218    233.515      10534          3  0.000e+00
   58.56468 -135.11926    122.911     24.508     24.278     8.7528    29.9788  1023.3381    23.2262     8.7504     78.022    99.1502     0.4097      8.051     5.2308     7.4754    228.306    233.609      10535          3  0.000e+00
   58.56468 -135.11926    123.023     24.621     24.390     8.7418    29.9882  1023.3476    23.2351     8.7394     78.031    99.1502     0.4097      8.052     5.2324     7.4777    228.374    233.681      10536          3  0.000e+00
   58.56468 -135.11926    122.967     24.565     24.334     8.7342    29.9941  1023.3531    23.2409     8.7318     78.037    99.1502     0.4097      8.052     5.2335     7.4793    228.421    233.730      10537          3  0.000e+00
   58.56468 -135.11926    122.967     24.565     24.334     8.7237    30.0030  1023.3616    23.2494     8.7213     78.043    99.1502     0.4097      8.052     5.2349     7.4812    228.478    233.790      10538          3  0.000e+00
   58.56468 -135.11926    122.967     24.565     24.334     8.7145    30.0113  1023.3694    23.2572     8.7121     78.041    99.1502     0.4097      8.052     5.2355     7.4821    228.504    233.819      10539          3  0.000e+00
   58.56468 -135.11926    122.967     24.565     24.334     8.7077    30.0168  1023.3748    23.2625     8.7053     78.044    99.1502     0.4097      8.052     5.2363     7.4833    228.539    233.855      10540          3  0.000e+00
   58.56468 -135.11926    122.967     24.565     24.334     8.7028    30.0213  1023.3790    23.2668     8.7004     78.101    99.1502     0.4097      8.052     5.2406     7.4893    228.722    234.043      10541          3  0.000e+00
   58.56468 -135.11926    122.967     24.565     24.334     8.6996    30.0235  1023.3812    23.2689     8.6972     78.052    99.1222     0.4097      8.052     5.2376     7.4851    228.593    233.912      10542          3  0.000e+00
   58.56468 -135.11926    123.023     24.621     24.390     8.6963    30.0263  1023.3841    23.2716     8.6938     78.052    99.1502     0.4097      8.052     5.2379     7.4855    228.604    233.924      10543          3  0.000e+00
   58.56468 -135.11926    122.967     24.565     24.334     8.6940    30.0277  1023.3853    23.2730     8.6916     78.049    99.1502     0.4097      8.052     5.2379     7.4855    228.604    233.925      10544          3  0.000e+00
   58.56468 -135.11926    122.967     24.565     24.334     8.6909    30.0301  1023.3877    23.2754     8.6885     78.100    99.1502     0.4097      8.052     5.2416     7.4908    228.766    234.091      10545          3  0.000e+00
   58.56468 -135.11926    108.583     24.565     24.334     8.6859    30.0344  1023.3918    23.2795     8.6835     78.102    99.1502     0.4097      8.052     5.2422     7.4916    228.791    234.117      10546          3  0.000e+00
