EcoFOCI/data/1_SampleCollection/2022_GOA-OA_CruiseData/CTD_raw_BottleFile_RC0083/RC0083_030.ros
* Sea-Bird SBE 9 Data File:
* FileName = C:\Data\RC0083ctd\RC0083_030.hex
* Software Version Seasave V 7.26.7.107
* Temperature SN = 2060
* Conductivity SN = 1084
* Number of Bytes Per Scan = 31
* Number of Voltage Words = 4
* Number of Scans Averaged by the Deck Unit = 1
* NMEA Latitude = 58 36.95 N
* NMEA Longitude = 135 00.84 W
* NMEA UTC (Time) = Aug 18 2022  01:34:01
* NMEA baud rate = 4800
** Ship: R/V Rachel Carson
** Cruise ID: RC0083
** Tech: McHugh/Nomura
** Chief Scientist: Cross
** Station: LC2
** Cast:  CTD030
# nquan = 21
# nvalues = 392                                   
# units = specified
# name 0 = latitude: Latitude [deg]
# name 1 = longitude: Longitude [deg]
# name 2 = sfdSM: Seafloor depth [salt water, m]
# name 3 = prDM: Pressure, Digiquartz [db]
# name 4 = depSM: Depth [salt water, m]
# name 5 = t090C: Temperature [ITS-90, deg C]
# name 6 = sal00: Salinity, Practical [PSU]
# name 7 = density00: Density [density, kg/m^3]
# name 8 = sigma-é00: Density [sigma-theta, kg/m^3]
# name 9 = potemp090C: Potential Temperature [ITS-90, deg C]
# name 10 = sbeox0PS: Oxygen, SBE 43 [% saturation]
# name 11 = CStarTr0: Beam Transmission, WET Labs C-Star [%]
# name 12 = flECO-AFL: Fluorescence, WET Labs ECO-AFL/FL [mg/m^3]
# name 13 = ph: pH
# name 14 = sbeox0ML/L: Oxygen, SBE 43 [ml/l]
# name 15 = sbeox0Mg/L: Oxygen, SBE 43 [mg/l]
# name 16 = sbox0Mm/Kg: Oxygen, SBE 43 [umol/kg]
# name 17 = sbeox0Mm/L: Oxygen, SBE 43 [umol/l]
# name 18 = scan: Scan Count
# name 19 = nbf: Bottles Fired
# name 20 = flag:  0.000e+00
# interval = seconds: 0.0416667
# start_time = Aug 18 2022 01:34:01 [NMEA time, header]
# bad_flag = -9.990e-29
*END*
   58.61712 -135.01398    310.653    304.234    301.178     5.2514    33.7223  1028.0392    26.6362     5.2274     20.968    83.8791    -0.0591      7.606     1.4870     2.1250     64.685     66.408      11316          1  0.000e+00
   58.61712 -135.01396    310.653    304.234    301.178     5.2513    33.7221  1028.0391    26.6361     5.2273     20.965    83.8512    -0.0591      7.606     1.4867     2.1247     64.675     66.398      11317          1  0.000e+00
   58.61712 -135.01396    310.588    304.169    301.113     5.2510    33.7227  1028.0393    26.6366     5.2270     20.962    83.8791    -0.0591      7.606     1.4865     2.1244     64.665     66.387      11318          1  0.000e+00
   58.61712 -135.01396    310.709    304.291    301.234     5.2510    33.7228  1028.0399    26.6366     5.2270     20.959    83.8512    -0.0591      7.606     1.4863     2.1241     64.656     66.378      11319          1  0.000e+00
   58.61712 -135.01396    310.557    304.112    301.057     5.2514    33.7225  1028.0388    26.6364     5.2274     20.955    83.8791    -0.0591      7.606     1.4860     2.1237     64.643     66.365      11320          1  0.000e+00
   58.61712 -135.01396    310.653    304.234    301.178     5.2513    33.7226  1028.0395    26.6365     5.2273     20.952    83.8512    -0.0591      7.606     1.4858     2.1234     64.635     66.356      11321          1  0.000e+00
   58.61712 -135.01396    310.653    304.234    301.178     5.2510    33.7229  1028.0397    26.6367     5.2270     20.949    83.8512    -0.0591      7.606     1.4856     2.1230     64.625     66.346      11322          1  0.000e+00
   58.61712 -135.01396    310.653    304.234    301.178     5.2513    33.7229  1028.0397    26.6367     5.2273     20.945    83.9071    -0.0591      7.606     1.4853     2.1227     64.614     66.335      11323          1  0.000e+00
   58.61712 -135.01396    310.613    304.169    301.113     5.2510    33.7230  1028.0395    26.6368     5.2270     20.942    84.0749    -0.0591      7.606     1.4851     2.1224     64.604     66.325      11324          1  0.000e+00
   58.61712 -135.01396    310.653    304.234    301.178     5.2513    33.7223  1028.0393    26.6363     5.2273     20.939    84.1309    -0.0591      7.606     1.4849     2.1220     64.594     66.315      11325          1  0.000e+00
   58.61712 -135.01396    310.588    304.169    301.113     5.2514    33.7226  1028.0392    26.6365     5.2274     20.935    84.1309    -0.0591      7.606     1.4846     2.1217     64.583     66.303      11326          1  0.000e+00
   58.61712 -135.01396    310.588    304.169    301.113     5.2514    33.7226  1028.0391    26.6364     5.2274     20.932    84.1309    -0.0591      7.606     1.4844     2.1213     64.573     66.293      11327          1  0.000e+00
   58.61712 -135.01396    310.653    304.234    301.178     5.2514    33.7223  1028.0392    26.6362     5.2274     20.929    84.1309    -0.0591      7.606     1.4842     2.1210     64.563     66.283      11328          1  0.000e+00
   58.61712 -135.01396    310.653    304.234    301.178     5.2513    33.7226  1028.0394    26.6364     5.2273     20.926    84.1309    -0.0591      7.606     1.4839     2.1207     64.553     66.273      11329          1  0.000e+00
   58.61712 -135.01396    310.532    304.112    301.057     5.2510    33.7229  1028.0392    26.6367     5.2271     20.981    84.1309    -0.0591      7.606     1.4879     2.1263     64.725     66.449      11330          1  0.000e+00
   58.61712 -135.01396    310.653    304.234    301.178     5.2513    33.7226  1028.0394    26.6364     5.2273     20.927    84.1309    -0.0591      7.606     1.4841     2.1209     64.559     66.279      11331          1  0.000e+00
   58.61712 -135.01396    310.588    304.169    301.113     5.2514    33.7223  1028.0389    26.6362     5.2274     20.924    84.1309    -0.0591      7.606     1.4838     2.1205     64.547     66.266      11332          1  0.000e+00
   58.61712 -135.01396    310.588    304.169    301.113     5.2513    33.7228  1028.0393    26.6366     5.2273     20.920    84.1309    -0.0591      7.606     1.4835     2.1201     64.536     66.255      11333          1  0.000e+00
   58.61712 -135.01396    310.653    304.234    301.178     5.2513    33.7223  1028.0392    26.6362     5.2273     20.917    84.1309    -0.0591      7.606     1.4833     2.1198     64.525     66.244      11334          1  0.000e+00
   58.61712 -135.01396    310.588    304.169    301.113     5.2513    33.7230  1028.0394    26.6367     5.2273     20.913    84.1309    -0.0591      7.606     1.4830     2.1194     64.513     66.232      11335          1  0.000e+00
   58.61712 -135.01396    310.588    304.169    301.113     5.2513    33.7228  1028.0393    26.6366     5.2273     20.909    84.1309    -0.0591      7.606     1.4828     2.1190     64.502     66.220      11336          1  0.000e+00
   58.61712 -135.01396    310.588    304.169    301.113     5.2513    33.7228  1028.0393    26.6366     5.2273     20.905    84.1309    -0.0591      7.606     1.4825     2.1186     64.491     66.208      11337          1  0.000e+00
   58.61712 -135.01396    310.588    304.169    301.113     5.2513    33.7229  1028.0394    26.6367     5.2273     20.902    84.1309    -0.0591      7.606     1.4822     2.1183     64.479     66.197      11338          1  0.000e+00
   58.61712 -135.01396    310.588    304.169    301.113     5.2510    33.7232  1028.0396    26.6369     5.2270     20.898    84.1309    -0.0591      7.606     1.4820     2.1179     64.468     66.186      11339          1  0.000e+00
   58.61712 -135.01396    310.588    304.169    301.113     5.2513    33.7232  1028.0396    26.6369     5.2273     20.894    84.1309    -0.0591      7.606     1.4817     2.1175     64.457     66.174      11340          1  0.000e+00
   58.61712 -135.01396    310.588    304.169    301.113     5.2513    33.7230  1028.0395    26.6368     5.2273     20.891    84.1309    -0.0591      7.606     1.4815     2.1172     64.445     66.162      11341          1  0.000e+00
   58.61712 -135.01396    310.588    304.169    301.113     5.2513    33.7224  1028.0390    26.6363     5.2273     20.896    84.1309    -0.0591      7.606     1.4819     2.1177     64.463     66.180      11342          1  0.000e+00
   58.61712 -135.01396    310.588    304.169    301.113     5.2510    33.7226  1028.0392    26.6364     5.2270     20.902    84.1309    -0.0591      7.606     1.4823     2.1183     64.481     66.199      11343          1  0.000e+00
   58.61712 -135.01396    310.588    304.169    301.113     5.2513    33.7226  1028.0392    26.6364     5.2273     20.899    83.9630    -0.0591      7.606     1.4821     2.1180     64.472     66.189      11344          1  0.000e+00
   58.61712 -135.01396    310.588    304.169    301.113     5.2513    33.7229  1028.0394    26.6367     5.2273     20.896    83.8512    -0.0591      7.606     1.4819     2.1177     64.462     66.180      11345          1  0.000e+00
   58.61712 -135.01396    310.588    304.169    301.113     5.2514    33.7224  1028.0390    26.6363     5.2274     20.893    83.8512    -0.0591      7.606     1.4816     2.1174     64.453     66.170      11346          1  0.000e+00
   58.61712 -135.01396    310.588    304.169    301.113     5.2513    33.7224  1028.0390    26.6363     5.2273     20.890    83.8512    -0.0591      7.606     1.4814     2.1171     64.445     66.161      11347          1  0.000e+00
   58.61712 -135.01396    310.588    304.169    301.113     5.2513    33.7212  1028.0381    26.6354     5.2273     20.887    83.8791    -0.0591      7.606     1.4812     2.1168     64.436     66.152      11348          1  0.000e+00
   58.61712 -135.01396    310.588    304.169    301.113     5.2510    33.7220  1028.0387    26.6360     5.2270     20.885    83.8512    -0.0591      7.606     1.4810     2.1166     64.427     66.143      11349          1  0.000e+00
   58.61712 -135.01396    310.588    304.169    301.113     5.2510    33.7227  1028.0393    26.6366     5.2270     20.882    83.8791    -0.0591      7.606     1.4808     2.1162     64.418     66.134      11350          1  0.000e+00
   58.61712 -135.01396    310.588    304.169    301.113     5.2513    33.7227  1028.0392    26.6365     5.2273     20.879    83.8791    -0.0591      7.606     1.4806     2.1159     64.408     66.124      11351          1  0.000e+00
   58.61712 -135.01396    310.653    304.234    301.178     5.2514    33.7223  1028.0392    26.6362     5.2274     20.885    83.8512    -0.0591      7.606     1.4811     2.1166     64.428     66.144      11352          1  0.000e+00
   58.61712 -135.01396    310.588    304.169    301.113     5.2513    33.7224  1028.0390    26.6363     5.2273     20.891    83.8791    -0.0591      7.606     1.4815     2.1172     64.448     66.165      11353          1  0.000e+00
   58.61712 -135.01396    310.653    304.234    301.178     5.2513    33.7227  1028.0395    26.6365     5.2273     20.899    83.8512    -0.0591      7.606     1.4820     2.1180     64.470     66.187      11354          1  0.000e+00
   58.61712 -135.01396    310.588    304.169    301.113     5.2513    33.7229  1028.0394    26.6367     5.2273     20.906    83.8512    -0.0591      7.606     1.4825     2.1187     64.492     66.210      11355          1  0.000e+00
   58.61712 -135.01396    310.653    304.234    301.178     5.2510    33.7227  1028.0396    26.6366     5.2270     20.904    83.8512    -0.0591      7.606     1.4824     2.1186     64.488     66.206      11356          1  0.000e+00
   58.61712 -135.01396    310.588    304.169    301.113     5.2513    33.7226  1028.0392    26.6364     5.2273     20.903    83.8791    -0.0591      7.606     1.4823     2.1184     64.483     66.201      11357          1  0.000e+00
   58.61712 -135.01396    310.677    304.234    301.178     5.2513    33.7229  1028.0397    26.6367     5.2273     20.902    83.8791    -0.0591      7.606     1.4822     2.1183     64.479     66.196      11358          1  0.000e+00
   58.61712 -135.01396    310.653    304.234    301.178     5.2513    33.7225  1028.0394    26.6364     5.2273     20.900    83.8512    -0.0591      7.606     1.4821     2.1181     64.475     66.192      11359          1  0.000e+00
   58.61712 -135.01396    310.653    304.234    301.178     5.2513    33.7227  1028.0395    26.6365     5.2273     20.899    83.8512    -0.0591      7.606     1.4820     2.1180     64.470     66.187      11360          1  0.000e+00
   58.61712 -135.01396    310.653    304.234    301.178     5.2514    33.7225  1028.0394    26.6364     5.2274     20.897    83.8791    -0.0591      7.606     1.4819     2.1178     64.465     66.182      11361          1  0.000e+00
   58.61712 -135.01396    310.709    304.291    301.234     5.2510    33.7228  1028.0399    26.6367     5.2270     20.964    83.8791    -0.0591      7.606     1.4867     2.1246     64.672     66.395      11362          1  0.000e+00
   58.61712 -135.01396    310.653    304.234    301.178     5.2514    33.7229  1028.0397    26.6367     5.2274     20.921    83.8512    -0.0591      7.606     1.4836     2.1202     64.540     66.259      11363          1  0.000e+00
   58.61712 -135.01396    310.628    304.234    301.178     5.2514    33.7226  1028.0395    26.6365     5.2274     20.929    83.8512    -0.0591      7.606     1.4842     2.1211     64.565     66.284      11364          1  0.000e+00
   58.61766 -135.01370    297.856    201.195    199.223     5.2436    33.5897  1027.4602    26.5311     5.2279     22.778    92.3258    -0.0591      7.616     1.6170     2.3109     70.351     72.217      15393          2  0.000e+00
   58.61766 -135.01370    297.928    201.268    199.295     5.2434    33.5898  1027.4607    26.5312     5.2277     22.784    92.3258    -0.0591      7.616     1.6174     2.3115     70.368     72.235      15394          2  0.000e+00
   58.61766 -135.01370    297.912    201.252    199.279     5.2437    33.5896  1027.4604    26.5311     5.2281     22.731    92.3258    -0.0591      7.616     1.6137     2.3061     70.204     72.067      15395          2  0.000e+00
   58.61766 -135.01370    297.928    201.268    199.295     5.2437    33.5896  1027.4604    26.5310     5.2280     22.786    92.3258    -0.0591      7.616     1.6176     2.3117     70.375     72.242      15396          2  0.000e+00
   58.61768 -135.01370    297.912    201.252    199.279     5.2436    33.5900  1027.4607    26.5314     5.2279     22.783    92.3258    -0.0591      7.616     1.6174     2.3114     70.365     72.232      15397          2  0.000e+00
   58.61768 -135.01370    297.872    201.211    199.239     5.2435    33.5898  1027.4604    26.5312     5.2279     22.779    92.3258    -0.0591      7.616     1.6171     2.3110     70.354     72.221      15398          2  0.000e+00
   58.61768 -135.01370    297.928    201.268    199.295     5.2435    33.5899  1027.4607    26.5312     5.2278     22.784    92.3258    -0.0591      7.616     1.6175     2.3115     70.370     72.237      15399          2  0.000e+00
   58.61768 -135.01370    297.912    201.252    199.279     5.2437    33.5897  1027.4605    26.5311     5.2281     22.789    92.3258    -0.0591      7.616     1.6178     2.3120     70.385     72.252      15400          2  0.000e+00
   58.61768 -135.01370    297.903    201.268    199.295     5.2437    33.5900  1027.4608    26.5313     5.2280     22.794    92.3258    -0.0591      7.616     1.6182     2.3125     70.400     72.268      15401          2  0.000e+00
   58.61768 -135.01370    297.912    201.252    199.279     5.2437    33.5898  1027.4605    26.5312     5.2281     22.790    92.3258    -0.0591      7.616     1.6179     2.3121     70.388     72.255      15402          2  0.000e+00
   58.61768 -135.01370    297.872    201.211    199.239     5.2434    33.5901  1027.4606    26.5315     5.2277     22.786    92.3258    -0.0591      7.616     1.6176     2.3117     70.375     72.242      15403          2  0.000e+00
   58.61768 -135.01370    297.912    201.252    199.279     5.2435    33.5899  1027.4607    26.5313     5.2279     22.782    92.3258    -0.0591      7.616     1.6173     2.3113     70.361     72.228      15404          2  0.000e+00
   58.61768 -135.01370    297.928    201.268    199.295     5.2436    33.5901  1027.4609    26.5314     5.2279     22.785    92.3258    -0.0591      7.616     1.6176     2.3116     70.373     72.240      15405          2  0.000e+00
   58.61768 -135.01370    297.912    201.252    199.279     5.2435    33.5898  1027.4606    26.5312     5.2279     22.789    92.3258    -0.0591      7.616     1.6178     2.3120     70.385     72.252      15406          2  0.000e+00
   58.61768 -135.01370    297.872    201.211    199.239     5.2436    33.5898  1027.4604    26.5312     5.2279     22.784    92.3258    -0.0591      7.616     1.6175     2.3115     70.369     72.236      15407          2  0.000e+00
   58.61768 -135.01370    297.912    201.252    199.279     5.2437    33.5898  1027.4606    26.5312     5.2280     22.779    92.3258    -0.0591      7.616     1.6171     2.3110     70.353     72.220      15408          2  0.000e+00
   58.61768 -135.01370    297.928    201.268    199.295     5.2437    33.5896  1027.4604    26.5310     5.2280     22.773    92.3258    -0.0591      7.616     1.6167     2.3104     70.336     72.202      15409          2  0.000e+00
   58.61768 -135.01370    297.872    201.211    199.239     5.2437    33.5894  1027.4601    26.5309     5.2281     22.767    92.3258    -0.0591      7.616     1.6163     2.3098     70.317     72.182      15410          2  0.000e+00
   58.61768 -135.01370    297.912    201.252    199.279     5.2435    33.5899  1027.4606    26.5313     5.2279     22.761    92.3258    -0.0591      7.616     1.6158     2.3092     70.298     72.163      15411          2  0.000e+00
