EcoFOCI/data/1_SampleCollection/2022_GOA-OA_CruiseData/CTD_raw_BottleFile_RC0083/RC0083_038.ros
* Sea-Bird SBE 9 Data File:
* FileName = C:\Data\RC0083ctd\RC0083_038.hex
* Software Version Seasave V 7.26.7.107
* Temperature SN = 2060
* Conductivity SN = 1084
* Number of Bytes Per Scan = 31
* Number of Voltage Words = 4
* Number of Scans Averaged by the Deck Unit = 1
* NMEA Latitude = 58 13.26 N
* NMEA Longitude = 135 31.81 W
* NMEA UTC (Time) = Aug 18 2022  11:39:46
* NMEA baud rate = 4800
** Ship: R/V Rachel Carson
** Cruise ID: RC0083
** Tech: McHugh/Nomura
** Chief Scientist: Cross
** Station: ISA
** Cast:  CTD038
# nquan = 21
# nvalues = 196                                   
# units = specified
# name 0 = latitude: Latitude [deg]
# name 1 = longitude: Longitude [deg]
# name 2 = sfdSM: Seafloor depth [salt water, m]
# name 3 = prDM: Pressure, Digiquartz [db]
# name 4 = depSM: Depth [salt water, m]
# name 5 = t090C: Temperature [ITS-90, deg C]
# name 6 = sal00: Salinity, Practical [PSU]
# name 7 = density00: Density [density, kg/m^3]
# name 8 = sigma-é00: Density [sigma-theta, kg/m^3]
# name 9 = potemp090C: Potential Temperature [ITS-90, deg C]
# name 10 = sbeox0PS: Oxygen, SBE 43 [% saturation]
# name 11 = CStarTr0: Beam Transmission, WET Labs C-Star [%]
# name 12 = flECO-AFL: Fluorescence, WET Labs ECO-AFL/FL [mg/m^3]
# name 13 = ph: pH
# name 14 = sbeox0ML/L: Oxygen, SBE 43 [ml/l]
# name 15 = sbeox0Mg/L: Oxygen, SBE 43 [mg/l]
# name 16 = sbox0Mm/Kg: Oxygen, SBE 43 [umol/kg]
# name 17 = sbeox0Mm/L: Oxygen, SBE 43 [umol/l]
# name 18 = scan: Scan Count
# name 19 = nbf: Bottles Fired
# name 20 = flag:  0.000e+00
# interval = seconds: 0.0416667
# start_time = Aug 18 2022 11:39:46 [NMEA time, header]
# bad_flag = -9.990e-29
*END*
[from data line 138]
   58.22164 -135.53130    124.346     25.956     25.714     7.6203    30.4389  1023.8657    23.7465     7.6180     60.088    87.4312     0.4097      7.922     4.1209     5.8892    179.770    184.039      12552          3  0.000e+00
   58.22164 -135.53130    124.402     26.013     25.770     7.6207    30.4382  1023.8654    23.7459     7.6183     60.090    87.4312     0.4097      7.922     4.1210     5.8893    179.775    184.044      12553          3  0.000e+00
   58.22164 -135.53130    124.282     25.892     25.650     7.6207    30.4383  1023.8649    23.7460     7.6183     60.098    87.4312     0.4097      7.922     4.1215     5.8901    179.798    184.067      12554          3  0.000e+00
   58.22164 -135.53130    124.498     26.134     25.890     7.6205    30.4383  1023.8660    23.7460     7.6181     60.101    87.4312     0.4097      7.922     4.1218     5.8904    179.808    184.077      12555          3  0.000e+00
   58.22164 -135.53130    124.346     25.956     25.714     7.6207    30.4381  1023.8650    23.7458     7.6183     60.108    87.4312     0.4097      7.922     4.1222     5.8911    179.828    184.098      12556          3  0.000e+00
   58.22164 -135.53130    124.282     25.892     25.650     7.6205    30.4385  1023.8651    23.7462     7.6181     60.116    87.4312     0.4097      7.922     4.1228     5.8918    179.852    184.122      12557          3  0.000e+00
   58.22164 -135.53130    124.522     26.134     25.890     7.6207    30.4383  1023.8660    23.7460     7.6183     60.118    87.4312     0.4097      7.922     4.1229     5.8921    179.859    184.130      12558          3  0.000e+00
   58.22164 -135.53130    124.346     25.956     25.714     7.6205    30.4385  1023.8654    23.7462     7.6181     60.125    87.4312     0.4097      7.922     4.1234     5.8928    179.880    184.151      12559          3  0.000e+00
   58.22164 -135.53130    124.402     26.013     25.770     7.6205    30.4381  1023.8653    23.7459     7.6181     60.126    87.4312     0.4097      7.922     4.1235     5.8929    179.883    184.155      12560          3  0.000e+00
   58.22178 -135.53144    101.357      3.415      3.384    10.5219    26.7947  1020.4880    20.4724    10.5215     89.920    89.3890     2.4024      8.187     5.9164     8.4551    258.926    264.226      15050          4  0.000e+00
   58.22178 -135.53144    100.860      2.939      2.912    10.5252    26.7992  1020.4888    20.4754    10.5249     89.902    89.3890     2.4024      8.187     5.9146     8.4526    258.847    264.147      15051          4  0.000e+00
   58.22178 -135.53144    101.325      3.383      3.352    10.5319    26.8001  1020.4904    20.4750    10.5315     89.893    89.4170     2.4024      8.192     5.9131     8.4504    258.780    264.079      15052          4  0.000e+00
   58.22178 -135.53144    101.547      3.238      3.208    10.5254    26.8105  1020.4989    20.4841    10.5250     89.877    89.4170     2.4024      8.187     5.9125     8.4496    258.752    264.052      15053          4  0.000e+00
   58.22178 -135.53144    101.720      3.141      3.112    10.4999    26.8330  1020.5200    20.5057    10.4996     89.916    89.4170     2.4024      8.192     5.9175     8.4568    258.967    264.278      15054          4  0.000e+00
   58.22178 -135.53144    101.985      3.359      3.328    10.4800    26.8549  1020.5411    20.5258    10.4796     89.861    89.3890     2.4024      8.192     5.9157     8.4541    258.881    264.195      15055          4  0.000e+00
   58.22178 -135.53144    101.744      3.141      3.112    10.4849    26.8542  1020.5388    20.5245    10.4846     89.845    89.4170     2.4024      8.192     5.9140     8.4517    258.807    264.119      15056          4  0.000e+00
   58.22178 -135.53144    101.904      3.302      3.272    10.5155    26.8277  1020.5141    20.4991    10.5151     89.828    89.4170     2.4024      8.187     5.9099     8.4459    258.636    263.938      15057          4  0.000e+00
   58.22178 -135.53144    101.744      3.141      3.112    10.5297    26.8159  1020.5020    20.4877    10.5293     89.808    89.3890     2.4024      8.192     5.9073     8.4421    258.522    263.818      15058          4  0.000e+00
   58.22178 -135.53144    101.784      3.181      3.152    10.5309    26.8169  1020.5028    20.4883    10.5306     89.792    89.3890     2.4024      8.192     5.9060     8.4402    258.464    263.760      15059          4  0.000e+00
   58.22178 -135.53144    101.864      3.262      3.232    10.5444    26.8075  1020.4936    20.4788    10.5440     89.772    89.3611     2.4024      8.192     5.9033     8.4364    258.351    263.641      15060          4  0.000e+00
   58.22178 -135.53144    101.784      3.181      3.152    10.5423    26.8090  1020.4948    20.4803    10.5419     89.758    89.3890     2.4024      8.192     5.9026     8.4354    258.319    263.610      15061          4  0.000e+00
   58.22178 -135.53144    101.920      3.318      3.288    10.5286    26.8242  1020.5094    20.4943    10.5282     89.754    89.3890     2.4024      8.192     5.9035     8.4367    258.355    263.649      15062          4  0.000e+00
   58.22178 -135.53144    101.840      3.238      3.208    10.5107    26.8472  1020.5298    20.5151    10.5103     89.686    89.3890     2.3731      8.192     5.9005     8.4324    258.217    263.515      15063          4  0.000e+00
   58.22178 -135.53144    101.840      3.238      3.208    10.4870    26.8721  1020.5529    20.5382    10.4866     89.673    89.3890     2.4024      8.192     5.9018     8.4342    258.268    263.572      15064          4  0.000e+00
   58.22178 -135.53144    101.800      3.197      3.168    10.4656    26.9006  1020.5783    20.5637    10.4652     89.652    89.3611     2.4024      8.192     5.9021     8.4347    258.276    263.587      15065          4  0.000e+00
   58.22178 -135.53144    101.784      3.181      3.152    10.4765    26.9092  1020.5831    20.5686    10.4762     89.634    89.3890     2.4024      8.192     5.8991     8.4305    258.146    263.456      15066          4  0.000e+00
   58.22178 -135.53144    101.800      3.197      3.168    10.4515    26.9393  1020.6106    20.5960    10.4511     89.566    89.3611     2.4024      8.192     5.8967     8.4270    258.034    263.348      15067          4  0.000e+00
   58.22178 -135.53144    101.960      3.359      3.328    10.4430    26.9509  1020.6217    20.6064    10.4427     89.544    89.3611     2.4024      8.187     5.8960     8.4260    257.999    263.316      15068          4  0.000e+00
   58.22178 -135.53144    101.800      3.197      3.168    10.4507    26.9456  1020.6156    20.6011    10.4503     89.517    89.3611     2.4024      8.192     5.8934     8.4223    257.888    263.201      15069          4  0.000e+00
   58.22178 -135.53144    101.784      3.181      3.152    10.4608    26.9445  1020.6130    20.5986    10.4604     89.492    89.3890     2.4024      8.192     5.8905     8.4181    257.759    263.069      15070          4  0.000e+00
   58.22178 -135.53144    101.864      3.262      3.232    10.4467    26.9722  1020.6372    20.6223    10.4463     89.469    89.3890     2.4024      8.192     5.8898     8.4171    257.724    263.038      15071          4  0.000e+00
   58.22178 -135.53144    101.904      3.302      3.272    10.4356    27.0014  1020.6619    20.6468    10.4353     89.453    89.3890     2.4024      8.192     5.8890     8.4160    257.683    263.004      15072          4  0.000e+00
   58.22178 -135.53144    101.800      3.197      3.168    10.4127    27.0333  1020.6898    20.6753    10.4123     89.381    89.3611     2.4024      8.192     5.8861     8.4118    257.548    262.873      15073          4  0.000e+00
   58.22178 -135.53144    101.904      3.302      3.272    10.3745    27.0651  1020.7211    20.7060    10.3741     89.362    89.3890     2.4024      8.192     5.8886     8.4154    257.649    262.984      15074          4  0.000e+00
   58.22178 -135.53144    101.784      3.181      3.152    10.3481    27.0842  1020.7396    20.7251    10.3477     89.340    89.3890     2.4024      8.193     5.8898     8.4171    257.697    263.038      15075          4  0.000e+00
   58.22178 -135.53144    101.920      3.318      3.288    10.3398    27.0908  1020.7466    20.7315    10.3395     89.264    89.3611     2.4024      8.193     5.8856     8.4111    257.513    262.851      15076          4  0.000e+00
   58.22178 -135.53144    101.840      3.238      3.208    10.3495    27.0839  1020.7394    20.7246    10.3492     89.232    89.3611     2.4024      8.193     5.8825     8.4067    257.379    262.713      15077          4  0.000e+00
   58.22178 -135.53144    101.800      3.197      3.168    10.3443    27.0888  1020.7438    20.7292    10.3440     89.209    89.3611     2.4024      8.193     5.8815     8.4053    257.334    262.668      15078          4  0.000e+00
   58.22178 -135.53144    101.904      3.302      3.272    10.3489    27.0884  1020.7432    20.7282    10.3486     89.188    89.3331     2.4024      8.193     5.8795     8.4024    257.247    262.580      15079          4  0.000e+00
   58.22178 -135.53144    101.776      3.197      3.168    10.3581    27.0868  1020.7400    20.7255    10.3578     89.165    89.3611     2.4024      8.193     5.8769     8.3986    257.131    262.461      15080          4  0.000e+00
   58.22178 -135.53144     88.285      3.359      3.328    10.3543    27.0939  1020.7469    20.7316    10.3540     89.146    89.3611     2.4024      8.193     5.8759     8.3972    257.087    262.417      15081          4  0.000e+00
   58.22178 -135.53144     77.715      3.141      3.112    10.3541    27.0967  1020.7482    20.7338    10.3538     89.124    89.3331     2.4024      8.193     5.8743     8.3950    257.019    262.348      15082          4  0.000e+00
   58.22178 -135.53144     76.099      3.359      3.328    10.3493    27.1077  1020.7585    20.7432    10.3489     89.054    89.3611     2.4024      8.193     5.8699     8.3887    256.824    262.152      15083          4  0.000e+00
   58.22178 -135.53144     76.614      3.262      3.232    10.3435    27.1206  1020.7689    20.7541    10.3431     89.030    89.3611     2.3731      8.193     5.8686     8.3868    256.762    262.091      15084          4  0.000e+00
   58.22178 -135.53144     77.005      3.238      3.208    10.3345    27.1305  1020.7780    20.7632    10.3342     89.014    89.3611     2.3731      8.193     5.8683     8.3864    256.748    262.079      15085          4  0.000e+00
   58.22178 -135.53144     77.158      3.318      3.288    10.3282    27.1369  1020.7843    20.7692    10.3278     89.000    89.3611     2.3438      8.193     5.8680     8.3859    256.732    262.065      15086          4  0.000e+00
   58.22178 -135.53144     77.054      3.238      3.208    10.3255    27.1418  1020.7882    20.7734    10.3251     88.931    89.3611     2.3438      8.193     5.8636     8.3797    256.540    261.870      15087          4  0.000e+00
   58.22178 -135.53144     77.093      3.302      3.272    10.3260    27.1428  1020.7892    20.7741    10.3256     88.913    89.3611     2.3438      8.193     5.8623     8.3779    256.484    261.812      15088          4  0.000e+00
   58.22178 -135.53144     77.053      3.262      3.232    10.3216    27.1461  1020.7922    20.7774    10.3212     88.903    89.3611     2.3438      8.193     5.8621     8.3775    256.472    261.801      15089          4  0.000e+00
   58.22178 -135.53144     76.973      3.181      3.152    10.3090    27.1554  1020.8011    20.7866    10.3087     88.894    89.3611     2.3438      8.193     5.8628     8.3785    256.501    261.832      15090          4  0.000e+00
   58.22178 -135.53144     77.173      3.383      3.352    10.2917    27.1672  1020.8139    20.7985    10.2913     88.891    89.3611     2.3731      8.193     5.8644     8.3808    256.567    261.903      15091          4  0.000e+00
   58.22178 -135.53144     77.029      3.238      3.208    10.2828    27.1712  1020.8178    20.8030    10.2825     88.885    89.3611     2.3731      8.193     5.8650     8.3816    256.592    261.930      15092          4  0.000e+00
   58.22178 -135.53144     77.109      3.318      3.288    10.3036    27.1542  1020.8016    20.7865    10.3032     88.881    89.3611     2.3731      8.193     5.8626     8.3783    256.494    261.826      15093          4  0.000e+00
   58.22178 -135.53144     77.093      3.302      3.272    10.3189    27.1433  1020.7907    20.7756    10.3185     88.871    89.3611     2.3731      8.193     5.8604     8.3752    256.401    261.728      15094          4  0.000e+00
   58.22178 -135.53144     76.989      3.197      3.168    10.3204    27.1439  1020.7904    20.7758    10.3200     88.816    89.3611     2.3438      8.193     5.8566     8.3696    256.232    261.555      15095          4  0.000e+00
   58.22178 -135.53144     88.236      3.359      3.328    10.3242    27.1411  1020.7883    20.7730    10.3239     88.807    89.3611     2.3438      8.193     5.8556     8.3682    256.189    261.510      15096          4  0.000e+00
   58.22178 -135.53144    100.091      3.197      3.168    10.3342    27.1316  1020.7787    20.7641    10.3339     88.795    89.3611     2.3731      8.193     5.8539     8.3658    256.117    261.435      15097          4  0.000e+00
   58.22178 -135.53144    102.986      3.359      3.328    10.3314    27.1253  1020.7750    20.7597    10.3311     88.790    89.3331     2.3438      8.193     5.8542     8.3662    256.129    261.447      15098          4  0.000e+00
