EcoFOCI/data/1_SampleCollection/2022_GOA-OA_CruiseData/CTD_raw_BottleFile_RC0083/RC0083_004.ros
* Sea-Bird SBE 9 Data File:
* FileName = C:\Data\RC0083ctd\RC0083_004.hex
* Software Version Seasave V 7.26.7.107
* Temperature SN = 2060
* Conductivity SN = 1084
* Number of Bytes Per Scan = 31
* Number of Voltage Words = 4
* Number of Scans Averaged by the Deck Unit = 1
* NMEA Latitude = 54 39.73 N
* NMEA Longitude = 133 17.19 W
* NMEA UTC (Time) = Aug 12 2022  07:22:27
* NMEA baud rate = 4800
** Ship: R/V Rachel Carson
** Cruise ID: RC0083 RC0083
** Tech: McHugh/Nomura
** Chief Scientist: Cross Cross
** Station: DE4
** Cast:  004
# nquan = 21
# nvalues = 490                                   
# units = specified
# name 0 = latitude: Latitude [deg]
# name 1 = longitude: Longitude [deg]
# name 2 = sfdSM: Seafloor depth [salt water, m]
# name 3 = prDM: Pressure, Digiquartz [db]
# name 4 = depSM: Depth [salt water, m]
# name 5 = t090C: Temperature [ITS-90, deg C]
# name 6 = sal00: Salinity, Practical [PSU]
# name 7 = density00: Density [density, kg/m^3]
# name 8 = sigma-é00: Density [sigma-theta, kg/m^3]
# name 9 = potemp090C: Potential Temperature [ITS-90, deg C]
# name 10 = sbeox0PS: Oxygen, SBE 43 [% saturation]
# name 11 = CStarTr0: Beam Transmission, WET Labs C-Star [%]
# name 12 = flECO-AFL: Fluorescence, WET Labs ECO-AFL/FL [mg/m^3]
# name 13 = ph: pH
# name 14 = sbeox0ML/L: Oxygen, SBE 43 [ml/l]
# name 15 = sbeox0Mg/L: Oxygen, SBE 43 [mg/l]
# name 16 = sbox0Mm/Kg: Oxygen, SBE 43 [umol/kg]
# name 17 = sbeox0Mm/L: Oxygen, SBE 43 [umol/l]
# name 18 = scan: Scan Count
# name 19 = nbf: Bottles Fired
# name 20 = flag:  0.000e+00
# interval = seconds: 0.0416667
# start_time = Aug 12 2022 07:22:27 [NMEA time, header]
# bad_flag = -9.990e-29
*END*
[from data line 69]
   54.66138 -133.27818    349.949    253.751    251.317     5.7315    33.7656  1027.7807    26.6130     5.7106     30.627   106.6459    -0.1177      7.735     2.1468     3.0680     93.391     95.877      22305          2  0.000e+00
   54.66138 -133.27818    349.981    253.783    251.349     5.7317    33.7651  1027.7804    26.6126     5.7108     30.628   106.6459    -0.0884      7.735     2.1469     3.0682     93.396     95.881      22306          2  0.000e+00
   54.66138 -133.27818    350.005    253.808    251.373     5.7315    33.7651  1027.7805    26.6126     5.7106     30.630   106.6459    -0.0884      7.735     2.1470     3.0683     93.401     95.886      22307          2  0.000e+00
   54.66138 -133.27818    349.925    253.727    251.293     5.7317    33.7652  1027.7802    26.6126     5.7108     30.631   106.6459    -0.0884      7.735     2.1471     3.0684     93.404     95.889      22308          2  0.000e+00
   54.66138 -133.27818    349.981    253.784    251.349     5.7319    33.7651  1027.7804    26.6125     5.7110     30.633   106.6459    -0.0884      7.735     2.1472     3.0686     93.408     95.894      22309          2  0.000e+00
   54.66138 -133.27818    350.005    253.808    251.373     5.7317    33.7655  1027.7808    26.6128     5.7108     30.576   106.6739    -0.0884      7.735     2.1432     3.0629     93.235     95.716      22310          2  0.000e+00
   54.66138 -133.27818    349.981    253.784    251.349     5.7319    33.7652  1027.7804    26.6126     5.7110     30.569   106.6739    -0.0884      7.735     2.1427     3.0622     93.214     95.695      22311          2  0.000e+00
   54.66138 -133.27818    349.949    253.751    251.317     5.7319    33.7649  1027.7801    26.6124     5.7110     30.562   106.6459    -0.0884      7.735     2.1423     3.0615     93.195     95.675      22312          2  0.000e+00
   54.66138 -133.27818    350.046    253.848    251.413     5.7319    33.7648  1027.7804    26.6123     5.7110     30.566   106.6459    -0.0884      7.735     2.1425     3.0619     93.204     95.685      22313          2  0.000e+00
   54.66138 -133.27818    350.046    253.848    251.413     5.7316    33.7651  1027.7807    26.6126     5.7107     30.560   106.6739    -0.0884      7.735     2.1422     3.0614     93.189     95.669      22314          2  0.000e+00
   54.66138 -133.27818    349.885    253.686    251.253     5.7317    33.7650  1027.7799    26.6125     5.7108     30.555   106.6739    -0.0884      7.735     2.1418     3.0608     93.172     95.651      22315          2  0.000e+00
   54.66138 -133.27818    349.981    253.784    251.349     5.7314    33.7653  1027.7805    26.6127     5.7105     30.551   106.6459    -0.0884      7.735     2.1415     3.0604     93.159     95.639      22316          2  0.000e+00
   54.66138 -133.27818    350.005    253.808    251.373     5.7314    33.7651  1027.7805    26.6126     5.7105     30.547   106.6739    -0.0884      7.735     2.1412     3.0600     93.147     95.626      22317          2  0.000e+00
   54.66138 -133.27818    349.981    253.784    251.349     5.7317    33.7649  1027.7802    26.6124     5.7108     30.543   106.6459    -0.0884      7.735     2.1409     3.0596     93.134     95.613      22318          2  0.000e+00
   54.66138 -133.27818    350.005    253.808    251.373     5.7312    33.7652  1027.7807    26.6127     5.7103     30.539   106.6739    -0.0884      7.735     2.1407     3.0593     93.125     95.603      22319          2  0.000e+00
   54.66138 -133.27818    349.981    253.784    251.349     5.7314    33.7652  1027.7805    26.6127     5.7105     30.536   106.6459    -0.0884      7.735     2.1404     3.0589     93.114     95.592      22320          2  0.000e+00
   54.66138 -133.27818    350.046    253.848    251.413     5.7315    33.7649  1027.7806    26.6125     5.7106     30.533   106.6739    -0.0884      7.735     2.1403     3.0587     93.107     95.584      22321          2  0.000e+00
   54.66138 -133.27818    350.005    253.808    251.373     5.7314    33.7652  1027.7806    26.6126     5.7105     30.531   106.6459    -0.0884      7.735     2.1401     3.0584     93.099     95.576      22322          2  0.000e+00
   54.66138 -133.27818    349.981    253.784    251.349     5.7314    33.7651  1027.7804    26.6126     5.7105     30.529   106.6459    -0.0884      7.735     2.1399     3.0582     93.092     95.570      22323          2  0.000e+00
   54.66138 -133.27818    350.005    253.808    251.373     5.7314    33.7649  1027.7804    26.6124     5.7105     30.527   106.6459    -0.0884      7.735     2.1398     3.0580     93.087     95.564      22324          2  0.000e+00
   54.66138 -133.27818    349.981    253.784    251.349     5.7314    33.7650  1027.7804    26.6125     5.7105     30.525   106.6459    -0.0884      7.735     2.1397     3.0579     93.083     95.560      22325          2  0.000e+00
   54.66138 -133.27818    350.046    253.848    251.413     5.7312    33.7649  1027.7806    26.6125     5.7103     30.525   106.6459    -0.0884      7.735     2.1397     3.0578     93.081     95.558      22326          2  0.000e+00
   54.66138 -133.27818    350.126    253.930    251.493     5.7312    33.7653  1027.7812    26.6127     5.7103     30.524   106.6459    -0.0884      7.735     2.1396     3.0578     93.079     95.556      22327          2  0.000e+00
   54.66138 -133.27818    349.869    253.670    251.237     5.7314    33.7653  1027.7801    26.6128     5.7105     30.532   106.6459    -0.0884      7.735     2.1401     3.0585     93.101     95.579      22328          2  0.000e+00
   54.66138 -133.27818    350.005    253.808    251.373     5.7315    33.7650  1027.7804    26.6125     5.7106     30.533   106.6459    -0.0884      7.735     2.1402     3.0586     93.104     95.582      22329          2  0.000e+00
   54.66138 -133.27818    350.046    253.849    251.413     5.7317    33.7649  1027.7805    26.6124     5.7108     30.525   106.6459    -0.0884      7.735     2.1396     3.0578     93.079     95.556      22330          2  0.000e+00
   54.66138 -133.27818    349.981    253.808    251.373     5.7315    33.7650  1027.7804    26.6125     5.7106     30.575   106.6459    -0.0884      7.735     2.1432     3.0628     93.233     95.714      22331          2  0.000e+00
   54.66138 -133.27818    349.981    253.784    251.349     5.7316    33.7650  1027.7804    26.6125     5.7107     30.525   106.6459    -0.0884      7.735     2.1397     3.0578     93.081     95.558      22332          2  0.000e+00
   54.66138 -133.27818    350.046    253.849    251.413     5.7317    33.7649  1027.7806    26.6124     5.7108     30.517   106.6459    -0.0884      7.735     2.1391     3.0570     93.057     95.533      22333          2  0.000e+00
   54.66132 -133.27740    299.989    203.282    201.356     5.9493    33.6949  1027.4647    26.5298     5.9323     34.384   106.8696    -0.0884      7.763     2.3991     3.4285    104.373    107.142      25187          3  0.000e+00
   54.66132 -133.27740    299.524    202.812    200.891     5.9493    33.6951  1027.4627    26.5299     5.9324     34.383   106.8696    -0.0884      7.763     2.3989     3.4283    104.367    107.136      25188          3  0.000e+00
   54.66132 -133.27740    299.820    203.112    201.188     5.9493    33.6952  1027.4642    26.5301     5.9323     34.384   106.8696    -0.0884      7.763     2.3990     3.4284    104.371    107.140      25189          3  0.000e+00
   54.66132 -133.27740    299.572    202.861    200.939     5.9492    33.6951  1027.4630    26.5300     5.9322     34.383   106.8696    -0.0884      7.763     2.3989     3.4283    104.367    107.136      25190          3  0.000e+00
   54.66132 -133.27740    299.700    202.990    201.068     5.9484    33.6950  1027.4636    26.5300     5.9314     34.383   106.8696    -0.0884      7.763     2.3990     3.4284    104.369    107.138      25191          3  0.000e+00
   54.66132 -133.27740    299.748    203.039    201.116     5.9481    33.6957  1027.4644    26.5306     5.9311     34.382   106.8696    -0.0884      7.763     2.3989     3.4283    104.367    107.136      25192          3  0.000e+00
   54.66132 -133.27740    299.644    202.934    201.012     5.9487    33.6955  1027.4637    26.5303     5.9317     34.380   106.8696    -0.0884      7.763     2.3988     3.4281    104.360    107.129      25193          3  0.000e+00
   54.66132 -133.27740    299.452    202.739    200.819     5.9490    33.6952  1027.4625    26.5301     5.9321     34.377   106.8696    -0.0884      7.763     2.3986     3.4278    104.351    107.120      25194          3  0.000e+00
   54.66132 -133.27740    299.764    203.055    201.132     5.9493    33.6950  1027.4638    26.5299     5.9324     34.377   106.8696    -0.0884      7.763     2.3985     3.4277    104.349    107.117      25195          3  0.000e+00
   54.66132 -133.27740    299.403    202.691    200.771     5.9493    33.6956  1027.4626    26.5304     5.9324     34.373   106.8696    -0.0884      7.763     2.3982     3.4273    104.336    107.104      25196          3  0.000e+00
   54.66132 -133.27740    299.692    202.982    201.060     5.9495    33.6951  1027.4635    26.5299     5.9325     34.371   106.8976    -0.0884      7.763     2.3981     3.4271    104.332    107.100      25197          3  0.000e+00
   54.66132 -133.27740    299.347    202.634    200.715     5.9500    33.6955  1027.4622    26.5302     5.9330     34.366   106.8976    -0.0884      7.763     2.3978     3.4266    104.316    107.084      25198          3  0.000e+00
   54.66132 -133.27740    299.628    202.918    200.996     5.9501    33.6952  1027.4633    26.5300     5.9332     34.364   106.8976    -0.0884      7.763     2.3976     3.4264    104.309    107.077      25199          3  0.000e+00
   54.66132 -133.27738    299.347    202.634    200.715     5.9503    33.6954  1027.4620    26.5301     5.9334     34.359   106.8976    -0.0884      7.763     2.3972     3.4259    104.293    107.060      25200          3  0.000e+00
   54.66132 -133.27738    299.572    202.861    200.939     5.9506    33.6950  1027.4627    26.5297     5.9337     34.356   106.8976    -0.0884      7.763     2.3970     3.4256    104.284    107.050      25201          3  0.000e+00
   54.66132 -133.27738    299.403    202.691    200.771     5.9506    33.6955  1027.4624    26.5301     5.9337     34.360   106.8976    -0.0884      7.763     2.3972     3.4259    104.293    107.060      25202          3  0.000e+00
   54.66132 -133.27738    299.395    202.683    200.763     5.9508    33.6954  1027.4622    26.5300     5.9338     34.355   106.8976    -0.0884      7.763     2.3969     3.4254    104.279    107.046      25203          3  0.000e+00
   54.66132 -133.27738    299.291    202.577    200.659     5.9506    33.6954  1027.4618    26.5300     5.9337     34.358   106.8976    -0.0884      7.763     2.3971     3.4258    104.290    107.057      25204          3  0.000e+00
   54.66132 -133.27738    299.403    202.691    200.771     5.9499    33.6952  1027.4622    26.5300     5.9330     34.354   106.8976    -0.0884      7.763     2.3969     3.4254    104.279    107.045      25205          3  0.000e+00
   54.66132 -133.27738    299.307    202.618    200.699     5.9501    33.6952  1027.4618    26.5299     5.9332     34.349   106.8976    -0.0884      7.763     2.3965     3.4248    104.262    107.028      25206          3  0.000e+00
   54.66132 -133.27738    299.171    202.456    200.538     5.9498    33.6955  1027.4613    26.5302     5.9329     34.342   106.8976    -0.0884      7.763     2.3961     3.4242    104.244    107.009      25207          3  0.000e+00
   54.66132 -133.27738    299.395    202.683    200.763     5.9498    33.6951  1027.4621    26.5299     5.9329     34.346   106.8976    -0.0884      7.763     2.3964     3.4246    104.255    107.021      25208          3  0.000e+00
   54.66132 -133.27738    299.227    202.512    200.595     5.9495    33.6950  1027.4613    26.5299     5.9325     34.340   106.8976    -0.0884      7.763     2.3959     3.4240    104.236    107.002      25209          3  0.000e+00
   54.66132 -133.27738    299.219    202.504    200.587     5.9493    33.6954  1027.4616    26.5302     5.9324     34.342   106.8976    -0.0884      7.763     2.3961     3.4242    104.244    107.009      25210          3  0.000e+00
   54.66132 -133.27738    299.107    202.391    200.474     5.9495    33.6955  1027.4611    26.5303     5.9326     34.344   106.8976    -0.0884      7.763     2.3962     3.4244    104.249    107.015      25211          3  0.000e+00
   54.66132 -133.27738    299.130    202.440    200.522     5.9493    33.6956  1027.4615    26.5304     5.9324     34.347   106.8976    -0.0884      7.763     2.3964     3.4247    104.257    107.023      25212          3  0.000e+00
   54.66132 -133.27738    299.171    202.456    200.538     5.9495    33.6951  1027.4611    26.5299     5.9325     34.340   106.8976    -0.0884      7.763     2.3960     3.4241    104.239    107.004      25213          3  0.000e+00
   54.66132 -133.27738    299.291    202.577    200.659     5.9495    33.6955  1027.4620    26.5302     5.9325     34.335   106.8976    -0.0884      7.763     2.3956     3.4235    104.220    106.985      25214          3  0.000e+00
   54.66132 -133.27738    299.099    202.383    200.466     5.9495    33.6956  1027.4611    26.5303     5.9326     34.335   106.8976    -0.0884      7.763     2.3956     3.4236    104.223    106.988      25215          3  0.000e+00
   54.66132 -133.27738    299.051    202.334    200.418     5.9498    33.6950  1027.4604    26.5298     5.9329     34.337   106.8696    -0.0884      7.763     2.3957     3.4237    104.227    106.992      25216          3  0.000e+00
   54.66132 -133.27738    299.219    202.504    200.587     5.9498    33.6952  1027.4614    26.5300     5.9329     34.339   106.7018    -0.0884      7.759     2.3959     3.4239    104.234    106.999      25217          3  0.000e+00
   54.66132 -133.27738    298.930    202.213    200.298     5.9497    33.6955  1027.4603    26.5302     5.9328     34.340   106.5900    -0.0884      7.763     2.3959     3.4240    104.236    107.001      25218          3  0.000e+00
   54.66132 -133.27738    299.219    202.504    200.587     5.9498    33.6951  1027.4613    26.5299     5.9329     34.334   106.5900    -0.0884      7.763     2.3955     3.4234    104.219    106.984      25219          3  0.000e+00
   54.66132 -133.27738    298.994    202.278    200.362     5.9498    33.6952  1027.4603    26.5300     5.9329     34.326   106.6179    -0.0884      7.763     2.3949     3.4226    104.194    106.958      25220          3  0.000e+00
   54.66132 -133.27738    299.155    202.440    200.522     5.9497    33.6953  1027.4612    26.5301     5.9328     34.377   106.6179    -0.0884      7.763     2.3985     3.4277    104.349    107.117      25221          3  0.000e+00
   54.66132 -133.27738    298.994    202.278    200.362     5.9493    33.6953  1027.4604    26.5301     5.9324     34.327   106.5900    -0.0884      7.763     2.3950     3.4228    104.198    106.963      25222          3  0.000e+00
   54.66132 -133.27738    299.051    202.334    200.418     5.9495    33.6952  1027.4606    26.5300     5.9326     34.328   106.6179    -0.0884      7.763     2.3951     3.4228    104.200    106.964      25223          3  0.000e+00
   54.66132 -133.27738    299.219    202.505    200.587     5.9492    33.6950  1027.4613    26.5299     5.9323     34.329   106.6179    -0.0884      7.763     2.3952     3.4229    104.204    106.968      25224          3  0.000e+00
   54.66132 -133.27738    298.994    202.278    200.362     5.9492    33.6950  1027.4602    26.5299     5.9323     34.386   106.5900    -0.0884      7.763     2.3992     3.4286    104.377    107.146      25225          3  0.000e+00
