EcoFOCI/data/1_SampleCollection/2022_GOA-OA_CruiseData/CTD_raw_BottleFile_RC0083/RC0083_060.ros
* Sea-Bird SBE 9 Data File:
* FileName = C:\Data\RC0083ctd\RC0083_060.hex
* Software Version Seasave V 7.26.7.107
* Temperature SN = 2060
* Conductivity SN = 1084
* Number of Bytes Per Scan = 31
* Number of Voltage Words = 4
* Number of Scans Averaged by the Deck Unit = 1
* NMEA Latitude = 58 48.70 N
* NMEA Longitude = 136 28.46 W
* NMEA UTC (Time) = Aug 20 2022  07:32:43
* NMEA baud rate = 4800
** Ship: R/V Rachel Carson
** Cruise ID: RC0083
** Tech: McHugh/Nomura
** Chief Scientist: Cross
** Station: GB07
** Cast:  CTD060
# nquan = 21
# nvalues = 294                                   
# units = specified
# name 0 = latitude: Latitude [deg]
# name 1 = longitude: Longitude [deg]
# name 2 = sfdSM: Seafloor depth [salt water, m]
# name 3 = prDM: Pressure, Digiquartz [db]
# name 4 = depSM: Depth [salt water, m]
# name 5 = t090C: Temperature [ITS-90, deg C]
# name 6 = sal00: Salinity, Practical [PSU]
# name 7 = density00: Density [density, kg/m^3]
# name 8 = sigma-é00: Density [sigma-theta, kg/m^3]
# name 9 = potemp090C: Potential Temperature [ITS-90, deg C]
# name 10 = sbeox0PS: Oxygen, SBE 43 [% saturation]
# name 11 = CStarTr0: Beam Transmission, WET Labs C-Star [%]
# name 12 = flECO-AFL: Fluorescence, WET Labs ECO-AFL/FL [mg/m^3]
# name 13 = ph: pH
# name 14 = sbeox0ML/L: Oxygen, SBE 43 [ml/l]
# name 15 = sbeox0Mg/L: Oxygen, SBE 43 [mg/l]
# name 16 = sbox0Mm/Kg: Oxygen, SBE 43 [umol/kg]
# name 17 = sbeox0Mm/L: Oxygen, SBE 43 [umol/l]
# name 18 = scan: Scan Count
# name 19 = nbf: Bottles Fired
# name 20 = flag:  0.000e+00
# interval = seconds: 0.0416667
# start_time = Aug 20 2022 07:32:43 [NMEA time, header]
# bad_flag = -9.990e-29
*END*
[from data line 207]
   58.80896 -136.46794    108.764     10.252     10.156     8.1933    28.8816  1022.4938    22.4468     8.1923     82.639    93.2767     1.7284      8.092     5.6510     8.0758    246.831    252.371      31678          5  0.000e+00
   58.80896 -136.46794    108.732     10.220     10.124     8.1936    28.8810  1022.4931    22.4462     8.1927     82.639    93.2767     1.7284      8.092     5.6509     8.0758    246.831    252.371      31679          5  0.000e+00
   58.80896 -136.46794    108.732     10.220     10.124     8.1938    28.8810  1022.4931    22.4462     8.1928     82.639    93.2767     1.7577      8.092     5.6509     8.0757    246.829    252.369      31680          5  0.000e+00
   58.80896 -136.46794    108.764     10.252     10.156     8.1936    28.8815  1022.4937    22.4466     8.1927     82.638    93.2767     1.7284      8.092     5.6508     8.0756    246.826    252.367      31681          5  0.000e+00
   58.80896 -136.46794    108.732     10.220     10.124     8.1933    28.8825  1022.4944    22.4475     8.1923     82.629    93.2767     1.7284      8.092     5.6502     8.0747    246.798    252.338      31682          5  0.000e+00
   58.80896 -136.46794    108.796     10.284     10.188     8.1931    28.8830  1022.4951    22.4479     8.1922     82.626    93.2767     1.7284      8.092     5.6500     8.0745    246.791    252.331      31683          5  0.000e+00
   58.80896 -136.46794    108.700     10.187     10.092     8.1931    28.8829  1022.4946    22.4478     8.1922     82.614    93.2767     1.7284      8.092     5.6492     8.0733    246.754    252.293      31684          5  0.000e+00
   58.80896 -136.46792    108.796     10.284     10.188     8.1935    28.8813  1022.4938    22.4465     8.1926     82.610    93.2767     1.7284      8.092     5.6489     8.0729    246.743    252.281      31685          5  0.000e+00
   58.80896 -136.46792    108.732     10.220     10.124     8.1940    28.8793  1022.4918    22.4448     8.1930     82.603    93.2767     1.7284      8.092     5.6485     8.0722    246.723    252.261      31686          5  0.000e+00
   58.80896 -136.46792    108.764     10.252     10.156     8.1943    28.8785  1022.4913    22.4442     8.1934     82.596    93.2767     1.7284      8.092     5.6480     8.0716    246.703    252.240      31687          5  0.000e+00
   58.80896 -136.46792    108.732     10.220     10.124     8.1943    28.8794  1022.4918    22.4449     8.1933     82.595    93.2767     1.7577      8.092     5.6479     8.0714    246.699    252.236      31688          5  0.000e+00
   58.80896 -136.46792    108.732     10.220     10.124     8.1938    28.8806  1022.4928    22.4459     8.1928     82.594    93.2767     1.7284      8.092     5.6479     8.0714    246.696    252.234      31689          5  0.000e+00
   58.80896 -136.46792    108.764     10.252     10.156     8.1938    28.8804  1022.4928    22.4457     8.1928     82.586    93.2767     1.7284      8.092     5.6473     8.0705    246.671    252.208      31690          5  0.000e+00
   58.80896 -136.46792    108.732     10.220     10.124     8.1938    28.8803  1022.4926    22.4457     8.1928     82.583    93.2767     1.7284      8.092     5.6471     8.0703    246.662    252.199      31691          5  0.000e+00
   58.80896 -136.46792    108.732     10.220     10.124     8.1935    28.8805  1022.4928    22.4459     8.1926     82.580    93.2767     1.6991      8.092     5.6469     8.0700    246.654    252.191      31692          5  0.000e+00
   58.80896 -136.46792    108.764     10.252     10.156     8.1938    28.8804  1022.4929    22.4458     8.1928     82.576    93.2767     1.6991      8.092     5.6466     8.0696    246.643    252.179      31693          5  0.000e+00
   58.80896 -136.46792    108.732     10.220     10.124     8.1938    28.8801  1022.4925    22.4456     8.1928     82.571    93.2487     1.6991      8.092     5.6463     8.0692    246.629    252.165      31694          5  0.000e+00
   58.80896 -136.46792    108.764     10.252     10.156     8.1940    28.8799  1022.4924    22.4453     8.1930     82.567    93.2487     1.6991      8.092     5.6460     8.0687    246.615    252.150      31695          5  0.000e+00
   58.80896 -136.46792    108.732     10.220     10.124     8.1935    28.8799  1022.4923    22.4454     8.1926     82.561    93.2487     1.6991      8.092     5.6457     8.0682    246.600    252.135      31696          5  0.000e+00
   58.80896 -136.46792    108.796     10.284     10.188     8.1938    28.8795  1022.4923    22.4451     8.1928     82.556    93.2208     1.6991      8.092     5.6453     8.0677    246.583    252.118      31697          5  0.000e+00
   58.80896 -136.46792    108.700     10.187     10.092     8.1940    28.8792  1022.4915    22.4448     8.1930     82.548    93.1928     1.6991      8.092     5.6447     8.0669    246.560    252.094      31698          5  0.000e+00
   58.80896 -136.46792    108.796     10.284     10.188     8.1936    28.8799  1022.4926    22.4454     8.1927     82.542    93.1928     1.6991      8.092     5.6443     8.0663    246.542    252.076      31699          5  0.000e+00
   58.80896 -136.46792    108.732     10.220     10.124     8.1938    28.8797  1022.4921    22.4452     8.1928     82.541    93.1928     1.6991      8.092     5.6442     8.0662    246.538    252.072      31700          5  0.000e+00
   58.80896 -136.46792    108.764     10.252     10.156     8.1940    28.8801  1022.4926    22.4455     8.1930     82.540    93.1928     1.6991      8.092     5.6442     8.0661    246.534    252.068      31701          5  0.000e+00
   58.80896 -136.46792    108.732     10.220     10.124     8.1938    28.8805  1022.4928    22.4459     8.1928     82.539    93.2208     1.6991      8.092     5.6441     8.0659    246.530    252.064      31702          5  0.000e+00
   58.80896 -136.46792    108.732     10.220     10.124     8.1936    28.8801  1022.4924    22.4455     8.1927     82.530    93.1928     1.6991      8.092     5.6435     8.0651    246.506    252.039      31703          5  0.000e+00
   58.80896 -136.46792    108.764     10.252     10.156     8.1940    28.8792  1022.4918    22.4448     8.1930     82.528    93.1928     1.6991      8.092     5.6434     8.0650    246.501    252.033      31704          5  0.000e+00
   58.80896 -136.46792    108.732     10.220     10.124     8.1940    28.8791  1022.4916    22.4447     8.1930     82.471    93.2208     1.6991      8.092     5.6394     8.0593    246.329    251.858      31705          5  0.000e+00
   58.80896 -136.46792    108.796     10.284     10.188     8.1943    28.8786  1022.4915    22.4443     8.1933     82.462    93.1928     1.6991      8.092     5.6388     8.0585    246.303    251.831      31706          5  0.000e+00
   58.80896 -136.46792     71.069     10.187     10.092     8.1941    28.8788  1022.4912    22.4444     8.1932     82.452    93.2208     1.6991      8.092     5.6382     8.0575    246.273    251.800      31707          5  0.000e+00
   58.80896 -136.46792     25.036     10.284     10.188     8.1938    28.8798  1022.4925    22.4453     8.1928     82.444    93.2208     1.6991      8.092     5.6376     8.0567    246.249    251.776      31708          5  0.000e+00
   58.80896 -136.46792     13.641     10.220     10.124     8.1938    28.8804  1022.4927    22.4458     8.1928     82.434    93.2208     1.6991      8.092     5.6369     8.0557    246.218    251.744      31709          5  0.000e+00
   58.80896 -136.46792     15.149     10.066      9.972     8.1935    28.8808  1022.4923    22.4461     8.1926     82.423    93.1928     1.6991      8.092     5.6362     8.0547    246.186    251.712      31710          5  0.000e+00
   58.80896 -136.46792     17.366     10.406     10.308     8.1934    28.8812  1022.4942    22.4464     8.1924     82.417    93.1928     1.7284      8.092     5.6358     8.0541    246.170    251.695      31711          5  0.000e+00
   58.80896 -136.46792     17.540     10.187     10.092     8.1931    28.8816  1022.4935    22.4468     8.1922     82.406    93.1928     1.7284      8.092     5.6350     8.0530    246.136    251.661      31712          5  0.000e+00
   58.80896 -136.46792     17.514     10.284     10.188     8.1931    28.8810  1022.4935    22.4463     8.1922     82.398    93.1928     1.7577      8.092     5.6345     8.0523    246.113    251.637      31713          5  0.000e+00
   58.80896 -136.46792     17.377     10.220     10.124     8.1935    28.8799  1022.4923    22.4454     8.1926     82.388    93.1928     1.7284      8.092     5.6338     8.0513    246.083    251.606      31714          5  0.000e+00
   58.80896 -136.46792     17.384     10.252     10.156     8.1940    28.8788  1022.4915    22.4444     8.1930     82.379    93.1928     1.7284      8.092     5.6332     8.0504    246.055    251.578      31715          5  0.000e+00
   58.80882 -136.46766    101.739      3.136      3.107     8.8664    23.2075  1017.9342    17.9197     8.8662    114.884    55.2389     3.9848      8.404     8.0265    11.4706    352.151    358.461      33000          6  0.000e+00
   58.80882 -136.46766    101.699      3.096      3.067     8.8622    23.2217  1017.9457    17.9314     8.8619    114.893    55.2389     3.9848      8.404     8.0271    11.4715    352.174    358.489      33001          6  0.000e+00
   58.80882 -136.46766    101.675      3.072      3.043     8.8595    23.2332  1017.9549    17.9407     8.8593    114.894    55.2389     3.9848      8.404     8.0271    11.4715    352.172    358.490      33002          6  0.000e+00
   58.80882 -136.46766    101.635      3.031      3.003     8.8696    23.2291  1017.9502    17.9362     8.8693    114.894    55.2389     3.9848      8.404     8.0254    11.4691    352.100    358.415      33003          6  0.000e+00
   58.80882 -136.46766    101.675      3.072      3.043     8.8807    23.2199  1017.9417    17.9275     8.8805    114.895    55.2389     3.9848      8.404     8.0239    11.4670    352.037    358.348      33004          6  0.000e+00
   58.80882 -136.46766    101.635      3.031      3.003     8.8840    23.2169  1017.9387    17.9247     8.8837    114.896    55.2389     3.9848      8.404     8.0236    11.4665    352.023    358.332      33005          6  0.000e+00
   58.80882 -136.46766    101.675      3.072      3.043     8.8828    23.2205  1017.9419    17.9277     8.8825    114.899    55.2389     3.9555      8.404     8.0238    11.4669    352.034    358.345      33006          6  0.000e+00
   58.80882 -136.46766    101.635      3.031      3.003     8.8807    23.2259  1017.9462    17.9322     8.8805    114.902    55.2389     3.9848      8.404     8.0241    11.4673    352.045    358.358      33007          6  0.000e+00
   58.80882 -136.46766    101.675      3.072      3.043     8.8811    23.2295  1017.9492    17.9350     8.8808    114.913    55.2389     3.9555      8.404     8.0246    11.4680    352.066    358.381      33008          6  0.000e+00
   58.80882 -136.46766    101.635      3.031      3.003     8.8859    23.2350  1017.9526    17.9386     8.8857    114.916    55.2389     3.8676      8.404     8.0236    11.4666    352.021    358.336      33009          6  0.000e+00
   58.80882 -136.46766    101.675      3.072      3.043     8.8985    23.2371  1017.9528    17.9386     8.8982    114.925    55.1550     3.8676      8.404     8.0219    11.4641    351.944    358.257      33010          6  0.000e+00
   58.80882 -136.46766    101.699      3.096      3.067     8.9069    23.2399  1017.9539    17.9396     8.9066    114.928    55.1270     3.8676      8.404     8.0204    11.4620    351.881    358.193      33011          6  0.000e+00
   58.80882 -136.46766    101.619      3.015      2.987     8.9092    23.2431  1017.9558    17.9418     8.9089    114.932    55.1270     3.8676      8.404     8.0201    11.4615    351.865    358.178      33012          6  0.000e+00
   58.80882 -136.46766    101.699      3.096      3.067     8.9099    23.2441  1017.9569    17.9426     8.9096    114.938    55.1270     3.8676      8.404     8.0204    11.4619    351.876    358.189      33013          6  0.000e+00
   58.80882 -136.46766    101.619      3.015      2.987     8.9097    23.2468  1017.9586    17.9447     8.9094    114.942    55.1270     3.8676      8.404     8.0206    11.4622    351.884    358.199      33014          6  0.000e+00
   58.80882 -136.46766    101.699      3.096      3.067     8.9086    23.2520  1017.9631    17.9488     8.9083    114.950    55.1270     3.8676      8.404     8.0210    11.4628    351.902    358.218      33015          6  0.000e+00
   58.80882 -136.46766    101.619      3.015      2.987     8.9091    23.2557  1017.9656    17.9517     8.9088    114.954    55.1270     3.8676      8.404     8.0211    11.4629    351.903    358.221      33016          6  0.000e+00
   58.80882 -136.46766    101.699      3.096      3.067     8.9092    23.2608  1017.9700    17.9557     8.9089    114.962    55.1270     3.8676      8.404     8.0213    11.4632    351.912    358.231      33017          6  0.000e+00
   58.80882 -136.46766    101.619      3.015      2.987     8.9099    23.2654  1017.9731    17.9591     8.9096    114.967    55.1270     3.8676      8.404     8.0213    11.4633    351.912    358.232      33018          6  0.000e+00
   58.80882 -136.46766    101.699      3.096      3.067     8.9109    23.2662  1017.9740    17.9597     8.9106    114.968    55.1270     3.8676      8.404     8.0212    11.4630    351.905    358.225      33019          6  0.000e+00
   58.80882 -136.46766    101.675      3.072      3.043     8.9104    23.2643  1017.9724    17.9582     8.9101    114.968    55.1270     3.8676      8.404     8.0213    11.4633    351.913    358.232      33020          6  0.000e+00
   58.80882 -136.46766    101.635      3.031      3.003     8.9059    23.2658  1017.9740    17.9600     8.9057    114.968    55.1270     3.8676      8.404     8.0221    11.4643    351.945    358.266      33021          6  0.000e+00
   58.80882 -136.46766    101.675      3.072      3.043     8.8987    23.2677  1017.9766    17.9625     8.8984    114.970    55.1270     3.8676      8.404     8.0234    11.4663    352.004    358.327      33022          6  0.000e+00
   58.80882 -136.46766    101.635      3.031      3.003     8.8973    23.2640  1017.9738    17.9598     8.8970    114.970    55.1270     3.8676      8.404     8.0239    11.4669    352.023    358.345      33023          6  0.000e+00
   58.80882 -136.46766    101.675      3.072      3.043     8.8963    23.2611  1017.9718    17.9576     8.8961    114.971    55.1270     3.8676      8.404     8.0242    11.4674    352.041    358.362      33024          6  0.000e+00
   58.80882 -136.46766    101.635      3.031      3.003     8.8968    23.2582  1017.9693    17.9553     8.8966    114.970    55.1270     3.8676      8.404     8.0243    11.4675    352.042    358.363      33025          6  0.000e+00
   58.80882 -136.46766    101.675      3.072      3.043     8.8966    23.2568  1017.9684    17.9543     8.8963    114.971    55.1270     3.8676      8.404     8.0244    11.4677    352.050    358.371      33026          6  0.000e+00
   58.80882 -136.46766    101.635      3.031      3.003     8.8972    23.2533  1017.9654    17.9514     8.8969    115.025    55.1270     3.8676      8.404     8.0282    11.4732    352.219    358.542      33027          6  0.000e+00
   58.80882 -136.46766    101.675      3.072      3.043     8.8968    23.2459  1017.9599    17.9457     8.8966    115.032    55.1270     3.8676      8.404     8.0292    11.4745    352.262    358.584      33028          6  0.000e+00
   58.80882 -136.46766    101.635      3.031      3.003     8.8926    23.2340  1017.9509    17.9369     8.8924    115.038    55.0990     3.9262      8.404     8.0310    11.4771    352.345    358.665      33029          6  0.000e+00
