EcoFOCI/data/1_SampleCollection/2022_GOA-OA_CruiseData/CTD_raw_BottleFile_RC0083/RC0083_031.ros
* Sea-Bird SBE 9 Data File:
* FileName = C:\Data\RC0083ctd\RC0083_031.hex
* Software Version Seasave V 7.26.7.107
* Temperature SN = 2060
* Conductivity SN = 1084
* Number of Bytes Per Scan = 31
* Number of Voltage Words = 4
* Number of Scans Averaged by the Deck Unit = 1
* NMEA Latitude = 58 35.53 N
* NMEA Longitude = 135 04.67 W
* NMEA UTC (Time) = Aug 18 2022  02:27:57
* NMEA baud rate = 4800
** Ship: R/V Rachel Carson
** Cruise ID: RC0083
** Tech: McHugh/Nomura
** Chief Scientist: Cross
** Station: JH2
** Cast:  CTD031
# nquan = 21
# nvalues = 196                                   
# units = specified
# name 0 = latitude: Latitude [deg]
# name 1 = longitude: Longitude [deg]
# name 2 = sfdSM: Seafloor depth [salt water, m]
# name 3 = prDM: Pressure, Digiquartz [db]
# name 4 = depSM: Depth [salt water, m]
# name 5 = t090C: Temperature [ITS-90, deg C]
# name 6 = sal00: Salinity, Practical [PSU]
# name 7 = density00: Density [density, kg/m^3]
# name 8 = sigma-é00: Density [sigma-theta, kg/m^3]
# name 9 = potemp090C: Potential Temperature [ITS-90, deg C]
# name 10 = sbeox0PS: Oxygen, SBE 43 [% saturation]
# name 11 = CStarTr0: Beam Transmission, WET Labs C-Star [%]
# name 12 = flECO-AFL: Fluorescence, WET Labs ECO-AFL/FL [mg/m^3]
# name 13 = ph: pH
# name 14 = sbeox0ML/L: Oxygen, SBE 43 [ml/l]
# name 15 = sbeox0Mg/L: Oxygen, SBE 43 [mg/l]
# name 16 = sbox0Mm/Kg: Oxygen, SBE 43 [umol/kg]
# name 17 = sbeox0Mm/L: Oxygen, SBE 43 [umol/l]
# name 18 = scan: Scan Count
# name 19 = nbf: Bottles Fired
# name 20 = flag:  0.000e+00
# interval = seconds: 0.0416667
# start_time = Aug 18 2022 02:27:57 [NMEA time, header]
# bad_flag = -9.990e-29
*END*
   58.59440 -135.07728    375.758    371.169    367.382     5.2146    33.8092  1028.4204    26.7099     5.1852     20.639    89.1373    -0.0591      7.616     1.4641     2.0923     63.684     65.385      13386          1  0.000e+00
   58.59440 -135.07728    375.878    371.291    367.502     5.2147    33.8089  1028.4208    26.7097     5.1853     20.637    89.1932    -0.0591      7.616     1.4639     2.0920     63.677     65.377      13387          1  0.000e+00
   58.59440 -135.07728    375.758    371.169    367.382     5.2147    33.8089  1028.4202    26.7097     5.1853     20.634    89.1932    -0.0591      7.616     1.4637     2.0918     63.669     65.369      13388          1  0.000e+00
   58.59440 -135.07728    375.822    371.234    367.446     5.2147    33.8091  1028.4207    26.7098     5.1853     20.633    89.1932    -0.0591      7.616     1.4636     2.0916     63.663     65.364      13389          1  0.000e+00
   58.59440 -135.07728    375.750    371.161    367.374     5.2146    33.8091  1028.4204    26.7099     5.1852     20.631    89.1932    -0.0591      7.616     1.4635     2.0914     63.658     65.359      13390          1  0.000e+00
   58.59440 -135.07728    375.822    371.234    367.446     5.2147    33.8086  1028.4202    26.7094     5.1853     20.630    89.1653    -0.0591      7.616     1.4634     2.0914     63.655     65.356      13391          1  0.000e+00
   58.59440 -135.07728    375.822    371.234    367.446     5.2144    33.8088  1028.4205    26.7097     5.1850     20.620    89.1932    -0.0591      7.616     1.4627     2.0903     63.625     65.324      13392          1  0.000e+00
   58.59440 -135.07728    375.822    371.234    367.446     5.2146    33.8087  1028.4204    26.7096     5.1852     20.670    89.1932    -0.0591      7.620     1.4662     2.0954     63.778     65.481      13393          1  0.000e+00
   58.59440 -135.07728    375.822    371.234    367.446     5.2146    33.8085  1028.4202    26.7094     5.1852     20.608    89.1932    -0.0591      7.616     1.4619     2.0892     63.589     65.287      13394          1  0.000e+00
   58.59440 -135.07728    375.822    371.234    367.446     5.2146    33.8086  1028.4203    26.7095     5.1852     20.667    89.1653    -0.0591      7.616     1.4660     2.0951     63.770     65.473      13395          1  0.000e+00
   58.59440 -135.07728    375.758    371.169    367.382     5.2146    33.8091  1028.4204    26.7099     5.1852     20.615    89.1932    -0.0591      7.616     1.4623     2.0898     63.609     65.308      13396          1  0.000e+00
   58.59440 -135.07728    375.822    371.234    367.446     5.2146    33.8086  1028.4203    26.7095     5.1852     20.605    89.1653    -0.0591      7.616     1.4616     2.0888     63.578     65.276      13397          1  0.000e+00
   58.59440 -135.07728    375.822    371.234    367.446     5.2146    33.8086  1028.4203    26.7095     5.1852     20.604    89.1932    -0.0591      7.616     1.4616     2.0887     63.576     65.274      13398          1  0.000e+00
   58.59440 -135.07728    375.822    371.234    367.446     5.2149    33.8084  1028.4201    26.7093     5.1855     20.604    89.1932    -0.0591      7.616     1.4615     2.0887     63.574     65.272      13399          1  0.000e+00
   58.59440 -135.07728    375.733    371.169    367.382     5.2146    33.8083  1028.4197    26.7092     5.1852     20.604    89.1932    -0.0591      7.616     1.4615     2.0887     63.574     65.272      13400          1  0.000e+00
   58.59440 -135.07728    375.910    371.348    367.558     5.2146    33.8086  1028.4208    26.7095     5.1851     20.595    89.1932    -0.0591      7.616     1.4609     2.0878     63.548     65.245      13401          1  0.000e+00
   58.59440 -135.07728    375.613    371.047    367.261     5.2149    33.8088  1028.4195    26.7096     5.1855     20.595    89.1932    -0.0591      7.620     1.4609     2.0878     63.546     65.243      13402          1  0.000e+00
   58.59440 -135.07728    376.030    371.470    367.679     5.2147    33.8088  1028.4215    26.7096     5.1853     20.656    89.1932    -0.0591      7.616     1.4653     2.0940     63.737     65.439      13403          1  0.000e+00
   58.59440 -135.07728    375.733    371.169    367.382     5.2149    33.8088  1028.4201    26.7096     5.1855     20.606    89.1653    -0.0591      7.616     1.4617     2.0889     63.579     65.278      13404          1  0.000e+00
   58.59440 -135.07728    375.886    371.348    367.558     5.2149    33.8089  1028.4210    26.7097     5.1854     20.667    89.1653    -0.0591      7.616     1.4660     2.0951     63.769     65.472      13405          1  0.000e+00
   58.59440 -135.07728    375.829    371.291    367.502     5.2150    33.8087  1028.4206    26.7095     5.1856     20.677    89.1373    -0.0591      7.616     1.4667     2.0961     63.800     65.504      13406          1  0.000e+00
   58.59440 -135.07728    375.709    371.169    367.382     5.2149    33.8092  1028.4205    26.7099     5.1855     20.687    89.1093    -0.0591      7.616     1.4674     2.0971     63.830     65.535      13407          1  0.000e+00
   58.59440 -135.07728    375.950    371.413    367.623     5.2149    33.8086  1028.4211    26.7094     5.1854     20.688    89.1093    -0.0591      7.616     1.4675     2.0972     63.834     65.539      13408          1  0.000e+00
   58.59440 -135.07728    375.878    371.340    367.550     5.2150    33.8089  1028.4210    26.7096     5.1856     20.688    89.1093    -0.0591      7.616     1.4675     2.0972     63.835     65.540      13409          1  0.000e+00
   58.59440 -135.07728    375.829    371.291    367.502     5.2149    33.8097  1028.4214    26.7103     5.1854     20.688    89.1093    -0.0591      7.616     1.4675     2.0972     63.834     65.539      13410          1  0.000e+00
   58.59440 -135.07728    375.886    371.348    367.558     5.2150    33.8098  1028.4217    26.7104     5.1856     20.637    89.1093    -0.0591      7.616     1.4639     2.0921     63.677     65.378      13411          1  0.000e+00
   58.59440 -135.07728    375.829    371.291    367.502     5.2149    33.8095  1028.4212    26.7101     5.1854     20.638    89.1093    -0.0591      7.616     1.4639     2.0921     63.678     65.379      13412          1  0.000e+00
   58.59440 -135.07728    375.886    371.348    367.558     5.2151    33.8093  1028.4213    26.7099     5.1857     20.689    89.1093    -0.0591      7.616     1.4676     2.0973     63.837     65.542      13413          1  0.000e+00
   58.59440 -135.07728    375.886    371.348    367.558     5.2150    33.8094  1028.4214    26.7100     5.1856     20.639    89.1093    -0.0591      7.616     1.4640     2.0922     63.681     65.382      13414          1  0.000e+00
   58.59440 -135.07728    375.861    371.348    367.558     5.2150    33.8090  1028.4210    26.7097     5.1856     20.639    89.1093    -0.0591      7.616     1.4641     2.0923     63.684     65.385      13415          1  0.000e+00
   58.59440 -135.07728    375.886    371.348    367.558     5.2151    33.8093  1028.4213    26.7100     5.1857     20.640    89.1093    -0.0591      7.616     1.4641     2.0924     63.687     65.388      13416          1  0.000e+00
   58.59440 -135.07728    375.886    371.348    367.558     5.2152    33.8100  1028.4218    26.7105     5.1857     20.642    89.1093    -0.0591      7.616     1.4642     2.0925     63.691     65.392      13417          1  0.000e+00
   58.59440 -135.07728    375.861    371.348    367.558     5.2152    33.8097  1028.4216    26.7103     5.1857     20.704    89.1093    -0.0591      7.620     1.4686     2.0988     63.881     65.588      13418          1  0.000e+00
   58.59440 -135.07728    375.749    371.234    367.446     5.2151    33.8097  1028.4211    26.7103     5.1857     20.645    89.1093    -0.0591      7.616     1.4644     2.0928     63.701     65.402      13419          1  0.000e+00
   58.59440 -135.07728    375.925    371.413    367.623     5.2152    33.8091  1028.4214    26.7098     5.1857     20.647    89.1093    -0.0591      7.616     1.4646     2.0931     63.708     65.410      13420          1  0.000e+00
   58.59440 -135.07728    375.982    371.470    367.679     5.2150    33.8092  1028.4218    26.7099     5.1856     20.710    89.1093    -0.0591      7.616     1.4690     2.0994     63.900     65.607      13421          1  0.000e+00
   58.59440 -135.07728    375.837    371.348    367.558     5.2151    33.8097  1028.4216    26.7103     5.1857     20.711    89.1093    -0.0591      7.616     1.4691     2.0995     63.905     65.612      13422          1  0.000e+00
   58.59440 -135.07728    375.925    371.413    367.623     5.2150    33.8100  1028.4221    26.7105     5.1856     20.722    89.1093    -0.0591      7.616     1.4699     2.1007     63.939     65.647      13423          1  0.000e+00
   58.59440 -135.07728    375.861    371.348    367.558     5.2149    33.8099  1028.4218    26.7105     5.1854     20.724    89.1093    -0.0884      7.616     1.4700     2.1008     63.943     65.651      13424          1  0.000e+00
   58.59440 -135.07728    375.805    371.291    367.502     5.2152    33.8095  1028.4212    26.7101     5.1858     20.734    89.1093    -0.0884      7.616     1.4707     2.1018     63.975     65.683      13425          1  0.000e+00
   58.59440 -135.07728    375.901    371.413    367.623     5.2152    33.8098  1028.4220    26.7104     5.1857     20.685    89.0534    -0.0884      7.616     1.4673     2.0969     63.823     65.528      13426          1  0.000e+00
   58.59440 -135.07728    375.957    371.470    367.679     5.2150    33.8102  1028.4226    26.7107     5.1856     20.747    89.0254    -0.0884      7.616     1.4717     2.1031     64.014     65.724      13427          1  0.000e+00
   58.59440 -135.07728    375.901    371.413    367.623     5.2151    33.8100  1028.4221    26.7105     5.1857     20.688    89.0254    -0.0884      7.616     1.4675     2.0972     63.834     65.539      13428          1  0.000e+00
   58.59440 -135.07728    375.860    371.397    367.607     5.2150    33.8097  1028.4219    26.7103     5.1856     20.741    88.9975    -0.0884      7.616     1.4712     2.1025     63.996     65.705      13429          1  0.000e+00
   58.59440 -135.07728    375.877    371.413    367.623     5.2152    33.8096  1028.4219    26.7102     5.1857     20.742    88.9975    -0.0884      7.616     1.4713     2.1026     63.999     65.708      13430          1  0.000e+00
   58.59440 -135.07728    375.837    371.348    367.558     5.2151    33.8099  1028.4218    26.7104     5.1857     20.682    89.0254    -0.0884      7.616     1.4671     2.0966     63.816     65.521      13431          1  0.000e+00
   58.59440 -135.07728    375.756    371.291    367.502     5.2150    33.8100  1028.4216    26.7105     5.1856     20.683    89.0254    -0.0884      7.616     1.4672     2.0967     63.819     65.524      13432          1  0.000e+00
   58.59440 -135.07728    375.908    371.470    367.679     5.2152    33.8096  1028.4221    26.7102     5.1857     20.745    88.9975    -0.0884      7.616     1.4716     2.1030     64.010     65.720      13433          1  0.000e+00
   58.59440 -135.07728    375.852    371.413    367.623     5.2149    33.8098  1028.4220    26.7104     5.1854     20.756    89.0254    -0.0884      7.616     1.4723     2.1041     64.042     65.753      13434          1  0.000e+00
   58.59556 -135.07716    246.761    149.576    148.129     5.1494    32.9546  1026.7306    26.0383     5.1381     33.149    98.8425    -0.0591      7.645     2.3686     3.3850    103.097    105.782      21614          2  0.000e+00
   58.59556 -135.07716    246.994    149.811    148.361     5.1493    32.9548  1026.7318    26.0385     5.1379     33.092    98.8425    -0.0591      7.645     2.3645     3.3791    102.919    105.599      21615          2  0.000e+00
   58.59556 -135.07716    246.705    149.519    148.073     5.1496    32.9546  1026.7303    26.0384     5.1383     33.147    98.8425    -0.0591      7.645     2.3684     3.3847    103.089    105.774      21616          2  0.000e+00
   58.59556 -135.07716    246.873    149.689    148.241     5.1494    32.9546  1026.7311    26.0384     5.1381     33.096    98.8425    -0.0591      7.645     2.3648     3.3795    102.931    105.611      21617          2  0.000e+00
   58.59556 -135.07716    246.761    149.576    148.129     5.1493    32.9549  1026.7309    26.0386     5.1379     33.150    98.8425    -0.0591      7.645     2.3687     3.3850    103.100    105.784      21618          2  0.000e+00
   58.59556 -135.07716    246.817    149.633    148.185     5.1494    32.9548  1026.7310    26.0385     5.1381     33.146    98.8425    -0.0591      7.645     2.3683     3.3846    103.086    105.770      21619          2  0.000e+00
   58.59556 -135.07716    246.825    149.641    148.193     5.1493    32.9549  1026.7312    26.0386     5.1379     33.149    98.8425    -0.0591      7.645     2.3685     3.3849    103.095    105.779      21620          2  0.000e+00
   58.59556 -135.07716    246.817    149.633    148.185     5.1493    32.9547  1026.7309    26.0384     5.1380     33.208    98.8425    -0.0591      7.645     2.3728     3.3910    103.280    105.969      21621          2  0.000e+00
   58.59556 -135.07716    246.825    149.641    148.193     5.1493    32.9549  1026.7311    26.0386     5.1379     33.159    98.8425    -0.0591      7.645     2.3693     3.3860    103.128    105.813      21622          2  0.000e+00
   58.59556 -135.07716    246.753    149.568    148.121     5.1494    32.9548  1026.7307    26.0385     5.1381     33.158    98.8425    -0.0591      7.645     2.3692     3.3859    103.124    105.809      21623          2  0.000e+00
   58.59556 -135.07716    246.825    149.641    148.193     5.1493    32.9545  1026.7309    26.0383     5.1379     33.157    98.8425    -0.0591      7.645     2.3691     3.3857    103.120    105.805      21624          2  0.000e+00
   58.59556 -135.07716    246.817    149.633    148.185     5.1494    32.9547  1026.7309    26.0384     5.1381     33.211    98.8425    -0.0591      7.645     2.3730     3.3913    103.290    105.980      21625          2  0.000e+00
   58.59556 -135.07716    246.761    149.576    148.129     5.1493    32.9549  1026.7308    26.0386     5.1380     33.158    98.8425    -0.0591      7.645     2.3692     3.3858    103.123    105.808      21626          2  0.000e+00
   58.59556 -135.07716    246.817    149.633    148.185     5.1493    32.9548  1026.7310    26.0385     5.1379     33.153    98.8425    -0.0591      7.645     2.3688     3.3853    103.108    105.793      21627          2  0.000e+00
   58.59556 -135.07716    246.761    149.576    148.129     5.1494    32.9546  1026.7306    26.0383     5.1381     33.204    98.8425    -0.0591      7.645     2.3725     3.3905    103.267    105.956      21628          2  0.000e+00
   58.59556 -135.07716    246.817    149.633    148.185     5.1494    32.9549  1026.7311    26.0386     5.1381     33.205    98.8425    -0.0591      7.645     2.3726     3.3906    103.270    105.959      21629          2  0.000e+00
   58.59556 -135.07716    246.761    149.576    148.129     5.1493    32.9548  1026.7308    26.0386     5.1379     33.146    98.8425    -0.0591      7.645     2.3684     3.3847    103.088    105.772      21630          2  0.000e+00
   58.59556 -135.07716    246.817    149.633    148.185     5.1491    32.9548  1026.7311    26.0386     5.1378     33.194    98.8425    -0.0591      7.645     2.3718     3.3896    103.237    105.925      21631          2  0.000e+00
   58.59556 -135.07716    246.761    149.576    148.129     5.1490    32.9552  1026.7311    26.0389     5.1377     33.191    98.8425    -0.0591      7.645     2.3716     3.3892    103.226    105.914      21632          2  0.000e+00
