EcoFOCI/data/1_SampleCollection/2022_GOA-OA_CruiseData/CTD_raw_BottleFile_RC0083/RC0083_043.ros
* Sea-Bird SBE 9 Data File:
* FileName = C:\Data\RC0083ctd\RC0083_043.hex
* Software Version Seasave V 7.26.7.107
* Temperature SN = 2060
* Conductivity SN = 1084
* Number of Bytes Per Scan = 31
* Number of Voltage Words = 4
* Number of Scans Averaged by the Deck Unit = 1
* NMEA Latitude = 58 07.79 N
* NMEA Longitude = 136 33.45 W
* NMEA UTC (Time) = Aug 18 2022  22:19:16
* NMEA baud rate = 4800
** Ship: R/V Rachel Carson
** Cruise ID: RC0083
** Tech: McHugh/Nomura
** Chief Scientist: Cross
** Station: XS2
** Cast:  CTD043
# nquan = 21
# nvalues = 441                                   
# units = specified
# name 0 = latitude: Latitude [deg]
# name 1 = longitude: Longitude [deg]
# name 2 = sfdSM: Seafloor depth [salt water, m]
# name 3 = prDM: Pressure, Digiquartz [db]
# name 4 = depSM: Depth [salt water, m]
# name 5 = t090C: Temperature [ITS-90, deg C]
# name 6 = sal00: Salinity, Practical [PSU]
# name 7 = density00: Density [density, kg/m^3]
# name 8 = sigma-é00: Density [sigma-theta, kg/m^3]
# name 9 = potemp090C: Potential Temperature [ITS-90, deg C]
# name 10 = sbeox0PS: Oxygen, SBE 43 [% saturation]
# name 11 = CStarTr0: Beam Transmission, WET Labs C-Star [%]
# name 12 = flECO-AFL: Fluorescence, WET Labs ECO-AFL/FL [mg/m^3]
# name 13 = ph: pH
# name 14 = sbeox0ML/L: Oxygen, SBE 43 [ml/l]
# name 15 = sbeox0Mg/L: Oxygen, SBE 43 [mg/l]
# name 16 = sbox0Mm/Kg: Oxygen, SBE 43 [umol/kg]
# name 17 = sbeox0Mm/L: Oxygen, SBE 43 [umol/l]
# name 18 = scan: Scan Count
# name 19 = nbf: Bottles Fired
# name 20 = flag:  0.000e+00
# interval = seconds: 0.0416667
# start_time = Aug 18 2022 22:19:16 [NMEA time, header]
# bad_flag = -9.990e-29
*END*
[from data line 207]
   58.13010 -136.55322    198.780    101.110    100.147     6.9990    32.3998  1025.8363    25.3723     6.9900     50.503    93.5564     0.0874      7.856     3.4684     4.9567    151.065    154.898      21916          5  0.000e+00
   58.13010 -136.55322    198.756    101.085    100.123     6.9941    32.4042  1025.8403    25.3764     6.9851     50.512    93.5564     0.0874      7.856     3.4693     4.9580    151.105    154.940      21917          5  0.000e+00
   58.13010 -136.55322    198.780    101.110    100.147     6.9967    32.4025  1025.8387    25.3748     6.9877     50.520    93.5564     0.0874      7.856     3.4697     4.9585    151.121    154.956      21918          5  0.000e+00
   58.13010 -136.55322    198.756    101.085    100.123     7.0019    32.3979  1025.8343    25.3704     6.9929     50.526    93.5284     0.0874      7.856     3.4698     4.9587    151.126    154.961      21919          5  0.000e+00
   58.13010 -136.55322    198.780    101.110    100.147     7.0037    32.3960  1025.8327    25.3687     6.9947     50.532    93.5564     0.0874      7.856     3.4701     4.9591    151.140    154.974      21920          5  0.000e+00
   58.13010 -136.55322    198.780    101.110    100.147     7.0045    32.3961  1025.8326    25.3686     6.9955     50.529    93.5564     0.0874      7.856     3.4698     4.9587    151.129    154.962      21921          5  0.000e+00
   58.13010 -136.55322    198.756    101.086    100.123     7.0029    32.3980  1025.8342    25.3703     6.9939     50.533    93.5564     0.0874      7.856     3.4702     4.9592    151.143    154.978      21922          5  0.000e+00
   58.13010 -136.55322    198.780    101.110    100.147     7.0084    32.3932  1025.8298    25.3658     6.9994     50.535    93.5564     0.0874      7.861     3.4700     4.9590    151.136    154.970      21923          5  0.000e+00
   58.13010 -136.55322    198.756    101.086    100.123     7.0127    32.3892  1025.8260    25.3621     7.0037     50.593    93.7802     0.0874      7.856     3.4737     4.9642    151.298    155.135      21924          5  0.000e+00
   58.13010 -136.55322    198.755    101.110    100.147     7.0135    32.3885  1025.8254    25.3614     7.0045     50.545    93.8920     0.0874      7.861     3.4703     4.9595    151.152    154.986      21925          5  0.000e+00
   58.13010 -136.55322    198.756    101.086    100.123     7.0122    32.3899  1025.8266    25.3627     7.0032     50.544    93.9200     0.0874      7.856     3.4704     4.9595    151.154    154.988      21926          5  0.000e+00
   58.13010 -136.55322    198.836    101.166    100.203     7.0111    32.3903  1025.8274    25.3632     7.0021     50.544    93.8920     0.0874      7.861     3.4704     4.9596    151.156    154.990      21927          5  0.000e+00
   58.13010 -136.55322    198.756    101.086    100.123     7.0038    32.3959  1025.8325    25.3686     6.9948     50.542    93.8920     0.0874      7.856     3.4708     4.9601    151.169    155.004      21928          5  0.000e+00
   58.13010 -136.55322    198.780    101.110    100.147     6.9985    32.4001  1025.8366    25.3727     6.9895     50.596    93.8920     0.0874      7.856     3.4748     4.9658    151.344    155.184      21929          5  0.000e+00
   58.13010 -136.55322    198.812    101.142    100.179     6.9987    32.4002  1025.8368    25.3727     6.9897     50.599    93.8920     0.0874      7.856     3.4750     4.9661    151.354    155.194      21930          5  0.000e+00
   58.13010 -136.55322    198.836    101.167    100.203     7.0037    32.3962  1025.8331    25.3689     6.9947     50.601    93.8920     0.0874      7.856     3.4748     4.9658    151.345    155.184      21931          5  0.000e+00
   58.13010 -136.55322    198.812    101.142    100.179     7.0066    32.3939  1025.8308    25.3667     6.9976     50.601    93.8920     0.0874      7.861     3.4746     4.9656    151.338    155.177      21932          5  0.000e+00
   58.13010 -136.55322    198.780    101.110    100.147     7.0052    32.3948  1025.8315    25.3675     6.9962     50.600    93.8920     0.0874      7.856     3.4747     4.9657    151.340    155.179      21933          5  0.000e+00
   58.13010 -136.55322    198.836    101.167    100.203     7.0023    32.3970  1025.8339    25.3697     6.9933     50.599    93.8920     0.0874      7.856     3.4748     4.9658    151.344    155.183      21934          5  0.000e+00
   58.13010 -136.55322    198.876    101.207    100.243     6.9991    32.3996  1025.8365    25.3721     6.9901     50.604    93.8920     0.0874      7.856     3.4753     4.9666    151.368    155.209      21935          5  0.000e+00
   58.13010 -136.55322    198.836    101.167    100.203     6.9974    32.4011  1025.8377    25.3735     6.9884     50.608    93.8920     0.0874      7.856     3.4757     4.9671    151.384    155.225      21936          5  0.000e+00
   58.13010 -136.55322    198.812    101.142    100.179     6.9962    32.4019  1025.8385    25.3744     6.9872     50.611    93.8920     0.0874      7.861     3.4760     4.9675    151.395    155.237      21937          5  0.000e+00
   58.13010 -136.55322    198.900    101.231    100.268     6.9951    32.4031  1025.8400    25.3754     6.9861     50.613    93.8920     0.0874      7.856     3.4762     4.9679    151.406    155.248      21938          5  0.000e+00
   58.13010 -136.55322    198.876    101.207    100.244     6.9952    32.4028  1025.8396    25.3752     6.9862     50.606    93.8920     0.0874      7.856     3.4757     4.9671    151.384    155.226      21939          5  0.000e+00
   58.13010 -136.55322    198.900    101.231    100.268     6.9952    32.4030  1025.8398    25.3753     6.9862     50.598    93.8920     0.0874      7.856     3.4752     4.9664    151.360    155.201      21940          5  0.000e+00
   58.13010 -136.55322    198.876    101.207    100.244     6.9955    32.4023  1025.8391    25.3747     6.9865     50.589    93.8920     0.0874      7.856     3.4745     4.9654    151.331    155.171      21941          5  0.000e+00
   58.13010 -136.55322    198.900    101.231    100.268     6.9957    32.4015  1025.8387    25.3741     6.9867     50.586    93.8920     0.0874      7.856     3.4743     4.9651    151.323    155.163      21942          5  0.000e+00
   58.13010 -136.55322    198.932    101.264    100.300     6.9959    32.4019  1025.8391    25.3744     6.9869     50.582    93.8920     0.0874      7.861     3.4740     4.9648    151.311    155.151      21943          5  0.000e+00
   58.13010 -136.55322    198.900    101.231    100.268     6.9954    32.4022  1025.8392    25.3747     6.9864     50.578    93.6962     0.0874      7.856     3.4737     4.9643    151.298    155.137      21944          5  0.000e+00
   58.13010 -136.55322    198.932    101.264    100.300     6.9927    32.4044  1025.8414    25.3768     6.9837     50.572    93.5564     0.0874      7.856     3.4736     4.9641    151.290    155.129      21945          5  0.000e+00
   58.13010 -136.55322    198.956    101.288    100.324     6.9904    32.4064  1025.8435    25.3787     6.9814     50.566    93.5284     0.0874      7.856     3.4733     4.9637    151.277    155.116      21946          5  0.000e+00
   58.13010 -136.55322    198.956    101.288    100.324     6.9899    32.4067  1025.8437    25.3790     6.9809     50.559    93.5284     0.0874      7.861     3.4728     4.9630    151.256    155.095      21947          5  0.000e+00
   58.13010 -136.55322    198.988    101.320    100.356     6.9885    32.4079  1025.8451    25.3801     6.9795     50.551    93.5284     0.0874      7.856     3.4723     4.9623    151.236    155.074      21948          5  0.000e+00
   58.13010 -136.55322    198.956    101.288    100.324     6.9880    32.4086  1025.8455    25.3807     6.9790     50.541    93.5564     0.0874      7.856     3.4717     4.9614    151.208    155.046      21949          5  0.000e+00
   58.13010 -136.55322    198.988    101.320    100.356     6.9880    32.4085  1025.8456    25.3806     6.9790     50.531    93.5564     0.0874      7.856     3.4710     4.9604    151.178    155.015      21950          5  0.000e+00
   58.13010 -136.55322    199.020    101.353    100.388     6.9868    32.4091  1025.8463    25.3812     6.9778     50.520    93.5564     0.0874      7.856     3.4703     4.9594    151.148    154.984      21951          5  0.000e+00
   58.13010 -136.55322    199.052    101.385    100.420     6.9854    32.4100  1025.8474    25.3821     6.9764     50.572    93.5284     0.0874      7.857     3.4740     4.9647    151.309    155.149      21952          5  0.000e+00
   58.13010 -136.55322    199.020    101.353    100.388     6.9852    32.4103  1025.8476    25.3825     6.9762     50.518    93.5564     0.0874      7.857     3.4703     4.9594    151.146    154.983      21953          5  0.000e+00
   58.13012 -136.55272    149.978     51.833     51.345     8.4282    31.1702  1024.4434    24.2067     8.4231     63.035    86.6201     0.5562      7.971     4.2242     6.0369    184.195    188.654      24318          6  0.000e+00
   58.13012 -136.55272    149.922     51.776     51.289     8.4285    31.1701  1024.4431    24.2066     8.4235     63.035    86.6201     0.5562      7.971     4.2242     6.0368    184.194    188.653      24319          6  0.000e+00
   58.13012 -136.55272    150.042     51.897     51.409     8.4283    31.1701  1024.4436    24.2066     8.4233     63.036    86.6201     0.5269      7.971     4.2243     6.0370    184.200    188.659      24320          6  0.000e+00
   58.13012 -136.55272    150.042     51.897     51.409     8.4285    31.1698  1024.4434    24.2064     8.4235     63.037    86.6201     0.5269      7.976     4.2244     6.0370    184.201    188.660      24321          6  0.000e+00
   58.13012 -136.55272    150.034     51.889     51.401     8.4287    31.1695  1024.4431    24.2062     8.4236     63.037    86.6201     0.5269      7.971     4.2244     6.0371    184.202    188.661      24322          6  0.000e+00
   58.13012 -136.55272    150.042     51.897     51.410     8.4287    31.1694  1024.4431    24.2061     8.4236     63.031    86.6201     0.5562      7.971     4.2239     6.0364    184.183    188.642      24323          6  0.000e+00
   58.13012 -136.55272    150.034     51.889     51.402     8.4287    31.1694  1024.4431    24.2061     8.4236     63.031    86.6201     0.5269      7.971     4.2240     6.0365    184.184    188.642      24324          6  0.000e+00
   58.13012 -136.55272    150.042     51.897     51.410     8.4285    31.1700  1024.4435    24.2066     8.4235     63.031    86.6201     0.5269      7.971     4.2240     6.0365    184.185    188.643      24325          6  0.000e+00
   58.13012 -136.55272    150.098     51.954     51.466     8.4285    31.1701  1024.4439    24.2066     8.4235     63.032    86.6201     0.5269      7.971     4.2240     6.0366    184.187    188.645      24326          6  0.000e+00
   58.13012 -136.55272    150.042     51.897     51.410     8.4285    31.1699  1024.4435    24.2065     8.4235     63.032    86.6201     0.5269      7.971     4.2240     6.0366    184.187    188.645      24327          6  0.000e+00
   58.13012 -136.55272    150.098     51.954     51.466     8.4283    31.1700  1024.4439    24.2066     8.4232     63.033    86.6201     0.5269      7.971     4.2241     6.0367    184.189    188.648      24328          6  0.000e+00
   58.13012 -136.55272    150.098     51.954     51.466     8.4285    31.1702  1024.4440    24.2067     8.4235     63.033    86.6481     0.5562      7.971     4.2241     6.0366    184.189    188.648      24329          6  0.000e+00
   58.13012 -136.55272    149.978     51.833     51.346     8.4284    31.1702  1024.4434    24.2067     8.4233     63.032    86.7040     0.5269      7.971     4.2241     6.0366    184.188    188.646      24330          6  0.000e+00
   58.13012 -136.55272    150.162     52.019     51.530     8.4288    31.1701  1024.4442    24.2066     8.4237     63.034    86.7599     0.5269      7.971     4.2241     6.0367    184.191    188.650      24331          6  0.000e+00
   58.13012 -136.55272    150.098     51.954     51.466     8.4288    31.1706  1024.4442    24.2070     8.4237     63.034    86.7599     0.5269      7.971     4.2241     6.0367    184.190    188.649      24332          6  0.000e+00
   58.13012 -136.55272    150.034     51.889     51.402     8.4290    31.1707  1024.4440    24.2070     8.4239     63.034    86.7599     0.5269      7.971     4.2241     6.0366    184.188    188.647      24333          6  0.000e+00
   58.13012 -136.55272    150.042     51.898     51.410     8.4292    31.1710  1024.4443    24.2073     8.4241     63.034    86.7320     0.5269      7.971     4.2241     6.0366    184.188    188.647      24334          6  0.000e+00
   58.13012 -136.55272    150.034     51.889     51.402     8.4296    31.1711  1024.4442    24.2073     8.4246     63.034    86.7320     0.5269      7.971     4.2240     6.0366    184.186    188.645      24335          6  0.000e+00
   58.13012 -136.55272    150.098     51.954     51.466     8.4301    31.1712  1024.4445    24.2073     8.4251     63.035    86.7599     0.5562      7.971     4.2240     6.0366    184.187    188.645      24336          6  0.000e+00
   58.13012 -136.55272    149.978     51.833     51.346     8.4308    31.1718  1024.4443    24.2076     8.4258     63.089    86.7599     0.5269      7.971     4.2276     6.0417    184.342    188.804      24337          6  0.000e+00
   58.13012 -136.55272    149.978     51.833     51.346     8.4310    31.1716  1024.4442    24.2075     8.4259     63.096    86.7320     0.5269      7.971     4.2281     6.0423    184.362    188.825      24338          6  0.000e+00
   58.13012 -136.55272    150.034     51.890     51.402     8.4301    31.1710  1024.4441    24.2071     8.4251     63.103    86.7599     0.5562      7.971     4.2286     6.0431    184.387    188.851      24339          6  0.000e+00
   58.13012 -136.55272    149.922     51.776     51.290     8.4294    31.1709  1024.4436    24.2071     8.4243     63.109    86.7320     0.5269      7.971     4.2291     6.0438    184.407    188.871      24340          6  0.000e+00
   58.13012 -136.55272    149.922     51.776     51.290     8.4292    31.1709  1024.4436    24.2072     8.4241     63.060    86.7320     0.5269      7.971     4.2258     6.0391    184.264    188.724      24341          6  0.000e+00
   58.13012 -136.55272    149.978     51.833     51.346     8.4292    31.1716  1024.4444    24.2077     8.4241     63.059    86.7320     0.5562      7.971     4.2258     6.0390    184.262    188.722      24342          6  0.000e+00
   58.13012 -136.55272    149.922     51.776     51.290     8.4295    31.1710  1024.4437    24.2072     8.4244     63.058    86.7320     0.5269      7.971     4.2256     6.0389    184.257    188.717      24343          6  0.000e+00
   58.13012 -136.55272    149.922     51.776     51.290     8.4292    31.1714  1024.4440    24.2076     8.4241     63.057    86.7320     0.5269      7.971     4.2256     6.0388    184.256    188.716      24344          6  0.000e+00
   58.13012 -136.55272    149.866     51.720     51.234     8.4283    31.1708  1024.4434    24.2072     8.4233     63.056    86.7599     0.5269      7.976     4.2256     6.0388    184.256    188.717      24345          6  0.000e+00
   58.13012 -136.55272    149.858     51.712     51.226     8.4277    31.1701  1024.4429    24.2068     8.4226     63.055    86.7320     0.5269      7.971     4.2256     6.0389    184.257    188.718      24346          6  0.000e+00
   58.13012 -136.55272    149.802     51.655     51.170     8.4273    31.1704  1024.4429    24.2070     8.4223     63.109    86.7320     0.5269      7.971     4.2293     6.0441    184.416    188.880      24347          6  0.000e+00
