EcoFOCI/data/1_SampleCollection/2022_GOA-OA_CruiseData/CTD_raw_BottleFile_RC0083/RC0083_081.ros
* Sea-Bird SBE 9 Data File:
* FileName = C:\Data\RC0083ctd\RC0083_081.hex
* Software Version Seasave V 7.26.7.107
* Temperature SN = 2060
* Conductivity SN = 2881
* Number of Bytes Per Scan = 31
* Number of Voltage Words = 4
* Number of Scans Averaged by the Deck Unit = 1
* NMEA Latitude = 58 12.37 N
* NMEA Longitude = 134 26.53 W
* NMEA UTC (Time) = Aug 22 2022  01:33:07
* NMEA baud rate = 4800
** Ship: R/V Rachel Carson
** Cruise ID: RC0083
** Tech: McHugh/Nomura
** Chief Scientist: Cross
** Station: SPB
** Cast:  CTD081
# nquan = 21
# nvalues = 196                                   
# units = specified
# name 0 = latitude: Latitude [deg]
# name 1 = longitude: Longitude [deg]
# name 2 = sfdSM: Seafloor depth [salt water, m]
# name 3 = prDM: Pressure, Digiquartz [db]
# name 4 = depSM: Depth [salt water, m]
# name 5 = t090C: Temperature [ITS-90, deg C]
# name 6 = sal00: Salinity, Practical [PSU]
# name 7 = density00: Density [density, kg/m^3]
# name 8 = sigma-é00: Density [sigma-theta, kg/m^3]
# name 9 = potemp090C: Potential Temperature [ITS-90, deg C]
# name 10 = sbeox0PS: Oxygen, SBE 43 [% saturation]
# name 11 = CStarTr0: Beam Transmission, WET Labs C-Star [%]
# name 12 = flECO-AFL: Fluorescence, WET Labs ECO-AFL/FL [mg/m^3]
# name 13 = ph: pH
# name 14 = sbeox0ML/L: Oxygen, SBE 43 [ml/l]
# name 15 = sbeox0Mg/L: Oxygen, SBE 43 [mg/l]
# name 16 = sbox0Mm/Kg: Oxygen, SBE 43 [umol/kg]
# name 17 = sbeox0Mm/L: Oxygen, SBE 43 [umol/l]
# name 18 = scan: Scan Count
# name 19 = nbf: Bottles Fired
# name 20 = flag:  0.000e+00
# interval = seconds: 0.0416667
# start_time = Aug 22 2022 01:33:07 [NMEA time, header]
# bad_flag = -9.990e-29
*END*
   58.20606 -134.44208     79.244     70.361     69.696     5.5019    32.2993  1025.8044    25.4787     5.4965     30.203    73.6984     0.0581      7.600     2.1495     3.0718     93.610     95.995       3963          1  0.000e+00
   58.20606 -134.44208     79.157     70.248     69.584     5.5021    32.2995  1025.8040    25.4789     5.4967     30.143    73.6984     0.0581      7.600     2.1452     3.0657     93.425     95.806       3964          1  0.000e+00
   58.20606 -134.44208     79.093     70.183     69.520     5.5022    32.2989  1025.8032    25.4784     5.4969     30.134    73.6984     0.0581      7.600     2.1446     3.0648     93.398     95.777       3965          1  0.000e+00
   58.20606 -134.44208     79.165     70.256     69.592     5.5026    32.2986  1025.8032    25.4781     5.4972     30.133    73.7264     0.0581      7.596     2.1445     3.0647     93.393     95.772       3966          1  0.000e+00
   58.20606 -134.44208     79.213     70.305     69.640     5.5034    32.2978  1025.8027    25.4773     5.4980     30.131    73.7544     0.0581      7.600     2.1443     3.0645     93.387     95.766       3967          1  0.000e+00
   58.20606 -134.44208     79.132     70.248     69.584     5.5029    32.2989  1025.8034    25.4783     5.4975     30.137    73.7823     0.0581      7.600     2.1447     3.0650     93.403     95.783       3968          1  0.000e+00
   58.20606 -134.44208     79.132     70.248     69.584     5.5026    32.2992  1025.8036    25.4785     5.4972     30.142    73.7544     0.0581      7.600     2.1451     3.0656     93.422     95.802       3969          1  0.000e+00
   58.20606 -134.44208     79.188     70.305     69.640     5.5022    32.2997  1025.8044    25.4790     5.4968     30.149    73.7544     0.0581      7.596     2.1456     3.0663     93.442     95.822       3970          1  0.000e+00
   58.20606 -134.44208     79.132     70.248     69.584     5.5021    32.3000  1025.8044    25.4792     5.4967     30.155    73.7544     0.0581      7.600     2.1460     3.0669     93.460     95.842       3971          1  0.000e+00
   58.20606 -134.44208     79.132     70.248     69.584     5.5022    32.2993  1025.8038    25.4787     5.4968     30.097    73.7544     0.0288      7.600     2.1419     3.0610     93.280     95.657       3972          1  0.000e+00
   58.20606 -134.44208     79.132     70.248     69.584     5.5019    32.2994  1025.8039    25.4788     5.4966     30.090    73.7544     0.0288      7.600     2.1414     3.0603     93.259     95.635       3973          1  0.000e+00
   58.20606 -134.44208     79.157     70.248     69.584     5.5013    32.3000  1025.8045    25.4793     5.4959     30.083    73.7544     0.0288      7.600     2.1409     3.0596     93.239     95.614       3974          1  0.000e+00
   58.20606 -134.44208     79.132     70.248     69.584     5.5010    32.2999  1025.8044    25.4793     5.4956     30.069    73.7544     0.0288      7.596     2.1400     3.0582     93.197     95.571       3975          1  0.000e+00
   58.20606 -134.44208     79.132     70.248     69.584     5.5009    32.3000  1025.8045    25.4794     5.4955     30.113    73.7544     0.0288      7.600     2.1431     3.0627     93.333     95.711       3976          1  0.000e+00
   58.20606 -134.44208     79.188     70.305     69.640     5.5009    32.2998  1025.8046    25.4792     5.4955     30.048    73.7544     0.0288      7.600     2.1385     3.0562     93.133     95.506       3977          1  0.000e+00
   58.20606 -134.44208     79.076     70.191     69.528     5.5006    32.2997  1025.8041    25.4792     5.4952     30.034    73.7544     0.0581      7.600     2.1375     3.0547     93.089     95.461       3978          1  0.000e+00
   58.20606 -134.44208     79.213     70.304     69.640     5.5006    32.2992  1025.8042    25.4788     5.4952     30.027    73.7544     0.0288      7.600     2.1370     3.0541     93.069     95.441       3979          1  0.000e+00
   58.20606 -134.44208     79.157     70.248     69.584     5.5005    32.2994  1025.8041    25.4790     5.4951     30.021    73.7544     0.0288      7.596     2.1366     3.0534     93.048     95.419       3980          1  0.000e+00
   58.20606 -134.44208     79.157     70.248     69.584     5.5009    32.2994  1025.8040    25.4789     5.4955     30.014    73.7544     0.0288      7.600     2.1361     3.0527     93.028     95.398       3981          1  0.000e+00
   58.20606 -134.44208     79.132     70.248     69.584     5.5009    32.2992  1025.8039    25.4788     5.4955     30.008    73.7544     0.0288      7.596     2.1357     3.0521     93.009     95.379       3982          1  0.000e+00
   58.20606 -134.44208     79.157     70.248     69.584     5.5006    32.2994  1025.8041    25.4790     5.4952     30.010    73.7544     0.0288      7.596     2.1358     3.0522     93.014     95.384       3983          1  0.000e+00
   58.20606 -134.44208     79.188     70.304     69.640     5.5009    32.2991  1025.8041    25.4787     5.4955     30.012    73.7544     0.0288      7.600     2.1359     3.0525     93.021     95.391       3984          1  0.000e+00
   58.20606 -134.44208     79.156     70.248     69.584     5.5009    32.2986  1025.8034    25.4783     5.4955     30.065    73.7544     0.0288      7.600     2.1397     3.0578     93.185     95.559       3985          1  0.000e+00
   58.20606 -134.44208     79.132     70.248     69.584     5.5009    32.2989  1025.8037    25.4785     5.4955     30.067    73.7264     0.0288      7.600     2.1399     3.0581     93.192     95.566       3986          1  0.000e+00
   58.20606 -134.44208     79.156     70.248     69.584     5.5006    32.2992  1025.8039    25.4787     5.4952     30.069    73.5586     0.0288      7.596     2.1400     3.0583     93.199     95.574       3987          1  0.000e+00
   58.20606 -134.44208     79.156     70.248     69.584     5.5005    32.2992  1025.8039    25.4788     5.4951     30.072    73.5026     0.0288      7.596     2.1402     3.0586     93.207     95.581       3988          1  0.000e+00
   58.20606 -134.44208     79.132     70.248     69.584     5.5005    32.2994  1025.8040    25.4789     5.4951     30.074    73.5026     0.0288      7.600     2.1404     3.0588     93.214     95.589       3989          1  0.000e+00
   58.20606 -134.44208     79.188     70.304     69.640     5.5006    32.2991  1025.8041    25.4787     5.4952     30.076    73.5026     0.0288      7.600     2.1405     3.0590     93.221     95.596       3990          1  0.000e+00
   58.20606 -134.44208     79.164     70.256     69.592     5.5009    32.2989  1025.8037    25.4785     5.4955     30.071    73.5026     0.0288      7.600     2.1402     3.0585     93.205     95.580       3991          1  0.000e+00
   58.20606 -134.44208     79.092     70.183     69.520     5.5009    32.2991  1025.8035    25.4787     5.4955     30.015    73.5026     0.0288      7.596     2.1362     3.0528     93.032     95.402       3992          1  0.000e+00
   58.20606 -134.44208     79.212     70.304     69.640     5.5006    32.2991  1025.8041    25.4787     5.4952     30.069    73.5026     0.0288      7.600     2.1400     3.0583     93.198     95.573       3993          1  0.000e+00
   58.20606 -134.44208     79.156     70.248     69.584     5.5006    32.2990  1025.8038    25.4786     5.4952     30.071    73.5026     0.0288      7.596     2.1402     3.0585     93.205     95.579       3994          1  0.000e+00
   58.20606 -134.44208     79.132     70.248     69.584     5.5006    32.2994  1025.8040    25.4789     5.4952     30.016    73.5026     0.0288      7.600     2.1362     3.0529     93.033     95.403       3995          1  0.000e+00
   58.20606 -134.44208     79.156     70.248     69.584     5.5005    32.2990  1025.8038    25.4787     5.4951     30.069    73.5026     0.0288      7.596     2.1400     3.0583     93.199     95.573       3996          1  0.000e+00
   58.20606 -134.44208     79.132     70.248     69.584     5.5006    32.2989  1025.8036    25.4785     5.4952     30.079    73.5026     0.0288      7.596     2.1407     3.0593     93.229     95.604       3997          1  0.000e+00
   58.20606 -134.44208     79.212     70.304     69.640     5.5009    32.2990  1025.8040    25.4786     5.4955     30.082    73.5026     0.0288      7.596     2.1409     3.0596     93.238     95.613       3998          1  0.000e+00
   58.20606 -134.44208     79.156     70.248     69.584     5.5006    32.2992  1025.8039    25.4787     5.4952     30.084    73.5026     0.0288      7.600     2.1411     3.0599     93.246     95.622       3999          1  0.000e+00
   58.20606 -134.44208     79.132     70.248     69.584     5.5006    32.2990  1025.8038    25.4786     5.4952     30.087    73.5026     0.0288      7.596     2.1413     3.0602     93.255     95.631       4000          1  0.000e+00
   58.20606 -134.44208     79.156     70.248     69.584     5.5009    32.2990  1025.8037    25.4786     5.4955     30.090    73.5026     0.0288      7.596     2.1415     3.0604     93.264     95.640       4001          1  0.000e+00
   58.20606 -134.44208     79.156     70.248     69.584     5.5009    32.2991  1025.8038    25.4787     5.4955     30.035    73.5026     0.0288      7.596     2.1376     3.0549     93.094     95.466       4002          1  0.000e+00
   58.20606 -134.44208     79.132     70.248     69.584     5.5006    32.2992  1025.8039    25.4787     5.4952     30.032    73.5026     0.0288      7.600     2.1374     3.0545     93.083     95.454       4003          1  0.000e+00
   58.20606 -134.44208     79.140     70.256     69.592     5.5006    32.2990  1025.8038    25.4786     5.4952     30.028    73.5026     0.0288      7.596     2.1371     3.0542     93.072     95.444       4004          1  0.000e+00
   58.20606 -134.44208     79.132     70.248     69.584     5.5006    32.2987  1025.8035    25.4784     5.4952     30.025    73.5026     0.0288      7.600     2.1369     3.0538     93.063     95.434       4005          1  0.000e+00
   58.20606 -134.44208     79.132     70.248     69.584     5.5006    32.2994  1025.8040    25.4789     5.4952     30.022    73.5026     0.0288      7.596     2.1367     3.0535     93.053     95.424       4006          1  0.000e+00
   58.20606 -134.44208     79.156     70.248     69.584     5.5005    32.2994  1025.8040    25.4789     5.4951     30.020    73.5865     0.0288      7.596     2.1365     3.0533     93.046     95.416       4007          1  0.000e+00
   58.20606 -134.44208     79.036     70.126     69.464     5.5006    32.2991  1025.8032    25.4787     5.4953     30.024    73.6425     0.0288      7.596     2.1368     3.0537     93.059     95.430       4008          1  0.000e+00
   58.20606 -134.44208     79.308     70.425     69.760     5.5006    32.2991  1025.8047    25.4787     5.4952     30.031    73.6425     0.0288      7.596     2.1373     3.0544     93.080     95.451       4009          1  0.000e+00
   58.20606 -134.44208     79.156     70.248     69.584     5.5009    32.2989  1025.8036    25.4785     5.4955     30.029    73.6425     0.0288      7.596     2.1371     3.0542     93.074     95.445       4010          1  0.000e+00
   58.20606 -134.44208     79.132     70.248     69.584     5.5006    32.2988  1025.8036    25.4785     5.4952     30.035    73.6425     0.0288      7.596     2.1376     3.0549     93.094     95.466       4011          1  0.000e+00
   58.20608 -134.44198     79.455     50.356     49.882     6.3452    31.4492  1024.9389    24.7065     6.3411     48.703    80.4390     0.1460      7.777     3.4172     4.8836    148.934    152.614       5951          2  0.000e+00
   58.20608 -134.44198     79.295     50.170     49.698     6.3460    31.4489  1024.9377    24.7061     6.3419     48.694    80.4390     0.1460      7.777     3.4166     4.8826    148.905    152.584       5952          2  0.000e+00
   58.20608 -134.44198     79.359     50.235     49.762     6.3468    31.4484  1024.9375    24.7057     6.3427     48.687    80.4390     0.1460      7.777     3.4160     4.8818    148.881    152.560       5953          2  0.000e+00
   58.20608 -134.44198     79.415     50.291     49.818     6.3473    31.4480  1024.9374    24.7053     6.3432     48.737    80.4390     0.1753      7.777     3.4195     4.8868    149.033    152.715       5954          2  0.000e+00
   58.20608 -134.44198     79.359     50.235     49.762     6.3476    31.4478  1024.9370    24.7051     6.3435     48.736    80.4390     0.2339      7.777     3.4194     4.8866    149.027    152.709       5955          2  0.000e+00
   58.20608 -134.44198     79.415     50.291     49.818     6.3477    31.4478  1024.9372    24.7051     6.3436     48.735    80.4390     0.2339      7.777     3.4193     4.8865    149.024    152.706       5956          2  0.000e+00
   58.20608 -134.44198     79.415     50.291     49.818     6.3479    31.4475  1024.9369    24.7048     6.3438     48.733    80.4390     0.2339      7.777     3.4192     4.8863    149.018    152.700       5957          2  0.000e+00
   58.20608 -134.44198     79.271     50.170     49.698     6.3479    31.4474  1024.9363    24.7048     6.3438     48.730    80.4390     0.2339      7.772     3.4190     4.8861    149.010    152.692       5958          2  0.000e+00
   58.20608 -134.44198     79.391     50.291     49.818     6.3484    31.4470  1024.9365    24.7044     6.3442     48.786    80.4110     0.2339      7.777     3.4228     4.8916    149.179    152.864       5959          2  0.000e+00
   58.20608 -134.44198     79.391     50.291     49.818     6.3489    31.4468  1024.9362    24.7041     6.3447     48.733    80.4390     0.2339      7.777     3.4191     4.8862    149.015    152.696       5960          2  0.000e+00
   58.20608 -134.44198     79.335     50.235     49.762     6.3489    31.4467  1024.9359    24.7040     6.3448     48.729    80.4390     0.2339      7.777     3.4188     4.8859    149.005    152.686       5961          2  0.000e+00
   58.20608 -134.44198     79.335     50.235     49.762     6.3482    31.4473  1024.9364    24.7046     6.3441     48.783    80.4390     0.2339      7.777     3.4227     4.8913    149.171    152.856       5962          2  0.000e+00
   58.20608 -134.44198     79.391     50.291     49.818     6.3479    31.4474  1024.9368    24.7047     6.3438     48.793    80.4390     0.2339      7.777     3.4234     4.8923    149.202    152.888       5963          2  0.000e+00
   58.20608 -134.44198     79.335     50.235     49.762     6.3479    31.4475  1024.9366    24.7048     6.3438     48.802    80.4390     0.2339      7.777     3.4240     4.8932    149.229    152.916       5964          2  0.000e+00
   58.20608 -134.44198     79.391     50.291     49.818     6.3476    31.4477  1024.9371    24.7050     6.3435     48.811    80.4390     0.2339      7.777     3.4247     4.8942    149.259    152.946       5965          2  0.000e+00
   58.20608 -134.44198     79.335     50.235     49.762     6.3474    31.4475  1024.9367    24.7049     6.3433     48.756    80.4390     0.2339      7.777     3.4208     4.8887    149.090    152.774       5966          2  0.000e+00
   58.20608 -134.44198     79.391     50.291     49.818     6.3456    31.4484  1024.9379    24.7058     6.3415     48.752    80.4110     0.2339      7.777     3.4206     4.8884    149.082    152.765       5967          2  0.000e+00
   58.20608 -134.44198     79.335     50.235     49.762     6.3446    31.4497  1024.9388    24.7070     6.3404     48.746    80.4110     0.2339      7.777     3.4203     4.8880    149.068    152.751       5968          2  0.000e+00
   58.20608 -134.44198     79.335     50.235     49.762     6.3452    31.4490  1024.9382    24.7064     6.3411     48.798    80.4110     0.2339      7.777     3.4239     4.8931    149.224    152.911       5969          2  0.000e+00
