EcoFOCI/data/1_SampleCollection/2022_GOA-OA_CruiseData/CTD_raw_BottleFile_RC0083/RC0083_065.cnv
* Sea-Bird SBE 9 Data File:
* FileName = C:\Data\RC0083ctd\RC0083_065.hex
* Software Version Seasave V 7.26.7.107
* Temperature SN = 2060
* Conductivity SN = 1084
* Number of Bytes Per Scan = 31
* Number of Voltage Words = 4
* Number of Scans Averaged by the Deck Unit = 1
* NMEA Latitude = 58 50.77 N
* NMEA Longitude = 136 05.10 W
* NMEA UTC (Time) = Aug 20 2022  16:35:21
* NMEA baud rate = 4800
** Ship: R/V Rachel Carson
** Cruise ID: RC0083
** Tech: McHugh/Nomura
** Chief Scientist: Cross
** Station: GB15
** Cast:  CTD065
# nquan = 19
# nvalues = 18234                                 
# units = specified
# name 0 = latitude: Latitude [deg]
# name 1 = longitude: Longitude [deg]
# name 2 = sfdSM: Seafloor depth [salt water, m]
# name 3 = prDM: Pressure, Digiquartz [db]
# name 4 = depSM: Depth [salt water, m]
# name 5 = t090C: Temperature [ITS-90, deg C]
# name 6 = sal00: Salinity, Practical [PSU]
# name 7 = density00: Density [density, kg/m^3]
# name 8 = sigma-é00: Density [sigma-theta, kg/m^3]
# name 9 = potemp090C: Potential Temperature [ITS-90, deg C]
# name 10 = sbeox0PS: Oxygen, SBE 43 [% saturation]
# name 11 = CStarTr0: Beam Transmission, WET Labs C-Star [%]
# name 12 = flECO-AFL: Fluorescence, WET Labs ECO-AFL/FL [mg/m^3]
# name 13 = ph: pH
# name 14 = sbeox0ML/L: Oxygen, SBE 43 [ml/l]
# name 15 = sbeox0Mg/L: Oxygen, SBE 43 [mg/l]
# name 16 = sbox0Mm/Kg: Oxygen, SBE 43 [umol/kg]
# name 17 = sbeox0Mm/L: Oxygen, SBE 43 [umol/l]
# name 18 = flag:  0.000e+00
# span 0 =   58.84468,   58.84624                 
# span 1 = -136.08546, -136.08500                 
# span 2 =     27.790,    329.149                 
# span 3 =      2.316,    252.936                 
# span 4 =      2.295,    250.421                 
# span 5 =     4.8553,     7.9482                 
# span 6 =    16.5842,    30.9106                 
# span 7 =  1012.9617,  1025.6262                 
# span 8 =    12.9496,    24.4517                 
# span 9 =     4.8374,     7.9473                 
# span 10 =     69.137,     98.120                
# span 11 =    12.8659,    84.6343                
# span 12 =    -0.0591,     2.4903                
# span 13 =      7.916,      8.293                
# span 14 =     4.7681,     7.4242                
# span 15 =     6.8142,    10.6099                
# span 16 =    208.064,    327.157                
# span 17 =    212.945,    331.565                
# span 18 = 0.0000e+00, 0.0000e+00                
# interval = seconds: 0.0416667
# start_time = Aug 20 2022 16:35:21 [NMEA time, header]
# bad_flag = -9.990e-29
*END*
[from data line 16001]
   58.84494 -136.08536    136.468     59.474     58.910     6.9630    30.3801  1024.0611    23.7870     6.9579     71.807    55.1830     0.0288      7.977     5.0016     7.1478    218.182    223.371  0.000e+00
   58.84494 -136.08536    121.166     59.409     58.846     6.9653    30.3796  1024.0601    23.7864     6.9602     71.807    55.1830     0.0288      7.977     5.0013     7.1474    218.169    223.358  0.000e+00
   58.84494 -136.08536    118.522     59.353     58.790     6.9661    30.3800  1024.0600    23.7866     6.9610     71.806    55.1830     0.0288      7.977     5.0012     7.1472    218.163    223.353  0.000e+00
   58.84494 -136.08536    119.450     59.353     58.790     6.9677    30.3797  1024.0596    23.7861     6.9626     71.806    55.1830     0.0288      7.977     5.0010     7.1469    218.156    223.345  0.000e+00
   58.84494 -136.08536    120.004     59.296     58.734     6.9703    30.3783  1024.0579    23.7847     6.9653     71.806    55.1830     0.0288      7.977     5.0007     7.1465    218.143    223.331  0.000e+00
   58.84494 -136.08536    120.094     59.288     58.726     6.9713    30.3790  1024.0583    23.7851     6.9663     71.806    55.3508     0.0288      7.977     5.0006     7.1463    218.137    223.325  0.000e+00
   58.84494 -136.08536    119.989     59.232     58.670     6.9745    30.3781  1024.0569    23.7840     6.9695     71.805    55.6025     0.0288      7.977     5.0002     7.1457    218.120    223.308  0.000e+00
   58.84494 -136.08536    119.908     59.175     58.614     6.9744    30.3781  1024.0566    23.7840     6.9693     71.805    55.6864     0.0288      7.977     5.0002     7.1458    218.120    223.308  0.000e+00
   58.84494 -136.08536    119.908     59.175     58.614     6.9724    30.3780  1024.0568    23.7842     6.9674     71.805    55.6864     0.0288      7.977     5.0005     7.1461    218.132    223.320  0.000e+00
   58.84494 -136.08536    119.908     59.175     58.614     6.9705    30.3787  1024.0577    23.7850     6.9655     71.806    55.6584     0.0288      7.977     5.0007     7.1465    218.142    223.331  0.000e+00
   58.84494 -136.08536    119.788     59.054     58.494     6.9700    30.3789  1024.0573    23.7853     6.9649     71.805    55.6584     0.0288      7.977     5.0007     7.1465    218.142    223.331  0.000e+00
   58.84494 -136.08536    119.788     59.054     58.494     6.9693    30.3790  1024.0575    23.7854     6.9643     71.806    55.6584     0.0288      7.977     5.0008     7.1466    218.147    223.336  0.000e+00
   58.84494 -136.08536    119.788     59.054     58.494     6.9675    30.3792  1024.0578    23.7857     6.9625     71.806    55.6584     0.0288      7.977     5.0010     7.1470    218.158    223.347  0.000e+00
   58.84494 -136.08536    119.732     58.997     58.438     6.9645    30.3804  1024.0589    23.7871     6.9595     71.807    55.6584     0.0288      7.977     5.0014     7.1475    218.172    223.361  0.000e+00
   58.84494 -136.08536    119.732     58.997     58.438     6.9626    30.3809  1024.0596    23.7878     6.9576     71.807    55.6584     0.0288      7.977     5.0016     7.1478    218.182    223.372  0.000e+00
   58.84494 -136.08536    126.530     58.932     58.374     6.9607    30.3821  1024.0605    23.7890     6.9557     71.807    55.6584     0.0288      7.977     5.0018     7.1481    218.190    223.380  0.000e+00
   58.84494 -136.08536    149.307     58.876     58.318     6.9626    30.3809  1024.0590    23.7877     6.9576     71.807    55.6584     0.0288      7.977     5.0016     7.1478    218.181    223.371  0.000e+00
   58.84494 -136.08536    157.976     58.876     58.318     6.9664    30.3800  1024.0578    23.7866     6.9614     71.806    55.6584     0.0288      7.977     5.0011     7.1471    218.162    223.351  0.000e+00
   58.84494 -136.08536    158.115     58.819     58.262     6.9693    30.3796  1024.0569    23.7859     6.9643     71.806    55.6584     0.0288      7.977     5.0008     7.1466    218.146    223.335  0.000e+00
   58.84494 -136.08536    157.179     58.811     58.254     6.9694    30.3794  1024.0567    23.7857     6.9644     71.806    55.6584     0.0288      7.977     5.0008     7.1466    218.147    223.335  0.000e+00
   58.84494 -136.08536    156.781     58.755     58.198     6.9690    30.3794  1024.0564    23.7857     6.9640     71.806    55.6584    -0.0005      7.977     5.0008     7.1467    218.148    223.337  0.000e+00
   58.84494 -136.08536    156.781     58.755     58.198     6.9659    30.3813  1024.0583    23.7876     6.9609     71.807    55.6584    -0.0005      7.977     5.0012     7.1472    218.163    223.353  0.000e+00
   58.84494 -136.08536    156.750     58.698     58.142     6.9646    30.3812  1024.0582    23.7877     6.9596     71.807    55.6584    -0.0005      7.977     5.0013     7.1474    218.170    223.360  0.000e+00
   58.84494 -136.08536    156.774     58.698     58.142     6.9632    30.3815  1024.0586    23.7882     6.9582     71.807    55.6584    -0.0005      7.977     5.0015     7.1477    218.178    223.368  0.000e+00
   58.84494 -136.08536    156.654     58.577     58.022     6.9648    30.3815  1024.0579    23.7880     6.9598     71.806    55.6584    -0.0005      7.977     5.0013     7.1473    218.167    223.357  0.000e+00
   58.84494 -136.08536    156.710     58.633     58.078     6.9682    30.3812  1024.0574    23.7873     6.9632     71.806    55.9381    -0.0005      7.977     5.0009     7.1468    218.151    223.340  0.000e+00
   58.84494 -136.08536    156.654     58.577     58.022     6.9725    30.3796  1024.0553    23.7855     6.9675     71.805    56.6653    -0.0005      7.977     5.0004     7.1461    218.129    223.318  0.000e+00
   58.84494 -136.08536    156.654     58.577     58.022     6.9768    30.3784  1024.0538    23.7840     6.9718     71.805    56.9170    -0.0005      7.977     4.9999     7.1454    218.108    223.296  0.000e+00
   58.84494 -136.08536    156.534     58.455     57.902     6.9806    30.3772  1024.0518    23.7825     6.9757     71.804    56.9170    -0.0005      7.977     4.9994     7.1446    218.087    223.273  0.000e+00
   58.84494 -136.08536    156.534     58.455     57.902     6.9833    30.3763  1024.0508    23.7815     6.9784     71.803    56.8891    -0.0005      7.977     4.9991     7.1442    218.074    223.260  0.000e+00
   58.84494 -136.08536    156.534     58.455     57.902     6.9852    30.3746  1024.0492    23.7799     6.9802     71.803    56.8611    -0.0005      7.976     4.9990     7.1440    218.068    223.253  0.000e+00
   58.84494 -136.08536    156.534     58.455     57.902     6.9855    30.3743  1024.0489    23.7796     6.9806     71.804    56.8611    -0.0005      7.976     4.9989     7.1440    218.067    223.252  0.000e+00
   58.84494 -136.08536    156.414     58.334     57.781     6.9849    30.3746  1024.0487    23.7799     6.9799     71.803    56.8611    -0.0005      7.976     4.9990     7.1440    218.068    223.253  0.000e+00
   58.84494 -136.08536    156.414     58.334     57.781     6.9847    30.3739  1024.0481    23.7794     6.9797     71.803    56.8611    -0.0005      7.977     4.9990     7.1441    218.071    223.256  0.000e+00
   58.84494 -136.08536    156.414     58.334     57.781     6.9828    30.3745  1024.0489    23.7801     6.9778     71.804    56.8611    -0.0005      7.977     4.9993     7.1445    218.081    223.267  0.000e+00
   58.84494 -136.08536    156.358     58.278     57.725     6.9804    30.3752  1024.0494    23.7809     6.9755     71.804    56.8611    -0.0005      7.977     4.9995     7.1448    218.093    223.279  0.000e+00
   58.84494 -136.08536    156.302     58.221     57.669     6.9786    30.3752  1024.0495    23.7812     6.9736     71.804    56.8611    -0.0005      7.977     4.9997     7.1451    218.102    223.289  0.000e+00
   58.84494 -136.08536    156.302     58.221     57.669     6.9773    30.3760  1024.0502    23.7820     6.9723     71.805    56.8611    -0.0005      7.977     4.9999     7.1454    218.109    223.296  0.000e+00
   58.84494 -136.08536    156.238     58.156     57.605     6.9771    30.3770  1024.0507    23.7828     6.9721     71.805    56.8611    -0.0005      7.977     4.9999     7.1453    218.108    223.295  0.000e+00
   58.84494 -136.08536    156.238     58.156     57.605     6.9787    30.3764  1024.0501    23.7821     6.9738     71.805    56.8611    -0.0005      7.977     4.9997     7.1451    218.100    223.287  0.000e+00
   58.84494 -136.08536    156.182     58.100     57.549     6.9789    30.3761  1024.0496    23.7819     6.9739     71.804    56.8611    -0.0005      7.977     4.9997     7.1451    218.099    223.286  0.000e+00
   58.84494 -136.08536    156.182     58.100     57.549     6.9789    30.3760  1024.0495    23.7818     6.9739     71.805    56.8611    -0.0005      7.977     4.9997     7.1451    218.101    223.287  0.000e+00
   58.84494 -136.08536    156.118     58.035     57.485     6.9802    30.3750  1024.0482    23.7809     6.9753     71.804    56.8611    -0.0005      7.977     4.9996     7.1449    218.094    223.280  0.000e+00
   58.84494 -136.08536    156.118     58.035     57.485     6.9806    30.3749  1024.0481    23.7807     6.9757     71.804    56.8611    -0.0005      7.977     4.9995     7.1448    218.093    223.279  0.000e+00
   58.84494 -136.08536    156.062     57.979     57.429     6.9823    30.3725  1024.0457    23.7786     6.9774     71.860    56.8611    -0.0005      7.977     5.0033     7.1502    218.256    223.446  0.000e+00
   58.84494 -136.08536    156.006     57.922     57.373     6.9847    30.3681  1024.0417    23.7749     6.9798     71.866    57.0289    -0.0005      7.981     5.0036     7.1506    218.271    223.461  0.000e+00
   58.84494 -136.08536    156.006     57.922     57.373     6.9809    30.3681  1024.0422    23.7753     6.9759     71.874    58.0078    -0.0005      7.977     5.0046     7.1521    218.314    223.505  0.000e+00
   58.84494 -136.08536    156.006     57.922     57.373     6.9726    30.3726  1024.0468    23.7800     6.9677     71.826    58.4553    -0.0005      7.981     5.0021     7.1485    218.203    223.392  0.000e+00
   58.84494 -136.08536    155.942     57.857     57.309     6.9698    30.3737  1024.0477    23.7812     6.9649     71.874    58.4833    -0.0005      7.977     5.0057     7.1536    218.360    223.552  0.000e+00
   58.84494 -136.08536    155.886     57.801     57.253     6.9669    30.3751  1024.0489    23.7826     6.9620     71.880    58.4274    -0.0005      7.981     5.0064     7.1546    218.391    223.585  0.000e+00
   58.84494 -136.08536    155.829     57.744     57.197     6.9619    30.3768  1024.0506    23.7846     6.9570     71.886    58.4274    -0.0005      7.981     5.0073     7.1560    218.432    223.627  0.000e+00
   58.84494 -136.08536    155.886     57.801     57.253     6.9579    30.3785  1024.0528    23.7865     6.9530     71.893    58.4274    -0.0005      7.977     5.0082     7.1572    218.470    223.667  0.000e+00
   58.84494 -136.08536    155.829     57.744     57.197     6.9545    30.3807  1024.0546    23.7886     6.9496     71.898    58.4274    -0.0005      7.977     5.0089     7.1582    218.500    223.698  0.000e+00
   58.84494 -136.08536    155.765     57.679     57.133     6.9547    30.3801  1024.0538    23.7881     6.9498     71.903    58.4274    -0.0005      7.981     5.0092     7.1586    218.513    223.711  0.000e+00
   58.84494 -136.08536    155.709     57.623     57.077     6.9619    30.3743  1024.0482    23.7827     6.9570     71.906    58.4274    -0.0005      7.981     5.0088     7.1580    218.495    223.692  0.000e+00
   58.84494 -136.08536    155.709     57.623     57.077     6.9609    30.3745  1024.0484    23.7829     6.9560     71.910    58.4274    -0.0005      7.981     5.0092     7.1586    218.513    223.710  0.000e+00
   58.84494 -136.08536    155.709     57.623     57.077     6.9626    30.3736  1024.0475    23.7820     6.9577     71.914    58.4274    -0.0005      7.981     5.0093     7.1588    218.518    223.715  0.000e+00
   58.84494 -136.08536    155.645     57.558     57.013     6.9710    30.3679  1024.0417    23.7765     6.9661     71.916    58.4274    -0.0005      7.977     5.0086     7.1578    218.490    223.685  0.000e+00
   58.84494 -136.08536    155.589     57.502     56.957     6.9776    30.3646  1024.0379    23.7730     6.9727     71.917    58.4274    -0.0005      7.981     5.0081     7.1571    218.467    223.661  0.000e+00
   58.84494 -136.08536    155.589     57.502     56.957     6.9831    30.3616  1024.0348    23.7699     6.9782     71.919    58.4274    -0.0005      7.977     5.0077     7.1565    218.451    223.644  0.000e+00
   58.84494 -136.08536    155.533     57.445     56.901     6.9867    30.3602  1024.0330    23.7683     6.9818     71.921    58.4274    -0.0005      7.981     5.0074     7.1561    218.440    223.632  0.000e+00
   58.84494 -136.08536    155.533     57.445     56.901     6.9920    30.3574  1024.0301    23.7654     6.9871     71.979    58.4274    -0.0005      7.981     5.0109     7.1611    218.593    223.788  0.000e+00
   58.84494 -136.08536    155.469     57.380     56.837     6.9946    30.3552  1024.0277    23.7634     6.9897     71.987    58.4274    -0.0005      7.981     5.0113     7.1616    218.608    223.803  0.000e+00
   58.84494 -136.08536    155.469     57.380     56.837     6.9949    30.3551  1024.0277    23.7633     6.9900     71.996    58.4274    -0.0005      7.981     5.0118     7.1624    218.633    223.828  0.000e+00
   58.84494 -136.08536    155.413     57.324     56.781     6.9944    30.3555  1024.0278    23.7637     6.9895     72.003    58.4274    -0.0005      7.981     5.0124     7.1632    218.658    223.854  0.000e+00
   58.84494 -136.08536    155.413     57.324     56.781     6.9914    30.3579  1024.0301    23.7660     6.9865     72.011    58.4274    -0.0005      7.981     5.0132     7.1644    218.693    223.891  0.000e+00
   58.84494 -136.08536    155.349     57.259     56.717     6.9902    30.3587  1024.0305    23.7667     6.9854     72.017    58.4553    -0.0005      7.981     5.0138     7.1652    218.717    223.916  0.000e+00
   58.84494 -136.08536    155.293     57.202     56.661     6.9907    30.3587  1024.0302    23.7667     6.9858     72.023    58.4833    -0.0005      7.981     5.0141     7.1657    218.732    223.931  0.000e+00
   58.84494 -136.08536    155.293     57.202     56.661     6.9941    30.3568  1024.0283    23.7648     6.9892     72.028    58.4833    -0.0005      7.981     5.0141     7.1657    218.733    223.931  0.000e+00
   58.84494 -136.08536    155.237     57.146     56.605     6.9951    30.3567  1024.0278    23.7645     6.9902     72.032    58.4833    -0.0005      7.981     5.0143     7.1660    218.741    223.940  0.000e+00
   58.84494 -136.08536    155.237     57.146     56.605     6.9961    30.3565  1024.0275    23.7643     6.9912     72.037    58.4833    -0.0005      7.981     5.0145     7.1662    218.749    223.948  0.000e+00
   58.84494 -136.08536    155.173     57.081     56.540     7.0037    30.3515  1024.0223    23.7593     6.9988     72.038    58.4833    -0.0005      7.981     5.0139     7.1654    218.725    223.921  0.000e+00
   58.84494 -136.08536    155.117     57.025     56.484     7.0089    30.3473  1024.0181    23.7554     7.0040     72.040    58.4833    -0.0005      7.981     5.0136     7.1649    218.710    223.906  0.000e+00
   58.84494 -136.08536    155.117     57.025     56.484     7.0127    30.3446  1024.0154    23.7527     7.0078     72.042    58.4833    -0.0005      7.981     5.0133     7.1646    218.701    223.896  0.000e+00
   58.84494 -136.08536    155.061     56.968     56.428     7.0155    30.3428  1024.0134    23.7510     7.0106     72.043    58.4833    -0.0005      7.981     5.0131     7.1643    218.693    223.887  0.000e+00
