EcoFOCI/data/1_SampleCollection/2022_GOA-OA_CruiseData/CTD_raw_BottleFile_RC0083/RC0083_032.ros
* Sea-Bird SBE 9 Data File:
* FileName = C:\Data\RC0083ctd\RC0083_032.hex
* Software Version Seasave V 7.26.7.107
* Temperature SN = 2060
* Conductivity SN = 1084
* Number of Bytes Per Scan = 31
* Number of Voltage Words = 4
* Number of Scans Averaged by the Deck Unit = 1
* NMEA Latitude = 58 33.82 N
* NMEA Longitude = 135 07.12 W
* NMEA UTC (Time) = Aug 18 2022  03:14:58
* NMEA baud rate = 4800
** Ship: R/V Rachel Carson
** Cruise ID: RC0083
** Tech: McHugh/Nomura
** Chief Scientist: Cross
** Station: JH3
** Cast:  CTD032
# nquan = 21
# nvalues = 196                                   
# units = specified
# name 0 = latitude: Latitude [deg]
# name 1 = longitude: Longitude [deg]
# name 2 = sfdSM: Seafloor depth [salt water, m]
# name 3 = prDM: Pressure, Digiquartz [db]
# name 4 = depSM: Depth [salt water, m]
# name 5 = t090C: Temperature [ITS-90, deg C]
# name 6 = sal00: Salinity, Practical [PSU]
# name 7 = density00: Density [density, kg/m^3]
# name 8 = sigma-é00: Density [sigma-theta, kg/m^3]
# name 9 = potemp090C: Potential Temperature [ITS-90, deg C]
# name 10 = sbeox0PS: Oxygen, SBE 43 [% saturation]
# name 11 = CStarTr0: Beam Transmission, WET Labs C-Star [%]
# name 12 = flECO-AFL: Fluorescence, WET Labs ECO-AFL/FL [mg/m^3]
# name 13 = ph: pH
# name 14 = sbeox0ML/L: Oxygen, SBE 43 [ml/l]
# name 15 = sbeox0Mg/L: Oxygen, SBE 43 [mg/l]
# name 16 = sbox0Mm/Kg: Oxygen, SBE 43 [umol/kg]
# name 17 = sbeox0Mm/L: Oxygen, SBE 43 [umol/l]
# name 18 = scan: Scan Count
# name 19 = nbf: Bottles Fired
# name 20 = flag:  0.000e+00
# interval = seconds: 0.0416667
# start_time = Aug 18 2022 03:14:58 [NMEA time, header]
# bad_flag = -9.990e-29
*END*
   58.56424 -135.11926    138.034    130.943    129.682     5.0856    32.9892  1026.6791    26.0728     5.0757     30.962    98.6468    -0.0591      7.621     2.2151     3.1657     96.415     98.929       5193          1  0.000e+00
   58.56424 -135.11926    137.970    130.878    129.618     5.0857    32.9888  1026.6785    26.0725     5.0759     30.960    98.6468    -0.0591      7.616     2.2150     3.1655     96.409     98.923       5194          1  0.000e+00
   58.56424 -135.11926    138.090    131.000    129.739     5.0856    32.9889  1026.6791    26.0726     5.0757     30.960    98.6468    -0.0591      7.621     2.2150     3.1654     96.408     98.922       5195          1  0.000e+00
   58.56424 -135.11926    138.146    131.056    129.795     5.0857    32.9889  1026.6794    26.0725     5.0759     30.959    98.6468    -0.0591      7.616     2.2150     3.1654     96.406     98.920       5196          1  0.000e+00
   58.56424 -135.11926    138.034    130.943    129.682     5.0856    32.9888  1026.6788    26.0725     5.0757     30.958    98.6188    -0.0591      7.616     2.2149     3.1653     96.404     98.918       5197          1  0.000e+00
   58.56424 -135.11926    138.098    131.008    129.747     5.0856    32.9885  1026.6788    26.0722     5.0757     30.959    98.6188    -0.0591      7.621     2.2149     3.1654     96.405     98.919       5198          1  0.000e+00
   58.56424 -135.11926    138.034    130.943    129.682     5.0856    32.9885  1026.6786    26.0722     5.0757     30.959    98.6188    -0.0591      7.616     2.2149     3.1654     96.406     98.919       5199          1  0.000e+00
   58.56424 -135.11926    138.090    131.000    129.739     5.0854    32.9883  1026.6787    26.0721     5.0756     30.960    98.6188    -0.0591      7.616     2.2150     3.1655     96.409     98.922       5200          1  0.000e+00
   58.56424 -135.11926    138.034    130.943    129.682     5.0856    32.9884  1026.6785    26.0722     5.0757     30.960    98.6188    -0.0591      7.616     2.2151     3.1655     96.411     98.925       5201          1  0.000e+00
   58.56424 -135.11926    138.090    131.000    129.739     5.0852    32.9890  1026.6792    26.0727     5.0754     30.962    98.6188    -0.0591      7.616     2.2152     3.1657     96.417     98.930       5202          1  0.000e+00
   58.56424 -135.11926    138.090    131.000    129.738     5.0851    32.9888  1026.6791    26.0725     5.0752     30.964    98.6188    -0.0591      7.616     2.2153     3.1659     96.423     98.937       5203          1  0.000e+00
   58.56424 -135.11926    138.090    131.000    129.738     5.0851    32.9889  1026.6792    26.0726     5.0752     30.966    98.6188    -0.0591      7.621     2.2155     3.1661     96.429     98.943       5204          1  0.000e+00
   58.56424 -135.11926    138.034    130.943    129.682     5.0854    32.9888  1026.6788    26.0725     5.0756     30.968    98.6188    -0.0591      7.616     2.2156     3.1663     96.435     98.949       5205          1  0.000e+00
   58.56424 -135.11926    138.154    131.064    129.803     5.0852    32.9889  1026.6795    26.0726     5.0754     30.914    98.6188    -0.0591      7.616     2.2117     3.1608     96.266     98.776       5206          1  0.000e+00
   58.56424 -135.11926    138.090    131.000    129.738     5.0856    32.9886  1026.6789    26.0723     5.0757     30.909    98.6188    -0.0591      7.616     2.2114     3.1602     96.250     98.759       5207          1  0.000e+00
   58.56424 -135.11926    138.034    130.943    129.682     5.0854    32.9889  1026.6789    26.0726     5.0756     30.962    98.6188    -0.0591      7.616     2.2152     3.1657     96.415     98.929       5208          1  0.000e+00
   58.56424 -135.11926    138.146    131.056    129.795     5.0856    32.9885  1026.6790    26.0722     5.0757     30.967    98.6188    -0.0591      7.621     2.2155     3.1662     96.431     98.945       5209          1  0.000e+00
   58.56424 -135.11926    138.034    130.943    129.682     5.0856    32.9887  1026.6787    26.0724     5.0757     30.914    98.6188    -0.0591      7.621     2.2117     3.1608     96.265     98.775       5210          1  0.000e+00
   58.56424 -135.11926    138.090    131.000    129.738     5.0859    32.9885  1026.6788    26.0722     5.0760     30.911    98.6188    -0.0591      7.621     2.2115     3.1605     96.257     98.766       5211          1  0.000e+00
   58.56424 -135.11926    138.066    131.000    129.738     5.0857    32.9886  1026.6788    26.0723     5.0759     30.967    98.6188    -0.0591      7.616     2.2155     3.1662     96.430     98.944       5212          1  0.000e+00
   58.56424 -135.11926    138.066    131.000    129.738     5.0857    32.9886  1026.6789    26.0723     5.0759     30.964    98.6188    -0.0591      7.616     2.2153     3.1659     96.423     98.937       5213          1  0.000e+00
   58.56424 -135.11926    138.066    131.000    129.738     5.0857    32.9890  1026.6792    26.0726     5.0759     30.905    98.6188    -0.0591      7.616     2.2111     3.1598     96.237     98.746       5214          1  0.000e+00
   58.56424 -135.11926    138.010    130.943    129.682     5.0857    32.9892  1026.6791    26.0727     5.0759     30.903    98.6188    -0.0591      7.616     2.2109     3.1597     96.232     98.741       5215          1  0.000e+00
   58.56424 -135.11926    138.066    131.000    129.738     5.0859    32.9891  1026.6792    26.0727     5.0760     30.903    98.5629    -0.0591      7.616     2.2109     3.1596     96.230     98.739       5216          1  0.000e+00
   58.56424 -135.11926    138.010    130.943    129.682     5.0859    32.9890  1026.6789    26.0726     5.0760     30.894    98.5349    -0.0591      7.616     2.2103     3.1587     96.202     98.711       5217          1  0.000e+00
   58.56424 -135.11926    138.066    131.000    129.738     5.0857    32.9892  1026.6794    26.0728     5.0759     30.952    98.5349    -0.0591      7.616     2.2144     3.1647     96.384     98.897       5218          1  0.000e+00
   58.56424 -135.11926    138.122    131.056    129.794     5.0860    32.9890  1026.6794    26.0726     5.0762     30.904    98.5349    -0.0591      7.616     2.2110     3.1597     96.233     98.742       5219          1  0.000e+00
   58.56424 -135.11926    138.122    131.056    129.794     5.0857    32.9890  1026.6795    26.0726     5.0759     30.954    98.5349    -0.0591      7.616     2.2146     3.1649     96.390     98.903       5220          1  0.000e+00
   58.56424 -135.11926    138.090    131.000    129.738     5.0857    32.9895  1026.6796    26.0730     5.0759     30.906    98.5349    -0.0591      7.616     2.2111     3.1599     96.240     98.749       5221          1  0.000e+00
   58.56424 -135.11926    138.090    131.000    129.738     5.0859    32.9891  1026.6793    26.0727     5.0760     30.966    98.5349    -0.0591      7.616     2.2154     3.1660     96.426     98.940       5222          1  0.000e+00
   58.56424 -135.11926    138.090    131.000    129.738     5.0860    32.9887  1026.6789    26.0723     5.0762     30.910    98.5349    -0.0591      7.621     2.2114     3.1604     96.253     98.762       5223          1  0.000e+00
   58.56424 -135.11926    138.098    131.008    129.746     5.0859    32.9891  1026.6793    26.0727     5.0760     30.904    98.5349    -0.0591      7.616     2.2110     3.1598     96.235     98.744       5224          1  0.000e+00
   58.56424 -135.11926    138.090    131.000    129.738     5.0860    32.9892  1026.6793    26.0728     5.0762     30.956    98.5349    -0.0591      7.616     2.2147     3.1651     96.396     98.909       5225          1  0.000e+00
   58.56424 -135.11926    138.146    131.056    129.794     5.0859    32.9895  1026.6798    26.0730     5.0760     30.910    98.5349    -0.0591      7.616     2.2114     3.1604     96.253     98.763       5226          1  0.000e+00
   58.56424 -135.11926    137.945    130.878    129.618     5.0859    32.9894  1026.6789    26.0729     5.0760     30.905    98.5349    -0.0591      7.616     2.2110     3.1598     96.236     98.745       5227          1  0.000e+00
   58.56424 -135.11926    138.122    131.056    129.794     5.0857    32.9897  1026.6800    26.0732     5.0759     30.910    98.5349    -0.0591      7.616     2.2114     3.1603     96.252     98.761       5228          1  0.000e+00
   58.56424 -135.11926    138.066    131.000    129.738     5.0862    32.9888  1026.6790    26.0724     5.0764     30.914    98.5349    -0.0591      7.616     2.2117     3.1608     96.265     98.775       5229          1  0.000e+00
   58.56424 -135.11926    138.066    131.000    129.738     5.0859    32.9895  1026.6796    26.0730     5.0760     30.911    98.5349    -0.0591      7.621     2.2115     3.1605     96.256     98.766       5230          1  0.000e+00
   58.56424 -135.11926    138.066    131.000    129.738     5.0860    32.9894  1026.6795    26.0729     5.0762     30.908    98.5349    -0.0591      7.621     2.2113     3.1602     96.247     98.756       5231          1  0.000e+00
   58.56424 -135.11926    138.074    131.008    129.746     5.0859    32.9894  1026.6795    26.0729     5.0760     30.906    98.5349    -0.0591      7.621     2.2111     3.1599     96.240     98.749       5232          1  0.000e+00
   58.56424 -135.11926    138.009    130.943    129.682     5.0860    32.9889  1026.6789    26.0725     5.0762     30.904    98.5349    -0.0591      7.621     2.2110     3.1597     96.233     98.742       5233          1  0.000e+00
   58.56424 -135.11926    138.066    131.000    129.738     5.0859    32.9890  1026.6792    26.0726     5.0760     30.911    98.5349    -0.0591      7.616     2.2115     3.1604     96.255     98.765       5234          1  0.000e+00
   58.56424 -135.11926    138.122    131.056    129.794     5.0860    32.9891  1026.6795    26.0727     5.0762     30.910    98.5349    -0.0591      7.616     2.2114     3.1603     96.252     98.762       5235          1  0.000e+00
   58.56424 -135.11926    138.041    131.000    129.738     5.0860    32.9889  1026.6791    26.0725     5.0762     30.851    98.5908    -0.0591      7.621     2.2072     3.1544     96.070     98.575       5236          1  0.000e+00
   58.56424 -135.11926    138.041    131.000    129.738     5.0859    32.9888  1026.6790    26.0725     5.0760     30.843    98.6188    -0.0591      7.621     2.2066     3.1535     96.045     98.549       5237          1  0.000e+00
   58.56424 -135.11926    138.041    130.999    129.738     5.0860    32.9890  1026.6791    26.0726     5.0762     30.893    98.6188    -0.0591      7.616     2.2102     3.1586     96.200     98.708       5238          1  0.000e+00
   58.56424 -135.11926    138.041    130.999    129.738     5.0859    32.9893  1026.6794    26.0728     5.0760     30.894    98.6188    -0.0591      7.621     2.2103     3.1587     96.203     98.711       5239          1  0.000e+00
   58.56424 -135.11926    138.041    130.999    129.738     5.0859    32.9896  1026.6796    26.0731     5.0760     30.895    98.6188    -0.0591      7.616     2.2104     3.1589     96.207     98.716       5240          1  0.000e+00
   58.56424 -135.11926    137.985    130.943    129.682     5.0860    32.9895  1026.6793    26.0729     5.0762     30.897    98.6188    -0.0591      7.616     2.2105     3.1590     96.212     98.720       5241          1  0.000e+00
   58.56430 -135.11898    137.223     51.358     50.873     6.5819    31.2891  1024.7876    24.5509     6.5776     64.318   100.6046    -0.0005      7.882     4.4928     6.4206    195.840    200.648       8616          2  0.000e+00
   58.56430 -135.11898    137.110     51.245     50.761     6.5819    31.2886  1024.7868    24.5505     6.5776     64.258   100.6046    -0.0005      7.887     4.4886     6.4147    195.658    200.462       8617          2  0.000e+00
   58.56430 -135.11898    137.046     51.180     50.697     6.5817    31.2889  1024.7867    24.5508     6.5774     64.255   100.6046    -0.0005      7.887     4.4884     6.4144    195.649    200.453       8618          2  0.000e+00
   58.56430 -135.11898    137.110     51.245     50.761     6.5822    31.2887  1024.7868    24.5506     6.5779     64.253   100.6046    -0.0005      7.887     4.4882     6.4142    195.642    200.445       8619          2  0.000e+00
   58.56430 -135.11898    137.110     51.245     50.761     6.5827    31.2881  1024.7863    24.5500     6.5784     64.252   100.6046    -0.0005      7.887     4.4881     6.4139    195.635    200.438       8620          2  0.000e+00
   58.56430 -135.11898    137.110     51.245     50.761     6.5826    31.2884  1024.7865    24.5503     6.5783     64.250   100.6046    -0.0005      7.882     4.4880     6.4138    195.630    200.433       8621          2  0.000e+00
   58.56430 -135.11898    137.046     51.180     50.697     6.5829    31.2884  1024.7862    24.5503     6.5786     64.248   100.6046    -0.0005      7.887     4.4878     6.4135    195.623    200.426       8622          2  0.000e+00
   58.56430 -135.11898    137.110     51.245     50.761     6.5822    31.2889  1024.7869    24.5507     6.5779     64.240   100.6046    -0.0005      7.887     4.4873     6.4128    195.601    200.403       8623          2  0.000e+00
   58.56430 -135.11898    137.110     51.245     50.761     6.5821    31.2891  1024.7871    24.5509     6.5778     64.239   100.6046    -0.0005      7.887     4.4872     6.4127    195.598    200.400       8624          2  0.000e+00
   58.56430 -135.11898    137.054     51.188     50.705     6.5819    31.2892  1024.7870    24.5510     6.5776     64.230   100.6046    -0.0005      7.887     4.4866     6.4119    195.572    200.373       8625          2  0.000e+00
   58.56432 -135.11898    137.110     51.245     50.761     6.5821    31.2889  1024.7870    24.5507     6.5778     64.230   100.6046    -0.0005      7.887     4.4866     6.4118    195.571    200.372       8626          2  0.000e+00
   58.56432 -135.11898    137.152     51.188     50.705     6.5819    31.2892  1024.7869    24.5509     6.5776     64.221   100.6046    -0.0005      7.887     4.4860     6.4110    195.545    200.346       8627          2  0.000e+00
   58.56432 -135.11898    137.281     51.245     50.761     6.5814    31.2893  1024.7874    24.5511     6.5771     64.221   100.6046    -0.0005      7.882     4.4861     6.4111    195.547    200.348       8628          2  0.000e+00
   58.56432 -135.11898    137.281     51.245     50.761     6.5814    31.2895  1024.7875    24.5512     6.5771     64.221   100.6046    -0.0005      7.887     4.4861     6.4110    195.547    200.348       8629          2  0.000e+00
   58.56432 -135.11898    137.225     51.188     50.705     6.5817    31.2893  1024.7870    24.5511     6.5774     64.221   100.6046    -0.0005      7.887     4.4860     6.4110    195.545    200.346       8630          2  0.000e+00
   58.56432 -135.11898    137.217     51.180     50.697     6.5814    31.2893  1024.7871    24.5511     6.5772     64.166   100.6046    -0.0005      7.887     4.4822     6.4055    195.378    200.175       8631          2  0.000e+00
   58.56432 -135.11898    137.281     51.245     50.761     6.5816    31.2893  1024.7873    24.5511     6.5773     64.216   100.6046    -0.0005      7.887     4.4857     6.4105    195.530    200.331       8632          2  0.000e+00
   58.56432 -135.11898    137.217     51.180     50.697     6.5816    31.2892  1024.7870    24.5510     6.5773     64.217   100.6046    -0.0005      7.887     4.4858     6.4106    195.534    200.334       8633          2  0.000e+00
   58.56432 -135.11898    137.281     51.245     50.761     6.5816    31.2893  1024.7873    24.5511     6.5773     64.220   100.6046    -0.0005      7.887     4.4859     6.4108    195.541    200.342       8634          2  0.000e+00
