EcoFOCI/data/1_SampleCollection/2022_GOA-OA_CruiseData/CTD_raw_BottleFile_RC0083/RC0083_098.cnv
* Sea-Bird SBE 9 Data File:
* FileName = C:\Data\RC0083ctd\RC0083_098.hex
* Software Version Seasave V 7.26.7.107
* Temperature SN = 2060
* Conductivity SN = 2881
* Number of Bytes Per Scan = 31
* Number of Voltage Words = 4
* Number of Scans Averaged by the Deck Unit = 1
* NMEA Latitude = 57 04.92 N
* NMEA Longitude = 133 41.16 W
* NMEA UTC (Time) = Aug 22 2022  16:28:55
* NMEA baud rate = 4800
** Ship: R/V Rachel Carson
** Cruise ID: RC0083
** Tech: McHugh/Nomura
** Chief Scientist: Cross
** Station: FSD
** Cast:  CTD098
# nquan = 19
# nvalues = 5431                                  
# units = specified
# name 0 = latitude: Latitude [deg]
# name 1 = longitude: Longitude [deg]
# name 2 = sfdSM: Seafloor depth [salt water, m]
# name 3 = prDM: Pressure, Digiquartz [db]
# name 4 = depSM: Depth [salt water, m]
# name 5 = t090C: Temperature [ITS-90, deg C]
# name 6 = sal00: Salinity, Practical [PSU]
# name 7 = density00: Density [density, kg/m^3]
# name 8 = sigma-é00: Density [sigma-theta, kg/m^3]
# name 9 = potemp090C: Potential Temperature [ITS-90, deg C]
# name 10 = sbeox0PS: Oxygen, SBE 43 [% saturation]
# name 11 = CStarTr0: Beam Transmission, WET Labs C-Star [%]
# name 12 = flECO-AFL: Fluorescence, WET Labs ECO-AFL/FL [mg/m^3]
# name 13 = ph: pH
# name 14 = sbeox0ML/L: Oxygen, SBE 43 [ml/l]
# name 15 = sbeox0Mg/L: Oxygen, SBE 43 [mg/l]
# name 16 = sbox0Mm/Kg: Oxygen, SBE 43 [umol/kg]
# name 17 = sbeox0Mm/L: Oxygen, SBE 43 [umol/l]
# name 18 = flag:  0.000e+00
# span 0 =   57.08050,   57.08206                 
# span 1 = -133.68606, -133.68460                 
# span 2 =      5.418,     70.584                 
# span 3 =      2.873,     52.960                 
# span 4 =      2.847,     52.466                 
# span 5 =     6.6539,    12.1303                 
# span 6 =    25.4935,    32.0490                 
# span 7 =  1019.2105,  1025.3834                 
# span 8 =    19.1964,    25.1405                 
# span 9 =     6.6494,    12.1298                 
# span 10 =     42.912,    101.907                
# span 11 =    88.8296,   102.8701                
# span 12 =     0.0581,     2.0508                
# span 13 =      7.814,      8.294                
# span 14 =     2.9775,     6.5416                
# span 15 =     4.2552,     9.3486                
# span 16 =    129.716,    286.450                
# span 17 =    132.977,    292.148                
# span 18 = 0.0000e+00, 0.0000e+00                
# interval = seconds: 0.0416667
# start_time = Aug 22 2022 16:28:55 [NMEA time, header]
# bad_flag = -9.990e-29
*END*
[from data line 1448]
   57.08154 -133.68582     63.514      6.800      6.738    11.3400    26.2494  1019.9469    19.9160    11.3392     99.837    93.3047     1.2888      8.288     6.4753     9.2539    283.542    289.189  0.000e+00
   57.08154 -133.68582     63.418      6.704      6.642    11.2609    26.3325  1020.0241    19.9936    11.2601     99.784    93.3047     1.2888      8.288     6.4796     9.2600    283.706    289.378  0.000e+00
   57.08154 -133.68582     63.668      6.857      6.794    11.1958    26.4082  1020.0942    20.0631    11.1951     99.783    93.3047     1.2888      8.288     6.4855     9.2685    283.947    289.644  0.000e+00
   57.08154 -133.68582     63.636      6.825      6.762    11.1461    26.4665  1020.1475    20.1165    11.1454     99.778    93.3047     1.2888      8.289     6.4898     9.2746    284.121    289.836  0.000e+00
   57.08154 -133.68582     63.668      6.857      6.794    11.1009    26.5164  1020.1938    20.1627    11.1002     99.781    93.3047     1.2888      8.289     6.4943     9.2810    284.303    290.035  0.000e+00
   57.08154 -133.68582     63.668      6.857      6.794    11.0558    26.5641  1020.2383    20.2072    11.0550     99.778    93.3047     1.2888      8.289     6.4985     9.2870    284.476    290.224  0.000e+00
   57.08154 -133.68582     63.692      6.881      6.818    11.0206    26.6026  1020.2741    20.2428    11.0198     99.781    93.3047     1.2888      8.289     6.5021     9.2921    284.621    290.383  0.000e+00
   57.08154 -133.68582     63.732      6.922      6.858    10.9926    26.6328  1020.3023    20.2709    10.9918     99.724    93.3047     1.2888      8.289     6.5011     9.2907    284.569    290.338  0.000e+00
   57.08154 -133.68582     63.732      6.922      6.858    10.9645    26.6631  1020.3304    20.2989    10.9638     99.722    93.3047     1.2888      8.285     6.5037     9.2944    284.676    290.455  0.000e+00
   57.08154 -133.68582     63.812      7.002      6.938    10.9381    26.6923  1020.3577    20.3259    10.9374     99.723    93.3047     1.2888      8.285     6.5063     9.2981    284.781    290.569  0.000e+00
   57.08154 -133.68582     63.788      6.978      6.914    10.9101    26.7219  1020.3852    20.3535    10.9094     99.718    93.3047     1.2888      8.285     6.5087     9.3016    284.880    290.678  0.000e+00
   57.08154 -133.68582     63.893      7.059      6.994    10.8815    26.7526  1020.4140    20.3820    10.8808     99.721    93.3047     1.2888      8.285     6.5117     9.3059    285.004    290.812  0.000e+00
   57.08154 -133.68582     63.908      7.099      7.034    10.8542    26.7828  1020.4421    20.4098    10.8535     99.725    93.3047     1.2888      8.285     6.5146     9.3100    285.122    290.941  0.000e+00
   57.08154 -133.68582     63.908      7.099      7.034    10.8227    26.8161  1020.4731    20.4408    10.8219     99.670    93.3047     1.2888      8.285     6.5141     9.3093    285.091    290.919  0.000e+00
   57.08154 -133.68582     63.957      7.123      7.058    10.7966    26.8461  1020.5008    20.4684    10.7958     99.611    93.2208     1.3768      8.285     6.5127     9.3072    285.022    290.856  0.000e+00
   57.08154 -133.68582     64.020      7.212      7.146    10.7721    26.8750  1020.5276    20.4948    10.7713     99.603    93.0809     1.4647      8.281     6.5144     9.3098    285.092    290.935  0.000e+00
   57.08154 -133.68582     63.932      7.123      7.058    10.7417    26.9097  1020.5590    20.5266    10.7409     99.596    93.0530     1.4647      8.286     6.5168     9.3132    285.188    291.042  0.000e+00
   57.08154 -133.68582     64.045      7.212      7.146    10.7178    26.9376  1020.5850    20.5522    10.7170     99.591    93.0809     1.4647      8.281     6.5188     9.3160    285.266    291.129  0.000e+00
   57.08154 -133.68582     64.109      7.277      7.210    10.7064    26.9513  1020.5978    20.5647    10.7056     99.586    93.0809     1.4647      8.281     6.5195     9.3170    285.295    291.162  0.000e+00
   57.08154 -133.68582     64.044      7.237      7.170    10.6938    26.9646  1020.6100    20.5771    10.6930     99.527    93.0809     1.4647      8.281     6.5169     9.3132    285.175    291.043  0.000e+00
   57.08154 -133.68582     63.791      7.277      7.210    10.6750    26.9853  1020.6292    20.5961    10.6742     99.515    93.0809     1.4647      8.281     6.5179     9.3147    285.215    291.090  0.000e+00
   57.08154 -133.68582     63.358      7.358      7.290    10.6595    27.0023  1020.6453    20.6119    10.6587     99.505    93.0809     1.4647      8.281     6.5187     9.3159    285.247    291.127  0.000e+00
   57.08154 -133.68582     63.227      7.398      7.330    10.6460    27.0160  1020.6584    20.6247    10.6452     99.446    93.0809     1.4647      8.277     6.5162     9.3124    285.134    291.015  0.000e+00
   57.08154 -133.68582     63.276      7.398      7.330    10.6376    27.0243  1020.6661    20.6325    10.6368     99.443    93.0809     1.4647      8.277     6.5169     9.3133    285.161    291.045  0.000e+00
   57.08154 -133.68582     63.300      7.422      7.354    10.6308    27.0309  1020.6725    20.6387    10.6300     99.382    93.0809     1.4647      8.277     6.5136     9.3086    285.015    290.897  0.000e+00
   57.08154 -133.68582     63.405      7.455      7.386    10.6229    27.0393  1020.6804    20.6465    10.6221     99.379    93.0809     1.4647      8.277     6.5141     9.3094    285.037    290.922  0.000e+00
   57.08154 -133.68582     63.510      7.511      7.442    10.6068    27.0571  1020.6971    20.6629    10.6060     99.318    93.0809     1.4647      8.277     6.5118     9.3059    284.928    290.815  0.000e+00
   57.08154 -133.68582     63.503      7.479      7.410    10.5908    27.0765  1020.7146    20.6806    10.5900     99.254    93.0809     1.4647      8.277     6.5090     9.3020    284.803    290.693  0.000e+00
   57.08154 -133.68582     63.510      7.511      7.442    10.5762    27.0952  1020.7316    20.6974    10.5753     99.183    93.0809     1.4647      8.277     6.5056     9.2972    284.650    290.541  0.000e+00
   57.08154 -133.68582     63.598      7.600      7.530    10.5595    27.1159  1020.7507    20.7162    10.5587     99.159    93.0809     1.4647      8.277     6.5056     9.2971    284.642    290.539  0.000e+00
   57.08154 -133.68582     63.599      7.576      7.506    10.5415    27.1389  1020.7714    20.7370    10.5407     99.081    93.0809     1.4647      8.277     6.5021     9.2921    284.484    290.383  0.000e+00
   57.08154 -133.68582     63.792      7.697      7.626    10.5221    27.1618  1020.7929    20.7578    10.5212     99.008    93.0809     1.4647      8.277     6.4991     9.2879    284.348    290.250  0.000e+00
   57.08154 -133.68582     63.776      7.656      7.586    10.5065    27.1806  1020.8099    20.7750    10.5057     98.930    93.0809     1.4647      8.277     6.4954     9.2826    284.183    290.087  0.000e+00
   57.08154 -133.68582     63.816      7.697      7.626    10.4936    27.1965  1020.8244    20.7894    10.4928     98.907    93.0530     1.4647      8.273     6.4951     9.2821    284.161    290.069  0.000e+00
   57.08154 -133.68582     63.792      7.697      7.626    10.4820    27.2109  1020.8375    20.8024    10.4811     98.825    92.6894     1.4647      8.273     6.4907     9.2759    283.969    289.876  0.000e+00
   57.08154 -133.68582     63.872      7.778      7.706    10.4685    27.2269  1020.8524    20.8170    10.4677     98.802    91.5147     1.4940      8.273     6.4905     9.2756    283.956    289.867  0.000e+00
   57.08154 -133.68582     63.904      7.810      7.738    10.4527    27.2460  1020.8699    20.8344    10.4519     98.728    91.0672     1.5233      8.273     6.4871     9.2708    283.802    289.715  0.000e+00
   57.08154 -133.68582     63.928      7.834      7.762    10.4383    27.2640  1020.8864    20.8507    10.4375     98.653    91.0672     1.5233      8.273     6.4834     9.2655    283.636    289.550  0.000e+00
   57.08154 -133.68582     63.904      7.810      7.738    10.4272    27.2784  1020.8992    20.8636    10.4264     98.569    91.1231     1.4940      8.273     6.4789     9.2590    283.435    289.349  0.000e+00
   57.08154 -133.68582     63.968      7.874      7.802    10.4138    27.2954  1020.9149    20.8790    10.4129     98.480    91.1231     1.5233      8.273     6.4743     9.2524    283.227    289.141  0.000e+00
   57.08154 -133.68582     64.016      7.899      7.826    10.4001    27.3133  1020.9311    20.8951    10.3993     98.389    91.1511     1.5233      8.273     6.4695     9.2455    283.013    288.926  0.000e+00
   57.08154 -133.68582     64.048      7.931      7.858    10.3909    27.3262  1020.9427    20.9066    10.3900     98.357    91.1511     1.4940      8.273     6.4681     9.2436    282.952    288.867  0.000e+00
   57.08154 -133.68582     64.048      7.931      7.858    10.3826    27.3373  1020.9526    20.9165    10.3818     98.268    91.1511     1.5233      8.273     6.4630     9.2363    282.725    288.638  0.000e+00
   57.08154 -133.68582     64.072      7.955      7.882    10.3768    27.3453  1020.9599    20.9237    10.3760     98.178    91.1511     1.5233      8.273     6.4576     9.2286    282.486    288.397  0.000e+00
   57.08154 -133.68582     64.104      7.988      7.914    10.3732    27.3514  1020.9654    20.9290    10.3723     98.143    91.1511     1.5233      8.273     6.4556     9.2256    282.395    288.305  0.000e+00
   57.08154 -133.68582     64.192      8.076      8.002    10.3702    27.3557  1020.9696    20.9328    10.3694     98.113    91.1511     1.4940      8.268     6.4538     9.2232    282.318    288.228  0.000e+00
   57.08154 -133.68582     64.168      8.052      7.978    10.3659    27.3616  1020.9748    20.9381    10.3650     98.031    91.1511     1.5233      8.268     6.4488     9.2160    282.097    288.004  0.000e+00
   57.08154 -133.68582     64.224      8.109      8.034    10.3614    27.3688  1020.9813    20.9444    10.3606     97.950    91.1511     1.5233      8.268     6.4438     9.2088    281.877    287.780  0.000e+00
   57.08152 -133.68582     64.248      8.133      8.058    10.3564    27.3768  1020.9885    20.9514    10.3555     97.868    91.1511     1.4940      8.268     6.4388     9.2017    281.656    287.557  0.000e+00
   57.08152 -133.68582     64.102      8.109      8.034    10.3522    27.3844  1020.9949    20.9580    10.3513     97.730    91.1511     1.4940      8.268     6.4300     9.1892    281.271    287.165  0.000e+00
   57.08152 -133.68582     64.020      8.173      8.098    10.3491    27.3901  1021.0001    20.9629    10.3482     97.694    91.1231     1.5233      8.268     6.4278     9.1860    281.172    287.066  0.000e+00
   57.08152 -133.68582     63.995      8.197      8.122    10.3464    27.3956  1021.0049    20.9676    10.3456     97.607    91.1511     1.5233      8.268     6.4222     9.1780    280.927    286.817  0.000e+00
   57.08152 -133.68582     64.027      8.230      8.154    10.3422    27.4024  1021.0111    20.9736    10.3413     97.520    91.1511     1.4940      8.268     6.4169     9.1704    280.691    286.578  0.000e+00
   57.08152 -133.68582     64.075      8.254      8.178    10.3379    27.4090  1021.0170    20.9795    10.3370     97.490    91.1511     1.4940      8.269     6.4152     9.1680    280.616    286.503  0.000e+00
   57.08152 -133.68582     64.107      8.286      8.210    10.3339    27.4152  1021.0226    20.9849    10.3330     97.410    91.0672     1.4940      8.269     6.4103     9.1609    280.399    286.283  0.000e+00
   57.08152 -133.68582     64.156      8.286      8.210    10.3296    27.4219  1021.0285    20.9908    10.3287     97.331    90.5358     1.4940      8.269     6.4054     9.1539    280.183    286.065  0.000e+00
   57.08152 -133.68582     64.180      8.310      8.234    10.3258    27.4278  1021.0338    20.9959    10.3249     97.248    90.2561     1.4940      8.264     6.4002     9.1465    279.955    285.833  0.000e+00
   57.08152 -133.68582     64.276      8.407      8.330    10.3230    27.4320  1021.0379    20.9997    10.3221     97.166    90.2281     1.4647      8.264     6.3951     9.1392    279.729    285.603  0.000e+00
   57.08152 -133.68582     64.196      8.351      8.274    10.3210    27.4342  1021.0397    21.0017    10.3201     97.084    90.2561     1.4647      8.264     6.3898     9.1317    279.501    285.370  0.000e+00
   57.08152 -133.68582     64.259      8.488      8.410    10.3184    27.4356  1021.0418    21.0032    10.3175     97.061    90.2561     1.4647      8.264     6.3886     9.1300    279.447    285.317  0.000e+00
   57.08152 -133.68582     64.130      8.407      8.330    10.3154    27.4351  1021.0416    21.0033    10.3145     97.042    90.2840     1.4647      8.264     6.3878     9.1289    279.413    285.281  0.000e+00
   57.08152 -133.68582     64.186      8.464      8.386    10.3124    27.4380  1021.0445    21.0060    10.3115     96.977    90.2561     1.4940      8.264     6.3838     9.1232    279.237    285.103  0.000e+00
   57.08152 -133.68582     64.274      8.553      8.474    10.3101    27.4421  1021.0485    21.0096    10.3092     96.908    90.2561     1.4647      8.264     6.3795     9.1169    279.045    284.907  0.000e+00
   57.08152 -133.68582     64.250      8.529      8.450    10.3082    27.4444  1021.0505    21.0117    10.3073     96.889    90.2561     1.4940      8.264     6.3784     9.1154    278.998    284.860  0.000e+00
   57.08152 -133.68582     64.176      8.553      8.474    10.3060    27.4470  1021.0529    21.0140    10.3051     96.823    90.2561     1.4940      8.264     6.3742     9.1094    278.815    284.674  0.000e+00
   57.08152 -133.68582     64.208      8.585      8.506    10.3045    27.4488  1021.0547    21.0156    10.3036     96.758    90.2840     1.4940      8.264     6.3701     9.1035    278.634    284.490  0.000e+00
   57.08152 -133.68582     64.272      8.650      8.570    10.3037    27.4504  1021.0564    21.0170    10.3027     96.696    90.2561     1.4940      8.259     6.3661     9.0978    278.457    284.309  0.000e+00
   57.08152 -133.68582     64.256      8.609      8.530    10.3029    27.4519  1021.0575    21.0183    10.3020     96.635    90.2561     1.4940      8.259     6.3621     9.0921    278.282    284.131  0.000e+00
   57.08152 -133.68582     64.328      8.706      8.626    10.3019    27.4530  1021.0590    21.0194    10.3010     96.627    90.2840     1.4647      8.259     6.3617     9.0915    278.264    284.112  0.000e+00
   57.08152 -133.68582     64.230      8.706      8.626    10.3006    27.4551  1021.0608    21.0212    10.2997     96.571    90.2561     1.4647      8.259     6.3581     9.0863    278.105    283.951  0.000e+00
   57.08152 -133.68582     64.254      8.730      8.650    10.2996    27.4580  1021.0633    21.0236    10.2987     96.572    90.2561     1.4940      8.259     6.3582     9.0865    278.110    283.956  0.000e+00
   57.08152 -133.68580     64.311      8.763      8.682    10.2991    27.4603  1021.0654    21.0254    10.2982     96.521    90.2561     1.4940      8.259     6.3548     9.0816    277.960    283.804  0.000e+00
   57.08152 -133.68580     64.311      8.763      8.682    10.2995    27.4607  1021.0656    21.0257    10.2985     96.527    90.2840     1.4940      8.259     6.3551     9.0821    277.974    283.818  0.000e+00
   57.08152 -133.68580     64.310      8.787      8.706    10.2991    27.4619  1021.0667    21.0267    10.2982     96.425    90.2561     1.4940      8.259     6.3484     9.0725    277.680    283.518  0.000e+00
   57.08152 -133.68580     64.350      8.827      8.746    10.2987    27.4632  1021.0680    21.0278    10.2977     96.430    90.2840     1.4647      8.259     6.3488     9.0730    277.697    283.536  0.000e+00
