EcoFOCI/data/1_SampleCollection/2022_GOA-OA_CruiseData/CTD_raw_BottleFile_RC0083/RC0083_026.ros
* Sea-Bird SBE 9 Data File:
* FileName = C:\Data\RC0083ctd\RC0083_026.hex
* Software Version Seasave V 7.26.7.107
* Temperature SN = 2060
* Conductivity SN = 1084
* Number of Bytes Per Scan = 31
* Number of Voltage Words = 4
* Number of Scans Averaged by the Deck Unit = 1
* NMEA Latitude = 59 19.14 N
* NMEA Longitude = 135 22.97 W
* NMEA UTC (Time) = Aug 17 2022  16:53:25
* NMEA baud rate = 4800
** Ship: R/V Rachel Carson
** Cruise ID: RC0083
** Tech: McHugh/Nomura
** Chief Scientist: Cross
** Station: LC05
** Cast:  CTD026
# nquan = 21
# nvalues = 392                                   
# units = specified
# name 0 = latitude: Latitude [deg]
# name 1 = longitude: Longitude [deg]
# name 2 = sfdSM: Seafloor depth [salt water, m]
# name 3 = prDM: Pressure, Digiquartz [db]
# name 4 = depSM: Depth [salt water, m]
# name 5 = t090C: Temperature [ITS-90, deg C]
# name 6 = sal00: Salinity, Practical [PSU]
# name 7 = density00: Density [density, kg/m^3]
# name 8 = sigma-é00: Density [sigma-theta, kg/m^3]
# name 9 = potemp090C: Potential Temperature [ITS-90, deg C]
# name 10 = sbeox0PS: Oxygen, SBE 43 [% saturation]
# name 11 = CStarTr0: Beam Transmission, WET Labs C-Star [%]
# name 12 = flECO-AFL: Fluorescence, WET Labs ECO-AFL/FL [mg/m^3]
# name 13 = ph: pH
# name 14 = sbeox0ML/L: Oxygen, SBE 43 [ml/l]
# name 15 = sbeox0Mg/L: Oxygen, SBE 43 [mg/l]
# name 16 = sbox0Mm/Kg: Oxygen, SBE 43 [umol/kg]
# name 17 = sbeox0Mm/L: Oxygen, SBE 43 [umol/l]
# name 18 = scan: Scan Count
# name 19 = nbf: Bottles Fired
# name 20 = flag:  0.000e+00
# interval = seconds: 0.0416667
# start_time = Aug 17 2022 16:53:25 [NMEA time, header]
# bad_flag = -9.990e-29
*END*
[from data line 138]
   59.32668 -135.38174    188.547     90.785     89.914     4.4173    31.5133  1025.3965    24.9733     4.4112     62.306    97.4161    -0.0591      7.729     4.5748     6.5379    199.334    204.312      33002          3  0.000e+00
   59.32668 -135.38174    188.547     90.785     89.914     4.4176    31.5131  1025.3962    24.9730     4.4116     62.303    97.4441    -0.0591      7.729     4.5746     6.5375    199.323    204.301      33003          3  0.000e+00
   59.32668 -135.38174    188.579     90.817     89.946     4.4176    31.5133  1025.3965    24.9732     4.4115     62.299    97.5280    -0.0591      7.729     4.5743     6.5372    199.312    204.289      33004          3  0.000e+00
   59.32668 -135.38174    188.603     90.842     89.970     4.4175    31.5138  1025.3971    24.9736     4.4114     62.295    97.5560    -0.0591      7.729     4.5740     6.5367    199.296    204.273      33005          3  0.000e+00
   59.32668 -135.38174    188.603     90.842     89.970     4.4175    31.5141  1025.3973    24.9738     4.4114     62.289    97.5560    -0.0591      7.729     4.5735     6.5360    199.276    204.253      33006          3  0.000e+00
   59.32668 -135.38174    188.579     90.817     89.946     4.4176    31.5141  1025.3972    24.9738     4.4115     62.290    97.5560    -0.0591      7.729     4.5736     6.5362    199.281    204.258      33007          3  0.000e+00
   59.32668 -135.38174    188.659     90.898     90.026     4.4176    31.5138  1025.3973    24.9736     4.4116     62.292    97.5560    -0.0591      7.729     4.5737     6.5363    199.286    204.263      33008          3  0.000e+00
   59.32668 -135.38174    188.659     90.898     90.026     4.4177    31.5139  1025.3974    24.9737     4.4116     62.350    97.5560    -0.0591      7.729     4.5780     6.5424    199.471    204.453      33009          3  0.000e+00
   59.32668 -135.38174    188.699     90.939     90.066     4.4175    31.5143  1025.3979    24.9740     4.4114     62.349    97.5560    -0.0591      7.729     4.5779     6.5423    199.470    204.451      33010          3  0.000e+00
   59.32734 -135.38162    173.862     75.955     75.229     4.4184    31.3607  1025.2061    24.8519     4.4133     66.332    96.3813    -0.0591      7.758     4.8753     6.9673    212.451    217.730      36097          4  0.000e+00
   59.32734 -135.38162    173.918     76.012     75.285     4.4187    31.3602  1025.2060    24.8515     4.4137     66.336    96.4372    -0.0591      7.758     4.8756     6.9677    212.463    217.743      36098          4  0.000e+00
   59.32734 -135.38162    174.038     76.133     75.405     4.4179    31.3603  1025.2067    24.8516     4.4129     66.341    96.4092    -0.0591      7.758     4.8760     6.9684    212.484    217.764      36099          4  0.000e+00
   59.32734 -135.38162    173.982     76.076     75.349     4.4176    31.3598  1025.2061    24.8513     4.4125     66.336    96.4092    -0.0591      7.758     4.8757     6.9679    212.469    217.749      36100          4  0.000e+00
   59.32734 -135.38162    173.982     76.076     75.349     4.4168    31.3605  1025.2067    24.8519     4.4118     66.330    96.4092    -0.0591      7.758     4.8754     6.9674    212.455    217.735      36101          4  0.000e+00
   59.32734 -135.38162    174.038     76.133     75.405     4.4166    31.3599  1025.2065    24.8515     4.4115     66.268    96.4092    -0.0591      7.758     4.8708     6.9609    212.257    217.532      36102          4  0.000e+00
   59.32734 -135.38162    173.982     76.076     75.349     4.4162    31.3603  1025.2066    24.8518     4.4112     66.320    96.4092    -0.0591      7.758     4.8747     6.9664    212.424    217.703      36103          4  0.000e+00
   59.32734 -135.38162    174.038     76.133     75.405     4.4162    31.3601  1025.2067    24.8517     4.4112     66.323    96.4092    -0.0591      7.758     4.8750     6.9668    212.436    217.715      36104          4  0.000e+00
   59.32734 -135.38162    174.102     76.198     75.469     4.4163    31.3601  1025.2070    24.8517     4.4112     66.318    96.4092    -0.0591      7.753     4.8746     6.9662    212.419    217.698      36105          4  0.000e+00
   59.32736 -135.38162    173.982     76.076     75.349     4.4162    31.3599  1025.2063    24.8515     4.4112     66.311    96.4092    -0.0591      7.753     4.8741     6.9655    212.397    217.676      36106          4  0.000e+00
   59.32736 -135.38162    174.038     76.133     75.405     4.4163    31.3601  1025.2067    24.8517     4.4112     66.305    96.4092    -0.0591      7.758     4.8736     6.9649    212.378    217.656      36107          4  0.000e+00
   59.32736 -135.38162    174.038     76.133     75.405     4.4161    31.3602  1025.2068    24.8518     4.4110     66.298    96.4092    -0.0591      7.753     4.8731     6.9642    212.357    217.635      36108          4  0.000e+00
   59.32736 -135.38162    173.982     76.076     75.349     4.4163    31.3606  1025.2068    24.8520     4.4112     66.242    96.4092    -0.0591      7.753     4.8690     6.9583    212.176    217.449      36109          4  0.000e+00
   59.32736 -135.38162    173.982     76.076     75.349     4.4162    31.3602  1025.2066    24.8518     4.4112     66.236    96.4092    -0.0591      7.758     4.8685     6.9576    212.156    217.429      36110          4  0.000e+00
   59.32736 -135.38162    174.038     76.133     75.405     4.4159    31.3603  1025.2069    24.8519     4.4109     66.230    96.4092    -0.0591      7.758     4.8682     6.9571    212.140    217.412      36111          4  0.000e+00
   59.32736 -135.38162    174.038     76.133     75.405     4.4161    31.3600  1025.2066    24.8516     4.4110     66.225    96.4092    -0.0591      7.753     4.8677     6.9565    212.122    217.393      36112          4  0.000e+00
   59.32736 -135.38162    173.982     76.077     75.349     4.4162    31.3600  1025.2064    24.8516     4.4112     66.219    96.4092    -0.0591      7.758     4.8673     6.9558    212.102    217.373      36113          4  0.000e+00
   59.32736 -135.38162    174.102     76.198     75.470     4.4161    31.3601  1025.2071    24.8517     4.4110     66.215    96.4092    -0.0591      7.753     4.8670     6.9555    212.090    217.361      36114          4  0.000e+00
   59.32736 -135.38162    173.918     76.012     75.285     4.4164    31.3595  1025.2057    24.8512     4.4113     66.200    96.4092    -0.0591      7.753     4.8659     6.9539    212.041    217.311      36115          4  0.000e+00
   59.32736 -135.38162    173.982     76.077     75.349     4.4161    31.3601  1025.2065    24.8517     4.4110     66.187    96.5491    -0.0591      7.758     4.8650     6.9525    212.001    217.269      36116          4  0.000e+00
   59.32736 -135.38162    174.038     76.133     75.406     4.4164    31.3601  1025.2067    24.8516     4.4113     66.174    96.8288    -0.0591      7.758     4.8640     6.9511    211.958    217.225      36117          4  0.000e+00
   59.32736 -135.38162    173.862     75.955     75.229     4.4165    31.3602  1025.2059    24.8517     4.4114     66.168    96.8847    -0.0591      7.753     4.8635     6.9504    211.937    217.204      36118          4  0.000e+00
   59.32736 -135.38162    174.038     76.133     75.406     4.4167    31.3603  1025.2068    24.8518     4.4116     66.165    96.8847    -0.0591      7.758     4.8633     6.9501    211.927    217.194      36119          4  0.000e+00
   59.32736 -135.38162    173.806     75.899     75.173     4.4172    31.3596  1025.2051    24.8512     4.4121     66.159    96.8847    -0.0591      7.758     4.8628     6.9494    211.906    217.173      36120          4  0.000e+00
   59.32736 -135.38162    174.038     76.133     75.406     4.4177    31.3595  1025.2061    24.8510     4.4126     66.158    96.8567    -0.0591      7.758     4.8626     6.9492    211.899    217.165      36121          4  0.000e+00
   59.32736 -135.38162    173.846     75.939     75.213     4.4178    31.3595  1025.2052    24.8511     4.4127     66.144    96.8847    -0.0591      7.753     4.8616     6.9477    211.854    217.119      36122          4  0.000e+00
   59.32736 -135.38162    173.862     75.955     75.229     4.4184    31.3599  1025.2055    24.8513     4.4133     66.141    96.8847    -0.0591      7.758     4.8613     6.9473    211.841    217.105      36123          4  0.000e+00
   59.32736 -135.38162    173.862     75.955     75.230     4.4189    31.3596  1025.2052    24.8510     4.4138     66.138    96.8847    -0.0591      7.753     4.8610     6.9469    211.829    217.093      36124          4  0.000e+00
   59.32736 -135.38162    173.742     75.834     75.109     4.4194    31.3593  1025.2043    24.8507     4.4144     66.134    96.8847    -0.0591      7.758     4.8607     6.9464    211.815    217.079      36125          4  0.000e+00
   59.32736 -135.38162    173.862     75.955     75.230     4.4199    31.3596  1025.2051    24.8509     4.4149     66.133    96.8847    -0.0884      7.753     4.8605     6.9462    211.808    217.072      36126          4  0.000e+00
   59.32736 -135.38162    173.622     75.713     74.989     4.4208    31.3596  1025.2039    24.8508     4.4158     66.129    96.8847    -0.0884      7.753     4.8601     6.9456    211.791    217.054      36127          4  0.000e+00
   59.32736 -135.38162    173.862     75.955     75.230     4.4220    31.3597  1025.2050    24.8507     4.4169     66.129    96.8847    -0.0884      7.758     4.8600     6.9455    211.786    217.049      36128          4  0.000e+00
   59.32736 -135.38162    173.566     75.656     74.933     4.4235    31.3588  1025.2028    24.8499     4.4184     66.125    96.8847    -0.0884      7.753     4.8596     6.9449    211.767    217.030      36129          4  0.000e+00
   59.32736 -135.38162    173.686     75.778     75.053     4.4243    31.3586  1025.2031    24.8497     4.4193     66.126    96.8847    -0.0884      7.758     4.8595     6.9447    211.764    217.026      36130          4  0.000e+00
   59.32736 -135.38162    173.622     75.713     74.989     4.4253    31.3586  1025.2026    24.8495     4.4202     66.124    96.8847    -0.0884      7.758     4.8593     6.9445    211.756    217.018      36131          4  0.000e+00
   59.32736 -135.38162    173.622     75.713     74.989     4.4270    31.3584  1025.2023    24.8492     4.4219     66.124    96.8847    -0.1177      7.753     4.8591     6.9442    211.746    217.008      36132          4  0.000e+00
   59.32736 -135.38162    173.566     75.656     74.933     4.4300    31.3576  1025.2011    24.8483     4.4250     66.123    96.8567    -0.0884      7.753     4.8587     6.9436    211.730    216.991      36133          4  0.000e+00
   59.32736 -135.38162    173.510     75.600     74.877     4.4317    31.3576  1025.2006    24.8481     4.4267     66.123    96.8567    -0.0884      7.758     4.8585     6.9433    211.721    216.981      36134          4  0.000e+00
   59.32736 -135.38162    173.566     75.656     74.933     4.4332    31.3573  1025.2005    24.8477     4.4281     66.125    96.8567    -0.0884      7.753     4.8584     6.9432    211.717    216.978      36135          4  0.000e+00
   59.32736 -135.38162    173.446     75.535     74.813     4.4339    31.3573  1025.1999    24.8477     4.4289     66.125    96.8008    -0.0884      7.758     4.8584     6.9431    211.714    216.975      36136          4  0.000e+00
   59.32736 -135.38162    173.446     75.535     74.813     4.4352    31.3577  1025.2001    24.8479     4.4301     66.126    96.5771    -0.0884      7.758     4.8583     6.9430    211.712    216.973      36137          4  0.000e+00
   59.32736 -135.38162    173.446     75.535     74.813     4.4364    31.3576  1025.1999    24.8477     4.4314     66.128    96.4652    -0.0884      7.753     4.8583     6.9430    211.712    216.972      36138          4  0.000e+00
   59.32736 -135.38162    173.326     75.414     74.693     4.4367    31.3577  1025.1993    24.8477     4.4316     66.130    96.4652    -0.0884      7.753     4.8584     6.9431    211.715    216.976      36139          4  0.000e+00
   59.32736 -135.38162    173.446     75.535     74.813     4.4374    31.3573  1025.1995    24.8473     4.4324     66.133    96.4652    -0.0884      7.758     4.8586     6.9434    211.724    216.985      36140          4  0.000e+00
   59.32736 -135.38162    173.326     75.414     74.693     4.4377    31.3574  1025.1991    24.8474     4.4327     66.135    96.4931    -0.0884      7.753     4.8587     6.9436    211.729    216.990      36141          4  0.000e+00
   59.32736 -135.38162    173.270     75.357     74.637     4.4381    31.3572  1025.1986    24.8471     4.4330     66.138    96.4652    -0.0884      7.753     4.8589     6.9438    211.737    216.998      36142          4  0.000e+00
   59.32736 -135.38162    173.390     75.479     74.757     4.4388    31.3570  1025.1989    24.8470     4.4338     66.143    96.4931    -0.0884      7.753     4.8592     6.9442    211.749    217.010      36143          4  0.000e+00
   59.32736 -135.38162    173.270     75.357     74.637     4.4398    31.3574  1025.1986    24.8472     4.4347     66.146    96.4652    -0.0884      7.753     4.8592     6.9444    211.753    217.014      36144          4  0.000e+00
   59.32736 -135.38162    173.270     75.357     74.637     4.4414    31.3574  1025.1984    24.8470     4.4364     66.150    96.4931    -0.0884      7.758     4.8594     6.9445    211.758    217.019      36145          4  0.000e+00
   59.32844 -135.38140    142.052     43.836     43.420     5.3781    30.8996  1024.5890    24.3854     5.3749     71.714    96.4652    -0.0591      7.866     5.1667     7.3837    225.252    230.745      39184          5  0.000e+00
   59.32844 -135.38140    141.924     43.706     43.292     5.3783    30.9000  1024.5887    24.3857     5.3751     71.716    96.4652    -0.0591      7.866     5.1669     7.3840    225.260    230.753      39185          5  0.000e+00
   59.32844 -135.38140    142.044     43.827     43.412     5.3781    30.9008  1024.5899    24.3864     5.3749     71.721    96.4652    -0.0591      7.866     5.1672     7.3845    225.274    230.768      39186          5  0.000e+00
   59.32844 -135.38140    141.996     43.779     43.364     5.3778    30.9009  1024.5898    24.3865     5.3746     71.667    96.4652    -0.0591      7.866     5.1634     7.3790    225.107    230.597      39187          5  0.000e+00
   59.32844 -135.38140    142.045     43.828     43.412     5.3777    30.9005  1024.5897    24.3861     5.3745     71.720    96.4372    -0.0591      7.866     5.1672     7.3844    225.273    230.767      39188          5  0.000e+00
   59.32844 -135.38140    142.020     43.828     43.412     5.3778    30.9000  1024.5892    24.3857     5.3745     71.723    96.3533    -0.0591      7.866     5.1674     7.3847    225.283    230.777      39189          5  0.000e+00
   59.32844 -135.38140    142.117     43.900     43.484     5.3778    30.8997  1024.5893    24.3855     5.3746     71.726    96.2974    -0.0591      7.866     5.1677     7.3851    225.294    230.787      39190          5  0.000e+00
   59.32844 -135.38140    141.989     43.771     43.356     5.3777    30.8999  1024.5889    24.3856     5.3745     71.671    96.2974    -0.0591      7.866     5.1637     7.3794    225.120    230.610      39191          5  0.000e+00
   59.32844 -135.38140    142.117     43.900     43.484     5.3777    30.9006  1024.5901    24.3862     5.3745     71.666    96.2974    -0.0591      7.866     5.1633     7.3789    225.105    230.594      39192          5  0.000e+00
   59.32844 -135.38140    142.109     43.892     43.476     5.3775    30.9007  1024.5901    24.3863     5.3742     71.661    96.2974    -0.0591      7.866     5.1629     7.3784    225.088    230.577      39193          5  0.000e+00
