EcoFOCI/data/1_SampleCollection/2022_GOA-OA_CruiseData/CTD_raw_BottleFile_RC0083/RC0083_122.cnv
* Sea-Bird SBE 9 Data File:
* FileName = C:\Data\RC0083ctd\RC0083_122.hex
* Software Version Seasave V 7.26.7.107
* Temperature SN = 2060
* Conductivity SN = 2881
* Number of Bytes Per Scan = 31
* Number of Voltage Words = 4
* Number of Scans Averaged by the Deck Unit = 1
* NMEA Latitude = 56 51.28 N
* NMEA Longitude = 134 26.13 W
* NMEA UTC (Time) = Aug 24 2022  01:21:28
* NMEA baud rate = 4800
** Ship: R/V Rachel Carson
** Cruise ID: RC0083
** Tech: McHugh/Nomura
** Chief Scientist: Cross
** Station: FSW1
** Cast:  CTD122
# nquan = 19
# nvalues = 8951                                  
# units = specified
# name 0 = latitude: Latitude [deg]
# name 1 = longitude: Longitude [deg]
# name 2 = sfdSM: Seafloor depth [salt water, m]
# name 3 = prDM: Pressure, Digiquartz [db]
# name 4 = depSM: Depth [salt water, m]
# name 5 = t090C: Temperature [ITS-90, deg C]
# name 6 = sal00: Salinity, Practical [PSU]
# name 7 = density00: Density [density, kg/m^3]
# name 8 = sigma-é00: Density [sigma-theta, kg/m^3]
# name 9 = potemp090C: Potential Temperature [ITS-90, deg C]
# name 10 = sbeox0PS: Oxygen, SBE 43 [% saturation]
# name 11 = CStarTr0: Beam Transmission, WET Labs C-Star [%]
# name 12 = flECO-AFL: Fluorescence, WET Labs ECO-AFL/FL [mg/m^3]
# name 13 = ph: pH
# name 14 = sbeox0ML/L: Oxygen, SBE 43 [ml/l]
# name 15 = sbeox0Mg/L: Oxygen, SBE 43 [mg/l]
# name 16 = sbox0Mm/Kg: Oxygen, SBE 43 [umol/kg]
# name 17 = sbeox0Mm/L: Oxygen, SBE 43 [umol/l]
# name 18 = flag:  0.000e+00
# span 0 =   56.85444,   56.85466                 
# span 1 = -134.43544, -134.43440                 
# span 2 =      6.176,    152.743                 
# span 3 =      1.701,    120.946                 
# span 4 =      1.685,    119.802                 
# span 5 =     6.2613,    11.5573                 
# span 6 =    28.6311,    32.7433                 
# span 7 =  1021.7368,  1026.2939                 
# span 8 =    21.7276,    25.7385                 
# span 9 =     6.2512,    11.5571                 
# span 10 =     37.207,     91.732                
# span 11 =    88.7457,   104.8559                
# span 12 =    -0.0591,     3.3694                
# span 13 =      7.772,      8.202                
# span 14 =     2.5929,     5.8347                
# span 15 =     3.7056,     8.3383                
# span 16 =    112.896,    255.031                
# span 17 =    115.800,    260.576                
# span 18 = 0.0000e+00, 0.0000e+00                
# interval = seconds: 0.0416667
# start_time = Aug 24 2022 01:21:28 [NMEA time, header]
# bad_flag = -9.990e-29
*END*
[from data line 3505]
   56.85444 -134.43476    132.117     73.192     72.507     7.0067    31.9583  1025.3596    25.0234     7.0003     47.871   103.8770     0.0874      7.856     3.2966     4.7112    143.632    147.226  0.000e+00
   56.85444 -134.43476    132.173     73.248     72.563     7.0064    31.9569  1025.3588    25.0224     6.9999     47.882   103.8770     0.0874      7.856     3.2975     4.7124    143.669    147.264  0.000e+00
   56.85444 -134.43476    132.173     73.248     72.563     7.0061    31.9560  1025.3582    25.0217     6.9996     47.897   103.8770     0.0874      7.856     3.2985     4.7138    143.714    147.309  0.000e+00
   56.85444 -134.43476    132.237     73.313     72.628     7.0061    31.9565  1025.3588    25.0221     6.9996     47.907   103.8770     0.0874      7.856     3.2992     4.7149    143.745    147.342  0.000e+00
   56.85444 -134.43476    132.237     73.313     72.628     7.0062    31.9566  1025.3589    25.0221     6.9998     47.914   103.8770     0.0874      7.856     3.2996     4.7155    143.764    147.361  0.000e+00
   56.85444 -134.43476    132.293     73.369     72.684     7.0064    31.9566  1025.3591    25.0221     6.9999     47.930   103.8770     0.0874      7.856     3.3007     4.7170    143.811    147.409  0.000e+00
   56.85444 -134.43476    132.332     73.434     72.748     7.0062    31.9566  1025.3595    25.0222     6.9998     47.948   103.8490     0.0874      7.856     3.3020     4.7189    143.867    147.467  0.000e+00
   56.85444 -134.43476    132.113     73.434     72.748     7.0062    31.9560  1025.3590    25.0217     6.9998     47.962   103.8770     0.0874      7.856     3.3030     4.7203    143.910    147.511  0.000e+00
   56.85444 -134.43476    132.095     73.491     72.804     7.0061    31.9562  1025.3594    25.0219     6.9996     47.972   103.8770     0.0874      7.856     3.3037     4.7213    143.941    147.542  0.000e+00
   56.85444 -134.43476    132.095     73.491     72.804     7.0057    31.9556  1025.3590    25.0215     6.9993     47.984   103.8770     0.0874      7.856     3.3045     4.7225    143.979    147.581  0.000e+00
   56.85444 -134.43476    132.288     73.685     72.996     7.0053    31.9547  1025.3592    25.0208     6.9988     47.943   103.8770     0.0874      7.856     3.3017     4.7185    143.856    147.456  0.000e+00
   56.85444 -134.43476    132.022     73.491     72.804     7.0050    31.9536  1025.3575    25.0200     6.9985     47.895   103.8770     0.0874      7.856     3.2985     4.7139    143.715    147.310  0.000e+00
   56.85444 -134.43476    131.996     73.612     72.924     7.0042    31.9523  1025.3572    25.0191     6.9977     47.902   103.8770     0.0874      7.856     3.2991     4.7147    143.740    147.336  0.000e+00
   56.85444 -134.43476    132.067     73.733     73.044     7.0041    31.9519  1025.3574    25.0187     6.9976     47.905   103.8770     0.0874      7.856     3.2993     4.7150    143.750    147.347  0.000e+00
   56.85444 -134.43476    131.883     73.547     72.860     7.0038    31.9525  1025.3571    25.0193     6.9973     47.909   103.8770     0.0874      7.856     3.2996     4.7154    143.762    147.358  0.000e+00
   56.85444 -134.43476    132.179     73.846     73.156     7.0040    31.9525  1025.3584    25.0192     6.9975     47.975   103.8770     0.0874      7.856     3.3041     4.7219    143.959    147.560  0.000e+00
   56.85444 -134.43476    132.025     73.790     73.100     7.0041    31.9534  1025.3589    25.0200     6.9976     47.933   103.8770     0.0874      7.856     3.3012     4.7177    143.833    147.431  0.000e+00
   56.85444 -134.43476    131.903     73.790     73.100     7.0050    31.9552  1025.3601    25.0212     6.9985     47.945   103.8770     0.0874      7.856     3.3019     4.7187    143.863    147.463  0.000e+00
   56.85444 -134.43476    131.854     73.790     73.100     7.0061    31.9575  1025.3618    25.0229     6.9996     47.952   103.8770     0.0874      7.856     3.3023     4.7193    143.879    147.479  0.000e+00
   56.85444 -134.43476    131.798     73.733     73.044     7.0067    31.9593  1025.3629    25.0242     7.0002     47.961   103.9049     0.0874      7.856     3.3028     4.7200    143.902    147.503  0.000e+00
   56.85444 -134.43476    132.087     74.024     73.332     7.0076    31.9606  1025.3651    25.0251     7.0011     47.968   103.9329     0.0874      7.856     3.3032     4.7206    143.919    147.520  0.000e+00
   56.85444 -134.43476    131.805     73.790     73.100     7.0080    31.9620  1025.3651    25.0262     7.0015     47.974   103.9329     0.0874      7.856     3.3035     4.7210    143.932    147.534  0.000e+00
   56.85444 -134.43476    131.908     73.967     73.276     7.0087    31.9625  1025.3662    25.0265     7.0021     48.040   103.9329     0.0874      7.856     3.3080     4.7275    144.130    147.737  0.000e+00
   56.85444 -134.43476    132.060     74.145     73.452     7.0092    31.9632  1025.3675    25.0270     7.0026     48.001   103.9329     0.0874      7.856     3.3053     4.7236    144.010    147.614  0.000e+00
   56.85444 -134.43476    131.964     74.024     73.332     7.0092    31.9638  1025.3674    25.0274     7.0026     47.956   103.9329     0.0874      7.856     3.3021     4.7191    143.873    147.474  0.000e+00
   56.85444 -134.43476    131.828     73.911     73.220     7.0087    31.9642  1025.3673    25.0278     7.0021     48.020   103.9329     0.0581      7.856     3.3066     4.7255    144.067    147.673  0.000e+00
   56.85444 -134.43476    131.865     74.145     73.452     7.0092    31.9637  1025.3679    25.0274     7.0026     48.038   103.9329     0.0581      7.856     3.3078     4.7272    144.119    147.726  0.000e+00
   56.85444 -134.43476    131.735     74.089     73.396     7.0093    31.9644  1025.3682    25.0279     7.0028     48.106   103.9329     0.0581      7.856     3.3124     4.7338    144.322    147.934  0.000e+00
   56.85444 -134.43476    131.831     74.210     73.516     7.0095    31.9647  1025.3689    25.0281     7.0030     48.012   103.9329     0.0581      7.856     3.3060     4.7245    144.039    147.644  0.000e+00
   56.85444 -134.43476    131.855     74.210     73.516     7.0093    31.9647  1025.3690    25.0281     7.0028     48.013   103.9329     0.0581      7.856     3.3061     4.7247    144.044    147.650  0.000e+00
   56.85444 -134.43476    131.807     74.210     73.516     7.0103    31.9661  1025.3700    25.0291     7.0038     48.017   103.9329     0.0581      7.856     3.3062     4.7249    144.049    147.654  0.000e+00
   56.85444 -134.43476    131.772     74.323     73.628     7.0119    31.9682  1025.3719    25.0306     7.0054     48.022   103.9329     0.0581      7.856     3.3064     4.7252    144.057    147.663  0.000e+00
   56.85444 -134.43476    131.819     74.444     73.748     7.0126    31.9701  1025.3739    25.0319     7.0060     48.029   103.9329     0.0581      7.856     3.3068     4.7257    144.074    147.681  0.000e+00
   56.85444 -134.43476    131.587     74.210     73.516     7.0133    31.9716  1025.3739    25.0331     7.0068     48.029   103.9329     0.0581      7.856     3.3067     4.7256    144.070    147.676  0.000e+00
   56.85444 -134.43476    131.787     74.388     73.692     7.0143    31.9723  1025.3751    25.0335     7.0078     48.032   103.9329     0.0581      7.856     3.3068     4.7258    144.077    147.683  0.000e+00
   56.85444 -134.43476    131.843     74.444     73.748     7.0145    31.9724  1025.3754    25.0335     7.0079     48.037   103.9329     0.0581      7.856     3.3071     4.7262    144.089    147.696  0.000e+00
   56.85444 -134.43476    131.843     74.444     73.748     7.0145    31.9728  1025.3757    25.0338     7.0079     48.042   103.9329     0.0581      7.856     3.3075     4.7267    144.105    147.712  0.000e+00
   56.85444 -134.43476    131.883     74.509     73.812     7.0158    31.9746  1025.3773    25.0351     7.0092     47.992   103.9329     0.0581      7.856     3.3039     4.7216    143.948    147.552  0.000e+00
   56.85444 -134.43476    131.963     74.565     73.868     7.0172    31.9764  1025.3788    25.0363     7.0106     47.994   103.9329     0.0581      7.856     3.3039     4.7216    143.948    147.552  0.000e+00
   56.85444 -134.43476    132.084     74.687     73.988     7.0180    31.9776  1025.3801    25.0371     7.0115     48.049   103.9329     0.0581      7.856     3.3075     4.7268    144.107    147.715  0.000e+00
   56.85444 -134.43476    131.770     74.444     73.748     7.0188    31.9780  1025.3793    25.0374     7.0123     48.058   103.9049     0.0581      7.856     3.3081     4.7276    144.132    147.741  0.000e+00
   56.85444 -134.43476    131.937     74.687     73.988     7.0187    31.9791  1025.3812    25.0382     7.0121     48.015   103.9049     0.0581      7.856     3.3051     4.7234    144.002    147.607  0.000e+00
   56.85444 -134.43476    131.913     74.687     73.988     7.0189    31.9797  1025.3817    25.0387     7.0123     48.022   103.9049     0.0581      7.856     3.3056     4.7241    144.023    147.629  0.000e+00
   56.85444 -134.43476    131.969     74.743     74.044     7.0190    31.9797  1025.3820    25.0387     7.0124     48.025   103.9049     0.0581      7.856     3.3058     4.7243    144.031    147.637  0.000e+00
   56.85444 -134.43476    131.969     74.743     74.044     7.0190    31.9805  1025.3826    25.0393     7.0124     48.029   103.9049     0.0581      7.856     3.3060     4.7247    144.041    147.648  0.000e+00
   56.85444 -134.43476    131.788     74.808     74.108     7.0191    31.9808  1025.3831    25.0395     7.0125     48.027   103.9049     0.0581      7.856     3.3059     4.7245    144.037    147.643  0.000e+00
   56.85444 -134.43476    131.769     74.986     74.285     7.0190    31.9810  1025.3841    25.0397     7.0124     48.085   103.9049     0.0581      7.856     3.3099     4.7302    144.209    147.820  0.000e+00
   56.85444 -134.43476    131.505     74.743     74.044     7.0187    31.9815  1025.3834    25.0402     7.0121     48.090   103.9049     0.0581      7.856     3.3103     4.7307    144.225    147.837  0.000e+00
   56.85444 -134.43476    131.769     74.986     74.284     7.0186    31.9817  1025.3847    25.0403     7.0120     48.099   103.9049     0.0581      7.856     3.3109     4.7316    144.252    147.864  0.000e+00
   56.85444 -134.43476    131.649     74.864     74.164     7.0187    31.9816  1025.3840    25.0402     7.0121     48.107   103.9049     0.0581      7.856     3.3114     4.7323    144.275    147.887  0.000e+00
   56.85444 -134.43476    131.696     74.986     74.284     7.0185    31.9814  1025.3845    25.0401     7.0119     48.059   103.9049     0.0581      7.856     3.3082     4.7277    144.134    147.743  0.000e+00
   56.85444 -134.43476    131.759     75.099     74.397     7.0183    31.9819  1025.3854    25.0405     7.0116     48.064   103.9049     0.0581      7.856     3.3085     4.7282    144.148    147.757  0.000e+00
   56.85444 -134.43476    131.583     74.921     74.220     7.0183    31.9819  1025.3846    25.0405     7.0116     48.125   103.9049     0.0581      7.856     3.3127     4.7341    144.330    147.944  0.000e+00
   56.85444 -134.43476    131.759     75.099     74.397     7.0181    31.9821  1025.3856    25.0407     7.0115     48.138   103.9049     0.0581      7.856     3.3136     4.7354    144.369    147.984  0.000e+00
   56.85444 -134.43476    131.759     75.099     74.397     7.0178    31.9833  1025.3866    25.0417     7.0111     48.094   103.9049     0.0581      7.856     3.3105     4.7311    144.237    147.849  0.000e+00
   56.85444 -134.43476    131.774     75.164     74.461     7.0173    31.9843  1025.3877    25.0425     7.0107     48.101   103.9049     0.0581      7.856     3.3111     4.7319    144.261    147.874  0.000e+00
   56.85444 -134.43476    131.774     75.163     74.461     7.0163    31.9858  1025.3890    25.0438     7.0096     48.110   103.9049     0.0581      7.856     3.3117     4.7328    144.289    147.902  0.000e+00
   56.85444 -134.43476    131.830     75.220     74.517     7.0158    31.9862  1025.3897    25.0442     7.0091     48.120   103.9049     0.0581      7.856     3.3125     4.7338    144.320    147.934  0.000e+00
   56.85444 -134.43476    131.830     75.220     74.517     7.0161    31.9862  1025.3896    25.0442     7.0095     48.131   103.9049     0.0581      7.856     3.3132     4.7348    144.351    147.966  0.000e+00
   56.85444 -134.43476    131.846     75.285     74.581     7.0160    31.9863  1025.3900    25.0443     7.0093     48.193   103.9049     0.0581      7.856     3.3175     4.7410    144.538    148.158  0.000e+00
   56.85444 -134.43476    131.780     75.341     74.637     7.0146    31.9869  1025.3909    25.0449     7.0080     48.142   103.9049     0.0581      7.856     3.3140     4.7361    144.389    148.005  0.000e+00
   56.85444 -134.43476    131.731     75.341     74.637     7.0127    31.9879  1025.3920    25.0459     7.0061     48.142   103.9049     0.0581      7.856     3.3141     4.7362    144.393    148.010  0.000e+00
   56.85444 -134.43476    131.787     75.398     74.693     7.0112    31.9882  1025.3927    25.0464     7.0046     48.142   103.9049     0.0581      7.856     3.3143     4.7364    144.399    148.016  0.000e+00
   56.85444 -134.43476    131.787     75.398     74.693     7.0102    31.9893  1025.3937    25.0474     7.0035     48.086   103.9049     0.0581      7.856     3.3105     4.7310    144.233    147.845  0.000e+00
   56.85444 -134.43476    131.826     75.462     74.757     7.0092    31.9899  1025.3946    25.0480     7.0025     48.088   103.9049     0.0581      7.856     3.3107     4.7313    144.242    147.855  0.000e+00
   56.85444 -134.43476    131.809     75.519     74.813     7.0090    31.9903  1025.3952    25.0483     7.0024     48.084   103.9049     0.0581      7.856     3.3104     4.7309    144.231    147.844  0.000e+00
   56.85444 -134.43476    131.809     75.519     74.813     7.0088    31.9907  1025.3955    25.0487     7.0021     48.081   103.9049     0.0581      7.856     3.3102     4.7306    144.222    147.834  0.000e+00
   56.85444 -134.43476    131.809     75.519     74.813     7.0087    31.9910  1025.3958    25.0489     7.0020     48.136   103.9049     0.0581      7.856     3.3140     4.7360    144.385    148.002  0.000e+00
   56.85444 -134.43476    131.929     75.640     74.933     7.0089    31.9918  1025.3970    25.0496     7.0022     48.198   103.9049     0.0581      7.856     3.3182     4.7421    144.570    148.192  0.000e+00
   56.85444 -134.43476    131.873     75.584     74.877     7.0098    31.9925  1025.3971    25.0500     7.0031     48.152   103.9049     0.0581      7.856     3.3150     4.7374    144.428    148.046  0.000e+00
   56.85444 -134.43476    132.049     75.762     75.053     7.0103    31.9924  1025.3978    25.0498     7.0036     48.215   103.9049     0.0581      7.856     3.3193     4.7436    144.616    148.239  0.000e+00
   56.85444 -134.43476    131.873     75.584     74.877     7.0103    31.9932  1025.3976    25.0504     7.0036     48.176   103.9049     0.0581      7.856     3.3166     4.7397    144.497    148.117  0.000e+00
   56.85444 -134.43476    132.049     75.761     75.053     7.0108    31.9924  1025.3977    25.0498     7.0041     48.183   103.9049     0.0581      7.856     3.3170     4.7404    144.519    148.139  0.000e+00
   56.85444 -134.43476    132.049     75.761     75.053     7.0106    31.9931  1025.3983    25.0504     7.0039     48.183   103.9049     0.0581      7.856     3.3171     4.7404    144.520    148.140  0.000e+00
   56.85444 -134.43476    131.927     75.761     75.053     7.0099    31.9933  1025.3986    25.0506     7.0033     48.191   103.9049     0.0581      7.856     3.3176     4.7412    144.543    148.164  0.000e+00
