EcoFOCI/data/1_SampleCollection/2022_GOA-OA_CruiseData/CTD_raw_BottleFile_RC0083/RC0083_019.ros
* Sea-Bird SBE 9 Data File:
* FileName = C:\Data\RC0083ctd\RC0083_019.hex
* Software Version Seasave V 7.26.7.107
* Temperature SN = 2060
* Conductivity SN = 1084
* Number of Bytes Per Scan = 31
* Number of Voltage Words = 4
* Number of Scans Averaged by the Deck Unit = 1
* NMEA Latitude = 56 11.01 N
* NMEA Longitude = 134 33.53 W
* NMEA UTC (Time) = Aug 13 2022  18:13:01
* NMEA baud rate = 4800
** Ship: R/V Rachel Carson
** Cruise ID: RC0083 RC0083
** Tech: McHugh/Nomura
** Chief Scientist: Cross Cross
** Station: CS4
** Cast:  019
# nquan = 21
# nvalues = 392                                   
# units = specified
# name 0 = latitude: Latitude [deg]
# name 1 = longitude: Longitude [deg]
# name 2 = sfdSM: Seafloor depth [salt water, m]
# name 3 = prDM: Pressure, Digiquartz [db]
# name 4 = depSM: Depth [salt water, m]
# name 5 = t090C: Temperature [ITS-90, deg C]
# name 6 = sal00: Salinity, Practical [PSU]
# name 7 = density00: Density [density, kg/m^3]
# name 8 = sigma-é00: Density [sigma-theta, kg/m^3]
# name 9 = potemp090C: Potential Temperature [ITS-90, deg C]
# name 10 = sbeox0PS: Oxygen, SBE 43 [% saturation]
# name 11 = CStarTr0: Beam Transmission, WET Labs C-Star [%]
# name 12 = flECO-AFL: Fluorescence, WET Labs ECO-AFL/FL [mg/m^3]
# name 13 = ph: pH
# name 14 = sbeox0ML/L: Oxygen, SBE 43 [ml/l]
# name 15 = sbeox0Mg/L: Oxygen, SBE 43 [mg/l]
# name 16 = sbox0Mm/Kg: Oxygen, SBE 43 [umol/kg]
# name 17 = sbeox0Mm/L: Oxygen, SBE 43 [umol/l]
# name 18 = scan: Scan Count
# name 19 = nbf: Bottles Fired
# name 20 = flag:  0.000e+00
# interval = seconds: 0.0416667
# start_time = Aug 13 2022 18:13:01 [NMEA time, header]
# bad_flag = -9.990e-29
*END*
   56.18442 -134.56224    557.740    553.308    547.533     4.9702    33.9364  1029.3881    26.8404     4.9265     18.373   103.9329    -0.0884      7.664     1.3098     1.8718     56.966     58.495      19910          1  0.000e+00
   56.18442 -134.56224    557.805    553.373    547.597     4.9704    33.9358  1029.3879    26.8398     4.9267     18.376   103.9329    -0.0884      7.664     1.3100     1.8721     56.974     58.503      19911          1  0.000e+00
   56.18442 -134.56224    557.740    553.308    547.533     4.9702    33.9365  1029.3882    26.8404     4.9266     18.378   103.9329    -0.0884      7.664     1.3101     1.8723     56.981     58.510      19912          1  0.000e+00
   56.18442 -134.56224    557.797    553.365    547.589     4.9701    33.9364  1029.3884    26.8404     4.9264     18.381   103.9329    -0.0884      7.664     1.3103     1.8726     56.989     58.519      19913          1  0.000e+00
   56.18442 -134.56224    557.740    553.308    547.533     4.9702    33.9362  1029.3879    26.8402     4.9266     18.383   103.9329    -0.0884      7.664     1.3105     1.8728     56.996     58.526      19914          1  0.000e+00
   56.18442 -134.56224    557.797    553.365    547.589     4.9702    33.9367  1029.3886    26.8406     4.9265     18.385   103.9329    -0.0884      7.664     1.3107     1.8731     57.004     58.534      19915          1  0.000e+00
   56.18442 -134.56224    557.861    553.430    547.653     4.9705    33.9360  1029.3883    26.8400     4.9269     18.388   103.9329    -0.0884      7.664     1.3108     1.8733     57.012     58.542      19916          1  0.000e+00
   56.18442 -134.56224    557.797    553.365    547.589     4.9702    33.9362  1029.3882    26.8402     4.9266     18.390   103.9329    -0.0884      7.664     1.3110     1.8736     57.019     58.549      19917          1  0.000e+00
   56.18442 -134.56224    557.861    553.430    547.653     4.9702    33.9363  1029.3886    26.8403     4.9266     18.393   103.9329    -0.0884      7.664     1.3112     1.8738     57.027     58.557      19918          1  0.000e+00
   56.18442 -134.56224    557.861    553.430    547.653     4.9701    33.9366  1029.3888    26.8405     4.9264     18.395   103.9329    -0.0884      7.664     1.3114     1.8741     57.034     58.565      19919          1  0.000e+00
   56.18442 -134.56224    557.861    553.430    547.653     4.9702    33.9367  1029.3889    26.8406     4.9265     18.398   103.9329    -0.0884      7.664     1.3115     1.8743     57.042     58.573      19920          1  0.000e+00
   56.18442 -134.56224    557.917    553.487    547.710     4.9704    33.9359  1029.3885    26.8399     4.9267     18.400   103.9329    -0.0884      7.664     1.3117     1.8746     57.050     58.581      19921          1  0.000e+00
   56.18442 -134.56224    557.837    553.430    547.653     4.9704    33.9363  1029.3886    26.8403     4.9267     18.413   103.9329    -0.0884      7.664     1.3126     1.8758     57.088     58.620      19922          1  0.000e+00
   56.18442 -134.56224    557.893    553.487    547.710     4.9702    33.9367  1029.3892    26.8406     4.9266     18.415   103.9329    -0.0884      7.664     1.3128     1.8761     57.097     58.630      19923          1  0.000e+00
   56.18442 -134.56224    557.949    553.544    547.766     4.9705    33.9361  1029.3890    26.8401     4.9269     18.347   103.9329    -0.0884      7.664     1.3079     1.8691     56.883     58.410      19924          1  0.000e+00
   56.18442 -134.56224    557.869    553.487    547.710     4.9704    33.9365  1029.3890    26.8404     4.9267     18.329   103.9329    -0.0884      7.664     1.3067     1.8674     56.830     58.356      19925          1  0.000e+00
   56.18442 -134.56224    557.949    553.544    547.766     4.9702    33.9364  1029.3892    26.8403     4.9266     18.385   103.9329    -0.0884      7.664     1.3106     1.8730     57.001     58.531      19926          1  0.000e+00
   56.18442 -134.56224    557.957    553.553    547.774     4.9702    33.9363  1029.3892    26.8403     4.9266     18.387   103.9329    -0.0884      7.664     1.3108     1.8733     57.010     58.541      19927          1  0.000e+00
   56.18442 -134.56224    557.989    553.610    547.831     4.9702    33.9368  1029.3898    26.8406     4.9266     18.390   103.9329    -0.0884      7.664     1.3110     1.8736     57.019     58.550      19928          1  0.000e+00
   56.18442 -134.56224    557.965    553.610    547.831     4.9702    33.9367  1029.3897    26.8406     4.9266     18.403   103.9329    -0.0591      7.664     1.3119     1.8749     57.059     58.591      19929          1  0.000e+00
   56.18442 -134.56224    557.908    553.553    547.774     4.9700    33.9364  1029.3893    26.8404     4.9264     18.406   103.9049    -0.0591      7.664     1.3122     1.8752     57.069     58.601      19930          1  0.000e+00
   56.18442 -134.56224    558.021    553.667    547.887     4.9699    33.9370  1029.3903    26.8409     4.9262     18.410   103.8210    -0.0591      7.664     1.3124     1.8756     57.080     58.612      19931          1  0.000e+00
   56.18442 -134.56224    558.029    553.675    547.895     4.9701    33.9364  1029.3898    26.8403     4.9264     18.351   103.7651    -0.0591      7.664     1.3082     1.8696     56.899     58.426      19932          1  0.000e+00
   56.18442 -134.56224    557.940    553.610    547.831     4.9699    33.9364  1029.3896    26.8404     4.9262     18.407   103.7651    -0.0591      7.664     1.3122     1.8753     57.071     58.603      19933          1  0.000e+00
   56.18442 -134.56224    557.980    553.675    547.895     4.9700    33.9364  1029.3899    26.8404     4.9263     18.411   103.7651    -0.0591      7.664     1.3125     1.8757     57.083     58.615      19934          1  0.000e+00
   56.18442 -134.56224    558.037    553.732    547.951     4.9699    33.9369  1029.3905    26.8408     4.9262     18.415   103.7651    -0.0591      7.664     1.3127     1.8760     57.094     58.627      19935          1  0.000e+00
   56.18442 -134.56224    557.972    553.667    547.887     4.9704    33.9360  1029.3894    26.8400     4.9267     18.418   103.7651    -0.0591      7.664     1.3130     1.8764     57.105     58.638      19936          1  0.000e+00
   56.18442 -134.56224    558.037    553.732    547.951     4.9701    33.9363  1029.3900    26.8403     4.9264     18.422   103.7651    -0.0591      7.664     1.3133     1.8768     57.117     58.650      19937          1  0.000e+00
   56.18442 -134.56224    558.012    553.732    547.951     4.9702    33.9365  1029.3901    26.8404     4.9266     18.364   103.7651    -0.0591      7.664     1.3091     1.8708     56.936     58.464      19938          1  0.000e+00
   56.18442 -134.56224    558.077    553.797    548.016     4.9704    33.9357  1029.3898    26.8398     4.9267     18.410   103.7651    -0.0591      7.664     1.3124     1.8755     57.080     58.612      19939          1  0.000e+00
   56.18442 -134.56224    558.012    553.732    547.951     4.9702    33.9363  1029.3900    26.8402     4.9266     18.413   103.7651    -0.0591      7.664     1.3126     1.8759     57.090     58.623      19940          1  0.000e+00
   56.18442 -134.56224    558.077    553.797    548.016     4.9701    33.9364  1029.3904    26.8404     4.9264     18.417   103.7651    -0.0591      7.664     1.3129     1.8763     57.102     58.635      19941          1  0.000e+00
   56.18442 -134.56224    558.052    553.797    548.016     4.9705    33.9366  1029.3905    26.8405     4.9268     18.421   103.7651    -0.0591      7.664     1.3132     1.8766     57.113     58.646      19942          1  0.000e+00
   56.18442 -134.56224    558.084    553.854    548.072     4.9704    33.9367  1029.3909    26.8406     4.9267     18.424   103.7651    -0.0591      7.664     1.3134     1.8770     57.125     58.658      19943          1  0.000e+00
   56.18442 -134.56224    558.028    553.797    548.016     4.9707    33.9364  1029.3903    26.8403     4.9270     18.418   103.7651    -0.0591      7.664     1.3130     1.8763     57.104     58.637      19944          1  0.000e+00
   56.18442 -134.56224    558.060    553.854    548.072     4.9705    33.9358  1029.3901    26.8399     4.9268     18.411   103.7651    -0.0591      7.664     1.3125     1.8757     57.084     58.616      19945          1  0.000e+00
   56.18442 -134.56224    558.116    553.911    548.128     4.9704    33.9366  1029.3910    26.8405     4.9267     18.414   103.7651    -0.0591      7.664     1.3127     1.8760     57.093     58.625      19946          1  0.000e+00
   56.18442 -134.56224    557.971    553.789    548.008     4.9704    33.9370  1029.3908    26.8408     4.9267     18.417   103.7651    -0.0591      7.664     1.3129     1.8762     57.100     58.633      19947          1  0.000e+00
   56.18442 -134.56224    558.011    553.854    548.072     4.9705    33.9359  1029.3902    26.8399     4.9268     18.420   103.7651    -0.0591      7.660     1.3131     1.8765     57.110     58.643      19948          1  0.000e+00
   56.18442 -134.56224    558.067    553.911    548.128     4.9704    33.9362  1029.3907    26.8402     4.9267     18.423   103.7651    -0.0884      7.664     1.3133     1.8768     57.119     58.652      19949          1  0.000e+00
   56.18442 -134.56224    558.011    553.854    548.072     4.9702    33.9367  1029.3909    26.8406     4.9265     18.425   103.7651    -0.0884      7.664     1.3135     1.8771     57.128     58.661      19950          1  0.000e+00
   56.18442 -134.56224    558.132    553.976    548.193     4.9701    33.9367  1029.3914    26.8406     4.9264     18.428   103.7931    -0.0884      7.664     1.3137     1.8774     57.137     58.671      19951          1  0.000e+00
   56.18442 -134.56224    557.898    553.789    548.008     4.9704    33.9366  1029.3905    26.8405     4.9267     18.369   103.8210    -0.0884      7.664     1.3095     1.8714     56.953     58.481      19952          1  0.000e+00
   56.18442 -134.56224    558.019    553.911    548.128     4.9702    33.9365  1029.3909    26.8404     4.9265     18.425   103.8210    -0.0884      7.664     1.3135     1.8771     57.126     58.659      19953          1  0.000e+00
   56.18442 -134.56224    558.019    553.911    548.128     4.9700    33.9369  1029.3913    26.8408     4.9263     18.418   103.8210    -0.0884      7.664     1.3130     1.8764     57.105     58.637      19954          1  0.000e+00
   56.18442 -134.56224    558.019    553.911    548.128     4.9702    33.9363  1029.3908    26.8403     4.9265     18.411   103.8210    -0.0884      7.664     1.3125     1.8756     57.082     58.614      19955          1  0.000e+00
   56.18442 -134.56224    557.994    553.911    548.128     4.9704    33.9362  1029.3907    26.8402     4.9267     18.403   103.8210    -0.0884      7.664     1.3119     1.8748     57.058     58.589      19956          1  0.000e+00
   56.18442 -134.56224    557.970    553.911    548.128     4.9701    33.9366  1029.3911    26.8405     4.9264     18.405   103.8210    -0.0884      7.664     1.3121     1.8751     57.065     58.596      19957          1  0.000e+00
   56.18442 -134.56224    558.034    553.976    548.193     4.9702    33.9364  1029.3912    26.8404     4.9265     18.345   103.8210    -0.0884      7.664     1.3078     1.8690     56.879     58.406      19958          1  0.000e+00
   56.18582 -134.56384    300.594    203.920    201.962     5.6461    33.4592  1027.3202    26.3804     5.6296     31.642   105.5551    -0.0591      7.755     2.2269     3.1825     96.899     99.455      33366          2  0.000e+00
   56.18582 -134.56384    300.522    203.847    201.890     5.6462    33.4591  1027.3198    26.3803     5.6298     31.585   105.5551    -0.0591      7.755     2.2229     3.1768     96.725     99.276      33367          2  0.000e+00
   56.18582 -134.56384    300.594    203.920    201.962     5.6464    33.4589  1027.3200    26.3801     5.6299     31.579   105.5831    -0.0591      7.755     2.2225     3.1762     96.705     99.256      33368          2  0.000e+00
   56.18582 -134.56384    300.578    203.904    201.946     5.6464    33.4589  1027.3199    26.3801     5.6299     31.630   105.5831    -0.0591      7.759     2.2261     3.1814     96.863     99.419      33369          2  0.000e+00
   56.18582 -134.56384    300.474    203.799    201.842     5.6464    33.4587  1027.3193    26.3800     5.6299     31.565   105.5831    -0.0591      7.759     2.2216     3.1748     96.664     99.214      33370          2  0.000e+00
   56.18582 -134.56384    300.522    203.847    201.890     5.6464    33.4590  1027.3198    26.3803     5.6299     31.617   105.5831    -0.0591      7.755     2.2252     3.1800     96.823     99.377      33371          2  0.000e+00
   56.18582 -134.56384    300.474    203.799    201.842     5.6464    33.4589  1027.3194    26.3802     5.6299     31.619   105.5831    -0.0591      7.755     2.2253     3.1802     96.829     99.383      33372          2  0.000e+00
   56.18582 -134.56384    300.474    203.799    201.842     5.6462    33.4590  1027.3195    26.3803     5.6298     31.621   105.5831    -0.0591      7.755     2.2255     3.1804     96.836     99.390      33373          2  0.000e+00
   56.18582 -134.56384    300.402    203.726    201.769     5.6464    33.4592  1027.3193    26.3804     5.6299     31.623   105.5831    -0.0591      7.755     2.2256     3.1806     96.841     99.395      33374          2  0.000e+00
   56.18582 -134.56384    300.410    203.734    201.777     5.6464    33.4595  1027.3196    26.3806     5.6299     31.625   105.5831    -0.0591      7.755     2.2257     3.1808     96.847     99.402      33375          2  0.000e+00
   56.18582 -134.56384    300.402    203.726    201.769     5.6462    33.4590  1027.3192    26.3803     5.6298     31.618   105.5831    -0.0591      7.755     2.2253     3.1802     96.827     99.382      33376          2  0.000e+00
   56.18582 -134.56384    300.410    203.734    201.777     5.6462    33.4593  1027.3195    26.3805     5.6298     31.620   105.5831    -0.0591      7.755     2.2254     3.1803     96.833     99.387      33377          2  0.000e+00
   56.18582 -134.56384    300.338    203.661    201.705     5.6462    33.4592  1027.3191    26.3805     5.6298     31.564   105.5831    -0.0591      7.755     2.2214     3.1747     96.660     99.209      33378          2  0.000e+00
   56.18582 -134.56384    300.354    203.677    201.721     5.6462    33.4593  1027.3192    26.3805     5.6298     31.557   105.5831    -0.0591      7.755     2.2210     3.1740     96.641     99.190      33379          2  0.000e+00
   56.18582 -134.56384    300.338    203.661    201.705     5.6464    33.4593  1027.3191    26.3805     5.6299     31.609   105.5831    -0.0591      7.755     2.2247     3.1793     96.799     99.353      33380          2  0.000e+00
   56.18582 -134.56384    300.298    203.621    201.665     5.6466    33.4586  1027.3184    26.3799     5.6301     31.612   105.5831    -0.0591      7.755     2.2248     3.1795     96.806     99.360      33381          2  0.000e+00
   56.18582 -134.56384    300.298    203.621    201.665     5.6464    33.4588  1027.3185    26.3801     5.6299     31.614   105.5831    -0.0591      7.755     2.2250     3.1797     96.814     99.368      33382          2  0.000e+00
   56.18582 -134.56384    300.281    203.604    201.649     5.6464    33.4590  1027.3186    26.3802     5.6299     31.558   105.5831    -0.0591      7.755     2.2211     3.1741     96.644     99.193      33383          2  0.000e+00
   56.18582 -134.56384    300.298    203.621    201.665     5.6464    33.4590  1027.3187    26.3803     5.6299     31.553   105.5831    -0.0591      7.755     2.2207     3.1736     96.627     99.176      33384          2  0.000e+00
