EcoFOCI/data/1_SampleCollection/2022_GOA-OA_CruiseData/CTD_raw_BottleFile_RC0083/RC0083_149.cnv
* Sea-Bird SBE 9 Data File:
* FileName = C:\Data\RC0083ctd\RC0083_149.hex
* Software Version Seasave V 7.26.7.107
* Temperature SN = 2060
* Conductivity SN = 2881
* Number of Bytes Per Scan = 31
* Number of Voltage Words = 4
* Number of Scans Averaged by the Deck Unit = 1
* NMEA Latitude = 54 56.24 N
* NMEA Longitude = 131 00.58 W
* NMEA UTC (Time) = Aug 28 2022  21:24:53
* NMEA baud rate = 4800
** Ship: R/V Rachel Carson
** Cruise ID: RC0083
** Tech: McHugh/Nomura
** Chief Scientist: Cross
** Station: RC4
** Cast:  CTD149
# nquan = 19
# nvalues = 15781                                 
# units = specified
# name 0 = latitude: Latitude [deg]
# name 1 = longitude: Longitude [deg]
# name 2 = sfdSM: Seafloor depth [salt water, m]
# name 3 = prDM: Pressure, Digiquartz [db]
# name 4 = depSM: Depth [salt water, m]
# name 5 = t090C: Temperature [ITS-90, deg C]
# name 6 = sal00: Salinity, Practical [PSU]
# name 7 = density00: Density [density, kg/m^3]
# name 8 = sigma-é00: Density [sigma-theta, kg/m^3]
# name 9 = potemp090C: Potential Temperature [ITS-90, deg C]
# name 10 = sbeox0PS: Oxygen, SBE 43 [% saturation]
# name 11 = CStarTr0: Beam Transmission, WET Labs C-Star [%]
# name 12 = flECO-AFL: Fluorescence, WET Labs ECO-AFL/FL [mg/m^3]
# name 13 = ph: pH
# name 14 = sbeox0ML/L: Oxygen, SBE 43 [ml/l]
# name 15 = sbeox0Mg/L: Oxygen, SBE 43 [mg/l]
# name 16 = sbox0Mm/Kg: Oxygen, SBE 43 [umol/kg]
# name 17 = sbeox0Mm/L: Oxygen, SBE 43 [umol/l]
# name 18 = flag:  0.000e+00
# span 0 =   54.93730,   54.94204                 
# span 1 = -131.01076, -131.00968                 
# span 2 =      2.868,    280.988                 
# span 3 =      2.838,    211.570                 
# span 4 =      2.812,    209.556                 
# span 5 =     5.9266,    13.7299                 
# span 6 =    27.4036,    33.4249                 
# span 7 =  1020.3921,  1027.2916                 
# span 8 =    20.3789,    26.3193                 
# span 9 =     5.9091,    13.7295                 
# span 10 =     26.654,     92.801                
# span 11 =    89.6687,   103.7931                
# span 12 =    -0.0884,     3.3108                
# span 13 =      7.696,      8.324                
# span 14 =     1.8640,     5.6843                
# span 15 =     2.6638,     8.1234                
# span 16 =     81.111,    248.774                
# span 17 =     83.245,    253.860                
# span 18 = 0.0000e+00, 0.0000e+00                
# interval = seconds: 0.0416667
# start_time = Aug 28 2022 21:24:53 [NMEA time, header]
# bad_flag = -9.990e-29
*END*
[from data line 8001]
   54.93962 -131.01052    219.098    207.617    205.643     5.9285    33.4222  1027.2723    26.3169     5.9113     26.747    97.2483    -0.0591      7.696     1.8705     2.6731     81.393     83.535  0.000e+00
   54.93962 -131.01052    219.267    207.787    205.811     5.9284    33.4223  1027.2732    26.3170     5.9111     26.749    97.2483    -0.0591      7.696     1.8706     2.6733     81.399     83.541  0.000e+00
   54.93962 -131.01052    219.187    207.681    205.707     5.9284    33.4226  1027.2729    26.3172     5.9111     26.691    97.2483    -0.0591      7.696     1.8666     2.6675     81.223     83.361  0.000e+00
   54.93962 -131.01052    219.010    207.503    205.530     5.9284    33.4224  1027.2720    26.3171     5.9111     26.693    97.2483    -0.0591      7.696     1.8667     2.6677     81.229     83.366  0.000e+00
   54.93962 -131.01052    219.259    207.730    205.755     5.9282    33.4224  1027.2731    26.3171     5.9110     26.756    97.2483    -0.0591      7.696     1.8711     2.6740     81.420     83.562  0.000e+00
   54.93962 -131.01052    219.147    207.617    205.643     5.9282    33.4224  1027.2725    26.3171     5.9110     26.825    97.2483    -0.0591      7.696     1.8759     2.6809     81.630     83.778  0.000e+00
   54.93962 -131.01052    219.010    207.503    205.530     5.9284    33.4227  1027.2722    26.3173     5.9111     26.843    97.2483    -0.0591      7.696     1.8771     2.6826     81.684     83.833  0.000e+00
   54.93962 -131.01052    219.259    207.730    205.755     5.9282    33.4226  1027.2732    26.3173     5.9110     26.796    97.2483    -0.0591      7.696     1.8739     2.6780     81.542     83.688  0.000e+00
   54.93962 -131.01052    219.115    207.560    205.587     5.9282    33.4224  1027.2722    26.3171     5.9110     26.741    97.2483    -0.0591      7.696     1.8701     2.6725     81.375     83.517  0.000e+00
   54.93962 -131.01052    218.939    207.382    205.410     5.9280    33.4228  1027.2718    26.3175     5.9108     26.731    97.2203    -0.0591      7.696     1.8694     2.6715     81.345     83.486  0.000e+00
   54.93962 -131.01052    219.220    207.665    205.691     5.9284    33.4225  1027.2728    26.3171     5.9111     26.723    97.2203    -0.0591      7.696     1.8688     2.6707     81.320     83.460  0.000e+00
   54.93962 -131.01052    218.939    207.382    205.410     5.9284    33.4223  1027.2713    26.3170     5.9111     26.713    97.2203    -0.0591      7.696     1.8681     2.6697     81.290     83.429  0.000e+00
   54.93962 -131.01052    219.236    207.681    205.707     5.9282    33.4222  1027.2726    26.3169     5.9110     26.713    97.2203    -0.0591      7.696     1.8681     2.6697     81.290     83.429  0.000e+00
   54.93962 -131.01052    219.068    207.487    205.514     5.9284    33.4225  1027.2720    26.3172     5.9111     26.712    97.2203    -0.0591      7.696     1.8680     2.6696     81.286     83.425  0.000e+00
   54.93962 -131.01052    219.084    207.503    205.530     5.9285    33.4223  1027.2719    26.3170     5.9113     26.704    97.2203    -0.0591      7.696     1.8675     2.6688     81.263     83.402  0.000e+00
   54.93962 -131.01052    219.084    207.503    205.530     5.9285    33.4227  1027.2722    26.3173     5.9113     26.697    97.2203    -0.0591      7.696     1.8670     2.6681     81.242     83.380  0.000e+00
   54.93962 -131.01052    219.092    207.487    205.514     5.9285    33.4219  1027.2715    26.3167     5.9113     26.691    97.2203    -0.0591      7.696     1.8665     2.6674     81.221     83.359  0.000e+00
   54.93962 -131.01052    219.108    207.503    205.530     5.9282    33.4221  1027.2718    26.3169     5.9110     26.743    97.2203    -0.0591      7.696     1.8702     2.6727     81.381     83.523  0.000e+00
   54.93962 -131.01052    219.012    207.382    205.410     5.9284    33.4223  1027.2713    26.3170     5.9111     26.743    97.2203    -0.0591      7.696     1.8702     2.6727     81.381     83.523  0.000e+00
   54.93962 -131.01052    219.237    207.608    205.635     5.9284    33.4221  1027.2722    26.3168     5.9111     26.744    97.2203    -0.0591      7.696     1.8703     2.6728     81.385     83.527  0.000e+00
   54.93962 -131.01052    219.132    207.503    205.530     5.9284    33.4222  1027.2718    26.3169     5.9111     26.803    97.2203    -0.0591      7.696     1.8744     2.6787     81.564     83.711  0.000e+00
   54.93962 -131.01052    219.132    207.503    205.530     5.9280    33.4225  1027.2721    26.3172     5.9108     26.811    97.2203    -0.0591      7.696     1.8749     2.6795     81.587     83.735  0.000e+00
   54.93962 -131.01052    219.205    207.552    205.579     5.9280    33.4225  1027.2723    26.3172     5.9108     26.759    97.2203    -0.0591      7.696     1.8713     2.6743     81.431     83.574  0.000e+00
   54.93962 -131.01052    219.213    207.560    205.587     5.9282    33.4223  1027.2722    26.3170     5.9110     26.759    97.2203    -0.0591      7.696     1.8713     2.6743     81.431     83.574  0.000e+00
   54.93962 -131.01052    219.093    207.438    205.466     5.9280    33.4228  1027.2720    26.3175     5.9108     26.759    97.2203    -0.0591      7.696     1.8713     2.6743     81.429     83.572  0.000e+00
   54.93962 -131.01052    219.317    207.665    205.691     5.9282    33.4223  1027.2727    26.3171     5.9110     26.767    97.2203    -0.0591      7.696     1.8719     2.6751     81.454     83.598  0.000e+00
   54.93962 -131.01052    219.333    207.681    205.707     5.9282    33.4222  1027.2726    26.3169     5.9110     26.775    97.2203    -0.0591      7.696     1.8724     2.6759     81.477     83.622  0.000e+00
   54.93962 -131.01052    219.157    207.503    205.530     5.9284    33.4223  1027.2719    26.3170     5.9111     26.782    97.2203    -0.0591      7.696     1.8729     2.6766     81.499     83.644  0.000e+00
   54.93962 -131.01052    219.381    207.730    205.755     5.9280    33.4228  1027.2734    26.3174     5.9108     26.791    97.2203    -0.0591      7.696     1.8736     2.6775     81.527     83.673  0.000e+00
   54.93962 -131.01052    219.213    207.560    205.586     5.9284    33.4224  1027.2723    26.3171     5.9111     26.740    97.1924    -0.0591      7.696     1.8700     2.6724     81.372     83.514  0.000e+00
   54.93962 -131.01052    219.510    207.860    205.883     5.9284    33.4221  1027.2734    26.3169     5.9111     26.736    97.1924    -0.0591      7.696     1.8697     2.6720     81.360     83.501  0.000e+00
   54.93962 -131.01052    219.317    207.665    205.691     5.9285    33.4225  1027.2727    26.3171     5.9113     26.730    97.1924    -0.0591      7.696     1.8693     2.6714     81.342     83.483  0.000e+00
   54.93962 -131.01052    219.333    207.681    205.707     5.9284    33.4222  1027.2726    26.3169     5.9111     26.726    97.1924    -0.0591      7.696     1.8690     2.6710     81.328     83.469  0.000e+00
   54.93962 -131.01052    219.541    207.916    205.939     5.9282    33.4227  1027.2741    26.3173     5.9110     26.722    97.1924    -0.0591      7.696     1.8687     2.6706     81.317     83.457  0.000e+00
   54.93962 -131.01052    219.413    207.787    205.811     5.9282    33.4228  1027.2736    26.3174     5.9110     26.776    97.1924    -0.0591      7.696     1.8725     2.6760     81.482     83.626  0.000e+00
   54.93962 -131.01052    219.485    207.860    205.883     5.9285    33.4226  1027.2737    26.3172     5.9113     26.779    97.1924    -0.0591      7.696     1.8727     2.6763     81.491     83.636  0.000e+00
   54.93962 -131.01052    219.541    207.916    205.939     5.9285    33.4227  1027.2741    26.3174     5.9112     26.782    97.1924    -0.0591      7.696     1.8729     2.6766     81.500     83.645  0.000e+00
   54.93962 -131.01052    219.509    207.908    205.931     5.9282    33.4228  1027.2742    26.3175     5.9110     26.785    97.1924    -0.0591      7.696     1.8732     2.6769     81.510     83.655  0.000e+00
   54.93962 -131.01052    219.557    207.981    206.004     5.9282    33.4225  1027.2743    26.3172     5.9110     26.730    97.1924    -0.0591      7.696     1.8693     2.6714     81.341     83.482  0.000e+00
   54.93962 -131.01052    219.557    207.981    206.004     5.9282    33.4227  1027.2744    26.3173     5.9110     26.726    97.1924    -0.0591      7.696     1.8690     2.6710     81.330     83.470  0.000e+00
   54.93962 -131.01052    219.661    208.086    206.108     5.9284    33.4229  1027.2750    26.3175     5.9111     26.723    97.1924    -0.0591      7.696     1.8688     2.6707     81.320     83.460  0.000e+00
   54.93962 -131.01052    219.677    208.103    206.124     5.9282    33.4227  1027.2750    26.3174     5.9109     26.720    97.1924    -0.0591      7.696     1.8686     2.6704     81.310     83.450  0.000e+00
   54.93962 -131.01052    219.564    208.038    206.060     5.9282    33.4232  1027.2751    26.3177     5.9109     26.768    97.2203    -0.0591      7.696     1.8719     2.6752     81.457     83.600  0.000e+00
   54.93962 -131.01052    219.772    208.273    206.292     5.9284    33.4229  1027.2759    26.3175     5.9111     26.772    97.1924    -0.0591      7.696     1.8722     2.6756     81.471     83.615  0.000e+00
   54.93962 -131.01052    219.716    208.216    206.236     5.9284    33.4225  1027.2754    26.3172     5.9111     26.717    97.1924    -0.0591      7.696     1.8684     2.6701     81.303     83.443  0.000e+00
   54.93962 -131.01052    219.740    208.216    206.236     5.9282    33.4227  1027.2755    26.3173     5.9109     26.722    97.2203    -0.0591      7.696     1.8687     2.6706     81.317     83.457  0.000e+00
   54.93962 -131.01052    219.804    208.329    206.349     5.9284    33.4227  1027.2760    26.3173     5.9111     26.727    97.1924    -0.0591      7.696     1.8691     2.6711     81.333     83.473  0.000e+00
   54.93964 -131.01050    219.739    208.338    206.357     5.9282    33.4229  1027.2762    26.3175     5.9109     26.733    97.2203    -0.0591      7.696     1.8695     2.6717     81.350     83.491  0.000e+00
   54.93964 -131.01050    219.803    208.402    206.421     5.9284    33.4228  1027.2764    26.3174     5.9111     26.732    97.1924    -0.0591      7.696     1.8694     2.6716     81.347     83.488  0.000e+00
   54.93964 -131.01050    219.827    208.451    206.469     5.9280    33.4233  1027.2771    26.3179     5.9107     26.731    97.1644    -0.0591      7.696     1.8694     2.6715     81.345     83.486  0.000e+00
   54.93964 -131.01050    219.803    208.402    206.421     5.9282    33.4233  1027.2768    26.3178     5.9109     26.730    97.0246    -0.0591      7.696     1.8693     2.6714     81.343     83.483  0.000e+00
   54.93964 -131.01050    219.931    208.581    206.597     5.9282    33.4231  1027.2775    26.3177     5.9109     26.723    96.9966    -0.0591      7.696     1.8688     2.6707     81.321     83.462  0.000e+00
   54.93964 -131.01050    219.930    208.629    206.645     5.9282    33.4231  1027.2777    26.3177     5.9109     26.716    96.9966    -0.0591      7.696     1.8683     2.6700     81.299     83.438  0.000e+00
   54.93964 -131.01050    219.737    208.459    206.477     5.9284    33.4228  1027.2767    26.3174     5.9111     26.656    96.9966    -0.0591      7.696     1.8641     2.6640     81.117     83.252  0.000e+00
   54.93964 -131.01050    220.090    208.816    206.830     5.9284    33.4228  1027.2783    26.3174     5.9110     26.717    96.9966    -0.0591      7.696     1.8684     2.6701     81.301     83.441  0.000e+00
   54.93964 -131.01050    219.986    208.686    206.701     5.9284    33.4230  1027.2779    26.3176     5.9110     26.725    96.9966    -0.0591      7.696     1.8689     2.6708     81.325     83.465  0.000e+00
   54.93964 -131.01050    219.960    208.759    206.774     5.9284    33.4229  1027.2781    26.3175     5.9110     26.726    96.9966    -0.0591      7.696     1.8690     2.6710     81.330     83.471  0.000e+00
   54.93964 -131.01050    219.968    208.816    206.830     5.9284    33.4229  1027.2784    26.3175     5.9110     26.721    96.9966    -0.0591      7.696     1.8686     2.6705     81.314     83.454  0.000e+00
   54.93964 -131.01050    219.935    208.808    206.822     5.9284    33.4227  1027.2782    26.3173     5.9110     26.774    96.9966    -0.0591      7.696     1.8724     2.6758     81.475     83.620  0.000e+00
   54.93964 -131.01050    220.032    208.880    206.894     5.9284    33.4225  1027.2784    26.3172     5.9110     26.775    96.9966    -0.0591      7.696     1.8725     2.6759     81.480     83.624  0.000e+00
   54.93964 -131.01050    219.887    208.759    206.774     5.9282    33.4230  1027.2783    26.3176     5.9109     26.776    96.9966    -0.0591      7.696     1.8725     2.6760     81.481     83.626  0.000e+00
   54.93964 -131.01050    220.134    209.107    207.119     5.9284    33.4227  1027.2796    26.3174     5.9110     26.719    96.9966    -0.0591      7.696     1.8685     2.6703     81.308     83.448  0.000e+00
   54.93964 -131.01050    219.942    208.937    206.950     5.9284    33.4230  1027.2790    26.3176     5.9110     26.712    96.9966    -0.0591      7.696     1.8680     2.6696     81.287     83.426  0.000e+00
   54.93964 -131.01050    219.942    208.937    206.950     5.9282    33.4229  1027.2790    26.3175     5.9109     26.706    96.9966    -0.0591      7.696     1.8676     2.6690     81.267     83.406  0.000e+00
   54.93964 -131.01050    220.118    209.115    207.127     5.9284    33.4226  1027.2796    26.3173     5.9110     26.700    96.9966    -0.0591      7.696     1.8672     2.6684     81.249     83.388  0.000e+00
   54.93964 -131.01050    220.086    209.107    207.119     5.9282    33.4232  1027.2800    26.3178     5.9109     26.693    96.9966    -0.0591      7.696     1.8667     2.6677     81.230     83.367  0.000e+00
   54.93964 -131.01050    219.819    208.937    206.950     5.9280    33.4230  1027.2791    26.3176     5.9107     26.694    96.9966    -0.0591      7.696     1.8667     2.6678     81.231     83.369  0.000e+00
   54.93964 -131.01050    220.132    209.302    207.311     5.9284    33.4228  1027.2805    26.3174     5.9110     26.696    96.9966    -0.0591      7.696     1.8669     2.6680     81.238     83.376  0.000e+00
   54.93964 -131.01050    220.028    209.172    207.183     5.9282    33.4228  1027.2800    26.3174     5.9109     26.697    96.9966    -0.0591      7.696     1.8670     2.6681     81.241     83.379  0.000e+00
   54.93964 -131.01050    219.972    209.115    207.127     5.9282    33.4228  1027.2797    26.3174     5.9109     26.706    96.9966    -0.0591      7.696     1.8676     2.6690     81.268     83.407  0.000e+00
   54.93964 -131.01050    219.987    209.180    207.191     5.9284    33.4227  1027.2800    26.3174     5.9110     26.716    97.0246    -0.0591      7.696     1.8683     2.6700     81.298     83.438  0.000e+00
   54.93964 -131.01050    219.962    209.229    207.239     5.9282    33.4225  1027.2800    26.3172     5.9108     26.719    97.0246    -0.0591      7.696     1.8685     2.6703     81.308     83.448  0.000e+00
   54.93964 -131.01050    219.889    209.180    207.191     5.9279    33.4233  1027.2805    26.3179     5.9105     26.722    97.0246    -0.0591      7.696     1.8687     2.6706     81.318     83.458  0.000e+00
   54.93964 -131.01050    219.945    209.237    207.247     5.9284    33.4223  1027.2799    26.3170     5.9110     26.726    97.0525    -0.0591      7.696     1.8690     2.6710     81.329     83.469  0.000e+00
   54.93964 -131.01050    219.881    209.172    207.183     5.9282    33.4232  1027.2803    26.3177     5.9109     26.729    97.0246    -0.0591      7.696     1.8692     2.6713     81.339     83.480  0.000e+00
