EcoFOCI/data/1_SampleCollection/2022_GOA-OA_CruiseData/CTD_raw_BottleFile_RC0083/RC0083_065.cnv
* Sea-Bird SBE 9 Data File:
* FileName = C:\Data\RC0083ctd\RC0083_065.hex
* Software Version Seasave V 7.26.7.107
* Temperature SN = 2060
* Conductivity SN = 1084
* Number of Bytes Per Scan = 31
* Number of Voltage Words = 4
* Number of Scans Averaged by the Deck Unit = 1
* NMEA Latitude = 58 50.77 N
* NMEA Longitude = 136 05.10 W
* NMEA UTC (Time) = Aug 20 2022  16:35:21
* NMEA baud rate = 4800
** Ship: R/V Rachel Carson
** Cruise ID: RC0083
** Tech: McHugh/Nomura
** Chief Scientist: Cross
** Station: GB15
** Cast:  CTD065
# nquan = 19
# nvalues = 18234                                 
# units = specified
# name 0 = latitude: Latitude [deg]
# name 1 = longitude: Longitude [deg]
# name 2 = sfdSM: Seafloor depth [salt water, m]
# name 3 = prDM: Pressure, Digiquartz [db]
# name 4 = depSM: Depth [salt water, m]
# name 5 = t090C: Temperature [ITS-90, deg C]
# name 6 = sal00: Salinity, Practical [PSU]
# name 7 = density00: Density [density, kg/m^3]
# name 8 = sigma-é00: Density [sigma-theta, kg/m^3]
# name 9 = potemp090C: Potential Temperature [ITS-90, deg C]
# name 10 = sbeox0PS: Oxygen, SBE 43 [% saturation]
# name 11 = CStarTr0: Beam Transmission, WET Labs C-Star [%]
# name 12 = flECO-AFL: Fluorescence, WET Labs ECO-AFL/FL [mg/m^3]
# name 13 = ph: pH
# name 14 = sbeox0ML/L: Oxygen, SBE 43 [ml/l]
# name 15 = sbeox0Mg/L: Oxygen, SBE 43 [mg/l]
# name 16 = sbox0Mm/Kg: Oxygen, SBE 43 [umol/kg]
# name 17 = sbeox0Mm/L: Oxygen, SBE 43 [umol/l]
# name 18 = flag:  0.000e+00
# span 0 =   58.84468,   58.84624                 
# span 1 = -136.08546, -136.08500                 
# span 2 =     27.790,    329.149                 
# span 3 =      2.316,    252.936                 
# span 4 =      2.295,    250.421                 
# span 5 =     4.8553,     7.9482                 
# span 6 =    16.5842,    30.9106                 
# span 7 =  1012.9617,  1025.6262                 
# span 8 =    12.9496,    24.4517                 
# span 9 =     4.8374,     7.9473                 
# span 10 =     69.137,     98.120                
# span 11 =    12.8659,    84.6343                
# span 12 =    -0.0591,     2.4903                
# span 13 =      7.916,      8.293                
# span 14 =     4.7681,     7.4242                
# span 15 =     6.8142,    10.6099                
# span 16 =    208.064,    327.157                
# span 17 =    212.945,    331.565                
# span 18 = 0.0000e+00, 0.0000e+00                
# interval = seconds: 0.0416667
# start_time = Aug 20 2022 16:35:21 [NMEA time, header]
# bad_flag = -9.990e-29
*END*
[from data line 4115]
   58.84596 -136.08504    166.389     68.407     67.757     6.8702    30.4137  1024.1407    23.8254     6.8644     71.764    55.7703     0.0288      7.967     5.0083     7.1573    218.464    223.669  0.000e+00
   58.84596 -136.08504    166.389     68.407     67.757     6.8695    30.4141  1024.1411    23.8258     6.8637     71.763    55.7703     0.0288      7.967     5.0082     7.1573    218.463    223.668  0.000e+00
   58.84596 -136.08504    166.445     68.463     67.813     6.8689    30.4142  1024.1415    23.8259     6.8631     71.769    55.7703     0.0288      7.967     5.0088     7.1580    218.486    223.691  0.000e+00
   58.84596 -136.08504    166.445     68.463     67.813     6.8684    30.4143  1024.1416    23.8261     6.8626     71.824    55.7703     0.0288      7.967     5.0126     7.1635    218.653    223.863  0.000e+00
   58.84596 -136.08504    166.517     68.536     67.885     6.8679    30.4150  1024.1426    23.8267     6.8621     71.829    55.7703     0.0288      7.967     5.0130     7.1641    218.672    223.882  0.000e+00
   58.84596 -136.08504    166.565     68.585     67.933     6.8680    30.4144  1024.1423    23.8262     6.8622     71.778    55.7703     0.0288      7.967     5.0095     7.1590    218.516    223.723  0.000e+00
   58.84596 -136.08504    166.565     68.584     67.933     6.8676    30.4146  1024.1425    23.8264     6.8618     71.783    55.7703     0.0288      7.967     5.0098     7.1595    218.532    223.739  0.000e+00
   58.84596 -136.08504    166.621     68.641     67.989     6.8674    30.4150  1024.1431    23.8267     6.8616     71.788    55.7703     0.0288      7.967     5.0102     7.1600    218.547    223.755  0.000e+00
   58.84596 -136.08504    166.685     68.706     68.053     6.8676    30.4140  1024.1426    23.8260     6.8618     71.793    55.7703     0.0288      7.967     5.0105     7.1605    218.563    223.770  0.000e+00
   58.84596 -136.08504    166.621     68.641     67.989     6.8672    30.4147  1024.1429    23.8265     6.8615     71.796    55.7703     0.0288      7.967     5.0108     7.1610    218.575    223.783  0.000e+00
   58.84596 -136.08504    166.750     68.770     68.117     6.8671    30.4145  1024.1434    23.8265     6.8613     71.802    55.7703     0.0288      7.963     5.0112     7.1615    218.593    223.802  0.000e+00
   58.84596 -136.08504    166.742     68.762     68.109     6.8665    30.4148  1024.1436    23.8267     6.8607     71.806    55.7703     0.0288      7.963     5.0116     7.1621    218.610    223.818  0.000e+00
   58.84596 -136.08504    166.806     68.827     68.173     6.8661    30.4148  1024.1440    23.8268     6.8603     71.811    55.7703     0.0288      7.967     5.0120     7.1626    218.627    223.836  0.000e+00
   58.84596 -136.08504    166.806     68.827     68.173     6.8660    30.4149  1024.1441    23.8268     6.8602     71.816    55.3228     0.0288      7.967     5.0123     7.1631    218.641    223.850  0.000e+00
   58.84596 -136.08504    166.862     68.884     68.229     6.8660    30.4148  1024.1443    23.8268     6.8601     71.813    54.7075     0.0288      7.967     5.0121     7.1628    218.632    223.841  0.000e+00
   58.84596 -136.08504    166.918     68.940     68.285     6.8660    30.4147  1024.1445    23.8268     6.8601     71.818    54.5397     0.0288      7.967     5.0124     7.1633    218.646    223.856  0.000e+00
   58.84596 -136.08504    166.918     68.940     68.285     6.8660    30.4151  1024.1448    23.8270     6.8602     71.814    54.5676     0.0288      7.967     5.0122     7.1629    218.634    223.843  0.000e+00
   58.84596 -136.08504    166.990     69.013     68.357     6.8660    30.4147  1024.1448    23.8267     6.8601     71.818    54.5956     0.0288      7.967     5.0125     7.1633    218.648    223.858  0.000e+00
   58.84596 -136.08504    166.982     69.005     68.349     6.8655    30.4146  1024.1447    23.8267     6.8596     71.822    54.5956     0.0288      7.967     5.0128     7.1638    218.662    223.872  0.000e+00
   58.84596 -136.08504    167.038     69.061     68.405     6.8647    30.4153  1024.1457    23.8274     6.8589     71.819    54.5956     0.0288      7.967     5.0126     7.1636    218.655    223.865  0.000e+00
   58.84596 -136.08504    167.094     69.118     68.461     6.8642    30.4150  1024.1457    23.8272     6.8583     71.815    54.5956     0.0288      7.967     5.0124     7.1633    218.646    223.856  0.000e+00
   58.84596 -136.08504    167.094     69.118     68.461     6.8638    30.4150  1024.1458    23.8273     6.8580     71.810    54.5956     0.0288      7.967     5.0122     7.1629    218.634    223.843  0.000e+00
   58.84596 -136.08504    167.158     69.183     68.525     6.8635    30.4150  1024.1462    23.8273     6.8577     71.806    54.5956     0.0288      7.963     5.0119     7.1625    218.622    223.831  0.000e+00
   58.84596 -136.08504    167.166     69.191     68.533     6.8634    30.4151  1024.1463    23.8274     6.8576     71.801    54.5956     0.0288      7.963     5.0115     7.1620    218.607    223.815  0.000e+00
   58.84596 -136.08504    167.214     69.239     68.581     6.8632    30.4151  1024.1465    23.8274     6.8573     71.803    54.5956     0.0288      7.967     5.0118     7.1623    218.616    223.825  0.000e+00
   58.84596 -136.08504    167.214     69.239     68.581     6.8630    30.4155  1024.1469    23.8278     6.8572     71.805    54.5956     0.0288      7.967     5.0119     7.1625    218.623    223.832  0.000e+00
   58.84596 -136.08504    167.302     69.304     68.645     6.8628    30.4153  1024.1470    23.8276     6.8569     71.800    54.5956     0.0288      7.967     5.0116     7.1621    218.609    223.818  0.000e+00
   58.84596 -136.08504    167.278     69.304     68.645     6.8628    30.4149  1024.1467    23.8273     6.8569     71.795    54.5956     0.0288      7.967     5.0112     7.1615    218.592    223.800  0.000e+00
   58.84596 -136.08504    167.390     69.417     68.757     6.8624    30.4155  1024.1478    23.8278     6.8565     71.789    54.5956     0.0288      7.967     5.0109     7.1610    218.577    223.785  0.000e+00
   58.84596 -136.08504    167.342     69.369     68.709     6.8623    30.4152  1024.1473    23.8276     6.8564     71.782    54.5956     0.0288      7.967     5.0104     7.1604    218.557    223.765  0.000e+00
   58.84596 -136.08504    167.390     69.417     68.757     6.8616    30.4153  1024.1477    23.8278     6.8558     71.776    54.5956     0.0288      7.963     5.0100     7.1598    218.541    223.748  0.000e+00
   58.84596 -136.08504    167.454     69.482     68.822     6.8618    30.4155  1024.1481    23.8279     6.8559     71.777    54.5956     0.0288      7.963     5.0101     7.1599    218.543    223.751  0.000e+00
   58.84596 -136.08504    167.510     69.538     68.878     6.8613    30.4159  1024.1487    23.8282     6.8554     71.771    54.5956     0.0288      7.963     5.0097     7.1593    218.525    223.732  0.000e+00
   58.84596 -136.08504    167.510     69.538     68.878     6.8611    30.4155  1024.1485    23.8280     6.8553     71.763    54.4558     0.0288      7.967     5.0092     7.1586    218.504    223.710  0.000e+00
   58.84596 -136.08504    167.510     69.538     68.878     6.8608    30.4157  1024.1487    23.8282     6.8549     71.763    54.1761     0.0288      7.963     5.0092     7.1587    218.505    223.712  0.000e+00
   58.84596 -136.08504    167.574     69.603     68.942     6.8606    30.4162  1024.1494    23.8286     6.8547     71.764    54.0642     0.0288      7.967     5.0093     7.1587    218.507    223.714  0.000e+00
   58.84596 -136.08504    167.638     69.668     69.006     6.8605    30.4160  1024.1496    23.8285     6.8546     71.764    54.0642     0.0288      7.963     5.0093     7.1588    218.510    223.717  0.000e+00
   58.84596 -136.08504    167.630     69.660     68.998     6.8603    30.4161  1024.1496    23.8285     6.8545     71.701    54.0922     0.0288      7.967     5.0049     7.1525    218.316    223.518  0.000e+00
   58.84596 -136.08504    167.686     69.716     69.054     6.8605    30.4157  1024.1495    23.8282     6.8546     71.750    54.0922     0.0288      7.963     5.0083     7.1574    218.465    223.671  0.000e+00
   58.84596 -136.08504    167.750     69.781     69.118     6.8603    30.4157  1024.1499    23.8283     6.8544     71.750    54.0922     0.0288      7.967     5.0084     7.1575    218.468    223.673  0.000e+00
   58.84596 -136.08504    167.750     69.781     69.118     6.8600    30.4158  1024.1500    23.8284     6.8541     71.750    54.0922     0.0288      7.963     5.0084     7.1575    218.470    223.675  0.000e+00
   58.84596 -136.08504    167.806     69.837     69.174     6.8598    30.4159  1024.1503    23.8284     6.8539     71.751    54.0922     0.0288      7.963     5.0085     7.1576    218.472    223.678  0.000e+00
   58.84596 -136.08504    167.806     69.837     69.174     6.8592    30.4164  1024.1508    23.8290     6.8533     71.751    54.0922     0.0288      7.963     5.0085     7.1577    218.475    223.681  0.000e+00
   58.84596 -136.08504    167.814     69.846     69.182     6.8592    30.4160  1024.1505    23.8286     6.8533     71.687    54.0922     0.0288      7.967     5.0041     7.1513    218.281    223.482  0.000e+00
   58.84596 -136.08504    167.926     69.959     69.294     6.8584    30.4163  1024.1514    23.8290     6.8525     71.681    54.0922     0.0288      7.967     5.0037     7.1508    218.265    223.466  0.000e+00
   58.84596 -136.08504    167.862     69.894     69.230     6.8581    30.4164  1024.1512    23.8291     6.8522     71.673    54.0922     0.0288      7.963     5.0032     7.1501    218.243    223.444  0.000e+00
   58.84596 -136.08504    167.982     70.015     69.350     6.8576    30.4168  1024.1521    23.8294     6.8516     71.667    54.0922     0.0288      7.967     5.0029     7.1496    218.228    223.428  0.000e+00
   58.84596 -136.08504    167.982     70.015     69.350     6.8569    30.4171  1024.1525    23.8298     6.8510     71.661    54.0922     0.0288      7.967     5.0025     7.1490    218.211    223.411  0.000e+00
   58.84596 -136.08504    167.982     70.015     69.350     6.8560    30.4175  1024.1529    23.8302     6.8501     71.655    54.0922     0.0288      7.967     5.0021     7.1486    218.196    223.396  0.000e+00
   58.84596 -136.08504    168.046     70.080     69.414     6.8554    30.4177  1024.1534    23.8304     6.8494     71.649    54.0922     0.0288      7.967     5.0018     7.1481    218.183    223.382  0.000e+00
   58.84596 -136.08504    168.110     70.145     69.478     6.8545    30.4183  1024.1544    23.8311     6.8486     71.645    54.0922     0.0288      7.967     5.0016     7.1478    218.171    223.371  0.000e+00
   58.84596 -136.08504    168.102     70.137     69.470     6.8542    30.4186  1024.1546    23.8313     6.8483     71.639    54.0922     0.0288      7.967     5.0012     7.1473    218.156    223.355  0.000e+00
   58.84596 -136.08504    168.158     70.193     69.526     6.8540    30.4183  1024.1547    23.8311     6.8481     71.643    54.0922     0.0288      7.967     5.0015     7.1476    218.168    223.367  0.000e+00
   58.84596 -136.08504    168.223     70.258     69.590     6.8542    30.4182  1024.1548    23.8310     6.8483     71.647    54.0642     0.0288      7.967     5.0018     7.1480    218.179    223.379  0.000e+00
   58.84596 -136.08504    168.223     70.258     69.590     6.8544    30.4181  1024.1547    23.8309     6.8484     71.643    54.0083     0.0288      7.967     5.0015     7.1476    218.167    223.366  0.000e+00
   58.84596 -136.08504    168.223     70.258     69.590     6.8545    30.4186  1024.1551    23.8313     6.8486     71.639    53.9803     0.0288      7.963     5.0012     7.1472    218.155    223.354  0.000e+00
   58.84596 -136.08504    168.279     70.314     69.646     6.8540    30.4192  1024.1559    23.8318     6.8481     71.637    53.9803     0.0288      7.967     5.0011     7.1470    218.149    223.348  0.000e+00
   58.84596 -136.08504    168.343     70.379     69.710     6.8540    30.4182  1024.1554    23.8310     6.8481     71.635    53.9803     0.0288      7.967     5.0009     7.1469    218.144    223.342  0.000e+00
   58.84596 -136.08504    168.351     70.387     69.718     6.8537    30.4187  1024.1559    23.8315     6.8478     71.632    53.9803     0.0288      7.967     5.0008     7.1466    218.137    223.336  0.000e+00
   58.84596 -136.08504    168.399     70.436     69.766     6.8540    30.4182  1024.1557    23.8310     6.8481     71.630    53.9803     0.0288      7.967     5.0007     7.1464    218.131    223.329  0.000e+00
   58.84596 -136.08504    168.455     70.492     69.822     6.8539    30.4186  1024.1563    23.8314     6.8479     71.629    53.9803     0.0288      7.967     5.0006     7.1463    218.127    223.325  0.000e+00
   58.84596 -136.08504    168.455     70.492     69.822     6.8539    30.4185  1024.1562    23.8313     6.8479     71.571    53.9803     0.0288      7.967     4.9965     7.1406    217.952    223.146  0.000e+00
   58.84596 -136.08504    168.455     70.492     69.822     6.8539    30.4189  1024.1565    23.8316     6.8479     71.563    53.9803     0.0288      7.967     4.9959     7.1397    217.925    223.119  0.000e+00
   58.84596 -136.08504    168.575     70.614     69.942     6.8540    30.4186  1024.1568    23.8314     6.8480     71.612    53.9803     0.0288      7.967     4.9994     7.1446    218.075    223.272  0.000e+00
   58.84596 -136.08504    168.519     70.557     69.886     6.8532    30.4191  1024.1570    23.8318     6.8473     71.556    53.9803     0.0288      7.963     4.9955     7.1391    217.906    223.100  0.000e+00
   58.84596 -136.08504    168.647     70.686     70.014     6.8534    30.4192  1024.1577    23.8319     6.8474     71.550    53.9803     0.0288      7.967     4.9951     7.1385    217.888    223.081  0.000e+00
   58.84596 -136.08504    168.631     70.670     69.998     6.8529    30.4194  1024.1578    23.8321     6.8470     71.544    53.9803     0.0288      7.967     4.9947     7.1379    217.871    223.063  0.000e+00
   58.84596 -136.08504    168.631     70.670     69.998     6.8532    30.4192  1024.1576    23.8319     6.8472     71.538    53.9803     0.0288      7.967     4.9943     7.1373    217.852    223.044  0.000e+00
   58.84596 -136.08504    168.695     70.735     70.062     6.8527    30.4196  1024.1583    23.8323     6.8467     71.534    53.9803     0.0288      7.967     4.9940     7.1369    217.841    223.032  0.000e+00
   58.84596 -136.08504    168.815     70.856     70.182     6.8532    30.4187  1024.1581    23.8315     6.8472     71.530    53.9803     0.0288      7.967     4.9937     7.1366    217.829    223.021  0.000e+00
   58.84596 -136.08504    168.751     70.791     70.118     6.8532    30.4192  1024.1582    23.8319     6.8472     71.526    53.9803     0.0288      7.967     4.9934     7.1361    217.815    223.006  0.000e+00
   58.84596 -136.08504    168.815     70.856     70.182     6.8531    30.4193  1024.1586    23.8320     6.8471     71.467    53.9803     0.0288      7.963     4.9893     7.1303    217.637    222.824  0.000e+00
   58.84596 -136.08504    168.815     70.856     70.182     6.8527    30.4194  1024.1587    23.8321     6.8467     71.458    53.9803     0.0288      7.967     4.9887     7.1294    217.610    222.796  0.000e+00
   58.84596 -136.08504    168.943     70.985     70.311     6.8527    30.4191  1024.1590    23.8319     6.8467     71.450    53.9523     0.0288      7.967     4.9882     7.1286    217.587    222.773  0.000e+00
   58.84596 -136.08504    168.871     70.913     70.239     6.8526    30.4194  1024.1590    23.8321     6.8466     71.442    53.6726     0.0288      7.967     4.9876     7.1278    217.562    222.747  0.000e+00
