EcoFOCI/data/1_SampleCollection/2022_GOA-OA_CruiseData/CTD_raw_BottleFile_RC0083/RC0083_015.cnv
* Sea-Bird SBE 9 Data File:
* FileName = C:\Data\RC0083ctd\RC0083_015.hex
* Software Version Seasave V 7.26.7.107
* Temperature SN = 2060
* Conductivity SN = 1084
* Number of Bytes Per Scan = 31
* Number of Voltage Words = 4
* Number of Scans Averaged by the Deck Unit = 1
* NMEA Latitude = 55 47.82 N
* NMEA Longitude = 134 21.35 W
* NMEA UTC (Time) = Aug 13 2022  08:05:54
* NMEA baud rate = 4800
** Ship: R/V Rachel Carson
** Cruise ID: RC0083 RC0083
** Tech: McHugh/Nomura
** Chief Scientist: Cross Cross
** Station: POW2
** Cast:  015
# nquan = 19
# nvalues = 13897                                 
# units = specified
# name 0 = latitude: Latitude [deg]
# name 1 = longitude: Longitude [deg]
# name 2 = sfdSM: Seafloor depth [salt water, m]
# name 3 = prDM: Pressure, Digiquartz [db]
# name 4 = depSM: Depth [salt water, m]
# name 5 = t090C: Temperature [ITS-90, deg C]
# name 6 = sal00: Salinity, Practical [PSU]
# name 7 = density00: Density [density, kg/m^3]
# name 8 = sigma-é00: Density [sigma-theta, kg/m^3]
# name 9 = potemp090C: Potential Temperature [ITS-90, deg C]
# name 10 = sbeox0PS: Oxygen, SBE 43 [% saturation]
# name 11 = CStarTr0: Beam Transmission, WET Labs C-Star [%]
# name 12 = flECO-AFL: Fluorescence, WET Labs ECO-AFL/FL [mg/m^3]
# name 13 = ph: pH
# name 14 = sbeox0ML/L: Oxygen, SBE 43 [ml/l]
# name 15 = sbeox0Mg/L: Oxygen, SBE 43 [mg/l]
# name 16 = sbox0Mm/Kg: Oxygen, SBE 43 [umol/kg]
# name 17 = sbeox0Mm/L: Oxygen, SBE 43 [umol/l]
# name 18 = flag:  0.000e+00
# span 0 =   55.79704,   55.79744                 
# span 1 = -134.35580, -134.35456                 
# span 2 =      9.330,    111.616                 
# span 3 =      2.213,     88.856                 
# span 4 =      2.193,     88.030                 
# span 5 =     7.0278,    10.0992                 
# span 6 =    31.1783,    32.7263                 
# span 7 =  1023.9723,  1026.0313                 
# span 8 =    23.9584,    25.6253                 
# span 9 =     7.0199,    10.0988                 
# span 10 =     54.398,     98.473                
# span 11 =    80.6068,   103.1498                
# span 12 =    -0.0005,    11.1057                
# span 13 =      7.876,      8.199                
# span 14 =     3.7222,     6.3711                
# span 15 =     5.3193,     9.1049                
# span 16 =    162.084,    277.866                
# span 17 =    166.231,    284.533                
# span 18 = 0.0000e+00, 0.0000e+00                
# interval = seconds: 0.0416667
# start_time = Aug 13 2022 08:05:54 [NMEA time, header]
# bad_flag = -9.990e-29
*END*
[from data line 1905]
   55.79706 -134.35550     99.504      5.266      5.218     9.5026    31.2090  1024.0971    24.0732     9.5020     84.270    87.2914     5.3914      8.091     5.5123     7.8776    240.391    246.178  0.000e+00
   55.79706 -134.35550     99.438      5.298      5.250     9.5016    31.2095  1024.0978    24.0737     9.5011     84.318    87.2914     5.3914      8.091     5.5155     7.8823    240.534    246.324  0.000e+00
   55.79706 -134.35550     99.365      5.298      5.250     9.5013    31.2095  1024.0978    24.0738     9.5007     84.316    87.2914     5.3914      8.091     5.5154     7.8821    240.528    246.318  0.000e+00
   55.79706 -134.35550     99.389      5.322      5.274     9.5017    31.2090  1024.0976    24.0734     9.5011     84.311    87.2634     5.3914      8.091     5.5150     7.8815    240.512    246.302  0.000e+00
   55.79706 -134.35550     99.453      5.363      5.314     9.5027    31.2083  1024.0970    24.0727     9.5022     84.309    87.2914     5.3914      8.091     5.5149     7.8813    240.504    246.294  0.000e+00
   55.79706 -134.35550     99.389      5.322      5.274     9.5031    31.2085  1024.0970    24.0728     9.5025     84.360    87.2914     5.3914      8.091     5.5181     7.8859    240.645    246.438  0.000e+00
   55.79706 -134.35550     99.429      5.363      5.314     9.5029    31.2092  1024.0976    24.0733     9.5024     84.367    87.2914     5.3914      8.091     5.5186     7.8866    240.665    246.459  0.000e+00
   55.79706 -134.35550     99.389      5.322      5.274     9.5033    31.2092  1024.0975    24.0733     9.5027     84.371    87.2914     5.3914      8.091     5.5188     7.8869    240.674    246.468  0.000e+00
   55.79706 -134.35550     99.453      5.363      5.314     9.5046    31.2085  1024.0968    24.0725     9.5041     84.427    87.2914     5.3914      8.091     5.5223     7.8920    240.830    246.627  0.000e+00
   55.79706 -134.35550     99.485      5.419      5.370     9.5044    31.2084  1024.0971    24.0725     9.5038     84.433    87.2914     5.3914      8.091     5.5228     7.8926    240.849    246.647  0.000e+00
   55.79706 -134.35550     99.340      5.322      5.274     9.5026    31.2093  1024.0976    24.0734     9.5020     84.490    87.2914     5.3914      8.091     5.5267     7.8981    241.018    246.821  0.000e+00
   55.79706 -134.35550     99.338      5.419      5.370     9.5025    31.2096  1024.0983    24.0737     9.5019     84.498    87.4871     5.3914      8.091     5.5272     7.8989    241.040    246.843  0.000e+00
   55.79706 -134.35550     99.298      5.379      5.330     9.5035    31.2094  1024.0978    24.0734     9.5029     84.507    87.8228     5.3914      8.091     5.5277     7.8996    241.063    246.866  0.000e+00
   55.79706 -134.35550     99.282      5.363      5.314     9.5042    31.2092  1024.0975    24.0731     9.5037     84.569    87.9346     5.3914      8.091     5.5316     7.9052    241.235    247.042  0.000e+00
   55.79706 -134.35550     99.298      5.379      5.330     9.5046    31.2095  1024.0978    24.0733     9.5040     84.580    87.9067     5.3914      8.091     5.5323     7.9062    241.264    247.072  0.000e+00
   55.79706 -134.35550     99.240      5.419      5.370     9.5051    31.2097  1024.0980    24.0733     9.5045     84.643    87.9067     5.5379      8.091     5.5363     7.9120    241.441    247.253  0.000e+00
   55.79706 -134.35550     99.167      5.419      5.370     9.5055    31.2090  1024.0974    24.0727     9.5050     84.661    87.8787     6.1533      8.091     5.5375     7.9136    241.491    247.304  0.000e+00
   55.79706 -134.35550     99.127      5.379      5.330     9.5055    31.2086  1024.0969    24.0724     9.5049     84.730    87.8787     6.4171      8.091     5.5420     7.9201    241.689    247.507  0.000e+00
   55.79706 -134.35550     99.111      5.363      5.314     9.5042    31.2093  1024.0976    24.0732     9.5037     84.748    87.9067     6.4464      8.091     5.5434     7.9220    241.747    247.566  0.000e+00
   55.79706 -134.35550     99.191      5.443      5.394     9.5031    31.2104  1024.0990    24.0743     9.5025     84.764    87.9067     6.4171      8.091     5.5445     7.9237    241.797    247.618  0.000e+00
   55.79706 -134.35550     99.111      5.363      5.314     9.5027    31.2102  1024.0985    24.0741     9.5022     84.775    87.9067     6.4171      8.091     5.5453     7.9248    241.831    247.652  0.000e+00
   55.79706 -134.35550     99.047      5.298      5.250     9.5033    31.2105  1024.0984    24.0743     9.5027     84.844    87.9067     6.4171      8.091     5.5497     7.9311    242.024    247.850  0.000e+00
   55.79706 -134.35550     99.247      5.500      5.450     9.5043    31.2118  1024.1001    24.0751     9.5037     84.919    87.9067     6.4171      8.091     5.5545     7.9379    242.230    248.062  0.000e+00
   55.79706 -134.35550     99.111      5.363      5.314     9.5082    31.2115  1024.0986    24.0742     9.5076     84.939    87.9067     6.4171      8.091     5.5553     7.9390    242.266    248.098  0.000e+00
   55.79706 -134.35550     99.103      5.379      5.330     9.5107    31.2109  1024.0979    24.0734     9.5101     84.957    87.9067     6.4171      8.091     5.5561     7.9403    242.304    248.138  0.000e+00
   55.79706 -134.35550     99.013      5.363      5.314     9.5116    31.2102  1024.0971    24.0727     9.5111     84.971    87.9067     6.4171      8.091     5.5570     7.9415    242.341    248.175  0.000e+00
   55.79706 -134.35550     99.005      5.379      5.330     9.5120    31.2104  1024.0973    24.0728     9.5114     85.037    87.9067     6.4171      8.091     5.5612     7.9475    242.526    248.364  0.000e+00
   55.79706 -134.35550     98.965      5.362      5.314     9.5118    31.2104  1024.0972    24.0728     9.5112     85.105    87.8787     6.4171      8.091     5.5657     7.9539    242.721    248.564  0.000e+00
   55.79706 -134.35550     98.925      5.298      5.250     9.5116    31.2102  1024.0968    24.0727     9.5111     85.120    87.9067     6.4171      8.091     5.5667     7.9554    242.766    248.610  0.000e+00
   55.79706 -134.35550     99.005      5.379      5.330     9.5115    31.2114  1024.0981    24.0737     9.5109     85.140    87.8787     6.4171      8.091     5.5680     7.9572    242.821    248.667  0.000e+00
   55.79706 -134.35550     98.925      5.298      5.250     9.5121    31.2129  1024.0988    24.0748     9.5115     85.154    87.9067     6.4171      8.091     5.5688     7.9584    242.856    248.702  0.000e+00
   55.79706 -134.35550     98.949      5.322      5.274     9.5136    31.2128  1024.0986    24.0744     9.5130     85.274    87.9906     6.4171      8.091     5.5765     7.9693    243.190    249.045  0.000e+00
   55.79706 -134.35550     98.925      5.298      5.250     9.5146    31.2132  1024.0986    24.0746     9.5140     85.239    88.2423     6.4171      8.091     5.5741     7.9659    243.085    248.937  0.000e+00
   55.79706 -134.35550     98.925      5.298      5.250     9.5170    31.2110  1024.0965    24.0725     9.5165     85.303    88.3262     6.4171      8.091     5.5780     7.9715    243.257    249.112  0.000e+00
   55.79706 -134.35550     98.893      5.265      5.218     9.5187    31.2100  1024.0954    24.0714     9.5181     85.368    88.3262     6.4171      8.091     5.5821     7.9774    243.436    249.296  0.000e+00
   55.79706 -134.35550     98.925      5.298      5.250     9.5167    31.2091  1024.0951    24.0710     9.5161     85.382    88.3262     6.4171      8.091     5.5833     7.9791    243.489    249.350  0.000e+00
   55.79706 -134.35550     88.881      5.265      5.218     9.5129    31.2084  1024.0950    24.0711     9.5124     85.446    88.3262     6.4171      8.091     5.5879     7.9857    243.691    249.557  0.000e+00
   55.79706 -134.35550     41.939      5.185      5.138     9.5123    31.2080  1024.0944    24.0709     9.5118     85.462    88.3262     6.4171      8.091     5.5891     7.9874    243.742    249.609  0.000e+00
   55.79706 -134.35550     22.141      5.265      5.218     9.5126    31.2082  1024.0949    24.0710     9.5120     85.476    88.3262     6.4171      8.091     5.5899     7.9886    243.779    249.647  0.000e+00
   55.79706 -134.35550     20.962      5.185      5.138     9.5136    31.2092  1024.0952    24.0717     9.5131     85.537    88.3262     6.4171      8.091     5.5938     7.9941    243.947    249.819  0.000e+00
   55.79706 -134.35550     22.940      5.185      5.137     9.5148    31.2102  1024.0958    24.0722     9.5142     85.553    88.3262     6.4171      8.091     5.5947     7.9954    243.985    249.858  0.000e+00
   55.79706 -134.35550     23.737      5.201      5.153     9.5157    31.2100  1024.0956    24.0719     9.5152     85.565    88.3262     6.4171      8.091     5.5953     7.9963    244.014    249.888  0.000e+00
   55.79706 -134.35550     23.682      5.120      5.073     9.5156    31.2099  1024.0951    24.0718     9.5151     85.572    88.3262     6.4171      8.091     5.5958     7.9969    244.033    249.908  0.000e+00
   55.79706 -134.35550     23.583      5.144      5.097     9.5155    31.2092  1024.0947    24.0713     9.5150     85.575    88.3262     6.4171      8.091     5.5960     7.9973    244.043    249.918  0.000e+00
   55.79706 -134.35550     23.559      5.120      5.073     9.5154    31.2083  1024.0939    24.0706     9.5148     85.572    88.3262     6.4171      8.091     5.5959     7.9971    244.040    249.914  0.000e+00
   55.79706 -134.35550     23.583      5.144      5.097     9.5142    31.2080  1024.0940    24.0706     9.5137     85.628    88.3262     6.4171      8.091     5.5997     8.0025    244.203    250.082  0.000e+00
   55.79706 -134.35550     23.503      5.063      5.017     9.5134    31.2082  1024.0939    24.0709     9.5129     85.683    88.3262     6.4171      8.091     5.6034     8.0078    244.367    250.249  0.000e+00
   55.79706 -134.35550     23.503      5.063      5.017     9.5147    31.2082  1024.0937    24.0707     9.5142     85.687    88.3262     6.4171      8.091     5.6035     8.0079    244.370    250.252  0.000e+00
   55.79706 -134.35550     23.527      5.088      5.041     9.5182    31.2077  1024.0929    24.0698     9.5177     85.685    88.3262     6.4171      8.091     5.6030     8.0072    244.348    250.229  0.000e+00
   55.79706 -134.35550     23.439      4.999      4.953     9.5220    31.2073  1024.0915    24.0688     9.5214     85.678    88.3262     6.4171      8.091     5.6020     8.0059    244.307    250.187  0.000e+00
   55.79706 -134.35550     23.407      4.966      4.921     9.5249    31.2091  1024.0923    24.0698     9.5244     85.673    88.3262     6.4171      8.091     5.6013     8.0048    244.274    250.153  0.000e+00
   55.79706 -134.35550     23.439      4.999      4.953     9.5300    31.2123  1024.0942    24.0715     9.5295     85.664    88.2982     6.4171      8.091     5.5999     8.0029    244.215    250.093  0.000e+00
   55.79706 -134.35550     32.833      4.966      4.921     9.5353    31.2150  1024.0953    24.0727     9.5348     85.704    88.1025     6.4171      8.091     5.6018     8.0055    244.296    250.176  0.000e+00
   55.79706 -134.35550     60.209      4.942      4.897     9.5399    31.2151  1024.0945    24.0721     9.5394     85.691    87.9906     6.4171      8.091     5.6004     8.0035    244.235    250.114  0.000e+00
   55.79706 -134.35550     70.172      4.942      4.897     9.5427    31.2154  1024.0943    24.0718     9.5422     85.681    87.9906     6.4171      8.091     5.5994     8.0021    244.190    250.068  0.000e+00
   55.79706 -134.35550     70.205      4.902      4.857     9.5455    31.2155  1024.0938    24.0715     9.5450     85.666    87.9906     6.4171      8.091     5.5980     8.0002    244.132    250.008  0.000e+00
   55.79706 -134.35550     69.066      4.886      4.841     9.5473    31.2148  1024.0929    24.0707     9.5467     85.646    87.9906     6.2119      8.091     5.5966     7.9981    244.068    249.943  0.000e+00
   55.79706 -134.35550     68.611      4.845      4.801     9.5468    31.2131  1024.0914    24.0694     9.5463     85.629    87.9906     6.0068      8.091     5.5956     7.9966    244.025    249.899  0.000e+00
   55.79706 -134.35550     68.587      4.821      4.777     9.5475    31.2129  1024.0910    24.0691     9.5470     85.662    87.9906     5.9482      8.091     5.5977     7.9996    244.116    249.992  0.000e+00
   55.79706 -134.35550     68.684      4.845      4.801     9.5502    31.2140  1024.0916    24.0696     9.5497     85.650    87.9906     5.9775      8.091     5.5965     7.9979    244.064    249.938  0.000e+00
   55.79706 -134.35550     68.684      4.821      4.777     9.5530    31.2140  1024.0910    24.0691     9.5525     85.632    87.9906     5.9775      8.091     5.5950     7.9958    243.999    249.872  0.000e+00
   55.79706 -134.35550     68.684      4.821      4.777     9.5548    31.2139  1024.0906    24.0687     9.5543     85.611    87.9906     5.9775      8.091     5.5934     7.9935    243.929    249.800  0.000e+00
   55.79706 -134.35550     68.652      4.789      4.745     9.5576    31.2129  1024.0893    24.0675     9.5571     85.592    87.9906     5.9775      8.091     5.5918     7.9912    243.861    249.730  0.000e+00
   55.79706 -134.35550     68.628      4.764      4.721     9.5600    31.2105  1024.0869    24.0653     9.5595     85.568    87.9906     5.9775      8.091     5.5901     7.9888    243.785    249.652  0.000e+00
   55.79706 -134.35550     68.588      4.724      4.681     9.5602    31.2092  1024.0857    24.0642     9.5597     85.548    87.9906     5.9775      8.091     5.5888     7.9869    243.729    249.594  0.000e+00
   55.79706 -134.35550     68.628      4.764      4.721     9.5604    31.2093  1024.0860    24.0643     9.5599     85.579    87.9906     5.9775      8.091     5.5908     7.9898    243.816    249.683  0.000e+00
   55.79706 -134.35550     68.532      4.667      4.625     9.5661    31.2066  1024.0824    24.0612     9.5656     85.562    87.9906     5.9775      8.091     5.5891     7.9873    243.743    249.608  0.000e+00
   55.79706 -134.35550     69.085      4.708      4.665     9.5747    31.2020  1024.0777    24.0563     9.5742     85.543    87.9906     5.9775      8.091     5.5869     7.9843    243.651    249.512  0.000e+00
   55.79706 -134.35550     87.131      4.708      4.665     9.5760    31.2014  1024.0770    24.0556     9.5755     85.521    87.9906     5.9775      8.091     5.5853     7.9820    243.581    249.441  0.000e+00
   55.79706 -134.35550     98.478      4.724      4.681     9.5752    31.2020  1024.0777    24.0563     9.5747     85.495    87.9906     5.9775      8.091     5.5837     7.9797    243.512    249.370  0.000e+00
   55.79706 -134.35550    100.034      4.643      4.601     9.5749    31.2025  1024.0778    24.0567     9.5744     85.472    87.9906     5.9775      8.091     5.5822     7.9775    243.445    249.302  0.000e+00
   55.79706 -134.35550     99.277      4.667      4.625     9.5747    31.2034  1024.0786    24.0574     9.5742     85.507    87.9906     5.9775      8.091     5.5845     7.9808    243.545    249.404  0.000e+00
   55.79706 -134.35550     98.877      4.708      4.665     9.5753    31.2032  1024.0786    24.0572     9.5748     85.491    87.7948     5.9775      8.091     5.5834     7.9792    243.495    249.353  0.000e+00
   55.79706 -134.35550     98.708      4.611      4.569     9.5757    31.2017  1024.0769    24.0560     9.5752     85.469    87.6829     5.9775      8.091     5.5820     7.9772    243.435    249.291  0.000e+00
   55.79706 -134.35550     98.789      4.643      4.601     9.5748    31.2020  1024.0774    24.0563     9.5743     85.500    87.6549     5.9775      8.091     5.5841     7.9803    243.528    249.387  0.000e+00
