EcoFOCI/data/1_SampleCollection/2022_GOA-OA_CruiseData/CTD_raw_BottleFile_RC0083/RC0083_030.ros
* Sea-Bird SBE 9 Data File:
* FileName = C:\Data\RC0083ctd\RC0083_030.hex
* Software Version Seasave V 7.26.7.107
* Temperature SN = 2060
* Conductivity SN = 1084
* Number of Bytes Per Scan = 31
* Number of Voltage Words = 4
* Number of Scans Averaged by the Deck Unit = 1
* NMEA Latitude = 58 36.95 N
* NMEA Longitude = 135 00.84 W
* NMEA UTC (Time) = Aug 18 2022  01:34:01
* NMEA baud rate = 4800
** Ship: R/V Rachel Carson
** Cruise ID: RC0083
** Tech: McHugh/Nomura
** Chief Scientist: Cross
** Station: LC2
** Cast:  CTD030
# nquan = 21
# nvalues = 392                                   
# units = specified
# name 0 = latitude: Latitude [deg]
# name 1 = longitude: Longitude [deg]
# name 2 = sfdSM: Seafloor depth [salt water, m]
# name 3 = prDM: Pressure, Digiquartz [db]
# name 4 = depSM: Depth [salt water, m]
# name 5 = t090C: Temperature [ITS-90, deg C]
# name 6 = sal00: Salinity, Practical [PSU]
# name 7 = density00: Density [density, kg/m^3]
# name 8 = sigma-é00: Density [sigma-theta, kg/m^3]
# name 9 = potemp090C: Potential Temperature [ITS-90, deg C]
# name 10 = sbeox0PS: Oxygen, SBE 43 [% saturation]
# name 11 = CStarTr0: Beam Transmission, WET Labs C-Star [%]
# name 12 = flECO-AFL: Fluorescence, WET Labs ECO-AFL/FL [mg/m^3]
# name 13 = ph: pH
# name 14 = sbeox0ML/L: Oxygen, SBE 43 [ml/l]
# name 15 = sbeox0Mg/L: Oxygen, SBE 43 [mg/l]
# name 16 = sbox0Mm/Kg: Oxygen, SBE 43 [umol/kg]
# name 17 = sbeox0Mm/L: Oxygen, SBE 43 [umol/l]
# name 18 = scan: Scan Count
# name 19 = nbf: Bottles Fired
# name 20 = flag:  0.000e+00
# interval = seconds: 0.0416667
# start_time = Aug 18 2022 01:34:01 [NMEA time, header]
# bad_flag = -9.990e-29
*END*
[from data line 138]
   58.61818 -135.01352    250.484    153.336    151.851     5.1893    33.1052  1026.8624    26.1531     5.1776     30.670    97.4161    -0.0591      7.635     2.1872     3.1257     95.189     97.679      18068          3  0.000e+00
   58.61818 -135.01352    250.436    153.288    151.803     5.1891    33.1053  1026.8623    26.1533     5.1774     30.671    97.4161    -0.0591      7.635     2.1872     3.1258     95.193     97.682      18069          3  0.000e+00
   58.61818 -135.01352    250.420    153.272    151.787     5.1889    33.1047  1026.8618    26.1528     5.1772     30.672    97.4161    -0.0591      7.635     2.1873     3.1259     95.195     97.685      18070          3  0.000e+00
   58.61818 -135.01352    250.484    153.336    151.851     5.1891    33.1037  1026.8613    26.1520     5.1774     30.672    97.4161    -0.0591      7.635     2.1874     3.1259     95.198     97.687      18071          3  0.000e+00
   58.61818 -135.01352    250.436    153.288    151.803     5.1891    33.1046  1026.8617    26.1527     5.1774     30.672    97.4161    -0.0591      7.635     2.1873     3.1259     95.196     97.686      18072          3  0.000e+00
   58.61818 -135.01352    250.484    153.336    151.851     5.1891    33.1064  1026.8634    26.1541     5.1774     30.680    97.4161    -0.0591      7.635     2.1879     3.1267     95.222     97.712      18073          3  0.000e+00
   58.61818 -135.01352    250.436    153.288    151.803     5.1894    33.1063  1026.8630    26.1540     5.1777     30.680    97.4161    -0.0591      7.635     2.1879     3.1267     95.219     97.710      18074          3  0.000e+00
   58.61818 -135.01352    250.540    153.393    151.907     5.1893    33.1061  1026.8634    26.1539     5.1776     30.622    97.4161    -0.0591      7.640     2.1837     3.1208     95.040     97.525      18075          3  0.000e+00
   58.61818 -135.01352    250.372    153.223    151.739     5.1891    33.1064  1026.8629    26.1542     5.1774     30.612    97.4721    -0.0591      7.635     2.1830     3.1198     95.010     97.495      18076          3  0.000e+00
   58.61842 -135.01336    198.720    101.054    100.088     5.1742    32.2936  1025.9800    25.5116     5.1667     47.071    99.9613    -0.0591      7.712     3.3763     4.8250    147.032    150.783      20632          4  0.000e+00
   58.61842 -135.01336    198.865    101.200    100.232     5.1744    32.2938  1025.9809    25.5118     5.1668     47.074    99.9613    -0.0591      7.712     3.3765     4.8253    147.042    150.793      20633          4  0.000e+00
   58.61842 -135.01336    198.801    101.135    100.168     5.1744    32.2933  1025.9801    25.5114     5.1668     47.068    99.9613    -0.0591      7.712     3.3760     4.8247    147.022    150.773      20634          4  0.000e+00
   58.61842 -135.01336    198.833    101.167    100.200     5.1741    32.2935  1025.9805    25.5116     5.1666     47.070    99.9613    -0.0591      7.712     3.3762     4.8249    147.029    150.780      20635          4  0.000e+00
   58.61842 -135.01336    198.801    101.135    100.168     5.1739    32.2937  1025.9806    25.5118     5.1664     47.072    99.9613    -0.0591      7.712     3.3763     4.8251    147.036    150.787      20636          4  0.000e+00
   58.61842 -135.01336    198.833    101.167    100.200     5.1739    32.2937  1025.9807    25.5118     5.1664     47.074    99.9613    -0.0591      7.712     3.3765     4.8254    147.043    150.794      20637          4  0.000e+00
   58.61842 -135.01336    198.865    101.200    100.232     5.1742    32.2939  1025.9810    25.5119     5.1667     47.077    99.9613    -0.0591      7.712     3.3766     4.8255    147.049    150.800      20638          4  0.000e+00
   58.61842 -135.01336    198.897    101.232    100.264     5.1744    32.2942  1025.9814    25.5122     5.1668     47.079    99.9613    -0.0591      7.712     3.3768     4.8257    147.055    150.807      20639          4  0.000e+00
   58.61842 -135.01336    198.865    101.200    100.232     5.1747    32.2939  1025.9809    25.5119     5.1672     47.081    99.9613    -0.0591      7.712     3.3769     4.8259    147.060    150.811      20640          4  0.000e+00
   58.61842 -135.01336    198.872    101.232    100.264     5.1749    32.2938  1025.9810    25.5118     5.1673     47.083    99.9613    -0.0591      7.712     3.3770     4.8261    147.066    150.818      20641          4  0.000e+00
   58.61842 -135.01336    198.865    101.200    100.232     5.1747    32.2939  1025.9809    25.5119     5.1672     47.085    99.9893    -0.0591      7.712     3.3772     4.8263    147.072    150.825      20642          4  0.000e+00
   58.61842 -135.01336    198.897    101.232    100.264     5.1744    32.2943  1025.9814    25.5122     5.1668     47.087   100.0172    -0.0591      7.712     3.3774     4.8266    147.081    150.833      20643          4  0.000e+00
   58.61842 -135.01336    198.921    101.256    100.288     5.1739    32.2943  1025.9816    25.5123     5.1664     47.089   100.0172    -0.0591      7.712     3.3776     4.8269    147.089    150.842      20644          4  0.000e+00
   58.61842 -135.01336    198.953    101.289    100.320     5.1736    32.2938  1025.9814    25.5119     5.1660     47.092   100.0172    -0.0591      7.712     3.3778     4.8272    147.098    150.851      20645          4  0.000e+00
   58.61842 -135.01336    198.921    101.256    100.288     5.1736    32.2939  1025.9813    25.5120     5.1660     47.093   100.0172    -0.0591      7.712     3.3779     4.8274    147.104    150.857      20646          4  0.000e+00
   58.61842 -135.01336    198.953    101.289    100.320     5.1736    32.2941  1025.9816    25.5121     5.1660     47.096   100.0172    -0.0591      7.712     3.3781     4.8276    147.111    150.864      20647          4  0.000e+00
   58.61842 -135.01336    198.921    101.256    100.288     5.1738    32.2944  1025.9817    25.5124     5.1662     47.089   100.0172    -0.0591      7.712     3.3775     4.8268    147.089    150.841      20648          4  0.000e+00
   58.61842 -135.01336    198.921    101.256    100.288     5.1741    32.2943  1025.9816    25.5123     5.1665     47.091   100.0172    -0.0591      7.712     3.3776     4.8270    147.093    150.846      20649          4  0.000e+00
   58.61842 -135.01336    199.017    101.353    100.384     5.1741    32.2944  1025.9821    25.5123     5.1665     47.084   100.0172    -0.0591      7.712     3.3772     4.8263    147.073    150.825      20650          4  0.000e+00
   58.61842 -135.01336    198.921    101.256    100.288     5.1740    32.2949  1025.9820    25.5127     5.1665     47.085   100.0172    -0.0591      7.712     3.3772     4.8264    147.075    150.828      20651          4  0.000e+00
   58.61842 -135.01336    198.953    101.289    100.320     5.1745    32.2948  1025.9821    25.5126     5.1670     47.087   100.0172    -0.0298      7.712     3.3773     4.8265    147.078    150.831      20652          4  0.000e+00
   58.61842 -135.01336    198.977    101.313    100.344     5.1745    32.2950  1025.9823    25.5127     5.1670     47.080   100.0172    -0.0298      7.712     3.3768     4.8258    147.056    150.808      20653          4  0.000e+00
   58.61842 -135.01336    198.953    101.289    100.320     5.1749    32.2942  1025.9816    25.5121     5.1673     47.080   100.0172    -0.0298      7.712     3.3768     4.8259    147.058    150.810      20654          4  0.000e+00
   58.61842 -135.01336    198.977    101.313    100.344     5.1745    32.2946  1025.9820    25.5124     5.1670     47.082   100.0172    -0.0298      7.712     3.3770     4.8260    147.063    150.815      20655          4  0.000e+00
   58.61842 -135.01336    198.953    101.289    100.320     5.1749    32.2945  1025.9818    25.5123     5.1673     47.082   100.0172    -0.0298      7.712     3.3770     4.8261    147.064    150.816      20656          4  0.000e+00
   58.61842 -135.01336    198.977    101.313    100.344     5.1747    32.2945  1025.9819    25.5123     5.1672     47.084   100.0172    -0.0298      7.712     3.3771     4.8262    147.069    150.821      20657          4  0.000e+00
   58.61842 -135.01336    198.953    101.289    100.320     5.1747    32.2943  1025.9816    25.5122     5.1672     47.085   100.0172    -0.0298      7.712     3.3772     4.8263    147.072    150.824      20658          4  0.000e+00
   58.61842 -135.01336    198.977    101.313    100.344     5.1751    32.2943  1025.9817    25.5121     5.1676     47.077   100.0172    -0.0298      7.712     3.3766     4.8255    147.047    150.799      20659          4  0.000e+00
   58.61842 -135.01336    198.897    101.232    100.264     5.1749    32.2940  1025.9811    25.5119     5.1673     47.069   100.0172    -0.0298      7.712     3.3760     4.8247    147.022    150.773      20660          4  0.000e+00
   58.61842 -135.01336    198.977    101.313    100.344     5.1750    32.2945  1025.9819    25.5123     5.1675     47.061   100.0172    -0.0298      7.712     3.3754     4.8238    146.997    150.747      20661          4  0.000e+00
   58.61842 -135.01336    198.921    101.256    100.288     5.1753    32.2940  1025.9812    25.5119     5.1678     47.061   100.0172    -0.0298      7.712     3.3754     4.8238    146.995    150.745      20662          4  0.000e+00
   58.61842 -135.01336    198.953    101.289    100.320     5.1755    32.2940  1025.9813    25.5118     5.1679     47.061   100.0172    -0.0298      7.712     3.3754     4.8238    146.995    150.745      20663          4  0.000e+00
   58.61842 -135.01336    198.921    101.256    100.288     5.1755    32.2942  1025.9814    25.5120     5.1680     47.061   100.0172    -0.0298      7.712     3.3754     4.8237    146.994    150.744      20664          4  0.000e+00
   58.61842 -135.01336    198.897    101.232    100.264     5.1760    32.2942  1025.9812    25.5120     5.1684     47.060   100.0172    -0.0298      7.712     3.3753     4.8237    146.992    150.742      20665          4  0.000e+00
   58.61842 -135.01336    198.921    101.256    100.288     5.1761    32.2939  1025.9810    25.5117     5.1686     47.060   100.0172    -0.0298      7.712     3.3753     4.8237    146.992    150.742      20666          4  0.000e+00
   58.61842 -135.01336    198.897    101.232    100.264     5.1759    32.2935  1025.9806    25.5114     5.1684     47.060   100.0172    -0.0298      7.712     3.3753     4.8237    146.993    150.743      20667          4  0.000e+00
   58.61842 -135.01336    198.865    101.200    100.232     5.1758    32.2939  1025.9808    25.5117     5.1683     47.060   100.0172    -0.0298      7.712     3.3753     4.8237    146.992    150.742      20668          4  0.000e+00
   58.61842 -135.01336    198.953    101.289    100.320     5.1757    32.2935  1025.9809    25.5114     5.1681     47.061   100.0172    -0.0298      7.712     3.3754     4.8238    146.995    150.745      20669          4  0.000e+00
   58.61842 -135.01336    198.801    101.135    100.168     5.1755    32.2939  1025.9805    25.5117     5.1680     47.060   100.0172    -0.0298      7.712     3.3753     4.8237    146.992    150.742      20670          4  0.000e+00
   58.61842 -135.01336    198.897    101.232    100.264     5.1755    32.2941  1025.9811    25.5119     5.1679     47.060   100.0172    -0.0298      7.712     3.3754     4.8237    146.994    150.744      20671          4  0.000e+00
   58.61842 -135.01336    198.801    101.135    100.168     5.1755    32.2940  1025.9806    25.5119     5.1680     47.060   100.0172    -0.0591      7.712     3.3753     4.8237    146.992    150.742      20672          4  0.000e+00
   58.61842 -135.01336    198.833    101.167    100.200     5.1757    32.2939  1025.9807    25.5117     5.1681     47.060   100.0172    -0.0591      7.712     3.3753     4.8237    146.992    150.742      20673          4  0.000e+00
   58.61842 -135.01336    198.801    101.135    100.168     5.1755    32.2941  1025.9807    25.5119     5.1680     47.060   100.0172    -0.0591      7.712     3.3753     4.8237    146.992    150.742      20674          4  0.000e+00
   58.61842 -135.01336    198.865    101.200    100.232     5.1755    32.2941  1025.9810    25.5119     5.1679     47.060   100.0172    -0.0591      7.712     3.3754     4.8237    146.993    150.743      20675          4  0.000e+00
   58.61842 -135.01336    198.777    101.111    100.144     5.1752    32.2936  1025.9802    25.5116     5.1676     47.060   100.0172    -0.0591      7.712     3.3754     4.8237    146.993    150.743      20676          4  0.000e+00
   58.61842 -135.01334    198.801    101.135    100.168     5.1731    32.2940  1025.9808    25.5121     5.1656     47.060   100.0172    -0.0591      7.712     3.3755     4.8240    147.001    150.752      20677          4  0.000e+00
   58.61842 -135.01334    198.777    101.111    100.144     5.1712    32.2935  1025.9806    25.5119     5.1637     47.060   100.0172    -0.0591      7.712     3.3757     4.8242    147.009    150.759      20678          4  0.000e+00
   58.61842 -135.01334    198.801    101.135    100.168     5.1704    32.2926  1025.9801    25.5113     5.1629     47.061   100.0172    -0.0591      7.712     3.3758     4.8244    147.013    150.764      20679          4  0.000e+00
   58.61842 -135.01334    198.721    101.054    100.088     5.1698    32.2929  1025.9800    25.5116     5.1622     47.060   100.0172    -0.0591      7.712     3.3758     4.8244    147.014    150.765      20680          4  0.000e+00
   58.61888 -135.01292    150.531     52.393     51.898     6.9523    31.0931  1024.5905    24.3494     6.9478     66.706   100.8004     0.0288      7.919     4.6257     6.6106    201.672    206.583      23013          5  0.000e+00
   58.61888 -135.01292    150.651     52.514     52.018     6.9524    31.0931  1024.5911    24.3494     6.9479     66.709   100.8283     0.0288      7.914     4.6259     6.6108    201.681    206.592      23014          5  0.000e+00
   58.61888 -135.01292    150.531     52.393     51.898     6.9520    31.0934  1024.5908    24.3496     6.9475     66.710   100.8283     0.0288      7.919     4.6260     6.6110    201.685    206.596      23015          5  0.000e+00
   58.61888 -135.01292    150.587     52.450     51.954     6.9515    31.0933  1024.5910    24.3497     6.9470     66.712   100.8283     0.0288      7.914     4.6262     6.6113    201.695    206.606      23016          5  0.000e+00
   58.61888 -135.01292    150.531     52.393     51.898     6.9517    31.0933  1024.5907    24.3496     6.9472     66.714   100.8283     0.0288      7.914     4.6263     6.6114    201.698    206.609      23017          5  0.000e+00
   58.61888 -135.01292    150.587     52.450     51.954     6.9513    31.0937  1024.5914    24.3500     6.9467     66.716   100.8283     0.0288      7.919     4.6265     6.6117    201.707    206.618      23018          5  0.000e+00
   58.61888 -135.01292    150.531     52.393     51.898     6.9515    31.0935  1024.5909    24.3498     6.9470     66.717   100.8283     0.0288      7.914     4.6265     6.6118    201.710    206.621      23019          5  0.000e+00
   58.61888 -135.01292    150.531     52.393     51.898     6.9515    31.0937  1024.5911    24.3499     6.9470     66.719   100.8283     0.0288      7.919     4.6267     6.6120    201.715    206.627      23020          5  0.000e+00
   58.61888 -135.01292    150.587     52.450     51.954     6.9514    31.0934  1024.5912    24.3498     6.9469     66.722   100.8283     0.0288      7.914     4.6268     6.6122    201.723    206.635      23021          5  0.000e+00
   58.61888 -135.01292    150.531     52.393     51.898     6.9508    31.0934  1024.5910    24.3498     6.9463     66.723   100.8283     0.0288      7.914     4.6270     6.6125    201.730    206.642      23022          5  0.000e+00
