EcoFOCI/data/1_SampleCollection/2022_GOA-OA_CruiseData/CTD_raw_BottleFile_RC0083/RC0083_039.cnv
* Sea-Bird SBE 9 Data File:
* FileName = C:\Data\RC0083ctd\RC0083_039.hex
* Software Version Seasave V 7.26.7.107
* Temperature SN = 2060
* Conductivity SN = 1084
* Number of Bytes Per Scan = 31
* Number of Voltage Words = 4
* Number of Scans Averaged by the Deck Unit = 1
* NMEA Latitude = 58 14.18 N
* NMEA Longitude = 135 29.37 W
* NMEA UTC (Time) = Aug 18 2022  12:25:20
* NMEA baud rate = 4800
** Ship: R/V Rachel Carson
** Cruise ID: RC0083
** Tech: McHugh/Nomura
** Chief Scientist: Cross
** Station: ISB
** Cast:  CTD039
# nquan = 19
# nvalues = 19043                                 
# units = specified
# name 0 = latitude: Latitude [deg]
# name 1 = longitude: Longitude [deg]
# name 2 = sfdSM: Seafloor depth [salt water, m]
# name 3 = prDM: Pressure, Digiquartz [db]
# name 4 = depSM: Depth [salt water, m]
# name 5 = t090C: Temperature [ITS-90, deg C]
# name 6 = sal00: Salinity, Practical [PSU]
# name 7 = density00: Density [density, kg/m^3]
# name 8 = sigma-é00: Density [sigma-theta, kg/m^3]
# name 9 = potemp090C: Potential Temperature [ITS-90, deg C]
# name 10 = sbeox0PS: Oxygen, SBE 43 [% saturation]
# name 11 = CStarTr0: Beam Transmission, WET Labs C-Star [%]
# name 12 = flECO-AFL: Fluorescence, WET Labs ECO-AFL/FL [mg/m^3]
# name 13 = ph: pH
# name 14 = sbeox0ML/L: Oxygen, SBE 43 [ml/l]
# name 15 = sbeox0Mg/L: Oxygen, SBE 43 [mg/l]
# name 16 = sbox0Mm/Kg: Oxygen, SBE 43 [umol/kg]
# name 17 = sbeox0Mm/L: Oxygen, SBE 43 [umol/l]
# name 18 = flag:  0.000e+00
# span 0 =   58.23636,   58.23688                 
# span 1 = -135.49362, -135.48946                 
# span 2 =      3.158,    251.890                 
# span 3 =      2.599,    176.506                 
# span 4 =      2.574,    174.793                 
# span 5 =     5.4476,    12.2685                 
# span 6 =    24.5266,    33.1891                 
# span 7 =  1018.4685,  1027.0034                 
# span 8 =    18.4538,    26.1900                 
# span 9 =     5.4338,    12.2681                 
# span 10 =     29.894,    112.176                
# span 11 =    63.1541,    92.8572                
# span 12 =    -0.0591,     4.8053                
# span 13 =      7.678,      8.397                
# span 14 =     2.1175,     7.2180                
# span 15 =     3.0262,    10.3152                
# span 16 =     92.156,    316.386                
# span 17 =     94.569,    322.354                
# span 18 = 0.0000e+00, 0.0000e+00                
# interval = seconds: 0.0416667
# start_time = Aug 18 2022 12:25:20 [NMEA time, header]
# bad_flag = -9.990e-29
*END*
[from data line 7391]
   58.23654 -135.49128    184.627    176.055    174.346     5.4585    33.1670  1026.9841    26.1712     5.4446     30.190    83.3477    -0.0298      7.683     2.1384     3.0559     93.063     95.499  0.000e+00
   58.23654 -135.49128    184.659    176.112    174.402     5.4591    33.1661  1026.9836    26.1705     5.4452     30.196    83.3477    -0.0298      7.683     2.1388     3.0565     93.081     95.517  0.000e+00
   58.23654 -135.49128    184.659    176.112    174.402     5.4591    33.1661  1026.9835    26.1704     5.4453     30.203    83.3477    -0.0591      7.683     2.1392     3.0572     93.101     95.538  0.000e+00
   58.23654 -135.49128    184.627    176.055    174.346     5.4588    33.1664  1026.9836    26.1708     5.4449     30.201    83.3477    -0.0298      7.683     2.1391     3.0570     93.097     95.533  0.000e+00
   58.23654 -135.49128    184.627    176.055    174.346     5.4588    33.1664  1026.9836    26.1708     5.4449     30.209    83.3477    -0.0298      7.683     2.1397     3.0578     93.121     95.558  0.000e+00
   58.23654 -135.49128    184.747    176.177    174.466     5.4588    33.1664  1026.9841    26.1707     5.4449     30.209    83.3477    -0.0298      7.683     2.1397     3.0578     93.121     95.558  0.000e+00
   58.23654 -135.49128    184.627    176.055    174.346     5.4583    33.1671  1026.9842    26.1713     5.4445     30.208    83.3477    -0.0298      7.683     2.1397     3.0578     93.120     95.557  0.000e+00
   58.23654 -135.49128    184.602    176.055    174.346     5.4585    33.1672  1026.9843    26.1714     5.4446     30.209    83.3477    -0.0298      7.683     2.1397     3.0578     93.121     95.558  0.000e+00
   58.23654 -135.49128    184.658    176.112    174.402     5.4582    33.1680  1026.9852    26.1721     5.4443     30.210    83.3477    -0.0298      7.683     2.1397     3.0579     93.124     95.561  0.000e+00
   58.23654 -135.49128    184.602    176.055    174.346     5.4583    33.1677  1026.9847    26.1718     5.4444     30.219    83.3477    -0.0591      7.683     2.1404     3.0589     93.153     95.591  0.000e+00
   58.23654 -135.49128    184.658    176.112    174.402     5.4582    33.1678  1026.9850    26.1719     5.4443     30.221    83.3477    -0.0591      7.683     2.1406     3.0591     93.159     95.597  0.000e+00
   58.23654 -135.49128    184.602    176.055    174.346     5.4580    33.1681  1026.9850    26.1722     5.4441     30.223    83.3477    -0.0298      7.683     2.1407     3.0593     93.165     95.604  0.000e+00
   58.23654 -135.49128    184.658    176.112    174.402     5.4580    33.1681  1026.9853    26.1721     5.4441     30.226    83.3477    -0.0298      7.683     2.1409     3.0595     93.174     95.612  0.000e+00
   58.23654 -135.49128    184.602    176.055    174.346     5.4578    33.1685  1026.9853    26.1725     5.4440     30.228    83.3477    -0.0298      7.683     2.1411     3.0598     93.182     95.620  0.000e+00
   58.23654 -135.49128    184.658    176.112    174.402     5.4578    33.1681  1026.9853    26.1722     5.4440     30.231    83.3477    -0.0298      7.683     2.1413     3.0602     93.192     95.631  0.000e+00
   58.23654 -135.49128    184.634    176.112    174.402     5.4582    33.1678  1026.9850    26.1719     5.4443     30.235    83.3477    -0.0298      7.683     2.1415     3.0605     93.202     95.641  0.000e+00
   58.23654 -135.49128    184.578    176.055    174.346     5.4580    33.1681  1026.9850    26.1722     5.4441     30.239    83.3477    -0.0298      7.683     2.1418     3.0609     93.214     95.653  0.000e+00
   58.23654 -135.49128    184.602    176.055    174.346     5.4575    33.1692  1026.9859    26.1731     5.4437     30.243    83.3477    -0.0591      7.683     2.1421     3.0613     93.227     95.667  0.000e+00
   58.23654 -135.49128    184.658    176.112    174.402     5.4576    33.1689  1026.9859    26.1728     5.4438     30.247    83.3477    -0.0591      7.683     2.1424     3.0618     93.241     95.682  0.000e+00
   58.23654 -135.49128    184.658    176.112    174.402     5.4578    33.1689  1026.9860    26.1728     5.4440     30.244    83.3198    -0.0591      7.683     2.1422     3.0614     93.229     95.669  0.000e+00
   58.23656 -135.49128    184.602    176.055    174.346     5.4575    33.1692  1026.9859    26.1731     5.4437     30.248    83.2918    -0.0298      7.683     2.1425     3.0619     93.244     95.684  0.000e+00
   58.23656 -135.49128    184.658    176.112    174.402     5.4573    33.1693  1026.9864    26.1732     5.4434     30.254    83.2918    -0.0298      7.683     2.1429     3.0624     93.261     95.702  0.000e+00
   58.23656 -135.49128    184.578    176.055    174.346     5.4574    33.1694  1026.9862    26.1733     5.4435     30.259    83.2918    -0.0298      7.683     2.1433     3.0630     93.277     95.719  0.000e+00
   58.23656 -135.49128    184.658    176.112    174.402     5.4570    33.1697  1026.9866    26.1735     5.4432     30.265    83.3198    -0.0591      7.683     2.1437     3.0636     93.297     95.739  0.000e+00
   58.23656 -135.49128    184.602    176.055    174.346     5.4570    33.1698  1026.9865    26.1736     5.4432     30.271    83.2918    -0.0298      7.683     2.1442     3.0642     93.315     95.758  0.000e+00
   58.23656 -135.49128    184.658    176.112    174.402     5.4567    33.1708  1026.9876    26.1744     5.4429     30.278    83.2918    -0.0298      7.683     2.1446     3.0649     93.336     95.779  0.000e+00
   58.23656 -135.49128    184.602    176.055    174.346     5.4565    33.1708  1026.9874    26.1745     5.4427     30.285    83.3198    -0.0591      7.683     2.1451     3.0656     93.358     95.801  0.000e+00
   58.23656 -135.49128    184.634    176.087    174.378     5.4561    33.1715  1026.9881    26.1751     5.4422     30.292    83.2918    -0.0591      7.683     2.1457     3.0664     93.381     95.825  0.000e+00
   58.23656 -135.49128    184.658    176.112    174.402     5.4562    33.1715  1026.9882    26.1751     5.4424     30.300    83.2918    -0.0298      7.683     2.1462     3.0671     93.405     95.850  0.000e+00
   58.23656 -135.49128    184.602    176.055    174.346     5.4562    33.1718  1026.9881    26.1753     5.4424     30.299    83.2918    -0.0298      7.683     2.1461     3.0670     93.402     95.846  0.000e+00
   58.23656 -135.49128    184.658    176.112    174.402     5.4562    33.1714  1026.9881    26.1750     5.4424     30.299    83.2918    -0.0298      7.683     2.1461     3.0670     93.400     95.845  0.000e+00
   58.23656 -135.49128    184.602    176.055    174.346     5.4559    33.1720  1026.9884    26.1755     5.4421     30.298    83.2918    -0.0298      7.683     2.1461     3.0669     93.398     95.843  0.000e+00
   58.23656 -135.49128    184.658    176.112    174.402     5.4561    33.1717  1026.9884    26.1753     5.4422     30.297    83.2918    -0.0298      7.683     2.1460     3.0669     93.396     95.841  0.000e+00
   58.23656 -135.49128    184.658    176.112    174.402     5.4559    33.1720  1026.9886    26.1755     5.4421     30.305    83.2918    -0.0298      7.683     2.1466     3.0677     93.421     95.866  0.000e+00
   58.23656 -135.49128    184.658    176.112    174.402     5.4560    33.1720  1026.9886    26.1755     5.4422     30.314    83.2918    -0.0298      7.683     2.1472     3.0685     93.447     95.893  0.000e+00
   58.23656 -135.49128    184.602    176.055    174.346     5.4561    33.1718  1026.9882    26.1753     5.4422     30.313    83.2918    -0.0591      7.683     2.1472     3.0685     93.446     95.892  0.000e+00
   58.23656 -135.49128    184.658    176.112    174.402     5.4561    33.1715  1026.9882    26.1750     5.4422     30.256    83.2918    -0.0298      7.683     2.1431     3.0627     93.269     95.710  0.000e+00
   58.23656 -135.49128    184.634    176.112    174.402     5.4562    33.1712  1026.9880    26.1748     5.4424     30.248    83.2918    -0.0298      7.683     2.1425     3.0619     93.244     95.684  0.000e+00
   58.23656 -135.49128    184.634    176.112    174.402     5.4564    33.1710  1026.9878    26.1747     5.4426     30.240    83.2918    -0.0298      7.683     2.1420     3.0611     93.220     95.660  0.000e+00
   58.23656 -135.49128    184.634    176.112    174.402     5.4566    33.1709  1026.9877    26.1745     5.4427     30.233    83.2358    -0.0298      7.683     2.1414     3.0603     93.197     95.637  0.000e+00
   58.23656 -135.49128    184.609    176.112    174.402     5.4564    33.1706  1026.9874    26.1743     5.4426     30.284    83.2358    -0.0298      7.683     2.1451     3.0655     93.354     95.798  0.000e+00
   58.23656 -135.49128    184.609    176.112    174.402     5.4566    33.1703  1026.9872    26.1741     5.4427     30.285    83.2358    -0.0298      7.683     2.1451     3.0656     93.359     95.802  0.000e+00
   58.23656 -135.49128    184.634    176.112    174.402     5.4567    33.1707  1026.9875    26.1743     5.4428     30.287    83.2358    -0.0591      7.683     2.1452     3.0658     93.362     95.806  0.000e+00
   58.23656 -135.49130    184.634    176.112    174.402     5.4567    33.1707  1026.9875    26.1744     5.4429     30.288    83.2358    -0.0298      7.683     2.1453     3.0659     93.367     95.810  0.000e+00
   58.23656 -135.49130    184.609    176.112    174.402     5.4566    33.1711  1026.9878    26.1747     5.4427     30.289    83.2358    -0.0591      7.683     2.1454     3.0660     93.371     95.815  0.000e+00
   58.23656 -135.49130    184.674    176.176    174.466     5.4566    33.1705  1026.9876    26.1742     5.4427     30.291    83.2358    -0.0298      7.683     2.1456     3.0662     93.376     95.820  0.000e+00
   58.23656 -135.49130    184.609    176.112    174.402     5.4566    33.1705  1026.9874    26.1742     5.4427     30.292    83.2358    -0.0298      7.683     2.1456     3.0663     93.380     95.824  0.000e+00
   58.23656 -135.49130    184.634    176.112    174.402     5.4567    33.1707  1026.9875    26.1743     5.4429     30.293    83.2358    -0.0591      7.683     2.1457     3.0665     93.384     95.828  0.000e+00
   58.23656 -135.49130    184.698    176.176    174.466     5.4567    33.1701  1026.9873    26.1739     5.4429     30.295    83.2358    -0.0298      7.683     2.1458     3.0666     93.389     95.834  0.000e+00
   58.23656 -135.49130    184.634    176.112    174.402     5.4574    33.1697  1026.9866    26.1735     5.4435     30.296    83.2358    -0.0298      7.683     2.1459     3.0667     93.391     95.836  0.000e+00
   58.23656 -135.49130    184.634    176.112    174.402     5.4578    33.1685  1026.9856    26.1725     5.4440     30.298    83.2358    -0.0591      7.683     2.1460     3.0668     93.395     95.840  0.000e+00
   58.23656 -135.49130    184.634    176.112    174.402     5.4578    33.1685  1026.9856    26.1725     5.4439     30.299    83.2358    -0.0298      7.683     2.1461     3.0670     93.400     95.844  0.000e+00
   58.23656 -135.49130    184.674    176.176    174.466     5.4578    33.1683  1026.9857    26.1723     5.4440     30.301    83.2358    -0.0591      7.683     2.1462     3.0671     93.405     95.850  0.000e+00
   58.23656 -135.49130    184.609    176.112    174.402     5.4575    33.1694  1026.9863    26.1732     5.4437     30.302    83.2358    -0.0298      7.683     2.1463     3.0673     93.408     95.853  0.000e+00
   58.23656 -135.49130    184.649    176.176    174.466     5.4574    33.1698  1026.9870    26.1735     5.4435     30.303    83.2358    -0.0298      7.683     2.1464     3.0674     93.414     95.858  0.000e+00
   58.23656 -135.49130    184.673    176.176    174.466     5.4569    33.1703  1026.9874    26.1740     5.4430     30.305    83.2358    -0.0591      7.683     2.1465     3.0676     93.419     95.864  0.000e+00
   58.23656 -135.49130    184.609    176.112    174.402     5.4567    33.1707  1026.9875    26.1743     5.4429     30.306    83.2358    -0.0298      7.683     2.1466     3.0677     93.422     95.868  0.000e+00
   58.23656 -135.49130    184.609    176.112    174.402     5.4566    33.1709  1026.9877    26.1745     5.4427     30.307    83.2358    -0.0298      7.683     2.1467     3.0679     93.427     95.872  0.000e+00
   58.23656 -135.49130    184.673    176.176    174.466     5.4564    33.1706  1026.9877    26.1743     5.4426     30.309    83.2358    -0.0591      7.683     2.1468     3.0681     93.432     95.878  0.000e+00
   58.23656 -135.49130    184.585    176.112    174.402     5.4565    33.1706  1026.9874    26.1743     5.4427     30.310    83.2358    -0.0591      7.683     2.1469     3.0682     93.436     95.881  0.000e+00
   58.23656 -135.49130    184.673    176.176    174.466     5.4566    33.1710  1026.9880    26.1746     5.4427     30.312    83.2638    -0.0591      7.683     2.1470     3.0683     93.440     95.886  0.000e+00
   58.23656 -135.49130    184.649    176.176    174.466     5.4562    33.1713  1026.9883    26.1749     5.4424     30.255    83.2358    -0.0298      7.683     2.1430     3.0626     93.267     95.708  0.000e+00
   58.23656 -135.49130    184.585    176.112    174.402     5.4562    33.1717  1026.9883    26.1752     5.4424     30.249    83.2638    -0.0298      7.683     2.1426     3.0619     93.246     95.687  0.000e+00
   58.23656 -135.49130    184.649    176.176    174.466     5.4564    33.1711  1026.9882    26.1747     5.4426     30.243    83.2358    -0.0591      7.683     2.1421     3.0613     93.227     95.667  0.000e+00
   58.23656 -135.49130    184.649    176.176    174.466     5.4559    33.1715  1026.9885    26.1751     5.4421     30.237    83.2638    -0.0298      7.683     2.1417     3.0607     93.210     95.650  0.000e+00
   58.23656 -135.49130    184.585    176.112    174.402     5.4564    33.1710  1026.9878    26.1747     5.4426     30.231    83.2638    -0.0298      7.683     2.1413     3.0601     93.191     95.630  0.000e+00
   58.23656 -135.49130    184.649    176.176    174.466     5.4566    33.1706  1026.9878    26.1743     5.4427     30.226    83.2638    -0.0298      7.683     2.1409     3.0596     93.176     95.615  0.000e+00
   58.23656 -135.49130    184.649    176.176    174.466     5.4567    33.1705  1026.9876    26.1742     5.4428     30.221    83.2358    -0.0298      7.683     2.1406     3.0591     93.161     95.599  0.000e+00
   58.23656 -135.49130    184.585    176.112    174.402     5.4566    33.1706  1026.9874    26.1743     5.4427     30.216    83.2358    -0.0298      7.683     2.1403     3.0587     93.146     95.584  0.000e+00
   58.23656 -135.49130    184.625    176.176    174.466     5.4567    33.1704  1026.9876    26.1741     5.4429     30.270    83.2638    -0.0298      7.683     2.1441     3.0641     93.312     95.754  0.000e+00
   58.23656 -135.49130    184.649    176.176    174.466     5.4569    33.1698  1026.9871    26.1737     5.4430     30.274    83.2358    -0.0591      7.683     2.1444     3.0645     93.325     95.768  0.000e+00
   58.23656 -135.49130    184.649    176.176    174.466     5.4573    33.1698  1026.9870    26.1736     5.4434     30.221    83.2638    -0.0298      7.683     2.1406     3.0591     93.159     95.597  0.000e+00
   58.23656 -135.49130    184.585    176.112    174.402     5.4574    33.1696  1026.9865    26.1734     5.4435     30.217    83.2638    -0.0298      7.683     2.1403     3.0586     93.146     95.584  0.000e+00
   58.23656 -135.49130    184.649    176.176    174.466     5.4575    33.1691  1026.9864    26.1730     5.4437     30.213    83.2638    -0.0298      7.683     2.1400     3.0583     93.136     95.574  0.000e+00
   58.23656 -135.49130    184.585    176.111    174.402     5.4570    33.1700  1026.9869    26.1738     5.4432     30.268    83.2638    -0.0298      7.683     2.1439     3.0638     93.304     95.746  0.000e+00
