EcoFOCI/data/1_SampleCollection/2022_GOA-OA_CruiseData/CTD_raw_BottleFile_RC0083/RC0083_035.ros
* Sea-Bird SBE 9 Data File:
* FileName = C:\Data\RC0083ctd\RC0083_035.hex
* Software Version Seasave V 7.26.7.107
* Temperature SN = 2060
* Conductivity SN = 1084
* Number of Bytes Per Scan = 31
* Number of Voltage Words = 4
* Number of Scans Averaged by the Deck Unit = 1
* NMEA Latitude = 58 07.93 N
* NMEA Longitude = 135 04.00 W
* NMEA UTC (Time) = Aug 18 2022  07:40:47
* NMEA baud rate = 4800
** Ship: R/V Rachel Carson
** Cruise ID: RC0083
** Tech: McHugh/Nomura
** Chief Scientist: Cross
** Station: UCC
** Cast:  CTD035
# nquan = 21
# nvalues = 196                                   
# units = specified
# name 0 = latitude: Latitude [deg]
# name 1 = longitude: Longitude [deg]
# name 2 = sfdSM: Seafloor depth [salt water, m]
# name 3 = prDM: Pressure, Digiquartz [db]
# name 4 = depSM: Depth [salt water, m]
# name 5 = t090C: Temperature [ITS-90, deg C]
# name 6 = sal00: Salinity, Practical [PSU]
# name 7 = density00: Density [density, kg/m^3]
# name 8 = sigma-é00: Density [sigma-theta, kg/m^3]
# name 9 = potemp090C: Potential Temperature [ITS-90, deg C]
# name 10 = sbeox0PS: Oxygen, SBE 43 [% saturation]
# name 11 = CStarTr0: Beam Transmission, WET Labs C-Star [%]
# name 12 = flECO-AFL: Fluorescence, WET Labs ECO-AFL/FL [mg/m^3]
# name 13 = ph: pH
# name 14 = sbeox0ML/L: Oxygen, SBE 43 [ml/l]
# name 15 = sbeox0Mg/L: Oxygen, SBE 43 [mg/l]
# name 16 = sbox0Mm/Kg: Oxygen, SBE 43 [umol/kg]
# name 17 = sbeox0Mm/L: Oxygen, SBE 43 [umol/l]
# name 18 = scan: Scan Count
# name 19 = nbf: Bottles Fired
# name 20 = flag:  0.000e+00
# interval = seconds: 0.0416667
# start_time = Aug 18 2022 07:40:47 [NMEA time, header]
# bad_flag = -9.990e-29
*END*
[from data line 138]
   58.13140 -135.06814    123.838     25.443     25.205     7.9684    30.3315  1023.7311    23.6145     7.9660     65.728    97.2483     0.2632      7.968     4.4751     6.3954    195.249    199.860      14283          3  0.000e+00
   58.13140 -135.06814    123.838     25.443     25.205     7.9692    30.3307  1023.7304    23.6138     7.9668     65.731    97.2203     0.2632      7.968     4.4753     6.3956    195.255    199.865      14284          3  0.000e+00
   58.13140 -135.06814    123.782     25.386     25.149     7.9695    30.3306  1023.7301    23.6137     7.9671     65.733    97.2483     0.2632      7.968     4.4754     6.3958    195.261    199.871      14285          3  0.000e+00
   58.13140 -135.06816    123.838     25.443     25.205     7.9702    30.3298  1023.7296    23.6129     7.9678     65.784    97.2483     0.2632      7.968     4.4789     6.4007    195.412    200.026      14286          3  0.000e+00
   58.13140 -135.06816    123.718     25.322     25.085     7.9711    30.3288  1023.7281    23.6120     7.9688     65.738    97.2483     0.2632      7.968     4.4756     6.3961    195.271    199.882      14287          3  0.000e+00
   58.13140 -135.06816    123.838     25.443     25.205     7.9720    30.3280  1023.7279    23.6112     7.9696     65.742    97.2483     0.2632      7.968     4.4759     6.3964    195.281    199.892      14288          3  0.000e+00
   58.13140 -135.06816    123.782     25.386     25.149     7.9727    30.3271  1023.7268    23.6105     7.9704     65.745    97.2203     0.2632      7.968     4.4760     6.3966    195.287    199.898      14289          3  0.000e+00
   58.13140 -135.06816    123.782     25.386     25.149     7.9732    30.3270  1023.7267    23.6103     7.9709     65.749    97.2203     0.2632      7.968     4.4762     6.3969    195.296    199.907      14290          3  0.000e+00
   58.13140 -135.06816    123.838     25.443     25.205     7.9739    30.3263  1023.7263    23.6096     7.9716     65.753    97.2203     0.2632      7.968     4.4765     6.3973    195.308    199.919      14291          3  0.000e+00
   58.13130 -135.06830    101.605      3.000      2.972    12.0982    23.0939  1017.3597    17.3461    12.0979    109.429    92.2978     2.3438      8.369     7.1228    10.1792    312.681    318.105      15963          4  0.000e+00
   58.13130 -135.06830    101.821      3.218      3.188    12.0986    23.0932  1017.3602    17.3455    12.0982    109.424    92.2978     2.3731      8.369     7.1224    10.1786    312.664    318.087      15964          4  0.000e+00
   58.13130 -135.06830    101.365      2.758      2.732    12.0991    23.0909  1017.3562    17.3437    12.0987    109.409    92.2978     2.3731      8.369     7.1215    10.1773    312.622    318.044      15965          4  0.000e+00
   58.13130 -135.06830    101.821      3.218      3.188    12.0993    23.0937  1017.3604    17.3458    12.0989    109.406    92.2978     2.3731      8.369     7.1211    10.1768    312.607    318.030      15966          4  0.000e+00
   58.13130 -135.06832    101.541      2.935      2.908    12.0987    23.0994  1017.3636    17.3503    12.0984    109.399    92.2978     2.3731      8.369     7.1205    10.1759    312.578    318.001      15967          4  0.000e+00
   58.13130 -135.06832    101.581      2.976      2.948    12.0983    23.1013  1017.3653    17.3518    12.0979    109.396    92.2978     2.5782      8.369     7.1203    10.1756    312.569    317.992      15968          4  0.000e+00
   58.13130 -135.06832    101.645      3.040      3.012    12.0970    23.1031  1017.3672    17.3534    12.0967    109.394    92.2978     2.7247      8.369     7.1203    10.1756    312.566    317.991      15969          4  0.000e+00
   58.13130 -135.06832    101.605      3.000      2.972    12.0951    23.1054  1017.3692    17.3555    12.0948    109.390    92.2978     2.7541      8.369     7.1202    10.1755    312.563    317.988      15970          4  0.000e+00
   58.13130 -135.06832    101.581      2.976      2.948    12.0945    23.1049  1017.3688    17.3552    12.0942    109.386    92.2978     2.7541      8.369     7.1201    10.1753    312.558    317.983      15971          4  0.000e+00
   58.13130 -135.06832    101.605      3.000      2.972    12.0941    23.0966  1017.3625    17.3489    12.0938    109.377    92.2978     2.7541      8.369     7.1199    10.1751    312.553    317.976      15972          4  0.000e+00
   58.13130 -135.06832    101.645      3.040      3.012    12.0962    23.0743  1017.3451    17.3313    12.0959    109.368    92.2978     2.7541      8.369     7.1200    10.1752    312.562    317.980      15973          4  0.000e+00
   58.13130 -135.06832     99.978      2.935      2.908    12.0996    23.0505  1017.3256    17.3123    12.0993    109.363    92.2978     2.7247      8.369     7.1202    10.1755    312.577    317.988      15974          4  0.000e+00
   58.13130 -135.06832     97.209      2.976      2.948    12.1022    23.0351  1017.3135    17.3000    12.1019    109.359    92.2978     2.7247      8.369     7.1203    10.1756    312.583    317.991      15975          4  0.000e+00
   58.13130 -135.06832     96.379      3.000      2.972    12.1035    23.0268  1017.3070    17.2933    12.1032    109.356    92.2978     2.7247      8.369     7.1202    10.1755    312.582    317.988      15976          4  0.000e+00
   58.13130 -135.06832     96.468      3.040      3.012    12.1044    23.0209  1017.3025    17.2886    12.1040    109.352    92.2978     2.7247      8.369     7.1201    10.1753    312.580    317.984      15977          4  0.000e+00
   58.13130 -135.06832     96.486      2.935      2.908    12.1052    23.0154  1017.2976    17.2842    12.1048    109.400    92.2978     2.7247      8.369     7.1234    10.1800    312.724    318.130      15978          4  0.000e+00
   58.13130 -135.06832     96.550      2.976      2.948    12.1059    23.0114  1017.2946    17.2810    12.1056    109.349    92.2698     2.7541      8.369     7.1201    10.1753    312.582    317.983      15979          4  0.000e+00
   58.13130 -135.06832     96.550      2.976      2.948    12.1067    23.0071  1017.2911    17.2776    12.1064    109.345    92.1300     2.7247      8.369     7.1199    10.1750    312.574    317.975      15980          4  0.000e+00
   58.13130 -135.06832     96.574      3.000      2.972    12.1076    23.0027  1017.2877    17.2741    12.1072    109.347    92.0740     2.7247      8.369     7.1201    10.1753    312.584    317.984      15981          4  0.000e+00
   58.13130 -135.06832     96.550      2.976      2.948    12.1092    22.9997  1017.2850    17.2714    12.1089    109.349    92.0740     2.7541      8.369     7.1201    10.1753    312.585    317.984      15982          4  0.000e+00
   58.13130 -135.06832     96.574      3.000      2.972    12.1099    22.9931  1017.2799    17.2662    12.1096    109.346    92.0740     2.7247      8.369     7.1201    10.1753    312.585    317.982      15983          4  0.000e+00
   58.13130 -135.06832     96.550      2.976      2.948    12.1107    22.9867  1017.2746    17.2611    12.1104    109.401    92.0740     2.7247      8.369     7.1238    10.1807    312.752    318.151      15984          4  0.000e+00
   58.13130 -135.06832     96.510      2.935      2.908    12.1108    22.9876  1017.2751    17.2618    12.1104    109.408    92.0740     2.7247      8.369     7.1243    10.1813    312.772    318.171      15985          4  0.000e+00
   58.13130 -135.06832     96.550      2.976      2.948    12.1095    22.9971  1017.2829    17.2694    12.1092    109.417    92.0740     2.7247      8.369     7.1246    10.1818    312.784    318.185      15986          4  0.000e+00
   58.13130 -135.06832     96.574      3.000      2.972    12.1091    23.0078  1017.2913    17.2777    12.1087    109.426    92.0740     2.7541      8.369     7.1248    10.1820    312.788    318.192      15987          4  0.000e+00
   58.13130 -135.06832     96.494      2.919      2.892    12.1083    23.0179  1017.2989    17.2857    12.1080    109.486    92.0740     2.6661      8.369     7.1284    10.1871    312.943    318.352      15988          4  0.000e+00
   58.13130 -135.06832     96.574      3.000      2.972    12.1067    23.0287  1017.3079    17.2943    12.1064    109.501    92.0740     2.5782      8.369     7.1291    10.1882    312.973    318.385      15989          4  0.000e+00
   58.13130 -135.06832     96.526      2.976      2.948    12.1051    23.0366  1017.3142    17.3007    12.1047    109.514    92.0740     2.5489      8.369     7.1298    10.1893    313.004    318.419      15990          4  0.000e+00
   58.13130 -135.06832     96.510      2.935      2.908    12.1039    23.0405  1017.3172    17.3038    12.1035    109.527    92.0740     2.5489      8.369     7.1307    10.1905    313.039    318.456      15991          4  0.000e+00
   58.13130 -135.06832     96.550      2.976      2.948    12.1035    23.0423  1017.3188    17.3053    12.1032    109.540    92.0740     2.5489      8.369     7.1315    10.1917    313.076    318.494      15992          4  0.000e+00
   58.13130 -135.06832     97.087      2.976      2.948    12.1031    23.0440  1017.3202    17.3067    12.1027    109.553    92.0740     2.5782      8.369     7.1323    10.1928    313.112    318.530      15993          4  0.000e+00
   58.13130 -135.06832    100.262      3.000      2.972    12.1029    23.0438  1017.3203    17.3066    12.1025    109.566    92.0740     2.5782      8.369     7.1332    10.1941    313.150    318.569      15994          4  0.000e+00
   58.13130 -135.06832    101.654      2.976      2.948    12.1031    23.0420  1017.3187    17.3052    12.1027    109.578    92.0740     2.5782      8.369     7.1340    10.1952    313.186    318.606      15995          4  0.000e+00
   58.13130 -135.06832    101.736      2.935      2.908    12.1027    23.0405  1017.3174    17.3041    12.1024    109.589    92.0740     2.5489      8.369     7.1349    10.1965    313.224    318.644      15996          4  0.000e+00
   58.13130 -135.06832    101.630      2.976      2.948    12.1029    23.0392  1017.3166    17.3031    12.1025    109.601    92.0740     2.5489      8.369     7.1357    10.1977    313.261    318.681      15997          4  0.000e+00
   58.13130 -135.06832    101.605      3.000      2.972    12.1029    23.0397  1017.3171    17.3035    12.1025    109.613    92.0740     2.5489      8.369     7.1365    10.1987    313.293    318.714      15998          4  0.000e+00
   58.13130 -135.06832    101.581      2.976      2.948    12.1031    23.0420  1017.3187    17.3052    12.1027    109.618    92.0740     2.5489      8.369     7.1366    10.1990    313.301    318.723      15999          4  0.000e+00
   58.13130 -135.06832    101.605      3.000      2.972    12.1029    23.0454  1017.3214    17.3078    12.1025    109.623    92.2139     2.5489      8.369     7.1369    10.1993    313.310    318.732      16000          4  0.000e+00
   58.13130 -135.06832    101.581      2.976      2.948    12.1031    23.0493  1017.3244    17.3108    12.1027    109.680    92.3258     2.5489      8.369     7.1404    10.2043    313.463    318.890      16001          4  0.000e+00
   58.13130 -135.06832    101.541      2.935      2.908    12.1029    23.0534  1017.3274    17.3140    12.1025    109.689    92.3258     2.5489      8.369     7.1408    10.2049    313.481    318.908      16002          4  0.000e+00
   58.13130 -135.06832    101.645      3.040      3.012    12.1024    23.0542  1017.3285    17.3147    12.1021    109.699    92.3258     2.5489      8.369     7.1415    10.2059    313.511    318.939      16003          4  0.000e+00
   58.13130 -135.06832    101.581      2.976      2.948    12.1020    23.0515  1017.3262    17.3127    12.1017    109.706    92.3258     2.5489      8.369     7.1421    10.2068    313.539    318.968      16004          4  0.000e+00
   58.13130 -135.06832    101.605      3.000      2.972    12.1014    23.0496  1017.3250    17.3113    12.1011    109.714    92.3258     2.5782      8.369     7.1428    10.2078    313.569    318.998      16005          4  0.000e+00
   58.13130 -135.06832    101.581      2.976      2.948    12.1012    23.0484  1017.3240    17.3104    12.1009    109.720    92.3258     2.5489      8.369     7.1433    10.2085    313.591    319.019      16006          4  0.000e+00
   58.13130 -135.06832    101.541      2.935      2.908    12.1016    23.0467  1017.3224    17.3090    12.1012    109.725    92.3258     2.5489      8.369     7.1436    10.2090    313.607    319.035      16007          4  0.000e+00
   58.13130 -135.06832    101.645      3.040      3.012    12.1035    23.0435  1017.3201    17.3062    12.1032    109.731    92.3258     2.6075      8.369     7.1439    10.2093    313.619    319.046      16008          4  0.000e+00
   58.13130 -135.06832    101.605      3.000      2.972    12.1041    23.0438  1017.3200    17.3064    12.1037    109.729    92.3258     2.7834      8.369     7.1437    10.2090    313.608    319.035      16009          4  0.000e+00
   58.13130 -135.06832    101.581      2.976      2.948    12.1042    23.0459  1017.3215    17.3080    12.1039    109.732    92.3258     2.8127      8.369     7.1437    10.2091    313.611    319.039      16010          4  0.000e+00
   58.13130 -135.06832    101.541      2.935      2.908    12.1035    23.0486  1017.3235    17.3102    12.1032    109.734    92.2978     2.8420      8.369     7.1438    10.2093    313.616    319.044      16011          4  0.000e+00
