EcoFOCI/data/1_SampleCollection/2022_GOA-OA_CruiseData/CTD_raw_BottleFile_RC0083/RC0083_029.cnv
* Sea-Bird SBE 9 Data File:
* FileName = C:\Data\RC0083ctd\RC0083_029.hex
* Software Version Seasave V 7.26.7.107
* Temperature SN = 2060
* Conductivity SN = 1084
* Number of Bytes Per Scan = 31
* Number of Voltage Words = 4
* Number of Scans Averaged by the Deck Unit = 1
* NMEA Latitude = 58 37.53 N
* NMEA Longitude = 134 57.12 W
* NMEA UTC (Time) = Aug 18 2022  01:04:29
* NMEA baud rate = 4800
** Ship: R/V Rachel Carson
** Cruise ID: RC0083
** Tech: McHugh/Nomura
** Chief Scientist: Cross
** Station: JH1
** Cast:  CTD029
# nquan = 19
# nvalues = 9661                                  
# units = specified
# name 0 = latitude: Latitude [deg]
# name 1 = longitude: Longitude [deg]
# name 2 = sfdSM: Seafloor depth [salt water, m]
# name 3 = prDM: Pressure, Digiquartz [db]
# name 4 = depSM: Depth [salt water, m]
# name 5 = t090C: Temperature [ITS-90, deg C]
# name 6 = sal00: Salinity, Practical [PSU]
# name 7 = density00: Density [density, kg/m^3]
# name 8 = sigma-é00: Density [sigma-theta, kg/m^3]
# name 9 = potemp090C: Potential Temperature [ITS-90, deg C]
# name 10 = sbeox0PS: Oxygen, SBE 43 [% saturation]
# name 11 = CStarTr0: Beam Transmission, WET Labs C-Star [%]
# name 12 = flECO-AFL: Fluorescence, WET Labs ECO-AFL/FL [mg/m^3]
# name 13 = ph: pH
# name 14 = sbeox0ML/L: Oxygen, SBE 43 [ml/l]
# name 15 = sbeox0Mg/L: Oxygen, SBE 43 [mg/l]
# name 16 = sbox0Mm/Kg: Oxygen, SBE 43 [umol/kg]
# name 17 = sbeox0Mm/L: Oxygen, SBE 43 [umol/l]
# name 18 = flag:  0.000e+00
# span 0 =   58.62556,   58.62602                 
# span 1 = -134.95206, -134.95186                 
# span 2 =      5.562,    103.329                 
# span 3 =      3.146,     51.446                 
# span 4 =      3.116,     50.960                 
# span 5 =     7.7705,    12.9186                 
# span 6 =    14.6751,    30.7015                 
# span 7 =  1010.7441,  1024.1676                 
# span 8 =    10.7288,    23.9325                 
# span 9 =     7.7658,    12.9182                 
# span 10 =     70.792,    106.756                
# span 11 =    31.9967,   100.1291                
# span 12 =     0.1167,     2.6075                
# span 13 =      7.954,      8.403                
# span 14 =     4.8279,     7.1277                
# span 15 =     6.8996,    10.1861                
# span 16 =    210.580,    314.556                
# span 17 =    215.616,    318.321                
# span 18 = 0.0000e+00, 0.0000e+00                
# interval = seconds: 0.0416667
# start_time = Aug 18 2022 01:04:29 [NMEA time, header]
# bad_flag = -9.990e-29
*END*
[from data line 1296]
   58.62556 -134.95194      6.596      3.651      3.617    12.8753    14.7487  1010.7978    10.7810    12.8749    104.889    77.9217     1.4354      8.394     7.0741    10.1095    312.558    315.928  0.000e+00
   58.62556 -134.95194      6.596      3.651      3.617    12.8757    14.7476  1010.7969    10.7802    12.8753    104.887    77.9497     1.4354      8.398     7.0739    10.1094    312.553    315.922  0.000e+00
   58.62556 -134.95194      6.612      3.667      3.632    12.8757    14.7494  1010.7984    10.7815    12.8753    104.832    77.9497     1.4354      8.394     7.0701    10.1039    312.383    315.751  0.000e+00
   58.62556 -134.95194      6.596      3.651      3.616    12.8760    14.7512  1010.7996    10.7829    12.8756    104.823    77.9217     1.4354      8.398     7.0694    10.1029    312.353    315.721  0.000e+00
   58.62556 -134.95194      6.531      3.610      3.576    12.8759    14.7518  1010.7999    10.7833    12.8755    104.814    77.9217     1.4354      8.398     7.0688    10.1021    312.326    315.694  0.000e+00
   58.62556 -134.95194      6.596      3.650      3.616    12.8758    14.7502  1010.7989    10.7821    12.8755    104.806    77.9217     1.4354      8.398     7.0684    10.1014    312.306    315.673  0.000e+00
   58.62556 -134.95194      6.507      3.610      3.576    12.8757    14.7492  1010.7980    10.7814    12.8753    104.797    77.9217     1.4354      8.398     7.0678    10.1006    312.282    315.648  0.000e+00
   58.62556 -134.95194      6.498      3.650      3.616    12.8757    14.7512  1010.7997    10.7829    12.8753    104.783    77.9217     1.4354      8.394     7.0668    10.0991    312.235    315.602  0.000e+00
   58.62556 -134.95194      6.498      3.650      3.616    12.8764    14.7534  1010.8013    10.7845    12.8760    104.774    77.9497     1.4354      8.394     7.0659    10.0979    312.198    315.565  0.000e+00
   58.62556 -134.95194      6.490      3.667      3.632    12.8760    14.7557  1010.8031    10.7863    12.8756    104.764    77.9217     1.4354      8.398     7.0652    10.0969    312.167    315.534  0.000e+00
   58.62556 -134.95194      6.434      3.586      3.552    12.8762    14.7567  1010.8035    10.7871    12.8758    104.753    77.9217     1.4354      8.398     7.0644    10.0958    312.131    315.498  0.000e+00
   58.62556 -134.95194      6.538      3.667      3.632    12.8762    14.7574  1010.8044    10.7876    12.8758    104.744    77.9217     1.4354      8.398     7.0638    10.0949    312.102    315.469  0.000e+00
   58.62556 -134.95194      6.483      3.586      3.552    12.8762    14.7541  1010.8015    10.7850    12.8758    104.733    77.9217     1.4354      8.394     7.0632    10.0940    312.076    315.442  0.000e+00
   58.62556 -134.95194      6.563      3.667      3.632    12.8760    14.7441  1010.7942    10.7774    12.8756    104.723    77.9217     1.4354      8.398     7.0630    10.0937    312.070    315.434  0.000e+00
   58.62556 -134.95194      6.547      3.650      3.616    12.8757    14.7334  1010.7860    10.7692    12.8753    104.712    77.9497     1.4354      8.398     7.0628    10.0934    312.064    315.424  0.000e+00
   58.62556 -134.95194      6.547      3.650      3.616    12.8754    14.7263  1010.7805    10.7638    12.8750    104.701    77.9217     1.4354      8.398     7.0624    10.0929    312.048    315.407  0.000e+00
   58.62556 -134.95194      6.563      3.666      3.632    12.8755    14.7262  1010.7805    10.7637    12.8751    104.690    77.7819     1.4061      8.398     7.0616    10.0918    312.015    315.373  0.000e+00
   58.62556 -134.95194      6.547      3.650      3.616    12.8760    14.7326  1010.7852    10.7685    12.8756    104.684    77.6141     1.3768      8.398     7.0609    10.0907    311.979    315.339  0.000e+00
   58.62556 -134.95194      6.482      3.610      3.576    12.8764    14.7376  1010.7889    10.7723    12.8760    104.678    77.5861     1.3768      8.398     7.0602    10.0897    311.947    315.308  0.000e+00
   58.62556 -134.95194      6.547      3.650      3.616    12.8758    14.7418  1010.7924    10.7756    12.8755    104.673    77.6141     1.3768      8.398     7.0597    10.0891    311.926    315.287  0.000e+00
   58.62556 -134.95194      6.563      3.666      3.632    12.8754    14.7466  1010.7963    10.7794    12.8750    104.667    77.6141     1.3768      8.398     7.0592    10.0883    311.902    315.264  0.000e+00
   58.62556 -134.95194      6.651      3.707      3.672    12.8745    14.7498  1010.7991    10.7820    12.8741    104.662    77.6141     1.3768      8.398     7.0589    10.0878    311.886    315.249  0.000e+00
   58.62556 -134.95194      6.620      3.650      3.616    12.8747    14.7509  1010.7996    10.7828    12.8743    104.656    77.6141     1.3768      8.398     7.0583    10.0871    311.863    315.225  0.000e+00
   58.62556 -134.95194      6.636      3.666      3.632    12.8745    14.7520  1010.8006    10.7837    12.8741    104.650    77.6141     1.3768      8.398     7.0580    10.0865    311.846    315.208  0.000e+00
   58.62556 -134.95194      6.620      3.650      3.616    12.8745    14.7539  1010.8019    10.7852    12.8742    104.650    77.6141     1.3768      8.394     7.0579    10.0864    311.840    315.204  0.000e+00
   58.62556 -134.95194      6.611      3.666      3.632    12.8748    14.7544  1010.8023    10.7855    12.8744    104.704    77.6141     1.3768      8.398     7.0614    10.0915    311.997    315.362  0.000e+00
   58.62556 -134.95194      6.620      3.650      3.616    12.8748    14.7539  1010.8019    10.7851    12.8744    104.703    77.6141     1.3768      8.398     7.0614    10.0915    311.998    315.363  0.000e+00
   58.62556 -134.95194      6.675      3.731      3.696    12.8749    14.7536  1010.8020    10.7849    12.8745    104.704    77.6141     1.3768      8.398     7.0615    10.0916    312.001    315.365  0.000e+00
   58.62556 -134.95194      6.651      3.707      3.672    12.8750    14.7552  1010.8031    10.7861    12.8746    104.709    77.6141     1.3768      8.398     7.0617    10.0919    312.011    315.376  0.000e+00
   58.62556 -134.95194      6.595      3.650      3.616    12.8749    14.7552  1010.8028    10.7861    12.8745    104.714    77.6141     1.3768      8.398     7.0620    10.0924    312.025    315.391  0.000e+00
   58.62556 -134.95194      6.636      3.666      3.632    12.8752    14.7540  1010.8020    10.7852    12.8748    104.719    77.6141     1.3768      8.398     7.0624    10.0929    312.042    315.407  0.000e+00
   58.62556 -134.95194      6.595      3.650      3.616    12.8752    14.7549  1010.8026    10.7858    12.8748    104.724    77.6141     1.3768      8.398     7.0627    10.0933    312.055    315.421  0.000e+00
   58.62556 -134.95194      6.675      3.731      3.696    12.8760    14.7581  1010.8053    10.7881    12.8756    104.731    77.6141     1.3768      8.398     7.0629    10.0936    312.061    315.428  0.000e+00
   58.62556 -134.95194      6.651      3.707      3.672    12.8769    14.7617  1010.8078    10.7908    12.8765    104.789    77.6141     1.3768      8.398     7.0665    10.0987    312.221    315.590  0.000e+00
   58.62556 -134.95194      6.675      3.731      3.696    12.8770    14.7623  1010.8084    10.7913    12.8766    104.800    77.6141     1.3768      8.398     7.0672    10.0997    312.251    315.621  0.000e+00
   58.62556 -134.95194      6.676      3.707      3.672    12.8775    14.7594  1010.8059    10.7889    12.8771    104.810    77.6141     1.3768      8.398     7.0679    10.1008    312.284    315.653  0.000e+00
   58.62556 -134.95194      6.620      3.650      3.616    12.8772    14.7564  1010.8034    10.7866    12.8768    104.819    77.5861     1.5819      8.398     7.0687    10.1019    312.321    315.690  0.000e+00
   58.62556 -134.95194      6.611      3.666      3.632    12.8777    14.7545  1010.8019    10.7851    12.8773    104.835    77.5581     1.9042      8.398     7.0698    10.1035    312.369    315.738  0.000e+00
   58.62556 -134.95194      6.732      3.763      3.728    12.8782    14.7537  1010.8017    10.7844    12.8778    104.846    77.5581     1.9921      8.398     7.0705    10.1045    312.400    315.769  0.000e+00
   58.62556 -134.95194      6.700      3.731      3.696    12.8785    14.7532  1010.8011    10.7840    12.8781    104.855    77.5581     1.9921      8.398     7.0711    10.1053    312.426    315.796  0.000e+00
   58.62556 -134.95194      6.651      3.707      3.672    12.8787    14.7538  1010.8014    10.7844    12.8783    104.864    77.5581     1.9921      8.398     7.0717    10.1061    312.451    315.820  0.000e+00
   58.62556 -134.95194      6.700      3.731      3.696    12.8784    14.7555  1010.8029    10.7858    12.8780    104.927    77.5581     1.9921      8.398     7.0759    10.1121    312.636    316.008  0.000e+00
   58.62556 -134.95194      6.676      3.706      3.672    12.8782    14.7568  1010.8038    10.7868    12.8778    104.941    77.5581     1.9921      8.398     7.0768    10.1134    312.676    316.049  0.000e+00
   58.62556 -134.95194      6.651      3.706      3.672    12.8784    14.7585  1010.8051    10.7881    12.8780    104.901    77.5581     1.9921      8.398     7.0740    10.1095    312.554    315.925  0.000e+00
   58.62556 -134.95194      6.675      3.731      3.696    12.8788    14.7618  1010.8077    10.7906    12.8784    104.904    77.5581     1.9921      8.398     7.0740    10.1094    312.551    315.924  0.000e+00
   58.62556 -134.95194      6.658      3.763      3.728    12.8785    14.7664  1010.8114    10.7941    12.8781    104.965    77.5581     1.9921      8.398     7.0780    10.1151    312.726    316.101  0.000e+00
   58.62556 -134.95194      6.602      3.731      3.696    12.8784    14.7687  1010.8131    10.7959    12.8780    104.977    77.5581     1.9921      8.398     7.0787    10.1162    312.758    316.134  0.000e+00
   58.62556 -134.95194      6.553      3.706      3.672    12.8779    14.7687  1010.8130    10.7960    12.8775    104.936    77.5581     1.9921      8.398     7.0760    10.1123    312.638    316.014  0.000e+00
   58.62556 -134.95194      6.602      3.731      3.696    12.8773    14.7688  1010.8133    10.7962    12.8769    104.996    77.5581     1.9921      8.398     7.0801    10.1182    312.820    316.198  0.000e+00
   58.62556 -134.95194      6.578      3.706      3.672    12.8772    14.7687  1010.8131    10.7961    12.8768    104.954    77.5581     1.9628      8.398     7.0773    10.1142    312.696    316.072  0.000e+00
   58.62556 -134.95194      6.634      3.763      3.728    12.8772    14.7678  1010.8128    10.7955    12.8768    104.961    77.5581     1.9921      8.398     7.0778    10.1148    312.717    316.093  0.000e+00
   58.62556 -134.95194      6.658      3.787      3.752    12.8767    14.7658  1010.8114    10.7940    12.8763    105.014    77.5581     1.9921      8.398     7.0815    10.1202    312.884    316.262  0.000e+00
   58.62556 -134.95194      6.698      3.827      3.792    12.8768    14.7635  1010.8098    10.7922    12.8764    105.019    77.5581     1.9921      8.398     7.0820    10.1208    312.904    316.281  0.000e+00
   58.62556 -134.95194      6.658      3.787      3.752    12.8765    14.7628  1010.8091    10.7917    12.8761    104.969    77.5581     1.9921      8.398     7.0787    10.1162    312.759    316.134  0.000e+00
   58.62556 -134.95194      6.698      3.827      3.792    12.8766    14.7629  1010.8093    10.7918    12.8761    104.968    77.5581     1.9921      8.398     7.0786    10.1160    312.754    316.129  0.000e+00
   58.62556 -134.95194      6.658      3.787      3.752    12.8765    14.7634  1010.8096    10.7922    12.8761    105.018    77.5581     1.9921      8.398     7.0819    10.1208    312.903    316.279  0.000e+00
   58.62556 -134.95194      6.698      3.827      3.792    12.8762    14.7702  1010.8150    10.7974    12.8758    104.967    77.5302     1.9042      8.398     7.0783    10.1156    312.739    316.116  0.000e+00
   58.62556 -134.95194      6.673      3.827      3.792    12.8764    14.7885  1010.8291    10.8116    12.8760    104.964    77.5302     1.6991      8.398     7.0772    10.1140    312.687    316.068  0.000e+00
   58.62556 -134.95194      6.722      3.852      3.816    12.8764    14.8105  1010.8462    10.8285    12.8759    105.013    77.5302     1.6405      8.398     7.0796    10.1174    312.786    316.173  0.000e+00
   58.62556 -134.95194      6.778      3.884      3.848    12.8764    14.8257  1010.8580    10.8402    12.8759    104.961    77.5302     1.6112      8.398     7.0754    10.1114    312.598    315.987  0.000e+00
   58.62556 -134.95194      6.771      3.852      3.816    12.8765    14.8336  1010.8639    10.8462    12.8761    104.955    77.5302     1.6112      8.398     7.0746    10.1104    312.563    315.953  0.000e+00
   58.62556 -134.95194      6.771      3.827      3.792    12.8766    14.8369  1010.8664    10.8488    12.8761    104.949    77.5022     1.6405      8.398     7.0741    10.1095    312.537    315.928  0.000e+00
   58.62556 -134.95194      6.851      3.908      3.872    12.8768    14.8306  1010.8618    10.8438    12.8764    104.944    77.5022     1.6405      8.398     7.0740    10.1094    312.534    315.923  0.000e+00
   58.62556 -134.95194      6.827      3.884      3.848    12.8766    14.8204  1010.8539    10.8360    12.8761    104.937    77.5302     1.6405      8.398     7.0740    10.1094    312.537    315.924  0.000e+00
   58.62556 -134.95194      6.754      3.884      3.848    12.8760    14.8212  1010.8546    10.8367    12.8756    104.930    77.5022     1.6112      8.398     7.0735    10.1088    312.518    315.904  0.000e+00
   58.62556 -134.95194      6.753      3.908      3.872    12.8755    14.8341  1010.8647    10.8468    12.8751    104.923    77.5022     1.6405      8.398     7.0726    10.1074    312.471    315.861  0.000e+00
   58.62556 -134.95194      6.769      3.948      3.912    12.8755    14.8474  1010.8751    10.8570    12.8751    104.915    77.5302     1.6405      8.398     7.0715    10.1058    312.420    315.812  0.000e+00
   58.62556 -134.95194      6.753      3.908      3.872    12.8757    14.8580  1010.8831    10.8652    12.8753    104.853    77.5302     1.6405      8.398     7.0668    10.0991    312.210    315.602  0.000e+00
   58.62556 -134.95194      6.793      3.948      3.912    12.8752    14.8721  1010.8942    10.8761    12.8748    104.893    77.5022     1.6405      8.398     7.0689    10.1022    312.300    315.697  0.000e+00
   58.62556 -134.95194      6.753      3.908      3.872    12.8750    14.8827  1010.9022    10.8843    12.8746    104.883    77.5022     1.6405      8.398     7.0678    10.1006    312.250    315.648  0.000e+00
   58.62556 -134.95194      6.849      4.005      3.968    12.8749    14.8847  1010.9042    10.8858    12.8744    104.821    77.5022     1.6405      8.398     7.0636    10.0946    312.063    315.460  0.000e+00
   58.62556 -134.95194      6.793      3.948      3.912    12.8752    14.8750  1010.8965    10.8783    12.8748    104.858    77.5302     1.6405      8.394     7.0665    10.0987    312.192    315.588  0.000e+00
   58.62556 -134.95194      6.809      3.965      3.928    12.8754    14.8652  1010.8889    10.8707    12.8750    104.848    77.5022     1.6405      8.398     7.0662    10.0983    312.182    315.576  0.000e+00
   58.62556 -134.95194      6.849      4.005      3.968    12.8752    14.8608  1010.8858    10.8674    12.8748    104.838    77.5302     1.6405      8.398     7.0657    10.0976    312.163    315.555  0.000e+00
   58.62556 -134.95194      6.809      3.965      3.928    12.8755    14.8588  1010.8840    10.8658    12.8751    104.779    77.5302     1.6405      8.398     7.0618    10.0920    311.988    315.378  0.000e+00
