EcoFOCI/data/1_SampleCollection/2022_GOA-OA_CruiseData/CTD_raw_BottleFile_RC0083/RC0083_020.ros
* Sea-Bird SBE 9 Data File:
* FileName = C:\Data\RC0083ctd\RC0083_020.hex
* Software Version Seasave V 7.26.7.107
* Temperature SN = 2060
* Conductivity SN = 1084
* Number of Bytes Per Scan = 31
* Number of Voltage Words = 4
* Number of Scans Averaged by the Deck Unit = 1
* NMEA Latitude = 56 11.35 N
* NMEA Longitude = 134 37.16 W
* NMEA UTC (Time) = Aug 13 2022  19:18:30
* NMEA baud rate = 4800
** Ship: R/V Rachel Carson
** Cruise ID: RC0083 RC0083
** Tech: McHugh/Nomura
** Chief Scientist: Cross Cross
** Station: CS5
** Cast:  020
# nquan = 21
# nvalues = 392                                   
# units = specified
# name 0 = latitude: Latitude [deg]
# name 1 = longitude: Longitude [deg]
# name 2 = sfdSM: Seafloor depth [salt water, m]
# name 3 = prDM: Pressure, Digiquartz [db]
# name 4 = depSM: Depth [salt water, m]
# name 5 = t090C: Temperature [ITS-90, deg C]
# name 6 = sal00: Salinity, Practical [PSU]
# name 7 = density00: Density [density, kg/m^3]
# name 8 = sigma-é00: Density [sigma-theta, kg/m^3]
# name 9 = potemp090C: Potential Temperature [ITS-90, deg C]
# name 10 = sbeox0PS: Oxygen, SBE 43 [% saturation]
# name 11 = CStarTr0: Beam Transmission, WET Labs C-Star [%]
# name 12 = flECO-AFL: Fluorescence, WET Labs ECO-AFL/FL [mg/m^3]
# name 13 = ph: pH
# name 14 = sbeox0ML/L: Oxygen, SBE 43 [ml/l]
# name 15 = sbeox0Mg/L: Oxygen, SBE 43 [mg/l]
# name 16 = sbox0Mm/Kg: Oxygen, SBE 43 [umol/kg]
# name 17 = sbeox0Mm/L: Oxygen, SBE 43 [umol/l]
# name 18 = scan: Scan Count
# name 19 = nbf: Bottles Fired
# name 20 = flag:  0.000e+00
# interval = seconds: 0.0416667
# start_time = Aug 13 2022 19:18:30 [NMEA time, header]
# bad_flag = -9.990e-29
*END*
[from data line 276]
   56.19260 -134.62176    110.657     25.642     25.407     9.7147    30.2743  1023.4270    23.3105     9.7120     94.662    90.0883     5.5086      8.224     6.2003     8.8608    270.597    276.904      33138          6  0.000e+00
   56.19260 -134.62176    110.770     25.707     25.471     9.7148    30.2737  1023.4268    23.3100     9.7121     94.658    90.0883     5.5086      8.224     6.2000     8.8605    270.586    276.893      33139          6  0.000e+00
   56.19260 -134.62176    110.682     25.642     25.407     9.7146    30.2741  1023.4269    23.3103     9.7119     94.652    90.0883     5.4793      8.224     6.1997     8.8599    270.569    276.877      33140          6  0.000e+00
   56.19260 -134.62176    110.657     25.642     25.407     9.7146    30.2742  1023.4270    23.3104     9.7119     94.653    90.0883     5.4793      8.224     6.1997     8.8600    270.573    276.880      33141          6  0.000e+00
   56.19260 -134.62176    110.657     25.642     25.407     9.7146    30.2742  1023.4270    23.3104     9.7119     94.655    90.0883     5.4793      8.224     6.1998     8.8602    270.577    276.884      33142          6  0.000e+00
   56.19260 -134.62176    110.545     25.529     25.295     9.7146    30.2744  1023.4266    23.3106     9.7119     94.648    90.0603     5.4793      8.224     6.1994     8.8595    270.557    276.864      33143          6  0.000e+00
   56.19260 -134.62176    110.841     25.828     25.591     9.7140    30.2751  1023.4286    23.3112     9.7112     94.646    89.9204     5.4793      8.224     6.1993     8.8594    270.554    276.861      33144          6  0.000e+00
   56.19260 -134.62176    110.601     25.586     25.351     9.7134    30.2757  1023.4281    23.3118     9.7107     94.644    89.8365     5.4793      8.229     6.1992     8.8593    270.550    276.857      33145          6  0.000e+00
   56.19260 -134.62176    110.841     25.828     25.591     9.7126    30.2767  1023.4301    23.3127     9.7099     94.648    89.8365     5.4793      8.224     6.1995     8.8598    270.564    276.872      33146          6  0.000e+00
   56.19260 -134.62176    110.601     25.586     25.351     9.7126    30.2769  1023.4292    23.3129     9.7099     94.646    89.8365     5.4793      8.224     6.1994     8.8596    270.558    276.865      33147          6  0.000e+00
   56.19260 -134.62176    111.063     25.707     25.471     9.7123    30.2772  1023.4299    23.3131     9.7095     94.648    89.8645     5.4793      8.224     6.1996     8.8598    270.566    276.873      33148          6  0.000e+00
   56.19260 -134.62176    119.178     25.763     25.527     9.7116    30.2781  1023.4310    23.3139     9.7089     94.643    89.8645     5.4793      8.224     6.1993     8.8594    270.553    276.861      33149          6  0.000e+00
   56.19260 -134.62176    124.013     25.763     25.527     9.7113    30.2789  1023.4317    23.3146     9.7086     94.637    89.8645     5.4793      8.224     6.1989     8.8589    270.536    276.843      33150          6  0.000e+00
   56.19260 -134.62176    124.873     25.941     25.703     9.7112    30.2786  1023.4323    23.3144     9.7085     94.639    89.8645     5.4793      8.224     6.1991     8.8591    270.544    276.851      33151          6  0.000e+00
   56.19260 -134.62176    124.274     25.707     25.471     9.7115    30.2781  1023.4308    23.3140     9.7088     94.636    89.8645     5.4793      8.224     6.1989     8.8588    270.536    276.843      33152          6  0.000e+00
   56.19260 -134.62176    124.336     25.941     25.703     9.7116    30.2781  1023.4318    23.3139     9.7089     94.640    89.8645     5.4793      8.224     6.1991     8.8591    270.544    276.851      33153          6  0.000e+00
   56.19260 -134.62176    124.079     25.707     25.471     9.7116    30.2778  1023.4306    23.3137     9.7089     94.637    89.8645     5.4793      8.224     6.1989     8.8589    270.537    276.844      33154          6  0.000e+00
   56.19260 -134.62176    124.375     26.006     25.767     9.7114    30.2779  1023.4320    23.3138     9.7087     94.634    89.8645     5.4793      8.224     6.1988     8.8587    270.530    276.837      33155          6  0.000e+00
   56.19284 -134.62210    108.926     10.388     10.293    10.9769    29.2006  1022.3150    22.2679    10.9757    124.435    84.1588     6.0947      8.445     7.9835    11.4092    348.777    356.544      34953          7  0.000e+00
   56.19284 -134.62210    109.046     10.509     10.413    10.9695    29.2013  1022.3173    22.2697    10.9683    124.441    84.1588     6.0947      8.446     7.9851    11.4115    348.847    356.616      34954          7  0.000e+00
   56.19284 -134.62210    109.246     10.711     10.613    10.9638    29.2030  1022.3204    22.2720    10.9626    124.448    84.1588     6.0947      8.446     7.9865    11.4134    348.904    356.675      34955          7  0.000e+00
   56.19284 -134.62210    109.046     10.509     10.413    10.9646    29.2032  1022.3196    22.2720    10.9635    124.448    84.1588     6.0947      8.446     7.9863    11.4132    348.898    356.668      34956          7  0.000e+00
   56.19284 -134.62210    109.141     10.631     10.533    10.9663    29.2033  1022.3199    22.2718    10.9650    124.453    84.1588     6.0947      8.441     7.9864    11.4133    348.900    356.671      34957          7  0.000e+00
   56.19284 -134.62210    109.014     10.477     10.381    10.9662    29.2035  1022.3194    22.2720    10.9650    124.454    84.1588     6.0947      8.441     7.9864    11.4134    348.904    356.675      34958          7  0.000e+00
   56.19284 -134.62210    109.222     10.687     10.589    10.9673    29.2024  1022.3194    22.2710    10.9661    124.462    84.1588     6.0947      8.441     7.9868    11.4139    348.918    356.689      34959          7  0.000e+00
   56.19284 -134.62210    109.046     10.509     10.413    10.9629    29.2024  1022.3193    22.2717    10.9617    124.464    84.1588     6.0654      8.441     7.9877    11.4152    348.957    356.729      34960          7  0.000e+00
   56.19284 -134.62210    109.134     10.598     10.501    10.9513    29.2040  1022.3228    22.2749    10.9501    124.471    84.1588     5.9189      8.441     7.9901    11.4186    349.061    356.836      34961          7  0.000e+00
   56.19284 -134.62210    109.102     10.566     10.469    10.9367    29.2067  1022.3273    22.2794    10.9355    124.478    84.1309     5.8310      8.441     7.9929    11.4226    349.182    356.962      34962          7  0.000e+00
   56.19284 -134.62210    109.166     10.631     10.533    10.9270    29.2086  1022.3307    22.2826    10.9258    124.485    83.8512     5.8310      8.441     7.9949    11.4255    349.270    357.053      34963          7  0.000e+00
   56.19284 -134.62210    109.190     10.655     10.557    10.9253    29.2092  1022.3316    22.2834    10.9241    124.491    83.7113     5.8310      8.441     7.9956    11.4265    349.298    357.082      34964          7  0.000e+00
   56.19284 -134.62210    109.046     10.509     10.413    10.9357    29.2075  1022.3278    22.2802    10.9345    124.493    83.6834     5.8310      8.441     7.9940    11.4242    349.230    357.011      34965          7  0.000e+00
   56.19284 -134.62210    109.102     10.566     10.469    10.9506    29.2050  1022.3236    22.2758    10.9494    124.491    83.7113     5.8310      8.441     7.9914    11.4205    349.119    356.896      34966          7  0.000e+00
   56.19284 -134.62210    109.190     10.655     10.557    10.9614    29.2028  1022.3205    22.2723    10.9602    124.490    83.7113     5.8310      8.441     7.9896    11.4180    349.042    356.816      34967          7  0.000e+00
   56.19284 -134.62210    109.046     10.509     10.413    10.9659    29.2008  1022.3175    22.2700    10.9647    124.487    83.7113     5.8310      8.441     7.9887    11.4167    349.004    356.777      34968          7  0.000e+00
   56.19284 -134.62210    108.990     10.453     10.357    10.9599    29.1992  1022.3170    22.2697    10.9587    124.486    83.7113     5.8310      8.441     7.9898    11.4182    349.051    356.825      34969          7  0.000e+00
   56.19284 -134.62210    109.134     10.598     10.501    10.9441    29.2012  1022.3219    22.2739    10.9429    124.490    83.7113     5.8310      8.441     7.9927    11.4224    349.176    356.953      34970          7  0.000e+00
   56.19284 -134.62210    108.926     10.388     10.293    10.9324    29.2039  1022.3250    22.2780    10.9312    124.488    83.7113     5.8310      8.441     7.9944    11.4249    349.251    357.032      34971          7  0.000e+00
   56.19284 -134.62210    108.990     10.453     10.357    10.9310    29.2055  1022.3268    22.2795    10.9298    124.435    83.7113     5.8310      8.441     7.9912    11.4202    349.108    356.886      34972          7  0.000e+00
   56.19284 -134.62210    109.014     10.477     10.381    10.9360    29.2062  1022.3266    22.2792    10.9348    124.482    83.7113     5.8310      8.441     7.9933    11.4232    349.202    356.982      34973          7  0.000e+00
   56.19284 -134.62210    109.046     10.509     10.413    10.9414    29.2079  1022.3272    22.2796    10.9402    124.482    83.7113     5.8310      8.441     7.9923    11.4217    349.155    356.934      34974          7  0.000e+00
   56.19284 -134.62210    108.806     10.267     10.173    10.9525    29.2078  1022.3241    22.2777    10.9513    124.476    83.7113     5.8310      8.441     7.9900    11.4185    349.057    356.833      34975          7  0.000e+00
   56.19284 -134.62210    109.014     10.477     10.381    10.9634    29.2067  1022.3224    22.2749    10.9622    124.478    83.7113     5.8310      8.441     7.9883    11.4160    348.982    356.756      34976          7  0.000e+00
   56.19284 -134.62210    108.926     10.388     10.293    10.9717    29.2049  1022.3191    22.2721    10.9706    124.475    83.7113     5.8310      8.441     7.9867    11.4138    348.916    356.687      34977          7  0.000e+00
   56.19284 -134.62210    108.750     10.211     10.117    10.9784    29.2031  1022.3158    22.2696    10.9772    124.471    83.7113     5.8310      8.441     7.9854    11.4120    348.860    356.629      34978          7  0.000e+00
   56.19284 -134.62210    108.950     10.413     10.317    10.9831    29.2018  1022.3149    22.2678    10.9819    124.473    83.7113     5.8310      8.441     7.9848    11.4111    348.834    356.602      34979          7  0.000e+00
   56.19284 -134.62210    108.694     10.154     10.061    10.9893    29.2015  1022.3125    22.2665    10.9882    124.468    83.7113     5.8310      8.441     7.9834    11.4091    348.774    356.540      34980          7  0.000e+00
   56.19284 -134.62210    108.750     10.211     10.117    10.9972    29.2009  1022.3110    22.2648    10.9960    124.467    83.7113     5.9482      8.441     7.9821    11.4072    348.715    356.479      34981          7  0.000e+00
   56.19284 -134.62210    108.894     10.356     10.261    11.0039    29.1998  1022.3096    22.2628    11.0027    124.469    83.7113     6.0654      8.441     7.9810    11.4057    348.671    356.433      34982          7  0.000e+00
   56.19284 -134.62210    108.750     10.211     10.117    11.0077    29.1989  1022.3076    22.2614    11.0066    124.466    84.4945     6.0654      8.441     7.9802    11.4045    348.636    356.397      34983          7  0.000e+00
   56.19284 -134.62210    108.574     10.033      9.941    11.0102    29.1977  1022.3054    22.2600    11.0091    124.462    85.0538     6.0654      8.441     7.9796    11.4037    348.611    356.371      34984          7  0.000e+00
   56.19284 -134.62210    108.774     10.235     10.141    11.0120    29.1979  1022.3062    22.2599    11.0109    124.465    85.1377     6.0654      8.441     7.9795    11.4035    348.604    356.364      34985          7  0.000e+00
   56.19284 -134.62210    108.630     10.090      9.997    11.0138    29.1982  1022.3055    22.2598    11.0127    124.462    85.1098     6.0654      8.441     7.9790    11.4028    348.582    356.342      34986          7  0.000e+00
   56.19284 -134.62210    108.518      9.976      9.885    11.0178    29.1976  1022.3038    22.2586    11.0166    124.459    85.0818     6.0654      8.441     7.9782    11.4016    348.547    356.305      34987          7  0.000e+00
   56.19284 -134.62210    108.718     10.178     10.085    11.0226    29.1971  1022.3035    22.2574    11.0214    124.516    85.0818     6.0654      8.441     7.9810    11.4056    348.670    356.430      34988          7  0.000e+00
   56.19284 -134.62210    108.574     10.033      9.941    11.0255    29.1973  1022.3025    22.2571    11.0244    124.525    85.0818     6.0654      8.441     7.9810    11.4057    348.673    356.433      34989          7  0.000e+00
   56.19284 -134.62210    108.398      9.855      9.765    11.0287    29.1970  1022.3009    22.2564    11.0275    124.479    85.0818     6.0654      8.440     7.9776    11.4008    348.523    356.280      34990          7  0.000e+00
   56.19284 -134.62210    108.662     10.122     10.029    11.0327    29.1969  1022.3014    22.2556    11.0315    124.483    85.0818     6.0654      8.440     7.9771    11.4001    348.503    356.259      34991          7  0.000e+00
   56.19284 -134.62210    108.454      9.912      9.821    11.0374    29.1967  1022.2995    22.2546    11.0363    124.479    85.0818     6.0654      8.440     7.9761    11.3986    348.456    356.211      34992          7  0.000e+00
   56.19284 -134.62210    108.398      9.855      9.765    11.0426    29.1954  1022.2974    22.2528    11.0415    124.531    85.0818     6.0654      8.440     7.9786    11.4022    348.566    356.323      34993          7  0.000e+00
   56.19284 -134.62210    108.542     10.001      9.909    11.0461    29.1947  1022.2969    22.2516    11.0450    124.538    85.0818     6.0654      8.445     7.9785    11.4020    348.562    356.318      34994          7  0.000e+00
   56.19284 -134.62210    108.278      9.734      9.645    11.0490    29.1938  1022.2945    22.2504    11.0479    124.539    85.0818     6.0654      8.445     7.9781    11.4014    348.545    356.300      34995          7  0.000e+00
   56.19284 -134.62210    108.454      9.912      9.821    11.0511    29.1932  1022.2945    22.2496    11.0500    124.546    85.0818     6.0654      8.445     7.9782    11.4016    348.551    356.307      34996          7  0.000e+00
   56.19284 -134.62210    108.422      9.880      9.789    11.0525    29.1934  1022.2943    22.2496    11.0513    124.550    85.0818     6.0654      8.440     7.9782    11.4017    348.552    356.307      34997          7  0.000e+00
   56.19284 -134.62210    108.334      9.791      9.701    11.0543    29.1929  1022.2931    22.2488    11.0532    124.553    85.0818     6.0654      8.445     7.9781    11.4015    348.548    356.303      34998          7  0.000e+00
   56.19284 -134.62210    108.398      9.855      9.765    11.0552    29.1928  1022.2932    22.2486    11.0540    124.558    85.0818     6.0654      8.440     7.9783    11.4018    348.556    356.311      34999          7  0.000e+00
   56.19284 -134.62210    108.478      9.936      9.845    11.0552    29.1923  1022.2932    22.2482    11.0540    124.510    85.0818     6.0654      8.445     7.9752    11.3974    348.422    356.173      35000          7  0.000e+00
   56.19284 -134.62210    108.222      9.678      9.589    11.0552    29.1926  1022.2922    22.2484    11.0540    124.503    85.0818     6.2998      8.445     7.9748    11.3968    348.404    356.155      35001          7  0.000e+00
   56.19306 -134.62240    102.202      3.603      3.570    11.4508    28.8958  1021.9663    21.9500    11.4504    128.441    84.1588     4.5416      8.486     8.1727    11.6796    357.153    364.992      36755          8  0.000e+00
