EcoFOCI/data/1_SampleCollection/2022_GOA-OA_CruiseData/CTD_raw_BottleFile_RC0083/RC0083_052.ros
* Sea-Bird SBE 9 Data File:
* FileName = C:\Data\RC0083ctd\RC0083_052.hex
* Software Version Seasave V 7.26.7.107
* Temperature SN = 2060
* Conductivity SN = 1084
* Number of Bytes Per Scan = 31
* Number of Voltage Words = 4
* Number of Scans Averaged by the Deck Unit = 1
* NMEA Latitude = 58 16.24 N
* NMEA Longitude = 136 52.33 W
* NMEA UTC (Time) = Aug 19 2022  10:19:54
* NMEA baud rate = 4800
** Ship: R/V Rachel Carson
** Cruise ID: RC0083
** Tech: McHugh/Nomura
** Chief Scientist: Cross
** Station: SEM-2.5
** Cast:  CTD052
# nquan = 21
# nvalues = 245                                   
# units = specified
# name 0 = latitude: Latitude [deg]
# name 1 = longitude: Longitude [deg]
# name 2 = sfdSM: Seafloor depth [salt water, m]
# name 3 = prDM: Pressure, Digiquartz [db]
# name 4 = depSM: Depth [salt water, m]
# name 5 = t090C: Temperature [ITS-90, deg C]
# name 6 = sal00: Salinity, Practical [PSU]
# name 7 = density00: Density [density, kg/m^3]
# name 8 = sigma-é00: Density [sigma-theta, kg/m^3]
# name 9 = potemp090C: Potential Temperature [ITS-90, deg C]
# name 10 = sbeox0PS: Oxygen, SBE 43 [% saturation]
# name 11 = CStarTr0: Beam Transmission, WET Labs C-Star [%]
# name 12 = flECO-AFL: Fluorescence, WET Labs ECO-AFL/FL [mg/m^3]
# name 13 = ph: pH
# name 14 = sbeox0ML/L: Oxygen, SBE 43 [ml/l]
# name 15 = sbeox0Mg/L: Oxygen, SBE 43 [mg/l]
# name 16 = sbox0Mm/Kg: Oxygen, SBE 43 [umol/kg]
# name 17 = sbeox0Mm/L: Oxygen, SBE 43 [umol/l]
# name 18 = scan: Scan Count
# name 19 = nbf: Bottles Fired
# name 20 = flag:  0.000e+00
# interval = seconds: 0.0416667
# start_time = Aug 19 2022 10:19:54 [NMEA time, header]
# bad_flag = -9.990e-29
*END*
[from data line 207]
   58.27166 -136.86972     62.082      3.704      3.670    11.0806    30.5145  1023.2879    23.2712    11.0802     90.662    88.0465     1.9628      8.119     5.7555     8.2252    251.194    257.040      10144          5  0.000e+00
   58.27166 -136.86972     61.887      3.680      3.646    11.0812    30.5139  1023.2873    23.2706    11.0808     90.656    88.0465     1.9335      8.119     5.7551     8.2246    251.176    257.021      10145          5  0.000e+00
   58.27166 -136.86972     61.887      3.704      3.670    11.0811    30.5140  1023.2875    23.2708    11.0807     90.650    88.0185     1.9921      8.119     5.7547     8.2240    251.160    257.005      10146          5  0.000e+00
   58.27166 -136.86972     61.951      3.744      3.710    11.0814    30.5138  1023.2874    23.2705    11.0810     90.650    88.0185     2.0215      8.119     5.7546     8.2240    251.158    257.002      10147          5  0.000e+00
   58.27166 -136.86972     61.887      3.704      3.670    11.0814    30.5135  1023.2870    23.2703    11.0810     90.642    88.0185     2.0215      8.119     5.7541     8.2232    251.136    256.980      10148          5  0.000e+00
   58.27166 -136.86972     61.489      3.623      3.590    11.0807    30.5135  1023.2867    23.2704    11.0803     90.687    88.0185     2.0508      8.119     5.7571     8.2274    251.264    257.111      10149          5  0.000e+00
   58.27166 -136.86972     61.399      3.680      3.646    11.0811    30.5146  1023.2878    23.2712    11.0807     90.684    88.0185     2.0215      8.119     5.7568     8.2271    251.252    257.099      10150          5  0.000e+00
   58.27166 -136.86972     61.423      3.704      3.670    11.0819    30.5150  1023.2881    23.2714    11.0815     90.686    88.0185     2.0215      8.119     5.7568     8.2271    251.253    257.101      10151          5  0.000e+00
   58.27166 -136.86972     61.343      3.623      3.590    11.0821    30.5148  1023.2875    23.2712    11.0817     90.680    88.0185     2.0215      8.119     5.7564     8.2265    251.236    257.083      10152          5  0.000e+00
   58.27166 -136.86972     61.286      3.639      3.606    11.0817    30.5137  1023.2868    23.2704    11.0813     90.735    88.0185     2.0215      8.119     5.7600     8.2316    251.390    257.240      10153          5  0.000e+00
   58.27166 -136.86972     61.106      3.680      3.646    11.0796    30.5104  1023.2848    23.2682    11.0792     90.741    88.0185     2.0215      8.119     5.7607     8.2327    251.424    257.274      10154          5  0.000e+00
   58.27166 -136.86972     60.968      3.639      3.606    11.0763    30.5094  1023.2844    23.2680    11.0758     90.745    88.0185     2.0215      8.119     5.7615     8.2337    251.456    257.306      10155          5  0.000e+00
   58.27166 -136.86972     60.888      3.559      3.526    11.0765    30.5099  1023.2844    23.2684    11.0761     90.693    88.0185     2.0215      8.119     5.7581     8.2290    251.311    257.158      10156          5  0.000e+00
   58.27166 -136.86972     60.968      3.639      3.606    11.0776    30.5111  1023.2855    23.2691    11.0772     90.744    88.0185     2.0215      8.119     5.7612     8.2333    251.444    257.295      10157          5  0.000e+00
   58.27166 -136.86972     60.952      3.623      3.590    11.0781    30.5119  1023.2860    23.2696    11.0777     90.746    88.0185     2.0215      8.119     5.7612     8.2333    251.444    257.295      10158          5  0.000e+00
   58.27166 -136.86972     60.888      3.559      3.526    11.0807    30.5143  1023.2871    23.2710    11.0803     90.745    88.0465     2.0215      8.119     5.7607     8.2327    251.424    257.275      10159          5  0.000e+00
   58.27166 -136.86972     60.912      3.583      3.550    11.0834    30.5161  1023.2882    23.2720    11.0830     90.745    88.0185     2.0215      8.119     5.7603     8.2321    251.405    257.255      10160          5  0.000e+00
   58.27166 -136.86972     60.913      3.559      3.526    11.0826    30.5159  1023.2880    23.2719    11.0821     90.743    88.0185     2.0215      8.119     5.7603     8.2321    251.405    257.256      10161          5  0.000e+00
   58.27166 -136.86972     60.856      3.526      3.494    11.0802    30.5138  1023.2867    23.2707    11.0798     90.794    88.0185     2.0215      8.119     5.7639     8.2372    251.563    257.417      10162          5  0.000e+00
   58.27166 -136.86972     60.961      3.559      3.526    11.0783    30.5115  1023.2854    23.2693    11.0779     90.803    88.0185     2.0215      8.119     5.7648     8.2385    251.603    257.457      10163          5  0.000e+00
   58.27166 -136.86972     60.978      3.526      3.494    11.0768    30.5098  1023.2841    23.2682    11.0764     90.810    88.0185     2.0215      8.119     5.7655     8.2395    251.634    257.489      10164          5  0.000e+00
   58.27166 -136.86972     60.979      3.502      3.470    11.0767    30.5081  1023.2827    23.2669    11.0763     90.817    88.0185     2.0508      8.119     5.7660     8.2402    251.655    257.510      10165          5  0.000e+00
   58.27166 -136.86972     60.939      3.462      3.430    11.0756    30.5087  1023.2832    23.2675    11.0752     90.822    88.0185     2.0508      8.119     5.7665     8.2408    251.674    257.530      10166          5  0.000e+00
   58.27166 -136.86972     60.979      3.502      3.470    11.0758    30.5083  1023.2830    23.2672    11.0754     90.827    87.9906     2.0508      8.119     5.7668     8.2413    251.687    257.543      10167          5  0.000e+00
   58.27166 -136.86972     60.802      3.349      3.318    11.0763    30.5088  1023.2826    23.2675    11.0759     90.828    87.9906     2.0508      8.119     5.7668     8.2413    251.688    257.545      10168          5  0.000e+00
   58.27166 -136.86972     61.035      3.559      3.526    11.0768    30.5093  1023.2839    23.2678    11.0764     90.833    87.9906     2.0801      8.119     5.7670     8.2416    251.698    257.555      10169          5  0.000e+00
   58.27166 -136.86972     60.898      3.446      3.414    11.0768    30.5085  1023.2828    23.2672    11.0764     90.840    87.9906     2.0508      8.119     5.7674     8.2423    251.717    257.574      10170          5  0.000e+00
   58.27168 -136.86970     60.883      3.405      3.374    11.0761    30.5070  1023.2815    23.2661    11.0757     90.894    87.9906     2.0508      8.119     5.7710     8.2474    251.874    257.734      10171          5  0.000e+00
   58.27168 -136.86970     60.834      3.381      3.350    11.0743    30.5069  1023.2816    23.2664    11.0739     90.846    87.9906     2.0508      8.119     5.7682     8.2433    251.750    257.607      10172          5  0.000e+00
   58.27168 -136.86970     60.858      3.405      3.374    11.0745    30.5059  1023.2809    23.2655    11.0741     90.844    87.9906     2.0508      8.119     5.7681     8.2432    251.747    257.604      10173          5  0.000e+00
   58.27168 -136.86970     60.834      3.381      3.350    11.0738    30.5039  1023.2794    23.2641    11.0734     90.848    87.9906     2.0508      8.114     5.7685     8.2438    251.764    257.621      10174          5  0.000e+00
   58.27168 -136.86970     60.883      3.405      3.374    11.0697    30.4990  1023.2764    23.2610    11.0693     90.905    87.9906     2.0508      8.119     5.7729     8.2500    251.955    257.816      10175          5  0.000e+00
   58.27168 -136.86970     60.803      3.324      3.294    11.0690    30.4951  1023.2732    23.2582    11.0686     90.906    87.9906     2.0801      8.119     5.7731     8.2504    251.968    257.828      10176          5  0.000e+00
   58.27168 -136.86970     60.827      3.349      3.318    11.0699    30.4965  1023.2742    23.2591    11.0695     90.859    87.9906     2.0508      8.119     5.7700     8.2459    251.831    257.688      10177          5  0.000e+00
   58.27168 -136.86970     60.803      3.324      3.294    11.0700    30.4967  1023.2742    23.2592    11.0696     90.859    87.9906     2.0508      8.119     5.7700     8.2458    251.829    257.686      10178          5  0.000e+00
   58.27168 -136.86970     60.778      3.324      3.294    11.0695    30.4967  1023.2743    23.2593    11.0691     90.858    87.9906     2.0508      8.119     5.7700     8.2459    251.830    257.687      10179          5  0.000e+00
   58.27168 -136.86970     60.802      3.349      3.318    11.0682    30.4973  1023.2751    23.2600    11.0678     90.857    87.9906     2.0508      8.114     5.7700     8.2460    251.833    257.690      10180          5  0.000e+00
   58.27168 -136.86970     50.930      3.268      3.238    11.0678    30.4973  1023.2748    23.2601    11.0675     90.854    87.9906     2.0801      8.119     5.7699     8.2457    251.826    257.683      10181          5  0.000e+00
