EcoFOCI/data/1_SampleCollection/2022_GOA-OA_CruiseData/CTD_raw_BottleFile_RC0083/RC0083_063.cnv
* Sea-Bird SBE 9 Data File:
* FileName = C:\Data\RC0083ctd\RC0083_063.hex
* Software Version Seasave V 7.26.7.107
* Temperature SN = 2060
* Conductivity SN = 1084
* Number of Bytes Per Scan = 31
* Number of Voltage Words = 4
* Number of Scans Averaged by the Deck Unit = 1
* NMEA Latitude = 58 42.84 N
* NMEA Longitude = 136 06.86 W
* NMEA UTC (Time) = Aug 20 2022  15:08:42
* NMEA baud rate = 4800
** Ship: R/V Rachel Carson
** Cruise ID: RC0083
** Tech: McHugh/Nomura
** Chief Scientist: Cross
** Station: GB13
** Cast:  CTD063
# nquan = 19
# nvalues = 13534                                 
# units = specified
# name 0 = latitude: Latitude [deg]
# name 1 = longitude: Longitude [deg]
# name 2 = sfdSM: Seafloor depth [salt water, m]
# name 3 = prDM: Pressure, Digiquartz [db]
# name 4 = depSM: Depth [salt water, m]
# name 5 = t090C: Temperature [ITS-90, deg C]
# name 6 = sal00: Salinity, Practical [PSU]
# name 7 = density00: Density [density, kg/m^3]
# name 8 = sigma-é00: Density [sigma-theta, kg/m^3]
# name 9 = potemp090C: Potential Temperature [ITS-90, deg C]
# name 10 = sbeox0PS: Oxygen, SBE 43 [% saturation]
# name 11 = CStarTr0: Beam Transmission, WET Labs C-Star [%]
# name 12 = flECO-AFL: Fluorescence, WET Labs ECO-AFL/FL [mg/m^3]
# name 13 = ph: pH
# name 14 = sbeox0ML/L: Oxygen, SBE 43 [ml/l]
# name 15 = sbeox0Mg/L: Oxygen, SBE 43 [mg/l]
# name 16 = sbox0Mm/Kg: Oxygen, SBE 43 [umol/kg]
# name 17 = sbeox0Mm/L: Oxygen, SBE 43 [umol/l]
# name 18 = flag:  0.000e+00
# span 0 =   58.71312,   58.71412                 
# span 1 = -136.11430, -136.11270                 
# span 2 =      2.634,    159.487                 
# span 3 =      1.876,     97.759                 
# span 4 =      1.858,     96.824                 
# span 5 =     6.7809,     9.6489                 
# span 6 =    19.4685,    30.5822                 
# span 7 =  1015.0377,  1024.4190                 
# span 8 =    15.0207,    23.9691                 
# span 9 =     6.7727,     9.6486                 
# span 10 =     67.008,    119.628                
# span 11 =    36.3598,    94.2277                
# span 12 =    -0.0005,     5.6845                
# span 13 =      7.947,      8.420                
# span 14 =     4.6332,     8.3586                
# span 15 =     6.6213,    11.9453                
# span 16 =    202.131,    367.320                
# span 17 =    206.917,    373.296                
# span 18 = 0.0000e+00, 0.0000e+00                
# interval = seconds: 0.0416667
# start_time = Aug 20 2022 15:08:42 [NMEA time, header]
# bad_flag = -9.990e-29
*END*
[from data line 686]
   58.71410 -136.11410     51.707     10.141     10.046     7.8616    29.0792  1022.6935    22.6469     7.8607     75.690    83.9071     1.4647      8.026     5.2083     7.4432    227.453    232.604  0.000e+00
   58.71410 -136.11410     51.633     10.141     10.046     7.8619    29.0792  1022.6934    22.6468     7.8610     75.642    83.9071     1.4647      8.026     5.2050     7.4385    227.308    232.456  0.000e+00
   58.71410 -136.11410     51.577     10.109     10.014     7.8616    29.0787  1022.6930    22.6465     7.8607     75.643    83.9071     1.4647      8.026     5.2051     7.4387    227.313    232.461  0.000e+00
   58.71410 -136.11410     51.633     10.141     10.046     7.8618    29.0784  1022.6928    22.6462     7.8609     75.638    83.9071     1.4647      8.026     5.2048     7.4381    227.297    232.445  0.000e+00
   58.71410 -136.11410     51.609     10.141     10.046     7.8618    29.0782  1022.6926    22.6460     7.8609     75.633    83.9071     1.4647      8.026     5.2044     7.4376    227.282    232.429  0.000e+00
   58.71410 -136.11410     51.577     10.109     10.014     7.8616    29.0780  1022.6924    22.6459     7.8607     75.627    83.9071     1.4647      8.026     5.2041     7.4371    227.267    232.414  0.000e+00
   58.71410 -136.11410     51.609     10.141     10.046     7.8618    29.0776  1022.6922    22.6456     7.8609     75.623    83.8791     1.4647      8.026     5.2038     7.4367    227.254    232.400  0.000e+00
   58.71410 -136.11410     51.609     10.141     10.046     7.8618    29.0783  1022.6928    22.6461     7.8609     75.619    83.8791     1.4647      8.026     5.2034     7.4362    227.239    232.386  0.000e+00
   58.71410 -136.11410     51.577     10.109     10.014     7.8616    29.0785  1022.6928    22.6463     7.8607     75.614    83.8791     1.4647      8.026     5.2031     7.4358    227.227    232.373  0.000e+00
   58.71410 -136.11410     51.633     10.141     10.046     7.8618    29.0787  1022.6931    22.6465     7.8609     75.618    83.8791     1.4647      8.026     5.2034     7.4362    227.237    232.383  0.000e+00
   58.71410 -136.11410     53.580     10.084      9.990     7.8618    29.0785  1022.6926    22.6463     7.8609     75.621    83.9071     1.4647      8.026     5.2036     7.4365    227.248    232.394  0.000e+00
   58.71410 -136.11410     88.549     10.109     10.014     7.8618    29.0784  1022.6927    22.6462     7.8609     75.571    83.9071     1.4647      8.026     5.2002     7.4316    227.097    232.240  0.000e+00
   58.71410 -136.11410    108.483     10.141     10.046     7.8618    29.0782  1022.6926    22.6460     7.8609     75.625    83.8791     1.4647      8.026     5.2039     7.4369    227.260    232.406  0.000e+00
   58.71410 -136.11410    110.046     10.141     10.046     7.8618    29.0779  1022.6924    22.6458     7.8609     75.624    83.8791     1.4647      8.026     5.2038     7.4368    227.257    232.403  0.000e+00
   58.71410 -136.11410    109.428     10.109     10.014     7.8616    29.0776  1022.6921    22.6456     7.8607     75.623    83.9071     1.4647      8.026     5.2038     7.4367    227.255    232.401  0.000e+00
   58.71410 -136.11410    108.654     10.141     10.046     7.8616    29.0772  1022.6919    22.6453     7.8607     75.623    83.8791     1.4647      8.026     5.2038     7.4367    227.254    232.401  0.000e+00
   58.71410 -136.11410    108.525     10.084      9.990     7.8616    29.0772  1022.6917    22.6453     7.8607     75.622    83.8791     1.4647      8.026     5.2037     7.4366    227.252    232.398  0.000e+00
   58.71410 -136.11410    108.622     10.108     10.014     7.8618    29.0775  1022.6919    22.6455     7.8609     75.629    83.8791     1.4940      8.026     5.2042     7.4373    227.273    232.420  0.000e+00
   58.71410 -136.11410    108.678     10.141     10.046     7.8616    29.0779  1022.6925    22.6458     7.8607     75.630    83.8791     1.5233      8.026     5.2043     7.4374    227.276    232.423  0.000e+00
   58.71410 -136.11410    108.622     10.084      9.990     7.8616    29.0780  1022.6923    22.6459     7.8607     75.631    83.7673     1.5526      8.026     5.2043     7.4375    227.277    232.424  0.000e+00
   58.71410 -136.11410    108.646     10.108     10.014     7.8618    29.0778  1022.6923    22.6458     7.8609     75.632    83.6834     1.5526      8.026     5.2044     7.4376    227.281    232.428  0.000e+00
   58.71410 -136.11410    108.622     10.084      9.990     7.8616    29.0780  1022.6923    22.6459     7.8607     75.633    83.6834     1.5526      8.026     5.2045     7.4377    227.285    232.432  0.000e+00
   58.71410 -136.11410    108.678     10.141     10.046     7.8616    29.0779  1022.6925    22.6459     7.8607     75.635    83.6834     1.5526      8.026     5.2046     7.4379    227.292    232.439  0.000e+00
   58.71410 -136.11410    108.646     10.108     10.014     7.8615    29.0779  1022.6923    22.6458     7.8606     75.637    83.6834     1.5526      8.026     5.2048     7.4381    227.298    232.445  0.000e+00
   58.71410 -136.11410    108.622     10.084      9.990     7.8616    29.0775  1022.6919    22.6455     7.8607     75.639    83.6834     1.5526      8.026     5.2049     7.4383    227.304    232.452  0.000e+00
   58.71410 -136.11410    108.678     10.141     10.046     7.8616    29.0773  1022.6920    22.6453     7.8607     75.643    83.6834     1.5526      8.026     5.2051     7.4387    227.314    232.462  0.000e+00
   58.71410 -136.11410    108.582     10.044      9.950     7.8615    29.0772  1022.6915    22.6453     7.8606     75.645    83.6834     1.5526      8.026     5.2053     7.4389    227.321    232.469  0.000e+00
   58.71410 -136.11410    108.678     10.141     10.046     7.8616    29.0773  1022.6920    22.6454     7.8607     75.649    83.6834     1.5526      8.026     5.2056     7.4393    227.332    232.480  0.000e+00
   58.71410 -136.11410    108.622     10.084      9.990     7.8616    29.0771  1022.6916    22.6452     7.8607     75.652    83.6834     1.5526      8.026     5.2058     7.4396    227.342    232.490  0.000e+00
   58.71410 -136.11410    108.646     10.108     10.014     7.8615    29.0775  1022.6920    22.6455     7.8606     75.656    83.6834     1.5526      8.026     5.2061     7.4400    227.354    232.503  0.000e+00
   58.71410 -136.11410    108.622     10.084      9.990     7.8616    29.0775  1022.6919    22.6455     7.8607     75.660    83.6834     1.5526      8.026     5.2063     7.4403    227.365    232.514  0.000e+00
   58.71410 -136.11410    108.678     10.141     10.046     7.8616    29.0772  1022.6919    22.6453     7.8607     75.664    83.6834     1.5526      8.026     5.2067     7.4408    227.380    232.529  0.000e+00
   58.71410 -136.11410    108.582     10.044      9.950     7.8616    29.0776  1022.6918    22.6456     7.8607     75.668    83.6834     1.5526      8.026     5.2069     7.4412    227.391    232.540  0.000e+00
   58.71410 -136.11410    108.678     10.141     10.046     7.8618    29.0776  1022.6922    22.6456     7.8609     75.674    83.6834     1.5526      8.026     5.2073     7.4417    227.408    232.557  0.000e+00
   58.71410 -136.11410    108.622     10.084      9.990     7.8616    29.0781  1022.6924    22.6460     7.8607     75.679    83.6834     1.5526      8.026     5.2076     7.4422    227.422    232.572  0.000e+00
   58.71410 -136.11410    108.646     10.108     10.014     7.8615    29.0779  1022.6924    22.6459     7.8606     75.685    83.6834     1.5526      8.026     5.2080     7.4428    227.440    232.591  0.000e+00
   58.71410 -136.11410     94.825     10.084      9.990     7.8615    29.0778  1022.6922    22.6458     7.8606     75.745    83.6834     1.5526      8.026     5.2122     7.4488    227.623    232.778  0.000e+00
   58.71410 -136.11410     35.950      9.987      9.894     7.8618    29.0774  1022.6914    22.6455     7.8609     75.702    83.6834     1.5526      8.026     5.2092     7.4445    227.492    232.644  0.000e+00
   58.71410 -136.11410     11.958     10.197     10.102     7.8618    29.0773  1022.6922    22.6453     7.8609     75.765    83.6834     1.6112      8.026     5.2136     7.4507    227.683    232.839  0.000e+00
   58.71410 -136.11410     10.722     10.084      9.990     7.8616    29.0773  1022.6917    22.6454     7.8607     75.777    83.4596     1.6405      8.026     5.2144     7.4519    227.720    232.876  0.000e+00
   58.71410 -136.11410     13.213     10.108     10.014     7.8616    29.0772  1022.6918    22.6453     7.8607     75.791    83.2358     1.6405      8.026     5.2154     7.4533    227.760    232.918  0.000e+00
   58.71410 -136.11410     14.117     10.084      9.990     7.8616    29.0776  1022.6920    22.6456     7.8607     75.741    83.1799     1.6405      8.026     5.2119     7.4484    227.611    232.765  0.000e+00
   58.71410 -136.11410     14.141     10.084      9.990     7.8616    29.0777  1022.6921    22.6457     7.8607     75.740    83.1799     1.6405      8.026     5.2119     7.4483    227.607    232.761  0.000e+00
   58.71410 -136.11410     14.068     10.108     10.014     7.8620    29.0774  1022.6919    22.6454     7.8611     75.739    83.1799     1.6405      8.026     5.2118     7.4481    227.603    232.757  0.000e+00
   58.71410 -136.11410     14.051     10.141     10.046     7.8616    29.0779  1022.6925    22.6458     7.8607     75.738    83.1799     1.6405      8.026     5.2117     7.4481    227.601    232.756  0.000e+00
   58.71410 -136.11410     13.995     10.084      9.990     7.8616    29.0776  1022.6920    22.6456     7.8607     75.737    83.1799     1.6405      8.026     5.2116     7.4479    227.597    232.751  0.000e+00
   58.71410 -136.11410     14.019     10.108     10.014     7.8616    29.0776  1022.6921    22.6456     7.8607     75.736    83.1799     1.6405      8.026     5.2115     7.4478    227.594    232.748  0.000e+00
   58.71410 -136.11410     14.019     10.084      9.990     7.8616    29.0775  1022.6919    22.6455     7.8607     75.734    83.1799     1.6405      8.026     5.2115     7.4477    227.590    232.744  0.000e+00
   58.71410 -136.11410     13.995     10.084      9.990     7.8616    29.0775  1022.6919    22.6455     7.8607     75.733    83.2079     1.6405      8.026     5.2114     7.4476    227.586    232.740  0.000e+00
   58.71410 -136.11410     14.019     10.108     10.014     7.8618    29.0771  1022.6917    22.6452     7.8609     75.740    83.1799     1.6405      8.026     5.2118     7.4482    227.605    232.759  0.000e+00
   58.71410 -136.11410     13.995     10.084      9.990     7.8615    29.0773  1022.6918    22.6454     7.8606     75.738    83.1799     1.6405      8.026     5.2118     7.4481    227.603    232.757  0.000e+00
   58.71410 -136.11410     14.051     10.141     10.046     7.8615    29.0777  1022.6923    22.6457     7.8606     75.738    83.1799     1.6405      8.026     5.2117     7.4481    227.602    232.756  0.000e+00
   58.71410 -136.11410     14.043     10.108     10.014     7.8615    29.0776  1022.6921    22.6456     7.8606     75.737    83.1799     1.6405      8.026     5.2116     7.4480    227.598    232.752  0.000e+00
   58.71410 -136.11410     34.971     10.084      9.990     7.8616    29.0775  1022.6919    22.6455     7.8607     75.736    83.1799     1.6405      8.026     5.2116     7.4478    227.594    232.748  0.000e+00
   58.71410 -136.11410     76.705     10.084      9.990     7.8616    29.0776  1022.6920    22.6456     7.8607     75.735    83.1799     1.6405      8.026     5.2115     7.4477    227.591    232.745  0.000e+00
   58.71410 -136.11410     89.745     10.108     10.014     7.8616    29.0775  1022.6920    22.6455     7.8607     75.734    83.1799     1.6405      8.026     5.2115     7.4477    227.590    232.743  0.000e+00
   58.71410 -136.11410     89.191     10.141     10.046     7.8616    29.0780  1022.6926    22.6459     7.8607     75.734    83.1799     1.6405      8.026     5.2114     7.4476    227.587    232.741  0.000e+00
   58.71410 -136.11410     87.426     10.084      9.990     7.8616    29.0786  1022.6927    22.6464     7.8607     75.732    83.1799     1.6405      8.026     5.2113     7.4474    227.582    232.736  0.000e+00
   58.71410 -136.11410     86.961     10.108     10.014     7.8618    29.0784  1022.6927    22.6462     7.8609     75.732    83.1799     1.6112      8.026     5.2112     7.4474    227.579    232.733  0.000e+00
   58.71410 -136.11410     86.962     10.084      9.990     7.8618    29.0780  1022.6923    22.6459     7.8609     75.675    83.1799     1.6112      8.026     5.2074     7.4419    227.411    232.561  0.000e+00
   58.71410 -136.11410     87.091     10.141     10.046     7.8615    29.0781  1022.6926    22.6460     7.8606     75.716    83.1519     1.6112      8.026     5.2102     7.4459    227.535    232.688  0.000e+00
   58.71410 -136.11410     87.083     10.108     10.014     7.8616    29.0774  1022.6919    22.6454     7.8607     75.715    83.1519     1.6112      8.026     5.2101     7.4458    227.532    232.684  0.000e+00
   58.71410 -136.11408     87.059     10.084      9.990     7.8615    29.0773  1022.6918    22.6454     7.8606     75.714    83.1519     1.6112      8.026     5.2101     7.4457    227.529    232.682  0.000e+00
   58.71410 -136.11408     87.059     10.084      9.990     7.8616    29.0772  1022.6917    22.6453     7.8607     75.713    83.1519     1.6112      8.026     5.2100     7.4456    227.526    232.678  0.000e+00
   58.71410 -136.11408     87.083     10.108     10.014     7.8616    29.0778  1022.6922    22.6457     7.8607     75.712    83.1519     1.6112      8.026     5.2099     7.4455    227.523    232.676  0.000e+00
   58.71410 -136.11408     87.115     10.140     10.046     7.8618    29.0778  1022.6924    22.6458     7.8609     75.712    83.1519     1.6112      8.026     5.2099     7.4454    227.521    232.673  0.000e+00
   58.71410 -136.11408     87.059     10.084      9.990     7.8616    29.0776  1022.6920    22.6456     7.8607     75.710    83.1519     1.6112      8.026     5.2098     7.4453    227.518    232.670  0.000e+00
   58.71410 -136.11408     87.083     10.108     10.014     7.8618    29.0773  1022.6918    22.6454     7.8609     75.655    83.1519     1.6112      8.026     5.2060     7.4398    227.350    232.498  0.000e+00
   58.71410 -136.11408     92.488     10.140     10.046     7.8616    29.0773  1022.6920    22.6453     7.8607     75.647    83.1519     1.6112      8.026     5.2055     7.4391    227.329    232.477  0.000e+00
   58.71410 -136.11408    105.106     10.084      9.990     7.8616    29.0772  1022.6917    22.6453     7.8607     75.640    83.1799     1.6112      8.026     5.2049     7.4384    227.305    232.453  0.000e+00
   58.71410 -136.11408    109.379     10.108     10.014     7.8613    29.0775  1022.6921    22.6456     7.8604     75.633    83.1519     1.6112      8.026     5.2045     7.4378    227.286    232.433  0.000e+00
   58.71410 -136.11408    109.313     10.140     10.046     7.8615    29.0773  1022.6920    22.6454     7.8606     75.626    83.1519     1.6112      8.026     5.2040     7.4371    227.266    232.413  0.000e+00
   58.71410 -136.11408    108.744     10.084      9.990     7.8616    29.0778  1022.6921    22.6457     7.8607     75.619    83.1519     1.6112      8.026     5.2035     7.4364    227.244    232.390  0.000e+00
   58.71410 -136.11408    108.622     10.108     10.014     7.8620    29.0779  1022.6922    22.6458     7.8611     75.668    83.1519     1.6112      8.026     5.2069     7.4411    227.389    232.539  0.000e+00
   58.71410 -136.11408    108.654     10.140     10.046     7.8618    29.0784  1022.6929    22.6463     7.8609     75.670    83.1799     1.6112      8.026     5.2070     7.4413    227.393    232.543  0.000e+00
