EcoFOCI/data/1_SampleCollection/2022_GOA-OA_CruiseData/CTD_raw_BottleFile_RC0083/RC0083_020.ros
* Sea-Bird SBE 9 Data File:
* FileName = C:\Data\RC0083ctd\RC0083_020.hex
* Software Version Seasave V 7.26.7.107
* Temperature SN = 2060
* Conductivity SN = 1084
* Number of Bytes Per Scan = 31
* Number of Voltage Words = 4
* Number of Scans Averaged by the Deck Unit = 1
* NMEA Latitude = 56 11.35 N
* NMEA Longitude = 134 37.16 W
* NMEA UTC (Time) = Aug 13 2022  19:18:30
* NMEA baud rate = 4800
** Ship: R/V Rachel Carson
** Cruise ID: RC0083 RC0083
** Tech: McHugh/Nomura
** Chief Scientist: Cross Cross
** Station: CS5
** Cast:  020
# nquan = 21
# nvalues = 392                                   
# units = specified
# name 0 = latitude: Latitude [deg]
# name 1 = longitude: Longitude [deg]
# name 2 = sfdSM: Seafloor depth [salt water, m]
# name 3 = prDM: Pressure, Digiquartz [db]
# name 4 = depSM: Depth [salt water, m]
# name 5 = t090C: Temperature [ITS-90, deg C]
# name 6 = sal00: Salinity, Practical [PSU]
# name 7 = density00: Density [density, kg/m^3]
# name 8 = sigma-é00: Density [sigma-theta, kg/m^3]
# name 9 = potemp090C: Potential Temperature [ITS-90, deg C]
# name 10 = sbeox0PS: Oxygen, SBE 43 [% saturation]
# name 11 = CStarTr0: Beam Transmission, WET Labs C-Star [%]
# name 12 = flECO-AFL: Fluorescence, WET Labs ECO-AFL/FL [mg/m^3]
# name 13 = ph: pH
# name 14 = sbeox0ML/L: Oxygen, SBE 43 [ml/l]
# name 15 = sbeox0Mg/L: Oxygen, SBE 43 [mg/l]
# name 16 = sbox0Mm/Kg: Oxygen, SBE 43 [umol/kg]
# name 17 = sbeox0Mm/L: Oxygen, SBE 43 [umol/l]
# name 18 = scan: Scan Count
# name 19 = nbf: Bottles Fired
# name 20 = flag:  0.000e+00
# interval = seconds: 0.0416667
# start_time = Aug 13 2022 19:18:30 [NMEA time, header]
# bad_flag = -9.990e-29
*END*
[from data line 69]
   56.19114 -134.62042    299.540    202.856    200.908     5.6624    33.4085  1027.2733    26.3383     5.6460     32.200   105.4712    -0.0591      7.754     2.2662     3.2386     98.609    101.206      21402          2  0.000e+00
   56.19114 -134.62042    299.612    202.929    200.980     5.6624    33.4086  1027.2737    26.3384     5.6460     32.200   105.4992    -0.0591      7.750     2.2661     3.2385     98.607    101.204      21403          2  0.000e+00
   56.19114 -134.62042    299.596    202.912    200.964     5.6626    33.4084  1027.2735    26.3383     5.6462     32.198   105.4712    -0.0591      7.754     2.2660     3.2384     98.603    101.200      21404          2  0.000e+00
   56.19114 -134.62042    299.612    202.929    200.980     5.6626    33.4080  1027.2732    26.3379     5.6462     32.197   105.4712    -0.0591      7.754     2.2659     3.2383     98.600    101.197      21405          2  0.000e+00
   56.19114 -134.62042    299.596    202.912    200.964     5.6626    33.4081  1027.2732    26.3380     5.6462     32.196   105.4712    -0.0591      7.754     2.2659     3.2382     98.597    101.194      21406          2  0.000e+00
   56.19114 -134.62042    299.612    202.929    200.980     5.6624    33.4086  1027.2737    26.3384     5.6460     32.195   105.4712    -0.0591      7.754     2.2658     3.2381     98.594    101.191      21407          2  0.000e+00
   56.19114 -134.62042    299.612    202.929    200.980     5.6624    33.4084  1027.2736    26.3383     5.6460     32.194   105.4712    -0.0591      7.754     2.2657     3.2380     98.591    101.188      21408          2  0.000e+00
   56.19114 -134.62042    299.596    202.912    200.964     5.6623    33.4085  1027.2736    26.3384     5.6459     32.193   105.4712    -0.0591      7.754     2.2657     3.2379     98.588    101.184      21409          2  0.000e+00
   56.19114 -134.62042    299.556    202.872    200.924     5.6626    33.4082  1027.2731    26.3381     5.6462     32.192   105.4712    -0.0591      7.754     2.2656     3.2377     98.583    101.180      21410          2  0.000e+00
   56.19114 -134.62042    299.596    202.912    200.964     5.6624    33.4085  1027.2736    26.3384     5.6460     32.191   105.4712    -0.0591      7.754     2.2655     3.2376     98.581    101.178      21411          2  0.000e+00
   56.19114 -134.62042    299.556    202.872    200.924     5.6623    33.4086  1027.2734    26.3384     5.6459     32.190   105.4712    -0.0591      7.754     2.2654     3.2375     98.578    101.174      21412          2  0.000e+00
   56.19114 -134.62042    299.596    202.912    200.964     5.6626    33.4084  1027.2734    26.3382     5.6462     32.189   105.4712    -0.0591      7.754     2.2654     3.2374     98.574    101.171      21413          2  0.000e+00
   56.19114 -134.62042    299.556    202.872    200.924     5.6624    33.4085  1027.2733    26.3383     5.6460     32.188   105.4712    -0.0591      7.750     2.2653     3.2373     98.571    101.167      21414          2  0.000e+00
   56.19114 -134.62042    299.596    202.912    200.964     5.6624    33.4084  1027.2734    26.3383     5.6460     32.187   105.4712    -0.0591      7.754     2.2652     3.2372     98.568    101.165      21415          2  0.000e+00
   56.19114 -134.62042    299.556    202.872    200.924     5.6624    33.4084  1027.2733    26.3383     5.6460     32.186   105.4712    -0.0591      7.754     2.2651     3.2371     98.565    101.161      21416          2  0.000e+00
   56.19114 -134.62042    299.540    202.856    200.908     5.6624    33.4082  1027.2730    26.3381     5.6460     32.185   105.4712    -0.0591      7.750     2.2651     3.2370     98.562    101.157      21417          2  0.000e+00
   56.19114 -134.62042    299.556    202.872    200.924     5.6624    33.4087  1027.2736    26.3386     5.6460     32.184   105.4712    -0.0591      7.754     2.2650     3.2369     98.558    101.154      21418          2  0.000e+00
   56.19114 -134.62042    299.612    202.929    200.980     5.6624    33.4087  1027.2738    26.3385     5.6460     32.125   105.4712    -0.0591      7.754     2.2608     3.2310     98.378    100.969      21419          2  0.000e+00
   56.19114 -134.62042    299.540    202.856    200.908     5.6624    33.4080  1027.2729    26.3380     5.6460     32.182   105.4712    -0.0591      7.750     2.2649     3.2368     98.554    101.150      21420          2  0.000e+00
   56.19114 -134.62042    299.436    202.750    200.803     5.6624    33.4085  1027.2728    26.3384     5.6460     32.181   105.4712    -0.0591      7.754     2.2648     3.2367     98.551    101.147      21421          2  0.000e+00
   56.19114 -134.62042    299.540    202.856    200.908     5.6623    33.4086  1027.2734    26.3385     5.6459     32.182   105.4712    -0.0591      7.754     2.2648     3.2367     98.552    101.148      21422          2  0.000e+00
   56.19114 -134.62042    299.492    202.807    200.860     5.6623    33.4086  1027.2731    26.3384     5.6459     32.181   105.4712    -0.0591      7.754     2.2648     3.2366     98.550    101.146      21423          2  0.000e+00
   56.19114 -134.62042    299.476    202.791    200.844     5.6624    33.4084  1027.2729    26.3383     5.6460     32.181   105.4712    -0.0591      7.754     2.2648     3.2366     98.549    101.144      21424          2  0.000e+00
   56.19114 -134.62042    299.492    202.807    200.860     5.6623    33.4086  1027.2731    26.3384     5.6459     32.180   105.4992    -0.0591      7.754     2.2648     3.2366     98.548    101.144      21425          2  0.000e+00
   56.19114 -134.62042    299.476    202.791    200.844     5.6623    33.4083  1027.2729    26.3383     5.6459     32.180   105.4992    -0.0591      7.754     2.2647     3.2365     98.547    101.143      21426          2  0.000e+00
   56.19114 -134.62042    299.492    202.807    200.860     5.6623    33.4080  1027.2727    26.3380     5.6459     32.180   105.4992    -0.0591      7.754     2.2647     3.2365     98.547    101.142      21427          2  0.000e+00
   56.19114 -134.62042    299.420    202.734    200.787     5.6624    33.4085  1027.2727    26.3384     5.6460     32.179   105.4992    -0.0591      7.754     2.2647     3.2364     98.544    101.139      21428          2  0.000e+00
   56.19114 -134.62042    299.492    202.807    200.860     5.6626    33.4085  1027.2730    26.3383     5.6462     32.179   105.4992    -0.0591      7.754     2.2646     3.2364     98.543    101.139      21429          2  0.000e+00
   56.19114 -134.62042    299.420    202.734    200.787     5.6624    33.4087  1027.2729    26.3386     5.6460     32.187   105.4992    -0.0591      7.750     2.2652     3.2372     98.568    101.164      21430          2  0.000e+00
   56.19150 -134.62058    249.536    152.349    150.904     5.9492    33.1608  1026.8090    26.1073     5.9366     37.625   105.3593    -0.0591      7.792     2.6345     3.7650    114.663    117.656      24400          3  0.000e+00
   56.19150 -134.62058    249.585    152.397    150.952     5.9495    33.1610  1026.8093    26.1074     5.9369     37.625   105.3593    -0.0591      7.792     2.6345     3.7649    114.662    117.655      24401          3  0.000e+00
   56.19150 -134.62058    249.593    152.405    150.960     5.9505    33.1606  1026.8090    26.1070     5.9379     37.625   105.3593    -0.0591      7.792     2.6344     3.7648    114.659    117.652      24402          3  0.000e+00
   56.19150 -134.62058    249.520    152.332    150.888     5.9514    33.1605  1026.8084    26.1068     5.9389     37.682   105.3593    -0.0591      7.792     2.6384     3.7705    114.831    117.829      24403          3  0.000e+00
   56.19150 -134.62058    249.649    152.462    151.016     5.9516    33.1603  1026.8088    26.1066     5.9390     37.634   105.3593    -0.0591      7.792     2.6350     3.7656    114.684    117.678      24404          3  0.000e+00
   56.19150 -134.62058    249.585    152.397    150.952     5.9514    33.1602  1026.8084    26.1065     5.9389     37.634   105.3593    -0.0591      7.792     2.6350     3.7657    114.685    117.679      24405          3  0.000e+00
   56.19150 -134.62058    249.649    152.462    151.016     5.9511    33.1599  1026.8086    26.1063     5.9386     37.636   105.3593    -0.0298      7.792     2.6351     3.7658    114.690    117.684      24406          3  0.000e+00
   56.19150 -134.62058    249.585    152.397    150.952     5.9506    33.1599  1026.8083    26.1064     5.9381     37.628   105.3593    -0.0298      7.792     2.6346     3.7652    114.669    117.663      24407          3  0.000e+00
   56.19150 -134.62058    249.649    152.462    151.016     5.9500    33.1595  1026.8084    26.1062     5.9374     37.622   105.3593    -0.0298      7.792     2.6342     3.7646    114.651    117.644      24408          3  0.000e+00
   56.19150 -134.62058    249.705    152.519    151.072     5.9492    33.1600  1026.8091    26.1066     5.9366     37.623   105.3593    -0.0298      7.792     2.6344     3.7648    114.658    117.651      24409          3  0.000e+00
   56.19150 -134.62058    249.649    152.462    151.016     5.9487    33.1597  1026.8087    26.1064     5.9361     37.616   105.3593    -0.0298      7.792     2.6339     3.7641    114.638    117.631      24410          3  0.000e+00
   56.19150 -134.62058    249.641    152.454    151.008     5.9481    33.1602  1026.8091    26.1069     5.9355     37.618   105.3593    -0.0298      7.792     2.6341     3.7644    114.645    117.638      24411          3  0.000e+00
   56.19150 -134.62058    249.641    152.454    151.008     5.9474    33.1600  1026.8091    26.1068     5.9349     37.620   105.3593    -0.0298      7.792     2.6343     3.7646    114.653    117.646      24412          3  0.000e+00
   56.19150 -134.62058    249.713    152.527    151.080     5.9463    33.1595  1026.8092    26.1066     5.9337     37.623   105.3593    -0.0298      7.792     2.6345     3.7650    114.665    117.659      24413          3  0.000e+00
   56.19150 -134.62058    249.705    152.519    151.072     5.9453    33.1594  1026.8091    26.1066     5.9328     37.626   105.3593    -0.0298      7.792     2.6348     3.7654    114.676    117.670      24414          3  0.000e+00
   56.19150 -134.62058    249.649    152.462    151.016     5.9442    33.1605  1026.8099    26.1077     5.9316     37.629   105.3313    -0.0298      7.792     2.6350     3.7657    114.687    117.681      24415          3  0.000e+00
   56.19150 -134.62058    249.641    152.454    151.008     5.9431    33.1615  1026.8108    26.1085     5.9306     37.632   105.3034    -0.0298      7.792     2.6353     3.7662    114.699    117.694      24416          3  0.000e+00
   56.19150 -134.62058    249.713    152.527    151.080     5.9438    33.1609  1026.8106    26.1080     5.9312     37.636   105.3034    -0.0298      7.792     2.6356     3.7665    114.710    117.705      24417          3  0.000e+00
   56.19150 -134.62058    249.641    152.454    151.008     5.9448    33.1613  1026.8104    26.1082     5.9323     37.631   105.3034    -0.0298      7.792     2.6352     3.7659    114.692    117.687      24418          3  0.000e+00
   56.19150 -134.62058    249.713    152.527    151.080     5.9469    33.1602  1026.8097    26.1071     5.9344     37.635   105.3034    -0.0298      7.792     2.6354     3.7662    114.700    117.695      24419          3  0.000e+00
   56.19150 -134.62058    249.641    152.454    151.008     5.9468    33.1601  1026.8092    26.1070     5.9342     37.639   105.3034    -0.0298      7.792     2.6356     3.7666    114.713    117.708      24420          3  0.000e+00
   56.19150 -134.62058    249.649    152.462    151.016     5.9463    33.1603  1026.8095    26.1072     5.9337     37.644   105.3034    -0.0298      7.792     2.6360     3.7671    114.729    117.724      24421          3  0.000e+00
   56.19150 -134.62058    249.641    152.454    151.008     5.9464    33.1601  1026.8093    26.1071     5.9339     37.641   105.3034    -0.0298      7.792     2.6358     3.7668    114.718    117.713      24422          3  0.000e+00
   56.19150 -134.62058    249.649    152.462    151.016     5.9464    33.1608  1026.8098    26.1076     5.9339     37.637   105.3034    -0.0298      7.792     2.6355     3.7664    114.708    117.702      24423          3  0.000e+00
   56.19150 -134.62058    249.641    152.454    151.008     5.9469    33.1607  1026.8097    26.1075     5.9344     37.634   105.3034    -0.0298      7.792     2.6353     3.7660    114.696    117.690      24424          3  0.000e+00
   56.19150 -134.62058    249.593    152.405    150.960     5.9466    33.1609  1026.8096    26.1076     5.9341     37.639   105.3034    -0.0298      7.792     2.6356     3.7665    114.711    117.706      24425          3  0.000e+00
   56.19150 -134.62058    249.641    152.454    151.008     5.9468    33.1602  1026.8093    26.1071     5.9342     37.644   105.3034    -0.0591      7.792     2.6360     3.7671    114.729    117.724      24426          3  0.000e+00
   56.19150 -134.62058    249.593    152.405    150.960     5.9463    33.1608  1026.8096    26.1076     5.9337     37.642   105.3034    -0.0591      7.792     2.6358     3.7668    114.721    117.716      24427          3  0.000e+00
   56.19150 -134.62058    249.520    152.332    150.888     5.9466    33.1608  1026.8092    26.1075     5.9341     37.647   105.3034    -0.0591      7.787     2.6362     3.7674    114.736    117.731      24428          3  0.000e+00
   56.19150 -134.62058    249.585    152.397    150.952     5.9469    33.1605  1026.8093    26.1073     5.9344     37.653   105.3034    -0.0591      7.792     2.6366     3.7680    114.755    117.751      24429          3  0.000e+00
   56.19150 -134.62058    249.536    152.349    150.904     5.9464    33.1608  1026.8094    26.1076     5.9339     37.651   105.3034    -0.0591      7.792     2.6365     3.7678    114.749    117.745      24430          3  0.000e+00
   56.19150 -134.62058    249.520    152.332    150.888     5.9465    33.1594  1026.8081    26.1065     5.9340     37.600   105.3034    -0.0591      7.792     2.6329     3.7627    114.595    117.586      24431          3  0.000e+00
   56.19150 -134.62058    249.472    152.284    150.840     5.9453    33.1595  1026.8081    26.1067     5.9328     37.656   105.3034    -0.0591      7.792     2.6369     3.7684    114.769    117.765      24432          3  0.000e+00
   56.19150 -134.62058    249.520    152.332    150.888     5.9447    33.1599  1026.8088    26.1071     5.9322     37.655   105.3034    -0.0591      7.792     2.6369     3.7684    114.768    117.764      24433          3  0.000e+00
   56.19150 -134.62058    249.472    152.284    150.840     5.9453    33.1601  1026.8086    26.1072     5.9328     37.654   105.3034    -0.0591      7.792     2.6368     3.7682    114.762    117.758      24434          3  0.000e+00
   56.19150 -134.62058    249.440    152.276    150.832     5.9456    33.1605  1026.8089    26.1075     5.9331     37.653   105.3034    -0.0591      7.792     2.6367     3.7681    114.758    117.754      24435          3  0.000e+00
   56.19150 -134.62058    249.416    152.227    150.784     5.9458    33.1601  1026.8083    26.1071     5.9333     37.652   105.3313    -0.0591      7.792     2.6366     3.7679    114.754    117.750      24436          3  0.000e+00
   56.19150 -134.62058    249.408    152.219    150.776     5.9450    33.1606  1026.8087    26.1076     5.9325     37.659   105.3313    -0.0591      7.792     2.6371     3.7687    114.778    117.775      24437          3  0.000e+00
   56.19150 -134.62058    249.352    152.162    150.720     5.9447    33.1604  1026.8084    26.1075     5.9322     37.658   105.3313    -0.0591      7.792     2.6371     3.7687    114.776    117.773      24438          3  0.000e+00
