EcoFOCI/data/1_SampleCollection/2022_GOA-OA_CruiseData/CTD_raw_BottleFile_RC0083/RC0083_016.ros
* Sea-Bird SBE 9 Data File:
* FileName = C:\Data\RC0083ctd\RC0083_016.hex
* Software Version Seasave V 7.26.7.107
* Temperature SN = 2060
* Conductivity SN = 1084
* Number of Bytes Per Scan = 31
* Number of Voltage Words = 4
* Number of Scans Averaged by the Deck Unit = 1
* NMEA Latitude = 56 10.79 N
* NMEA Longitude = 134 19.21 W
* NMEA UTC (Time) = Aug 13 2022  14:56:51
* NMEA baud rate = 4800
** Ship: R/V Rachel Carson
** Cruise ID: RC0083 RC0083
** Tech: McHugh/Nomura
** Chief Scientist: Cross Cross
** Station: CS1
** Cast:  016
# nquan = 21
# nvalues = 245                                   
# units = specified
# name 0 = latitude: Latitude [deg]
# name 1 = longitude: Longitude [deg]
# name 2 = sfdSM: Seafloor depth [salt water, m]
# name 3 = prDM: Pressure, Digiquartz [db]
# name 4 = depSM: Depth [salt water, m]
# name 5 = t090C: Temperature [ITS-90, deg C]
# name 6 = sal00: Salinity, Practical [PSU]
# name 7 = density00: Density [density, kg/m^3]
# name 8 = sigma-é00: Density [sigma-theta, kg/m^3]
# name 9 = potemp090C: Potential Temperature [ITS-90, deg C]
# name 10 = sbeox0PS: Oxygen, SBE 43 [% saturation]
# name 11 = CStarTr0: Beam Transmission, WET Labs C-Star [%]
# name 12 = flECO-AFL: Fluorescence, WET Labs ECO-AFL/FL [mg/m^3]
# name 13 = ph: pH
# name 14 = sbeox0ML/L: Oxygen, SBE 43 [ml/l]
# name 15 = sbeox0Mg/L: Oxygen, SBE 43 [mg/l]
# name 16 = sbox0Mm/Kg: Oxygen, SBE 43 [umol/kg]
# name 17 = sbeox0Mm/L: Oxygen, SBE 43 [umol/l]
# name 18 = scan: Scan Count
# name 19 = nbf: Bottles Fired
# name 20 = flag:  0.000e+00
# interval = seconds: 0.0416667
# start_time = Aug 13 2022 14:56:51 [NMEA time, header]
# bad_flag = -9.990e-29
*END*
[from data line 69]
   56.17992 -134.32160    110.205    100.819     99.875     7.6759    32.4224  1025.7585    25.2975     7.6664     57.802   100.2969     0.8200      7.907     3.9080     5.5850    170.227    174.534      12307          2  0.000e+00
   56.17992 -134.32160    110.342    100.908     99.964     7.6755    32.4226  1025.7591    25.2977     7.6660     57.799   100.2969     0.8200      7.907     3.9079     5.5848    170.221    174.527      12308          2  0.000e+00
   56.17992 -134.32160    110.230    100.819     99.875     7.6759    32.4217  1025.7580    25.2970     7.6664     57.852   100.2969     0.8200      7.907     3.9114     5.5898    170.374    174.684      12309          2  0.000e+00
   56.17992 -134.32160    110.197    100.786     99.843     7.6757    32.4219  1025.7580    25.2972     7.6662     57.856   100.2690     0.8200      7.907     3.9117     5.5902    170.387    174.697      12310          2  0.000e+00
   56.17992 -134.32160    110.269    100.884     99.940     7.6759    32.4223  1025.7587    25.2974     7.6664     57.805   100.2410     0.8200      7.907     3.9082     5.5852    170.235    174.541      12311          2  0.000e+00
   56.17992 -134.32160    110.262    100.851     99.907     7.6759    32.4225  1025.7587    25.2976     7.6664     57.809   100.2410     0.8200      7.907     3.9085     5.5857    170.248    174.555      12312          2  0.000e+00
   56.17992 -134.32160    110.230    100.819     99.875     7.6759    32.4223  1025.7584    25.2975     7.6664     57.807   100.2410     0.8200      7.907     3.9084     5.5855    170.242    174.548      12313          2  0.000e+00
   56.17992 -134.32160    110.237    100.851     99.907     7.6759    32.4220  1025.7584    25.2972     7.6664     57.805   100.2410     0.8200      7.907     3.9083     5.5853    170.237    174.544      12314          2  0.000e+00
   56.17992 -134.32160    110.205    100.819     99.875     7.6761    32.4221  1025.7582    25.2972     7.6667     57.803   100.2410     0.8200      7.907     3.9081     5.5851    170.231    174.538      12315          2  0.000e+00
   56.17992 -134.32160    110.237    100.851     99.907     7.6759    32.4225  1025.7587    25.2976     7.6664     57.803   100.2410     0.8200      7.907     3.9081     5.5850    170.229    174.535      12316          2  0.000e+00
   56.17992 -134.32160    110.109    100.697     99.755     7.6759    32.4222  1025.7578    25.2973     7.6665     57.856   100.2410     0.8200      7.907     3.9117     5.5903    170.388    174.698      12317          2  0.000e+00
   56.17992 -134.32160    120.362    100.964    100.020     7.6759    32.4225  1025.7593    25.2976     7.6664     57.865   100.2410     0.8493      7.907     3.9123     5.5911    170.412    174.723      12318          2  0.000e+00
   56.17992 -134.32160    132.264    100.851     99.907     7.6759    32.4226  1025.7588    25.2977     7.6664     57.814   100.2410     0.8200      7.907     3.9089     5.5862    170.264    174.571      12319          2  0.000e+00
   56.17992 -134.32160    135.138    100.819     99.875     7.6761    32.4222  1025.7583    25.2974     7.6667     57.814   100.2410     0.8200      7.907     3.9088     5.5861    170.261    174.568      12320          2  0.000e+00
   56.17992 -134.32160    134.787    100.908     99.964     7.6763    32.4221  1025.7586    25.2973     7.6668     57.814   100.2410     0.7907      7.907     3.9088     5.5861    170.261    174.568      12321          2  0.000e+00
   56.17992 -134.32160    134.186    100.819     99.875     7.6763    32.4224  1025.7585    25.2975     7.6668     57.813   100.2410     0.7614      7.907     3.9088     5.5860    170.259    174.566      12322          2  0.000e+00
   56.17992 -134.32160    133.663    100.908     99.964     7.6766    32.4217  1025.7582    25.2969     7.6671     57.814   100.2410     0.7321      7.907     3.9088     5.5861    170.261    174.568      12323          2  0.000e+00
   56.17992 -134.32160    133.346    100.884     99.940     7.6763    32.4219  1025.7583    25.2971     7.6668     57.815   100.2410     0.7321      7.907     3.9089     5.5862    170.264    174.571      12324          2  0.000e+00
   56.17992 -134.32160    133.290    100.851     99.907     7.6763    32.4217  1025.7580    25.2969     7.6668     57.815   100.2410     0.7321      7.907     3.9089     5.5863    170.266    174.573      12325          2  0.000e+00
   56.17992 -134.32160    133.402    100.940     99.996     7.6759    32.4222  1025.7589    25.2974     7.6664     57.817   100.2410     0.7321      7.907     3.9091     5.5865    170.272    174.580      12326          2  0.000e+00
   56.17992 -134.32160    133.395    100.908     99.964     7.6759    32.4224  1025.7589    25.2976     7.6664     57.818   100.2410     0.7321      7.907     3.9092     5.5866    170.276    174.583      12327          2  0.000e+00
   56.17992 -134.32160    133.371    100.884     99.940     7.6759    32.4225  1025.7589    25.2976     7.6664     57.820   100.2410     0.7614      7.907     3.9093     5.5867    170.280    174.588      12328          2  0.000e+00
   56.17992 -134.32160    133.395    100.908     99.964     7.6766    32.4218  1025.7584    25.2970     7.6671     57.822   100.2410     0.7321      7.907     3.9094     5.5869    170.285    174.593      12329          2  0.000e+00
   56.17992 -134.32160    133.427    100.940     99.996     7.6766    32.4218  1025.7585    25.2970     7.6671     57.825   100.2410     0.7321      7.907     3.9096     5.5872    170.293    174.601      12330          2  0.000e+00
   56.17992 -134.32160    133.451    100.964    100.020     7.6758    32.4224  1025.7592    25.2975     7.6663     57.820   100.2690     0.7321      7.907     3.9093     5.5868    170.282    174.590      12331          2  0.000e+00
   56.17992 -134.32160    133.451    100.940     99.996     7.6752    32.4225  1025.7593    25.2977     7.6657     57.815   100.2690     0.7321      7.907     3.9090     5.5864    170.269    174.577      12332          2  0.000e+00
   56.17992 -134.32160    133.597    100.964    100.020     7.6750    32.4227  1025.7595    25.2979     7.6655     57.811   100.2690     0.7321      7.907     3.9087     5.5859    170.256    174.563      12333          2  0.000e+00
   56.17992 -134.32160    133.622    100.940     99.996     7.6747    32.4231  1025.7598    25.2982     7.6652     57.806   100.2690     0.7321      7.907     3.9084     5.5855    170.242    174.549      12334          2  0.000e+00
   56.17992 -134.32160    133.710    101.029    100.084     7.6748    32.4229  1025.7600    25.2981     7.6653     57.802   100.2690     0.7321      7.907     3.9081     5.5851    170.230    174.536      12335          2  0.000e+00
   56.17976 -134.32192    135.205     50.469     50.003     7.9614    32.2215  1025.3292    25.0986     7.9566     62.312   101.3598     0.6442      7.944     4.1912     5.9897    182.598    187.181      15276          3  0.000e+00
   56.17976 -134.32192    135.205     50.469     50.003     7.9615    32.2217  1025.3294    25.0987     7.9567     62.308   101.3598     0.6442      7.944     4.1910     5.9893    182.587    187.170      15277          3  0.000e+00
   56.17976 -134.32192    135.149     50.413     49.947     7.9613    32.2222  1025.3295    25.0991     7.9564     62.367   101.3598     0.6442      7.944     4.1950     5.9950    182.761    187.348      15278          3  0.000e+00
   56.17976 -134.32192    135.205     50.469     50.003     7.9617    32.2219  1025.3295    25.0989     7.9569     62.372   101.3598     0.7028      7.944     4.1953     5.9954    182.773    187.360      15279          3  0.000e+00
   56.17976 -134.32192    135.149     50.413     49.947     7.9614    32.2221  1025.3294    25.0991     7.9566     62.376   101.3598     0.7614      7.944     4.1955     5.9958    182.784    187.372      15280          3  0.000e+00
   56.17976 -134.32192    135.205     50.469     50.003     7.9618    32.2217  1025.3293    25.0987     7.9569     62.380   101.3877     0.8200      7.944     4.1958     5.9962    182.797    187.385      15281          3  0.000e+00
   56.17976 -134.32192    135.269     50.534     50.067     7.9615    32.2218  1025.3298    25.0988     7.9567     62.385   101.3877     0.8200      7.944     4.1961     5.9967    182.811    187.400      15282          3  0.000e+00
   56.17976 -134.32192    135.205     50.469     50.003     7.9615    32.2221  1025.3296    25.0990     7.9567     62.388   101.3598     0.8200      7.944     4.1964     5.9970    182.821    187.410      15283          3  0.000e+00
   56.17976 -134.32192    135.205     50.469     50.003     7.9615    32.2221  1025.3297    25.0991     7.9567     62.393   101.3877     0.8200      7.944     4.1966     5.9974    182.833    187.422      15284          3  0.000e+00
   56.17976 -134.32192    129.204     50.526     50.059     7.9618    32.2215  1025.3294    25.0985     7.9569     62.397   101.3877     0.8200      7.944     4.1970     5.9979    182.847    187.436      15285          3  0.000e+00
   56.17976 -134.32192    107.894     50.534     50.067     7.9615    32.2215  1025.3295    25.0986     7.9567     62.401   101.3877     0.7907      7.944     4.1973     5.9983    182.860    187.449      15286          3  0.000e+00
   56.17976 -134.32192     99.583     50.526     50.059     7.9615    32.2218  1025.3297    25.0988     7.9567     62.405   101.3877     0.7907      7.944     4.1975     5.9987    182.872    187.461      15287          3  0.000e+00
   56.17976 -134.32192     99.347     50.534     50.067     7.9614    32.2220  1025.3299    25.0990     7.9566     62.410   101.3877     0.8200      7.944     4.1978     5.9991    182.884    187.474      15288          3  0.000e+00
   56.17976 -134.32192    100.242     50.526     50.059     7.9615    32.2218  1025.3297    25.0988     7.9567     62.414   101.3598     0.8200      7.944     4.1981     5.9995    182.896    187.486      15289          3  0.000e+00
   56.17976 -134.32192    100.624     50.590     50.123     7.9618    32.2212  1025.3295    25.0983     7.9569     62.418   101.3877     0.7907      7.944     4.1984     5.9999    182.909    187.500      15290          3  0.000e+00
   56.17976 -134.32192    100.680     50.647     50.179     7.9615    32.2221  1025.3304    25.0990     7.9567     62.423   101.3877     0.7907      7.944     4.1987     6.0004    182.922    187.514      15291          3  0.000e+00
   56.17976 -134.32192    100.479     50.469     50.003     7.9617    32.2219  1025.3295    25.0988     7.9569     62.426   101.3877     0.8200      7.944     4.1989     6.0006    182.930    187.521      15292          3  0.000e+00
   56.17976 -134.32192    100.575     50.590     50.123     7.9618    32.2218  1025.3300    25.0988     7.9569     62.431   101.3877     0.7907      7.944     4.1992     6.0011    182.945    187.536      15293          3  0.000e+00
   56.17976 -134.32192    100.575     50.590     50.123     7.9617    32.2218  1025.3299    25.0987     7.9568     62.435   101.3877     0.8200      7.944     4.1995     6.0015    182.957    187.549      15294          3  0.000e+00
   56.17976 -134.32192    100.631     50.647     50.179     7.9618    32.2218  1025.3302    25.0988     7.9569     62.432   101.3877     0.7907      7.944     4.1993     6.0012    182.949    187.540      15295          3  0.000e+00
   56.17976 -134.32192    100.575     50.590     50.123     7.9615    32.2221  1025.3302    25.0990     7.9567     62.428   101.3877     0.7907      7.944     4.1990     6.0008    182.937    187.529      15296          3  0.000e+00
   56.17976 -134.32192    100.631     50.647     50.179     7.9615    32.2216  1025.3301    25.0987     7.9567     62.425   101.3877     0.8200      7.944     4.1988     6.0005    182.928    187.519      15297          3  0.000e+00
   56.17976 -134.32192    100.631     50.647     50.179     7.9615    32.2217  1025.3302    25.0987     7.9567     62.420   101.3877     0.8200      7.944     4.1985     6.0001    182.916    187.507      15298          3  0.000e+00
   56.17976 -134.32192     96.577     50.647     50.179     7.9613    32.2222  1025.3306    25.0991     7.9565     62.416   101.3877     0.7907      7.944     4.1983     5.9997    182.903    187.494      15299          3  0.000e+00
   56.17976 -134.32192     87.215     50.712     50.243     7.9609    32.2228  1025.3314    25.0997     7.9561     62.412   101.3318     0.7907      7.944     4.1980     5.9994    182.892    187.483      15300          3  0.000e+00
   56.17976 -134.32192     84.025     50.647     50.179     7.9607    32.2227  1025.3311    25.0996     7.9559     62.406   101.2479     0.7614      7.944     4.1977     5.9989    182.877    187.467      15301          3  0.000e+00
   56.17976 -134.32192     84.163     50.712     50.243     7.9606    32.2229  1025.3315    25.0998     7.9557     62.409   101.2199     0.7614      7.944     4.1978     5.9991    182.885    187.475      15302          3  0.000e+00
   56.17976 -134.32192     84.610     50.768     50.299     7.9609    32.2224  1025.3313    25.0994     7.9561     62.404   101.2199     0.7907      7.944     4.1975     5.9986    182.870    187.460      15303          3  0.000e+00
   56.17976 -134.32192     84.676     50.712     50.243     7.9607    32.2227  1025.3314    25.0997     7.9558     62.398   101.2199     0.7907      7.944     4.1971     5.9981    182.852    187.442      15304          3  0.000e+00
   56.17976 -134.32192     84.643     50.704     50.235     7.9609    32.2226  1025.3312    25.0995     7.9561     62.392   101.2199     0.7614      7.944     4.1967     5.9975    182.834    187.423      15305          3  0.000e+00
   56.17976 -134.32192     84.707     50.768     50.299     7.9606    32.2229  1025.3318    25.0998     7.9557     62.394   101.2199     0.7907      7.944     4.1968     5.9977    182.840    187.430      15306          3  0.000e+00
   56.17976 -134.32192     84.643     50.704     50.235     7.9604    32.2231  1025.3317    25.1000     7.9556     62.395   101.2199     0.7614      7.944     4.1969     5.9977    182.843    187.432      15307          3  0.000e+00
   56.17976 -134.32192     84.707     50.768     50.299     7.9603    32.2229  1025.3318    25.0998     7.9555     62.396   101.2199     0.7614      7.944     4.1970     5.9979    182.848    187.438      15308          3  0.000e+00
   56.17976 -134.32192     84.707     50.768     50.299     7.9603    32.2229  1025.3318    25.0998     7.9554     62.397   101.2199     0.7614      7.944     4.1971     5.9980    182.852    187.442      15309          3  0.000e+00
   56.17976 -134.32192     84.771     50.833     50.363     7.9603    32.2233  1025.3324    25.1001     7.9554     62.399   101.2199     0.7907      7.944     4.1972     5.9982    182.856    187.446      15310          3  0.000e+00
   56.17976 -134.32192     84.707     50.768     50.299     7.9603    32.2232  1025.3320    25.1001     7.9555     62.400   101.2199     0.7614      7.944     4.1972     5.9983    182.858    187.448      15311          3  0.000e+00
   56.17976 -134.32192     84.707     50.768     50.299     7.9604    32.2230  1025.3319    25.0999     7.9556     62.401   101.2199     0.7614      7.944     4.1973     5.9984    182.862    187.451      15312          3  0.000e+00
   56.17976 -134.32192     84.763     50.825     50.355     7.9606    32.2227  1025.3319    25.0996     7.9557     62.403   101.2199     0.7614      7.944     4.1974     5.9985    182.866    187.456      15313          3  0.000e+00
   56.17976 -134.32192     84.771     50.833     50.363     7.9603    32.2229  1025.3321    25.0998     7.9554     62.404   101.2199     0.7614      7.944     4.1975     5.9987    182.871    187.461      15314          3  0.000e+00
