EcoFOCI/data/1_SampleCollection/2022_GOA-OA_CruiseData/CTD_raw_BottleFile_RC0083/RC0083_038.cnv
* Sea-Bird SBE 9 Data File:
* FileName = C:\Data\RC0083ctd\RC0083_038.hex
* Software Version Seasave V 7.26.7.107
* Temperature SN = 2060
* Conductivity SN = 1084
* Number of Bytes Per Scan = 31
* Number of Voltage Words = 4
* Number of Scans Averaged by the Deck Unit = 1
* NMEA Latitude = 58 13.26 N
* NMEA Longitude = 135 31.81 W
* NMEA UTC (Time) = Aug 18 2022  11:39:46
* NMEA baud rate = 4800
** Ship: R/V Rachel Carson
** Cruise ID: RC0083
** Tech: McHugh/Nomura
** Chief Scientist: Cross
** Station: ISA
** Cast:  CTD038
# nquan = 19
# nvalues = 15166                                 
# units = specified
# name 0 = latitude: Latitude [deg]
# name 1 = longitude: Longitude [deg]
# name 2 = sfdSM: Seafloor depth [salt water, m]
# name 3 = prDM: Pressure, Digiquartz [db]
# name 4 = depSM: Depth [salt water, m]
# name 5 = t090C: Temperature [ITS-90, deg C]
# name 6 = sal00: Salinity, Practical [PSU]
# name 7 = density00: Density [density, kg/m^3]
# name 8 = sigma-é00: Density [sigma-theta, kg/m^3]
# name 9 = potemp090C: Potential Temperature [ITS-90, deg C]
# name 10 = sbeox0PS: Oxygen, SBE 43 [% saturation]
# name 11 = CStarTr0: Beam Transmission, WET Labs C-Star [%]
# name 12 = flECO-AFL: Fluorescence, WET Labs ECO-AFL/FL [mg/m^3]
# name 13 = ph: pH
# name 14 = sbeox0ML/L: Oxygen, SBE 43 [ml/l]
# name 15 = sbeox0Mg/L: Oxygen, SBE 43 [mg/l]
# name 16 = sbox0Mm/Kg: Oxygen, SBE 43 [umol/kg]
# name 17 = sbeox0Mm/L: Oxygen, SBE 43 [umol/l]
# name 18 = flag:  0.000e+00
# span 0 =   58.22104,   58.22178                 
# span 1 = -135.53146, -135.53012                 
# span 2 =      3.208,    172.781                 
# span 3 =      2.907,     96.867                 
# span 4 =      2.880,     95.945                 
# span 5 =     6.2797,    10.9751                 
# span 6 =    26.0884,    32.0733                 
# span 7 =  1019.8658,  1025.6509                 
# span 8 =    19.8510,    25.2073                 
# span 9 =     6.2718,    10.9747                 
# span 10 =     43.034,     93.116                
# span 11 =    47.9670,    89.9764                
# span 12 =     0.0581,     2.8420                
# span 13 =      7.772,      8.198                
# span 14 =     3.0104,     6.1171                
# span 15 =     4.3021,     8.7419                
# span 16 =    131.142,    267.794                
# span 17 =    134.444,    273.188                
# span 18 = 0.0000e+00, 0.0000e+00                
# interval = seconds: 0.0416667
# start_time = Aug 18 2022 11:39:46 [NMEA time, header]
# bad_flag = -9.990e-29
*END*
[from data line 9981]
   58.22156 -135.53126    106.212     51.976     51.486     7.1725    31.0128  1024.4964    24.2575     7.1679     54.389    88.3821     0.2046      7.870     3.7545     5.3655    163.703    167.674  0.000e+00
   58.22156 -135.53126    106.244     51.984     51.494     7.1724    31.0130  1024.4967    24.2577     7.1678     54.447    88.3821     0.2046      7.870     3.7584     5.3712    163.876    167.851  0.000e+00
   58.22156 -135.53126    106.236     51.976     51.486     7.1720    31.0132  1024.4968    24.2579     7.1675     54.456    88.4101     0.2046      7.870     3.7591     5.3721    163.904    167.880  0.000e+00
   58.22156 -135.53126    106.300     52.040     51.551     7.1720    31.0131  1024.4971    24.2578     7.1675     54.409    88.4381     0.2046      7.870     3.7559     5.3675    163.764    167.737  0.000e+00
   58.22156 -135.53126    106.236     51.976     51.486     7.1721    31.0133  1024.4969    24.2579     7.1675     54.411    88.4381     0.2046      7.870     3.7559     5.3676    163.768    167.741  0.000e+00
   58.22156 -135.53126    106.244     51.984     51.494     7.1720    31.0132  1024.4969    24.2579     7.1675     54.413    88.4381     0.2046      7.870     3.7561     5.3679    163.775    167.748  0.000e+00
   58.22156 -135.53126    106.292     52.032     51.542     7.1722    31.0130  1024.4969    24.2577     7.1676     54.416    88.4381     0.2046      7.870     3.7563     5.3681    163.783    167.756  0.000e+00
   58.22156 -135.53126    106.244     51.984     51.494     7.1719    31.0134  1024.4971    24.2581     7.1673     54.418    88.4381     0.2046      7.870     3.7565     5.3684    163.791    167.764  0.000e+00
   58.22156 -135.53126    106.300     52.040     51.550     7.1718    31.0138  1024.4976    24.2584     7.1673     54.421    88.4381     0.2046      7.870     3.7567     5.3687    163.801    167.775  0.000e+00
   58.22156 -135.53126    106.236     51.976     51.486     7.1720    31.0131  1024.4967    24.2578     7.1675     54.480    88.4381     0.2046      7.870     3.7608     5.3745    163.978    167.956  0.000e+00
   58.22156 -135.53126    106.300     52.040     51.550     7.1717    31.0133  1024.4973    24.2580     7.1672     54.491    88.4381     0.2046      7.870     3.7616     5.3756    164.012    167.991  0.000e+00
   58.22156 -135.53126    106.236     51.975     51.486     7.1717    31.0138  1024.4973    24.2584     7.1672     54.502    88.4381     0.2046      7.870     3.7623     5.3766    164.043    168.022  0.000e+00
   58.22156 -135.53126    106.300     52.040     51.550     7.1716    31.0132  1024.4972    24.2580     7.1670     54.505    88.4381     0.2046      7.870     3.7625     5.3770    164.055    168.034  0.000e+00
   58.22156 -135.53126    106.292     52.032     51.542     7.1717    31.0137  1024.4975    24.2583     7.1672     54.516    88.4381     0.2046      7.870     3.7632     5.3780    164.085    168.065  0.000e+00
   58.22156 -135.53126    106.122     51.984     51.494     7.1714    31.0141  1024.4976    24.2586     7.1668     54.526    88.4381     0.2046      7.870     3.7639     5.3790    164.116    168.097  0.000e+00
   58.22156 -135.53126    105.975     52.032     51.542     7.1715    31.0136  1024.4975    24.2583     7.1670     54.536    88.4381     0.2046      7.870     3.7647     5.3801    164.148    168.130  0.000e+00
   58.22156 -135.53126    105.909     52.040     51.550     7.1716    31.0139  1024.4977    24.2585     7.1670     54.539    88.4381     0.2046      7.870     3.7649     5.3804    164.156    168.138  0.000e+00
   58.22156 -135.53126    105.901     52.032     51.542     7.1717    31.0135  1024.4974    24.2581     7.1672     54.542    88.4381     0.2339      7.870     3.7650     5.3806    164.163    168.146  0.000e+00
   58.22156 -135.53126    105.878     51.984     51.494     7.1719    31.0137  1024.4973    24.2583     7.1673     54.543    88.4381     0.2632      7.870     3.7651     5.3807    164.168    168.150  0.000e+00
   58.22156 -135.53126    105.975     52.032     51.542     7.1719    31.0138  1024.4976    24.2584     7.1673     54.553    88.4381     0.2632      7.870     3.7658     5.3817    164.197    168.181  0.000e+00
   58.22156 -135.53126    106.056     52.040     51.550     7.1717    31.0135  1024.4974    24.2582     7.1672     54.555    88.4381     0.2632      7.870     3.7660     5.3819    164.204    168.187  0.000e+00
   58.22156 -135.53126    106.072     52.032     51.542     7.1716    31.0141  1024.4979    24.2586     7.1670     54.557    88.4381     0.2632      7.870     3.7661     5.3821    164.208    168.192  0.000e+00
   58.22156 -135.53126    106.080     52.040     51.550     7.1715    31.0141  1024.4979    24.2587     7.1670     54.566    88.4101     0.2632      7.870     3.7667     5.3830    164.236    168.220  0.000e+00
   58.22156 -135.53126    106.072     52.032     51.542     7.1715    31.0143  1024.4980    24.2588     7.1670     54.574    88.3821     0.2632      7.870     3.7673     5.3838    164.262    168.247  0.000e+00
   58.22156 -135.53126    106.080     52.040     51.550     7.1715    31.0146  1024.4983    24.2590     7.1670     54.583    88.3821     0.2632      7.870     3.7679     5.3847    164.289    168.274  0.000e+00
   58.22156 -135.53126    106.072     52.032     51.542     7.1718    31.0142  1024.4979    24.2587     7.1673     54.585    88.3821     0.2632      7.870     3.7680     5.3848    164.291    168.277  0.000e+00
   58.22156 -135.53126    106.080     52.040     51.550     7.1715    31.0141  1024.4979    24.2587     7.1670     54.586    88.3821     0.2632      7.870     3.7681     5.3849    164.296    168.281  0.000e+00
   58.22156 -135.53126    106.072     52.032     51.542     7.1715    31.0149  1024.4985    24.2593     7.1670     54.586    88.3821     0.2632      7.870     3.7681     5.3850    164.296    168.282  0.000e+00
   58.22156 -135.53126    106.080     52.040     51.550     7.1715    31.0144  1024.4981    24.2589     7.1670     54.586    88.3821     0.2632      7.870     3.7681     5.3850    164.298    168.284  0.000e+00
   58.22156 -135.53126    106.080     52.040     51.550     7.1715    31.0144  1024.4981    24.2589     7.1669     54.586    88.3821     0.2632      7.870     3.7681     5.3850    164.298    168.284  0.000e+00
   58.22156 -135.53126    106.072     52.032     51.542     7.1715    31.0146  1024.4983    24.2590     7.1670     54.586    88.3821     0.2632      7.870     3.7681     5.3850    164.297    168.282  0.000e+00
   58.22156 -135.53126    106.080     52.040     51.550     7.1714    31.0148  1024.4984    24.2592     7.1668     54.586    88.3821     0.2632      7.870     3.7680     5.3849    164.295    168.281  0.000e+00
   58.22156 -135.53126    106.136     52.097     51.606     7.1715    31.0148  1024.4987    24.2592     7.1670     54.585    88.3821     0.2632      7.870     3.7680     5.3848    164.293    168.279  0.000e+00
   58.22156 -135.53126    106.080     52.040     51.550     7.1713    31.0145  1024.4983    24.2590     7.1668     54.583    88.3821     0.2632      7.870     3.7679     5.3847    164.290    168.275  0.000e+00
   58.22156 -135.53126    106.072     52.032     51.542     7.1715    31.0145  1024.4982    24.2590     7.1670     54.582    88.3821     0.2632      7.870     3.7678     5.3845    164.284    168.269  0.000e+00
   58.22156 -135.53126    106.080     52.040     51.550     7.1715    31.0145  1024.4982    24.2589     7.1670     54.580    88.3821     0.2632      7.870     3.7677     5.3844    164.279    168.264  0.000e+00
   58.22156 -135.53126    106.136     52.097     51.606     7.1715    31.0145  1024.4985    24.2590     7.1670     54.578    88.3821     0.2632      7.870     3.7675     5.3842    164.273    168.258  0.000e+00
   58.22156 -135.53126    106.080     52.040     51.550     7.1718    31.0142  1024.4979    24.2587     7.1673     54.575    88.3821     0.2339      7.870     3.7673     5.3839    164.264    168.249  0.000e+00
   58.22156 -135.53126    106.072     52.032     51.542     7.1715    31.0146  1024.4983    24.2590     7.1670     54.573    88.3821     0.2046      7.870     3.7671     5.3836    164.256    168.241  0.000e+00
   58.22156 -135.53126    106.136     52.097     51.606     7.1719    31.0139  1024.4980    24.2584     7.1673     54.570    88.3821     0.2046      7.870     3.7670     5.3833    164.248    168.232  0.000e+00
   58.22156 -135.53126    106.072     52.032     51.542     7.1719    31.0138  1024.4976    24.2584     7.1673     54.574    88.3821     0.2046      7.870     3.7672     5.3837    164.259    168.244  0.000e+00
   58.22156 -135.53126    106.136     52.097     51.606     7.1717    31.0141  1024.4981    24.2586     7.1672     54.579    88.3821     0.2046      7.870     3.7676     5.3842    164.274    168.259  0.000e+00
   58.22156 -135.53126    106.072     52.032     51.542     7.1715    31.0142  1024.4980    24.2587     7.1669     54.575    88.3821     0.2046      7.870     3.7673     5.3839    164.263    168.248  0.000e+00
   58.22156 -135.53126    106.136     52.097     51.606     7.1717    31.0137  1024.4978    24.2583     7.1672     54.572    88.3821     0.2046      7.870     3.7671     5.3835    164.253    168.238  0.000e+00
   58.22156 -135.53126    106.072     52.032     51.542     7.1715    31.0143  1024.4980    24.2588     7.1670     54.567    88.4101     0.2046      7.870     3.7668     5.3831    164.240    168.224  0.000e+00
   58.22156 -135.53126    106.136     52.097     51.606     7.1714    31.0139  1024.4980    24.2585     7.1668     54.563    88.4101     0.1753      7.870     3.7665     5.3828    164.229    168.213  0.000e+00
   58.22156 -135.53126    106.072     52.032     51.542     7.1718    31.0135  1024.4974    24.2582     7.1673     54.558    88.4101     0.2046      7.870     3.7662     5.3822    164.213    168.196  0.000e+00
   58.22156 -135.53126    106.080     52.040     51.550     7.1715    31.0138  1024.4977    24.2584     7.1670     54.553    88.4101     0.2046      7.870     3.7658     5.3818    164.199    168.182  0.000e+00
   58.22156 -135.53126    106.136     52.097     51.606     7.1719    31.0139  1024.4979    24.2584     7.1673     54.548    88.4101     0.2046      7.870     3.7655     5.3812    164.183    168.166  0.000e+00
   58.22156 -135.53126    106.136     52.097     51.606     7.1720    31.0135  1024.4976    24.2581     7.1675     54.543    88.4101     0.2046      7.870     3.7651     5.3807    164.166    168.149  0.000e+00
   58.22156 -135.53124    106.136     52.096     51.606     7.1718    31.0136  1024.4977    24.2582     7.1672     54.545    88.4101     0.2046      7.870     3.7652     5.3809    164.173    168.155  0.000e+00
   58.22156 -135.53124    106.072     52.032     51.542     7.1719    31.0131  1024.4971    24.2578     7.1673     54.546    88.4101     0.2046      7.870     3.7653     5.3810    164.177    168.160  0.000e+00
   58.22156 -135.53124    106.136     52.096     51.606     7.1719    31.0131  1024.4974    24.2578     7.1673     54.541    88.4101     0.2046      7.870     3.7650     5.3805    164.161    168.143  0.000e+00
   58.22156 -135.53124    106.072     52.032     51.542     7.1717    31.0131  1024.4971    24.2579     7.1672     54.534    88.4101     0.2046      7.870     3.7645     5.3799    164.142    168.123  0.000e+00
   58.22156 -135.53124    106.136     52.096     51.606     7.1718    31.0132  1024.4974    24.2579     7.1672     54.472    88.4101     0.2046      7.870     3.7602     5.3738    163.955    167.933  0.000e+00
   58.22156 -135.53124    106.136     52.096     51.606     7.1715    31.0135  1024.4977    24.2582     7.1670     54.459    88.4101     0.2046      7.870     3.7593     5.3724    163.915    167.891  0.000e+00
   58.22156 -135.53124    106.080     52.040     51.550     7.1719    31.0133  1024.4972    24.2579     7.1673     54.444    88.4101     0.2046      7.870     3.7583     5.3710    163.871    167.846  0.000e+00
   58.22156 -135.53124    106.136     52.096     51.606     7.1720    31.0129  1024.4971    24.2576     7.1675     54.431    88.4101     0.2046      7.870     3.7574     5.3697    163.830    167.804  0.000e+00
   58.22156 -135.53124    106.136     52.096     51.606     7.1718    31.0130  1024.4973    24.2577     7.1672     54.481    88.4101     0.2046      7.870     3.7608     5.3746    163.981    167.958  0.000e+00
   58.22156 -135.53124    106.136     52.096     51.606     7.1717    31.0133  1024.4975    24.2580     7.1672     54.482    88.4101     0.2046      7.870     3.7609     5.3747    163.984    167.962  0.000e+00
   58.22156 -135.53124    106.080     52.040     51.550     7.1719    31.0135  1024.4974    24.2581     7.1673     54.483    88.4101     0.2046      7.870     3.7609     5.3748    163.986    167.964  0.000e+00
   58.22156 -135.53124    106.192     52.153     51.662     7.1722    31.0128  1024.4973    24.2575     7.1676     54.429    88.4101     0.2046      7.870     3.7572     5.3694    163.824    167.798  0.000e+00
   58.22156 -135.53124    106.080     52.040     51.550     7.1724    31.0129  1024.4969    24.2576     7.1678     54.478    88.3821     0.2046      7.870     3.7606     5.3743    163.971    167.948  0.000e+00
   58.22156 -135.53124    106.136     52.096     51.606     7.1722    31.0131  1024.4973    24.2578     7.1677     54.480    88.4101     0.2046      7.870     3.7607     5.3745    163.977    167.954  0.000e+00
   58.22156 -135.53124    106.136     52.096     51.606     7.1724    31.0135  1024.4976    24.2580     7.1678     54.482    88.4101     0.2046      7.870     3.7608     5.3746    163.980    167.958  0.000e+00
   58.22156 -135.53124    106.136     52.096     51.606     7.1724    31.0134  1024.4975    24.2580     7.1678     54.483    88.4101     0.2046      7.870     3.7609     5.3747    163.985    167.963  0.000e+00
   58.22156 -135.53124    106.136     52.096     51.606     7.1727    31.0131  1024.4972    24.2577     7.1681     54.485    88.4101     0.2046      7.870     3.7610     5.3749    163.989    167.967  0.000e+00
   58.22156 -135.53124    106.136     52.096     51.606     7.1726    31.0129  1024.4971    24.2576     7.1680     54.430    88.4101     0.2046      7.870     3.7573     5.3695    163.826    167.800  0.000e+00
   58.22156 -135.53124    106.136     52.096     51.606     7.1725    31.0127  1024.4969    24.2574     7.1680     54.481    88.4101     0.2046      7.870     3.7608     5.3745    163.978    167.956  0.000e+00
   58.22156 -135.53124    106.136     52.096     51.606     7.1727    31.0125  1024.4968    24.2573     7.1681     54.482    88.4101     0.2046      7.870     3.7609     5.3747    163.983    167.961  0.000e+00
   58.22156 -135.53124    106.136     52.096     51.606     7.1724    31.0130  1024.4972    24.2577     7.1678     54.484    88.4101     0.2046      7.870     3.7610     5.3749    163.989    167.967  0.000e+00
   58.22156 -135.53124    106.136     52.096     51.606     7.1725    31.0128  1024.4970    24.2575     7.1679     54.486    88.4101     0.2046      7.870     3.7611     5.3751    163.995    167.973  0.000e+00
   58.22156 -135.53124    106.216     52.153     51.662     7.1722    31.0131  1024.4976    24.2578     7.1676     54.488    88.4101     0.2046      7.870     3.7613     5.3753    164.002    167.981  0.000e+00
   58.22156 -135.53124    106.185     52.096     51.606     7.1722    31.0128  1024.4971    24.2575     7.1676     54.490    88.4101     0.2046      7.870     3.7614     5.3755    164.007    167.985  0.000e+00
   58.22156 -135.53124    106.185     52.096     51.606     7.1724    31.0123  1024.4966    24.2571     7.1678     54.492    88.4101     0.2046      7.870     3.7615     5.3756    164.012    167.991  0.000e+00
   58.22156 -135.53124    106.249     52.161     51.670     7.1725    31.0126  1024.4971    24.2573     7.1679     54.494    88.4101     0.2046      7.870     3.7617     5.3758    164.019    167.997  0.000e+00
