EcoFOCI/data/1_SampleCollection/2022_GOA-OA_CruiseData/CTD_raw_BottleFile_RC0083/RC0083_100.cnv
* Sea-Bird SBE 9 Data File:
* FileName = C:\Data\RC0083ctd\RC0083_100.hex
* Software Version Seasave V 7.26.7.107
* Temperature SN = 2060
* Conductivity SN = 2881
* Number of Bytes Per Scan = 31
* Number of Voltage Words = 4
* Number of Scans Averaged by the Deck Unit = 1
* NMEA Latitude = 56 27.95 N
* NMEA Longitude = 132 41.97 W
* NMEA UTC (Time) = Aug 22 2022  23:55:31
* NMEA baud rate = 4800
** Ship: R/V Rachel Carson
** Cruise ID: RC0083
** Tech: McHugh/Nomura
** Chief Scientist: Cross
** Station: WI6
** Cast:  CTD100
# nquan = 19
# nvalues = 9447                                  
# units = specified
# name 0 = latitude: Latitude [deg]
# name 1 = longitude: Longitude [deg]
# name 2 = sfdSM: Seafloor depth [salt water, m]
# name 3 = prDM: Pressure, Digiquartz [db]
# name 4 = depSM: Depth [salt water, m]
# name 5 = t090C: Temperature [ITS-90, deg C]
# name 6 = sal00: Salinity, Practical [PSU]
# name 7 = density00: Density [density, kg/m^3]
# name 8 = sigma-é00: Density [sigma-theta, kg/m^3]
# name 9 = potemp090C: Potential Temperature [ITS-90, deg C]
# name 10 = sbeox0PS: Oxygen, SBE 43 [% saturation]
# name 11 = CStarTr0: Beam Transmission, WET Labs C-Star [%]
# name 12 = flECO-AFL: Fluorescence, WET Labs ECO-AFL/FL [mg/m^3]
# name 13 = ph: pH
# name 14 = sbeox0ML/L: Oxygen, SBE 43 [ml/l]
# name 15 = sbeox0Mg/L: Oxygen, SBE 43 [mg/l]
# name 16 = sbox0Mm/Kg: Oxygen, SBE 43 [umol/kg]
# name 17 = sbeox0Mm/L: Oxygen, SBE 43 [umol/l]
# name 18 = flag:  0.000e+00
# span 0 =   56.46564,   56.46580                 
# span 1 = -132.70008, -132.69936                 
# span 2 =      1.964,    147.271                 
# span 3 =      1.861,    134.885                 
# span 4 =      1.844,    133.608                 
# span 5 =     6.6098,    13.1595                 
# span 6 =     7.0250,    32.5682                 
# span 7 =  1004.8015,  1026.1746                 
# span 8 =     4.7926,    25.5563                 
# span 9 =     6.5982,    13.1593                 
# span 10 =     33.637,    106.029                
# span 11 =     7.2161,    91.5147                
# span 12 =     0.0581,    10.3145                
# span 13 =      7.704,      8.479                
# span 14 =     2.3282,     7.3732                
# span 15 =     3.3273,    10.5371                
# span 16 =    101.388,    326.582                
# span 17 =    103.978,    329.287                
# span 18 = 0.0000e+00, 0.0000e+00                
# interval = seconds: 0.0416667
# start_time = Aug 22 2022 23:55:31 [NMEA time, header]
# bad_flag = -9.990e-29
*END*
[from data line 458]
   56.46576 -132.69938      8.984      8.796      8.716    10.7610    28.6904  1021.9473    21.9074    10.7601     66.034    74.2019     5.3914      8.044     4.2703     6.1027    186.624    190.712  0.000e+00
   56.46576 -132.69938      8.692      8.772      8.692    10.7806    28.6862  1021.9407    21.9009    10.7796     66.114    74.2019     5.3914      8.044     4.2738     6.1077    186.777    190.867  0.000e+00
   56.46576 -132.69938      9.092      8.708      8.628    10.7932    28.6826  1021.9355    21.8960    10.7922     66.144    74.2019     5.3914      8.044     4.2746     6.1089    186.814    190.905  0.000e+00
   56.46576 -132.69938      9.612      8.740      8.660    10.8174    28.6710  1021.9226    21.8830    10.8164     66.277    74.2019     5.3914      8.044     4.2813     6.1184    187.108    191.202  0.000e+00
   56.46576 -132.69938      9.573      8.651      8.572    10.8390    28.6598  1021.9099    21.8707    10.8381     66.308    74.2019     5.3914      8.044     4.2816     6.1188    187.123    191.215  0.000e+00
   56.46576 -132.69938      9.524      8.651      8.572    10.8343    28.6660  1021.9155    21.8763    10.8334     66.335    74.2019     5.9482      8.048     4.2836     6.1217    187.211    191.307  0.000e+00
   56.46576 -132.69938      9.380      8.530      8.452    10.8319    28.6771  1021.9240    21.8853    10.8310     66.415    74.2019     7.1790      8.048     4.2887     6.1290    187.431    191.533  0.000e+00
   56.46576 -132.69938      9.468      8.619      8.540    10.8465    28.6864  1021.9292    21.8901    10.8456     66.443    74.1739     7.6185      8.048     4.2889     6.1292    187.438    191.541  0.000e+00
   56.46576 -132.69938      9.380      8.530      8.452    10.8665    28.6902  1021.9284    21.8898    10.8656     66.466    74.0341     7.6478      8.048     4.2884     6.1286    187.419    191.522  0.000e+00
   56.46576 -132.69938      9.404      8.530      8.452    10.8960    28.6792  1021.9150    21.8763    10.8950     66.543    74.0061     7.5892      8.048     4.2909     6.1321    187.530    191.632  0.000e+00
   56.46576 -132.69938      9.372      8.498      8.420    10.9144    28.6744  1021.9080    21.8695    10.9134     66.623    73.9781     7.5892      8.053     4.2945     6.1373    187.688    191.793  0.000e+00
   56.46576 -132.69938      9.324      8.473      8.396    10.9865    28.6416  1021.8703    21.8319    10.9855     66.700    74.0061     7.5599      8.053     4.2937     6.1361    187.658    191.755  0.000e+00
   56.46576 -132.69938      9.324      8.473      8.396    11.1262    28.5753  1021.7953    21.7569    11.1253     66.772    74.0061     7.5599      8.052     4.2871     6.1267    187.386    191.463  0.000e+00
   56.46576 -132.69938      9.325      8.377      8.300    11.2289    28.5386  1021.7489    21.7110    11.2280     66.849    73.9781     7.5599      8.052     4.2836     6.1217    187.241    191.306  0.000e+00
   56.46576 -132.69938      9.463      8.417      8.340    11.3172    28.5006  1021.7045    21.6664    11.3162     66.931    74.0061     7.5599      8.051     4.2818     6.1191    187.168    191.223  0.000e+00
   56.46576 -132.69938      9.488      8.417      8.340    11.4028    28.4545  1021.6541    21.6160    11.4018     66.960    74.0061     7.5892      8.056     4.2770     6.1122    186.968    191.010  0.000e+00
   56.46576 -132.69938      9.423      8.377      8.300    11.4708    28.4196  1021.6150    21.5771    11.4699     67.042    74.0061     7.5892      8.056     4.2769     6.1121    186.972    191.007  0.000e+00
   56.46576 -132.69938      9.343      8.296      8.220    11.4985    28.4117  1021.6037    21.5662    11.4976     67.130    74.0061     7.5599      8.055     4.2802     6.1168    187.117    191.153  0.000e+00
   56.46576 -132.69938      9.465      8.296      8.220    11.5478    28.3871  1021.5761    21.5386    11.5468     67.217    74.0061     7.5599      8.055     4.2819     6.1192    187.197    191.229  0.000e+00
   56.46576 -132.69938      9.474      8.231      8.156    11.5714    28.3818  1021.5677    21.5305    11.5704     67.308    74.0061     7.5599      8.060     4.2857     6.1246    187.363    191.397  0.000e+00
   56.46576 -132.69938      9.507      8.264      8.188    11.5855    28.3762  1021.5610    21.5237    11.5846     67.402    74.0061     7.5599      8.060     4.2905     6.1315    187.576    191.613  0.000e+00
   56.46576 -132.69938      9.475      8.231      8.156    11.6050    28.3651  1021.5488    21.5116    11.6041     67.495    74.0061     7.5892      8.060     4.2949     6.1379    187.773    191.812  0.000e+00
   56.46576 -132.69938      9.418      8.175      8.100    11.6176    28.3615  1021.5436    21.5067    11.6167     67.645    74.0061     7.5599      8.060     4.3034     6.1500    188.142    192.189  0.000e+00
   56.46576 -132.69938      9.386      8.142      8.068    11.6282    28.3634  1021.5431    21.5063    11.6273     67.740    73.9781     7.5892      8.060     4.3084     6.1571    188.362    192.413  0.000e+00
   56.46576 -132.69938      9.419      8.175      8.100    11.6321    28.3694  1021.5472    21.5103    11.6311     67.836    74.0061     7.5599      8.064     4.3140     6.1651    188.606    192.663  0.000e+00
   56.46576 -132.69938      9.362      8.118      8.044    11.6369    28.3689  1021.5457    21.5090    11.6360     67.986    74.0061     7.7943      8.064     4.3231     6.1781    189.003    193.068  0.000e+00
   56.46576 -132.69938      9.330      8.086      8.012    11.6535    28.3541  1021.5313    21.4947    11.6526     68.088    73.9781     9.2302      8.064     4.3285     6.1858    189.242    193.309  0.000e+00
   56.46576 -132.69938      9.298      8.054      7.980    11.6717    28.3372  1021.5148    21.4784    11.6707     68.190    74.2298     9.9628      8.069     4.3337     6.1933    189.474    193.544  0.000e+00
   56.46576 -132.69938      9.194      7.997      7.924    11.6969    28.3183  1021.4955    21.4594    11.6959     68.289    77.6700    10.0508      8.069     4.3382     6.1997    189.674    193.744  0.000e+00
   56.46576 -132.69938      9.193      8.021      7.948    11.7266    28.2998  1021.4761    21.4399    11.7256     68.442    79.5999     9.9921      8.069     4.3457     6.2104    190.003    194.077  0.000e+00
   56.46576 -132.69938      9.169      7.997      7.924    11.7556    28.2909  1021.4640    21.4279    11.7546     68.598    79.8236     9.9628      8.069     4.3531     6.2210    190.330    194.409  0.000e+00
   56.46576 -132.69938      9.113      7.941      7.868    11.7691    28.2942  1021.4639    21.4280    11.7682     68.758    79.6558     9.9628      8.069     4.3619     6.2336    190.716    194.803  0.000e+00
   56.46576 -132.69938      9.042      7.844      7.772    11.7821    28.2923  1021.4598    21.4243    11.7812     68.921    79.5999     9.9628      8.073     4.3711     6.2467    191.117    195.211  0.000e+00
   56.46576 -132.69938      9.194      7.997      7.924    11.7975    28.2893  1021.4554    21.4193    11.7965     69.087    79.5719     9.9628      8.073     4.3802     6.2598    191.519    195.621  0.000e+00
   56.46576 -132.69938      9.074      7.876      7.804    11.8118    28.2898  1021.4527    21.4172    11.8108     69.198    79.5999     9.9628      8.073     4.3859     6.2679    191.768    195.875  0.000e+00
   56.46576 -132.69938      9.074      7.876      7.804    11.8240    28.2896  1021.4504    21.4149    11.8231     69.361    79.5999     9.9628      8.073     4.3951     6.2811    192.171    196.287  0.000e+00
   56.46576 -132.69938      9.042      7.844      7.772    11.8311    28.2841  1021.4448    21.4094    11.8302     69.476    79.5999     9.9628      8.078     4.4019     6.2908    192.469    196.590  0.000e+00
   56.46576 -132.69938      9.042      7.819      7.748    11.8366    28.2762  1021.4376    21.4023    11.8357     69.697    79.5999     9.9628      8.078     4.4156     6.3104    193.070    197.202  0.000e+00
   56.46576 -132.69938      8.946      7.698      7.628    11.8423    28.2673  1021.4291    21.3944    11.8414     69.873    79.5999     9.9628      8.078     4.4265     6.3259    193.546    197.687  0.000e+00
   56.46576 -132.69938      8.970      7.723      7.652    11.8434    28.2571  1021.4211    21.3863    11.8425     70.106    79.5999     9.9628      8.078     4.4414     6.3472    194.201    198.354  0.000e+00
   56.46576 -132.69938      8.946      7.698      7.628    11.8421    28.2445  1021.4115    21.3767    11.8412     70.234    79.5999     9.9628      8.083     4.4500     6.3595    194.579    198.738  0.000e+00
   56.46576 -132.69938      8.946      7.698      7.628    11.8399    28.2365  1021.4057    21.3709    11.8390     70.472    79.5999     9.9628      8.083     4.4655     6.3816    195.256    199.429  0.000e+00
   56.46576 -132.69938      8.875      7.601      7.532    11.8395    28.2352  1021.4043    21.3700    11.8386     70.657    79.5999     9.9628      8.083     4.4773     6.3986    195.774    199.958  0.000e+00
   56.46576 -132.69938      8.939      7.642      7.572    11.8407    28.2405  1021.4084    21.3739    11.8398     70.897    79.5999     9.9628      8.083     4.4922     6.4199    196.425    200.623  0.000e+00
   56.46576 -132.69938      8.875      7.577      7.508    11.8444    28.2477  1021.4130    21.3788    11.8435     71.083    79.5999     9.9628      8.087     4.5035     6.4359    196.916    201.126  0.000e+00
   56.46576 -132.69938      8.843      7.545      7.476    11.8459    28.2511  1021.4152    21.3812    11.8450     71.218    79.5999     9.9628      8.087     4.5118     6.4478    197.279    201.497  0.000e+00
   56.46576 -132.69938      8.819      7.521      7.452    11.8461    28.2493  1021.4137    21.3798    11.8452     71.456    79.5999     8.3804      8.087     4.5269     6.4694    197.939    202.171  0.000e+00
   56.46576 -132.69938      8.795      7.521      7.452    11.8457    28.2458  1021.4110    21.3771    11.8448     71.695    79.5999     7.1497      8.087     4.5422     6.4912    198.608    202.854  0.000e+00
   56.46576 -132.69938      8.738      7.488      7.420    11.8439    28.2438  1021.4096    21.3758    11.8431     71.941    81.3899     6.8566      8.087     4.5580     6.5138    199.300    203.560  0.000e+00
   56.46576 -132.69938      8.650      7.400      7.332    11.8426    28.2432  1021.4090    21.3756    11.8417     72.133    82.8723     6.9152      8.092     4.5703     6.5314    199.837    204.108  0.000e+00
   56.46576 -132.69938      8.650      7.400      7.332    11.8449    28.2415  1021.4073    21.3739    11.8441     72.379    83.1519     6.9738      8.092     4.5857     6.5535    200.513    204.799  0.000e+00
   56.46576 -132.69938      8.699      7.424      7.356    11.8488    28.2383  1021.4043    21.3708    11.8479     72.571    83.0680     6.9738      8.092     4.5976     6.5704    201.033    205.329  0.000e+00
   56.46576 -132.69938      8.643      7.343      7.276    11.8541    28.2338  1021.3995    21.3664    11.8532     72.822    83.0121     6.9738      8.097     4.6131     6.5925    201.710    206.020  0.000e+00
   56.46576 -132.69938      8.579      7.278      7.212    11.8545    28.2325  1021.3981    21.3653    11.8536     73.072    82.9841     6.9738      8.097     4.6290     6.6152    202.405    206.729  0.000e+00
   56.46576 -132.69938      8.611      7.311      7.244    11.8545    28.2302  1021.3965    21.3635    11.8536     73.323    82.9841     6.9738      8.097     4.6449     6.6380    203.102    207.441  0.000e+00
   56.46576 -132.69938      8.579      7.278      7.212    11.8534    28.2294  1021.3959    21.3630    11.8525     73.577    83.0121     6.9738      8.097     4.6611     6.6612    203.811    208.165  0.000e+00
   56.46576 -132.69938      8.589      7.165      7.100    11.8519    28.2303  1021.3964    21.3640    11.8510     73.827    83.0121     6.9738      8.101     4.6771     6.6840    204.510    208.879  0.000e+00
   56.46576 -132.69938      8.914      7.246      7.180    11.8496    28.2332  1021.3994    21.3667    11.8487     74.077    83.0121     6.9738      8.101     4.6931     6.7069    205.208    209.593  0.000e+00
   56.46576 -132.69938      8.907      7.165      7.100    11.8544    28.2328  1021.3979    21.3655    11.8535     74.325    83.0121     6.9738      8.101     4.7083     6.7287    205.875    210.273  0.000e+00
   56.46576 -132.69938      8.882      7.165      7.100    11.8640    28.2279  1021.3924    21.3600    11.8632     74.574    83.0121     6.9738      8.106     4.7232     6.7500    206.529    210.940  0.000e+00
   56.46576 -132.69938      8.906      7.190      7.124    11.8705    28.2252  1021.3893    21.3568    11.8696     74.824    83.0121     6.9738      8.106     4.7385     6.7719    207.198    211.623  0.000e+00
   56.46576 -132.69938      8.689      7.044      6.980    11.8740    28.2245  1021.3874    21.3556    11.8732     75.074    82.9841     6.9738      8.106     4.7540     6.7940    207.876    212.316  0.000e+00
   56.46576 -132.69938      8.672      7.101      7.036    11.8685    28.2276  1021.3910    21.3590    11.8677     75.329    83.0121     6.9738      8.111     4.7706     6.8177    208.601    213.057  0.000e+00
   56.46576 -132.69938      8.559      7.012      6.948    11.8618    28.2302  1021.3938    21.3622    11.8609     75.582    82.9841     6.9738      8.111     4.7873     6.8415    209.328    213.800  0.000e+00
   56.46576 -132.69938      8.591      7.044      6.980    11.8566    28.2325  1021.3967    21.3649    11.8557     75.830    83.0121     6.9738      8.111     4.8034     6.8646    210.035    214.522  0.000e+00
   56.46576 -132.69938      8.527      6.980      6.916    11.8525    28.2351  1021.3991    21.3676    11.8517     76.130    83.0121     6.9738      8.116     4.8228     6.8922    210.879    215.385  0.000e+00
   56.46576 -132.69938      8.740      6.947      6.884    11.8517    28.2360  1021.3998    21.3685    11.8509     76.432    83.0121     6.6808      8.116     4.8420     6.9197    211.718    216.242  0.000e+00
   56.46576 -132.69938      8.967      6.980      6.916    11.8522    28.2368  1021.4005    21.3689    11.8514     76.737    83.0121     6.2998      8.120     4.8612     6.9471    212.559    217.101  0.000e+00
   56.46576 -132.69938      8.879      6.867      6.804    11.8545    28.2363  1021.3992    21.3682    11.8537     77.041    83.7952     6.1826      8.120     4.8802     6.9744    213.392    217.952  0.000e+00
   56.46576 -132.69938      8.935      6.947      6.884    11.8651    28.2303  1021.3930    21.3617    11.8643     77.346    84.9140     6.2119      8.125     4.8986     7.0006    214.197    218.772  0.000e+00
   56.46576 -132.69938      8.879      6.867      6.804    11.8761    28.2238  1021.3857    21.3547    11.8753     77.594    85.1937     6.2119      8.125     4.9134     7.0218    214.845    219.433  0.000e+00
   56.46576 -132.69938      9.011      6.802      6.740    11.8821    28.2213  1021.3824    21.3517    11.8813     77.899    85.1657     6.2119      8.130     4.9322     7.0486    215.666    220.271  0.000e+00
   56.46576 -132.69938      9.165      6.834      6.772    11.8821    28.2235  1021.3842    21.3534    11.8813     78.207    85.1098     6.2119      8.130     4.9516     7.0763    216.514    221.138  0.000e+00
   56.46576 -132.69938      9.133      6.802      6.740    11.8819    28.2229  1021.3837    21.3530    11.8811     78.458    85.0818     6.2119      8.134     4.9675     7.0991    217.212    221.850  0.000e+00
   56.46576 -132.69938      8.837      6.503      6.444    11.9306    28.1657  1021.3294    21.3000    11.9299     78.689    85.0818     6.2119      8.134     4.9787     7.1151    217.713    222.351  0.000e+00
