EcoFOCI/data/1_SampleCollection/2022_GOA-OA_CruiseData/CTD_raw_BottleFile_RC0083/RC0083_055.ros
* Sea-Bird SBE 9 Data File:
* FileName = C:\Data\RC0083ctd\RC0083_055.hex
* Software Version Seasave V 7.26.7.107
* Temperature SN = 2060
* Conductivity SN = 1084
* Number of Bytes Per Scan = 31
* Number of Voltage Words = 4
* Number of Scans Averaged by the Deck Unit = 1
* NMEA Latitude = 59 01.96 N
* NMEA Longitude = 137 01.04 W
* NMEA UTC (Time) = Aug 20 2022  03:19:15
* NMEA baud rate = 4800
** Ship: R/V Rachel Carson
** Cruise ID: RC0083
** Tech: McHugh/Nomura
** Chief Scientist: Cross
** Station: GB12
** Cast:  CTD055
# nquan = 21
# nvalues = 294                                   
# units = specified
# name 0 = latitude: Latitude [deg]
# name 1 = longitude: Longitude [deg]
# name 2 = sfdSM: Seafloor depth [salt water, m]
# name 3 = prDM: Pressure, Digiquartz [db]
# name 4 = depSM: Depth [salt water, m]
# name 5 = t090C: Temperature [ITS-90, deg C]
# name 6 = sal00: Salinity, Practical [PSU]
# name 7 = density00: Density [density, kg/m^3]
# name 8 = sigma-é00: Density [sigma-theta, kg/m^3]
# name 9 = potemp090C: Potential Temperature [ITS-90, deg C]
# name 10 = sbeox0PS: Oxygen, SBE 43 [% saturation]
# name 11 = CStarTr0: Beam Transmission, WET Labs C-Star [%]
# name 12 = flECO-AFL: Fluorescence, WET Labs ECO-AFL/FL [mg/m^3]
# name 13 = ph: pH
# name 14 = sbeox0ML/L: Oxygen, SBE 43 [ml/l]
# name 15 = sbeox0Mg/L: Oxygen, SBE 43 [mg/l]
# name 16 = sbox0Mm/Kg: Oxygen, SBE 43 [umol/kg]
# name 17 = sbeox0Mm/L: Oxygen, SBE 43 [umol/l]
# name 18 = scan: Scan Count
# name 19 = nbf: Bottles Fired
# name 20 = flag:  0.000e+00
# interval = seconds: 0.0416667
# start_time = Aug 20 2022 03:19:15 [NMEA time, header]
# bad_flag = -9.990e-29
*END*
[from data line 276]
   59.03140 -137.01512    101.443      2.837      2.810     5.1351    21.0156  1016.6120    16.5986     5.1349     92.462    47.2957     0.0581      8.220     7.1576    10.2289    314.439    319.658      23563          6  0.000e+00
   59.03140 -137.01512    101.467      2.861      2.834     5.1359    21.0221  1016.6171    16.6036     5.1357     92.439    47.2677     0.0581      8.220     7.1554    10.2257    314.339    319.558      23564          6  0.000e+00
   59.03140 -137.01512    101.443      2.837      2.811     5.1367    21.0285  1016.6220    16.6086     5.1365     92.412    47.3516     0.0581      8.220     7.1528    10.2221    314.227    319.446      23565          6  0.000e+00
   59.03140 -137.01512    101.403      2.797      2.771     5.1378    21.0345  1016.6265    16.6133     5.1376     92.381    47.3796     0.0581      8.220     7.1500    10.2181    314.101    319.319      23566          6  0.000e+00
   59.03140 -137.01512    101.499      2.894      2.867     5.1389    21.0403  1016.6314    16.6177     5.1387     92.358    47.3796     0.0581      8.220     7.1477    10.2148    313.998    319.216      23567          6  0.000e+00
   59.03140 -137.01512    101.443      2.837      2.811     5.1402    21.0457  1016.6353    16.6219     5.1400     92.329    47.3796     0.0581      8.220     7.1450    10.2109    313.877    319.094      23568          6  0.000e+00
   59.03140 -137.01512    101.467      2.861      2.835     5.1425    21.0503  1016.6389    16.6253     5.1424     92.298    47.3796     0.0581      8.220     7.1419    10.2065    313.743    318.959      23569          6  0.000e+00
   59.03140 -137.01512    101.443      2.837      2.811     5.1456    21.0546  1016.6419    16.6285     5.1455     92.271    47.3796     0.0581      8.220     7.1391    10.2026    313.619    318.834      23570          6  0.000e+00
   59.03140 -137.01512    101.467      2.861      2.835     5.1496    21.0576  1016.6441    16.6305     5.1495     92.242    47.3796     0.0581      8.220     7.1361    10.1982    313.483    318.697      23571          6  0.000e+00
   59.03140 -137.01512    101.443      2.837      2.811     5.1542    21.0602  1016.6456    16.6322     5.1541     92.210    47.3796     0.0581      8.220     7.1326    10.1933    313.333    318.544      23572          6  0.000e+00
   59.03140 -137.01512    101.467      2.861      2.835     5.1589    21.0618  1016.6466    16.6331     5.1587     92.184    47.3796     0.0581      8.220     7.1298    10.1891    313.205    318.415      23573          6  0.000e+00
   59.03140 -137.01512    101.443      2.837      2.811     5.1632    21.0625  1016.6467    16.6333     5.1631     92.155    47.3796     0.0581      8.220     7.1267    10.1848    313.072    318.279      23574          6  0.000e+00
   59.03140 -137.01512    101.467      2.861      2.835     5.1665    21.0633  1016.6472    16.6337     5.1664     92.133    47.3796     0.0581      8.220     7.1244    10.1815    312.970    318.176      23575          6  0.000e+00
   59.03140 -137.01512    101.443      2.837      2.811     5.1684    21.0644  1016.6478    16.6344     5.1683     92.109    47.3796     0.0581      8.220     7.1222    10.1783    312.871    318.076      23576          6  0.000e+00
   59.03140 -137.01512    101.467      2.862      2.835     5.1688    21.0661  1016.6492    16.6357     5.1686     92.084    47.3796     0.0581      8.220     7.1201    10.1753    312.779    317.983      23577          6  0.000e+00
   59.03140 -137.01512    101.443      2.837      2.811     5.1687    21.0674  1016.6502    16.6368     5.1685     92.065    47.3796     0.0581      8.220     7.1186    10.1731    312.712    317.915      23578          6  0.000e+00
   59.03140 -137.01512    101.467      2.862      2.835     5.1675    21.0692  1016.6518    16.6382     5.1673     92.045    47.3796     0.0581      8.220     7.1171    10.1711    312.649    317.851      23579          6  0.000e+00
   59.03140 -137.01512    101.443      2.837      2.811     5.1661    21.0707  1016.6530    16.6396     5.1659     92.023    47.3796     0.0581      8.220     7.1156    10.1689    312.581    317.782      23580          6  0.000e+00
