EcoFOCI/data/1_SampleCollection/2022_GOA-OA_CruiseData/CTD_raw_BottleFile_RC0083/RC0083_048.cnv
* Sea-Bird SBE 9 Data File:
* FileName = C:\Data\RC0083ctd\RC0083_048.hex
* Software Version Seasave V 7.26.7.107
* Temperature SN = 2060
* Conductivity SN = 1084
* Number of Bytes Per Scan = 31
* Number of Voltage Words = 4
* Number of Scans Averaged by the Deck Unit = 1
* NMEA Latitude = 58 10.30 N
* NMEA Longitude = 137 13.34 W
* NMEA UTC (Time) = Aug 19 2022  07:25:00
* NMEA baud rate = 4800
** Ship: R/V Rachel Carson
** Cruise ID: RC0083
** Tech: McHugh/Nomura
** Chief Scientist: Cross
** Station: SEM10
** Cast:  CTD048
# nquan = 19
# nvalues = 13290                                 
# units = specified
# name 0 = latitude: Latitude [deg]
# name 1 = longitude: Longitude [deg]
# name 2 = sfdSM: Seafloor depth [salt water, m]
# name 3 = prDM: Pressure, Digiquartz [db]
# name 4 = depSM: Depth [salt water, m]
# name 5 = t090C: Temperature [ITS-90, deg C]
# name 6 = sal00: Salinity, Practical [PSU]
# name 7 = density00: Density [density, kg/m^3]
# name 8 = sigma-é00: Density [sigma-theta, kg/m^3]
# name 9 = potemp090C: Potential Temperature [ITS-90, deg C]
# name 10 = sbeox0PS: Oxygen, SBE 43 [% saturation]
# name 11 = CStarTr0: Beam Transmission, WET Labs C-Star [%]
# name 12 = flECO-AFL: Fluorescence, WET Labs ECO-AFL/FL [mg/m^3]
# name 13 = ph: pH
# name 14 = sbeox0ML/L: Oxygen, SBE 43 [ml/l]
# name 15 = sbeox0Mg/L: Oxygen, SBE 43 [mg/l]
# name 16 = sbox0Mm/Kg: Oxygen, SBE 43 [umol/kg]
# name 17 = sbeox0Mm/L: Oxygen, SBE 43 [umol/l]
# name 18 = flag:  0.000e+00
# span 0 =   58.17160,   58.17256                 
# span 1 = -137.22380, -137.22232                 
# span 2 =      3.561,    128.979                 
# span 3 =      2.117,    115.361                 
# span 4 =      2.097,    114.258                 
# span 5 =     6.4477,    14.5465                 
# span 6 =    31.0769,    32.7787                 
# span 7 =  1023.0630,  1026.2721                 
# span 8 =    23.0527,    25.7427                 
# span 9 =     6.4379,    14.5452                 
# span 10 =     59.535,    103.109                
# span 11 =    94.9828,   106.6179                
# span 12 =    -0.1177,     2.5782                
# span 13 =      7.882,      8.302                
# span 14 =     4.1306,     6.1583                
# span 15 =     5.9030,     8.8009                
# span 16 =    179.842,    268.211                
# span 17 =    184.471,    275.031                
# span 18 = 0.0000e+00, 0.0000e+00                
# interval = seconds: 0.0416667
# start_time = Aug 19 2022 07:25:00 [NMEA time, header]
# bad_flag = -9.990e-29
*END*
[from data line 8381]
   58.17228 -137.22302    122.960     61.365     60.786     7.5102    32.3155  1025.5171    25.2361     7.5046     82.880   105.9467    -0.0005      8.023     5.6287     8.0440    245.191    251.378  0.000e+00
   58.17228 -137.22302    122.784     61.187     60.610     7.5183    32.3132  1025.5134    25.2332     7.5126     82.874   105.9467    -0.0005      8.023     5.6274     8.0421    245.134    251.320  0.000e+00
   58.17228 -137.22300    122.663     61.066     60.490     7.5246    32.3115  1025.5106    25.2310     7.5189     82.871   105.9467    -0.0005      8.023     5.6264     8.0407    245.092    251.276  0.000e+00
   58.17228 -137.22300    122.834     61.066     60.490     7.5284    32.3095  1025.5085    25.2289     7.5228     82.878   105.8907    -0.0005      8.023     5.6264     8.0408    245.094    251.277  0.000e+00
   58.17228 -137.22300    123.052     61.187     60.610     7.5306    32.3087  1025.5081    25.2279     7.5250     82.887   105.8628    -0.0005      8.023     5.6268     8.0413    245.111    251.294  0.000e+00
   58.17228 -137.22300    122.900     61.009     60.434     7.5323    32.3090  1025.5073    25.2280     7.5267     82.887   105.8628    -0.0005      8.022     5.6266     8.0410    245.101    251.284  0.000e+00
   58.17228 -137.22300    122.692     60.823     60.250     7.5351    32.3087  1025.5058    25.2274     7.5294     82.887   105.8628    -0.0005      8.022     5.6263     8.0405    245.088    251.271  0.000e+00
   58.17228 -137.22300    122.836     60.944     60.370     7.5368    32.3083  1025.5058    25.2268     7.5311     82.892   105.8628    -0.0005      8.022     5.6264     8.0407    245.094    251.277  0.000e+00
   58.17228 -137.22300    122.951     60.888     60.314     7.5382    32.3080  1025.5052    25.2264     7.5325     82.841   105.8628    -0.0005      8.022     5.6228     8.0355    244.933    251.112  0.000e+00
   58.17228 -137.22300    123.025     60.888     60.314     7.5391    32.3081  1025.5051    25.2263     7.5334     82.847   105.8628    -0.0005      8.022     5.6231     8.0359    244.947    251.126  0.000e+00
   58.17228 -137.22300    122.960     60.823     60.250     7.5391    32.3075  1025.5043    25.2258     7.5334     82.847   105.8628    -0.0005      8.022     5.6231     8.0359    244.947    251.126  0.000e+00
   58.17228 -137.22300    123.089     60.953     60.378     7.5396    32.3075  1025.5048    25.2258     7.5339     82.794   105.8628    -0.0005      8.022     5.6194     8.0307    244.787    250.962  0.000e+00
   58.17228 -137.22300    122.760     60.645     60.074     7.5420    32.3074  1025.5030    25.2254     7.5364     82.786   105.8628    -0.0005      8.022     5.6186     8.0295    244.751    250.925  0.000e+00
   58.17228 -137.22300    122.824     60.710     60.138     7.5443    32.3064  1025.5022    25.2242     7.5387     82.728   105.8628    -0.0005      8.022     5.6144     8.0235    244.568    250.737  0.000e+00
   58.17228 -137.22300    122.848     60.710     60.138     7.5447    32.3060  1025.5018    25.2239     7.5391     82.719   105.8628    -0.0005      8.022     5.6138     8.0226    244.542    250.711  0.000e+00
   58.17228 -137.22300    122.912     60.775     60.202     7.5444    32.3057  1025.5020    25.2237     7.5388     82.658   105.8628    -0.0005      8.022     5.6096     8.0167    244.363    250.527  0.000e+00
   58.17228 -137.22300    122.672     60.532     59.962     7.5443    32.3058  1025.5009    25.2238     7.5387     82.644   105.8628    -0.0005      8.022     5.6087     8.0154    244.322    250.485  0.000e+00
   58.17228 -137.22300    122.858     60.645     60.074     7.5441    32.3058  1025.5014    25.2238     7.5385     82.636   105.8628    -0.0005      8.018     5.6082     8.0147    244.299    250.462  0.000e+00
   58.17228 -137.22300    122.972     60.589     60.018     7.5420    32.3057  1025.5014    25.2240     7.5364     82.573   105.8628    -0.0005      8.018     5.6042     8.0089    244.124    250.282  0.000e+00
   58.17228 -137.22300    123.077     60.645     60.074     7.5391    32.3064  1025.5026    25.2250     7.5335     82.562   105.8628    -0.0005      8.018     5.6038     8.0083    244.107    250.264  0.000e+00
   58.17228 -137.22300    122.845     60.411     59.841     7.5374    32.3082  1025.5032    25.2266     7.5318     82.487   105.8628    -0.0005      8.018     5.5988     8.0013    243.891    250.043  0.000e+00
   58.17228 -137.22300    122.965     60.532     59.962     7.5378    32.3082  1025.5037    25.2265     7.5322     82.410   105.8628    -0.0005      8.018     5.5936     7.9938    243.662    249.809  0.000e+00
   58.17228 -137.22300    123.119     60.589     60.018     7.5395    32.3071  1025.5028    25.2254     7.5339     82.384   105.8628    -0.0005      8.018     5.5916     7.9910    243.577    249.722  0.000e+00
   58.17228 -137.22300    123.001     60.346     59.777     7.5411    32.3078  1025.5021    25.2258     7.5355     82.302   105.8068    -0.0005      8.018     5.5858     7.9827    243.324    249.462  0.000e+00
   58.17228 -137.22300    123.089     60.411     59.841     7.5458    32.3070  1025.5011    25.2245     7.5402     82.218   105.7509    -0.0005      8.018     5.5795     7.9737    243.051    249.182  0.000e+00
   58.17228 -137.22300    123.185     60.532     59.962     7.5509    32.3063  1025.5003    25.2232     7.5453     82.131   105.7509    -0.0005      8.018     5.5730     7.9644    242.767    248.890  0.000e+00
   58.17228 -137.22300    122.945     60.290     59.721     7.5541    32.3055  1025.4981    25.2221     7.5485     82.092   105.7509    -0.0005      8.018     5.5700     7.9601    242.637    248.757  0.000e+00
   58.17228 -137.22300    123.001     60.346     59.777     7.5564    32.3041  1025.4970    25.2208     7.5508     82.005   105.7789    -0.0005      8.018     5.5638     7.9513    242.368    248.481  0.000e+00
   58.17228 -137.22300    123.065     60.411     59.841     7.5571    32.3039  1025.4971    25.2205     7.5515     81.907   105.7509    -0.0005      8.018     5.5571     7.9417    242.075    248.180  0.000e+00
   58.17228 -137.22300    122.825     60.168     59.601     7.5568    32.3046  1025.4965    25.2211     7.5513     81.802   105.7509    -0.0005      8.018     5.5500     7.9316    241.767    247.865  0.000e+00
   58.17228 -137.22300    122.945     60.290     59.721     7.5579    32.3043  1025.4967    25.2207     7.5523     81.699   105.7509    -0.0005      8.018     5.5429     7.9213    241.455    247.545  0.000e+00
   58.17228 -137.22300    122.969     60.290     59.721     7.5588    32.3037  1025.4961    25.2201     7.5532     81.591   105.7509    -0.0005      8.018     5.5355     7.9108    241.133    247.214  0.000e+00
   58.17228 -137.22300    123.060     60.233     59.665     7.5592    32.3037  1025.4958    25.2200     7.5537     81.480   105.7789    -0.0005      8.018     5.5279     7.8999    240.804    246.877  0.000e+00
   58.17228 -137.22300    123.044     60.168     59.601     7.5592    32.3032  1025.4951    25.2197     7.5537     81.360   105.7509    -0.0005      8.018     5.5198     7.8883    240.449    246.513  0.000e+00
   58.17228 -137.22300    123.069     60.168     59.601     7.5588    32.3032  1025.4952    25.2197     7.5532     81.246   105.7509    -0.0005      8.018     5.5121     7.8773    240.114    246.170  0.000e+00
   58.17228 -137.22300    123.052     60.176     59.609     7.5599    32.3027  1025.4946    25.2192     7.5544     81.067   105.7509    -0.0005      8.018     5.4998     7.8598    239.580    245.622  0.000e+00
   58.17228 -137.22300    123.037     60.112     59.545     7.5600    32.3022  1025.4940    25.2188     7.5544     80.990   105.7509    -0.0005      8.018     5.4946     7.8524    239.354    245.390  0.000e+00
   58.17228 -137.22300    123.159     60.112     59.545     7.5583    32.3024  1025.4943    25.2191     7.5527     80.865   105.7789    -0.0005      8.018     5.4863     7.8405    238.992    245.019  0.000e+00
   58.17228 -137.22300    123.208     60.112     59.545     7.5554    32.3040  1025.4960    25.2208     7.5499     80.683   105.7509    -0.0005      8.018     5.4743     7.8233    238.467    244.481  0.000e+00
   58.17228 -137.22300    123.177     60.055     59.489     7.5540    32.3037  1025.4957    25.2207     7.5485     80.604   105.7509     0.0288      8.018     5.4691     7.8159    238.242    244.251  0.000e+00
   58.17228 -137.22300    123.088     59.990     59.425     7.5528    32.3041  1025.4959    25.2213     7.5473     80.421   105.7509     0.0288      8.018     5.4568     7.7983    237.706    243.701  0.000e+00
   58.17228 -137.22300    123.201     60.055     59.489     7.5546    32.3038  1025.4957    25.2208     7.5490     80.287   105.7509     0.0288      8.018     5.4475     7.7851    237.302    243.287  0.000e+00
   58.17228 -137.22300    123.323     60.055     59.489     7.5575    32.3027  1025.4944    25.2195     7.5519     80.153   105.7509     0.0288      8.018     5.4381     7.7716    236.893    242.867  0.000e+00
   58.17228 -137.22300    123.163     59.869     59.305     7.5567    32.3041  1025.4948    25.2207     7.5512     79.963   105.7509     0.0288      8.018     5.4253     7.7533    236.333    242.293  0.000e+00
   58.17228 -137.22300    123.227     59.934     59.369     7.5568    32.3057  1025.4963    25.2219     7.5513     79.825   105.7789     0.0288      8.018     5.4159     7.7398    235.922    241.873  0.000e+00
   58.17228 -137.22300    123.171     59.877     59.313     7.5615    32.3053  1025.4951    25.2210     7.5559     79.688   105.7789     0.0288      8.018     5.4060     7.7257    235.492    241.431  0.000e+00
   58.17228 -137.22300    123.283     59.990     59.425     7.5702    32.3026  1025.4923    25.2176     7.5647     79.554   105.7789     0.0288      8.018     5.3959     7.7113    235.054    240.982  0.000e+00
   58.17228 -137.22300    123.051     59.756     59.193     7.5777    32.2997  1025.4879    25.2143     7.5722     79.419   105.7789     0.0288      8.018     5.3860     7.6971    234.621    240.537  0.000e+00
   58.17228 -137.22300    123.051     59.756     59.193     7.5801    32.2979  1025.4861    25.2126     7.5745     79.234   105.7789     0.0288      8.018     5.3732     7.6788    234.065    239.967  0.000e+00
   58.17228 -137.22300    123.227     59.934     59.369     7.5767    32.2988  1025.4881    25.2137     7.5712     79.103   105.7789     0.0288      8.018     5.3647     7.6667    233.694    239.586  0.000e+00
   58.17228 -137.22300    122.931     59.635     59.073     7.5738    32.3001  1025.4881    25.2151     7.5683     78.971   105.7789     0.0288      8.018     5.3560     7.6543    233.317    239.200  0.000e+00
   58.17228 -137.22300    122.889     59.691     59.129     7.5769    32.2986  1025.4868    25.2136     7.5713     78.790   105.7789     0.0288      8.018     5.3434     7.6363    232.769    238.638  0.000e+00
   58.17228 -137.22300    122.936     59.813     59.249     7.5772    32.2996  1025.4881    25.2143     7.5717     78.663   105.7789     0.0288      8.018     5.3347     7.6239    232.389    238.249  0.000e+00
   58.17228 -137.22300    122.640     59.513     58.953     7.5798    32.2991  1025.4860    25.2136     7.5742     78.536   105.7789     0.0288      8.018     5.3259     7.6112    232.003    237.853  0.000e+00
   58.17228 -137.22300    122.760     59.635     59.073     7.5819    32.2980  1025.4854    25.2124     7.5763     78.419   105.7789     0.0288      8.018     5.3177     7.5995    231.648    237.488  0.000e+00
   58.17228 -137.22300    122.849     59.699     59.137     7.5830    32.2977  1025.4853    25.2121     7.5774     78.307   105.7789     0.0288      8.018     5.3100     7.5885    231.311    237.142  0.000e+00
   58.17228 -137.22300    122.779     59.457     58.897     7.5870    32.2969  1025.4829    25.2108     7.5815     78.142   105.7789     0.0288      8.018     5.2983     7.5718    230.803    236.622  0.000e+00
   58.17228 -137.22300    122.933     59.513     58.953     7.5919    32.2942  1025.4804    25.2080     7.5863     78.026   105.7789     0.0288      8.017     5.2900     7.5599    230.442    236.251  0.000e+00
   58.17228 -137.22300    123.053     59.635     59.073     7.5917    32.2936  1025.4806    25.2076     7.5861     77.863   105.7789    -0.0005      8.017     5.2789     7.5441    229.960    235.757  0.000e+00
   58.17228 -137.22300    122.701     59.279     58.720     7.5883    32.2950  1025.4805    25.2091     7.5828     77.694   105.7789    -0.0005      8.018     5.2679     7.5283    229.478    235.262  0.000e+00
   58.17228 -137.22300    122.901     59.457     58.897     7.5856    32.2964  1025.4828    25.2106     7.5801     77.635   105.7789    -0.0005      8.018     5.2641     7.5229    229.314    235.095  0.000e+00
   58.17228 -137.22300    123.033     59.392     58.832     7.5843    32.2973  1025.4834    25.2115     7.5787     77.476   105.7789    -0.0005      8.018     5.2535     7.5078    228.851    234.621  0.000e+00
   58.17228 -137.22300    123.146     59.457     58.897     7.5837    32.2981  1025.4844    25.2122     7.5782     77.368   105.7789    -0.0005      8.018     5.2462     7.4973    228.532    234.293  0.000e+00
   58.17228 -137.22300    122.905     59.214     58.656     7.5888    32.2971  1025.4818    25.2107     7.5833     77.264   105.7789    -0.0005      8.018     5.2385     7.4864    228.200    233.953  0.000e+00
   58.17228 -137.22300    122.969     59.279     58.720     7.6011    32.2936  1025.4776    25.2063     7.5956     77.163   105.8068    -0.0005      8.017     5.2304     7.4748    227.846    233.590  0.000e+00
   58.17228 -137.22300    123.090     59.400     58.840     7.6119    32.2908  1025.4744    25.2025     7.6064     77.072   105.8068    -0.0005      8.017     5.2230     7.4642    227.525    233.259  0.000e+00
   58.17228 -137.22300    122.969     59.279     58.720     7.6189    32.2899  1025.4722    25.2009     7.6134     76.931   105.8068    -0.0005      8.017     5.2126     7.4494    227.074    232.797  0.000e+00
   58.17228 -137.22300    122.729     59.036     58.480     7.6246    32.2887  1025.4693    25.1991     7.6190     76.839   105.8068    -0.0005      8.017     5.2058     7.4396    226.775    232.490  0.000e+00
   58.17228 -137.22300    122.905     59.214     58.656     7.6297    32.2873  1025.4683    25.1973     7.6242     76.759   105.7789    -0.0005      8.017     5.1998     7.4311    226.517    232.225  0.000e+00
   58.17228 -137.22300    122.849     59.158     58.600     7.6337    32.2863  1025.4667    25.1960     7.6282     76.680   105.8068    -0.0005      8.017     5.1940     7.4228    226.263    231.964  0.000e+00
   58.17228 -137.22300    122.785     59.093     58.536     7.6379    32.2837  1025.4638    25.1933     7.6324     76.546   105.7789    -0.0005      8.017     5.1846     7.4092    225.852    231.542  0.000e+00
   58.17228 -137.22300    122.849     59.158     58.600     7.6395    32.2830  1025.4633    25.1926     7.6340     76.472   105.7789    -0.0005      8.017     5.1794     7.4018    225.626    231.311  0.000e+00
   58.17228 -137.22300    122.729     59.036     58.480     7.6378    32.2846  1025.4643    25.1941     7.6323     76.399   105.8068    -0.0005      8.017     5.1745     7.3949    225.415    231.094  0.000e+00
   58.17228 -137.22302    122.729     59.036     58.480     7.6367    32.2862  1025.4657    25.1955     7.6312     76.273   105.8068    -0.0005      8.017     5.1661     7.3829    225.048    230.718  0.000e+00
   58.17228 -137.22302    122.673     58.980     58.424     7.6378    32.2859  1025.4650    25.1951     7.6323     76.198   105.7789    -0.0005      8.017     5.1609     7.3754    224.821    230.485  0.000e+00
   58.17228 -137.22302    122.724     58.859     58.304     7.6404    32.2843  1025.4628    25.1934     7.6349     76.132   105.8068    -0.0005      8.017     5.1562     7.3687    224.617    230.276  0.000e+00
