EcoFOCI/data/1_SampleCollection/2022_GOA-OA_CruiseData/CTD_raw_BottleFile_RC0083/RC0083_101.cnv
* Sea-Bird SBE 9 Data File:
* FileName = C:\Data\RC0083ctd\RC0083_101.hex
* Software Version Seasave V 7.26.7.107
* Temperature SN = 2060
* Conductivity SN = 2881
* Number of Bytes Per Scan = 31
* Number of Voltage Words = 4
* Number of Scans Averaged by the Deck Unit = 1
* NMEA Latitude = 56 26.63 N
* NMEA Longitude = 132 38.70 W
* NMEA UTC (Time) = Aug 23 2022  00:22:48
* NMEA baud rate = 4800
** Ship: R/V Rachel Carson
** Cruise ID: RC0083
** Tech: McHugh/Nomura
** Chief Scientist: Cross
** Station: WI5
** Cast:  CTD101
# nquan = 19
# nvalues = 9124                                  
# units = specified
# name 0 = latitude: Latitude [deg]
# name 1 = longitude: Longitude [deg]
# name 2 = sfdSM: Seafloor depth [salt water, m]
# name 3 = prDM: Pressure, Digiquartz [db]
# name 4 = depSM: Depth [salt water, m]
# name 5 = t090C: Temperature [ITS-90, deg C]
# name 6 = sal00: Salinity, Practical [PSU]
# name 7 = density00: Density [density, kg/m^3]
# name 8 = sigma-é00: Density [sigma-theta, kg/m^3]
# name 9 = potemp090C: Potential Temperature [ITS-90, deg C]
# name 10 = sbeox0PS: Oxygen, SBE 43 [% saturation]
# name 11 = CStarTr0: Beam Transmission, WET Labs C-Star [%]
# name 12 = flECO-AFL: Fluorescence, WET Labs ECO-AFL/FL [mg/m^3]
# name 13 = ph: pH
# name 14 = sbeox0ML/L: Oxygen, SBE 43 [ml/l]
# name 15 = sbeox0Mg/L: Oxygen, SBE 43 [mg/l]
# name 16 = sbox0Mm/Kg: Oxygen, SBE 43 [umol/kg]
# name 17 = sbeox0Mm/L: Oxygen, SBE 43 [umol/l]
# name 18 = flag:  0.000e+00
# span 0 =   56.44384,   56.44480                 
# span 1 = -132.64636, -132.64500                 
# span 2 =      6.845,    139.869                 
# span 3 =      2.795,    121.290                 
# span 4 =      2.769,    120.146                 
# span 5 =     6.2718,    12.5239                 
# span 6 =    19.0465,    32.9297                 
# span 7 =  1014.2602,  1026.4398                 
# span 8 =    14.2406,    25.8843                 
# span 9 =     6.2616,    12.5229                 
# span 10 =     30.847,    108.165                
# span 11 =    32.8637,    99.5977                
# span 12 =    -0.0298,     6.5050                
# span 13 =      7.685,      8.387                
# span 14 =     2.1468,     6.9283                
# span 15 =     3.0681,     9.9012                
# span 16 =     93.459,    302.981                
# span 17 =     95.878,    309.416                
# span 18 = 0.0000e+00, 0.0000e+00                
# interval = seconds: 0.0416667
# start_time = Aug 23 2022 00:22:48 [NMEA time, header]
# bad_flag = -9.990e-29
*END*
[from data line 1372]
   56.44384 -132.64502     47.249     13.403     13.280     9.6696    29.4230  1022.7143    22.6533     9.6682     65.049    79.4321     3.2522      7.981     4.2883     6.1284    187.273    191.515  0.000e+00
   56.44384 -132.64502     66.272     13.403     13.280     9.6690    29.4243  1022.7154    22.6544     9.6676     64.939    79.4321     3.2522      7.981     4.2810     6.1180    186.956    191.191  0.000e+00
   56.44384 -132.64502    103.088     13.468     13.345     9.6685    29.4247  1022.7160    22.6547     9.6671     64.775    79.4321     3.2815      7.981     4.2703     6.1027    186.486    190.711  0.000e+00
   56.44384 -132.64502    113.401     13.525     13.401     9.6685    29.4250  1022.7166    22.6550     9.6670     64.663    79.4321     3.2522      7.981     4.2629     6.0921    186.164    190.381  0.000e+00
   56.44384 -132.64502    113.369     13.492     13.369     9.6691    29.4247  1022.7160    22.6546     9.6677     64.558    79.4321     3.2815      7.981     4.2559     6.0821    185.859    190.069  0.000e+00
   56.44384 -132.64502    112.431     13.581     13.457     9.6677    29.4254  1022.7172    22.6554     9.6663     64.453    79.4321     3.2815      7.981     4.2491     6.0724    185.563    189.767  0.000e+00
   56.44384 -132.64502    111.991     13.581     13.457     9.6674    29.4249  1022.7169    22.6550     9.6659     64.355    79.4321     3.2522      7.981     4.2427     6.0632    185.282    189.479  0.000e+00
   56.44384 -132.64502    112.104     13.646     13.521     9.6674    29.4241  1022.7166    22.6545     9.6659     64.258    79.4321     3.2522      7.981     4.2363     6.0541    185.002    189.193  0.000e+00
   56.44384 -132.64502    112.153     13.646     13.521     9.6667    29.4246  1022.7170    22.6549     9.6653     64.159    79.4321     3.2522      7.982     4.2298     6.0449    184.720    188.905  0.000e+00
   56.44384 -132.64502    112.266     13.735     13.609     9.6672    29.4250  1022.7177    22.6552     9.6657     64.061    79.4321     3.2815      7.981     4.2233     6.0355    184.435    188.613  0.000e+00
   56.44384 -132.64502    112.234     13.702     13.577     9.6689    29.4249  1022.7172    22.6548     9.6674     64.017    79.4321     3.2815      7.981     4.2203     6.0312    184.301    188.476  0.000e+00
   56.44384 -132.64502    112.298     13.767     13.641     9.6698    29.4245  1022.7171    22.6544     9.6684     63.976    79.4321     3.2815      7.981     4.2175     6.0273    184.182    188.354  0.000e+00
   56.44384 -132.64502    112.298     13.767     13.641     9.6697    29.4244  1022.7170    22.6543     9.6682     63.883    79.4321     3.2815      7.981     4.2114     6.0185    183.914    188.080  0.000e+00
   56.44384 -132.64502    112.354     13.823     13.697     9.6703    29.4241  1022.7170    22.6540     9.6689     63.787    79.4321     3.2522      7.981     4.2050     6.0094    183.636    187.796  0.000e+00
   56.44384 -132.64502    112.386     13.856     13.729     9.6704    29.4234  1022.7165    22.6534     9.6690     63.743    79.4321     3.2815      7.981     4.2021     6.0052    183.509    187.666  0.000e+00
   56.44384 -132.64502    102.349     13.880     13.753     9.6700    29.4233  1022.7166    22.6534     9.6686     63.650    79.7397     3.2522      7.981     4.1960     5.9965    183.244    187.395  0.000e+00
   56.44384 -132.64502     92.254     13.945     13.817     9.6677    29.4247  1022.7184    22.6549     9.6663     63.608    80.4949     3.0471      7.981     4.1934     5.9928    183.130    187.278  0.000e+00
   56.44384 -132.64502     90.032     13.945     13.817     9.6651    29.4263  1022.7200    22.6565     9.6637     63.511    80.7746     2.8713      7.982     4.1872     5.9839    182.857    187.000  0.000e+00
   56.44384 -132.64502     90.552     14.001     13.873     9.6633    29.4276  1022.7215    22.6578     9.6618     63.525    80.7746     2.8420      7.982     4.1883     5.9854    182.903    187.048  0.000e+00
   56.44384 -132.64502     90.935     13.969     13.841     9.6636    29.4268  1022.7207    22.6571     9.6622     63.433    80.7186     2.8420      7.982     4.1822     5.9768    182.639    186.777  0.000e+00
   56.44384 -132.64502     91.096     14.058     13.929     9.6628    29.4272  1022.7216    22.6576     9.6613     63.396    80.7186     2.8420      7.982     4.1798     5.9734    182.536    186.672  0.000e+00
   56.44384 -132.64502     91.072     14.058     13.929     9.6628    29.4273  1022.7216    22.6576     9.6613     63.358    80.7186     2.8713      7.982     4.1773     5.9698    182.425    186.558  0.000e+00
   56.44384 -132.64502     91.136     14.122     13.993     9.6626    29.4279  1022.7225    22.6581     9.6611     63.262    80.7186     2.8420      7.982     4.1710     5.9607    182.148    186.275  0.000e+00
   56.44384 -132.64502     91.111     14.122     13.993     9.6624    29.4277  1022.7223    22.6580     9.6610     63.218    80.7186     2.8420      7.982     4.1681     5.9567    182.024    186.148  0.000e+00
   56.44384 -132.64502     91.199     14.211     14.081     9.6609    29.4290  1022.7239    22.6592     9.6595     63.177    80.7186     2.8420      7.982     4.1655     5.9529    181.910    186.032  0.000e+00
   56.44384 -132.64502     91.167     14.179     14.049     9.6601    29.4290  1022.7239    22.6594     9.6587     63.132    80.7186     2.8420      7.982     4.1626     5.9488    181.784    185.903  0.000e+00
   56.44384 -132.64502     91.231     14.244     14.113     9.6605    29.4291  1022.7243    22.6595     9.6590     63.089    80.7186     2.8420      7.982     4.1598     5.9447    181.659    185.775  0.000e+00
   56.44384 -132.64502     91.231     14.244     14.113     9.6609    29.4288  1022.7240    22.6591     9.6595     63.108    80.7186     2.8420      7.982     4.1610     5.9465    181.712    185.829  0.000e+00
   56.44384 -132.64502     91.343     14.357     14.225     9.6600    29.4295  1022.7252    22.6598     9.6585     63.078    80.7186     2.8713      7.982     4.1591     5.9437    181.628    185.744  0.000e+00
   56.44384 -132.64502     91.344     14.332     14.201     9.6595    29.4303  1022.7257    22.6605     9.6580     63.041    80.7186     2.8420      7.982     4.1567     5.9403    181.523    185.637  0.000e+00
   56.44384 -132.64502     99.256     14.357     14.225     9.6584    29.4310  1022.7266    22.6612     9.6569     63.059    80.7186     2.8420      7.982     4.1580     5.9421    181.579    185.694  0.000e+00
   56.44384 -132.64502    105.263     14.357     14.225     9.6574    29.4314  1022.7270    22.6617     9.6559     63.021    80.7186     2.8420      7.982     4.1555     5.9386    181.470    185.583  0.000e+00
   56.44384 -132.64502    106.433     14.478     14.345     9.6577    29.4315  1022.7276    22.6617     9.6562     62.981    80.7186     2.8713      7.982     4.1528     5.9348    181.354    185.464  0.000e+00
   56.44384 -132.64502    106.091     14.478     14.345     9.6574    29.4323  1022.7283    22.6624     9.6559     62.937    80.7186     2.8420      7.982     4.1500     5.9307    181.230    185.337  0.000e+00
   56.44384 -132.64502    105.823     14.454     14.321     9.6572    29.4325  1022.7284    22.6626     9.6557     62.952    80.7186     2.8420      7.982     4.1509     5.9321    181.273    185.381  0.000e+00
   56.44384 -132.64502    105.918     14.599     14.465     9.6574    29.4315  1022.7282    22.6617     9.6559     62.915    80.8305     2.8713      7.982     4.1485     5.9286    181.165    185.271  0.000e+00
   56.44384 -132.64502    105.886     14.542     14.409     9.6573    29.4317  1022.7282    22.6620     9.6558     62.927    81.5577     2.9299      7.982     4.1493     5.9298    181.202    185.308  0.000e+00
   56.44384 -132.64502    105.943     14.599     14.465     9.6582    29.4316  1022.7282    22.6617     9.6567     62.887    81.8654     3.1057      7.982     4.1465     5.9258    181.081    185.185  0.000e+00
   56.44384 -132.64502    106.023     14.656     14.521     9.6593    29.4318  1022.7285    22.6617     9.6578     62.841    81.8933     3.1350      7.982     4.1434     5.9214    180.945    185.045  0.000e+00
   56.44384 -132.64502    106.055     14.688     14.553     9.6598    29.4325  1022.7291    22.6622     9.6583     62.850    81.8654     3.1643      7.982     4.1440     5.9222    180.969    185.070  0.000e+00
   56.44384 -132.64502    106.023     14.656     14.521     9.6620    29.4321  1022.7283    22.6616     9.6604     62.854    81.8374     3.1350      7.982     4.1440     5.9222    180.970    185.071  0.000e+00
   56.44384 -132.64502    106.087     14.720     14.585     9.6626    29.4329  1022.7291    22.6620     9.6611     62.856    81.8374     3.1350      7.982     4.1441     5.9223    180.973    185.074  0.000e+00
   56.44384 -132.64502    106.119     14.777     14.641     9.6626    29.4342  1022.7304    22.6631     9.6610     62.806    81.8374     3.1350      7.982     4.1408     5.9176    180.828    184.926  0.000e+00
   56.44384 -132.64502    106.023     14.656     14.521     9.6541    29.4409  1022.7364    22.6696     9.6526     62.751    81.8374     3.1350      7.982     4.1377     5.9132    180.695    184.791  0.000e+00
   56.44384 -132.64502    107.379     14.866     14.729     9.6331    29.4545  1022.7512    22.6835     9.6315     62.748    81.8654     3.1350      7.982     4.1391     5.9152    180.753    184.853  0.000e+00
   56.44384 -132.64502    111.887     14.954     14.817     9.6133    29.4671  1022.7645    22.6964     9.6117     62.742    81.8654     3.1350      7.982     4.1402     5.9168    180.798    184.902  0.000e+00
   56.44384 -132.64502    113.589     14.898     14.761     9.6013    29.4743  1022.7717    22.7039     9.5998     62.740    81.8374     3.1350      7.982     4.1409     5.9178    180.828    184.934  0.000e+00
   56.44384 -132.64502    113.718     14.954     14.817     9.5825    29.4859  1022.7840    22.7159     9.5809     62.682    81.8654     3.1350      7.982     4.1386     5.9144    180.723    184.828  0.000e+00
   56.44384 -132.64502    113.523     14.954     14.817     9.5488    29.5062  1022.8050    22.7369     9.5472     62.673    81.8654     3.1350      7.982     4.1405     5.9172    180.803    184.914  0.000e+00
   56.44384 -132.64502    113.474     14.954     14.817     9.5181    29.5239  1022.8236    22.7555     9.5165     62.665    81.8374     3.1350      7.982     4.1423     5.9198    180.881    184.997  0.000e+00
   56.44384 -132.64502    113.538     15.043     14.905     9.5016    29.5323  1022.8331    22.7645     9.5001     62.662    81.8654     3.1350      7.982     4.1434     5.9213    180.926    185.044  0.000e+00
   56.44384 -132.64502    113.594     15.076     14.937     9.4901    29.5381  1022.8395    22.7709     9.4886     62.654    81.8654     3.1350      7.982     4.1438     5.9218    180.940    185.060  0.000e+00
   56.44384 -132.64502    113.594     15.076     14.937     9.4821    29.5429  1022.8445    22.7758     9.4805     62.701    81.8374     3.1350      7.982     4.1475     5.9272    181.102    185.226  0.000e+00
   56.44384 -132.64502    113.650     15.132     14.993     9.4786    29.5442  1022.8463    22.7773     9.4771     62.698    81.8654     3.1350      7.982     4.1476     5.9273    181.105    185.230  0.000e+00
   56.44384 -132.64502    113.650     15.132     14.993     9.4752    29.5460  1022.8482    22.7793     9.4737     62.693    81.8374     3.1350      7.982     4.1475     5.9272    181.102    185.227  0.000e+00
   56.44384 -132.64502    113.714     15.197     15.057     9.4709    29.5479  1022.8507    22.7814     9.4693     62.741    81.8933     3.1350      7.982     4.1510     5.9322    181.256    185.385  0.000e+00
   56.44384 -132.64502    113.746     15.229     15.089     9.4685    29.5487  1022.8518    22.7824     9.4669     62.736    83.4876     3.0471      7.977     4.1509     5.9321    181.251    185.381  0.000e+00
   56.44384 -132.64502    113.770     15.253     15.113     9.4625    29.5518  1022.8553    22.7858     9.4610     62.728    84.5224     2.6075      7.977     4.1508     5.9320    181.246    185.376  0.000e+00
   56.44384 -132.64502    113.826     15.310     15.169     9.4547    29.5567  1022.8606    22.7908     9.4531     62.715    84.6623     2.4024      7.977     4.1506     5.9316    181.235    185.366  0.000e+00
   56.44384 -132.64502    113.826     15.310     15.169     9.4480    29.5598  1022.8640    22.7942     9.4464     62.704    84.5784     2.4024      7.978     4.1504     5.9313    181.225    185.356  0.000e+00
   56.44384 -132.64502    113.890     15.375     15.234     9.4406    29.5627  1022.8677    22.7976     9.4391     62.694    84.5504     2.4024      7.978     4.1503     5.9312    181.222    185.354  0.000e+00
   56.44384 -132.64502    113.858     15.342     15.202     9.4382    29.5619  1022.8673    22.7974     9.4366     62.680    84.5504     2.4024      7.978     4.1496     5.9302    181.191    185.322  0.000e+00
   56.44384 -132.64502    113.946     15.431     15.290     9.4358    29.5616  1022.8678    22.7975     9.4342     62.716    84.5504     2.4024      7.973     4.1523     5.9340    181.307    185.440  0.000e+00
   56.44384 -132.64502    113.946     15.431     15.290     9.4267    29.5659  1022.8726    22.8023     9.4251     62.701    84.5504     2.4317      7.973     4.1520     5.9336    181.294    185.428  0.000e+00
   56.44384 -132.64502    113.840     15.496     15.354     9.4193    29.5695  1022.8768    22.8062     9.4177     62.736    84.5504     2.4024      7.973     4.1549     5.9377    181.419    185.557  0.000e+00
   56.44384 -132.64502    113.742     15.496     15.354     9.4144    29.5709  1022.8787    22.8081     9.4128     62.720    84.5504     2.4317      7.973     4.1542     5.9368    181.390    185.527  0.000e+00
   56.44384 -132.64502    113.773     15.552     15.410     9.4105    29.5710  1022.8796    22.8088     9.4089     62.697    84.5504     2.4024      7.973     4.1530     5.9351    181.339    185.475  0.000e+00
   56.44384 -132.64502    113.830     15.585     15.442     9.4087    29.5712  1022.8802    22.8092     9.4071     62.733    84.5504     2.4024      7.968     4.1556     5.9388    181.452    185.590  0.000e+00
   56.44384 -132.64502    113.854     15.609     15.466     9.4082    29.5706  1022.8799    22.8088     9.4066     62.712    84.5504     2.4317      7.968     4.1543     5.9369    181.394    185.531  0.000e+00
   56.44384 -132.64502    113.918     15.673     15.530     9.4056    29.5721  1022.8818    22.8103     9.4040     62.744    84.5504     2.4024      7.968     4.1566     5.9402    181.494    185.634  0.000e+00
   56.44384 -132.64502    113.854     15.609     15.466     9.4053    29.5721  1022.8815    22.8104     9.4037     62.722    84.5504     2.4024      7.968     4.1552     5.9382    181.433    185.571  0.000e+00
   56.44384 -132.64502    113.974     15.730     15.586     9.4026    29.5725  1022.8828    22.8111     9.4010     62.748    84.5504     2.4317      7.963     4.1571     5.9410    181.517    185.658  0.000e+00
   56.44384 -132.64502    113.974     15.730     15.586     9.3982    29.5730  1022.8838    22.8121     9.3966     62.774    84.5504     2.4317      7.963     4.1593     5.9440    181.611    185.754  0.000e+00
   56.44384 -132.64502    114.006     15.762     15.618     9.3921    29.5750  1022.8865    22.8147     9.3905     62.802    84.5504     2.4024      7.963     4.1616     5.9474    181.712    185.858  0.000e+00
   56.44384 -132.64502    114.030     15.787     15.642     9.3823    29.5785  1022.8909    22.8189     9.3807     62.775    84.5504     2.4317      7.963     4.1606     5.9459    181.667    185.813  0.000e+00
