EcoFOCI/data/1_SampleCollection/2022_GOA-OA_CruiseData/CTD_raw_BottleFile_RC0083/RC0083_071.cnv
* Sea-Bird SBE 9 Data File:
* FileName = C:\Data\RC0083ctd\RC0083_071.hex
* Software Version Seasave V 7.26.7.107
* Temperature SN = 2060
* Conductivity SN = 1084
* Number of Bytes Per Scan = 31
* Number of Voltage Words = 4
* Number of Scans Averaged by the Deck Unit = 1
* NMEA Latitude = 59 03.51 N
* NMEA Longitude = 136 16.99 W
* NMEA UTC (Time) = Aug 20 2022  21:29:06
* NMEA baud rate = 4800
** Ship: R/V Rachel Carson
** Cruise ID: RC0083
** Tech: McHugh/Nomura
** Chief Scientist: Cross
** Station: GB22
** Cast:  CTD071
# nquan = 19
# nvalues = 15744                                 
# units = specified
# name 0 = latitude: Latitude [deg]
# name 1 = longitude: Longitude [deg]
# name 2 = sfdSM: Seafloor depth [salt water, m]
# name 3 = prDM: Pressure, Digiquartz [db]
# name 4 = depSM: Depth [salt water, m]
# name 5 = t090C: Temperature [ITS-90, deg C]
# name 6 = sal00: Salinity, Practical [PSU]
# name 7 = density00: Density [density, kg/m^3]
# name 8 = sigma-é00: Density [sigma-theta, kg/m^3]
# name 9 = potemp090C: Potential Temperature [ITS-90, deg C]
# name 10 = sbeox0PS: Oxygen, SBE 43 [% saturation]
# name 11 = CStarTr0: Beam Transmission, WET Labs C-Star [%]
# name 12 = flECO-AFL: Fluorescence, WET Labs ECO-AFL/FL [mg/m^3]
# name 13 = ph: pH
# name 14 = sbeox0ML/L: Oxygen, SBE 43 [ml/l]
# name 15 = sbeox0Mg/L: Oxygen, SBE 43 [mg/l]
# name 16 = sbox0Mm/Kg: Oxygen, SBE 43 [umol/kg]
# name 17 = sbeox0Mm/L: Oxygen, SBE 43 [umol/l]
# name 18 = flag:  0.000e+00
# span 0 =   59.05846,   59.05868                 
# span 1 = -136.28324, -136.28078                 
# span 2 =      2.118,    251.674                 
# span 3 =      2.121,    213.679                 
# span 4 =      2.101,    211.571                 
# span 5 =     4.5339,     7.3907                 
# span 6 =     8.4084,    30.8394                 
# span 7 =  1006.6767,  1025.3911                 
# span 8 =     6.6660,    24.4022                 
# span 9 =     4.5338,     7.3896                 
# span 10 =     71.771,    101.279                
# span 11 =     0.0001,    37.7303                
# span 12 =    -0.1177,     0.5562                
# span 13 =      7.912,      8.612                
# span 14 =     4.9757,     8.4477                
# span 15 =     7.1107,    12.0726                
# span 16 =    217.140,    374.085                
# span 17 =    222.213,    377.274                
# span 18 = 0.0000e+00, 0.0000e+00                
# interval = seconds: 0.0416667
# start_time = Aug 20 2022 21:29:06 [NMEA time, header]
# bad_flag = -9.990e-29
*END*
[from data line 11429]
   59.05860 -136.28168    184.628    137.683    136.350     4.9002    30.7770  1024.9809    24.3403     4.8906     73.553     1.8181    -0.0005      7.926     5.3646     7.6665    233.890    239.583  0.000e+00
   59.05860 -136.28168    184.555    137.683    136.350     4.9003    30.7762  1024.9803    24.3397     4.8906     73.570     1.8181     0.0288      7.926     5.3658     7.6683    233.944    239.638  0.000e+00
   59.05860 -136.28168    184.586    137.739    136.406     4.9006    30.7764  1024.9807    24.3398     4.8910     73.579     1.8181     0.0288      7.926     5.3664     7.6692    233.970    239.665  0.000e+00
   59.05860 -136.28168    184.466    137.618    136.285     4.9009    30.7763  1024.9800    24.3398     4.8912     73.586     1.8181     0.0288      7.921     5.3669     7.6699    233.992    239.688  0.000e+00
   59.05860 -136.28168    184.466    137.618    136.285     4.9015    30.7757  1024.9795    24.3392     4.8918     73.652     1.8181     0.0288      7.921     5.3717     7.6767    234.200    239.900  0.000e+00
   59.05860 -136.28168    184.410    137.561    136.229     4.9019    30.7745  1024.9782    24.3382     4.8923     73.611     1.8181     0.0288      7.926     5.3686     7.6723    234.067    239.764  0.000e+00
   59.05860 -136.28168    184.410    137.561    136.229     4.9018    30.7741  1024.9779    24.3379     4.8922     73.619     1.8181     0.0288      7.926     5.3693     7.6732    234.094    239.791  0.000e+00
   59.05860 -136.28168    184.346    137.497    136.165     4.9020    30.7755  1024.9787    24.3390     4.8924     73.635     1.8181     0.0288      7.926     5.3704     7.6748    234.142    239.841  0.000e+00
   59.05860 -136.28166    184.370    137.497    136.165     4.9019    30.7756  1024.9788    24.3391     4.8923     73.644     1.8181     0.0288      7.926     5.3710     7.6757    234.170    239.869  0.000e+00
   59.05860 -136.28166    184.314    137.440    136.109     4.9022    30.7753  1024.9783    24.3388     4.8926     73.709     1.8181     0.0288      7.926     5.3758     7.6825    234.377    240.081  0.000e+00
   59.05860 -136.28166    186.146    137.440    136.109     4.9024    30.7754  1024.9783    24.3389     4.8928     73.726     1.8181     0.0288      7.926     5.3769     7.6842    234.428    240.134  0.000e+00
   59.05860 -136.28166    217.030    137.383    136.053     4.9032    30.7741  1024.9769    24.3378     4.8936     73.741     1.8181     0.0288      7.926     5.3780     7.6857    234.475    240.182  0.000e+00
   59.05860 -136.28166    234.515    137.383    136.053     4.9034    30.7739  1024.9768    24.3376     4.8938     73.757     1.8181     0.0288      7.921     5.3791     7.6873    234.524    240.232  0.000e+00
   59.05860 -136.28166    235.869    137.197    135.869     4.9035    30.7730  1024.9752    24.3368     4.8939     73.771     1.8181     0.0288      7.926     5.3802     7.6888    234.569    240.278  0.000e+00
   59.05860 -136.28166    235.369    137.383    136.053     4.9037    30.7737  1024.9765    24.3373     4.8940     73.788     1.8461     0.0288      7.926     5.3813     7.6905    234.621    240.331  0.000e+00
   59.05860 -136.28166    234.541    137.262    135.933     4.9034    30.7748  1024.9768    24.3382     4.8938     73.744     1.9020     0.0288      7.926     5.3781     7.6859    234.480    240.187  0.000e+00
   59.05860 -136.28166    234.403    137.197    135.869     4.9038    30.7744  1024.9762    24.3379     4.8942     73.807     1.9300     0.0288      7.926     5.3827     7.6924    234.680    240.392  0.000e+00
   59.05860 -136.28166    234.396    137.140    135.813     4.9039    30.7746  1024.9761    24.3380     4.8944     73.821     1.9020     0.0288      7.926     5.3837     7.6938    234.723    240.436  0.000e+00
   59.05860 -136.28166    234.421    137.140    135.813     4.9042    30.7741  1024.9757    24.3376     4.8946     73.768     1.9020     0.0288      7.926     5.3799     7.6884    234.556    240.264  0.000e+00
   59.05860 -136.28166    234.445    137.140    135.813     4.9039    30.7740  1024.9756    24.3376     4.8944     73.765     1.9020     0.0288      7.921     5.3796     7.6880    234.546    240.255  0.000e+00
   59.05860 -136.28166    234.445    137.140    135.813     4.9041    30.7734  1024.9751    24.3371     4.8945     73.761     1.9020     0.0288      7.926     5.3794     7.6876    234.534    240.242  0.000e+00
   59.05860 -136.28166    234.325    137.019    135.692     4.9038    30.7738  1024.9749    24.3374     4.8942     73.764     1.9020    -0.0005      7.926     5.3796     7.6880    234.546    240.254  0.000e+00
   59.05860 -136.28166    234.325    137.019    135.692     4.9037    30.7748  1024.9757    24.3382     4.8941     73.769     1.9020    -0.0005      7.926     5.3800     7.6885    234.560    240.269  0.000e+00
   59.05860 -136.28166    234.269    136.962    135.636     4.9038    30.7750  1024.9756    24.3383     4.8942     73.764     1.9020     0.0288      7.926     5.3796     7.6880    234.544    240.252  0.000e+00
   59.05860 -136.28166    234.154    137.019    135.692     4.9037    30.7751  1024.9759    24.3384     4.8941     73.818     1.9020     0.0288      7.926     5.3835     7.6936    234.715    240.428  0.000e+00
   59.05860 -136.28166    227.196    136.897    135.572     4.9039    30.7748  1024.9752    24.3382     4.8944     73.762     1.9020     0.0288      7.926     5.3794     7.6877    234.536    240.245  0.000e+00
   59.05860 -136.28166    222.825    136.897    135.572     4.9038    30.7746  1024.9750    24.3380     4.8942     73.757     1.9020     0.0288      7.926     5.3790     7.6872    234.520    240.228  0.000e+00
   59.05860 -136.28166    222.134    136.841    135.516     4.9039    30.7739  1024.9742    24.3375     4.8944     73.741     1.9020     0.0288      7.921     5.3779     7.6856    234.471    240.178  0.000e+00
   59.05860 -136.28166    222.427    136.841    135.516     4.9039    30.7734  1024.9738    24.3371     4.8944     73.734     1.9020     0.0288      7.921     5.3774     7.6849    234.451    240.157  0.000e+00
   59.05860 -136.28166    222.542    136.784    135.460     4.9042    30.7742  1024.9741    24.3377     4.8947     73.727     1.9020     0.0288      7.926     5.3768     7.6840    234.424    240.129  0.000e+00
   59.05860 -136.28166    222.566    136.784    135.460     4.9043    30.7744  1024.9742    24.3378     4.8947     73.719     1.9020     0.0288      7.926     5.3763     7.6832    234.399    240.104  0.000e+00
   59.05860 -136.28166    222.478    136.719    135.396     4.9043    30.7745  1024.9740    24.3380     4.8947     73.702     1.9020     0.0288      7.926     5.3750     7.6814    234.344    240.048  0.000e+00
   59.05860 -136.28166    222.478    136.719    135.396     4.9048    30.7740  1024.9736    24.3375     4.8952     73.743     1.9020     0.0288      7.926     5.3779     7.6856    234.471    240.178  0.000e+00
   59.05860 -136.28166    222.421    136.663    135.340     4.9051    30.7736  1024.9729    24.3371     4.8956     73.683     1.9020     0.0288      7.926     5.3735     7.6793    234.281    239.983  0.000e+00
   59.05860 -136.28166    222.365    136.606    135.284     4.9049    30.7734  1024.9726    24.3370     4.8953     73.673     1.9580     0.0288      7.921     5.3728     7.6783    234.249    239.950  0.000e+00
   59.05860 -136.28166    222.357    136.598    135.276     4.9046    30.7727  1024.9720    24.3365     4.8951     73.663     2.0419     0.0288      7.926     5.3721     7.6773    234.220    239.920  0.000e+00
   59.05860 -136.28166    222.301    136.541    135.219     4.9045    30.7741  1024.9728    24.3376     4.8949     73.652     2.0698    -0.0005      7.926     5.3713     7.6761    234.183    239.883  0.000e+00
   59.05860 -136.28166    222.301    136.541    135.219     4.9041    30.7753  1024.9738    24.3386     4.8945     73.583     2.0419     0.0288      7.926     5.3663     7.6690    233.965    239.659  0.000e+00
   59.05860 -136.28166    222.301    136.541    135.219     4.9043    30.7746  1024.9733    24.3380     4.8948     73.621     2.0698     0.0288      7.926     5.3691     7.6730    234.087    239.784  0.000e+00
   59.05860 -136.28166    222.294    136.485    135.163     4.9049    30.7743  1024.9727    24.3377     4.8954     73.609     2.0419     0.0288      7.926     5.3682     7.6716    234.046    239.742  0.000e+00
   59.05860 -136.28166    222.303    136.420    135.099     4.9053    30.7739  1024.9720    24.3373     4.8958     73.597     2.0698     0.0288      7.926     5.3672     7.6703    234.005    239.700  0.000e+00
   59.05860 -136.28166    222.328    136.420    135.099     4.9054    30.7737  1024.9719    24.3372     4.8959     73.527     2.0419     0.0288      7.926     5.3621     7.6630    233.783    239.473  0.000e+00
   59.05860 -136.28166    222.247    136.363    135.043     4.9056    30.7730  1024.9710    24.3366     4.8960     73.515     2.0698     0.0288      7.926     5.3613     7.6618    233.745    239.434  0.000e+00
   59.05860 -136.28166    222.215    136.306    134.987     4.9059    30.7719  1024.9699    24.3357     4.8963     73.503     2.0419     0.0288      7.926     5.3604     7.6605    233.707    239.395  0.000e+00
   59.05860 -136.28166    222.215    136.306    134.987     4.9054    30.7737  1024.9714    24.3372     4.8959     73.492     2.0698     0.0288      7.926     5.3596     7.6594    233.672    239.359  0.000e+00
   59.05860 -136.28166    222.191    136.306    134.987     4.9057    30.7736  1024.9712    24.3371     4.8962     73.482     2.0419     0.0288      7.926     5.3588     7.6582    233.637    239.323  0.000e+00
   59.05860 -136.28166    222.127    136.242    134.923     4.9057    30.7737  1024.9710    24.3372     4.8962     73.471     2.0698     0.0288      7.926     5.3580     7.6571    233.602    239.288  0.000e+00
   59.05860 -136.28166    222.071    136.185    134.867     4.9057    30.7738  1024.9708    24.3372     4.8962     73.461     2.0419     0.0288      7.921     5.3572     7.6560    233.569    239.254  0.000e+00
   59.05860 -136.28166    222.071    136.185    134.867     4.9059    30.7735  1024.9706    24.3370     4.8963     73.393     2.0698     0.0288      7.926     5.3523     7.6490    233.355    239.034  0.000e+00
   59.05860 -136.28166    222.007    136.120    134.803     4.9057    30.7736  1024.9704    24.3371     4.8962     73.375     2.0419     0.0288      7.926     5.3510     7.6472    233.299    238.977  0.000e+00
   59.05860 -136.28166    222.015    136.128    134.811     4.9057    30.7727  1024.9697    24.3364     4.8962     73.359     2.0419     0.0288      7.926     5.3499     7.6455    233.248    238.925  0.000e+00
   59.05860 -136.28166    221.950    136.064    134.747     4.9056    30.7737  1024.9702    24.3371     4.8960     73.342     2.0698     0.0288      7.921     5.3486     7.6437    233.195    238.870  0.000e+00
   59.05860 -136.28166    221.919    136.007    134.690     4.9053    30.7744  1024.9705    24.3378     4.8958     73.327     2.0698     0.0288      7.926     5.3475     7.6421    233.145    238.820  0.000e+00
   59.05860 -136.28166    221.894    136.007    134.690     4.9056    30.7741  1024.9702    24.3375     4.8960     73.321     2.0419     0.0288      7.926     5.3471     7.6415    233.127    238.800  0.000e+00
   59.05860 -136.28166    227.877    136.007    134.690     4.9050    30.7745  1024.9706    24.3378     4.8955     73.308     2.0698     0.0288      7.926     5.3462     7.6402    233.087    238.759  0.000e+00
   59.05860 -136.28166    232.803    135.950    134.634     4.9048    30.7750  1024.9708    24.3383     4.8952     73.295     2.1258     0.0288      7.926     5.3452     7.6389    233.045    238.717  0.000e+00
   59.05860 -136.28166    233.667    135.885    134.570     4.9048    30.7749  1024.9704    24.3382     4.8952     73.282     2.1538     0.0288      7.926     5.3443     7.6375    233.006    238.677  0.000e+00
   59.05860 -136.28166    233.454    135.942    134.626     4.9048    30.7740  1024.9700    24.3375     4.8952     73.271     2.1538     0.0288      7.926     5.3436     7.6365    232.973    238.643  0.000e+00
   59.05860 -136.28166    233.139    135.821    134.506     4.9048    30.7738  1024.9692    24.3373     4.8953     73.269     2.1538     0.0288      7.926     5.3433     7.6362    232.964    238.634  0.000e+00
   59.05860 -136.28166    233.114    135.821    134.506     4.9046    30.7751  1024.9703    24.3384     4.8951     73.268     2.1538     0.0288      7.926     5.3433     7.6361    232.961    238.630  0.000e+00
   59.05860 -136.28166    233.082    135.764    134.450     4.9045    30.7752  1024.9701    24.3385     4.8950     73.268     2.1538     0.0288      7.926     5.3433     7.6361    232.960    238.630  0.000e+00
   59.05860 -136.28166    233.082    135.764    134.450     4.9042    30.7754  1024.9703    24.3387     4.8947     73.327     2.1538     0.0288      7.926     5.3476     7.6423    233.150    238.825  0.000e+00
   59.05860 -136.28166    233.026    135.707    134.394     4.9038    30.7758  1024.9704    24.3390     4.8943     73.279     2.1538     0.0288      7.926     5.3442     7.6374    233.000    238.671  0.000e+00
   59.05860 -136.28166    233.026    135.707    134.394     4.9036    30.7758  1024.9704    24.3390     4.8941     73.283     2.1538     0.0288      7.926     5.3444     7.6377    233.012    238.683  0.000e+00
   59.05860 -136.28166    232.938    135.643    134.330     4.9035    30.7754  1024.9698    24.3387     4.8940     73.277     2.1538     0.0288      7.926     5.3441     7.6372    232.996    238.667  0.000e+00
   59.05860 -136.28166    232.962    135.643    134.330     4.9032    30.7748  1024.9693    24.3382     4.8937     73.282     2.1538     0.0288      7.926     5.3445     7.6379    233.015    238.686  0.000e+00
   59.05860 -136.28166    232.906    135.586    134.274     4.9028    30.7759  1024.9700    24.3392     4.8933     73.288     2.1538     0.0288      7.926     5.3449     7.6384    233.033    238.705  0.000e+00
   59.05860 -136.28166    232.850    135.529    134.218     4.9015    30.7782  1024.9717    24.3411     4.8920     73.286     2.1538     0.0288      7.926     5.3449     7.6384    233.030    238.702  0.000e+00
   59.05860 -136.28166    232.842    135.521    134.209     4.9003    30.7788  1024.9722    24.3417     4.8909     73.343     2.1538     0.0288      7.926     5.3491     7.6445    233.216    238.893  0.000e+00
   59.05860 -136.28166    232.842    135.521    134.209     4.8992    30.7791  1024.9727    24.3421     4.8898     73.351     2.1538     0.0288      7.926     5.3499     7.6455    233.247    238.924  0.000e+00
   59.05860 -136.28166    232.786    135.464    134.153     4.8981    30.7803  1024.9735    24.3432     4.8886     73.358     2.1538     0.0288      7.926     5.3505     7.6464    233.276    238.955  0.000e+00
   59.05860 -136.28166    232.730    135.408    134.097     4.8975    30.7806  1024.9735    24.3435     4.8880     73.367     2.1538     0.0288      7.921     5.3512     7.6474    233.305    238.984  0.000e+00
   59.05860 -136.28166    232.730    135.408    134.097     4.8984    30.7788  1024.9719    24.3419     4.8890     73.317     2.1538     0.0288      7.926     5.3475     7.6422    233.146    238.821  0.000e+00
   59.05860 -136.28166    232.730    135.408    134.097     4.8995    30.7773  1024.9706    24.3406     4.8901     73.327     2.1538     0.0288      7.926     5.3482     7.6431    233.173    238.849  0.000e+00
   59.05860 -136.28166    232.610    135.286    133.977     4.9010    30.7767  1024.9694    24.3400     4.8915     73.328     2.1538     0.0288      7.926     5.3480     7.6429    233.168    238.843  0.000e+00
