EcoFOCI/data/1_SampleCollection/2022_GOA-OA_CruiseData/CTD_raw_BottleFile_RC0083/RC0083_049.cnv
* Sea-Bird SBE 9 Data File:
* FileName = C:\Data\RC0083ctd\RC0083_049.hex
* Software Version Seasave V 7.26.7.107
* Temperature SN = 2060
* Conductivity SN = 1084
* Number of Bytes Per Scan = 31
* Number of Voltage Words = 4
* Number of Scans Averaged by the Deck Unit = 1
* NMEA Latitude = 58 12.65 N
* NMEA Longitude = 137 05.13 W
* NMEA UTC (Time) = Aug 19 2022  08:16:29
* NMEA baud rate = 4800
** Ship: R/V Rachel Carson
** Cruise ID: RC0083
** Tech: McHugh/Nomura
** Chief Scientist: Cross
** Station: SEM05
** Cast:  CTD049
# nquan = 19
# nvalues = 12700                                 
# units = specified
# name 0 = latitude: Latitude [deg]
# name 1 = longitude: Longitude [deg]
# name 2 = sfdSM: Seafloor depth [salt water, m]
# name 3 = prDM: Pressure, Digiquartz [db]
# name 4 = depSM: Depth [salt water, m]
# name 5 = t090C: Temperature [ITS-90, deg C]
# name 6 = sal00: Salinity, Practical [PSU]
# name 7 = density00: Density [density, kg/m^3]
# name 8 = sigma-é00: Density [sigma-theta, kg/m^3]
# name 9 = potemp090C: Potential Temperature [ITS-90, deg C]
# name 10 = sbeox0PS: Oxygen, SBE 43 [% saturation]
# name 11 = CStarTr0: Beam Transmission, WET Labs C-Star [%]
# name 12 = flECO-AFL: Fluorescence, WET Labs ECO-AFL/FL [mg/m^3]
# name 13 = ph: pH
# name 14 = sbeox0ML/L: Oxygen, SBE 43 [ml/l]
# name 15 = sbeox0Mg/L: Oxygen, SBE 43 [mg/l]
# name 16 = sbox0Mm/Kg: Oxygen, SBE 43 [umol/kg]
# name 17 = sbeox0Mm/L: Oxygen, SBE 43 [umol/l]
# name 18 = flag:  0.000e+00
# span 0 =   58.21080,   58.21210                 
# span 1 = -137.08572, -137.08530                 
# span 2 =      2.845,    134.110                 
# span 3 =      2.686,    118.676                 
# span 4 =      2.661,    117.541                 
# span 5 =     6.7265,    14.5252                 
# span 6 =    31.5662,    32.5227                 
# span 7 =  1023.4728,  1026.0493                 
# span 8 =    23.4508,    25.5044                 
# span 9 =     6.7163,    14.5236                 
# span 10 =     57.031,    102.129                
# span 11 =    92.5216,   106.1145                
# span 12 =    -0.1177,     2.6368                
# span 13 =      7.902,      8.302                
# span 14 =     3.8710,     6.0172                
# span 15 =     5.5320,     8.5991                
# span 16 =    168.673,    262.550                
# span 17 =    172.878,    268.727                
# span 18 = 0.0000e+00, 0.0000e+00                
# interval = seconds: 0.0416667
# start_time = Aug 19 2022 08:16:29 [NMEA time, header]
# bad_flag = -9.990e-29
*END*
[from data line 6781]
   58.21158 -137.08532    124.724     76.980     76.251     7.4019    32.0240  1025.3749    25.0221     7.3949     58.578    96.6050     0.0874      7.908     3.9958     5.7104    174.095    178.452  0.000e+00
   58.21158 -137.08532    124.724     76.980     76.251     7.4021    32.0241  1025.3750    25.0222     7.3951     58.590    96.5771     0.0874      7.908     3.9966     5.7115    174.130    178.487  0.000e+00
   58.21158 -137.08532    124.788     77.044     76.315     7.4019    32.0250  1025.3760    25.0229     7.3949     58.595    96.6050     0.0874      7.903     3.9969     5.7119    174.143    178.500  0.000e+00
   58.21158 -137.08532    124.724     76.980     76.251     7.4021    32.0247  1025.3754    25.0226     7.3951     58.598    96.5771     0.0874      7.908     3.9971     5.7122    174.151    178.508  0.000e+00
   58.21158 -137.08532    124.749     76.980     76.251     7.4021    32.0244  1025.3752    25.0224     7.3951     58.600    96.5491     0.0874      7.908     3.9973     5.7125    174.160    178.517  0.000e+00
   58.21158 -137.08532    124.693     76.923     76.195     7.4021    32.0240  1025.3746    25.0221     7.3951     58.602    96.5211     0.0874      7.908     3.9974     5.7127    174.165    178.523  0.000e+00
   58.21158 -137.08532    124.733     76.963     76.235     7.4021    32.0238  1025.3746    25.0219     7.3951     58.604    96.4931     0.0874      7.908     3.9975     5.7128    174.171    178.529  0.000e+00
   58.21158 -137.08532    124.717     76.923     76.195     7.4021    32.0243  1025.3748    25.0223     7.3951     58.612    96.4931     0.0874      7.908     3.9981     5.7136    174.195    178.554  0.000e+00
   58.21158 -137.08532    124.693     76.923     76.195     7.4021    32.0238  1025.3744    25.0219     7.3951     58.620    96.5211     0.0874      7.908     3.9986     5.7145    174.220    178.579  0.000e+00
   58.21158 -137.08532    124.717     76.923     76.195     7.4016    32.0236  1025.3744    25.0218     7.3946     58.628    96.5211     0.0874      7.908     3.9992     5.7153    174.246    178.606  0.000e+00
   58.21158 -137.08532    124.717     76.923     76.195     7.4013    32.0239  1025.3747    25.0221     7.3943     58.636    96.5211     0.0874      7.908     3.9998     5.7161    174.269    178.630  0.000e+00
   58.21158 -137.08532    124.653     76.858     76.131     7.4021    32.0246  1025.3748    25.0225     7.3951     58.635    96.4931     0.0874      7.908     3.9996     5.7159    174.263    178.623  0.000e+00
   58.21158 -137.08532    124.678     76.858     76.131     7.4024    32.0257  1025.3756    25.0234     7.3954     58.634    96.4931     0.0874      7.908     3.9995     5.7157    174.257    178.618  0.000e+00
   58.21158 -137.08532    124.653     76.858     76.131     7.4024    32.0254  1025.3754    25.0231     7.3954     58.640    96.5211     0.0874      7.908     3.9999     5.7163    174.276    178.637  0.000e+00
   58.21158 -137.08532    124.621     76.802     76.074     7.4019    32.0234  1025.3736    25.0216     7.3949     58.646    96.5211     0.0874      7.903     4.0004     5.7170    174.297    178.658  0.000e+00
   58.21158 -137.08532    124.646     76.802     76.074     7.4011    32.0222  1025.3728    25.0208     7.3941     58.651    96.5211     0.1167      7.903     4.0009     5.7177    174.318    178.680  0.000e+00
   58.21158 -137.08532    124.646     76.802     76.074     7.4007    32.0213  1025.3722    25.0202     7.3937     58.657    96.5211     0.1167      7.908     4.0013     5.7183    174.336    178.698  0.000e+00
   58.21158 -137.08532    124.590     76.745     76.018     7.4003    32.0210  1025.3717    25.0199     7.3933     58.661    96.5211     0.1167      7.908     4.0017     5.7188    174.352    178.714  0.000e+00
   58.21158 -137.08532    124.590     76.745     76.018     7.4001    32.0212  1025.3719    25.0202     7.3931     58.666    96.5211     0.1167      7.908     4.0020     5.7192    174.366    178.729  0.000e+00
   58.21158 -137.08532    124.590     76.745     76.018     7.4003    32.0211  1025.3718    25.0201     7.3933     58.662    96.4931     0.1167      7.908     4.0017     5.7189    174.355    178.718  0.000e+00
   58.21158 -137.08532    124.526     76.680     75.954     7.4002    32.0213  1025.3717    25.0202     7.3932     58.658    96.5211     0.1167      7.908     4.0014     5.7185    174.342    178.704  0.000e+00
   58.21158 -137.08532    124.590     76.745     76.018     7.4001    32.0209  1025.3716    25.0199     7.3931     58.661    96.5211     0.1167      7.908     4.0017     5.7188    174.354    178.716  0.000e+00
   58.21158 -137.08532    124.470     76.624     75.898     7.4003    32.0204  1025.3707    25.0195     7.3933     58.656    96.5211     0.1167      7.903     4.0013     5.7183    174.336    178.698  0.000e+00
   58.21158 -137.08532    124.470     76.624     75.898     7.4002    32.0205  1025.3707    25.0196     7.3932     58.650    96.4931     0.1167      7.908     4.0009     5.7177    174.320    178.682  0.000e+00
   58.21158 -137.08532    124.519     76.624     75.898     7.4000    32.0207  1025.3709    25.0197     7.3930     58.700    96.4652     0.1167      7.903     4.0043     5.7226    174.469    178.834  0.000e+00
   58.21158 -137.08532    124.543     76.624     75.898     7.3998    32.0204  1025.3707    25.0195     7.3928     58.700    96.4092     0.1167      7.908     4.0044     5.7227    174.471    178.836  0.000e+00
   58.21158 -137.08532    124.423     76.502     75.778     7.4001    32.0205  1025.3702    25.0196     7.3931     58.706    96.3813     0.1167      7.908     4.0048     5.7232    174.488    178.853  0.000e+00
   58.21158 -137.08532    124.479     76.559     75.834     7.3999    32.0203  1025.3704    25.0195     7.3929     58.650    96.3813     0.1167      7.903     4.0009     5.7177    174.320    178.682  0.000e+00
   58.21158 -137.08532    124.423     76.502     75.778     7.3997    32.0202  1025.3701    25.0194     7.3927     58.696    96.4092     0.1167      7.908     4.0041     5.7223    174.459    178.824  0.000e+00
   58.21158 -137.08532    124.423     76.502     75.778     7.4000    32.0195  1025.3694    25.0188     7.3930     58.701    96.4092     0.1167      7.908     4.0044     5.7227    174.473    178.838  0.000e+00
   58.21158 -137.08532    124.367     76.446     75.722     7.3995    32.0198  1025.3694    25.0191     7.3926     58.705    96.3813     0.1167      7.908     4.0047     5.7232    174.486    178.852  0.000e+00
   58.21158 -137.08532    124.303     76.381     75.658     7.3995    32.0199  1025.3692    25.0192     7.3925     58.700    96.3813     0.1167      7.903     4.0044     5.7227    174.473    178.838  0.000e+00
   58.21158 -137.08532    124.367     76.446     75.722     7.3993    32.0191  1025.3690    25.0186     7.3923     58.704    96.3813     0.1167      7.908     4.0047     5.7231    174.484    178.850  0.000e+00
   58.21158 -137.08532    124.296     76.325     75.602     7.3995    32.0186  1025.3680    25.0182     7.3925     58.705    96.4092     0.1167      7.908     4.0048     5.7232    174.488    178.853  0.000e+00
   58.21158 -137.08532    124.369     76.325     75.602     7.3992    32.0189  1025.3683    25.0184     7.3923     58.706    96.3813     0.1167      7.908     4.0049     5.7234    174.493    178.859  0.000e+00
   58.21158 -137.08532    124.353     76.308     75.586     7.3992    32.0184  1025.3678    25.0181     7.3922     58.707    96.4092     0.1167      7.903     4.0050     5.7235    174.496    178.862  0.000e+00
   58.21158 -137.08532    124.313     76.268     75.546     7.3988    32.0181  1025.3675    25.0179     7.3919     58.707    96.3813     0.0874      7.908     4.0050     5.7236    174.498    178.864  0.000e+00
   58.21158 -137.08532    124.313     76.268     75.546     7.3988    32.0177  1025.3671    25.0175     7.3918     58.707    96.4092     0.0874      7.903     4.0050     5.7236    174.498    178.864  0.000e+00
   58.21158 -137.08532    124.297     76.203     75.482     7.3987    32.0172  1025.3664    25.0172     7.3917     58.706    96.3813     0.0874      7.908     4.0049     5.7235    174.495    178.860  0.000e+00
   58.21158 -137.08532    124.371     76.203     75.482     7.3985    32.0172  1025.3665    25.0172     7.3916     58.704    96.4092     0.0874      7.903     4.0048     5.7233    174.491    178.856  0.000e+00
   58.21158 -137.08532    124.315     76.147     75.426     7.3985    32.0172  1025.3662    25.0172     7.3916     58.701    96.4092     0.0874      7.903     4.0047     5.7231    174.483    178.848  0.000e+00
   58.21158 -137.08532    124.315     76.147     75.426     7.3984    32.0174  1025.3663    25.0173     7.3915     58.755    96.3813     0.0874      7.903     4.0083     5.7283    174.642    179.011  0.000e+00
   58.21158 -137.08532    124.251     76.082     75.362     7.3983    32.0174  1025.3661    25.0174     7.3914     58.702    96.4092     0.0874      7.908     4.0047     5.7231    174.485    178.850  0.000e+00
   58.21158 -137.08532    124.268     76.025     75.306     7.3983    32.0168  1025.3654    25.0169     7.3914     58.697    96.3813     0.0874      7.903     4.0044     5.7227    174.472    178.837  0.000e+00
   58.21158 -137.08532    124.373     76.082     75.362     7.3983    32.0160  1025.3650    25.0163     7.3913     58.693    96.3533     0.0874      7.903     4.0041     5.7223    174.460    178.825  0.000e+00
   58.21158 -137.08532    124.317     76.025     75.306     7.3980    32.0158  1025.3646    25.0162     7.3911     58.687    96.2414     0.0874      7.908     4.0038     5.7218    174.444    178.808  0.000e+00
   58.21158 -137.08532    124.261     75.969     75.250     7.3978    32.0150  1025.3637    25.0155     7.3909     58.680    96.2414     0.0874      7.903     4.0034     5.7212    174.426    178.790  0.000e+00
   58.21158 -137.08532    124.261     75.969     75.250     7.3977    32.0152  1025.3639    25.0157     7.3908     58.730    96.2135     0.0874      7.908     4.0067     5.7260    174.573    178.940  0.000e+00
   58.21158 -137.08532    124.334     75.969     75.250     7.3980    32.0144  1025.3633    25.0151     7.3910     58.729    96.2414     0.0874      7.908     4.0067     5.7260    174.572    178.939  0.000e+00
   58.21158 -137.08532    124.319     75.904     75.186     7.3977    32.0145  1025.3631    25.0152     7.3908     58.679    96.2414     0.0874      7.903     4.0033     5.7211    174.424    178.788  0.000e+00
   58.21158 -137.08532    124.319     75.904     75.186     7.3973    32.0142  1025.3629    25.0150     7.3904     58.734    96.2414     0.0874      7.908     4.0071     5.7265    174.589    178.956  0.000e+00
   58.21158 -137.08532    124.319     75.904     75.186     7.3975    32.0141  1025.3628    25.0149     7.3906     58.739    96.2414     0.0874      7.908     4.0074     5.7270    174.605    178.972  0.000e+00
   58.21158 -137.08532    124.287     75.848     75.130     7.3973    32.0149  1025.3632    25.0156     7.3904     58.744    96.2414     0.0874      7.903     4.0077     5.7275    174.617    178.986  0.000e+00
   58.21158 -137.08532    124.416     75.904     75.186     7.3973    32.0149  1025.3634    25.0155     7.3904     58.749    96.2135     0.0874      7.903     4.0081     5.7279    174.631    179.000  0.000e+00
   58.21158 -137.08532    124.385     75.848     75.130     7.3976    32.0142  1025.3626    25.0150     7.3906     58.752    96.2135     0.0874      7.908     4.0083     5.7282    174.641    179.010  0.000e+00
   58.21158 -137.08532    124.321     75.783     75.065     7.3975    32.0142  1025.3623    25.0150     7.3906     58.754    96.2414     0.0874      7.903     4.0085     5.7285    174.649    179.018  0.000e+00
   58.21158 -137.08532    124.385     75.848     75.130     7.3973    32.0151  1025.3634    25.0157     7.3904     58.757    96.2135     0.0874      7.903     4.0086     5.7288    174.657    179.026  0.000e+00
   58.21158 -137.08532    124.345     75.783     75.065     7.3973    32.0146  1025.3627    25.0153     7.3904     58.759    96.2414     0.0874      7.903     4.0088     5.7289    174.662    179.031  0.000e+00
   58.21158 -137.08532    124.458     75.848     75.130     7.3973    32.0147  1025.3630    25.0154     7.3904     58.760    96.2414     0.0874      7.903     4.0089     5.7291    174.667    179.036  0.000e+00
   58.21158 -137.08532    124.418     75.783     75.065     7.3978    32.0143  1025.3623    25.0150     7.3909     58.705    96.2135     0.0874      7.903     4.0050     5.7236    174.500    178.865  0.000e+00
   58.21158 -137.08532    124.482     75.848     75.130     7.3973    32.0146  1025.3629    25.0153     7.3904     58.754    96.2414     0.0874      7.908     4.0084     5.7285    174.648    179.017  0.000e+00
   58.21158 -137.08532    124.418     75.783     75.065     7.3976    32.0146  1025.3626    25.0153     7.3906     58.753    96.2135     0.0874      7.903     4.0084     5.7283    174.645    179.013  0.000e+00
   58.21158 -137.08532    124.507     75.848     75.130     7.3975    32.0147  1025.3630    25.0154     7.3906     58.753    96.2135     0.0874      7.903     4.0083     5.7283    174.643    179.012  0.000e+00
   58.21158 -137.08532    124.492     75.783     75.065     7.3977    32.0152  1025.3631    25.0157     7.3908     58.751    96.2135     0.0874      7.903     4.0082     5.7281    174.636    179.005  0.000e+00
   58.21158 -137.08532    124.556     75.848     75.130     7.3977    32.0151  1025.3633    25.0157     7.3908     58.693    96.2135     0.0874      7.903     4.0042     5.7225    174.465    178.829  0.000e+00
   58.21158 -137.08532    124.556     75.848     75.130     7.3977    32.0153  1025.3634    25.0158     7.3908     58.739    96.2135     0.0874      7.903     4.0074     5.7269    174.602    178.970  0.000e+00
   58.21158 -137.08532    124.556     75.848     75.130     7.3976    32.0158  1025.3639    25.0162     7.3907     58.680    96.1855     0.0874      7.908     4.0034     5.7212    174.426    178.790  0.000e+00
   58.21158 -137.08532    124.604     75.848     75.130     7.3977    32.0159  1025.3639    25.0163     7.3908     58.670    96.1855     0.0874      7.903     4.0026     5.7201    174.394    178.757  0.000e+00
   58.21158 -137.08532    124.685     75.904     75.186     7.3982    32.0162  1025.3644    25.0165     7.3913     58.659    96.2135     0.0874      7.903     4.0018     5.7190    174.360    178.722  0.000e+00
   58.21158 -137.08532    124.629     75.848     75.130     7.3981    32.0174  1025.3651    25.0174     7.3912     58.703    96.1855     0.0874      7.903     4.0048     5.7233    174.490    178.855  0.000e+00
   58.21158 -137.08532    124.749     75.969     75.250     7.3985    32.0177  1025.3658    25.0176     7.3916     58.699    96.1855     0.0874      7.903     4.0045     5.7229    174.477    178.842  0.000e+00
   58.21158 -137.08532    124.685     75.904     75.186     7.3987    32.0178  1025.3655    25.0176     7.3918     58.694    96.1855     0.0874      7.903     4.0041     5.7223    174.459    178.824  0.000e+00
   58.21160 -137.08532    124.829     76.025     75.306     7.3987    32.0183  1025.3665    25.0181     7.3917     58.689    96.1855     0.0874      7.903     4.0038     5.7218    174.444    178.808  0.000e+00
   58.21160 -137.08532    124.773     75.969     75.250     7.3989    32.0186  1025.3664    25.0182     7.3920     58.690    96.1855     0.0874      7.903     4.0038     5.7218    174.445    178.810  0.000e+00
   58.21160 -137.08532    124.829     76.025     75.306     7.3988    32.0191  1025.3671    25.0186     7.3919     58.635    96.1855     0.0874      7.903     4.0001     5.7165    174.283    178.643  0.000e+00
   58.21160 -137.08532    124.829     76.025     75.306     7.3992    32.0189  1025.3669    25.0184     7.3922     58.629    96.1855     0.0874      7.903     3.9996     5.7158    174.262    178.622  0.000e+00
