EcoFOCI/data/1_SampleCollection/2022_GOA-OA_CruiseData/CTD_raw_BottleFile_RC0083/RC0083_051.ros
* Sea-Bird SBE 9 Data File:
* FileName = C:\Data\RC0083ctd\RC0083_051.hex
* Software Version Seasave V 7.26.7.107
* Temperature SN = 2060
* Conductivity SN = 1084
* Number of Bytes Per Scan = 31
* Number of Voltage Words = 4
* Number of Scans Averaged by the Deck Unit = 1
* NMEA Latitude = 58 14.99 N
* NMEA Longitude = 136 56.67 W
* NMEA UTC (Time) = Aug 19 2022  09:41:15
* NMEA baud rate = 4800
** Ship: R/V Rachel Carson
** Cruise ID: RC0083
** Tech: McHugh/Nomura
** Chief Scientist: Cross
** Station: SEM0
** Cast:  CTD051
# nquan = 21
# nvalues = 343                                   
# units = specified
# name 0 = latitude: Latitude [deg]
# name 1 = longitude: Longitude [deg]
# name 2 = sfdSM: Seafloor depth [salt water, m]
# name 3 = prDM: Pressure, Digiquartz [db]
# name 4 = depSM: Depth [salt water, m]
# name 5 = t090C: Temperature [ITS-90, deg C]
# name 6 = sal00: Salinity, Practical [PSU]
# name 7 = density00: Density [density, kg/m^3]
# name 8 = sigma-é00: Density [sigma-theta, kg/m^3]
# name 9 = potemp090C: Potential Temperature [ITS-90, deg C]
# name 10 = sbeox0PS: Oxygen, SBE 43 [% saturation]
# name 11 = CStarTr0: Beam Transmission, WET Labs C-Star [%]
# name 12 = flECO-AFL: Fluorescence, WET Labs ECO-AFL/FL [mg/m^3]
# name 13 = ph: pH
# name 14 = sbeox0ML/L: Oxygen, SBE 43 [ml/l]
# name 15 = sbeox0Mg/L: Oxygen, SBE 43 [mg/l]
# name 16 = sbox0Mm/Kg: Oxygen, SBE 43 [umol/kg]
# name 17 = sbeox0Mm/L: Oxygen, SBE 43 [umol/l]
# name 18 = scan: Scan Count
# name 19 = nbf: Bottles Fired
# name 20 = flag:  0.000e+00
# interval = seconds: 0.0416667
# start_time = Aug 19 2022 09:41:15 [NMEA time, header]
# bad_flag = -9.990e-29
*END*
[from data line 207]
   58.25132 -136.94172    124.880     26.544     26.296    10.2142    31.3789  1024.2112    24.0911    10.2113     76.030    94.6752     1.2009      8.089     4.8909     6.9896    213.291    218.430      14467          5  0.000e+00
   58.25132 -136.94172    124.944     26.609     26.360    10.2193    31.3774  1024.2095    24.0890    10.2163     76.016    94.6752     1.2009      8.084     4.8895     6.9876    213.229    218.366      14468          5  0.000e+00
   58.25132 -136.94172    124.880     26.544     26.296    10.2377    31.3720  1024.2019    24.0818    10.2348     76.000    94.6752     1.1716      8.089     4.8867     6.9836    213.108    218.240      14469          5  0.000e+00
   58.25132 -136.94172    124.784     26.447     26.200    10.2560    31.3579  1024.1874    24.0678    10.2530     75.984    94.6752     1.1423      8.084     4.8842     6.9800    213.003    218.129      14470          5  0.000e+00
   58.25132 -136.94172    124.768     26.431     26.184    10.2475    31.3643  1024.1938    24.0742    10.2445     75.974    94.6752     1.1423      8.089     4.8842     6.9800    213.002    218.129      14471          5  0.000e+00
   58.25132 -136.94172    124.591     26.253     26.008    10.2509    31.3696  1024.1965    24.0777    10.2480     75.961    94.6752     1.1423      8.089     4.8829     6.9781    212.943    218.070      14472          5  0.000e+00
   58.25132 -136.94172    124.824     26.488     26.240    10.2538    31.3736  1024.2002    24.0804    10.2509     75.899    94.6752     1.1423      8.089     4.8785     6.9718    212.750    217.873      14473          5  0.000e+00
   58.25132 -136.94172    124.527     26.189     25.944    10.2596    31.3782  1024.2014    24.0829    10.2567     75.882    94.6752     1.1423      8.089     4.8766     6.9691    212.667    217.788      14474          5  0.000e+00
   58.25132 -136.94172    124.591     26.253     26.008    10.2682    31.3781  1024.2003    24.0815    10.2652     75.868    94.6752     1.1423      8.089     4.8748     6.9666    212.591    217.710      14475          5  0.000e+00
   58.25132 -136.94172    124.704     26.366     26.120    10.2765    31.3779  1024.1992    24.0799    10.2736     75.857    94.6752     1.1423      8.089     4.8732     6.9643    212.520    217.638      14476          5  0.000e+00
   58.25132 -136.94172    124.591     26.253     26.008    10.2894    31.3768  1024.1957    24.0769    10.2865     75.844    94.6752     1.1423      8.088     4.8711     6.9613    212.428    217.542      14477          5  0.000e+00
   58.25132 -136.94172    124.351     26.011     25.768    10.3016    31.3765  1024.1923    24.0746    10.2987     75.838    94.6752     1.1423      8.088     4.8694     6.9589    212.356    217.468      14478          5  0.000e+00
   58.25132 -136.94172    124.591     26.253     26.008    10.3115    31.3758  1024.1913    24.0725    10.3086     75.832    94.6752     1.1423      8.088     4.8680     6.9568    212.294    217.404      14479          5  0.000e+00
   58.25132 -136.94172    124.295     25.954     25.712    10.3179    31.3744  1024.1877    24.0703    10.3150     75.823    94.6752     1.1423      8.088     4.8667     6.9551    212.240    217.348      14480          5  0.000e+00
   58.25132 -136.94172    124.407     26.068     25.824    10.3217    31.3733  1024.1868    24.0688    10.3188     75.818    94.6752     1.1423      8.088     4.8661     6.9541    212.212    217.320      14481          5  0.000e+00
   58.25132 -136.94172    124.527     26.189     25.944    10.3271    31.3746  1024.1874    24.0689    10.3242     75.815    94.6752     1.1423      8.088     4.8653     6.9530    212.177    217.284      14482          5  0.000e+00
   58.25132 -136.94172    124.295     25.954     25.712    10.3368    31.3737  1024.1840    24.0666    10.3339     75.810    94.6752     1.1423      8.088     4.8640     6.9511    212.119    217.224      14483          5  0.000e+00
   58.25132 -136.94172    124.295     25.954     25.712    10.3427    31.3763  1024.1850    24.0676    10.3398     75.809    94.6752     1.1423      8.088     4.8632     6.9499    212.084    217.188      14484          5  0.000e+00
   58.25132 -136.94172    124.175     25.833     25.592    10.3501    31.3766  1024.1835    24.0667    10.3472     75.807    94.6752     1.1423      8.088     4.8623     6.9487    212.046    217.149      14485          5  0.000e+00
   58.25132 -136.94172    124.231     25.890     25.648    10.3545    31.3737  1024.1807    24.0636    10.3516     75.809    94.7031     1.1423      8.088     4.8620     6.9483    212.034    217.137      14486          5  0.000e+00
   58.25132 -136.94172    124.295     25.954     25.712    10.3519    31.3741  1024.1818    24.0644    10.3490     75.758    94.7311     1.1423      8.088     4.8590     6.9440    211.905    217.004      14487          5  0.000e+00
   58.25132 -136.94172    124.055     25.712     25.472    10.3527    31.3752  1024.1814    24.0651    10.3498     75.754    94.7311     1.1423      8.088     4.8586     6.9435    211.887    216.986      14488          5  0.000e+00
   58.25132 -136.94172    124.175     25.833     25.592    10.3565    31.3750  1024.1812    24.0644    10.3536     75.755    94.7311     1.1423      8.088     4.8583     6.9430    211.872    216.971      14489          5  0.000e+00
   58.25132 -136.94172     91.313     25.890     25.648    10.3606    31.3751  1024.1809    24.0638    10.3577     75.756    94.7311     1.1716      8.088     4.8579     6.9425    211.857    216.955      14490          5  0.000e+00
   58.25132 -136.94172     63.265     25.777     25.536    10.3636    31.3744  1024.1792    24.0627    10.3607     75.758    94.7311     1.1716      8.088     4.8577     6.9422    211.849    216.947      14491          5  0.000e+00
   58.25132 -136.94172     57.708     25.591     25.352    10.3655    31.3739  1024.1777    24.0620    10.3626     75.760    94.7311     1.1716      8.088     4.8577     6.9422    211.848    216.946      14492          5  0.000e+00
   58.25132 -136.94172     59.173     25.591     25.352    10.3668    31.3737  1024.1773    24.0616    10.3639     75.766    94.7311     1.1716      8.088     4.8580     6.9425    211.859    216.957      14493          5  0.000e+00
   58.25132 -136.94172     60.657     25.954     25.712    10.3687    31.3732  1024.1783    24.0609    10.3658     75.770    94.7311     1.1716      8.088     4.8581     6.9426    211.863    216.961      14494          5  0.000e+00
   58.25132 -136.94172     60.492     25.591     25.352    10.3697    31.3735  1024.1767    24.0610    10.3669     75.721    94.7311     1.1716      8.088     4.8548     6.9380    211.721    216.815      14495          5  0.000e+00
   58.25132 -136.94172     60.507     25.655     25.416    10.3697    31.3733  1024.1769    24.0608    10.3669     75.781    94.7311     1.1716      8.088     4.8586     6.9434    211.887    216.985      14496          5  0.000e+00
   58.25132 -136.94172     60.458     25.655     25.416    10.3699    31.3733  1024.1768    24.0607    10.3670     75.786    94.7311     1.1716      8.088     4.8590     6.9439    211.903    217.001      14497          5  0.000e+00
   58.25132 -136.94172     60.554     25.777     25.536    10.3681    31.3730  1024.1774    24.0609    10.3652     75.741    94.7311     1.1716      8.088     4.8562     6.9400    211.783    216.879      14498          5  0.000e+00
   58.25132 -136.94172     60.514     25.712     25.472    10.3641    31.3714  1024.1765    24.0602    10.3612     75.743    94.7311     1.1716      8.088     4.8568     6.9409    211.809    216.905      14499          5  0.000e+00
   58.25132 -136.94172     60.338     25.534     25.296    10.3621    31.3719  1024.1765    24.0610    10.3592     75.752    94.7311     1.1716      8.088     4.8576     6.9420    211.843    216.940      14500          5  0.000e+00
   58.25132 -136.94172     60.434     25.655     25.416    10.3635    31.3732  1024.1778    24.0618    10.3606     75.758    94.7311     1.1716      8.088     4.8578     6.9423    211.853    216.951      14501          5  0.000e+00
   58.25132 -136.94172     60.434     25.655     25.416    10.3664    31.3734  1024.1775    24.0615    10.3635     75.765    94.7311     1.1716      8.088     4.8580     6.9425    211.859    216.957      14502          5  0.000e+00
   58.25132 -136.94172     60.578     25.777     25.536    10.3686    31.3741  1024.1782    24.0616    10.3657     75.775    94.7311     1.1716      8.088     4.8583     6.9431    211.876    216.974      14503          5  0.000e+00
   58.25132 -136.94172     60.265     25.534     25.296    10.3689    31.3760  1024.1785    24.0630    10.3660     75.783    94.7311     1.1716      8.088     4.8588     6.9437    211.894    216.993      14504          5  0.000e+00
   58.25148 -136.94138     78.065     11.135     11.032    13.3411    31.5440  1023.7001    23.6505    13.3396     95.535    95.3744     1.8163      8.251     5.7457     8.2111    250.673    256.601      16288          6  0.000e+00
   58.25148 -136.94138     77.828     11.168     11.064    13.3402    31.5444  1023.7008    23.6510    13.3387     95.532    95.3744     1.8163      8.251     5.7455     8.2110    250.667    256.596      16289          6  0.000e+00
   58.25148 -136.94138     78.578     11.111     11.008    13.3387    31.5440  1023.7005    23.6509    13.3372     95.527    95.3744     1.8163      8.251     5.7454     8.2108    250.663    256.591      16290          6  0.000e+00
   58.25148 -136.94138     79.047     11.289     11.184    13.3349    31.5441  1023.7021    23.6518    13.3333     95.524    95.3744     1.8163      8.251     5.7457     8.2112    250.674    256.603      16291          6  0.000e+00
   58.25148 -136.94138     78.959     11.200     11.096    13.3299    31.5450  1023.7034    23.6534    13.3284     95.523    95.3744     1.8163      8.251     5.7462     8.2119    250.696    256.626      16292          6  0.000e+00
   58.25148 -136.94138     78.967     11.232     11.128    13.3263    31.5457  1023.7048    23.6547    13.3248     95.523    95.3744     1.8749      8.251     5.7466     8.2125    250.713    256.643      16293          6  0.000e+00
   58.25148 -136.94138     78.942     11.232     11.128    13.3245    31.5468  1023.7060    23.6559    13.3230     95.522    95.3744     1.9921      8.251     5.7467     8.2126    250.717    256.648      16294          6  0.000e+00
   58.25148 -136.94138     78.966     11.257     11.152    13.3248    31.5453  1023.7048    23.6546    13.3233     95.521    95.3744     2.0215      8.251     5.7467     8.2125    250.715    256.645      16295          6  0.000e+00
   58.25148 -136.94138     78.942     11.232     11.128    13.3219    31.5453  1023.7053    23.6552    13.3204     95.518    95.3744     2.0215      8.251     5.7469     8.2129    250.724    256.655      16296          6  0.000e+00
   58.25148 -136.94138     78.942     11.232     11.128    13.3166    31.5474  1023.7080    23.6579    13.3151     95.516    95.3744     2.0215      8.251     5.7473     8.2135    250.742    256.674      16297          6  0.000e+00
   58.25148 -136.94138     78.966     11.257     11.152    13.3137    31.5507  1023.7113    23.6610    13.3121     95.514    95.3744     2.0215      8.251     5.7474     8.2136    250.745    256.678      16298          6  0.000e+00
   58.25148 -136.94138     78.998     11.289     11.184    13.3174    31.5490  1023.7094    23.6590    13.3159     95.511    95.3744     2.0215      8.251     5.7468     8.2127    250.720    256.652      16299          6  0.000e+00
   58.25148 -136.94138     78.998     11.289     11.184    13.3203    31.5457  1023.7062    23.6559    13.3188     95.565    95.3744     2.0215      8.251     5.7499     8.2171    250.855    256.789      16300          6  0.000e+00
   58.25148 -136.94138     79.291     11.289     11.184    13.3210    31.5440  1023.7048    23.6544    13.3194     95.572    95.3744     2.0215      8.251     5.7503     8.2177    250.872    256.806      16301          6  0.000e+00
   58.25148 -136.94138     97.159     11.257     11.152    13.3217    31.5429  1023.7037    23.6535    13.3202     95.572    95.3744     2.0215      8.251     5.7502     8.2176    250.871    256.805      16302          6  0.000e+00
   58.25148 -136.94138    109.270     11.353     11.248    13.3192    31.5384  1023.7011    23.6505    13.3176     95.574    95.3744     2.0215      8.251     5.7508     8.2184    250.895    256.829      16303          6  0.000e+00
   58.25148 -136.94138    111.086     11.289     11.184    13.3087    31.5346  1023.6999    23.6496    13.3072     95.578    95.3744     2.0215      8.251     5.7524     8.2208    250.968    256.904      16304          6  0.000e+00
   58.25148 -136.94138    110.337     11.321     11.216    13.2971    31.5318  1023.7002    23.6497    13.2956     95.584    95.3744     2.0215      8.251     5.7542     8.2234    251.047    256.985      16305          6  0.000e+00
   58.25148 -136.94138    109.880     11.353     11.248    13.2780    31.5352  1023.7067    23.6561    13.2765     95.590    95.3744     2.0215      8.251     5.7567     8.2269    251.154    257.095      16306          6  0.000e+00
   58.25148 -136.94138    109.831     11.353     11.248    13.2643    31.5385  1023.7120    23.6614    13.2627     95.594    95.3744     2.0215      8.251     5.7585     8.2295    251.231    257.175      16307          6  0.000e+00
   58.25148 -136.94138    109.856     11.353     11.248    13.2449    31.5518  1023.7261    23.6755    13.2434     95.593    95.3744     2.0215      8.251     5.7603     8.2320    251.303    257.253      16308          6  0.000e+00
   58.25148 -136.94138    109.904     11.378     11.272    13.2414    31.5559  1023.7300    23.6793    13.2399     95.596    95.3744     1.9921      8.251     5.7607     8.2326    251.322    257.273      16309          6  0.000e+00
   58.25148 -136.94138    109.880     11.353     11.248    13.2488    31.5498  1023.7238    23.6731    13.2473     95.597    95.3744     2.0215      8.251     5.7601     8.2318    251.298    257.247      16310          6  0.000e+00
   58.25148 -136.94138    109.936     11.410     11.304    13.2507    31.5433  1023.7186    23.6677    13.2491     95.599    95.3744     2.0215      8.251     5.7603     8.2320    251.306    257.254      16311          6  0.000e+00
   58.25148 -136.94138    109.904     11.378     11.272    13.2423    31.5423  1023.7194    23.6686    13.2407     95.601    95.3744     2.0215      8.251     5.7614     8.2336    251.354    257.303      16312          6  0.000e+00
   58.25148 -136.94138    109.936     11.410     11.304    13.2339    31.5444  1023.7228    23.6719    13.2324     95.602    95.3744     2.0215      8.251     5.7624     8.2350    251.397    257.349      16313          6  0.000e+00
   58.25148 -136.94138    109.912     11.410     11.304    13.2313    31.5427  1023.7220    23.6711    13.2298     95.603    95.3744     2.0801      8.251     5.7628     8.2356    251.415    257.366      16314          6  0.000e+00
   58.25148 -136.94138    109.992     11.467     11.360    13.2237    31.5408  1023.7223    23.6711    13.2222     95.598    95.3744     2.1094      8.251     5.7635     8.2366    251.445    257.397      16315          6  0.000e+00
   58.25148 -136.94138    109.960     11.434     11.328    13.2135    31.5373  1023.7214    23.6704    13.2119     95.597    95.3464     2.1094      8.251     5.7648     8.2385    251.502    257.455      16316          6  0.000e+00
   58.25148 -136.94138    109.992     11.467     11.360    13.1917    31.5405  1023.7283    23.6772    13.1902     95.598    95.3744     2.1094      8.251     5.7673     8.2420    251.610    257.567      16317          6  0.000e+00
