EcoFOCI/data/1_SampleCollection/2022_GOA-OA_CruiseData/CTD_raw_BottleFile_RC0083/RC0083_038.cnv
* Sea-Bird SBE 9 Data File:
* FileName = C:\Data\RC0083ctd\RC0083_038.hex
* Software Version Seasave V 7.26.7.107
* Temperature SN = 2060
* Conductivity SN = 1084
* Number of Bytes Per Scan = 31
* Number of Voltage Words = 4
* Number of Scans Averaged by the Deck Unit = 1
* NMEA Latitude = 58 13.26 N
* NMEA Longitude = 135 31.81 W
* NMEA UTC (Time) = Aug 18 2022  11:39:46
* NMEA baud rate = 4800
** Ship: R/V Rachel Carson
** Cruise ID: RC0083
** Tech: McHugh/Nomura
** Chief Scientist: Cross
** Station: ISA
** Cast:  CTD038
# nquan = 19
# nvalues = 15166                                 
# units = specified
# name 0 = latitude: Latitude [deg]
# name 1 = longitude: Longitude [deg]
# name 2 = sfdSM: Seafloor depth [salt water, m]
# name 3 = prDM: Pressure, Digiquartz [db]
# name 4 = depSM: Depth [salt water, m]
# name 5 = t090C: Temperature [ITS-90, deg C]
# name 6 = sal00: Salinity, Practical [PSU]
# name 7 = density00: Density [density, kg/m^3]
# name 8 = sigma-é00: Density [sigma-theta, kg/m^3]
# name 9 = potemp090C: Potential Temperature [ITS-90, deg C]
# name 10 = sbeox0PS: Oxygen, SBE 43 [% saturation]
# name 11 = CStarTr0: Beam Transmission, WET Labs C-Star [%]
# name 12 = flECO-AFL: Fluorescence, WET Labs ECO-AFL/FL [mg/m^3]
# name 13 = ph: pH
# name 14 = sbeox0ML/L: Oxygen, SBE 43 [ml/l]
# name 15 = sbeox0Mg/L: Oxygen, SBE 43 [mg/l]
# name 16 = sbox0Mm/Kg: Oxygen, SBE 43 [umol/kg]
# name 17 = sbeox0Mm/L: Oxygen, SBE 43 [umol/l]
# name 18 = flag:  0.000e+00
# span 0 =   58.22104,   58.22178                 
# span 1 = -135.53146, -135.53012                 
# span 2 =      3.208,    172.781                 
# span 3 =      2.907,     96.867                 
# span 4 =      2.880,     95.945                 
# span 5 =     6.2797,    10.9751                 
# span 6 =    26.0884,    32.0733                 
# span 7 =  1019.8658,  1025.6509                 
# span 8 =    19.8510,    25.2073                 
# span 9 =     6.2718,    10.9747                 
# span 10 =     43.034,     93.116                
# span 11 =    47.9670,    89.9764                
# span 12 =     0.0581,     2.8420                
# span 13 =      7.772,      8.198                
# span 14 =     3.0104,     6.1171                
# span 15 =     4.3021,     8.7419                
# span 16 =    131.142,    267.794                
# span 17 =    134.444,    273.188                
# span 18 = 0.0000e+00, 0.0000e+00                
# interval = seconds: 0.0416667
# start_time = Aug 18 2022 11:39:46 [NMEA time, header]
# bad_flag = -9.990e-29
*END*
[from data line 7772]
   58.22144 -135.53126    104.877     96.368     95.451     6.3095    32.0339  1025.6167    25.1726     6.3015     43.473    55.2948     0.1167      7.777     3.0410     4.3460    132.478    135.813  0.000e+00
   58.22144 -135.53126    104.901     96.392     95.475     6.3109    32.0323  1025.6154    25.1711     6.3029     43.477    55.2948     0.1167      7.777     3.0412     4.3462    132.487    135.822  0.000e+00
   58.22144 -135.53126    104.877     96.368     95.451     6.3109    32.0321  1025.6151    25.1710     6.3029     43.480    55.2948     0.1167      7.777     3.0414     4.3465    132.496    135.831  0.000e+00
   58.22144 -135.53126    104.877     96.368     95.451     6.3113    32.0319  1025.6149    25.1708     6.3033     43.498    55.2948     0.1167      7.777     3.0427     4.3483    132.550    135.886  0.000e+00
   58.22144 -135.53126    104.901     96.392     95.475     6.3117    32.0316  1025.6147    25.1705     6.3037     43.508    55.2948     0.1167      7.777     3.0434     4.3493    132.579    135.916  0.000e+00
   58.22144 -135.53126    104.933     96.425     95.507     6.3119    32.0313  1025.6146    25.1702     6.3039     43.509    55.2948     0.1167      7.777     3.0434     4.3494    132.582    135.919  0.000e+00
   58.22144 -135.53126    104.901     96.392     95.475     6.3124    32.0309  1025.6141    25.1698     6.3045     43.509    55.2948     0.1167      7.777     3.0434     4.3493    132.580    135.917  0.000e+00
   58.22144 -135.53126    104.877     96.368     95.451     6.3124    32.0311  1025.6141    25.1699     6.3045     43.507    55.2948     0.1167      7.777     3.0433     4.3492    132.577    135.914  0.000e+00
   58.22144 -135.53126    104.813     96.303     95.387     6.3127    32.0301  1025.6130    25.1692     6.3047     43.505    54.4278     0.1167      7.777     3.0431     4.3489    132.570    135.906  0.000e+00
   58.22144 -135.53126    104.965     96.457     95.539     6.3131    32.0292  1025.6129    25.1684     6.3051     43.503    53.6167     0.1167      7.777     3.0430     4.3487    132.563    135.899  0.000e+00
   58.22144 -135.53126    104.933     96.424     95.507     6.3139    32.0288  1025.6123    25.1680     6.3059     43.499    53.4489     0.1167      7.777     3.0426     4.3482    132.548    135.884  0.000e+00
   58.22144 -135.53126    104.901     96.392     95.475     6.3136    32.0295  1025.6128    25.1686     6.3056     43.494    53.4768     0.1167      7.777     3.0423     4.3477    132.533    135.869  0.000e+00
   58.22144 -135.53126    104.933     96.424     95.507     6.3136    32.0293  1025.6128    25.1684     6.3056     43.496    53.5328     0.1167      7.777     3.0425     4.3480    132.541    135.877  0.000e+00
   58.22144 -135.53126    104.901     96.392     95.475     6.3137    32.0293  1025.6126    25.1684     6.3057     43.490    53.5328     0.1167      7.777     3.0420     4.3473    132.520    135.855  0.000e+00
   58.22144 -135.53126    104.933     96.424     95.507     6.3140    32.0289  1025.6124    25.1681     6.3060     43.482    53.5328     0.1167      7.777     3.0415     4.3466    132.497    135.832  0.000e+00
   58.22144 -135.53126    104.877     96.368     95.451     6.3134    32.0298  1025.6130    25.1689     6.3054     43.482    53.5328     0.1167      7.777     3.0415     4.3465    132.497    135.831  0.000e+00
   58.22144 -135.53126    104.965     96.457     95.539     6.3126    32.0308  1025.6142    25.1697     6.3046     43.489    53.5328     0.1167      7.777     3.0420     4.3474    132.522    135.857  0.000e+00
   58.22144 -135.53126    104.877     96.368     95.451     6.3136    32.0289  1025.6122    25.1681     6.3056     43.488    53.5328     0.1167      7.777     3.0419     4.3471    132.514    135.850  0.000e+00
   58.22144 -135.53126    104.965     96.457     95.539     6.3152    32.0269  1025.6109    25.1663     6.3072     43.478    53.5328     0.1167      7.777     3.0411     4.3461    132.482    135.816  0.000e+00
   58.22144 -135.53126    104.933     96.424     95.507     6.3168    32.0249  1025.6089    25.1645     6.3088     43.523    53.5328     0.1167      7.777     3.0442     4.3505    132.617    135.954  0.000e+00
   58.22144 -135.53126    104.901     96.392     95.475     6.3175    32.0241  1025.6080    25.1638     6.3095     43.526    53.5328     0.1167      7.777     3.0444     4.3507    132.625    135.963  0.000e+00
   58.22144 -135.53126    104.933     96.424     95.507     6.3184    32.0228  1025.6071    25.1627     6.3104     43.464    53.5328     0.1167      7.777     3.0400     4.3445    132.435    135.767  0.000e+00
   58.22144 -135.53126    104.933     96.424     95.507     6.3188    32.0222  1025.6065    25.1622     6.3108     43.458    53.5328     0.1167      7.777     3.0396     4.3438    132.415    135.747  0.000e+00
   58.22144 -135.53126    104.901     96.392     95.475     6.3187    32.0228  1025.6069    25.1627     6.3107     43.459    53.5328     0.1167      7.777     3.0396     4.3440    132.418    135.750  0.000e+00
   58.22144 -135.53126    104.933     96.424     95.507     6.3187    32.0226  1025.6068    25.1625     6.3107     43.452    53.5328     0.1167      7.777     3.0392     4.3433    132.397    135.729  0.000e+00
   58.22144 -135.53126    104.965     96.457     95.539     6.3188    32.0222  1025.6067    25.1621     6.3108     43.445    53.5328     0.1167      7.777     3.0386     4.3425    132.374    135.705  0.000e+00
   58.22144 -135.53126    104.933     96.424     95.507     6.3191    32.0221  1025.6064    25.1620     6.3111     43.444    53.5328     0.1167      7.777     3.0386     4.3424    132.372    135.703  0.000e+00
   58.22144 -135.53126    104.933     96.424     95.507     6.3187    32.0226  1025.6069    25.1625     6.3107     43.435    53.5048     0.1167      7.777     3.0380     4.3416    132.346    135.676  0.000e+00
   58.22144 -135.53126    104.901     96.392     95.475     6.3184    32.0231  1025.6072    25.1629     6.3104     43.434    53.3650     0.1167      7.777     3.0379     4.3414    132.342    135.672  0.000e+00
   58.22144 -135.53126    104.933     96.424     95.507     6.3169    32.0255  1025.6094    25.1650     6.3089     43.425    53.1692     0.1167      7.777     3.0373     4.3406    132.316    135.646  0.000e+00
   58.22144 -135.53126    104.965     96.457     95.539     6.3161    32.0260  1025.6100    25.1655     6.3081     43.423    53.1133     0.1167      7.777     3.0372     4.3405    132.312    135.641  0.000e+00
   58.22144 -135.53126    104.933     96.424     95.507     6.3150    32.0272  1025.6109    25.1666     6.3070     43.412    53.1133     0.1167      7.777     3.0365     4.3395    132.281    135.610  0.000e+00
   58.22144 -135.53126    104.845     96.335     95.419     6.3145    32.0280  1025.6112    25.1673     6.3065     43.408    53.1412     0.1167      7.777     3.0363     4.3391    132.271    135.599  0.000e+00
   58.22144 -135.53126    105.053     96.546     95.627     6.3155    32.0268  1025.6111    25.1662     6.3075     43.397    53.1412     0.1167      7.777     3.0355     4.3380    132.237    135.564  0.000e+00
   58.22144 -135.53126    104.933     96.424     95.507     6.3163    32.0262  1025.6100    25.1657     6.3083     43.392    53.1412     0.1167      7.777     3.0351     4.3374    132.219    135.547  0.000e+00
   58.22144 -135.53126    104.901     96.392     95.475     6.3166    32.0253  1025.6091    25.1648     6.3086     43.388    53.1412     0.1167      7.777     3.0347     4.3370    132.205    135.532  0.000e+00
   58.22144 -135.53126    104.933     96.424     95.507     6.3168    32.0253  1025.6093    25.1649     6.3088     43.383    53.1412     0.1167      7.777     3.0344     4.3365    132.190    135.516  0.000e+00
   58.22144 -135.53126    104.965     96.457     95.539     6.3170    32.0248  1025.6090    25.1644     6.3090     43.378    53.1412     0.1167      7.777     3.0340     4.3360    132.174    135.501  0.000e+00
   58.22144 -135.53126    104.908     96.424     95.507     6.3173    32.0243  1025.6084    25.1640     6.3093     43.429    53.1412     0.1167      7.777     3.0376     4.3410    132.329    135.659  0.000e+00
   58.22144 -135.53126    104.908     96.424     95.507     6.3179    32.0238  1025.6079    25.1636     6.3099     43.382    53.1412     0.1167      7.777     3.0343     4.3363    132.185    135.511  0.000e+00
   58.22144 -135.53126    104.940     96.457     95.539     6.3186    32.0227  1025.6071    25.1626     6.3105     43.432    53.1412     0.1167      7.777     3.0378     4.3413    132.338    135.668  0.000e+00
   58.22144 -135.53126    104.908     96.424     95.507     6.3187    32.0224  1025.6067    25.1624     6.3107     43.377    53.1412     0.1167      7.777     3.0339     4.3357    132.167    135.493  0.000e+00
   58.22144 -135.53126    104.940     96.457     95.539     6.3189    32.0221  1025.6066    25.1621     6.3109     43.370    53.1412     0.1167      7.777     3.0334     4.3350    132.146    135.471  0.000e+00
   58.22144 -135.53126    104.908     96.424     95.507     6.3192    32.0221  1025.6064    25.1621     6.3112     43.362    53.1412     0.1167      7.777     3.0328     4.3342    132.122    135.446  0.000e+00
   58.22144 -135.53126    104.876     96.392     95.475     6.3188    32.0227  1025.6068    25.1626     6.3108     43.354    53.1412     0.1167      7.777     3.0323     4.3334    132.098    135.422  0.000e+00
   58.22144 -135.53126    104.908     96.424     95.507     6.3192    32.0223  1025.6065    25.1622     6.3112     43.346    53.1412     0.1167      7.777     3.0317     4.3326    132.073    135.396  0.000e+00
   58.22144 -135.53126    104.964     96.481     95.563     6.3198    32.0212  1025.6059    25.1612     6.3118     43.338    53.1412     0.1167      7.777     3.0311     4.3318    132.047    135.370  0.000e+00
   58.22144 -135.53126    104.876     96.392     95.475     6.3203    32.0208  1025.6051    25.1609     6.3123     43.385    53.1412     0.1167      7.777     3.0344     4.3365    132.190    135.516  0.000e+00
   58.22144 -135.53126    104.884     96.424     95.507     6.3207    32.0201  1025.6046    25.1603     6.3127     43.384    53.6167     0.1167      7.777     3.0343     4.3363    132.185    135.511  0.000e+00
   58.22144 -135.53126    104.916     96.457     95.539     6.3208    32.0197  1025.6045    25.1599     6.3128     43.390    54.9872     0.1167      7.777     3.0347     4.3369    132.204    135.530  0.000e+00
   58.22144 -135.53126    104.884     96.424     95.507     6.3213    32.0193  1025.6039    25.1595     6.3133     43.395    55.4626     0.1167      7.777     3.0350     4.3374    132.219    135.545  0.000e+00
   58.22144 -135.53126    104.884     96.424     95.507     6.3214    32.0193  1025.6039    25.1595     6.3134     43.400    55.4626     0.1167      7.777     3.0354     4.3379    132.234    135.561  0.000e+00
   58.22144 -135.53126    104.916     96.457     95.539     6.3219    32.0188  1025.6036    25.1591     6.3139     43.349    55.4067     0.1167      7.777     3.0318     4.3327    132.076    135.398  0.000e+00
   58.22144 -135.53126    104.884     96.424     95.507     6.3219    32.0186  1025.6033    25.1589     6.3139     43.402    55.3787     0.1167      7.777     3.0355     4.3381    132.239    135.566  0.000e+00
   58.22144 -135.53126    104.916     96.457     95.539     6.3219    32.0185  1025.6034    25.1589     6.3139     43.407    55.3787     0.1167      7.777     3.0358     4.3385    132.253    135.581  0.000e+00
   58.22144 -135.53126    104.884     96.424     95.507     6.3224    32.0182  1025.6029    25.1585     6.3144     43.354    55.3787     0.1167      7.777     3.0321     4.3332    132.092    135.415  0.000e+00
   58.22144 -135.53126    104.852     96.392     95.475     6.3222    32.0182  1025.6028    25.1586     6.3142     43.350    55.3787     0.1167      7.777     3.0319     4.3329    132.081    135.404  0.000e+00
   58.22144 -135.53126    104.940     96.481     95.563     6.3221    32.0186  1025.6035    25.1589     6.3141     43.347    55.3787     0.1167      7.777     3.0317     4.3326    132.072    135.395  0.000e+00
   58.22144 -135.53126    104.884     96.424     95.507     6.3221    32.0185  1025.6032    25.1588     6.3141     43.344    55.3787     0.1167      7.777     3.0314     4.3322    132.060    135.382  0.000e+00
   58.22144 -135.53126    104.916     96.457     95.539     6.3221    32.0180  1025.6030    25.1585     6.3141     43.340    55.3787     0.1167      7.777     3.0312     4.3318    132.050    135.372  0.000e+00
   58.22144 -135.53126    104.884     96.424     95.507     6.3219    32.0182  1025.6030    25.1587     6.3139     43.393    55.3787     0.1167      7.777     3.0349     4.3371    132.211    135.538  0.000e+00
   58.22144 -135.53126    104.916     96.457     95.539     6.3214    32.0194  1025.6041    25.1596     6.3134     43.397    55.3787     0.1167      7.777     3.0352     4.3376    132.224    135.551  0.000e+00
   58.22144 -135.53126    104.884     96.424     95.507     6.3217    32.0192  1025.6038    25.1594     6.3137     43.401    55.3787     0.1167      7.777     3.0354     4.3379    132.234    135.561  0.000e+00
   58.22144 -135.53126    104.884     96.424     95.507     6.3224    32.0176  1025.6025    25.1581     6.3144     43.404    55.3787     0.1167      7.777     3.0356     4.3382    132.243    135.570  0.000e+00
   58.22144 -135.53126    104.916     96.457     95.539     6.3235    32.0163  1025.6015    25.1569     6.3155     43.407    55.3787     0.1167      7.777     3.0358     4.3384    132.250    135.577  0.000e+00
   58.22144 -135.53126    104.884     96.424     95.507     6.3229    32.0172  1025.6021    25.1577     6.3149     43.409    55.3787     0.1167      7.777     3.0360     4.3387    132.258    135.586  0.000e+00
   58.22144 -135.53126    104.916     96.457     95.539     6.3221    32.0185  1025.6034    25.1589     6.3141     43.412    55.3787     0.1167      7.777     3.0362     4.3390    132.268    135.595  0.000e+00
   58.22144 -135.53126    104.940     96.481     95.563     6.3214    32.0194  1025.6043    25.1596     6.3134     43.414    55.3787     0.1167      7.777     3.0363     4.3392    132.275    135.603  0.000e+00
   58.22144 -135.53126    104.852     96.392     95.475     6.3206    32.0205  1025.6048    25.1606     6.3126     43.423    55.0151     0.1167      7.777     3.0370     4.3402    132.305    135.634  0.000e+00
   58.22144 -135.53126    104.940     96.481     95.563     6.3206    32.0204  1025.6051    25.1605     6.3126     43.433    52.6937     0.1167      7.777     3.0378     4.3412    132.336    135.666  0.000e+00
   58.22144 -135.53126    104.884     96.424     95.507     6.3203    32.0207  1025.6052    25.1608     6.3123     43.435    51.6589     0.1167      7.777     3.0379     4.3414    132.341    135.671  0.000e+00
   58.22144 -135.53126    104.916     96.457     95.539     6.3205    32.0203  1025.6050    25.1604     6.3125     43.436    51.5750     0.1167      7.777     3.0380     4.3415    132.345    135.675  0.000e+00
   58.22144 -135.53126    104.940     96.481     95.563     6.3211    32.0200  1025.6048    25.1602     6.3131     43.437    51.6868     0.1167      7.777     3.0380     4.3416    132.347    135.677  0.000e+00
   58.22144 -135.53126    104.916     96.456     95.539     6.3217    32.0188  1025.6037    25.1592     6.3137     43.438    51.7148     0.1167      7.777     3.0380     4.3416    132.348    135.677  0.000e+00
   58.22144 -135.53126    104.884     96.424     95.507     6.3208    32.0202  1025.6047    25.1604     6.3128     43.438    51.7148     0.1167      7.777     3.0381     4.3417    132.350    135.680  0.000e+00
