EcoFOCI/data/1_SampleCollection/2022_GOA-OA_CruiseData/CTD_raw_BottleFile_RC0083/RC0083_004.ros
* Sea-Bird SBE 9 Data File:
* FileName = C:\Data\RC0083ctd\RC0083_004.hex
* Software Version Seasave V 7.26.7.107
* Temperature SN = 2060
* Conductivity SN = 1084
* Number of Bytes Per Scan = 31
* Number of Voltage Words = 4
* Number of Scans Averaged by the Deck Unit = 1
* NMEA Latitude = 54 39.73 N
* NMEA Longitude = 133 17.19 W
* NMEA UTC (Time) = Aug 12 2022  07:22:27
* NMEA baud rate = 4800
** Ship: R/V Rachel Carson
** Cruise ID: RC0083 RC0083
** Tech: McHugh/Nomura
** Chief Scientist: Cross Cross
** Station: DE4
** Cast:  004
# nquan = 21
# nvalues = 490                                   
# units = specified
# name 0 = latitude: Latitude [deg]
# name 1 = longitude: Longitude [deg]
# name 2 = sfdSM: Seafloor depth [salt water, m]
# name 3 = prDM: Pressure, Digiquartz [db]
# name 4 = depSM: Depth [salt water, m]
# name 5 = t090C: Temperature [ITS-90, deg C]
# name 6 = sal00: Salinity, Practical [PSU]
# name 7 = density00: Density [density, kg/m^3]
# name 8 = sigma-é00: Density [sigma-theta, kg/m^3]
# name 9 = potemp090C: Potential Temperature [ITS-90, deg C]
# name 10 = sbeox0PS: Oxygen, SBE 43 [% saturation]
# name 11 = CStarTr0: Beam Transmission, WET Labs C-Star [%]
# name 12 = flECO-AFL: Fluorescence, WET Labs ECO-AFL/FL [mg/m^3]
# name 13 = ph: pH
# name 14 = sbeox0ML/L: Oxygen, SBE 43 [ml/l]
# name 15 = sbeox0Mg/L: Oxygen, SBE 43 [mg/l]
# name 16 = sbox0Mm/Kg: Oxygen, SBE 43 [umol/kg]
# name 17 = sbeox0Mm/L: Oxygen, SBE 43 [umol/l]
# name 18 = scan: Scan Count
# name 19 = nbf: Bottles Fired
# name 20 = flag:  0.000e+00
# interval = seconds: 0.0416667
# start_time = Aug 12 2022 07:22:27 [NMEA time, header]
# bad_flag = -9.990e-29
*END*
[from data line 345]
   54.66082 -133.27314    123.983     25.582     25.351    10.9785    31.5275  1024.1923    24.0770    10.9755     87.685    99.5138     1.1716      8.171     5.5429     7.9214    241.726    247.546      37241          8  0.000e+00
   54.66082 -133.27314    124.104     25.704     25.471    10.9866    31.5247  1024.1893    24.0734    10.9836     87.665    99.5138     1.1716      8.171     5.5408     7.9183    241.635    247.452      37242          8  0.000e+00
   54.66082 -133.27314    124.040     25.639     25.407    10.9960    31.5210  1024.1845    24.0689    10.9930     87.591    99.5138     1.1716      8.171     5.5351     7.9103    241.389    247.199      37243          8  0.000e+00
   54.66082 -133.27314    124.040     25.639     25.407    11.0026    31.5173  1024.1804    24.0649    10.9996     87.575    99.5138     1.1716      8.171     5.5334     7.9078    241.316    247.124      37244          8  0.000e+00
   54.66082 -133.27314    124.040     25.639     25.407    11.0057    31.5154  1024.1784    24.0629    11.0027     87.555    99.5138     1.1716      8.171     5.5319     7.9056    241.249    247.054      37245          8  0.000e+00
   54.66082 -133.27314    124.040     25.639     25.407    11.0025    31.5182  1024.1812    24.0656    10.9994     87.544    99.5138     1.1716      8.171     5.5315     7.9050    241.230    247.036      37246          8  0.000e+00
   54.66082 -133.27314    124.040     25.639     25.407    10.9986    31.5227  1024.1853    24.0698    10.9956     87.529    99.5138     1.2009      8.171     5.5308     7.9041    241.202    247.008      37247          8  0.000e+00
   54.66082 -133.27312    124.104     25.704     25.471    11.0063    31.5173  1024.1801    24.0643    11.0032     87.517    99.5138     1.2302      8.171     5.5293     7.9020    241.138    246.940      37248          8  0.000e+00
   54.66082 -133.27312    124.040     25.639     25.407    11.0102    31.5149  1024.1772    24.0617    11.0072     87.505    99.5138     1.2595      8.171     5.5282     7.9004    241.090    246.891      37249          8  0.000e+00
   54.66082 -133.27312    124.040     25.639     25.407    11.0107    31.5151  1024.1773    24.0617    11.0077     87.497    99.5138     1.2595      8.171     5.5277     7.8996    241.065    246.866      37250          8  0.000e+00
   54.66082 -133.27312    124.104     25.704     25.471    11.0123    31.5152  1024.1775    24.0616    11.0093     87.498    99.5138     1.2595      8.171     5.5275     7.8994    241.060    246.860      37251          8  0.000e+00
   54.66082 -133.27312    124.040     25.639     25.407    11.0127    31.5166  1024.1782    24.0626    11.0097     87.500    99.5138     1.2595      8.171     5.5276     7.8995    241.062    246.862      37252          8  0.000e+00
   54.66082 -133.27312    124.040     25.639     25.407    11.0183    31.5132  1024.1745    24.0590    11.0153     87.506    99.5138     1.2595      8.171     5.5274     7.8992    241.053    246.852      37253          8  0.000e+00
   54.66082 -133.27312    124.104     25.704     25.471    11.0188    31.5119  1024.1737    24.0579    11.0158     87.454    99.5138     1.2595      8.171     5.5241     7.8945    240.911    246.706      37254          8  0.000e+00
   54.66082 -133.27312    124.040     25.639     25.407    11.0090    31.5164  1024.1787    24.0631    11.0060     87.506    99.5418     1.2595      8.171     5.5284     7.9006    241.097    246.898      37255          8  0.000e+00
   54.66082 -133.27312    124.104     25.704     25.471    10.9945    31.5218  1024.1857    24.0698    10.9915     87.515    99.5138     1.2595      8.171     5.5305     7.9036    241.185    246.990      37256          8  0.000e+00
   54.66082 -133.27312    124.104     25.704     25.471    10.9656    31.5351  1024.2010    24.0851    10.9626     87.472    99.5138     1.2595      8.171     5.5307     7.9039    241.192    247.001      37257          8  0.000e+00
   54.66082 -133.27312    124.040     25.639     25.407    10.9389    31.5479  1024.2154    24.0998    10.9359     87.478    99.5138     1.2595      8.171     5.5338     7.9084    241.325    247.141      37258          8  0.000e+00
   54.66082 -133.27312    124.104     25.704     25.471    10.9239    31.5560  1024.2246    24.1087    10.9209     87.488    99.5138     1.2595      8.171     5.5359     7.9114    241.415    247.235      37259          8  0.000e+00
   54.66082 -133.27312    124.079     25.704     25.471    10.9358    31.5446  1024.2136    24.0977    10.9328     87.497    99.5418     1.2595      8.171     5.5355     7.9108    241.400    247.217      37260          8  0.000e+00
   54.66082 -133.27312    124.104     25.704     25.471    10.9500    31.5331  1024.2022    24.0863    10.9470     87.509    99.5418     1.2595      8.171     5.5350     7.9101    241.379    247.193      37261          8  0.000e+00
   54.66082 -133.27312    124.104     25.704     25.471    10.9556    31.5304  1024.1991    24.0832    10.9526     87.578    99.5418     1.2595      8.171     5.5388     7.9155    241.546    247.363      37262          8  0.000e+00
   54.66082 -133.27312    124.104     25.704     25.471    10.9579    31.5317  1024.1997    24.0838    10.9549     87.541    99.5697     1.2595      8.171     5.5362     7.9117    241.431    247.245      37263          8  0.000e+00
   54.66082 -133.27312    124.104     25.704     25.471    10.9597    31.5325  1024.2000    24.0842    10.9567     87.555    99.5418     1.2595      8.171     5.5368     7.9126    241.457    247.272      37264          8  0.000e+00
   54.66082 -133.27312    124.104     25.704     25.471    10.9617    31.5334  1024.2004    24.0846    10.9587     87.571    99.5418     1.2595      8.171     5.5375     7.9136    241.489    247.305      37265          8  0.000e+00
   54.66082 -133.27312    124.104     25.704     25.471    10.9661    31.5324  1024.1989    24.0830    10.9630     87.589    99.5418     1.2595      8.171     5.5382     7.9146    241.517    247.334      37266          8  0.000e+00
   54.66082 -133.27312    124.024     25.623     25.391    10.9671    31.5314  1024.1976    24.0820    10.9641     87.608    99.5418     1.2595      8.171     5.5393     7.9162    241.567    247.385      37267          8  0.000e+00
   54.66082 -133.27312    124.160     25.761     25.527    10.9645    31.5323  1024.1994    24.0832    10.9615     87.633    99.5418     1.3182      8.171     5.5411     7.9188    241.647    247.467      37268          8  0.000e+00
   54.66082 -133.27312    124.104     25.704     25.471    10.9620    31.5325  1024.1996    24.0838    10.9590     87.657    99.5418     1.3475      8.171     5.5430     7.9215    241.727    247.549      37269          8  0.000e+00
   54.66082 -133.27312    124.104     25.704     25.471    10.9584    31.5340  1024.2015    24.0856    10.9554     87.679    99.5418     1.3475      8.171     5.5447     7.9239    241.802    247.626      37270          8  0.000e+00
   54.66082 -133.27312    124.104     25.704     25.471    10.9503    31.5376  1024.2057    24.0898    10.9473     87.702    99.5418     1.3475      8.171     5.5470     7.9273    241.903    247.731      37271          8  0.000e+00
   54.66082 -133.27310    124.104     25.704     25.471    10.9414    31.5432  1024.2116    24.0957    10.9384     87.722    99.5418     1.3475      8.171     5.5491     7.9303    241.993    247.824      37272          8  0.000e+00
   54.66082 -133.27310    124.040     25.639     25.407    10.9389    31.5438  1024.2122    24.0966    10.9359     87.742    99.5418     1.3475      8.171     5.5507     7.9325    242.060    247.893      37273          8  0.000e+00
   54.66082 -133.27310    124.104     25.704     25.471    10.9383    31.5434  1024.2122    24.0963    10.9353     87.765    99.5418     1.3475      8.171     5.5522     7.9347    242.128    247.963      37274          8  0.000e+00
   54.66082 -133.27310    124.104     25.704     25.472    10.9380    31.5428  1024.2118    24.0959    10.9350     87.789    99.5418     1.3475      8.171     5.5538     7.9369    242.197    248.033      37275          8  0.000e+00
   54.66082 -133.27310    124.040     25.639     25.407    10.9375    31.5443  1024.2128    24.0972    10.9345     87.862    99.5418     1.3475      8.176     5.5584     7.9436    242.398    248.240      37276          8  0.000e+00
   54.66082 -133.27310    124.040     25.639     25.407    10.9416    31.5422  1024.2105    24.0949    10.9386     87.780    99.5418     1.3475      8.171     5.5528     7.9356    242.156    247.990      37277          8  0.000e+00
   54.66082 -133.27310    124.104     25.704     25.472    10.9444    31.5407  1024.2091    24.0932    10.9414     87.845    99.5418     1.3475      8.171     5.5567     7.9410    242.322    248.160      37278          8  0.000e+00
   54.66082 -133.27310    123.984     25.583     25.351    10.9450    31.5400  1024.2079    24.0926    10.9420     87.861    99.5418     1.3475      8.176     5.5576     7.9424    242.365    248.204      37279          8  0.000e+00
   54.66082 -133.27310    124.040     25.639     25.408    10.9459    31.5403  1024.2082    24.0926    10.9429     87.881    99.4858     1.3475      8.176     5.5587     7.9440    242.413    248.253      37280          8  0.000e+00
   54.66082 -133.27310    124.040     25.639     25.408    10.9468    31.5409  1024.2085    24.0929    10.9438     87.894    99.4299     1.3475      8.176     5.5595     7.9450    242.444    248.285      37281          8  0.000e+00
   54.66082 -133.27310    123.984     25.583     25.352    10.9474    31.5416  1024.2087    24.0933    10.9444     87.908    99.4299     1.3475      8.176     5.5602     7.9462    242.479    248.321      37282          8  0.000e+00
   54.66082 -133.27310    124.040     25.640     25.408    10.9492    31.5409  1024.2082    24.0925    10.9462     87.924    99.4299     1.3475      8.176     5.5611     7.9474    242.515    248.358      37283          8  0.000e+00
   54.66082 -133.27310    123.984     25.583     25.352    10.9517    31.5396  1024.2065    24.0911    10.9487     87.994    99.4299     1.3475      8.176     5.5653     7.9533    242.698    248.544      37284          8  0.000e+00
   54.66082 -133.27310    123.960     25.583     25.352    10.9528    31.5401  1024.2066    24.0913    10.9498     88.011    99.4299     1.3475      8.171     5.5662     7.9546    242.738    248.586      37285          8  0.000e+00
   54.66082 -133.27310    123.928     25.526     25.296    10.9594    31.5373  1024.2030    24.0879    10.9564     88.028    99.4299     1.3475      8.171     5.5665     7.9551    242.754    248.602      37286          8  0.000e+00
   54.66082 -133.27310    123.984     25.583     25.352    10.9643    31.5345  1024.2002    24.0849    10.9613     88.040    99.4299     1.3475      8.171     5.5668     7.9555    242.767    248.614      37287          8  0.000e+00
   54.66070 -133.27242    108.697     10.131     10.040    11.8706    31.2563  1023.7525    23.7070    11.8694    100.852    86.8718     3.4573      8.248     6.2659     8.9546    273.356    279.836      38792          9  0.000e+00
   54.66070 -133.27242    108.905     10.341     10.248    11.8706    31.2561  1023.7534    23.7069    11.8694    100.865    86.8718     3.4573      8.248     6.2667     8.9557    273.389    279.870      38793          9  0.000e+00
   54.66070 -133.27242    108.905     10.341     10.248    11.8710    31.2558  1023.7531    23.7066    11.8697    100.874    86.8718     3.4573      8.248     6.2673     8.9565    273.414    279.896      38794          9  0.000e+00
   54.66070 -133.27242    108.809     10.244     10.152    11.8708    31.2558  1023.7526    23.7066    11.8696    100.883    86.8718     3.4573      8.248     6.2678     8.9573    273.438    279.920      38795          9  0.000e+00
   54.66070 -133.27242    108.946     10.284     10.192    11.8703    31.2561  1023.7532    23.7070    11.8690    100.839    86.8159     3.4573      8.248     6.2652     8.9535    273.322    279.802      38796          9  0.000e+00
   54.66070 -133.27242    109.044     10.284     10.192    11.8702    31.2563  1023.7533    23.7071    11.8689    100.897    86.7599     3.4573      8.248     6.2688     8.9587    273.479    279.963      38797          9  0.000e+00
   54.66070 -133.27242    109.068     10.309     10.216    11.8702    31.2560  1023.7533    23.7069    11.8689    100.901    86.7599     3.4573      8.248     6.2690     8.9591    273.491    279.975      38798          9  0.000e+00
   54.66070 -133.27242    109.100     10.341     10.248    11.8705    31.2557  1023.7531    23.7066    11.8692    100.905    86.7599     3.4573      8.248     6.2692     8.9594    273.501    279.984      38799          9  0.000e+00
   54.66070 -133.27242    109.044     10.285     10.192    11.8710    31.2551  1023.7523    23.7061    11.8697    100.908    86.7599     3.4573      8.248     6.2694     8.9596    273.506    279.990      38800          9  0.000e+00
   54.66070 -133.27242    109.124     10.365     10.272    11.8700    31.2548  1023.7526    23.7060    11.8687    100.912    86.7599     3.4573      8.248     6.2698     8.9601    273.524    280.008      38801          9  0.000e+00
   54.66070 -133.27242    109.044     10.285     10.192    11.8668    31.2550  1023.7529    23.7067    11.8655    100.914    86.7599     3.4573      8.248     6.2703     8.9609    273.548    280.033      38802          9  0.000e+00
   54.66070 -133.27242    109.156     10.398     10.304    11.8638    31.2555  1023.7544    23.7077    11.8625    100.919    86.7599     3.4573      8.248     6.2710     8.9618    273.576    280.062      38803          9  0.000e+00
   54.66070 -133.27242    109.124     10.365     10.272    11.8622    31.2561  1023.7550    23.7084    11.8609    100.921    86.7599     3.4573      8.248     6.2713     8.9623    273.590    280.076      38804          9  0.000e+00
   54.66070 -133.27242    109.076     10.341     10.248    11.8618    31.2564  1023.7552    23.7088    11.8606    100.929    86.7599     3.4573      8.248     6.2718     8.9631    273.613    280.100      38805          9  0.000e+00
   54.66070 -133.27242    109.156     10.398     10.304    11.8621    31.2564  1023.7554    23.7087    11.8608    100.932    86.7599     3.4573      8.248     6.2720     8.9633    273.619    280.106      38806          9  0.000e+00
   54.66070 -133.27242    109.100     10.365     10.272    11.8624    31.2567  1023.7555    23.7089    11.8611    100.933    86.7599     3.4573      8.248     6.2720     8.9633    273.621    280.108      38807          9  0.000e+00
   54.66070 -133.27242    109.196     10.462     10.368    11.8625    31.2563  1023.7555    23.7086    11.8612    100.936    86.7599     3.6332      8.248     6.2722     8.9636    273.629    280.116      38808          9  0.000e+00
   54.66070 -133.27242    109.132     10.398     10.304    11.8622    31.2567  1023.7556    23.7089    11.8609    100.937    86.7879     3.7504      8.248     6.2723     8.9637    273.632    280.119      38809          9  0.000e+00
   54.66070 -133.27242    109.171     10.462     10.368    11.8620    31.2564  1023.7557    23.7087    11.8608    100.939    86.7599     3.7797      8.248     6.2724     8.9639    273.639    280.126      38810          9  0.000e+00
   54.66070 -133.27242    109.220     10.487     10.392    11.8609    31.2562  1023.7559    23.7088    11.8596    100.940    86.7599     3.7797      8.248     6.2727     8.9643    273.650    280.137      38811          9  0.000e+00
   54.66070 -133.27242    109.228     10.519     10.424    11.8597    31.2559  1023.7560    23.7087    11.8584    100.941    86.7599     3.7797      8.248     6.2729     8.9646    273.660    280.149      38812          9  0.000e+00
