EcoFOCI/data/1_SampleCollection/2022_GOA-OA_CruiseData/CTD_raw_BottleFile_RC0083/RC0083_027.ros
* Sea-Bird SBE 9 Data File:
* FileName = C:\Data\RC0083ctd\RC0083_027.hex
* Software Version Seasave V 7.26.7.107
* Temperature SN = 2060
* Conductivity SN = 1084
* Number of Bytes Per Scan = 31
* Number of Voltage Words = 4
* Number of Scans Averaged by the Deck Unit = 1
* NMEA Latitude = 59 01.12 N
* NMEA Longitude = 135 13.18 W
* NMEA UTC (Time) = Aug 17 2022  20:53:06
* NMEA baud rate = 4800
** Ship: R/V Rachel Carson
** Cruise ID: RC0083
** Tech: McHugh/Nomura
** Chief Scientist: Cross
** Station: LC04
** Cast:  CTD027
# nquan = 21
# nvalues = 294                                   
# units = specified
# name 0 = latitude: Latitude [deg]
# name 1 = longitude: Longitude [deg]
# name 2 = sfdSM: Seafloor depth [salt water, m]
# name 3 = prDM: Pressure, Digiquartz [db]
# name 4 = depSM: Depth [salt water, m]
# name 5 = t090C: Temperature [ITS-90, deg C]
# name 6 = sal00: Salinity, Practical [PSU]
# name 7 = density00: Density [density, kg/m^3]
# name 8 = sigma-é00: Density [sigma-theta, kg/m^3]
# name 9 = potemp090C: Potential Temperature [ITS-90, deg C]
# name 10 = sbeox0PS: Oxygen, SBE 43 [% saturation]
# name 11 = CStarTr0: Beam Transmission, WET Labs C-Star [%]
# name 12 = flECO-AFL: Fluorescence, WET Labs ECO-AFL/FL [mg/m^3]
# name 13 = ph: pH
# name 14 = sbeox0ML/L: Oxygen, SBE 43 [ml/l]
# name 15 = sbeox0Mg/L: Oxygen, SBE 43 [mg/l]
# name 16 = sbox0Mm/Kg: Oxygen, SBE 43 [umol/kg]
# name 17 = sbeox0Mm/L: Oxygen, SBE 43 [umol/l]
# name 18 = scan: Scan Count
# name 19 = nbf: Bottles Fired
# name 20 = flag:  0.000e+00
# interval = seconds: 0.0416667
# start_time = Aug 17 2022 20:53:06 [NMEA time, header]
# bad_flag = -9.990e-29
*END*
[from data line 207]
   59.02262 -135.22132    124.480     26.093     25.848     8.4515    29.9100  1023.3355    23.2161     8.4490     88.257   100.6885     0.1460      8.124     5.9599     8.5174    260.132    266.171      19218          5  0.000e+00
   59.02262 -135.22132    124.536     26.150     25.904     8.4495    29.9111  1023.3369    23.2172     8.4470     88.270   100.6885     0.1460      8.124     5.9611     8.5189    260.180    266.221      19219          5  0.000e+00
   59.02262 -135.22132    124.536     26.150     25.904     8.4483    29.9120  1023.3377    23.2180     8.4458     88.337   100.6885     0.1460      8.124     5.9657     8.5256    260.384    266.430      19220          5  0.000e+00
   59.02262 -135.22132    124.536     26.150     25.904     8.4488    29.9113  1023.3371    23.2174     8.4463     88.356   100.6885     0.1460      8.124     5.9670     8.5274    260.438    266.485      19221          5  0.000e+00
   59.02262 -135.22132    124.536     26.150     25.904     8.4501    29.9110  1023.3367    23.2170     8.4476     88.320   100.6885     0.1460      8.124     5.9644     8.5237    260.325    266.369      19222          5  0.000e+00
   59.02262 -135.22132    124.536     26.150     25.904     8.4509    29.9105  1023.3362    23.2165     8.4484     88.326   100.6885     0.1460      8.124     5.9646     8.5241    260.337    266.381      19223          5  0.000e+00
   59.02262 -135.22132    124.536     26.150     25.904     8.4497    29.9115  1023.3372    23.2175     8.4472     88.441   100.6885     0.1460      8.124     5.9726     8.5354    260.683    266.735      19224          5  0.000e+00
   59.02262 -135.22132    124.600     26.215     25.968     8.4495    29.9113  1023.3373    23.2174     8.4470     88.406   100.6885     0.1460      8.124     5.9702     8.5320    260.580    266.630      19225          5  0.000e+00
   59.02262 -135.22132    124.536     26.150     25.904     8.4491    29.9113  1023.3371    23.2174     8.4466     88.376   100.6885     0.1460      8.124     5.9682     8.5292    260.493    266.541      19226          5  0.000e+00
   59.02262 -135.22132    124.600     26.215     25.968     8.4478    29.9116  1023.3378    23.2178     8.4453     88.499   100.6885     0.1460      8.124     5.9767     8.5413    260.864    266.921      19227          5  0.000e+00
   59.02262 -135.22132    124.600     26.215     25.968     8.4452    29.9127  1023.3391    23.2191     8.4427     88.518   100.6885     0.1460      8.124     5.9783     8.5436    260.933    266.991      19228          5  0.000e+00
   59.02262 -135.22132    124.600     26.215     25.968     8.4439    29.9136  1023.3399    23.2200     8.4414     88.474   100.6885     0.1460      8.124     5.9755     8.5396    260.809    266.865      19229          5  0.000e+00
   59.02262 -135.22132    124.536     26.150     25.904     8.4444    29.9134  1023.3394    23.2197     8.4419     88.531   100.6885     0.1460      8.124     5.9793     8.5450    260.977    267.037      19230          5  0.000e+00
   59.02264 -135.22134    124.656     26.271     26.024     8.4446    29.9128  1023.3395    23.2192     8.4421     88.494   100.6885     0.1460      8.124     5.9768     8.5415    260.867    266.924      19231          5  0.000e+00
   59.02264 -135.22134    124.600     26.215     25.968     8.4447    29.9124  1023.3389    23.2189     8.4422     88.558   100.6885     0.1460      8.124     5.9811     8.5476    261.055    267.117      19232          5  0.000e+00
   59.02264 -135.22134    124.600     26.215     25.968     8.4442    29.9134  1023.3397    23.2197     8.4417     88.519   100.6885     0.1460      8.124     5.9785     8.5439    260.941    267.000      19233          5  0.000e+00
   59.02264 -135.22134    124.656     26.271     26.024     8.4442    29.9134  1023.3400    23.2197     8.4417     88.521   100.7165     0.1460      8.124     5.9786     8.5441    260.947    267.006      19234          5  0.000e+00
   59.02264 -135.22134    124.600     26.215     25.968     8.4444    29.9132  1023.3395    23.2195     8.4419     88.528   100.7724     0.1460      8.124     5.9791     8.5448    260.968    267.028      19235          5  0.000e+00
   59.02264 -135.22134    124.720     26.336     26.088     8.4436    29.9136  1023.3405    23.2200     8.4411     88.585   100.7724     0.1460      8.124     5.9831     8.5504    261.140    267.204      19236          5  0.000e+00
   59.02264 -135.22134    124.600     26.215     25.968     8.4428    29.9139  1023.3403    23.2203     8.4403     88.591   100.7724     0.1460      8.124     5.9835     8.5511    261.160    267.224      19237          5  0.000e+00
   59.02264 -135.22134    124.720     26.336     26.088     8.4426    29.9138  1023.3409    23.2203     8.4401     88.598   100.7724     0.1460      8.124     5.9840     8.5518    261.182    267.247      19238          5  0.000e+00
   59.02264 -135.22134    124.720     26.336     26.088     8.4428    29.9137  1023.3407    23.2202     8.4403     88.603   100.7724     0.1460      8.124     5.9843     8.5522    261.196    267.261      19239          5  0.000e+00
   59.02264 -135.22134    124.656     26.271     26.024     8.4431    29.9132  1023.3400    23.2198     8.4406     88.606   100.7724     0.1460      8.124     5.9845     8.5525    261.204    267.269      19240          5  0.000e+00
   59.02264 -135.22134    124.720     26.336     26.088     8.4429    29.9131  1023.3402    23.2197     8.4404     88.617   100.7724     0.1460      8.124     5.9853     8.5536    261.238    267.304      19241          5  0.000e+00
   59.02264 -135.22134    124.720     26.336     26.088     8.4431    29.9130  1023.3401    23.2196     8.4405     88.620   100.7724     0.1460      8.124     5.9855     8.5538    261.245    267.311      19242          5  0.000e+00
   59.02264 -135.22134    124.776     26.392     26.144     8.4428    29.9126  1023.3401    23.2193     8.4403     88.629   100.7724     0.1460      8.124     5.9862     8.5548    261.275    267.342      19243          5  0.000e+00
   59.02264 -135.22134    124.720     26.336     26.088     8.4424    29.9127  1023.3400    23.2195     8.4399     88.630   100.7724     0.1460      8.124     5.9862     8.5549    261.279    267.346      19244          5  0.000e+00
   59.02264 -135.22134    124.776     26.392     26.144     8.4422    29.9129  1023.3405    23.2197     8.4396     88.631   100.7724     0.1460      8.124     5.9863     8.5551    261.283    267.350      19245          5  0.000e+00
   59.02264 -135.22134    124.776     26.392     26.144     8.4421    29.9133  1023.3408    23.2200     8.4396     88.630   100.7724     0.1460      8.124     5.9863     8.5550    261.281    267.348      19246          5  0.000e+00
   59.02264 -135.22134    124.776     26.392     26.144     8.4422    29.9134  1023.3408    23.2200     8.4396     88.629   100.7724     0.1460      8.124     5.9862     8.5549    261.276    267.343      19247          5  0.000e+00
   59.02264 -135.22134    124.776     26.392     26.144     8.4422    29.9138  1023.3412    23.2204     8.4396     88.626   100.7724     0.1460      8.124     5.9860     8.5546    261.269    267.335      19248          5  0.000e+00
   59.02264 -135.22134    124.832     26.449     26.200     8.4428    29.9140  1023.3415    23.2204     8.4403     88.624   100.7724     0.1460      8.124     5.9857     8.5542    261.257    267.323      19249          5  0.000e+00
   59.02264 -135.22134    124.832     26.449     26.200     8.4431    29.9141  1023.3415    23.2204     8.4406     88.620   100.7724     0.1460      8.124     5.9854     8.5538    261.243    267.309      19250          5  0.000e+00
   59.02264 -135.22134    124.833     26.449     26.200     8.4429    29.9139  1023.3414    23.2203     8.4404     88.615   100.7724     0.1460      8.124     5.9851     8.5534    261.230    267.296      19251          5  0.000e+00
   59.02264 -135.22134    124.897     26.514     26.264     8.4433    29.9135  1023.3413    23.2199     8.4407     88.610   100.7724     0.1460      8.124     5.9848     8.5528    261.214    267.279      19252          5  0.000e+00
   59.02264 -135.22134    124.833     26.449     26.200     8.4433    29.9137  1023.3412    23.2201     8.4407     88.610   100.7724     0.1460      8.124     5.9847     8.5528    261.213    267.278      19253          5  0.000e+00
   59.02264 -135.22134    124.897     26.514     26.264     8.4429    29.9142  1023.3419    23.2206     8.4404     88.603   100.7724     0.1460      8.124     5.9843     8.5522    261.195    267.261      19254          5  0.000e+00
   59.02264 -135.22134    124.897     26.514     26.264     8.4436    29.9145  1023.3420    23.2207     8.4411     88.595   100.7724     0.1460      8.124     5.9837     8.5513    261.167    267.231      19255          5  0.000e+00
   59.02298 -135.22152      5.426      2.741      2.715    12.8617     9.7819  1006.9704     6.9577    12.8614    102.306    78.4811     2.6075      8.380     7.1191    10.1740    315.744    317.941      20427          6  0.000e+00
   59.02298 -135.22152      5.602      2.918      2.891    12.8634     9.7679  1006.9601     6.9466    12.8631    102.310    78.4811     2.6075      8.380     7.1197    10.1748    315.774    317.967      20428          6  0.000e+00
   59.02298 -135.22152      5.530      2.821      2.795    12.8651     9.7558  1006.9501     6.9371    12.8648    102.309    78.4811     2.6075      8.380     7.1200    10.1752    315.787    317.978      20429          6  0.000e+00
   59.02298 -135.22152      5.410      2.676      2.651    12.8652     9.7545  1006.9484     6.9360    12.8650    102.302    78.4811     2.6075      8.380     7.1195    10.1745    315.768    317.958      20430          6  0.000e+00
   59.02300 -135.22152      5.370      2.636      2.611    12.8654     9.7536  1006.9475     6.9353    12.8652    102.296    78.4811     2.6075      8.380     7.1191    10.1739    315.750    317.940      20431          6  0.000e+00
   59.02300 -135.22152      5.531      2.797      2.771    12.8667     9.7464  1006.9425     6.9296    12.8665    102.298    78.4811     2.6075      8.380     7.1194    10.1743    315.762    317.950      20432          6  0.000e+00
   59.02300 -135.22152      5.435      2.700      2.675    12.8673     9.7435  1006.9398     6.9273    12.8670    102.296    78.4811     2.6075      8.380     7.1193    10.1742    315.760    317.947      20433          6  0.000e+00
   59.02300 -135.22152      5.386      2.676      2.651    12.8673     9.7497  1006.9444     6.9320    12.8670    102.295    78.4811     2.6075      8.380     7.1189    10.1737    315.743    317.932      20434          6  0.000e+00
   59.02300 -135.22152      5.346      2.636      2.611    12.8665     9.7567  1006.9497     6.9375    12.8662    102.294    78.4811     2.6368      8.380     7.1186    10.1733    315.729    317.919      20435          6  0.000e+00
   59.02300 -135.22152      5.330      2.620      2.595    12.8654     9.7646  1006.9559     6.9438    12.8652    102.293    78.4811     2.6661      8.380     7.1184    10.1729    315.714    317.906      20436          6  0.000e+00
   59.02300 -135.22152      5.290      2.579      2.555    12.8643     9.7716  1006.9613     6.9493    12.8640    102.291    78.4811     2.6368      8.380     7.1181    10.1725    315.701    317.895      20437          6  0.000e+00
   59.02300 -135.22152      5.330      2.620      2.595    12.8639     9.7796  1006.9677     6.9556    12.8637    102.290    78.4811     2.6368      8.380     7.1177    10.1720    315.682    317.878      20438          6  0.000e+00
   59.02300 -135.22152      5.266      2.555      2.531    12.8629     9.7915  1006.9768     6.9649    12.8626    102.287    78.4811     2.6368      8.380     7.1172    10.1712    315.655    317.854      20439          6  0.000e+00
   59.02300 -135.22152      5.290      2.579      2.555    12.8616     9.8023  1006.9853     6.9734    12.8613    102.285    78.4811     2.6368      8.380     7.1168    10.1706    315.635    317.836      20440          6  0.000e+00
   59.02300 -135.22152      5.330      2.620      2.595    12.8606     9.8049  1006.9877     6.9756    12.8603    102.337    78.4811     2.6368      8.380     7.1204    10.1758    315.796    317.998      20441          6  0.000e+00
   59.02300 -135.22152      5.234      2.523      2.499    12.8613     9.7987  1006.9823     6.9706    12.8610    102.338    78.4811     2.6368      8.380     7.1207    10.1762    315.809    318.010      20442          6  0.000e+00
   59.02300 -135.22152      5.315      2.555      2.531    12.8619     9.7861  1006.9727     6.9609    12.8617    102.341    78.4811     2.6368      8.380     7.1213    10.1771    315.841    318.039      20443          6  0.000e+00
   59.02300 -135.22152      5.388      2.579      2.555    12.8629     9.7769  1006.9656     6.9537    12.8626    102.343    78.4811     2.6368      8.380     7.1217    10.1777    315.861    318.057      20444          6  0.000e+00
   59.02300 -135.22152      5.364      2.555      2.531    12.8636     9.7685  1006.9589     6.9471    12.8634    102.344    78.4811     2.6661      8.380     7.1221    10.1782    315.877    318.072      20445          6  0.000e+00
   59.02300 -135.22152      5.388      2.579      2.555    12.8651     9.7501  1006.9446     6.9326    12.8648    102.345    78.4532     2.6368      8.380     7.1227    10.1791    315.911    318.101      20446          6  0.000e+00
   59.02300 -135.22152      5.364      2.555      2.531    12.8664     9.7352  1006.9328     6.9210    12.8662    102.345    78.3133     2.6368      8.380     7.1232    10.1798    315.935    318.122      20447          6  0.000e+00
   59.02300 -135.22152      5.259      2.523      2.499    12.8676     9.7320  1006.9300     6.9183    12.8674    102.345    78.2294     2.6368      8.380     7.1231    10.1796    315.933    318.118      20448          6  0.000e+00
   59.02300 -135.22152      5.330      2.620      2.595    12.8664     9.7404  1006.9372     6.9250    12.8661    102.346    78.2014     2.6368      8.380     7.1230    10.1795    315.925    318.113      20449          6  0.000e+00
   59.02300 -135.22152      5.266      2.555      2.531    12.8645     9.7490  1006.9438     6.9319    12.8642    102.344    78.2294     2.6368      8.380     7.1228    10.1792    315.914    318.104      20450          6  0.000e+00
   59.02300 -135.22152      5.290      2.579      2.555    12.8632     9.7526  1006.9468     6.9349    12.8630    102.343    78.2294     2.6368      8.380     7.1228    10.1791    315.912    318.103      20451          6  0.000e+00
   59.02300 -135.22152      5.330      2.620      2.595    12.8629     9.7536  1006.9478     6.9357    12.8626    102.342    78.2294     2.6368      8.380     7.1227    10.1790    315.908    318.099      20452          6  0.000e+00
   59.02300 -135.22152      5.395      2.636      2.611    12.8633     9.7491  1006.9444     6.9322    12.8630    102.345    78.2294     2.6368      8.380     7.1231    10.1796    315.926    318.116      20453          6  0.000e+00
   59.02300 -135.22152      5.459      2.676      2.651    12.8643     9.7413  1006.9384     6.9260    12.8640    102.343    78.2294     2.6368      8.380     7.1231    10.1797    315.931    318.119      20454          6  0.000e+00
   59.02300 -135.22152      5.483      2.700      2.675    12.8649     9.7346  1006.9333     6.9208    12.8646    102.346    78.2294     2.6954      8.380     7.1235    10.1802    315.950    318.137      20455          6  0.000e+00
   59.02300 -135.22152      5.523      2.741      2.715    12.8659     9.7292  1006.9291     6.9164    12.8656    102.349    78.2294     2.8127      8.380     7.1238    10.1807    315.965    318.150      20456          6  0.000e+00
