EcoFOCI/data/1_SampleCollection/2022_GOA-OA_CruiseData/CTD_raw_BottleFile_RC0083/RC0083_034.ros
* Sea-Bird SBE 9 Data File:
* FileName = C:\Data\RC0083ctd\RC0083_034.hex
* Software Version Seasave V 7.26.7.107
* Temperature SN = 2060
* Conductivity SN = 1084
* Number of Bytes Per Scan = 31
* Number of Voltage Words = 4
* Number of Scans Averaged by the Deck Unit = 1
* NMEA Latitude = 58 09.63 N
* NMEA Longitude = 135 02.45 W
* NMEA UTC (Time) = Aug 18 2022  07:04:40
* NMEA baud rate = 4800
** Ship: R/V Rachel Carson
** Cruise ID: RC0083
** Tech: McHugh/Nomura
** Chief Scientist: Cross
** Station: UCD
** Cast:  CTD034
# nquan = 21
# nvalues = 294                                   
# units = specified
# name 0 = latitude: Latitude [deg]
# name 1 = longitude: Longitude [deg]
# name 2 = sfdSM: Seafloor depth [salt water, m]
# name 3 = prDM: Pressure, Digiquartz [db]
# name 4 = depSM: Depth [salt water, m]
# name 5 = t090C: Temperature [ITS-90, deg C]
# name 6 = sal00: Salinity, Practical [PSU]
# name 7 = density00: Density [density, kg/m^3]
# name 8 = sigma-é00: Density [sigma-theta, kg/m^3]
# name 9 = potemp090C: Potential Temperature [ITS-90, deg C]
# name 10 = sbeox0PS: Oxygen, SBE 43 [% saturation]
# name 11 = CStarTr0: Beam Transmission, WET Labs C-Star [%]
# name 12 = flECO-AFL: Fluorescence, WET Labs ECO-AFL/FL [mg/m^3]
# name 13 = ph: pH
# name 14 = sbeox0ML/L: Oxygen, SBE 43 [ml/l]
# name 15 = sbeox0Mg/L: Oxygen, SBE 43 [mg/l]
# name 16 = sbox0Mm/Kg: Oxygen, SBE 43 [umol/kg]
# name 17 = sbeox0Mm/L: Oxygen, SBE 43 [umol/l]
# name 18 = scan: Scan Count
# name 19 = nbf: Bottles Fired
# name 20 = flag:  0.000e+00
# interval = seconds: 0.0416667
# start_time = Aug 18 2022 07:04:40 [NMEA time, header]
# bad_flag = -9.990e-29
*END*
[from data line 207]
   58.15872 -135.04122     73.260     10.747     10.647    10.2767    28.0981  1021.5743    21.5254    10.2756     90.448    86.1167     3.1936      8.202     5.9336     8.4798    259.413    264.996      15547          5  0.000e+00
   58.15872 -135.04122     72.996     10.481     10.383    10.2754    28.1005  1021.5751    21.5274    10.2743     90.435    86.1167     3.1936      8.202     5.9329     8.4787    259.378    264.962      15548          5  0.000e+00
   58.15872 -135.04122     73.172     10.659     10.559    10.2759    28.0987  1021.5744    21.5260    10.2748     90.373    86.1167     3.1936      8.202     5.9288     8.4729    259.201    264.781      15549          5  0.000e+00
   58.15872 -135.04122     73.204     10.691     10.591    10.2803    28.0891  1021.5664    21.5178    10.2792     90.358    86.1167     3.1936      8.202     5.9276     8.4711    259.151    264.727      15550          5  0.000e+00
   58.15872 -135.04122     72.996     10.481     10.383    10.2848    28.0785  1021.5565    21.5088    10.2837     90.341    86.0887     3.1936      8.202     5.9263     8.4693    259.096    264.669      15551          5  0.000e+00
   58.15872 -135.04122     69.038     10.602     10.503    10.2866    28.0720  1021.5517    21.5034    10.2855     90.382    86.1167     3.1936      8.202     5.9291     8.4732    259.217    264.792      15552          5  0.000e+00
   58.15872 -135.04122     57.072     10.602     10.503    10.2893    28.0669  1021.5473    21.4991    10.2881     90.321    86.1167     3.2229      8.202     5.9249     8.4673    259.037    264.606      15553          5  0.000e+00
   58.15872 -135.04122     52.669     10.570     10.471    10.2916    28.0615  1021.5426    21.4945    10.2904     90.315    86.1167     3.2522      8.202     5.9244     8.4665    259.015    264.583      15554          5  0.000e+00
   58.15872 -135.04122     52.557     10.481     10.383    10.2949    28.0534  1021.5354    21.4877    10.2937     90.309    86.1167     3.2815      8.202     5.9239     8.4658    258.994    264.559      15555          5  0.000e+00
   58.15872 -135.04122     53.221     10.659     10.559    10.2970    28.0491  1021.5325    21.4840    10.2958     90.307    86.1167     3.2815      8.202     5.9236     8.4655    258.985    264.549      15556          5  0.000e+00
   58.15872 -135.04122     53.480     10.747     10.647    10.2966    28.0497  1021.5334    21.4845    10.2955     90.305    86.1167     3.2815      8.202     5.9235     8.4653    258.981    264.546      15557          5  0.000e+00
   58.15872 -135.04122     53.216     10.481     10.383    10.2965    28.0500  1021.5325    21.4848    10.2954     90.301    86.1167     3.2815      8.202     5.9233     8.4649    258.969    264.532      15558          5  0.000e+00
   58.15872 -135.04122     53.312     10.602     10.503    10.2966    28.0489  1021.5321    21.4839    10.2955     90.302    86.1167     3.2815      8.202     5.9233     8.4650    258.972    264.536      15559          5  0.000e+00
   58.15872 -135.04122     53.400     10.691     10.591    10.2975    28.0460  1021.5301    21.4815    10.2964     90.303    86.1167     3.2815      8.202     5.9234     8.4652    258.977    264.540      15560          5  0.000e+00
   58.15872 -135.04122     53.192     10.481     10.383    10.2983    28.0443  1021.5277    21.4801    10.2972     90.302    86.1167     3.2815      8.202     5.9233     8.4650    258.973    264.535      15561          5  0.000e+00
   58.15872 -135.04122     53.312     10.602     10.503    10.2973    28.0449  1021.5289    21.4807    10.2962     90.306    86.1167     3.2815      8.202     5.9237     8.4656    258.989    264.552      15562          5  0.000e+00
   58.15872 -135.04122     53.256     10.545     10.447    10.2991    28.0431  1021.5270    21.4790    10.2980     90.309    86.1167     3.2815      8.202     5.9237     8.4656    258.990    264.553      15563          5  0.000e+00
   58.15872 -135.04122     53.456     10.747     10.647    10.2980    28.0478  1021.5317    21.4828    10.2968     90.316    86.0887     3.2815      8.202     5.9242     8.4662    259.008    264.573      15564          5  0.000e+00
   58.15872 -135.04122     53.192     10.481     10.383    10.2951    28.0549  1021.5365    21.4888    10.2940     90.319    86.0887     3.2815      8.202     5.9244     8.4666    259.020    264.586      15565          5  0.000e+00
   58.15872 -135.04122     53.312     10.602     10.503    10.2940    28.0556  1021.5378    21.4896    10.2929     90.328    86.0887     3.2815      8.202     5.9251     8.4676    259.049    264.615      15566          5  0.000e+00
   58.15872 -135.04122     55.531     10.747     10.647    10.2955    28.0529  1021.5361    21.4872    10.2943     90.337    86.0887     3.2815      8.202     5.9256     8.4683    259.072    264.639      15567          5  0.000e+00
   58.15872 -135.04122     70.887     10.545     10.447    10.2950    28.0547  1021.5366    21.4886    10.2939     90.343    86.0887     3.2815      8.202     5.9261     8.4689    259.090    264.658      15568          5  0.000e+00
   58.15872 -135.04122     78.415     10.602     10.503    10.2928    28.0587  1021.5404    21.4921    10.2917     90.300    86.0887     3.2815      8.202     5.9233     8.4650    258.971    264.536      15569          5  0.000e+00
   58.15872 -135.04122     79.194     10.747     10.647    10.2909    28.0658  1021.5469    21.4980    10.2897     90.307    86.0887     3.2815      8.202     5.9238     8.4657    258.988    264.556      15570          5  0.000e+00
   58.15872 -135.04122     78.415     10.602     10.503    10.2882    28.0722  1021.5516    21.5034    10.2871     90.312    86.0887     3.2815      8.202     5.9242     8.4663    259.005    264.574      15571          5  0.000e+00
   58.15872 -135.04122     78.042     10.545     10.447    10.2873    28.0729  1021.5521    21.5041    10.2862     90.319    86.0887     3.2815      8.202     5.9247     8.4671    259.029    264.599      15572          5  0.000e+00
   58.15872 -135.04122     78.074     10.602     10.503    10.2874    28.0720  1021.5516    21.5034    10.2863     90.322    86.0887     3.2815      8.202     5.9250     8.4674    259.039    264.609      15573          5  0.000e+00
   58.15872 -135.04122     78.330     10.812     10.711    10.2861    28.0746  1021.5548    21.5056    10.2849     90.328    86.0887     3.4573      8.202     5.9254     8.4680    259.058    264.630      15574          5  0.000e+00
   58.15872 -135.04122     78.066     10.545     10.447    10.2840    28.0806  1021.5586    21.5106    10.2829     90.329    86.0887     3.5453      8.202     5.9256     8.4682    259.064    264.636      15575          5  0.000e+00
   58.15872 -135.04122     78.122     10.602     10.503    10.2820    28.0855  1021.5629    21.5147    10.2809     90.336    86.0887     3.5746      8.202     5.9261     8.4689    259.084    264.658      15576          5  0.000e+00
   58.15872 -135.04122     78.330     10.812     10.711    10.2817    28.0851  1021.5636    21.5144    10.2805     90.345    86.0887     3.5746      8.202     5.9267     8.4699    259.112    264.687      15577          5  0.000e+00
   58.15872 -135.04122     78.066     10.545     10.447    10.2809    28.0849  1021.5624    21.5145    10.2797     90.349    86.0887     3.5746      8.202     5.9271     8.4705    259.130    264.705      15578          5  0.000e+00
   58.15872 -135.04122     78.298     10.780     10.679    10.2764    28.0904  1021.5685    21.5194    10.2753     90.354    86.0887     3.5746      8.202     5.9278     8.4715    259.160    264.737      15579          5  0.000e+00
   58.15872 -135.04122     78.210     10.691     10.591    10.2740    28.0967  1021.5733    21.5247    10.2728     90.356    86.0887     3.5746      8.202     5.9281     8.4718    259.169    264.747      15580          5  0.000e+00
   58.15872 -135.04122     78.178     10.659     10.559    10.2708    28.1033  1021.5789    21.5304    10.2697     90.360    86.0887     3.5746      8.202     5.9285     8.4724    259.185    264.765      15581          5  0.000e+00
   58.15872 -135.04122     78.066     10.545     10.447    10.2693    28.1064  1021.5810    21.5330    10.2682     90.363    86.0887     3.5746      8.202     5.9288     8.4728    259.197    264.778      15582          5  0.000e+00
   58.15872 -135.04122     93.514     10.659     10.559    10.2677    28.1083  1021.5833    21.5348    10.2665     90.370    86.0887     3.5746      8.202     5.9293     8.4736    259.222    264.804      15583          5  0.000e+00
   58.15872 -135.04122    107.757     10.812     10.711    10.2662    28.1106  1021.5859    21.5367    10.2650     90.324    86.0887     3.5746      8.202     5.9264     8.4694    259.093    264.673      15584          5  0.000e+00
   58.15856 -135.04126     59.272      2.913      2.886    11.8232    24.6377  1018.5997    18.5865    11.8229    108.043    87.5990     3.5746      8.347     7.0059    10.0121    307.173    312.882      16831          6  0.000e+00
   58.15856 -135.04126     95.043      3.180      3.150    11.8192    24.6514  1018.6122    18.5978    11.8189    108.110    87.5990     3.7211      8.347     7.0102    10.0183    307.359    313.075      16832          6  0.000e+00
   58.15856 -135.04126    102.830      2.857      2.830    11.8203    24.5998  1018.5706    18.5576    11.8200    108.065    87.5990     3.7211      8.347     7.0094    10.0171    307.336    313.040      16833          6  0.000e+00
   58.15856 -135.04126    103.150      3.180      3.150    11.8247    24.5220  1018.5112    18.4967    11.8243    108.129    87.5990     3.7211      8.347     7.0163    10.0270    307.658    313.349      16834          6  0.000e+00
   58.15856 -135.04126    101.651      2.800      2.774    11.8305    24.4554  1018.4569    18.4441    11.8301    108.133    87.5990     3.7211      8.347     7.0187    10.0304    307.778    313.455      16835          6  0.000e+00
   58.15856 -135.04126    101.661      3.180      3.150    11.8358    24.4102  1018.4228    18.4083    11.8355    108.147    87.5990     3.7211      8.347     7.0208    10.0334    307.880    313.548      16836          6  0.000e+00
   58.15856 -135.04126    101.390      2.857      2.830    11.8395    24.3852  1018.4013    18.3883    11.8391    108.150    87.5990     3.7211      8.347     7.0215    10.0345    307.919    313.581      16837          6  0.000e+00
   58.15856 -135.04126    101.639      3.034      3.006    11.8418    24.3703  1018.3902    18.3764    11.8414    108.152    87.5990     3.7211      8.347     7.0220    10.0351    307.943    313.602      16838          6  0.000e+00
   58.15856 -135.04126    101.599      2.994      2.966    11.8424    24.3590  1018.3812    18.3676    11.8420    108.156    87.4592     3.7211      8.347     7.0227    10.0361    307.975    313.632      16839          6  0.000e+00
   58.15856 -135.04126    101.343      2.736      2.710    11.8434    24.3503  1018.3731    18.3607    11.8431    108.150    87.3753     3.7211      8.347     7.0225    10.0358    307.968    313.623      16840          6  0.000e+00
   58.15856 -135.04126    101.783      3.180      3.150    11.8431    24.3456  1018.3715    18.3570    11.8427    108.151    87.3753     3.7211      8.347     7.0228    10.0363    307.985    313.639      16841          6  0.000e+00
   58.15856 -135.04126    101.287      2.679      2.654    11.8428    24.3419  1018.3664    18.3543    11.8425    108.144    87.3753     3.7211      8.347     7.0226    10.0359    307.975    313.628      16842          6  0.000e+00
   58.15856 -135.04126    101.758      3.180      3.150    11.8436    24.3362  1018.3642    18.3497    11.8433    108.143    87.3753     3.7211      8.347     7.0226    10.0360    307.979    313.631      16843          6  0.000e+00
   58.15856 -135.04126    101.407      2.800      2.774    11.8443    24.3326  1018.3596    18.3468    11.8440    108.135    87.3753     3.7211      8.347     7.0221    10.0353    307.958    313.608      16844          6  0.000e+00
   58.15856 -135.04126    101.663      3.059      3.030    11.8430    24.3432  1018.3691    18.3552    11.8426    108.134    87.3753     3.7211      8.347     7.0218    10.0348    307.940    313.593      16845          6  0.000e+00
   58.15856 -135.04126    101.407      2.800      2.774    11.8406    24.3574  1018.3793    18.3666    11.8403    108.124    87.3753     3.7211      8.347     7.0209    10.0336    307.898    313.553      16846          6  0.000e+00
   58.15856 -135.04126    101.663      3.059      3.030    11.8407    24.3596  1018.3822    18.3683    11.8404    108.120    87.3753     3.7211      8.347     7.0205    10.0330    307.881    313.536      16847          6  0.000e+00
   58.15856 -135.04128    101.519      2.913      2.886    11.8411    24.3567  1018.3792    18.3660    11.8408    108.109    87.3753     3.7211      8.347     7.0198    10.0321    307.852    313.506      16848          6  0.000e+00
   58.15856 -135.04128    101.494      2.913      2.886    11.8418    24.3556  1018.3783    18.3650    11.8414    108.104    87.3753     3.7211      8.347     7.0195    10.0316    307.837    313.491      16849          6  0.000e+00
   58.15856 -135.04128    101.487      2.881      2.854    11.8412    24.3548  1018.3776    18.3645    11.8409    108.098    87.3753     3.7211      8.347     7.0192    10.0312    307.825    313.478      16850          6  0.000e+00
   58.15856 -135.04128    101.519      2.913      2.886    11.8414    24.3525  1018.3759    18.3627    11.8411    108.091    87.3753     3.4573      8.347     7.0189    10.0306    307.810    313.462      16851          6  0.000e+00
   58.15856 -135.04128    101.487      2.881      2.854    11.8412    24.3530  1018.3762    18.3631    11.8409    108.083    87.3753     3.2522      8.347     7.0183    10.0299    307.785    313.437      16852          6  0.000e+00
   58.15856 -135.04128    101.519      2.913      2.886    11.8411    24.3548  1018.3778    18.3646    11.8408    108.074    87.3753     3.1936      8.347     7.0177    10.0289    307.757    313.409      16853          6  0.000e+00
   58.15856 -135.04128    101.423      2.816      2.790    11.8423    24.3513  1018.3744    18.3616    11.8420    108.062    87.3753     3.1936      8.347     7.0168    10.0278    307.722    313.372      16854          6  0.000e+00
   58.15856 -135.04128    101.639      3.034      3.006    11.8426    24.3473  1018.3723    18.3585    11.8422    108.053    87.3753     3.1936      8.347     7.0164    10.0272    307.704    313.353      16855          6  0.000e+00
   58.15856 -135.04128    101.487      2.881      2.854    11.8434    24.3456  1018.3701    18.3570    11.8431    108.044    87.3753     3.1936      8.347     7.0158    10.0262    307.676    313.324      16856          6  0.000e+00
   58.15856 -135.04128    101.519      2.913      2.886    11.8451    24.3438  1018.3686    18.3553    11.8447    108.030    87.3753     3.1936      8.347     7.0147    10.0247    307.630    313.277      16857          6  0.000e+00
   58.15856 -135.04128    101.543      2.938      2.910    11.8459    24.3451  1018.3695    18.3562    11.8456    108.074    87.3753     3.1936      8.347     7.0174    10.0286    307.749    313.398      16858          6  0.000e+00
   58.15856 -135.04128     92.078      2.800      2.774    11.8451    24.3488  1018.3719    18.3592    11.8448    108.068    87.4032     3.1936      8.347     7.0170    10.0279    307.728    313.378      16859          6  0.000e+00
   58.15856 -135.04128     78.562      3.034      3.006    11.8443    24.3505  1018.3744    18.3607    11.8439    108.066    87.4312     3.1936      8.347     7.0168    10.0278    307.722    313.372      16860          6  0.000e+00
