EcoFOCI/data/1_SampleCollection/2022_GOA-OA_CruiseData/CTD_raw_BottleFile_RC0083/RC0083_007.ros
* Sea-Bird SBE 9 Data File:
* FileName = C:\Data\RC0083ctd\RC0083_007.hex
* Software Version Seasave V 7.26.7.107
* Temperature SN = 2060
* Conductivity SN = 1084
* Number of Bytes Per Scan = 31
* Number of Voltage Words = 4
* Number of Scans Averaged by the Deck Unit = 1
* NMEA Latitude = 54 36.09 N
* NMEA Longitude = 134 15.70 W
* NMEA UTC (Time) = Aug 12 2022  13:17:36
* NMEA baud rate = 4800
** Ship: R/V Rachel Carson
** Cruise ID: RC0083 RC0083
** Tech: McHugh/Nomura
** Chief Scientist: Cross Cross
** Station: DE7
** Cast:  007
# nquan = 21
# nvalues = 490                                   
# units = specified
# name 0 = latitude: Latitude [deg]
# name 1 = longitude: Longitude [deg]
# name 2 = sfdSM: Seafloor depth [salt water, m]
# name 3 = prDM: Pressure, Digiquartz [db]
# name 4 = depSM: Depth [salt water, m]
# name 5 = t090C: Temperature [ITS-90, deg C]
# name 6 = sal00: Salinity, Practical [PSU]
# name 7 = density00: Density [density, kg/m^3]
# name 8 = sigma-é00: Density [sigma-theta, kg/m^3]
# name 9 = potemp090C: Potential Temperature [ITS-90, deg C]
# name 10 = sbeox0PS: Oxygen, SBE 43 [% saturation]
# name 11 = CStarTr0: Beam Transmission, WET Labs C-Star [%]
# name 12 = flECO-AFL: Fluorescence, WET Labs ECO-AFL/FL [mg/m^3]
# name 13 = ph: pH
# name 14 = sbeox0ML/L: Oxygen, SBE 43 [ml/l]
# name 15 = sbeox0Mg/L: Oxygen, SBE 43 [mg/l]
# name 16 = sbox0Mm/Kg: Oxygen, SBE 43 [umol/kg]
# name 17 = sbeox0Mm/L: Oxygen, SBE 43 [umol/l]
# name 18 = scan: Scan Count
# name 19 = nbf: Bottles Fired
# name 20 = flag:  0.000e+00
# interval = seconds: 0.0416667
# start_time = Aug 12 2022 13:17:36 [NMEA time, header]
# bad_flag = -9.990e-29
*END*
[from data line 414]
   54.60264 -134.27264    107.835      9.286      9.202    13.3342    31.2995  1023.5042    23.4627    13.3330    102.807    89.8086     2.6954      8.302     6.1933     8.8508    270.252    276.592      56734          9  0.000e+00
   54.60264 -134.27264    107.867      9.318      9.234    13.3330    31.2991  1023.5043    23.4627    13.3318    102.808    89.8365     2.6954      8.302     6.1936     8.8512    270.263    276.604      56735          9  0.000e+00
   54.60264 -134.27264    107.803      9.253      9.170    13.3327    31.2991  1023.5040    23.4628    13.3315    102.808    89.8365     2.6954      8.302     6.1936     8.8513    270.264    276.606      56736          9  0.000e+00
   54.60264 -134.27264    107.835      9.286      9.202    13.3322    31.2997  1023.5048    23.4633    13.3310    102.756    89.8365     2.6954      8.302     6.1905     8.8468    270.128    276.466      56737          9  0.000e+00
   54.60264 -134.27264    107.803      9.253      9.170    13.3318    31.3000  1023.5049    23.4636    13.3305    102.750    89.8365     2.6954      8.302     6.1902     8.8464    270.115    276.453      56738          9  0.000e+00
   54.60264 -134.27264    107.803      9.253      9.170    13.3317    31.3001  1023.5050    23.4637    13.3305    102.750    89.8365     2.6954      8.302     6.1902     8.8464    270.115    276.453      56739          9  0.000e+00
   54.60264 -134.27264    107.835      9.286      9.202    13.3320    31.2997  1023.5048    23.4634    13.3308    102.798    89.8365     2.6954      8.302     6.1930     8.8505    270.240    276.581      56740          9  0.000e+00
   54.60264 -134.27264    107.842      9.318      9.234    13.3326    31.2996  1023.5047    23.4631    13.3313    102.745    89.8365     2.6954      8.302     6.1897     8.8458    270.097    276.434      56741          9  0.000e+00
   54.60264 -134.27264    107.803      9.254      9.170    13.3335    31.2992  1023.5040    23.4627    13.3323    102.737    89.8365     2.7541      8.302     6.1892     8.8450    270.073    276.410      56742          9  0.000e+00
   54.60264 -134.27264    107.891      9.342      9.258    13.3346    31.2987  1023.5038    23.4621    13.3333    102.732    89.8365     2.7541      8.302     6.1888     8.8444    270.054    276.390      56743          9  0.000e+00
   54.60264 -134.27264    107.867      9.318      9.234    13.3347    31.2990  1023.5038    23.4622    13.3335    102.778    89.8365     2.7834      8.302     6.1915     8.8483    270.174    276.513      56744          9  0.000e+00
   54.60264 -134.27264    107.867      9.318      9.234    13.3340    31.2990  1023.5040    23.4625    13.3327    102.776    89.8365     2.7541      8.302     6.1915     8.8483    270.173    276.512      56745          9  0.000e+00
   54.60264 -134.27264    107.891      9.342      9.258    13.3335    31.2990  1023.5042    23.4625    13.3322    102.721    89.8365     2.7541      8.302     6.1882     8.8436    270.031    276.367      56746          9  0.000e+00
   54.60264 -134.27264    107.923      9.375      9.290    13.3337    31.2998  1023.5049    23.4631    13.3324    102.714    89.8365     2.7834      8.302     6.1877     8.8429    270.009    276.344      56747          9  0.000e+00
   54.60264 -134.27264    107.867      9.318      9.234    13.3346    31.3002  1023.5048    23.4632    13.3334    102.705    89.8365     2.7834      8.302     6.1871     8.8419    269.980    276.314      56748          9  0.000e+00
   54.60264 -134.27264    107.922      9.399      9.314    13.3356    31.2995  1023.5044    23.4625    13.3343    102.697    89.8365     2.7541      8.302     6.1865     8.8412    269.956    276.290      56749          9  0.000e+00
   54.60264 -134.27264    107.979      9.431      9.346    13.3352    31.2992  1023.5044    23.4623    13.3340    102.689    89.8365     2.7541      8.302     6.1861     8.8405    269.937    276.271      56750          9  0.000e+00
   54.60264 -134.27264    107.979      9.431      9.346    13.3345    31.2993  1023.5046    23.4625    13.3333    102.681    89.8365     2.7834      8.302     6.1857     8.8399    269.918    276.251      56751          9  0.000e+00
   54.60264 -134.27264    108.011      9.464      9.378    13.3345    31.2988  1023.5044    23.4621    13.3333    102.678    89.8365     2.7541      8.302     6.1855     8.8397    269.911    276.244      56752          9  0.000e+00
   54.60264 -134.27264    108.043      9.496      9.411    13.3348    31.2996  1023.5051    23.4627    13.3335    102.675    89.8365     2.7834      8.302     6.1852     8.8393    269.901    276.233      56753          9  0.000e+00
   54.60264 -134.27264    108.019      9.496      9.411    13.3360    31.3002  1023.5053    23.4630    13.3347    102.671    89.8365     2.7541      8.302     6.1849     8.8388    269.884    276.216      56754          9  0.000e+00
   54.60264 -134.27264    108.067      9.520      9.435    13.3373    31.2993  1023.5045    23.4620    13.3360    102.668    89.7806     2.7541      8.302     6.1845     8.8383    269.870    276.202      56755          9  0.000e+00
   54.60264 -134.27264    108.099      9.553      9.467    13.3362    31.2999  1023.5053    23.4627    13.3349    102.612    89.7806     2.7541      8.302     6.1813     8.8337    269.727    276.056      56756          9  0.000e+00
   54.60264 -134.27264    108.163      9.617      9.531    13.3352    31.2989  1023.5050    23.4621    13.3339    102.604    89.7806     2.7834      8.302     6.1810     8.8333    269.715    276.043      56757          9  0.000e+00
   54.60264 -134.27264    108.187      9.641      9.555    13.3338    31.2990  1023.5055    23.4625    13.3325    102.596    89.7806     2.7834      8.302     6.1807     8.8328    269.702    276.030      56758          9  0.000e+00
   54.60264 -134.27264    108.163      9.617      9.531    13.3327    31.2988  1023.5054    23.4625    13.3314    102.588    89.7806     2.7834      8.302     6.1803     8.8323    269.686    276.013      56759          9  0.000e+00
   54.60264 -134.27264    108.275      9.730      9.643    13.3316    31.2995  1023.5067    23.4633    13.3303    102.582    89.7806     2.7541      8.302     6.1801     8.8319    269.674    276.002      56760          9  0.000e+00
   54.60266 -134.27318      4.517      4.041      4.004    13.6983    31.3650  1023.4588    23.4409    13.6977    102.195    90.7875     2.6368      8.301     6.1080     8.7290    266.536    272.784      58732         10  0.000e+00
   54.60266 -134.27318      6.765      3.944      3.908    13.6982    31.3657  1023.4590    23.4414    13.6976    102.149    90.7875     2.6368      8.301     6.1052     8.7250    266.415    272.660      58733         10  0.000e+00
   54.60266 -134.27318      8.199      3.863      3.828    13.6983    31.3654  1023.4583    23.4411    13.6978    102.203    90.7875     2.6075      8.301     6.1085     8.7297    266.558    272.806      58734         10  0.000e+00
   54.60266 -134.27318      8.499      3.944      3.908    13.6984    31.3653  1023.4586    23.4410    13.6978    102.213    90.8154     2.6368      8.301     6.1091     8.7305    266.582    272.831      58735         10  0.000e+00
   54.60266 -134.27318      8.378      3.920      3.884    13.6982    31.3653  1023.4585    23.4411    13.6976    102.168    90.8434     2.6368      8.301     6.1064     8.7266    266.465    272.711      58736         10  0.000e+00
   54.60266 -134.27318      8.208      3.823      3.788    13.6984    31.3653  1023.4581    23.4410    13.6978    102.222    90.8714     2.6368      8.301     6.1096     8.7313    266.607    272.857      58737         10  0.000e+00
   54.60266 -134.27318      8.304      3.920      3.884    13.6983    31.3652  1023.4585    23.4410    13.6978    102.232    90.8714     2.6368      8.301     6.1102     8.7321    266.633    272.883      58738         10  0.000e+00
   54.60266 -134.27318      8.233      3.823      3.788    13.6984    31.3653  1023.4581    23.4410    13.6978    102.186    90.8714     2.6368      8.301     6.1075     8.7282    266.513    272.760      58739         10  0.000e+00
   54.60266 -134.27318      8.273      3.863      3.828    13.6983    31.3654  1023.4583    23.4411    13.6978    102.190    90.8714     2.6368      8.301     6.1077     8.7285    266.523    272.771      58740         10  0.000e+00
   54.60266 -134.27318      8.217      3.807      3.772    13.6982    31.3654  1023.4581    23.4411    13.6976    102.193    90.8714     2.6368      8.301     6.1079     8.7288    266.531    272.779      58741         10  0.000e+00
   54.60266 -134.27318      8.208      3.823      3.788    13.6978    31.3654  1023.4582    23.4412    13.6973    102.191    90.8714     2.6075      8.301     6.1079     8.7287    266.529    272.777      58742         10  0.000e+00
   54.60266 -134.27318      8.217      3.807      3.772    13.6975    31.3654  1023.4582    23.4413    13.6969    102.195    90.8714     2.6368      8.301     6.1081     8.7291    266.540    272.788      58743         10  0.000e+00
   54.60266 -134.27318      8.096      3.710      3.676    13.6973    31.3653  1023.4578    23.4412    13.6968    102.198    90.8714     2.6368      8.301     6.1083     8.7294    266.548    272.796      58744         10  0.000e+00
   54.60266 -134.27318      8.192      3.807      3.772    13.6973    31.3652  1023.4581    23.4411    13.6968    102.198    90.8714     2.6368      8.301     6.1083     8.7294    266.548    272.796      58745         10  0.000e+00
   54.60266 -134.27318      8.121      3.710      3.676    13.6975    31.3653  1023.4577    23.4412    13.6969    102.200    90.8714     2.6368      8.301     6.1084     8.7296    266.555    272.803      58746         10  0.000e+00
   54.60266 -134.27318     35.545      3.686      3.652    13.6973    31.3649  1023.4574    23.4409    13.6968    102.199    90.8714     2.6368      8.301     6.1084     8.7295    266.553    272.801      58747         10  0.000e+00
   54.60266 -134.27318     89.171      3.710      3.676    13.6971    31.3650  1023.4576    23.4411    13.6966    102.198    90.8714     2.6368      8.301     6.1084     8.7295    266.551    272.800      58748         10  0.000e+00
   54.60266 -134.27318    103.596      3.629      3.596    13.6971    31.3651  1023.4573    23.4411    13.6966    102.196    90.8714     2.6368      8.301     6.1082     8.7293    266.546    272.794      58749         10  0.000e+00
   54.60266 -134.27318    103.612      3.645      3.612    13.6971    31.3657  1023.4578    23.4416    13.6966    102.195    90.8714     2.6368      8.301     6.1082     8.7292    266.542    272.790      58750         10  0.000e+00
   54.60266 -134.27318    102.693      3.629      3.596    13.6975    31.3655  1023.4575    23.4414    13.6970    102.194    90.8714     2.6661      8.301     6.1080     8.7290    266.537    272.785      58751         10  0.000e+00
   54.60266 -134.27318    101.994      3.564      3.532    13.6976    31.3655  1023.4572    23.4413    13.6972    102.192    90.8714     2.6661      8.301     6.1079     8.7288    266.531    272.779      58752         10  0.000e+00
   54.60266 -134.27318    102.067      3.589      3.556    13.6978    31.3654  1023.4572    23.4412    13.6974    102.191    90.8714     2.6368      8.301     6.1078     8.7287    266.528    272.776      58753         10  0.000e+00
   54.60266 -134.27318    102.141      3.564      3.532    13.6978    31.3654  1023.4571    23.4413    13.6973    102.190    90.8714     2.6368      8.301     6.1078     8.7286    266.525    272.773      58754         10  0.000e+00
   54.60266 -134.27318    102.125      3.524      3.492    13.6978    31.3654  1023.4569    23.4412    13.6974    102.188    90.8714     2.6368      8.301     6.1077     8.7285    266.520    272.768      58755         10  0.000e+00
   54.60266 -134.27318    102.109      3.508      3.476    13.6978    31.3654  1023.4569    23.4412    13.6973    102.187    90.8714     2.6661      8.301     6.1076     8.7283    266.517    272.765      58756         10  0.000e+00
   54.60266 -134.27318    102.069      3.468      3.436    13.6976    31.3658  1023.4570    23.4416    13.6972    102.185    90.8434     2.6368      8.301     6.1075     8.7282    266.513    272.761      58757         10  0.000e+00
   54.60266 -134.27318     90.470      3.443      3.412    13.6976    31.3654  1023.4566    23.4413    13.6972    102.184    90.8714     2.6368      8.301     6.1074     8.7281    266.510    272.757      58758         10  0.000e+00
   54.60266 -134.27318     29.517      3.468      3.436    13.6975    31.3650  1023.4564    23.4410    13.6970    102.183    90.8714     2.6368      8.301     6.1074     8.7281    266.510    272.757      58759         10  0.000e+00
   54.60266 -134.27318      3.356      3.387      3.356    13.6976    31.3656  1023.4565    23.4414    13.6972    102.181    90.8714     2.6368      8.301     6.1072     8.7279    266.502    272.749      58760         10  0.000e+00
   54.60266 -134.27318      3.381      3.411      3.381    13.6976    31.3655  1023.4565    23.4413    13.6972    102.180    90.8434     2.6368      8.301     6.1072     8.7278    266.500    272.747      58761         10  0.000e+00
   54.60266 -134.27318      3.503      3.387      3.357    13.6973    31.3652  1023.4562    23.4411    13.6969    102.179    90.8714     2.6368      8.301     6.1072     8.7277    266.499    272.746      58762         10  0.000e+00
   54.60266 -134.27318      4.553      3.387      3.357    13.6968    31.3653  1023.4564    23.4413    13.6964    102.178    90.8714     2.6661      8.301     6.1072     8.7277    266.499    272.746      58763         10  0.000e+00
   54.60266 -134.27318      4.562      3.347      3.317    13.6960    31.3653  1023.4564    23.4415    13.6955    102.176    90.8434     2.6661      8.301     6.1072     8.7278    266.499    272.746      58764         10  0.000e+00
   54.60266 -134.27318      4.424      3.330      3.301    13.6957    31.3649  1023.4561    23.4413    13.6952    102.175    90.8714     2.6661      8.301     6.1071     8.7277    266.498    272.745      58765         10  0.000e+00
   54.60266 -134.27318      4.415      3.347      3.317    13.6955    31.3648  1023.4561    23.4412    13.6950    102.174    90.8714     2.6661      8.301     6.1071     8.7277    266.497    272.744      58766         10  0.000e+00
   54.60266 -134.27318      4.375      3.331      3.301    13.6951    31.3652  1023.4564    23.4416    13.6947    102.172    90.8714     2.6661      8.301     6.1071     8.7276    266.495    272.742      58767         10  0.000e+00
   54.60266 -134.27318      4.359      3.290      3.261    13.6948    31.3650  1023.4561    23.4415    13.6943    102.171    90.8714     2.6368      8.301     6.1070     8.7276    266.493    272.740      58768         10  0.000e+00
   54.60266 -134.27318      4.335      3.266      3.237    13.6946    31.3651  1023.4562    23.4416    13.6942    102.169    90.8714     2.5196      8.301     6.1070     8.7275    266.490    272.737      58769         10  0.000e+00
   54.60266 -134.27318      4.360      3.290      3.261    13.6946    31.3650  1023.4562    23.4415    13.6942    102.222    90.8714     2.4610      8.301     6.1101     8.7319    266.626    272.876      58770         10  0.000e+00
   54.60266 -134.27318      4.336      3.266      3.237    13.6944    31.3651  1023.4562    23.4416    13.6940    102.225    90.8714     2.4610      8.301     6.1103     8.7323    266.637    272.887      58771         10  0.000e+00
   54.60266 -134.27318      4.296      3.226      3.197    13.6943    31.3650  1023.4559    23.4416    13.6939    102.229    90.8714     2.4610      8.301     6.1105     8.7326    266.646    272.897      58772         10  0.000e+00
