EcoFOCI/data/1_SampleCollection/2022_GOA-OA_CruiseData/CTD_raw_BottleFile_RC0083/RC0083_066.ros
* Sea-Bird SBE 9 Data File:
* FileName = C:\Data\RC0083ctd\RC0083_066.hex
* Software Version Seasave V 7.26.7.107
* Temperature SN = 2060
* Conductivity SN = 1084
* Number of Bytes Per Scan = 31
* Number of Voltage Words = 4
* Number of Scans Averaged by the Deck Unit = 1
* NMEA Latitude = 58 53.63 N
* NMEA Longitude = 136 05.61 W
* NMEA UTC (Time) = Aug 20 2022  17:36:24
* NMEA baud rate = 4800
** Ship: R/V Rachel Carson
** Cruise ID: RC0083
** Tech: McHugh/Nomura
** Chief Scientist: Cross
** Station: GB16
** Cast:  CTD066
# nquan = 21
# nvalues = 343                                   
# units = specified
# name 0 = latitude: Latitude [deg]
# name 1 = longitude: Longitude [deg]
# name 2 = sfdSM: Seafloor depth [salt water, m]
# name 3 = prDM: Pressure, Digiquartz [db]
# name 4 = depSM: Depth [salt water, m]
# name 5 = t090C: Temperature [ITS-90, deg C]
# name 6 = sal00: Salinity, Practical [PSU]
# name 7 = density00: Density [density, kg/m^3]
# name 8 = sigma-é00: Density [sigma-theta, kg/m^3]
# name 9 = potemp090C: Potential Temperature [ITS-90, deg C]
# name 10 = sbeox0PS: Oxygen, SBE 43 [% saturation]
# name 11 = CStarTr0: Beam Transmission, WET Labs C-Star [%]
# name 12 = flECO-AFL: Fluorescence, WET Labs ECO-AFL/FL [mg/m^3]
# name 13 = ph: pH
# name 14 = sbeox0ML/L: Oxygen, SBE 43 [ml/l]
# name 15 = sbeox0Mg/L: Oxygen, SBE 43 [mg/l]
# name 16 = sbox0Mm/Kg: Oxygen, SBE 43 [umol/kg]
# name 17 = sbeox0Mm/L: Oxygen, SBE 43 [umol/l]
# name 18 = scan: Scan Count
# name 19 = nbf: Bottles Fired
# name 20 = flag:  0.000e+00
# interval = seconds: 0.0416667
# start_time = Aug 20 2022 17:36:24 [NMEA time, header]
# bad_flag = -9.990e-29
*END*
[from data line 69]
   58.89182 -136.09476    298.947    202.302    200.314     4.8453    30.8905  1025.3771    24.4364     4.8311     74.704   100.5207    -0.0884      7.926     5.4516     7.7909    237.660    243.468      19363          2  0.000e+00
   58.89182 -136.09476    299.083    202.439    200.450     4.8452    30.8903  1025.3776    24.4363     4.8309     74.710   100.5207    -0.0884      7.926     5.4520     7.7915    237.680    243.488      19364          2  0.000e+00
   58.89182 -136.09476    299.003    202.358    200.370     4.8452    30.8900  1025.3770    24.4361     4.8309     74.710   100.5207    -0.1177      7.926     5.4521     7.7915    237.681    243.489      19365          2  0.000e+00
   58.89182 -136.09476    298.963    202.318    200.330     4.8450    30.8905  1025.3772    24.4365     4.8308     74.708   100.5207    -0.0884      7.926     5.4519     7.7913    237.673    243.481      19366          2  0.000e+00
   58.89182 -136.09476    299.019    202.375    200.386     4.8452    30.8895  1025.3767    24.4357     4.8309     74.703   100.5207    -0.1177      7.926     5.4515     7.7908    237.658    243.466      19367          2  0.000e+00
   58.89182 -136.09476    298.947    202.302    200.314     4.8450    30.8893  1025.3762    24.4355     4.8308     74.703   100.5207    -0.1177      7.926     5.4515     7.7908    237.658    243.466      19368          2  0.000e+00
   58.89182 -136.09476    299.019    202.375    200.386     4.8452    30.8905  1025.3775    24.4365     4.8309     74.701   100.5207    -0.0884      7.926     5.4513     7.7905    237.650    243.457      19369          2  0.000e+00
   58.89182 -136.09476    299.003    202.358    200.370     4.8450    30.8910  1025.3778    24.4369     4.8308     74.686   100.5207    -0.0884      7.926     5.4503     7.7890    237.603    243.410      19370          2  0.000e+00
   58.89182 -136.09476    298.963    202.318    200.330     4.8452    30.8902  1025.3769    24.4362     4.8310     74.726   100.5207    -0.1177      7.926     5.4532     7.7932    237.732    243.541      19371          2  0.000e+00
   58.89182 -136.09476    299.003    202.358    200.370     4.8452    30.8904  1025.3773    24.4364     4.8309     74.723   100.5207    -0.1177      7.926     5.4530     7.7929    237.721    243.530      19372          2  0.000e+00
   58.89182 -136.09476    298.994    202.375    200.386     4.8450    30.8904  1025.3774    24.4364     4.8308     74.717   100.5207    -0.1177      7.926     5.4525     7.7922    237.701    243.510      19373          2  0.000e+00
   58.89182 -136.09476    299.003    202.358    200.370     4.8452    30.8902  1025.3772    24.4363     4.8309     74.648   100.5207    -0.1177      7.926     5.4475     7.7850    237.482    243.285      19374          2  0.000e+00
   58.89182 -136.09476    298.963    202.318    200.330     4.8452    30.8892  1025.3762    24.4355     4.8310     74.626   100.5207    -0.1177      7.926     5.4459     7.7828    237.414    243.215      19375          2  0.000e+00
   58.89182 -136.09476    299.003    202.358    200.370     4.8450    30.8896  1025.3767    24.4358     4.8308     74.602   100.5207    -0.0884      7.926     5.4442     7.7803    237.337    243.136      19376          2  0.000e+00
   58.89182 -136.09476    298.963    202.318    200.330     4.8452    30.8903  1025.3771    24.4363     4.8310     74.583   100.5207    -0.0884      7.926     5.4427     7.7782    237.275    243.073      19377          2  0.000e+00
   58.89182 -136.09476    299.003    202.358    200.370     4.8450    30.8906  1025.3775    24.4366     4.8308     74.562   100.5207    -0.1177      7.926     5.4413     7.7761    237.210    243.007      19378          2  0.000e+00
   58.89182 -136.09476    299.019    202.375    200.386     4.8452    30.8903  1025.3773    24.4363     4.8309     74.539   100.5207    -0.1177      7.926     5.4395     7.7737    237.135    242.930      19379          2  0.000e+00
   58.89182 -136.09476    299.003    202.358    200.370     4.8452    30.8902  1025.3772    24.4363     4.8309     74.513   100.4927    -0.0884      7.926     5.4376     7.7709    237.052    242.845      19380          2  0.000e+00
   58.89182 -136.09476    298.963    202.318    200.330     4.8452    30.8905  1025.3772    24.4364     4.8310     74.484   100.4647    -0.0884      7.926     5.4355     7.7679    236.960    242.750      19381          2  0.000e+00
   58.89182 -136.09476    299.067    202.423    200.434     4.8452    30.8894  1025.3768    24.4356     4.8309     74.463   100.4647    -0.1177      7.926     5.4340     7.7658    236.895    242.684      19382          2  0.000e+00
   58.89182 -136.09476    298.963    202.318    200.330     4.8453    30.8888  1025.3759    24.4351     4.8311     74.438   100.4647    -0.1177      7.926     5.4322     7.7631    236.815    242.601      19383          2  0.000e+00
   58.89182 -136.09476    298.947    202.302    200.314     4.8450    30.8905  1025.3771    24.4365     4.8308     74.353   100.4647    -0.0884      7.926     5.4260     7.7543    236.544    242.324      19384          2  0.000e+00
   58.89182 -136.09476    299.058    202.439    200.450     4.8452    30.8905  1025.3778    24.4365     4.8309     74.317   100.4647    -0.0884      7.926     5.4234     7.7505    236.430    242.207      19385          2  0.000e+00
   58.89182 -136.09476    298.947    202.302    200.314     4.8453    30.8906  1025.3772    24.4365     4.8311     74.345   100.4647    -0.0884      7.926     5.4253     7.7534    236.516    242.296      19386          2  0.000e+00
   58.89182 -136.09476    299.019    202.375    200.386     4.8452    30.8904  1025.3774    24.4364     4.8309     74.323   100.4647    -0.0884      7.926     5.4238     7.7511    236.447    242.225      19387          2  0.000e+00
   58.89182 -136.09476    299.003    202.358    200.370     4.8452    30.8904  1025.3773    24.4364     4.8309     74.240   100.4647    -0.1177      7.926     5.4177     7.7424    236.183    241.954      19388          2  0.000e+00
   58.89182 -136.09476    299.019    202.375    200.386     4.8452    30.8899  1025.3770    24.4360     4.8309     74.205   100.4647    -0.1177      7.926     5.4152     7.7389    236.074    241.843      19389          2  0.000e+00
   58.89182 -136.09476    299.003    202.358    200.370     4.8452    30.8886  1025.3759    24.4350     4.8309     74.178   100.4647    -0.0884      7.926     5.4133     7.7361    235.990    241.756      19390          2  0.000e+00
   58.89182 -136.09476    298.963    202.318    200.330     4.8450    30.8899  1025.3767    24.4360     4.8308     74.149   100.4647    -0.0884      7.926     5.4111     7.7331    235.897    241.662      19391          2  0.000e+00
   58.89150 -136.09496    248.485    151.321    149.853     5.0124    30.8551  1025.0939    24.3905     5.0017     73.980    99.7935    -0.1177      7.940     5.3784     7.6863    234.481    240.200      22714          3  0.000e+00
   58.89150 -136.09496    248.830    151.669    150.197     5.0126    30.8558  1025.0961    24.3911     5.0019     73.972    99.8215    -0.1177      7.940     5.3778     7.6854    234.453    240.172      22715          3  0.000e+00
   58.89150 -136.09496    248.662    151.499    150.029     5.0124    30.8564  1025.0957    24.3915     5.0017     73.959    99.8494    -0.0884      7.940     5.3768     7.6840    234.410    240.128      22716          3  0.000e+00
   58.89150 -136.09496    248.533    151.370    149.901     5.0124    30.8558  1025.0947    24.3911     5.0017     73.945    99.8215    -0.0884      7.940     5.3758     7.6826    234.367    240.084      22717          3  0.000e+00
   58.89150 -136.09496    248.662    151.499    150.029     5.0122    30.8560  1025.0955    24.3913     5.0014     73.933    99.8215    -0.1177      7.940     5.3750     7.6813    234.330    240.045      22718          3  0.000e+00
   58.89150 -136.09496    248.654    151.491    150.021     5.0121    30.8564  1025.0957    24.3916     5.0013     73.861    99.8215    -0.1177      7.940     5.3697     7.6739    234.102    239.812      22719          3  0.000e+00
   58.89150 -136.09496    248.718    151.556    150.085     5.0119    30.8559  1025.0957    24.3912     5.0011     73.839    99.8494    -0.0884      7.940     5.3681     7.6716    234.033    239.741      22720          3  0.000e+00
   58.89150 -136.09496    248.598    151.434    149.965     5.0121    30.8550  1025.0944    24.3905     5.0013     73.823    99.8215    -0.0884      7.940     5.3670     7.6700    233.984    239.691      22721          3  0.000e+00
   58.89150 -136.09496    248.606    151.443    149.973     5.0122    30.8563  1025.0954    24.3915     5.0014     73.809    99.8494    -0.0884      7.940     5.3659     7.6684    233.936    239.642      22722          3  0.000e+00
   58.89150 -136.09496    248.654    151.491    150.021     5.0121    30.8564  1025.0957    24.3916     5.0013     73.795    99.8494    -0.1177      7.940     5.3649     7.6670    233.892    239.597      22723          3  0.000e+00
   58.89150 -136.09496    248.637    151.499    150.029     5.0121    30.8563  1025.0957    24.3915     5.0014     73.780    99.8215    -0.1177      7.940     5.3639     7.6655    233.846    239.550      22724          3  0.000e+00
   58.89150 -136.09496    248.654    151.491    150.021     5.0121    30.8566  1025.0960    24.3918     5.0013     73.766    99.8215    -0.1177      7.940     5.3628     7.6640    233.800    239.503      22725          3  0.000e+00
   58.89150 -136.09496    248.662    151.499    150.029     5.0121    30.8563  1025.0957    24.3915     5.0013     73.752    99.8494    -0.1177      7.940     5.3618     7.6625    233.755    239.457      22726          3  0.000e+00
   58.89150 -136.09496    248.598    151.434    149.965     5.0121    30.8560  1025.0952    24.3913     5.0013     73.736    99.8494    -0.0884      7.940     5.3607     7.6610    233.708    239.408      22727          3  0.000e+00
   58.89150 -136.09496    248.662    151.499    150.029     5.0119    30.8550  1025.0947    24.3905     5.0011     73.723    99.8215    -0.0884      7.940     5.3597     7.6596    233.667    239.366      22728          3  0.000e+00
   58.89150 -136.09496    248.654    151.491    150.021     5.0121    30.8553  1025.0949    24.3908     5.0013     73.659    99.8215    -0.1177      7.940     5.3551     7.6530    233.464    239.158      22729          3  0.000e+00
   58.89150 -136.09496    248.606    151.443    149.973     5.0121    30.8565  1025.0956    24.3916     5.0013     73.636    99.8215    -0.0884      7.940     5.3534     7.6505    233.390    239.083      22730          3  0.000e+00
   58.89150 -136.09496    248.654    151.491    150.021     5.0119    30.8568  1025.0961    24.3920     5.0011     73.615    99.8494    -0.0884      7.940     5.3519     7.6483    233.323    239.014      22731          3  0.000e+00
   58.89150 -136.09496    248.662    151.499    150.029     5.0119    30.8562  1025.0957    24.3915     5.0011     73.652    99.8494    -0.1177      7.940     5.3545     7.6522    233.439    239.133      22732          3  0.000e+00
   58.89150 -136.09496    248.573    151.434    149.965     5.0118    30.8567  1025.0958    24.3919     5.0011     73.580    99.8215    -0.1177      7.940     5.3493     7.6447    233.212    238.901      22733          3  0.000e+00
   58.89150 -136.09496    248.718    151.556    150.085     5.0119    30.8564  1025.0961    24.3916     5.0011     73.560    99.8494    -0.1177      7.940     5.3479     7.6426    233.149    238.836      22734          3  0.000e+00
   58.89150 -136.09496    248.598    151.434    149.965     5.0119    30.8553  1025.0947    24.3907     5.0011     73.489    99.8774    -0.0884      7.940     5.3428     7.6353    232.926    238.607      22735          3  0.000e+00
   58.89150 -136.09496    248.662    151.499    150.029     5.0119    30.8553  1025.0950    24.3908     5.0011     73.470    99.9333    -0.1177      7.940     5.3414     7.6334    232.867    238.547      22736          3  0.000e+00
   58.89150 -136.09496    248.654    151.491    150.021     5.0118    30.8564  1025.0958    24.3917     5.0010     73.452    99.9333    -0.0884      7.940     5.3400     7.6314    232.807    238.486      22737          3  0.000e+00
   58.89150 -136.09496    248.662    151.499    150.029     5.0116    30.8566  1025.0960    24.3918     5.0008     73.435    99.9054    -0.0884      7.940     5.3388     7.6297    232.754    238.431      22738          3  0.000e+00
   58.89150 -136.09496    248.598    151.434    149.965     5.0119    30.8563  1025.0955    24.3915     5.0011     73.418    99.9054    -0.0884      7.940     5.3375     7.6279    232.699    238.375      22739          3  0.000e+00
   58.89150 -136.09496    248.662    151.499    150.029     5.0119    30.8563  1025.0958    24.3916     5.0011     73.404    99.9054    -0.0884      7.940     5.3365     7.6264    232.653    238.328      22740          3  0.000e+00
   58.89150 -136.09496    248.654    151.491    150.021     5.0118    30.8564  1025.0958    24.3917     5.0010     73.389    99.9054    -0.0884      7.940     5.3355     7.6249    232.609    238.282      22741          3  0.000e+00
   58.89150 -136.09496    248.662    151.499    150.029     5.0118    30.8557  1025.0953    24.3911     5.0011     73.319    99.9333    -0.1177      7.940     5.3303     7.6176    232.385    238.053      22742          3  0.000e+00
   58.89150 -136.09496    248.629    151.491    150.021     5.0116    30.8551  1025.0948    24.3906     5.0009     73.299    99.9333    -0.1177      7.940     5.3289     7.6156    232.324    237.990      22743          3  0.000e+00
   58.89150 -136.09496    248.606    151.443    149.973     5.0115    30.8563  1025.0955    24.3916     5.0007     73.279    99.9054    -0.0884      7.940     5.3275     7.6136    232.262    237.927      22744          3  0.000e+00
   58.89150 -136.09496    248.654    151.491    150.021     5.0115    30.8569  1025.0962    24.3921     5.0007     73.263    99.9333    -0.0884      7.940     5.3263     7.6118    232.208    237.872      22745          3  0.000e+00
   58.89150 -136.09496    248.662    151.499    150.029     5.0115    30.8570  1025.0963    24.3921     5.0007     73.256    99.9333    -0.0884      7.940     5.3258     7.6111    232.186    237.849      22746          3  0.000e+00
   58.89150 -136.09496    248.629    151.491    150.021     5.0111    30.8565  1025.0959    24.3918     5.0003     73.242    99.9054    -0.1177      7.940     5.3248     7.6097    232.144    237.806      22747          3  0.000e+00
   58.89150 -136.09496    248.662    151.499    150.029     5.0113    30.8567  1025.0961    24.3919     5.0005     73.229    99.9054    -0.1177      7.940     5.3239     7.6083    232.103    237.764      22748          3  0.000e+00
   58.89150 -136.09496    248.654    151.491    150.021     5.0113    30.8565  1025.0959    24.3918     5.0005     73.218    99.9054    -0.1177      7.940     5.3231     7.6072    232.067    237.727      22749          3  0.000e+00
   58.89150 -136.09496    248.606    151.443    149.973     5.0111    30.8555  1025.0950    24.3910     5.0003     73.150    99.9054    -0.0884      7.940     5.3182     7.6002    231.854    237.509      22750          3  0.000e+00
   58.89150 -136.09496    248.710    151.548    150.077     5.0112    30.8559  1025.0957    24.3913     5.0004     73.143    99.9333    -0.0884      7.940     5.3176     7.5994    231.831    237.486      22751          3  0.000e+00
   58.89150 -136.09496    248.541    151.378    149.909     5.0111    30.8573  1025.0961    24.3924     5.0003     73.136    99.9333    -0.0884      7.940     5.3171     7.5986    231.806    237.461      22752          3  0.000e+00
