EcoFOCI/data/1_SampleCollection/2022_GOA-OA_CruiseData/CTD_raw_BottleFile_RC0083/RC0083_101.cnv
* Sea-Bird SBE 9 Data File:
* FileName = C:\Data\RC0083ctd\RC0083_101.hex
* Software Version Seasave V 7.26.7.107
* Temperature SN = 2060
* Conductivity SN = 2881
* Number of Bytes Per Scan = 31
* Number of Voltage Words = 4
* Number of Scans Averaged by the Deck Unit = 1
* NMEA Latitude = 56 26.63 N
* NMEA Longitude = 132 38.70 W
* NMEA UTC (Time) = Aug 23 2022  00:22:48
* NMEA baud rate = 4800
** Ship: R/V Rachel Carson
** Cruise ID: RC0083
** Tech: McHugh/Nomura
** Chief Scientist: Cross
** Station: WI5
** Cast:  CTD101
# nquan = 19
# nvalues = 9124                                  
# units = specified
# name 0 = latitude: Latitude [deg]
# name 1 = longitude: Longitude [deg]
# name 2 = sfdSM: Seafloor depth [salt water, m]
# name 3 = prDM: Pressure, Digiquartz [db]
# name 4 = depSM: Depth [salt water, m]
# name 5 = t090C: Temperature [ITS-90, deg C]
# name 6 = sal00: Salinity, Practical [PSU]
# name 7 = density00: Density [density, kg/m^3]
# name 8 = sigma-é00: Density [sigma-theta, kg/m^3]
# name 9 = potemp090C: Potential Temperature [ITS-90, deg C]
# name 10 = sbeox0PS: Oxygen, SBE 43 [% saturation]
# name 11 = CStarTr0: Beam Transmission, WET Labs C-Star [%]
# name 12 = flECO-AFL: Fluorescence, WET Labs ECO-AFL/FL [mg/m^3]
# name 13 = ph: pH
# name 14 = sbeox0ML/L: Oxygen, SBE 43 [ml/l]
# name 15 = sbeox0Mg/L: Oxygen, SBE 43 [mg/l]
# name 16 = sbox0Mm/Kg: Oxygen, SBE 43 [umol/kg]
# name 17 = sbeox0Mm/L: Oxygen, SBE 43 [umol/l]
# name 18 = flag:  0.000e+00
# span 0 =   56.44384,   56.44480                 
# span 1 = -132.64636, -132.64500                 
# span 2 =      6.845,    139.869                 
# span 3 =      2.795,    121.290                 
# span 4 =      2.769,    120.146                 
# span 5 =     6.2718,    12.5239                 
# span 6 =    19.0465,    32.9297                 
# span 7 =  1014.2602,  1026.4398                 
# span 8 =    14.2406,    25.8843                 
# span 9 =     6.2616,    12.5229                 
# span 10 =     30.847,    108.165                
# span 11 =    32.8637,    99.5977                
# span 12 =    -0.0298,     6.5050                
# span 13 =      7.685,      8.387                
# span 14 =     2.1468,     6.9283                
# span 15 =     3.0681,     9.9012                
# span 16 =     93.459,    302.981                
# span 17 =     95.878,    309.416                
# span 18 = 0.0000e+00, 0.0000e+00                
# interval = seconds: 0.0416667
# start_time = Aug 23 2022 00:22:48 [NMEA time, header]
# bad_flag = -9.990e-29
*END*
[from data line 153]
   56.44384 -132.64502    111.847     13.164     13.044     9.6766    29.4162  1022.7067    22.6468     9.6753     63.755    93.0809     2.1680      7.986     4.2025     6.0058    183.529    187.685  0.000e+00
   56.44384 -132.64502    111.871     13.189     13.068     9.6773    29.4160  1022.7066    22.6466     9.6759     63.760    93.1369     2.1680      7.986     4.2028     6.0062    183.540    187.697  0.000e+00
   56.44384 -132.64502    111.903     13.221     13.100     9.6773    29.4158  1022.7066    22.6464     9.6760     63.765    93.5564     2.1680      7.986     4.2031     6.0066    183.553    187.710  0.000e+00
   56.44384 -132.64502    111.847     13.164     13.044     9.6773    29.4163  1022.7068    22.6468     9.6760     63.713    93.7522     2.1680      7.986     4.1997     6.0017    183.404    187.557  0.000e+00
   56.44384 -132.64502    102.257     13.221     13.100     9.6770    29.4165  1022.7072    22.6470     9.6756     63.712    93.7522     2.1680      7.986     4.1996     6.0017    183.402    187.556  0.000e+00
   56.44384 -132.64502     77.122     13.164     13.044     9.6773    29.4168  1022.7071    22.6472     9.6760     63.710    93.7242     2.1680      7.986     4.1995     6.0015    183.395    187.549  0.000e+00
   56.44384 -132.64502     68.428     13.189     13.068     9.6786    29.4163  1022.7066    22.6466     9.6772     63.703    93.7242     2.1680      7.986     4.1989     6.0007    183.370    187.523  0.000e+00
   56.44384 -132.64502     68.509     13.221     13.100     9.6793    29.4160  1022.7065    22.6463     9.6779     63.702    93.7242     2.1680      7.986     4.1988     6.0004    183.364    187.516  0.000e+00
   56.44384 -132.64502     69.534     13.221     13.100     9.6791    29.4161  1022.7065    22.6464     9.6777     63.700    93.7242     2.1680      7.986     4.1987     6.0003    183.360    187.513  0.000e+00
   56.44384 -132.64502     69.820     13.164     13.044     9.6791    29.4161  1022.7063    22.6464     9.6777     63.698    93.7242     2.1680      7.986     4.1985     6.0001    183.354    187.506  0.000e+00
   56.44384 -132.64502     69.844     13.189     13.068     9.6786    29.4165  1022.7068    22.6467     9.6772     63.758    93.7242     2.1680      7.986     4.2025     6.0058    183.527    187.684  0.000e+00
   56.44384 -132.64502     69.827     13.221     13.100     9.6783    29.4164  1022.7069    22.6467     9.6769     63.768    93.7242     2.1680      7.986     4.2032     6.0068    183.558    187.715  0.000e+00
   56.44384 -132.64502     69.747     13.164     13.044     9.6786    29.4161  1022.7064    22.6465     9.6773     63.777    93.7242     2.1680      7.986     4.2038     6.0076    183.583    187.740  0.000e+00
   56.44384 -132.64502     69.803     13.221     13.100     9.6781    29.4170  1022.7074    22.6472     9.6768     63.726    93.7242     2.1680      7.986     4.2004     6.0028    183.437    187.591  0.000e+00
   56.44384 -132.64502     69.803     13.221     13.100     9.6788    29.4162  1022.7067    22.6465     9.6774     63.719    93.7242     2.1680      7.986     4.1999     6.0021    183.414    187.568  0.000e+00
   56.44384 -132.64502     69.771     13.189     13.068     9.6798    29.4159  1022.7062    22.6461     9.6784     63.711    93.7242     2.1680      7.986     4.1993     6.0012    183.388    187.541  0.000e+00
   56.44384 -132.64502     69.803     13.221     13.100     9.6814    29.4152  1022.7055    22.6453     9.6800     63.709    93.7242     2.1680      7.986     4.1990     6.0008    183.376    187.529  0.000e+00
   56.44384 -132.64502     69.747     13.164     13.044     9.6835    29.4143  1022.7042    22.6443     9.6822     63.761    93.7242     2.1680      7.986     4.2023     6.0056    183.520    187.676  0.000e+00
   56.44384 -132.64502     69.803     13.221     13.100     9.6842    29.4147  1022.7047    22.6445     9.6828     63.765    93.7242     2.1680      7.986     4.2025     6.0058    183.528    187.684  0.000e+00
   56.44384 -132.64502     69.771     13.189     13.068     9.6817    29.4167  1022.7065    22.6464     9.6803     63.712    93.7242     2.3438      7.986     4.1992     6.0011    183.384    187.537  0.000e+00
   56.44384 -132.64502     87.263     13.221     13.100     9.6799    29.4171  1022.7072    22.6470     9.6785     63.710    93.7242     2.4317      7.986     4.1992     6.0011    183.385    187.538  0.000e+00
   56.44384 -132.64502    108.428     13.164     13.044     9.6781    29.4174  1022.7075    22.6476     9.6768     63.769    93.6962     2.4610      7.986     4.2032     6.0068    183.559    187.717  0.000e+00
   56.44384 -132.64502    113.100     13.221     13.100     9.6777    29.4171  1022.7075    22.6473     9.6763     63.717    93.1369     2.4610      7.986     4.1999     6.0020    183.413    187.566  0.000e+00
   56.44384 -132.64502    112.880     13.221     13.100     9.6778    29.4168  1022.7073    22.6471     9.6764     63.714    92.7733     2.4317      7.986     4.1997     6.0018    183.405    187.559  0.000e+00
   56.44384 -132.64502    111.993     13.189     13.068     9.6779    29.4172  1022.7074    22.6474     9.6766     63.717    92.7173     2.4610      7.986     4.1999     6.0020    183.412    187.566  0.000e+00
   56.44384 -132.64502    111.830     13.221     13.100     9.6783    29.4172  1022.7075    22.6473     9.6769     63.715    92.7453     2.4610      7.986     4.1997     6.0018    183.405    187.559  0.000e+00
   56.44384 -132.64502    111.798     13.164     13.044     9.6794    29.4164  1022.7065    22.6465     9.6781     63.712    92.7733     2.4317      7.986     4.1994     6.0014    183.393    187.546  0.000e+00
   56.44384 -132.64502    111.903     13.221     13.100     9.6788    29.4167  1022.7071    22.6469     9.6774     63.710    92.7733     2.4610      7.981     4.1994     6.0013    183.390    187.544  0.000e+00
   56.44384 -132.64502    111.903     13.221     13.100     9.6781    29.4170  1022.7074    22.6472     9.6767     63.758    92.7733     2.4317      7.986     4.2025     6.0059    183.529    187.686  0.000e+00
   56.44384 -132.64502    111.871     13.189     13.068     9.6777    29.4169  1022.7073    22.6472     9.6763     63.760    92.7733     2.4317      7.986     4.2028     6.0062    183.538    187.695  0.000e+00
   56.44384 -132.64502    111.903     13.221     13.100     9.6775    29.4169  1022.7074    22.6472     9.6761     63.763    92.7453     2.4610      7.986     4.2030     6.0064    183.547    187.704  0.000e+00
   56.44384 -132.64502    111.847     13.164     13.044     9.6786    29.4166  1022.7067    22.6468     9.6773     63.765    92.7453     2.4317      7.986     4.2030     6.0065    183.548    187.705  0.000e+00
   56.44384 -132.64502    111.903     13.221     13.100     9.6803    29.4161  1022.7064    22.6462     9.6789     63.767    92.7733     2.4317      7.986     4.2030     6.0065    183.549    187.705  0.000e+00
   56.44384 -132.64502    111.871     13.189     13.068     9.6822    29.4160  1022.7059    22.6458     9.6809     63.769    92.7733     2.4317      7.986     4.2029     6.0064    183.545    187.701  0.000e+00
   56.44384 -132.64502    111.903     13.221     13.100     9.6842    29.4157  1022.7055    22.6453     9.6828     63.715    92.7453     2.4610      7.986     4.1992     6.0011    183.383    187.536  0.000e+00
   56.44384 -132.64502    111.847     13.164     13.044     9.6847    29.4159  1022.7053    22.6453     9.6833     63.766    92.7453     2.4317      7.986     4.2025     6.0058    183.527    187.683  0.000e+00
   56.44384 -132.64502    111.903     13.221     13.100     9.6842    29.4164  1022.7060    22.6458     9.6828     63.768    92.7453     2.4610      7.986     4.2026     6.0060    183.534    187.690  0.000e+00
   56.44384 -132.64502    111.903     13.221     13.100     9.6827    29.4171  1022.7068    22.6466     9.6813     63.769    92.7453     2.4610      7.986     4.2029     6.0063    183.543    187.699  0.000e+00
   56.44384 -132.64502    111.871     13.189     13.068     9.6839    29.4162  1022.7057    22.6457     9.6825     63.770    92.7453     2.4317      7.986     4.2028     6.0062    183.541    187.697  0.000e+00
   56.44384 -132.64502    111.847     13.164     13.044     9.6835    29.4168  1022.7062    22.6463     9.6822     63.770    92.7453     2.3438      7.986     4.2029     6.0063    183.543    187.699  0.000e+00
   56.44384 -132.64502    111.903     13.221     13.100     9.6819    29.4174  1022.7071    22.6469     9.6805     63.771    92.7453     2.2266      7.986     4.2031     6.0066    183.552    187.709  0.000e+00
   56.44384 -132.64502    111.903     13.221     13.100     9.6798    29.4179  1022.7079    22.6477     9.6784     63.716    92.7453     2.1973      7.986     4.1996     6.0017    183.402    187.555  0.000e+00
   56.44384 -132.64502    111.871     13.189     13.068     9.6791    29.4173  1022.7074    22.6473     9.6777     63.705    92.8292     2.1973      7.986     4.1990     6.0007    183.373    187.526  0.000e+00
   56.44384 -132.64502    111.903     13.221     13.100     9.6798    29.4166  1022.7068    22.6466     9.6784     63.755    92.9411     2.1973      7.986     4.2022     6.0054    183.515    187.671  0.000e+00
   56.44384 -132.64502    111.847     13.164     13.044     9.6788    29.4175  1022.7075    22.6475     9.6774     63.755    92.9691     2.2266      7.986     4.2023     6.0054    183.516    187.673  0.000e+00
   56.44384 -132.64502    111.903     13.221     13.100     9.6781    29.4167  1022.7072    22.6470     9.6768     63.760    92.9691     2.1973      7.986     4.2027     6.0061    183.537    187.693  0.000e+00
   56.44384 -132.64502    111.903     13.221     13.100     9.6777    29.4165  1022.7071    22.6469     9.6763     63.710    92.9691     2.1973      7.986     4.1995     6.0015    183.395    187.548  0.000e+00
   56.44384 -132.64502    111.871     13.189     13.068     9.6778    29.4166  1022.7070    22.6470     9.6764     63.710    92.9691     2.1973      7.986     4.1994     6.0014    183.393    187.547  0.000e+00
   56.44384 -132.64502    111.603     13.164     13.044     9.6781    29.4168  1022.7070    22.6470     9.6768     63.704    92.9691     2.1973      7.986     4.1990     6.0008    183.375    187.528  0.000e+00
   56.44384 -132.64502    107.581     13.221     13.100     9.6779    29.4172  1022.7076    22.6474     9.6766     63.760    92.9691     2.1973      7.986     4.2027     6.0061    183.537    187.694  0.000e+00
   56.44384 -132.64502    105.261     13.221     13.100     9.6778    29.4172  1022.7076    22.6474     9.6764     63.766    92.9691     2.1973      7.986     4.2031     6.0067    183.554    187.711  0.000e+00
   56.44384 -132.64502    104.968     13.221     13.100     9.6766    29.4177  1022.7082    22.6480     9.6753     63.772    92.9691     2.1973      7.986     4.2036     6.0074    183.575    187.733  0.000e+00
   56.44384 -132.64502    105.107     13.189     13.068     9.6770    29.4176  1022.7079    22.6479     9.6756     63.772    92.9691     2.1973      7.986     4.2035     6.0073    183.573    187.730  0.000e+00
   56.44384 -132.64502    105.237     13.221     13.100     9.6763    29.4177  1022.7082    22.6481     9.6749     63.772    92.9691     2.1973      7.986     4.2036     6.0074    183.576    187.733  0.000e+00
   56.44384 -132.64502    105.205     13.164     13.044     9.6763    29.4173  1022.7077    22.6477     9.6749     63.771    92.9691     2.1973      7.986     4.2036     6.0073    183.574    187.731  0.000e+00
   56.44384 -132.64502    105.237     13.221     13.100     9.6761    29.4176  1022.7082    22.6480     9.6747     63.771    92.9691     2.1973      7.986     4.2036     6.0073    183.573    187.731  0.000e+00
   56.44384 -132.64502    105.269     13.253     13.132     9.6757    29.4175  1022.7083    22.6480     9.6743     63.715    92.9691     2.1973      7.986     4.1999     6.0021    183.414    187.568  0.000e+00
   56.44384 -132.64502    105.181     13.164     13.044     9.6752    29.4178  1022.7082    22.6483     9.6738     63.708    92.9691     2.1973      7.986     4.1995     6.0015    183.395    187.549  0.000e+00
   56.44384 -132.64502    105.237     13.221     13.100     9.6760    29.4169  1022.7077    22.6475     9.6746     63.757    92.9691     2.1973      7.986     4.2027     6.0061    183.535    187.692  0.000e+00
   56.44384 -132.64502    105.237     13.221     13.100     9.6760    29.4170  1022.7078    22.6476     9.6747     63.706    92.9691     2.1973      7.986     4.1993     6.0013    183.389    187.542  0.000e+00
   56.44384 -132.64502    105.237     13.221     13.100     9.6756    29.4172  1022.7080    22.6478     9.6742     63.706    92.9691     2.1973      7.986     4.1993     6.0012    183.388    187.542  0.000e+00
   56.44384 -132.64502    105.205     13.189     13.068     9.6753    29.4169  1022.7076    22.6475     9.6740     63.705    92.9691     2.1973      7.986     4.1993     6.0012    183.388    187.541  0.000e+00
   56.44384 -132.64502    105.237     13.221     13.100     9.6752    29.4168  1022.7077    22.6475     9.6738     63.755    93.1089     2.1973      7.986     4.2026     6.0059    183.531    187.688  0.000e+00
   56.44384 -132.64502    107.068     13.221     13.100     9.6751    29.4167  1022.7077    22.6475     9.6738     63.754    93.3327     2.1973      7.986     4.2026     6.0059    183.530    187.686  0.000e+00
   56.44384 -132.64502    110.902     13.221     13.100     9.6760    29.4163  1022.7072    22.6470     9.6747     63.753    93.4166     2.1973      7.986     4.2024     6.0057    183.524    187.680  0.000e+00
   56.44384 -132.64502    112.115     13.189     13.068     9.6771    29.4162  1022.7068    22.6467     9.6757     63.696    93.4166     2.1973      7.986     4.1986     6.0002    183.356    187.508  0.000e+00
   56.44384 -132.64502    112.099     13.221     13.100     9.6778    29.4159  1022.7066    22.6464     9.6764     63.695    93.4166     2.1973      7.986     4.1985     6.0000    183.351    187.504  0.000e+00
   56.44384 -132.64502    111.952     13.221     13.100     9.6778    29.4164  1022.7070    22.6468     9.6764     63.695    93.4166     2.1973      7.986     4.1984     5.9999    183.349    187.501  0.000e+00
   56.44384 -132.64502    111.879     13.221     13.100     9.6776    29.4165  1022.7071    22.6469     9.6762     63.688    93.4166     2.1973      7.986     4.1980     5.9994    183.332    187.484  0.000e+00
   56.44384 -132.64502    111.903     13.221     13.100     9.6779    29.4165  1022.7070    22.6468     9.6766     63.682    93.4166     2.1973      7.986     4.1976     5.9988    183.312    187.464  0.000e+00
   56.44384 -132.64502    111.935     13.253     13.132     9.6773    29.4170  1022.7077    22.6473     9.6759     63.682    93.4166     2.1973      7.986     4.1976     5.9988    183.314    187.465  0.000e+00
   56.44384 -132.64502    111.903     13.221     13.100     9.6778    29.4166  1022.7072    22.6470     9.6764     63.676    93.4166     2.2266      7.986     4.1972     5.9982    183.294    187.445  0.000e+00
   56.44384 -132.64502    111.903     13.221     13.100     9.6781    29.4169  1022.7074    22.6472     9.6768     63.670    93.3886     2.1973      7.986     4.1967     5.9975    183.275    187.426  0.000e+00
   56.44384 -132.64502    111.903     13.221     13.100     9.6778    29.4168  1022.7073    22.6471     9.6764     63.664    93.4166     2.1973      7.986     4.1964     5.9970    183.260    187.410  0.000e+00
   56.44384 -132.64502    111.903     13.221     13.100     9.6779    29.4161  1022.7068    22.6466     9.6766     63.658    93.4166     2.1973      7.986     4.1960     5.9965    183.243    187.393  0.000e+00
