EcoFOCI/data/1_SampleCollection/2022_GOA-OA_CruiseData/CTD_raw_BottleFile_RC0083/RC0083_111.cnv
* Sea-Bird SBE 9 Data File:
* FileName = C:\Data\RC0083ctd\RC0083_111.hex
* Software Version Seasave V 7.26.7.107
* Temperature SN = 2060
* Conductivity SN = 2881
* Number of Bytes Per Scan = 31
* Number of Voltage Words = 4
* Number of Scans Averaged by the Deck Unit = 1
* NMEA Latitude = 56 20.56 N
* NMEA Longitude = 133 42.66 W
* NMEA UTC (Time) = Aug 23 2022  09:44:35
* NMEA baud rate = 4800
** Ship: R/V Rachel Carson
** Cruise ID: RC0083
** Tech: McHugh/Nomura
** Chief Scientist: Cross
** Station: USS2
** Cast:  CTD111
# nquan = 19
# nvalues = 13376                                 
# units = specified
# name 0 = latitude: Latitude [deg]
# name 1 = longitude: Longitude [deg]
# name 2 = sfdSM: Seafloor depth [salt water, m]
# name 3 = prDM: Pressure, Digiquartz [db]
# name 4 = depSM: Depth [salt water, m]
# name 5 = t090C: Temperature [ITS-90, deg C]
# name 6 = sal00: Salinity, Practical [PSU]
# name 7 = density00: Density [density, kg/m^3]
# name 8 = sigma-é00: Density [sigma-theta, kg/m^3]
# name 9 = potemp090C: Potential Temperature [ITS-90, deg C]
# name 10 = sbeox0PS: Oxygen, SBE 43 [% saturation]
# name 11 = CStarTr0: Beam Transmission, WET Labs C-Star [%]
# name 12 = flECO-AFL: Fluorescence, WET Labs ECO-AFL/FL [mg/m^3]
# name 13 = ph: pH
# name 14 = sbeox0ML/L: Oxygen, SBE 43 [ml/l]
# name 15 = sbeox0Mg/L: Oxygen, SBE 43 [mg/l]
# name 16 = sbox0Mm/Kg: Oxygen, SBE 43 [umol/kg]
# name 17 = sbeox0Mm/L: Oxygen, SBE 43 [umol/l]
# name 18 = flag:  0.000e+00
# span 0 =   56.34004,   56.34266                 
# span 1 = -133.71654, -133.71096                 
# span 2 =      2.100,    223.329                 
# span 3 =      1.739,    187.817                 
# span 4 =      1.724,    186.018                 
# span 5 =     6.8514,     9.4232                 
# span 6 =    29.7833,    32.8361                 
# span 7 =  1022.9806,  1026.5952                 
# span 8 =    22.9723,    25.7365                 
# span 9 =     6.8348,     9.4230                 
# span 10 =     40.821,     73.475                
# span 11 =    83.7673,   100.0732                
# span 12 =    -0.0005,     8.4390                
# span 13 =      7.794,      8.088                
# span 14 =     2.8037,     4.8708                
# span 15 =     4.0067,     6.9608                
# span 16 =    122.073,    212.598                
# span 17 =    125.211,    217.528                
# span 18 = 0.0000e+00, 0.0000e+00                
# interval = seconds: 0.0416667
# start_time = Aug 23 2022 09:44:35 [NMEA time, header]
# bad_flag = -9.990e-29
*END*
[from data line 5029]
   56.34154 -133.71352    201.470    133.624    132.362     7.0717    32.6019  1026.1346    25.5221     7.0597     42.544    99.8494     0.0581      7.808     2.9130     4.1630    126.858    130.096  0.000e+00
   56.34154 -133.71352    201.470    133.624    132.362     7.0716    32.6017  1026.1345    25.5220     7.0596     42.599    99.8774     0.0581      7.808     2.9168     4.1684    127.022    130.264  0.000e+00
   56.34154 -133.71352    201.526    133.681    132.418     7.0713    32.6017  1026.1348    25.5220     7.0592     42.654    99.8774     0.0581      7.808     2.9206     4.1739    127.189    130.435  0.000e+00
   56.34154 -133.71352    201.502    133.681    132.418     7.0716    32.6013  1026.1344    25.5216     7.0596     42.659    99.8494     0.0581      7.808     2.9209     4.1743    127.202    130.448  0.000e+00
   56.34154 -133.71352    201.387    133.738    132.474     7.0717    32.6015  1026.1348    25.5218     7.0596     42.607    99.8494     0.0581      7.808     2.9173     4.1692    127.045    130.288  0.000e+00
   56.34154 -133.71352    201.314    133.738    132.474     7.0713    32.6019  1026.1351    25.5221     7.0593     42.599    99.8494     0.0581      7.808     2.9168     4.1684    127.023    130.265  0.000e+00
   56.34154 -133.71352    201.378    133.802    132.538     7.0706    32.6025  1026.1360    25.5227     7.0586     42.534    99.8774     0.0581      7.808     2.9124     4.1621    126.832    130.069  0.000e+00
   56.34154 -133.71352    201.378    133.802    132.538     7.0707    32.6027  1026.1361    25.5228     7.0586     42.585    99.8494     0.0581      7.808     2.9159     4.1671    126.982    130.223  0.000e+00
   56.34154 -133.71352    201.329    133.802    132.538     7.0701    32.6033  1026.1367    25.5234     7.0581     42.585    99.8215     0.0581      7.808     2.9159     4.1672    126.984    130.225  0.000e+00
   56.34154 -133.71352    201.263    133.859    132.594     7.0702    32.6036  1026.1372    25.5236     7.0581     42.586    99.8215     0.0581      7.808     2.9160     4.1673    126.987    130.228  0.000e+00
   56.34154 -133.71352    201.214    133.859    132.594     7.0704    32.6034  1026.1370    25.5234     7.0584     42.588    99.8215     0.0581      7.808     2.9161     4.1674    126.991    130.232  0.000e+00
   56.34154 -133.71352    201.279    133.924    132.658     7.0708    32.6024  1026.1365    25.5226     7.0588     42.597    99.7935     0.0581      7.808     2.9167     4.1682    127.017    130.259  0.000e+00
   56.34154 -133.71352    201.279    133.924    132.658     7.0719    32.6013  1026.1354    25.5216     7.0598     42.606    99.8215     0.0581      7.808     2.9173     4.1691    127.043    130.286  0.000e+00
   56.34154 -133.71352    201.230    133.924    132.658     7.0726    32.6001  1026.1344    25.5205     7.0606     42.616    99.8215     0.0581      7.808     2.9180     4.1700    127.073    130.316  0.000e+00
   56.34154 -133.71352    201.237    133.981    132.714     7.0727    32.5998  1026.1344    25.5203     7.0607     42.621    99.8215     0.0581      7.808     2.9183     4.1705    127.086    130.330  0.000e+00
   56.34154 -133.71352    201.213    133.981    132.714     7.0737    32.5992  1026.1338    25.5197     7.0616     42.619    99.8215     0.0581      7.808     2.9181     4.1702    127.078    130.321  0.000e+00
   56.34154 -133.71352    201.213    133.981    132.714     7.0740    32.5989  1026.1335    25.5194     7.0620     42.617    99.8215     0.0581      7.808     2.9179     4.1700    127.073    130.316  0.000e+00
   56.34154 -133.71352    201.269    134.037    132.771     7.0738    32.5991  1026.1340    25.5196     7.0617     42.623    99.8215     0.0581      7.808     2.9184     4.1706    127.090    130.334  0.000e+00
   56.34154 -133.71352    201.195    134.037    132.771     7.0735    32.5995  1026.1344    25.5200     7.0615     42.629    99.8215     0.0874      7.808     2.9188     4.1712    127.109    130.352  0.000e+00
   56.34154 -133.71352    201.130    134.045    132.779     7.0747    32.5979  1026.1330    25.5186     7.0626     42.635    99.8215     0.0874      7.808     2.9192     4.1718    127.126    130.370  0.000e+00
   56.34154 -133.71352    201.122    134.037    132.771     7.0754    32.5971  1026.1322    25.5178     7.0634     42.642    99.8215     0.0874      7.808     2.9196     4.1724    127.145    130.389  0.000e+00
   56.34154 -133.71352    201.186    134.102    132.835     7.0761    32.5963  1026.1318    25.5171     7.0640     42.650    99.8215     0.0874      7.808     2.9201     4.1731    127.167    130.412  0.000e+00
   56.34154 -133.71352    201.186    134.102    132.835     7.0763    32.5960  1026.1315    25.5168     7.0642     42.651    99.8215     0.0874      7.808     2.9202     4.1733    127.171    130.416  0.000e+00
   56.34154 -133.71352    201.113    134.102    132.835     7.0761    32.5962  1026.1317    25.5170     7.0640     42.653    99.8215     0.0874      7.808     2.9203     4.1734    127.176    130.422  0.000e+00
   56.34154 -133.71352    201.104    134.167    132.899     7.0758    32.5965  1026.1323    25.5173     7.0637     42.655    99.8215     0.0874      7.808     2.9205     4.1737    127.184    130.429  0.000e+00
   56.34154 -133.71352    201.096    134.159    132.891     7.0761    32.5962  1026.1320    25.5170     7.0640     42.658    99.8215     0.0874      7.808     2.9206     4.1739    127.189    130.435  0.000e+00
   56.34154 -133.71352    201.096    134.159    132.891     7.0763    32.5957  1026.1316    25.5166     7.0642     42.660    99.7935     0.0874      7.808     2.9208     4.1741    127.196    130.442  0.000e+00
   56.34154 -133.71352    201.072    134.159    132.891     7.0769    32.5953  1026.1311    25.5162     7.0649     42.663    99.7935     0.0874      7.808     2.9209     4.1743    127.203    130.449  0.000e+00
   56.34154 -133.71352    200.981    134.215    132.947     7.0781    32.5943  1026.1304    25.5152     7.0660     42.666    99.7935     0.0874      7.808     2.9211     4.1745    127.210    130.456  0.000e+00
   56.34154 -133.71352    200.835    134.167    132.899     7.0779    32.5943  1026.1303    25.5153     7.0658     42.669    99.7655     0.0874      7.808     2.9213     4.1748    127.220    130.466  0.000e+00
   56.34154 -133.71352    200.948    134.280    133.011     7.0772    32.5947  1026.1312    25.5157     7.0651     42.673    99.7655     0.0874      7.808     2.9216     4.1753    127.234    130.480  0.000e+00
   56.34154 -133.71352    200.883    134.215    132.947     7.0763    32.5956  1026.1317    25.5165     7.0642     42.619    99.7655     0.0874      7.808     2.9180     4.1701    127.075    130.317  0.000e+00
   56.34154 -133.71352    200.899    134.280    133.011     7.0759    32.5967  1026.1329    25.5174     7.0639     42.611    99.7655     0.0874      7.808     2.9174     4.1693    127.049    130.291  0.000e+00
   56.34154 -133.71352    200.752    134.280    133.011     7.0757    32.5967  1026.1329    25.5174     7.0636     42.602    99.7655     0.0874      7.808     2.9168     4.1684    127.024    130.266  0.000e+00
   56.34154 -133.71352    200.703    134.280    133.011     7.0761    32.5962  1026.1325    25.5170     7.0640     42.600    99.7935     0.0581      7.808     2.9167     4.1683    127.019    130.260  0.000e+00
   56.34154 -133.71352    200.759    134.337    133.067     7.0769    32.5953  1026.1320    25.5162     7.0648     42.664    99.7935     0.0874      7.808     2.9210     4.1744    127.206    130.452  0.000e+00
   56.34154 -133.71352    200.784    134.337    133.067     7.0779    32.5944  1026.1311    25.5154     7.0658     42.669    99.7655     0.0874      7.808     2.9214     4.1749    127.221    130.468  0.000e+00
   56.34154 -133.71352    200.759    134.337    133.067     7.0787    32.5936  1026.1304    25.5146     7.0666     42.676    99.7655     0.0581      7.808     2.9217     4.1754    127.238    130.484  0.000e+00
   56.34154 -133.71352    200.799    134.402    133.131     7.0782    32.5941  1026.1311    25.5151     7.0661     42.682    99.7935     0.0581      7.808     2.9222     4.1762    127.260    130.507  0.000e+00
   56.34154 -133.71352    200.655    134.280    133.011     7.0774    32.5953  1026.1316    25.5161     7.0653     42.682    99.7935     0.0288      7.808     2.9222     4.1761    127.259    130.506  0.000e+00
   56.34154 -133.71352    200.919    134.523    133.252     7.0757    32.5970  1026.1343    25.5177     7.0635     42.690    99.7655     0.0288      7.808     2.9229     4.1771    127.287    130.535  0.000e+00
   56.34154 -133.71354    200.799    134.402    133.131     7.0747    32.5983  1026.1349    25.5188     7.0626     42.697    99.7655     0.0288      7.808     2.9234     4.1778    127.308    130.557  0.000e+00
   56.34154 -133.71354    200.831    134.458    133.187     7.0745    32.5985  1026.1354    25.5191     7.0624     42.704    99.7655    -0.0005      7.808     2.9239     4.1785    127.331    130.581  0.000e+00
   56.34154 -133.71354    200.831    134.458    133.187     7.0747    32.5981  1026.1350    25.5187     7.0626     42.712    99.7935    -0.0005      7.808     2.9244     4.1793    127.354    130.604  0.000e+00
   56.34154 -133.71354    200.887    134.515    133.244     7.0748    32.5977  1026.1349    25.5184     7.0627     42.720    99.7655     0.0288      7.808     2.9250     4.1801    127.378    130.629  0.000e+00
   56.34154 -133.71354    200.919    134.523    133.252     7.0761    32.5966  1026.1340    25.5173     7.0640     42.671    99.7655    -0.0005      7.808     2.9215     4.1751    127.228    130.475  0.000e+00
   56.34154 -133.71354    200.951    134.580    133.308     7.0769    32.5953  1026.1331    25.5162     7.0648     42.666    99.7655     0.0288      7.808     2.9212     4.1747    127.214    130.460  0.000e+00
   56.34154 -133.71354    200.863    134.515    133.244     7.0776    32.5944  1026.1319    25.5154     7.0655     42.655    99.7655     0.0288      7.808     2.9204     4.1735    127.178    130.423  0.000e+00
   56.34154 -133.71354    200.934    134.636    133.364     7.0777    32.5946  1026.1326    25.5155     7.0656     42.644    99.9054    -0.0005      7.808     2.9196     4.1724    127.147    130.391  0.000e+00
   56.34154 -133.71354    200.934    134.636    133.364     7.0772    32.5950  1026.1331    25.5159     7.0651     42.691   100.0172     0.0288      7.808     2.9228     4.1770    127.286    130.534  0.000e+00
   56.34154 -133.71354    200.942    134.644    133.372     7.0777    32.5944  1026.1326    25.5154     7.0656     42.635   100.0452     0.0288      7.808     2.9190     4.1716    127.119    130.363  0.000e+00
   56.34154 -133.71354    200.998    134.701    133.428     7.0776    32.5945  1026.1329    25.5155     7.0654     42.638   100.0452     0.0288      7.808     2.9192     4.1718    127.128    130.372  0.000e+00
   56.34154 -133.71354    200.925    134.701    133.428     7.0772    32.5951  1026.1334    25.5160     7.0651     42.641   100.0452     0.0288      7.808     2.9194     4.1722    127.138    130.382  0.000e+00
   56.34154 -133.71354    200.981    134.758    133.484     7.0761    32.5964  1026.1349    25.5172     7.0640     42.638   100.0452     0.0288      7.808     2.9193     4.1719    127.131    130.375  0.000e+00
   56.34154 -133.71354    200.957    134.758    133.484     7.0756    32.5974  1026.1357    25.5180     7.0635     42.635   100.0452     0.0288      7.808     2.9191     4.1717    127.123    130.367  0.000e+00
   56.34154 -133.71354    201.021    134.822    133.548     7.0757    32.5968  1026.1355    25.5176     7.0635     42.626   100.0452     0.0288      7.808     2.9185     4.1708    127.096    130.339  0.000e+00
   56.34154 -133.71354    201.013    134.814    133.540     7.0759    32.5968  1026.1355    25.5175     7.0638     42.623   100.0452     0.0288      7.808     2.9183     4.1705    127.087    130.330  0.000e+00
   56.34154 -133.71354    201.077    134.879    133.604     7.0759    32.5965  1026.1355    25.5172     7.0638     42.621   100.0452     0.0288      7.808     2.9181     4.1703    127.081    130.324  0.000e+00
   56.34154 -133.71354    201.133    134.936    133.660     7.0767    32.5958  1026.1351    25.5166     7.0646     42.619   100.0452     0.0581      7.808     2.9180     4.1701    127.074    130.316  0.000e+00
   56.34154 -133.71354    201.037    134.814    133.540     7.0764    32.5959  1026.1347    25.5168     7.0643     42.617   100.0452     0.0581      7.808     2.9178     4.1698    127.067    130.309  0.000e+00
   56.34154 -133.71354    201.342    135.122    133.845     7.0766    32.5959  1026.1361    25.5168     7.0644     42.617   100.0452     0.0581      7.808     2.9178     4.1698    127.067    130.309  0.000e+00
   56.34154 -133.71354    201.148    135.001    133.724     7.0758    32.5970  1026.1365    25.5177     7.0636     42.615   100.0452     0.0581      7.808     2.9177     4.1697    127.062    130.304  0.000e+00
   56.34154 -133.71354    201.107    135.057    133.781     7.0752    32.5974  1026.1371    25.5181     7.0630     42.614   100.0452     0.0581      7.808     2.9177     4.1697    127.061    130.304  0.000e+00
   56.34154 -133.71354    201.114    135.114    133.837     7.0747    32.5979  1026.1379    25.5186     7.0625     42.671   100.0452     0.0581      7.808     2.9216     4.1753    127.232    130.479  0.000e+00
   56.34154 -133.71354    201.146    135.122    133.845     7.0744    32.5985  1026.1385    25.5191     7.0622     42.677   100.0452     0.0581      7.808     2.9220     4.1758    127.250    130.497  0.000e+00
   56.34154 -133.71354    201.138    135.114    133.837     7.0735    32.5996  1026.1393    25.5200     7.0614     42.625   100.0452     0.0581      7.808     2.9185     4.1708    127.097    130.341  0.000e+00
   56.34154 -133.71354    201.210    135.235    133.957     7.0734    32.5998  1026.1401    25.5202     7.0612     42.625   100.0452     0.0581      7.808     2.9185     4.1709    127.098    130.341  0.000e+00
   56.34154 -133.71354    201.161    135.235    133.957     7.0732    32.6001  1026.1404    25.5205     7.0610     42.625   100.0452     0.0581      7.808     2.9185     4.1708    127.097    130.341  0.000e+00
   56.34154 -133.71354    201.201    135.300    134.021     7.0732    32.5997  1026.1404    25.5202     7.0611     42.625   100.0172     0.0581      7.808     2.9185     4.1709    127.098    130.342  0.000e+00
   56.34154 -133.71354    201.161    135.235    133.957     7.0738    32.5992  1026.1395    25.5197     7.0616     42.625    99.9613     0.0581      7.808     2.9185     4.1708    127.097    130.340  0.000e+00
   56.34154 -133.71354    201.401    135.478    134.197     7.0745    32.5980  1026.1396    25.5186     7.0623     42.627    99.9613     0.0581      7.808     2.9186     4.1710    127.101    130.345  0.000e+00
   56.34154 -133.71354    201.337    135.413    134.133     7.0756    32.5965  1026.1380    25.5173     7.0634     42.685    99.9613     0.0581      7.808     2.9225     4.1766    127.272    130.520  0.000e+00
   56.34154 -133.71354    201.337    135.413    134.133     7.0768    32.5950  1026.1367    25.5160     7.0646     42.692    99.9613     0.0581      7.808     2.9230     4.1772    127.291    130.539  0.000e+00
   56.34154 -133.71354    201.457    135.535    134.254     7.0777    32.5937  1026.1361    25.5149     7.0655     42.700    99.9613     0.0581      7.808     2.9235     4.1779    127.313    130.562  0.000e+00
   56.34154 -133.71354    201.457    135.535    134.254     7.0794    32.5926  1026.1350    25.5138     7.0671     42.650    99.9613     0.0581      7.808     2.9199     4.1729    127.160    130.404  0.000e+00
