EcoFOCI/data/1_SampleCollection/2022_GOA-OA_CruiseData/CTD_raw_BottleFile_RC0083/RC0083_018.ros
* Sea-Bird SBE 9 Data File:
* FileName = C:\Data\RC0083ctd\RC0083_018.hex
* Software Version Seasave V 7.26.7.107
* Temperature SN = 2060
* Conductivity SN = 1084
* Number of Bytes Per Scan = 31
* Number of Voltage Words = 4
* Number of Scans Averaged by the Deck Unit = 1
* NMEA Latitude = 56 10.89 N
* NMEA Longitude = 134 27.43 W
* NMEA UTC (Time) = Aug 13 2022  16:55:27
* NMEA baud rate = 4800
** Ship: R/V Rachel Carson
** Cruise ID: RC0083 RC0083
** Tech: McHugh/Nomura
** Chief Scientist: Cross Cross
** Station: CS3
** Cast:  018
# nquan = 21
# nvalues = 392                                   
# units = specified
# name 0 = latitude: Latitude [deg]
# name 1 = longitude: Longitude [deg]
# name 2 = sfdSM: Seafloor depth [salt water, m]
# name 3 = prDM: Pressure, Digiquartz [db]
# name 4 = depSM: Depth [salt water, m]
# name 5 = t090C: Temperature [ITS-90, deg C]
# name 6 = sal00: Salinity, Practical [PSU]
# name 7 = density00: Density [density, kg/m^3]
# name 8 = sigma-é00: Density [sigma-theta, kg/m^3]
# name 9 = potemp090C: Potential Temperature [ITS-90, deg C]
# name 10 = sbeox0PS: Oxygen, SBE 43 [% saturation]
# name 11 = CStarTr0: Beam Transmission, WET Labs C-Star [%]
# name 12 = flECO-AFL: Fluorescence, WET Labs ECO-AFL/FL [mg/m^3]
# name 13 = ph: pH
# name 14 = sbeox0ML/L: Oxygen, SBE 43 [ml/l]
# name 15 = sbeox0Mg/L: Oxygen, SBE 43 [mg/l]
# name 16 = sbox0Mm/Kg: Oxygen, SBE 43 [umol/kg]
# name 17 = sbeox0Mm/L: Oxygen, SBE 43 [umol/l]
# name 18 = scan: Scan Count
# name 19 = nbf: Bottles Fired
# name 20 = flag:  0.000e+00
# interval = seconds: 0.0416667
# start_time = Aug 13 2022 16:55:27 [NMEA time, header]
# bad_flag = -9.990e-29
*END*
[from data line 276]
   56.17462 -134.46430    123.075     24.669     24.443     9.4219    31.6152  1024.5156    24.4036     9.4193     82.814    95.2066     2.3438      8.130     5.4126     7.7351    235.966    241.725      49995          6  0.000e+00
   56.17462 -134.46430    123.131     24.725     24.499     9.4221    31.6155  1024.5160    24.4037     9.4195     82.814    95.2066     2.3731      8.125     5.4125     7.7350    235.963    241.721      49996          6  0.000e+00
   56.17462 -134.46430    123.075     24.669     24.443     9.4223    31.6157  1024.5159    24.4039     9.4197     82.812    95.2066     2.3438      8.130     5.4123     7.7348    235.957    241.715      49997          6  0.000e+00
   56.17462 -134.46430    123.075     24.669     24.443     9.4224    31.6155  1024.5157    24.4037     9.4198     82.812    95.2066     2.3438      8.130     5.4123     7.7347    235.956    241.714      49998          6  0.000e+00
   56.17462 -134.46430    123.019     24.612     24.387     9.4223    31.6154  1024.5154    24.4036     9.4197     82.812    95.2066     2.3438      8.130     5.4123     7.7347    235.956    241.714      49999          6  0.000e+00
   56.17462 -134.46430    123.019     24.612     24.387     9.4223    31.6154  1024.5154    24.4036     9.4197     82.806    95.2066     2.3438      8.130     5.4119     7.7342    235.939    241.697      50000          6  0.000e+00
   56.17462 -134.46430    123.019     24.612     24.387     9.4224    31.6150  1024.5151    24.4033     9.4198     82.800    95.2066     2.3438      8.130     5.4116     7.7336    235.923    241.680      50001          6  0.000e+00
   56.17462 -134.46430    123.019     24.612     24.387     9.4221    31.6152  1024.5153    24.4035     9.4195     82.801    95.2066     2.3438      8.130     5.4117     7.7338    235.928    241.685      50002          6  0.000e+00
   56.17462 -134.46430    122.955     24.548     24.323     9.4221    31.6150  1024.5149    24.4034     9.4195     82.796    95.2066     2.3438      8.130     5.4113     7.7333    235.912    241.669      50003          6  0.000e+00
   56.17462 -134.46430    123.019     24.612     24.387     9.4216    31.6155  1024.5156    24.4038     9.4190     82.799    95.2066     2.3438      8.130     5.4116     7.7336    235.922    241.680      50004          6  0.000e+00
   56.17462 -134.46430    122.955     24.548     24.323     9.4210    31.6155  1024.5154    24.4039     9.4184     82.801    95.2066     2.3731      8.130     5.4118     7.7339    235.932    241.689      50005          6  0.000e+00
   56.17462 -134.46430    122.955     24.548     24.323     9.4208    31.6158  1024.5156    24.4041     9.4182     82.797    95.2066     2.3438      8.130     5.4115     7.7336    235.922    241.680      50006          6  0.000e+00
   56.17462 -134.46430    122.955     24.548     24.323     9.4202    31.6157  1024.5157    24.4042     9.4176     82.794    95.2066     2.3731      8.130     5.4114     7.7335    235.916    241.674      50007          6  0.000e+00
   56.17462 -134.46430    122.931     24.524     24.299     9.4206    31.6157  1024.5155    24.4041     9.4180     82.791    95.2066     2.3438      8.130     5.4111     7.7331    235.904    241.661      50008          6  0.000e+00
   56.17462 -134.46430    122.835     24.427     24.203     9.4218    31.6154  1024.5146    24.4037     9.4192     82.787    95.2066     2.4024      8.130     5.4108     7.7325    235.888    241.644      50009          6  0.000e+00
   56.17462 -134.46430    123.075     24.669     24.443     9.4218    31.6152  1024.5156    24.4036     9.4192     82.787    95.2066     2.4317      8.130     5.4108     7.7325    235.888    241.645      50010          6  0.000e+00
   56.17462 -134.46430    122.955     24.548     24.323     9.4210    31.6158  1024.5157    24.4042     9.4184     82.784    95.2066     2.4610      8.130     5.4106     7.7323    235.882    241.639      50011          6  0.000e+00
   56.17462 -134.46430    122.955     24.548     24.323     9.4203    31.6159  1024.5158    24.4043     9.4177     82.782    95.2066     2.4610      8.130     5.4106     7.7323    235.880    241.637      50012          6  0.000e+00
   56.17424 -134.46488    108.998     10.461     10.366     9.7322    31.4104  1024.2414    24.1940     9.7311     88.589    91.7105     4.4537      8.176     5.7581     8.2289    251.083    257.157      51908          7  0.000e+00
   56.17424 -134.46488    109.038     10.502     10.406     9.7326    31.4087  1024.2402    24.1926     9.7315     88.593    91.7105     4.4537      8.176     5.7584     8.2293    251.096    257.170      51909          7  0.000e+00
   56.17424 -134.46488    108.918     10.380     10.286     9.7328    31.4077  1024.2389    24.1918     9.7317     88.602    91.7105     4.4537      8.176     5.7590     8.2301    251.120    257.195      51910          7  0.000e+00
   56.17424 -134.46488    108.942     10.405     10.310     9.7333    31.4091  1024.2400    24.1928     9.7321     88.605    91.7105     4.4537      8.176     5.7591     8.2303    251.124    257.200      51911          7  0.000e+00
   56.17424 -134.46488    108.854     10.316     10.222     9.7339    31.4146  1024.2438    24.1970     9.7328     88.606    91.7105     4.4537      8.176     5.7589     8.2300    251.115    257.191      51912          7  0.000e+00
   56.17424 -134.46488    108.918     10.380     10.286     9.7350    31.4200  1024.2481    24.2010     9.7339     88.609    91.7105     4.4537      8.176     5.7587     8.2297    251.105    257.182      51913          7  0.000e+00
   56.17424 -134.46488    108.998     10.461     10.366     9.7354    31.4231  1024.2508    24.2034     9.7343     88.618    91.6825     4.3951      8.176     5.7591     8.2303    251.123    257.201      51914          7  0.000e+00
   56.17424 -134.46488    108.742     10.203     10.110     9.7357    31.4249  1024.2510    24.2047     9.7346     88.622    91.7105     4.3072      8.176     5.7593     8.2306    251.132    257.210      51915          7  0.000e+00
   56.17424 -134.46488    108.918     10.380     10.286     9.7355    31.4275  1024.2539    24.2068     9.7344     88.625    91.7105     4.2779      8.176     5.7594     8.2308    251.136    257.215      51916          7  0.000e+00
   56.17424 -134.46488    108.646     10.106     10.014     9.7359    31.4272  1024.2523    24.2065     9.7348     88.683    91.6825     4.2486      8.176     5.7632     8.2361    251.299    257.383      51917          7  0.000e+00
   56.17424 -134.46488    108.798     10.259     10.166     9.7350    31.4251  1024.2516    24.2050     9.7339     88.698    91.6825     4.2779      8.176     5.7643     8.2377    251.349    257.433      51918          7  0.000e+00
   56.17424 -134.46488    108.742     10.203     10.110     9.7341    31.4205  1024.2478    24.2016     9.7330     88.703    91.6825     4.2779      8.176     5.7649     8.2386    251.377    257.461      51919          7  0.000e+00
   56.17424 -134.46488    108.710     10.171     10.078     9.7334    31.4155  1024.2439    24.1977     9.7323     88.653    91.6825     4.2779      8.176     5.7619     8.2344    251.249    257.329      51920          7  0.000e+00
   56.17424 -134.46488    108.742     10.203     10.110     9.7333    31.4118  1024.2412    24.1949     9.7322     88.652    91.6825     4.2779      8.176     5.7620     8.2345    251.251    257.330      51921          7  0.000e+00
   56.17424 -134.46488    108.678     10.138     10.046     9.7326    31.4104  1024.2399    24.1939     9.7315     88.703    91.6825     4.2779      8.176     5.7654     8.2394    251.402    257.485      51922          7  0.000e+00
   56.17424 -134.46488    108.646     10.106     10.014     9.7329    31.4050  1024.2355    24.1896     9.7318     88.705    91.6825     4.2779      8.176     5.7658     8.2399    251.417    257.499      51923          7  0.000e+00
   56.17424 -134.46488    108.566     10.025      9.934     9.7329    31.3970  1024.2289    24.1834     9.7318     88.652    91.6825     4.2779      8.176     5.7626     8.2353    251.281    257.358      51924          7  0.000e+00
   56.17424 -134.46488    108.622     10.082      9.990     9.7331    31.3906  1024.2241    24.1784     9.7320     88.702    91.6825     4.2779      8.176     5.7661     8.2403    251.434    257.513      51925          7  0.000e+00
   56.17422 -134.46490    108.590     10.049      9.958     9.7341    31.3811  1024.2164    24.1708     9.7330     88.648    91.6825     4.2779      8.176     5.7628     8.2356    251.293    257.367      51926          7  0.000e+00
   56.17422 -134.46490    108.502      9.961      9.870     9.7377    31.3698  1024.2066    24.1614     9.7366     88.641    91.6825     4.2779      8.176     5.7623     8.2348    251.272    257.343      51927          7  0.000e+00
   56.17422 -134.46490    108.566     10.025      9.934     9.7408    31.3599  1024.1987    24.1532     9.7397     88.689    91.6825     4.2779      8.176     5.7654     8.2393    251.409    257.481      51928          7  0.000e+00
   56.17422 -134.46490    108.470      9.928      9.838     9.7460    31.3472  1024.1874    24.1424     9.7449     88.692    91.6825     4.2779      8.176     5.7654     8.2393    251.414    257.483      51929          7  0.000e+00
   56.17422 -134.46490    108.502      9.961      9.870     9.7491    31.3377  1024.1797    24.1345     9.7480     88.697    91.6825     4.2779      8.176     5.7657     8.2398    251.428    257.496      51930          7  0.000e+00
   56.17422 -134.46490    108.502      9.961      9.870     9.7527    31.3291  1024.1724    24.1272     9.7516     88.701    91.6825     4.2779      8.176     5.7658     8.2399    251.435    257.502      51931          7  0.000e+00
   56.17422 -134.46490    108.414      9.872      9.782     9.7549    31.3233  1024.1671    24.1223     9.7538     88.704    91.6825     4.2779      8.181     5.7659     8.2401    251.441    257.507      51932          7  0.000e+00
   56.17422 -134.46490    108.446      9.904      9.814     9.7563    31.3198  1024.1643    24.1194     9.7552     88.701    91.6825     4.2779      8.181     5.7657     8.2397    251.431    257.496      51933          7  0.000e+00
   56.17422 -134.46490    108.446      9.904      9.814     9.7569    31.3201  1024.1644    24.1195     9.7558     88.697    91.6825     4.2193      8.181     5.7653     8.2393    251.416    257.480      51934          7  0.000e+00
   56.17422 -134.46490    108.414      9.872      9.782     9.7579    31.3164  1024.1613    24.1165     9.7569     88.698    91.6825     3.9262      8.181     5.7654     8.2394    251.421    257.484      51935          7  0.000e+00
   56.17422 -134.46490    108.382      9.840      9.750     9.7658    31.2969  1024.1446    24.1000     9.7647     88.698    91.6825     3.8090      8.181     5.7652     8.2390    251.413    257.472      51936          7  0.000e+00
   56.17422 -134.46490    108.382      9.840      9.750     9.7780    31.2672  1024.1195    24.0748     9.7769     88.697    91.7384     3.7797      8.181     5.7647     8.2383    251.397    257.450      51937          7  0.000e+00
   56.17422 -134.46490    108.526      9.985      9.894     9.7870    31.2472  1024.1031    24.0578     9.7859     88.746    91.7664     3.8090      8.181     5.7674     8.2422    251.521    257.572      51938          7  0.000e+00
   56.17422 -134.46490    108.246      9.726      9.638     9.7915    31.2406  1024.0961    24.0519     9.7905     88.694    91.7664     3.8090      8.181     5.7637     8.2369    251.360    257.405      51939          7  0.000e+00
   56.17422 -134.46490    108.350      9.807      9.718     9.7898    31.2446  1024.0998    24.0553     9.7887     88.693    91.7664     3.8090      8.181     5.7637     8.2370    251.362    257.408      51940          7  0.000e+00
   56.17422 -134.46490    108.358      9.840      9.750     9.7890    31.2496  1024.1040    24.0594     9.7879     88.638    91.7664     3.8090      8.181     5.7600     8.2317    251.199    257.243      51941          7  0.000e+00
   56.17422 -134.46490    108.382      9.840      9.750     9.7855    31.2574  1024.1106    24.0660     9.7844     88.684    91.7664     3.8090      8.181     5.7632     8.2362    251.335    257.384      51942          7  0.000e+00
   56.17422 -134.46490    108.414      9.872      9.782     9.7816    31.2701  1024.1213    24.0765     9.7805     88.682    91.7664     3.8090      8.181     5.7631     8.2360    251.329    257.380      51943          7  0.000e+00
   56.17422 -134.46490    108.502      9.961      9.870     9.7708    31.2948  1024.1427    24.0975     9.7697     88.681    91.7664     3.8090      8.181     5.7635     8.2366    251.341    257.398      51944          7  0.000e+00
   56.17422 -134.46490    108.270      9.727      9.638     9.7596    31.3244  1024.1665    24.1224     9.7585     88.676    91.7664     3.8090      8.181     5.7635     8.2366    251.335    257.398      51945          7  0.000e+00
   56.17422 -134.46490    108.414      9.872      9.782     9.7496    31.3530  1024.1911    24.1463     9.7486     88.675    91.7664     3.8090      8.181     5.7636     8.2368    251.335    257.403      51946          7  0.000e+00
   56.17422 -134.46490    108.382      9.840      9.750     9.7445    31.3662  1024.2021    24.1575     9.7435     88.671    91.7664     3.8090      8.181     5.7635     8.2366    251.326    257.397      51947          7  0.000e+00
   56.17422 -134.46490    108.446      9.904      9.814     9.7421    31.3728  1024.2080    24.1630     9.7410     88.666    91.7664     3.8090      8.181     5.7633     8.2363    251.315    257.388      51948          7  0.000e+00
   56.17422 -134.46490    108.526      9.985      9.894     9.7378    31.3828  1024.2169    24.1715     9.7368     88.662    91.7664     3.8090      8.186     5.7632     8.2361    251.308    257.382      51949          7  0.000e+00
   56.17422 -134.46490    108.326      9.783      9.694     9.7362    31.3867  1024.2192    24.1748     9.7351     88.654    91.7664     3.8090      8.181     5.7627     8.2354    251.286    257.361      51950          7  0.000e+00
   56.17422 -134.46490    108.446      9.904      9.814     9.7363    31.3859  1024.2191    24.1742     9.7353     88.648    91.7664     3.8090      8.181     5.7623     8.2349    251.271    257.345      51951          7  0.000e+00
   56.17422 -134.46490    108.470      9.929      9.838     9.7352    31.3876  1024.2207    24.1757     9.7342     88.648    91.7664     3.8090      8.186     5.7624     8.2350    251.273    257.347      51952          7  0.000e+00
   56.17422 -134.46490    108.622     10.082      9.990     9.7334    31.3911  1024.2245    24.1787     9.7323     88.648    91.7664     3.8090      8.186     5.7625     8.2352    251.279    257.355      51953          7  0.000e+00
   56.17422 -134.46490    108.382      9.840      9.750     9.7328    31.3919  1024.2240    24.1794     9.7317     88.692    91.7664     3.8090      8.186     5.7654     8.2394    251.405    257.484      51954          7  0.000e+00
   56.17422 -134.46490    108.590     10.050      9.958     9.7333    31.3904  1024.2238    24.1782     9.7322     88.692    91.7664     3.9262      8.186     5.7654     8.2393    251.404    257.483      51955          7  0.000e+00
   56.17422 -134.46490    108.566     10.025      9.934     9.7341    31.3874  1024.2212    24.1758     9.7330     88.688    91.7664     4.0141      8.186     5.7652     8.2390    251.395    257.473      51956          7  0.000e+00
   56.17390 -134.46528    102.257      3.658      3.625    10.2817    29.7781  1022.8490    22.8324    10.2813    112.829    80.5508     7.5306      8.364     7.3221    10.4640    319.704    327.004      53508          8  0.000e+00
