EcoFOCI/data/1_SampleCollection/2022_GOA-OA_CruiseData/CTD_raw_BottleFile_RC0083/RC0083_116.cnv
* Sea-Bird SBE 9 Data File:
* FileName = C:\Data\RC0083ctd\RC0083_116.hex
* Software Version Seasave V 7.26.7.107
* Temperature SN = 2060
* Conductivity SN = 2881
* Number of Bytes Per Scan = 31
* Number of Voltage Words = 4
* Number of Scans Averaged by the Deck Unit = 1
* NMEA Latitude = 56 03.63 N
* NMEA Longitude = 133 57.17 W
* NMEA UTC (Time) = Aug 23 2022  14:04:12
* NMEA baud rate = 4800
** Ship: R/V Rachel Carson
** Cruise ID: RC0083
** Tech: McHugh/Nomura
** Chief Scientist: Cross
** Station: LSS4
** Cast:  CTD116
# nquan = 19
# nvalues = 5261                                  
# units = specified
# name 0 = latitude: Latitude [deg]
# name 1 = longitude: Longitude [deg]
# name 2 = sfdSM: Seafloor depth [salt water, m]
# name 3 = prDM: Pressure, Digiquartz [db]
# name 4 = depSM: Depth [salt water, m]
# name 5 = t090C: Temperature [ITS-90, deg C]
# name 6 = sal00: Salinity, Practical [PSU]
# name 7 = density00: Density [density, kg/m^3]
# name 8 = sigma-é00: Density [sigma-theta, kg/m^3]
# name 9 = potemp090C: Potential Temperature [ITS-90, deg C]
# name 10 = sbeox0PS: Oxygen, SBE 43 [% saturation]
# name 11 = CStarTr0: Beam Transmission, WET Labs C-Star [%]
# name 12 = flECO-AFL: Fluorescence, WET Labs ECO-AFL/FL [mg/m^3]
# name 13 = ph: pH
# name 14 = sbeox0ML/L: Oxygen, SBE 43 [ml/l]
# name 15 = sbeox0Mg/L: Oxygen, SBE 43 [mg/l]
# name 16 = sbox0Mm/Kg: Oxygen, SBE 43 [umol/kg]
# name 17 = sbeox0Mm/L: Oxygen, SBE 43 [umol/l]
# name 18 = flag:  0.000e+00
# span 0 =   56.06042,   56.06086                 
# span 1 = -133.95378, -133.95290                 
# span 2 =      3.244,    116.470                 
# span 3 =      2.936,     75.337                 
# span 4 =      2.909,     74.637                 
# span 5 =     7.0249,     9.2571                 
# span 6 =    31.4121,    32.6602                 
# span 7 =  1024.2861,  1025.9189                 
# span 8 =    24.2706,    25.5736                 
# span 9 =     7.0181,     9.2567                 
# span 10 =     42.286,     71.753                
# span 11 =    94.1158,   101.1360                
# span 12 =     0.0581,     4.1606                
# span 13 =      7.822,      8.050                
# span 14 =     2.8964,     4.7201                
# span 15 =     4.1392,     6.7454                
# span 16 =    126.128,    205.798                
# span 17 =    129.351,    210.798                
# span 18 = 0.0000e+00, 0.0000e+00                
# interval = seconds: 0.0416667
# start_time = Aug 23 2022 14:04:12 [NMEA time, header]
# bad_flag = -9.990e-29
*END*
[from data line 839]
   56.06052 -133.95322    101.628      3.097      3.069     9.2023    31.4300  1024.3069    24.2928     9.2020     71.197    94.7591     2.8420      8.045     4.6815     6.6904    204.119    209.078  0.000e+00
   56.06052 -133.95322    101.537      3.178      3.149     9.2028    31.4299  1024.3071    24.2927     9.2025     71.198    94.7591     2.8127      8.045     4.6815     6.6904    204.119    209.077  0.000e+00
   56.06052 -133.95322    101.471      3.210      3.181     9.2023    31.4304  1024.3077    24.2931     9.2020     71.135    94.7591     2.8713      8.045     4.6774     6.6845    203.939    208.894  0.000e+00
   56.06052 -133.95322    101.471      3.210      3.181     9.2016    31.4302  1024.3076    24.2930     9.2012     71.181    94.7591     2.8713      8.045     4.6805     6.6889    204.075    209.032  0.000e+00
   56.06052 -133.95322    101.439      3.178      3.149     9.2002    31.4308  1024.3082    24.2938     9.1999     71.175    94.7591     2.8713      8.045     4.6803     6.6886    204.063    209.020  0.000e+00
   56.06052 -133.95322    101.415      3.153      3.125     9.1997    31.4309  1024.3083    24.2939     9.1994     71.222    94.7591     2.8713      8.045     4.6834     6.6931    204.201    209.162  0.000e+00
   56.06052 -133.95322    101.439      3.178      3.149     9.1996    31.4307  1024.3083    24.2938     9.1993     71.224    94.7311     2.8127      8.045     4.6836     6.6933    204.208    209.169  0.000e+00
   56.06052 -133.95322    101.535      3.275      3.245     9.1988    31.4313  1024.3093    24.2944     9.1984     71.175    94.7591     2.8420      8.045     4.6804     6.6888    204.070    209.028  0.000e+00
   56.06052 -133.95322    101.551      3.291      3.261     9.1981    31.4314  1024.3096    24.2946     9.1977     71.174    94.7591     2.8713      8.045     4.6804     6.6888    204.070    209.028  0.000e+00
   56.06052 -133.95324    101.471      3.210      3.181     9.1979    31.4315  1024.3092    24.2946     9.1976     71.171    94.7591     2.8420      8.045     4.6802     6.6885    204.061    209.018  0.000e+00
   56.06052 -133.95324    101.471      3.234      3.205     9.1988    31.4309  1024.3088    24.2941     9.1984     71.161    94.7591     2.8713      8.045     4.6795     6.6875    204.029    208.986  0.000e+00
   56.06052 -133.95324    101.398      3.210      3.181     9.1990    31.4313  1024.3090    24.2944     9.1986     71.204    94.7591     2.8127      8.045     4.6823     6.6915    204.152    209.112  0.000e+00
   56.06052 -133.95324    101.342      3.178      3.149     9.1996    31.4310  1024.3085    24.2940     9.1993     71.196    94.7591     2.8713      8.045     4.6817     6.6906    204.126    209.085  0.000e+00
   56.06052 -133.95324    101.374      3.210      3.181     9.1996    31.4307  1024.3084    24.2938     9.1993     71.186    94.7591     2.8127      8.045     4.6811     6.6897    204.099    209.058  0.000e+00
   56.06052 -133.95324    101.278      3.113      3.085     9.1992    31.4307  1024.3080    24.2939     9.1989     71.174    94.7591     2.8127      8.045     4.6803     6.6886    204.065    209.022  0.000e+00
   56.06052 -133.95324    101.374      3.210      3.181     9.1986    31.4307  1024.3085    24.2939     9.1983     71.167    94.7311     2.7541      8.045     4.6799     6.6881    204.048    209.005  0.000e+00
   56.06052 -133.95324    101.342      3.178      3.149     9.1971    31.4304  1024.3084    24.2940     9.1968     71.158    94.6192     2.6954      8.045     4.6795     6.6874    204.028    208.985  0.000e+00
   56.06052 -133.95324    101.374      3.210      3.181     9.1937    31.4310  1024.3095    24.2949     9.1934     71.203    94.5633     2.7247      8.045     4.6828     6.6922    204.172    209.133  0.000e+00
   56.06052 -133.95324    101.374      3.210      3.181     9.1933    31.4312  1024.3098    24.2952     9.1930     71.202    94.5633     2.7247      8.045     4.6827     6.6921    204.170    209.130  0.000e+00
   56.06052 -133.95324    101.398      3.234      3.205     9.1950    31.4309  1024.3093    24.2946     9.1947     71.254    94.5633     2.7247      8.045     4.6860     6.6968    204.313    209.277  0.000e+00
   56.06052 -133.95324    101.022      3.275      3.245     9.1977    31.4309  1024.3091    24.2942     9.1974     71.199    94.5633     2.7247      8.045     4.6821     6.6912    204.144    209.103  0.000e+00
   56.06052 -133.95324    100.616      3.234      3.205     9.2034    31.4290  1024.3066    24.2919     9.2030     71.191    94.5633     2.6954      8.045     4.6811     6.6897    204.099    209.057  0.000e+00
   56.06052 -133.95324    100.487      3.153      3.125     9.2068    31.4287  1024.3055    24.2911     9.2065     71.243    94.5633     2.6954      8.045     4.6841     6.6941    204.233    209.194  0.000e+00
   56.06052 -133.95324    100.567      3.234      3.205     9.2067    31.4289  1024.3060    24.2912     9.2064     71.246    94.5633     2.7247      8.045     4.6843     6.6943    204.240    209.201  0.000e+00
   56.06052 -133.95324    100.568      3.210      3.181     9.2060    31.4294  1024.3064    24.2918     9.2056     71.190    94.5633     2.6954      8.045     4.6807     6.6892    204.083    209.041  0.000e+00
   56.06052 -133.95324    100.592      3.234      3.205     9.2067    31.4289  1024.3060    24.2913     9.2064     71.239    94.5633     2.6954      8.045     4.6838     6.6937    204.220    209.180  0.000e+00
   56.06052 -133.95324    100.512      3.153      3.125     9.2087    31.4275  1024.3042    24.2899     9.2084     71.235    94.5633     2.7247      8.045     4.6834     6.6931    204.201    209.161  0.000e+00
   56.06052 -133.95324    100.536      3.178      3.149     9.2110    31.4265  1024.3032    24.2888     9.2107     71.230    94.5633     2.7247      8.045     4.6829     6.6923    204.179    209.138  0.000e+00
   56.06052 -133.95324    100.568      3.210      3.181     9.2132    31.4265  1024.3030    24.2884     9.2129     71.224    94.5633     2.7247      8.045     4.6822     6.6914    204.151    209.109  0.000e+00
   56.06052 -133.95324    100.421      3.234      3.205     9.2177    31.4248  1024.3011    24.2864     9.2173     71.221    94.5633     2.7247      8.045     4.6817     6.6906    204.126    209.083  0.000e+00
   56.06052 -133.95324     99.828      3.153      3.125     9.2198    31.4242  1024.2999    24.2856     9.2195     71.217    94.5633     2.7247      8.045     4.6812     6.6899    204.104    209.061  0.000e+00
   56.06052 -133.95324     99.664      3.210      3.181     9.2186    31.4245  1024.3006    24.2860     9.2183     71.212    94.5633     2.7247      8.045     4.6810     6.6896    204.097    209.054  0.000e+00
   56.06052 -133.95324     99.688      3.234      3.205     9.2177    31.4248  1024.3011    24.2864     9.2173     71.262    94.5633     2.7247      8.045     4.6843     6.6944    204.243    209.203  0.000e+00
   56.06054 -133.95326     99.689      3.210      3.181     9.2183    31.4249  1024.3010    24.2863     9.2179     71.259    94.5633     2.6954      8.045     4.6841     6.6941    204.232    209.192  0.000e+00
   56.06054 -133.95326     99.713      3.234      3.205     9.2206    31.4238  1024.2998    24.2851     9.2203     71.261    94.5633     2.6954      8.045     4.6840     6.6939    204.228    209.188  0.000e+00
   56.06054 -133.95326     99.689      3.210      3.181     9.2219    31.4238  1024.2996    24.2850     9.2216     71.261    94.5633     2.7541      8.045     4.6839     6.6937    204.223    209.182  0.000e+00
   56.06054 -133.95326     99.657      3.178      3.149     9.2234    31.4233  1024.2988    24.2843     9.2230     71.260    94.6472     2.7834      8.045     4.6837     6.6934    204.213    209.172  0.000e+00
   56.06054 -133.95326     99.633      3.153      3.125     9.2244    31.4228  1024.2981    24.2838     9.2241     71.257    94.7311     2.7834      8.045     4.6834     6.6930    204.201    209.160  0.000e+00
   56.06054 -133.95326     99.713      3.234      3.205     9.2245    31.4232  1024.2988    24.2841     9.2242     71.254    94.7591     2.7834      8.045     4.6832     6.6927    204.191    209.150  0.000e+00
   56.06054 -133.95326     99.689      3.210      3.181     9.2241    31.4231  1024.2986    24.2840     9.2237     71.254    94.7591     2.7834      8.045     4.6832     6.6928    204.195    209.154  0.000e+00
   56.06054 -133.95326     99.657      3.178      3.149     9.2217    31.4233  1024.2990    24.2845     9.2214     71.309    94.7591     2.7541      8.045     4.6871     6.6983    204.363    209.326  0.000e+00
   56.06054 -133.95326     99.633      3.153      3.125     9.2199    31.4240  1024.2998    24.2854     9.2196     71.313    94.7311     2.7834      8.050     4.6875     6.6989    204.381    209.344  0.000e+00
   56.06054 -133.95326     99.657      3.178      3.149     9.2204    31.4238  1024.2996    24.2852     9.2201     71.316    94.7591     2.7541      8.045     4.6876     6.6991    204.386    209.350  0.000e+00
   56.06054 -133.95326     99.689      3.210      3.181     9.2192    31.4244  1024.3004    24.2858     9.2189     71.317    94.7311     2.7834      8.050     4.6878     6.6994    204.394    209.358  0.000e+00
   56.06054 -133.95326     99.290      3.178      3.149     9.2177    31.4238  1024.3000    24.2856     9.2173     71.316    94.7311     2.7834      8.045     4.6880     6.6996    204.401    209.365  0.000e+00
   56.06054 -133.95326     99.029      3.210      3.181     9.2145    31.4248  1024.3014    24.2868     9.2142     71.315    94.7591     2.7541      8.050     4.6882     6.6999    204.410    209.375  0.000e+00
   56.06054 -133.95326     99.005      3.210      3.181     9.2109    31.4266  1024.3035    24.2889     9.2105     71.318    94.7311     2.7834      8.045     4.6887     6.7007    204.433    209.398  0.000e+00
   56.06054 -133.95326     99.029      3.234      3.205     9.2115    31.4264  1024.3033    24.2886     9.2112     71.375    94.7311     2.7834      8.045     4.6924     6.7059    204.593    209.563  0.000e+00
   56.06054 -133.95326     98.973      3.153      3.125     9.2124    31.4259  1024.3024    24.2880     9.2121     71.380    94.7311     2.7834      8.045     4.6926     6.7062    204.604    209.573  0.000e+00
   56.06054 -133.95326     98.997      3.178      3.149     9.2129    31.4257  1024.3022    24.2878     9.2126     71.385    94.7591     2.7834      8.045     4.6929     6.7066    204.614    209.584  0.000e+00
   56.06054 -133.95326     98.973      3.153      3.125     9.2142    31.4252  1024.3015    24.2872     9.2138     71.331    94.7311     2.7834      8.045     4.6893     6.7015    204.458    209.423  0.000e+00
   56.06054 -133.95326     99.053      3.234      3.205     9.2152    31.4248  1024.3015    24.2868     9.2149     71.378    94.7311     2.7541      8.050     4.6922     6.7057    204.586    209.555  0.000e+00
   56.06054 -133.95326     99.005      3.210      3.181     9.2148    31.4251  1024.3016    24.2870     9.2145     71.378    94.7311     2.7834      8.045     4.6922     6.7057    204.587    209.555  0.000e+00
   56.06054 -133.95326     98.997      3.177      3.149     9.2152    31.4249  1024.3013    24.2868     9.2149     71.320    94.7311     2.7834      8.045     4.6884     6.7003    204.421    209.386  0.000e+00
   56.06054 -133.95326     99.071      3.153      3.125     9.2163    31.4241  1024.3004    24.2860     9.2160     71.373    94.7311     2.7834      8.045     4.6918     6.7051    204.569    209.537  0.000e+00
   56.06054 -133.95326     99.119      3.177      3.149     9.2164    31.4240  1024.3004    24.2860     9.2160     71.375    94.7311     2.6368      8.045     4.6920     6.7053    204.575    209.544  0.000e+00
   56.06054 -133.95326     99.176      3.210      3.181     9.2158    31.4240  1024.3006    24.2860     9.2155     71.426    94.6752     2.4903      8.050     4.6954     6.7102    204.724    209.696  0.000e+00
   56.06054 -133.95326     99.175      3.234      3.205     9.2142    31.4243  1024.3012    24.2865     9.2139     71.370    94.6192     2.4610      8.045     4.6919     6.7051    204.570    209.538  0.000e+00
   56.06054 -133.95326     99.095      3.153      3.124     9.2125    31.4251  1024.3017    24.2874     9.2122     71.417    94.5913     2.4610      8.050     4.6951     6.7098    204.711    209.683  0.000e+00
   56.06054 -133.95326     99.119      3.177      3.148     9.2113    31.4255  1024.3023    24.2879     9.2110     71.414    94.6192     2.4610      8.050     4.6950     6.7096    204.706    209.678  0.000e+00
   56.06054 -133.95326     99.215      3.274      3.245     9.2102    31.4258  1024.3032    24.2883     9.2099     71.415    94.6192     2.4610      8.045     4.6952     6.7099    204.714    209.686  0.000e+00
   56.06054 -133.95326     99.095      3.153      3.124     9.2107    31.4265  1024.3031    24.2888     9.2103     71.413    94.5913     2.4610      8.045     4.6949     6.7095    204.704    209.676  0.000e+00
   56.06054 -133.95326     99.175      3.234      3.205     9.2117    31.4261  1024.3030    24.2883     9.2113     71.411    94.6192     2.4610      8.045     4.6947     6.7092    204.694    209.666  0.000e+00
   56.06054 -133.95326     99.151      3.210      3.180     9.2131    31.4254  1024.3021    24.2875     9.2128     71.406    94.6192     2.4610      8.050     4.6943     6.7086    204.676    209.647  0.000e+00
   56.06054 -133.95326     99.175      3.234      3.204     9.2148    31.4248  1024.3015    24.2868     9.2145     71.401    94.6192     2.4610      8.045     4.6938     6.7079    204.654    209.625  0.000e+00
   56.06054 -133.95326     50.848      3.210      3.180     9.2159    31.4246  1024.3011    24.2865     9.2155     71.394    94.6192     2.4610      8.045     4.6932     6.7071    204.629    209.599  0.000e+00
   56.06054 -133.95326     10.621      3.177      3.148     9.2163    31.4248  1024.3011    24.2866     9.2160     71.391    94.6192     2.4610      8.045     4.6930     6.7067    204.619    209.589  0.000e+00
   56.06054 -133.95326      3.244      3.274      3.244     9.2177    31.4240  1024.3006    24.2857     9.2173     71.444    94.6192     2.4610      8.045     4.6963     6.7115    204.765    209.738  0.000e+00
   56.06054 -133.95326      5.182      3.234      3.204     9.2190    31.4234  1024.2998    24.2851     9.2186     71.450    94.6192     2.4610      8.050     4.6966     6.7119    204.777    209.750  0.000e+00
   56.06054 -133.95326      6.795      3.210      3.180     9.2206    31.4231  1024.2992    24.2846     9.2203     71.449    94.5913     2.4610      8.050     4.6964     6.7116    204.768    209.740  0.000e+00
   56.06054 -133.95326      7.087      3.234      3.204     9.2225    31.4227  1024.2986    24.2839     9.2222     71.447    94.6192     2.4610      8.045     4.6961     6.7112    204.754    209.727  0.000e+00
   56.06054 -133.95326      7.030      3.274      3.244     9.2234    31.4222  1024.2984    24.2835     9.2230     71.450    94.6192     2.4610      8.045     4.6962     6.7113    204.759    209.732  0.000e+00
   56.06054 -133.95326      6.916      3.234      3.204     9.2248    31.4219  1024.2977    24.2830     9.2245     71.395    94.6192     2.4610      8.045     4.6925     6.7060    204.597    209.565  0.000e+00
   56.06054 -133.95326      6.956      3.274      3.244     9.2275    31.4210  1024.2968    24.2819     9.2271     71.440    94.6192     2.4610      8.045     4.6951     6.7098    204.713    209.684  0.000e+00
   56.06054 -133.95326      6.956      3.274      3.244     9.2273    31.4218  1024.2974    24.2825     9.2269     71.439    94.6192     2.4610      8.045     4.6951     6.7097    204.711    209.681  0.000e+00
