EcoFOCI/data/1_SampleCollection/2022_GOA-OA_CruiseData/CTD_raw_BottleFile_RC0083/RC0083_064.cnv
* Sea-Bird SBE 9 Data File:
* FileName = C:\Data\RC0083ctd\RC0083_064.hex
* Software Version Seasave V 7.26.7.107
* Temperature SN = 2060
* Conductivity SN = 1084
* Number of Bytes Per Scan = 31
* Number of Voltage Words = 4
* Number of Scans Averaged by the Deck Unit = 1
* NMEA Latitude = 58 47.37 N
* NMEA Longitude = 136 06.63 W
* NMEA UTC (Time) = Aug 20 2022  15:57:05
* NMEA baud rate = 4800
** Ship: R/V Rachel Carson
** Cruise ID: RC0083
** Tech: McHugh/Nomura
** Chief Scientist: Cross
** Station: GB14
** Cast:  CTD064
# nquan = 19
# nvalues = 7300                                  
# units = specified
# name 0 = latitude: Latitude [deg]
# name 1 = longitude: Longitude [deg]
# name 2 = sfdSM: Seafloor depth [salt water, m]
# name 3 = prDM: Pressure, Digiquartz [db]
# name 4 = depSM: Depth [salt water, m]
# name 5 = t090C: Temperature [ITS-90, deg C]
# name 6 = sal00: Salinity, Practical [PSU]
# name 7 = density00: Density [density, kg/m^3]
# name 8 = sigma-é00: Density [sigma-theta, kg/m^3]
# name 9 = potemp090C: Potential Temperature [ITS-90, deg C]
# name 10 = sbeox0PS: Oxygen, SBE 43 [% saturation]
# name 11 = CStarTr0: Beam Transmission, WET Labs C-Star [%]
# name 12 = flECO-AFL: Fluorescence, WET Labs ECO-AFL/FL [mg/m^3]
# name 13 = ph: pH
# name 14 = sbeox0ML/L: Oxygen, SBE 43 [ml/l]
# name 15 = sbeox0Mg/L: Oxygen, SBE 43 [mg/l]
# name 16 = sbox0Mm/Kg: Oxygen, SBE 43 [umol/kg]
# name 17 = sbeox0Mm/L: Oxygen, SBE 43 [umol/l]
# name 18 = flag:  0.000e+00
# span 0 =   58.78854,   58.78948                 
# span 1 = -136.11062, -136.11040                 
# span 2 =     20.282,     75.915                 
# span 3 =      2.066,     63.845                 
# span 4 =      2.047,     63.240                 
# span 5 =     6.8855,     8.3829                 
# span 6 =    17.2087,    30.4205                 
# span 7 =  1013.4020,  1024.1227                 
# span 8 =    13.3897,    23.8287                 
# span 9 =     6.8801,     8.3826                 
# span 10 =     68.383,     99.621                
# span 11 =    18.8512,    92.4097                
# span 12 =    -0.0005,     2.4903                
# span 13 =      7.953,      8.290                
# span 14 =     4.7305,     7.4411                
# span 15 =     6.7603,    10.6340                
# span 16 =    206.388,    327.928                
# span 17 =    211.263,    332.318                
# span 18 = 0.0000e+00, 0.0000e+00                
# interval = seconds: 0.0416667
# start_time = Aug 20 2022 15:57:05 [NMEA time, header]
# bad_flag = -9.990e-29
*END*
[from data line 7010]
   58.78860 -136.11060     72.908      5.585      5.533     7.7369    26.8746  1020.9605    20.9347     7.7364     77.907    27.8293     1.5819      8.046     5.4542     7.7946    238.589    243.584  0.000e+00
   58.78860 -136.11060     72.884      5.561      5.509     7.7416    26.8262  1020.9219    20.8962     7.7411     77.961    27.7174     1.5819      8.050     5.4591     7.8016    238.814    243.804  0.000e+00
   58.78860 -136.11060     72.933      5.561      5.509     7.7458    26.7900  1020.8930    20.8673     7.7454     77.967    27.6615     1.5819      8.046     5.4603     7.8032    238.870    243.855  0.000e+00
   58.78860 -136.11060     72.837      5.464      5.413     7.7479    26.7674  1020.8745    20.8493     7.7475     77.971    27.6335     1.5819      8.050     5.4611     7.8044    238.910    243.892  0.000e+00
   58.78860 -136.11060     72.918      5.497      5.445     7.7505    26.7448  1020.8566    20.8312     7.7501     78.030    27.6615     1.5819      8.046     5.4657     7.8111    239.118    244.099  0.000e+00
   58.78860 -136.11060     72.886      5.464      5.413     7.7533    26.7228  1020.8389    20.8136     7.7528     77.984    27.6615     1.5819      8.050     5.4630     7.8071    239.001    243.976  0.000e+00
   58.78860 -136.11060     72.869      5.497      5.445     7.7544    26.7146  1020.8325    20.8071     7.7539     77.987    27.6615     1.5819      8.050     5.4633     7.8076    239.017    243.990  0.000e+00
   58.78860 -136.11060     72.797      5.400      5.349     7.7544    26.7141  1020.8316    20.8067     7.7540     78.043    27.6615     1.5819      8.050     5.4672     7.8132    239.188    244.165  0.000e+00
   58.78860 -136.11060     72.781      5.383      5.333     7.7550    26.7050  1020.8244    20.7995     7.7546     78.057    27.6615     1.5819      8.050     5.4685     7.8150    239.245    244.221  0.000e+00
   58.78860 -136.11060     72.806      5.383      5.333     7.7569    26.6790  1020.8038    20.7789     7.7564     78.070    27.6615     1.6112      8.050     5.4701     7.8173    239.322    244.294  0.000e+00
   58.78860 -136.11060     72.741      5.343      5.293     7.7588    26.6481  1020.7791    20.7544     7.7583     78.130    27.6615     1.5819      8.050     5.4752     7.8246    239.549    244.521  0.000e+00
   58.78860 -136.11060     72.830      5.383      5.333     7.7599    26.6257  1020.7615    20.7367     7.7594     78.094    27.6615     1.5819      8.050     5.4733     7.8219    239.470    244.436  0.000e+00
   58.78860 -136.11060     72.759      5.287      5.237     7.7606    26.6112  1020.7496    20.7252     7.7601     78.159    27.6615     1.5819      8.050     5.4782     7.8289    239.690    244.658  0.000e+00
   58.78860 -136.11060     72.815      5.319      5.269     7.7610    26.6036  1020.7438    20.7193     7.7606     78.230    27.6615     1.5819      8.050     5.4835     7.8364    239.921    244.892  0.000e+00
   58.78860 -136.11060     72.807      5.287      5.237     7.7612    26.6008  1020.7414    20.7170     7.7608     78.142    27.6615     1.7284      8.050     5.4773     7.8277    239.653    244.618  0.000e+00
   58.78860 -136.11060     72.735      5.262      5.213     7.7609    26.5938  1020.7359    20.7116     7.7604     78.259    27.6335     1.8749      8.050     5.4858     7.8398    240.026    244.998  0.000e+00
   58.78860 -136.11060     72.856      5.287      5.237     7.7599    26.5683  1020.7161    20.6917     7.7594     78.334    27.6615     1.9042      8.050     5.4921     7.8488    240.307    245.279  0.000e+00
   58.78860 -136.11060     72.825      5.206      5.157     7.7573    26.5272  1020.6839    20.6598     7.7569     78.303    27.6615     1.9042      8.050     5.4918     7.8483    240.300    245.264  0.000e+00
   58.78860 -136.11060     72.849      5.206      5.157     7.7544    26.4846  1020.6509    20.6268     7.7540     78.376    29.1718     1.8749      8.050     5.4988     7.8583    240.611    245.574  0.000e+00
   58.78860 -136.11060     72.809      5.165      5.117     7.7502    26.4273  1020.6063    20.5824     7.7498     78.453    30.7660     1.8749      8.050     5.5068     7.8697    240.972    245.932  0.000e+00
   58.78860 -136.11060     72.849      5.206      5.157     7.7470    26.3907  1020.5782    20.5542     7.7465     78.425    31.1017     1.8749      8.050     5.5066     7.8694    240.970    245.923  0.000e+00
   58.78860 -136.11060     72.843      5.101      5.053     7.7468    26.3850  1020.5733    20.5498     7.7463     78.497    31.0178     1.8749      8.055     5.5118     7.8770    241.203    246.159  0.000e+00
   58.78860 -136.11060     72.908      5.141      5.093     7.7463    26.3822  1020.5713    20.5476     7.7458     78.521    30.9618     1.9042      8.055     5.5137     7.8796    241.282    246.240  0.000e+00
   58.78858 -136.11060     72.916      5.101      5.053     7.7465    26.3786  1020.5683    20.5447     7.7461     78.596    30.9338     1.8749      8.055     5.5191     7.8873    241.519    246.481  0.000e+00
   58.78858 -136.11060     72.876      5.085      5.037     7.7461    26.3552  1020.5500    20.5265     7.7457     78.614    30.9338     1.8749      8.055     5.5212     7.8904    241.618    246.578  0.000e+00
   58.78858 -136.11060     72.836      5.044      4.997     7.7442    26.3115  1020.5158    20.4924     7.7437     78.692    30.9618     1.8749      8.055     5.5285     7.9008    241.946    246.904  0.000e+00
   58.78858 -136.11060     72.876      5.085      5.037     7.7430    26.2813  1020.4924    20.4689     7.7426     78.720    30.9338     1.8749      8.055     5.5317     7.9054    242.091    247.047  0.000e+00
   58.78858 -136.11060     72.812      5.020      4.973     7.7420    26.2623  1020.4774    20.4542     7.7416     78.799    30.9618     1.8749      8.055     5.5381     7.9145    242.374    247.332  0.000e+00
   58.78858 -136.11060     72.780      4.988      4.941     7.7423    26.2343  1020.4553    20.4322     7.7418     78.828    30.9618     1.9042      8.055     5.5411     7.9188    242.510    247.465  0.000e+00
   58.78858 -136.11060     72.732      4.963      4.917     7.7434    26.2082  1020.4345    20.4116     7.7430     78.908    30.9618     1.8749      8.055     5.5475     7.9280    242.797    247.753  0.000e+00
   58.78858 -136.11060     72.829      4.988      4.941     7.7440    26.1917  1020.4216    20.3985     7.7436     78.938    30.9618     1.8749      8.060     5.5502     7.9317    242.915    247.870  0.000e+00
   58.78858 -136.11060     72.878      4.963      4.917     7.7450    26.1706  1020.4049    20.3819     7.7446     78.964    30.9618     1.8749      8.060     5.5526     7.9353    243.027    247.980  0.000e+00
   58.78858 -136.11060     72.887      4.923      4.877     7.7460    26.1317  1020.3741    20.3513     7.7456     79.042    30.9618     1.8749      8.060     5.5594     7.9449    243.329    248.281  0.000e+00
   58.78858 -136.11060     72.871      4.907      4.861     7.7479    26.0777  1020.3314    20.3087     7.7475     79.123    30.9618     1.8749      8.060     5.5668     7.9555    243.665    248.613  0.000e+00
   58.78858 -136.11060     72.887      4.923      4.877     7.7487    26.0419  1020.3033    20.2806     7.7483     79.153    30.9338     1.9628      8.060     5.5701     7.9602    243.816    248.761  0.000e+00
   58.78858 -136.11060     72.807      4.842      4.797     7.7494    26.0329  1020.2958    20.2734     7.7490     79.233    30.9618     2.0508      8.060     5.5760     7.9687    244.076    249.024  0.000e+00
   58.78858 -136.11060     72.856      4.842      4.797     7.7497    26.0285  1020.2923    20.2699     7.7493     79.317    30.9338     2.1094      8.060     5.5820     7.9773    244.341    249.294  0.000e+00
   58.78858 -136.11060     72.904      4.867      4.821     7.7502    26.0175  1020.2838    20.2613     7.7498     79.349    30.9618     2.1094      8.060     5.5846     7.9810    244.456    249.409  0.000e+00
   58.78858 -136.11060     72.880      4.842      4.797     7.7508    25.9846  1020.2578    20.2354     7.7504     79.431    31.1576     2.0801      8.065     5.5915     7.9908    244.764    249.717  0.000e+00
   58.78858 -136.11060     72.848      4.810      4.765     7.7517    25.9187  1020.2059    20.1836     7.7513     79.460    31.5492     2.0801      8.065     5.5959     7.9970    244.967    249.911  0.000e+00
   58.78858 -136.11060     72.768      4.729      4.685     7.7529    25.8568  1020.1569    20.1350     7.7525     79.539    31.6610     2.0801      8.065     5.6035     8.0080    245.314    250.253  0.000e+00
   58.78858 -136.11060     72.848      4.810      4.765     7.7539    25.8054  1020.1169    20.0946     7.7535     79.622    31.6331     2.0801      8.065     5.6111     8.0188    245.655    250.592  0.000e+00
   58.78858 -136.11060     72.744      4.729      4.685     7.7546    25.7439  1020.0682    20.0464     7.7542     79.712    31.6331     2.0801      8.065     5.6196     8.0310    246.040    250.973  0.000e+00
   58.78858 -136.11060     72.760      4.745      4.701     7.7559    25.6604  1020.0027    19.9807     7.7555     79.805    31.6331     2.0801      8.070     5.6291     8.0445    246.470    251.394  0.000e+00
   58.78858 -136.11060     72.704      4.665      4.621     7.7573    25.5484  1019.9144    19.8928     7.7569     79.898    31.6331     2.0801      8.070     5.6396     8.0595    246.951    251.864  0.000e+00
   58.78858 -136.11060     72.793      4.729      4.685     7.7589    25.4578  1019.8435    19.8216     7.7585     79.939    31.6331     2.0801      8.070     5.6456     8.0681    247.231    252.132  0.000e+00
   58.78858 -136.11060     72.801      4.689      4.645     7.7594    25.4205  1019.8141    19.7924     7.7590     80.028    31.6331     2.0801      8.070     5.6532     8.0790    247.572    252.472  0.000e+00
   58.78858 -136.11060     72.746      4.608      4.565     7.7593    25.4335  1019.8239    19.8025     7.7589     80.118    31.6331     2.0801      8.070     5.6591     8.0874    247.827    252.735  0.000e+00
   58.78858 -136.11060     72.762      4.624      4.581     7.7588    25.4403  1019.8293    19.8079     7.7584     80.210    31.6331     2.0801      8.074     5.6654     8.0964    248.100    253.015  0.000e+00
   58.78858 -136.11060     72.721      4.608      4.565     7.7585    25.4230  1019.8157    19.7944     7.7581     80.301    31.6331     2.0801      8.074     5.6725     8.1065    248.416    253.333  0.000e+00
   58.78858 -136.11060     72.730      4.568      4.525     7.7586    25.3872  1019.7874    19.7663     7.7582     80.399    31.6331     2.0801      8.074     5.6807     8.1183    248.784    253.702  0.000e+00
   58.78858 -136.11060     72.795      4.608      4.565     7.7586    25.4238  1019.8164    19.7950     7.7582     80.499    31.6331     2.0801      8.074     5.6864     8.1264    249.025    253.954  0.000e+00
   58.78858 -136.11060     72.699      4.511      4.469     7.7576    25.4932  1019.8704    19.8495     7.7573     80.596    31.6331     2.0801      8.074     5.6908     8.1328    249.207    254.153  0.000e+00
   58.78858 -136.11060     72.731      4.543      4.501     7.7573    25.5303  1019.8996    19.8786     7.7569     80.647    31.6331     2.0801      8.074     5.6931     8.1360    249.298    254.253  0.000e+00
   58.78858 -136.11060     72.747      4.511      4.469     7.7583    25.5037  1019.8786    19.8577     7.7579     80.737    31.6331     2.0801      8.079     5.7003     8.1463    249.619    254.575  0.000e+00
   58.78858 -136.11060     72.943      4.487      4.445     7.7607    25.4036  1019.7997    19.7789     7.7604     80.826    31.6331     2.0801      8.079     5.7100     8.1601    250.062    255.008  0.000e+00
   58.78858 -136.11060     72.856      4.325      4.285     7.7638    25.2982  1019.7159    19.6959     7.7635     80.919    31.6331     2.0801      8.079     5.7201     8.1746    250.526    255.460  0.000e+00
   58.78858 -136.11060     73.161      4.608      4.565     7.7674    25.2233  1019.6582    19.6368     7.7670     81.016    31.6331     2.0801      8.079     5.7293     8.1877    250.942    255.869  0.000e+00
   58.78858 -136.11060     72.960      4.430      4.389     7.7723    25.1900  1019.6306    19.6101     7.7719     81.106    31.6331     2.0801      8.079     5.7362     8.1977    251.254    256.181  0.000e+00
   58.78858 -136.11060     72.920      4.390      4.349     7.7747    25.2060  1019.6426    19.6223     7.7744     81.204    31.6331     2.0801      8.084     5.7422     8.2062    251.513    256.448  0.000e+00
   58.78858 -136.11060     72.896      4.366      4.325     7.7749    25.2353  1019.6655    19.6453     7.7745     81.293    31.6051     2.0801      8.084     5.7474     8.2137    251.735    256.681  0.000e+00
   58.78858 -136.11060     72.920      4.390      4.349     7.7758    25.2322  1019.6631    19.6428     7.7754     81.443    31.6051     2.0801      8.084     5.7580     8.2288    252.199    257.153  0.000e+00
   58.78858 -136.11060     72.896      4.366      4.325     7.7765    25.1851  1019.6260    19.6058     7.7761     81.549    31.6051     2.0801      8.084     5.7672     8.2419    252.610    257.563  0.000e+00
   58.78858 -136.11060     72.856      4.325      4.285     7.7776    25.1251  1019.5787    19.5586     7.7772     81.637    31.6051     2.0801      8.084     5.7755     8.2538    252.988    257.936  0.000e+00
   58.78858 -136.11060     72.865      4.309      4.269     7.7776    25.0877  1019.5493    19.5293     7.7772     81.737    31.6051     2.0801      8.084     5.7840     8.2660    253.367    258.315  0.000e+00
   58.78858 -136.11060     72.923      4.269      4.229     7.7775    25.0808  1019.5437    19.5240     7.7771     81.841    31.6051     2.1094      8.084     5.7917     8.2769    253.703    258.656  0.000e+00
   58.78858 -136.11060     72.907      4.253      4.213     7.7763    25.0817  1019.5445    19.5248     7.7760     81.935    31.6051     2.0801      8.084     5.7984     8.2865    253.999    258.958  0.000e+00
   58.78858 -136.11060     72.923      4.269      4.229     7.7756    25.0776  1019.5414    19.5217     7.7753     82.033    31.6051     2.0801      8.089     5.8056     8.2968    254.313    259.278  0.000e+00
   58.78858 -136.11060     72.907      4.253      4.213     7.7747    25.0704  1019.5358    19.5161     7.7744     82.134    31.6051     2.1094      8.084     5.8131     8.3075    254.645    259.614  0.000e+00
   58.78858 -136.11060     72.916      4.188      4.149     7.7742    25.0704  1019.5356    19.5162     7.7739     82.223    31.6331     2.1094      8.089     5.8195     8.3166    254.924    259.899  0.000e+00
   58.78858 -136.11060     72.900      4.148      4.109     7.7737    25.0403  1019.5119    19.4927     7.7734     82.315    31.6051     2.0801      8.089     5.8272     8.3277    255.269    260.245  0.000e+00
   58.78858 -136.11060     72.989      4.188      4.149     7.7697    24.9124  1019.4123    19.3929     7.7693     82.405    31.6331     2.0801      8.089     5.8390     8.3445    255.810    260.771  0.000e+00
   58.78858 -136.11060     72.925      4.148      4.109     7.7638    24.7607  1019.2940    19.2748     7.7635     82.497    31.6051     2.0801      8.089     5.8521     8.3633    256.413    261.356  0.000e+00
   58.78858 -136.11060     72.884      4.132      4.093     7.7594    24.6683  1019.2222    19.2030     7.7591     82.584    31.6331     2.0801      8.089     5.8624     8.3780    256.884    261.817  0.000e+00
   58.78858 -136.11060     72.844      4.091      4.053     7.7588    24.6998  1019.2467    19.2278     7.7584     82.672    31.6051     2.0801      8.093     5.8676     8.3854    257.103    262.046  0.000e+00
