EcoFOCI/data/1_SampleCollection/2022_GOA-OA_CruiseData/CTD_raw_BottleFile_RC0083/RC0083_113.cnv
* Sea-Bird SBE 9 Data File:
* FileName = C:\Data\RC0083ctd\RC0083_113.hex
* Software Version Seasave V 7.26.7.107
* Temperature SN = 2060
* Conductivity SN = 2881
* Number of Bytes Per Scan = 31
* Number of Voltage Words = 4
* Number of Scans Averaged by the Deck Unit = 1
* NMEA Latitude = 56 00.32 N
* NMEA Longitude = 133 48.05 W
* NMEA UTC (Time) = Aug 23 2022  12:32:31
* NMEA baud rate = 4800
** Ship: R/V Rachel Carson
** Cruise ID: RC0083
** Tech: McHugh/Nomura
** Chief Scientist: Cross
** Station: LSS1
** Cast:  CTD113
# nquan = 19
# nvalues = 12832                                 
# units = specified
# name 0 = latitude: Latitude [deg]
# name 1 = longitude: Longitude [deg]
# name 2 = sfdSM: Seafloor depth [salt water, m]
# name 3 = prDM: Pressure, Digiquartz [db]
# name 4 = depSM: Depth [salt water, m]
# name 5 = t090C: Temperature [ITS-90, deg C]
# name 6 = sal00: Salinity, Practical [PSU]
# name 7 = density00: Density [density, kg/m^3]
# name 8 = sigma-é00: Density [sigma-theta, kg/m^3]
# name 9 = potemp090C: Potential Temperature [ITS-90, deg C]
# name 10 = sbeox0PS: Oxygen, SBE 43 [% saturation]
# name 11 = CStarTr0: Beam Transmission, WET Labs C-Star [%]
# name 12 = flECO-AFL: Fluorescence, WET Labs ECO-AFL/FL [mg/m^3]
# name 13 = ph: pH
# name 14 = sbeox0ML/L: Oxygen, SBE 43 [ml/l]
# name 15 = sbeox0Mg/L: Oxygen, SBE 43 [mg/l]
# name 16 = sbox0Mm/Kg: Oxygen, SBE 43 [umol/kg]
# name 17 = sbeox0Mm/L: Oxygen, SBE 43 [umol/l]
# name 18 = flag:  0.000e+00
# span 0 =   56.00400,   56.00528                 
# span 1 = -133.80128, -133.80080                 
# span 2 =      3.086,    240.440                 
# span 3 =      2.095,    176.923                 
# span 4 =      2.076,    175.238                 
# span 5 =     6.4376,    13.4168                 
# span 6 =    31.0985,    33.2023                 
# span 7 =  1023.5524,  1026.8895                 
# span 8 =    23.5414,    26.0789                 
# span 9 =     6.4227,    13.4165                 
# span 10 =     35.713,     93.255                
# span 11 =    97.4721,   103.6252                
# span 12 =    -0.0591,     2.7247                
# span 13 =      7.776,      8.269                
# span 14 =     2.4713,     5.6163                
# span 15 =     3.5318,     8.0262                
# span 16 =    107.565,    245.016                
# span 17 =    110.369,    250.822                
# span 18 = 0.0000e+00, 0.0000e+00                
# interval = seconds: 0.0416667
# start_time = Aug 23 2022 12:32:31 [NMEA time, header]
# bad_flag = -9.990e-29
*END*
[from data line 4572]
   56.00454 -133.80108    169.511    118.313    117.203     6.5600    33.0981  1026.5238    25.9803     6.5497     39.536   102.7023    -0.0005      7.791     2.7303     3.9019    118.848    121.935  0.000e+00
   56.00454 -133.80108    169.511    118.313    117.203     6.5602    33.0978  1026.5234    25.9800     6.5500     39.531   102.7023    -0.0005      7.791     2.7300     3.9014    118.833    121.920  0.000e+00
   56.00454 -133.80108    169.599    118.378    117.267     6.5601    33.0977  1026.5237    25.9800     6.5498     39.528   102.7302    -0.0005      7.791     2.7298     3.9011    118.824    121.912  0.000e+00
   56.00454 -133.80108    169.599    118.378    117.267     6.5600    33.0973  1026.5234    25.9797     6.5497     39.584   102.7023    -0.0005      7.791     2.7336     3.9066    118.992    122.084  0.000e+00
   56.00454 -133.80108    169.583    118.362    117.251     6.5602    33.0974  1026.5234    25.9797     6.5500     39.590   102.7302    -0.0005      7.791     2.7340     3.9072    119.009    122.100  0.000e+00
   56.00454 -133.80108    169.720    118.500    117.387     6.5606    33.0969  1026.5236    25.9793     6.5503     39.540   102.7302    -0.0005      7.791     2.7305     3.9022    118.858    121.946  0.000e+00
   56.00454 -133.80108    169.655    118.435    117.323     6.5605    33.0971  1026.5235    25.9795     6.5502     39.541   102.7582    -0.0005      7.791     2.7306     3.9024    118.862    121.950  0.000e+00
   56.00454 -133.80108    169.720    118.499    117.387     6.5606    33.0974  1026.5240    25.9797     6.5503     39.544   102.8141    -0.0005      7.791     2.7309     3.9027    118.872    121.960  0.000e+00
   56.00454 -133.80108    169.776    118.556    117.444     6.5604    33.0972  1026.5241    25.9795     6.5501     39.549   102.8141    -0.0005      7.791     2.7312     3.9032    118.887    121.975  0.000e+00
   56.00454 -133.80108    172.315    118.556    117.444     6.5605    33.0972  1026.5241    25.9795     6.5502     39.555   102.8141    -0.0005      7.791     2.7316     3.9037    118.904    121.993  0.000e+00
   56.00454 -133.80108    189.881    118.613    117.500     6.5606    33.0969  1026.5241    25.9793     6.5503     39.562   102.8141    -0.0005      7.791     2.7321     3.9045    118.926    122.016  0.000e+00
   56.00454 -133.80108    198.030    118.556    117.443     6.5605    33.0970  1026.5240    25.9794     6.5502     39.564   102.8141    -0.0005      7.791     2.7322     3.9046    118.931    122.020  0.000e+00
   56.00454 -133.80108    198.761    118.605    117.492     6.5604    33.0970  1026.5242    25.9794     6.5501     39.567   102.8141    -0.0005      7.791     2.7324     3.9049    118.940    122.030  0.000e+00
   56.00454 -133.80108    198.076    118.677    117.564     6.5604    33.0967  1026.5243    25.9792     6.5501     39.571   102.8141    -0.0005      7.791     2.7327     3.9053    118.953    122.043  0.000e+00
   56.00454 -133.80108    197.759    118.677    117.564     6.5605    33.0968  1026.5243    25.9792     6.5502     39.576   102.8141    -0.0005      7.791     2.7331     3.9058    118.968    122.058  0.000e+00
   56.00454 -133.80108    197.935    118.855    117.740     6.5610    33.0963  1026.5247    25.9787     6.5507     39.576   102.8141    -0.0005      7.791     2.7330     3.9058    118.966    122.057  0.000e+00
   56.00454 -133.80108    197.840    118.734    117.620     6.5610    33.0964  1026.5242    25.9788     6.5507     39.575   102.8141    -0.0005      7.791     2.7330     3.9057    118.965    122.055  0.000e+00
   56.00454 -133.80108    197.904    118.799    117.684     6.5611    33.0965  1026.5246    25.9789     6.5508     39.519   102.8141    -0.0005      7.791     2.7291     3.9001    118.795    121.881  0.000e+00
   56.00454 -133.80108    197.783    118.677    117.564     6.5610    33.0964  1026.5240    25.9789     6.5507     39.514   102.8141    -0.0005      7.791     2.7287     3.8996    118.779    121.865  0.000e+00
   56.00454 -133.80108    198.120    119.017    117.900     6.5609    33.0965  1026.5256    25.9790     6.5506     39.519   102.8141    -0.0005      7.791     2.7291     3.9001    118.795    121.881  0.000e+00
   56.00454 -133.80108    197.904    118.799    117.684     6.5611    33.0968  1026.5248    25.9791     6.5508     39.515   102.8141    -0.0005      7.795     2.7288     3.8998    118.784    121.870  0.000e+00
   56.00454 -133.80108    198.016    118.912    117.796     6.5609    33.0969  1026.5254    25.9792     6.5506     39.515   102.8141    -0.0005      7.791     2.7288     3.8997    118.783    121.869  0.000e+00
   56.00454 -133.80108    198.016    118.912    117.796     6.5611    33.0962  1026.5249    25.9787     6.5508     39.522   102.8141    -0.0005      7.791     2.7293     3.9004    118.803    121.890  0.000e+00
   56.00454 -133.80108    198.080    118.977    117.860     6.5610    33.0964  1026.5253    25.9789     6.5507     39.524   102.8141    -0.0005      7.791     2.7294     3.9006    118.809    121.895  0.000e+00
   56.00454 -133.80108    200.644    118.977    117.860     6.5612    33.0961  1026.5250    25.9786     6.5509     39.519   102.8141    -0.0005      7.791     2.7291     3.9001    118.795    121.881  0.000e+00
   56.00454 -133.80108    208.148    119.033    117.916     6.5614    33.0960  1026.5252    25.9785     6.5511     39.516   102.8141    -0.0005      7.791     2.7288     3.8998    118.785    121.870  0.000e+00
   56.00454 -133.80108    210.714    118.912    117.796     6.5614    33.0958  1026.5245    25.9784     6.5511     39.519   102.8421    -0.0005      7.791     2.7291     3.9002    118.795    121.881  0.000e+00
   56.00454 -133.80108    210.907    119.082    117.964     6.5612    33.0964  1026.5257    25.9788     6.5509     39.525   102.9260    -0.0005      7.791     2.7295     3.9008    118.814    121.900  0.000e+00
   56.00454 -133.80108    210.718    119.211    118.092     6.5612    33.0963  1026.5263    25.9787     6.5509     39.532   102.9540    -0.0005      7.791     2.7300     3.9015    118.835    121.922  0.000e+00
   56.00454 -133.80108    210.500    119.090    117.972     6.5610    33.0967  1026.5261    25.9791     6.5507     39.532   102.9260    -0.0005      7.791     2.7300     3.9015    118.835    121.922  0.000e+00
   56.00454 -133.80108    210.500    119.090    117.972     6.5604    33.0972  1026.5265    25.9796     6.5501     39.534   102.9260    -0.0005      7.791     2.7301     3.9016    118.841    121.928  0.000e+00
   56.00454 -133.80108    210.524    119.090    117.972     6.5600    33.0976  1026.5269    25.9799     6.5496     39.479   102.9260    -0.0005      7.791     2.7263     3.8962    118.675    121.758  0.000e+00
   56.00454 -133.80108    210.764    119.333    118.213     6.5596    33.0980  1026.5284    25.9803     6.5492     39.477   102.9260    -0.0005      7.791     2.7262     3.8960    118.670    121.753  0.000e+00
   56.00454 -133.80108    210.524    119.090    117.972     6.5595    33.0983  1026.5275    25.9805     6.5492     39.473   102.9260    -0.0005      7.791     2.7260     3.8957    118.659    121.742  0.000e+00
   56.00454 -133.80108    210.821    119.389    118.269     6.5590    33.0987  1026.5293    25.9809     6.5486     39.416   102.9260    -0.0005      7.791     2.7221     3.8901    118.489    121.567  0.000e+00
   56.00454 -133.80108    210.708    119.276    118.156     6.5588    33.0986  1026.5287    25.9809     6.5485     39.409   102.9260    -0.0005      7.791     2.7216     3.8894    118.469    121.547  0.000e+00
   56.00454 -133.80108    210.748    119.316    118.197     6.5590    33.0981  1026.5285    25.9805     6.5487     39.404   102.9260    -0.0005      7.791     2.7213     3.8890    118.454    121.532  0.000e+00
   56.00454 -133.80108    210.708    119.276    118.156     6.5590    33.0986  1026.5287    25.9809     6.5486     39.401   102.9260    -0.0005      7.791     2.7210     3.8886    118.442    121.520  0.000e+00
   56.00454 -133.80108    210.885    119.454    118.333     6.5596    33.0980  1026.5290    25.9803     6.5492     39.399   102.9260    -0.0005      7.791     2.7209     3.8884    118.437    121.514  0.000e+00
   56.00454 -133.80108    213.922    119.389    118.269     6.5597    33.0977  1026.5284    25.9801     6.5493     39.456   102.9260    -0.0005      7.791     2.7248     3.8940    118.607    121.688  0.000e+00
   56.00454 -133.80108    216.697    119.454    118.333     6.5595    33.0978  1026.5289    25.9802     6.5491     39.463   102.9260    -0.0005      7.791     2.7253     3.8947    118.629    121.711  0.000e+00
   56.00454 -133.80108    217.330    119.575    118.453     6.5596    33.0977  1026.5293    25.9801     6.5492     39.471   102.9260    -0.0005      7.791     2.7259     3.8955    118.655    121.737  0.000e+00
   56.00454 -133.80108    217.119    119.511    118.389     6.5592    33.0981  1026.5294    25.9804     6.5488     39.480   102.9260    -0.0005      7.791     2.7265     3.8964    118.682    121.765  0.000e+00
   56.00454 -133.80108    217.021    119.511    118.389     6.5588    33.0982  1026.5295    25.9805     6.5484     39.426   102.9260    -0.0005      7.791     2.7228     3.8911    118.520    121.599  0.000e+00
   56.00454 -133.80108    217.061    119.575    118.453     6.5579    33.0994  1026.5309    25.9817     6.5475     39.424   102.9260    -0.0005      7.791     2.7227     3.8910    118.516    121.595  0.000e+00
   56.00454 -133.80108    217.069    119.559    118.437     6.5580    33.0990  1026.5304    25.9813     6.5477     39.423   102.9260    -0.0005      7.791     2.7226     3.8909    118.512    121.591  0.000e+00
   56.00454 -133.80108    217.173    119.689    118.565     6.5582    33.0990  1026.5310    25.9813     6.5478     39.424   102.9260    -0.0005      7.791     2.7226     3.8909    118.514    121.593  0.000e+00
   56.00454 -133.80108    217.141    119.632    118.509     6.5581    33.0988  1026.5306    25.9811     6.5477     39.424   102.9540    -0.0005      7.791     2.7227     3.8910    118.517    121.596  0.000e+00
   56.00454 -133.80108    217.197    119.689    118.565     6.5582    33.0991  1026.5311    25.9814     6.5478     39.427   102.9820    -0.0005      7.791     2.7229     3.8912    118.524    121.603  0.000e+00
   56.00454 -133.80108    217.197    119.689    118.565     6.5582    33.0990  1026.5311    25.9813     6.5478     39.423   102.9820    -0.0005      7.791     2.7226     3.8909    118.513    121.592  0.000e+00
   56.00454 -133.80108    217.438    119.931    118.805     6.5581    33.0987  1026.5319    25.9810     6.5477     39.422   102.9820    -0.0005      7.791     2.7225     3.8908    118.509    121.588  0.000e+00
   56.00454 -133.80108    217.318    119.810    118.685     6.5570    33.1000  1026.5325    25.9822     6.5466     39.419   102.9820    -0.0005      7.791     2.7224     3.8906    118.503    121.582  0.000e+00
   56.00454 -133.80108    217.382    119.875    118.749     6.5554    33.1016  1026.5343    25.9837     6.5450     39.426   102.9820    -0.0005      7.791     2.7229     3.8913    118.525    121.605  0.000e+00
   56.00454 -133.80108    217.438    119.931    118.805     6.5547    33.1024  1026.5353    25.9844     6.5443     39.375   102.9820    -0.0005      7.791     2.7195     3.8864    118.375    121.451  0.000e+00
   56.00454 -133.80108    217.366    119.858    118.733     6.5541    33.1032  1026.5356    25.9851     6.5437     39.427   102.9820    -0.0005      7.791     2.7231     3.8915    118.533    121.613  0.000e+00
   56.00454 -133.80108    217.558    120.053    118.926     6.5537    33.1034  1026.5368    25.9854     6.5433     39.431   102.9820    -0.0005      7.791     2.7233     3.8919    118.543    121.623  0.000e+00
   56.00454 -133.80108    217.438    119.931    118.805     6.5534    33.1038  1026.5366    25.9857     6.5430     39.433   102.9820     0.0288      7.791     2.7235     3.8922    118.551    121.631  0.000e+00
   56.00454 -133.80108    217.614    120.109    118.982     6.5532    33.1040  1026.5375    25.9858     6.5427     39.380   102.9820     0.0288      7.791     2.7199     3.8870    118.393    121.469  0.000e+00
   56.00454 -133.80108    217.614    120.109    118.982     6.5529    33.1039  1026.5375    25.9858     6.5425     39.436   102.9820    -0.0005      7.791     2.7237     3.8925    118.562    121.643  0.000e+00
   56.00454 -133.80108    217.614    120.109    118.982     6.5532    33.1036  1026.5373    25.9856     6.5427     39.442   102.9820     0.0288      7.791     2.7241     3.8931    118.579    121.660  0.000e+00
   56.00454 -133.80108    217.558    120.053    118.925     6.5532    33.1039  1026.5372    25.9858     6.5427     39.448   102.9820     0.0288      7.791     2.7246     3.8937    118.598    121.679  0.000e+00
   56.00454 -133.80108    217.790    120.287    119.158     6.5533    33.1035  1026.5380    25.9855     6.5429     39.457   102.9820     0.0288      7.791     2.7252     3.8945    118.623    121.706  0.000e+00
   56.00454 -133.80108    217.710    120.231    119.102     6.5532    33.1036  1026.5378    25.9855     6.5427     39.465   102.9820     0.0288      7.791     2.7257     3.8953    118.648    121.731  0.000e+00
   56.00454 -133.80108    217.790    120.287    119.158     6.5532    33.1037  1026.5382    25.9857     6.5427     39.417   102.9820     0.0288      7.791     2.7224     3.8906    118.503    121.582  0.000e+00
   56.00454 -133.80108    217.782    120.279    119.150     6.5531    33.1037  1026.5381    25.9856     6.5427     39.420   102.9540     0.0288      7.791     2.7227     3.8909    118.514    121.594  0.000e+00
   56.00454 -133.80108    217.790    120.287    119.158     6.5525    33.1044  1026.5387    25.9862     6.5421     39.425   102.9820     0.0288      7.791     2.7230     3.8915    118.529    121.610  0.000e+00
   56.00454 -133.80108    217.910    120.409    119.278     6.5524    33.1047  1026.5395    25.9865     6.5419     39.425   102.9820     0.0288      7.791     2.7230     3.8914    118.528    121.608  0.000e+00
   56.00454 -133.80108    218.031    120.530    119.398     6.5522    33.1047  1026.5402    25.9866     6.5417     39.425   102.9820     0.0288      7.791     2.7230     3.8915    118.530    121.610  0.000e+00
   56.00454 -133.80108    217.967    120.465    119.334     6.5520    33.1046  1026.5398    25.9865     6.5416     39.425   103.0099     0.0288      7.791     2.7230     3.8915    118.531    121.611  0.000e+00
   56.00454 -133.80108    218.031    120.530    119.398     6.5519    33.1049  1026.5403    25.9867     6.5414     39.427   103.0099     0.0288      7.791     2.7232     3.8917    118.536    121.617  0.000e+00
   56.00454 -133.80108    218.031    120.530    119.398     6.5518    33.1045  1026.5401    25.9865     6.5413     39.429   103.0099     0.0288      7.791     2.7233     3.8919    118.543    121.624  0.000e+00
   56.00454 -133.80108    218.087    120.587    119.454     6.5519    33.1046  1026.5404    25.9866     6.5414     39.433   103.0099     0.0288      7.791     2.7236     3.8922    118.553    121.634  0.000e+00
   56.00454 -133.80108    218.151    120.651    119.518     6.5519    33.1049  1026.5409    25.9867     6.5414     39.379   103.0099     0.0288      7.791     2.7199     3.8870    118.392    121.469  0.000e+00
   56.00454 -133.80108    218.207    120.708    119.574     6.5517    33.1049  1026.5412    25.9868     6.5412     39.378   103.0099     0.0288      7.791     2.7198     3.8868    118.389    121.466  0.000e+00
   56.00454 -133.80108    218.207    120.708    119.574     6.5514    33.1051  1026.5414    25.9870     6.5409     39.377   103.0099     0.0288      7.791     2.7198     3.8868    118.388    121.465  0.000e+00
