EcoFOCI/data/1_SampleCollection/2022_GOA-OA_CruiseData/CTD_raw_BottleFile_RC0083/RC0083_102.cnv
* Sea-Bird SBE 9 Data File:
* FileName = C:\Data\RC0083ctd\RC0083_102.hex
* Software Version Seasave V 7.26.7.107
* Temperature SN = 2060
* Conductivity SN = 2881
* Number of Bytes Per Scan = 31
* Number of Voltage Words = 4
* Number of Scans Averaged by the Deck Unit = 1
* NMEA Latitude = 56 25.80 N
* NMEA Longitude = 132 35.11 W
* NMEA UTC (Time) = Aug 23 2022  00:50:52
* NMEA baud rate = 4800
** Ship: R/V Rachel Carson
** Cruise ID: RC0083
** Tech: McHugh/Nomura
** Chief Scientist: Cross
** Station: WI4
** Cast:  CTD102
# nquan = 19
# nvalues = 13173                                 
# units = specified
# name 0 = latitude: Latitude [deg]
# name 1 = longitude: Longitude [deg]
# name 2 = sfdSM: Seafloor depth [salt water, m]
# name 3 = prDM: Pressure, Digiquartz [db]
# name 4 = depSM: Depth [salt water, m]
# name 5 = t090C: Temperature [ITS-90, deg C]
# name 6 = sal00: Salinity, Practical [PSU]
# name 7 = density00: Density [density, kg/m^3]
# name 8 = sigma-é00: Density [sigma-theta, kg/m^3]
# name 9 = potemp090C: Potential Temperature [ITS-90, deg C]
# name 10 = sbeox0PS: Oxygen, SBE 43 [% saturation]
# name 11 = CStarTr0: Beam Transmission, WET Labs C-Star [%]
# name 12 = flECO-AFL: Fluorescence, WET Labs ECO-AFL/FL [mg/m^3]
# name 13 = ph: pH
# name 14 = sbeox0ML/L: Oxygen, SBE 43 [ml/l]
# name 15 = sbeox0Mg/L: Oxygen, SBE 43 [mg/l]
# name 16 = sbox0Mm/Kg: Oxygen, SBE 43 [umol/kg]
# name 17 = sbeox0Mm/L: Oxygen, SBE 43 [umol/l]
# name 18 = flag:  0.000e+00
# span 0 =   56.42972,   56.43002                 
# span 1 = -132.58572, -132.58506                 
# span 2 =      5.278,    261.169                 
# span 3 =      3.155,    194.769                 
# span 4 =      3.126,    192.898                 
# span 5 =     5.8466,    13.3743                 
# span 6 =    13.9753,    33.5477                 
# span 7 =  1010.1226,  1027.3222                 
# span 8 =    10.1067,    26.4260                 
# span 9 =     5.8306,    13.3739                 
# span 10 =     19.773,    102.851                
# span 11 =    22.7110,    99.4019                
# span 12 =    -0.0591,    15.6478                
# span 13 =      7.604,      8.490                
# span 14 =     1.3842,     6.8883                
# span 15 =     1.9782,     9.8440                
# span 16 =     60.229,    304.460                
# span 17 =     61.819,    307.630                
# span 18 = 0.0000e+00, 0.0000e+00                
# interval = seconds: 0.0416667
# start_time = Aug 23 2022 00:50:52 [NMEA time, header]
# bad_flag = -9.990e-29
*END*
[from data line 4724]
   56.42998 -132.58516    227.250    129.844    128.618     6.0879    33.1687  1026.6939    26.0961     6.0771     28.371    97.9196    -0.0298      7.671     1.9800     2.8296     86.178     88.427  0.000e+00
   56.42998 -132.58516    227.314    129.909    128.682     6.0871    33.1699  1026.6952    26.0971     6.0763     28.372    97.9196    -0.0298      7.667     1.9801     2.8297     86.180     88.429  0.000e+00
   56.42998 -132.58516    227.370    129.966    128.738     6.0863    33.1714  1026.6968    26.0984     6.0754     28.367    97.9196    -0.0298      7.667     1.9797     2.8292     86.166     88.415  0.000e+00
   56.42998 -132.58516    227.370    129.966    128.738     6.0860    33.1717  1026.6970    26.0987     6.0752     28.371    97.9196    -0.0298      7.671     1.9800     2.8296     86.178     88.427  0.000e+00
   56.42998 -132.58516    227.370    129.966    128.738     6.0858    33.1719  1026.6972    26.0989     6.0750     28.376    97.9196    -0.0298      7.667     1.9804     2.8302     86.195     88.445  0.000e+00
   56.42998 -132.58516    227.491    130.087    128.858     6.0858    33.1720  1026.6979    26.0990     6.0749     28.377    97.9196    -0.0298      7.667     1.9805     2.8303     86.198     88.448  0.000e+00
   56.42998 -132.58516    227.499    130.095    128.866     6.0857    33.1723  1026.6981    26.0992     6.0749     28.380    97.6678    -0.0298      7.667     1.9806     2.8305     86.205     88.455  0.000e+00
   56.42998 -132.58516    227.491    130.087    128.858     6.0852    33.1735  1026.6991    26.1002     6.0744     28.333    97.4721    -0.0298      7.667     1.9774     2.8259     86.064     88.310  0.000e+00
   56.42998 -132.58516    227.547    130.144    128.914     6.0842    33.1745  1026.7003    26.1012     6.0733     28.333    97.4161    -0.0298      7.667     1.9774     2.8259     86.064     88.310  0.000e+00
   56.42998 -132.58516    227.611    130.209    128.978     6.0842    33.1746  1026.7007    26.1012     6.0734     28.276    97.4441    -0.0298      7.667     1.9735     2.8203     85.893     88.135  0.000e+00
   56.42998 -132.58516    227.586    130.209    128.978     6.0841    33.1749  1026.7010    26.1015     6.0733     28.273    97.4441    -0.0298      7.667     1.9732     2.8200     85.884     88.125  0.000e+00
   56.42998 -132.58516    227.667    130.265    129.034     6.0837    33.1757  1026.7019    26.1022     6.0729     28.273    97.4441    -0.0298      7.667     1.9732     2.8199     85.882     88.124  0.000e+00
   56.42998 -132.58516    227.667    130.265    129.034     6.0837    33.1761  1026.7022    26.1025     6.0728     28.274    97.4441    -0.0298      7.667     1.9733     2.8201     85.886     88.128  0.000e+00
   56.42998 -132.58516    226.258    130.322    129.090     6.0831    33.1765  1026.7029    26.1029     6.0722     28.271    97.4441    -0.0298      7.667     1.9731     2.8198     85.877     88.119  0.000e+00
   56.42998 -132.58516    198.549    130.330    129.099     6.0832    33.1766  1026.7029    26.1029     6.0724     28.269    97.4441    -0.0298      7.667     1.9730     2.8196     85.873     88.114  0.000e+00
   56.42998 -132.58516    182.586    130.387    129.155     6.0827    33.1776  1026.7041    26.1038     6.0719     28.270    97.4441    -0.0005      7.667     1.9731     2.8197     85.876     88.117  0.000e+00
   56.42998 -132.58516    180.590    130.443    129.211     6.0823    33.1779  1026.7046    26.1041     6.0714     28.266    97.4441    -0.0005      7.667     1.9728     2.8193     85.863     88.105  0.000e+00
   56.42998 -132.58516    181.787    130.443    129.211     6.0826    33.1774  1026.7042    26.1036     6.0717     28.263    97.4441    -0.0005      7.667     1.9726     2.8190     85.854     88.095  0.000e+00
   56.42998 -132.58516    182.422    130.443    129.211     6.0826    33.1772  1026.7041    26.1035     6.0717     28.269    97.4441    -0.0005      7.667     1.9730     2.8196     85.872     88.114  0.000e+00
   56.42998 -132.58516    182.591    130.565    129.331     6.0827    33.1772  1026.7046    26.1035     6.0719     28.270    97.4441    -0.0005      7.667     1.9731     2.8197     85.876     88.118  0.000e+00
   56.42998 -132.58516    182.510    130.508    129.275     6.0824    33.1774  1026.7045    26.1037     6.0716     28.273    97.4441    -0.0005      7.667     1.9733     2.8200     85.884     88.126  0.000e+00
   56.42998 -132.58516    182.526    130.573    129.339     6.0826    33.1775  1026.7048    26.1037     6.0717     28.212    97.4441    -0.0005      7.667     1.9690     2.8139     85.700     87.937  0.000e+00
   56.42998 -132.58516    182.574    130.621    129.387     6.0827    33.1774  1026.7049    26.1036     6.0719     28.204    97.4721    -0.0005      7.667     1.9685     2.8132     85.676     87.912  0.000e+00
   56.42998 -132.58516    182.574    130.621    129.387     6.0828    33.1773  1026.7049    26.1035     6.0719     28.205    97.4441    -0.0005      7.667     1.9685     2.8132     85.678     87.915  0.000e+00
   56.42998 -132.58516    182.638    130.686    129.451     6.0828    33.1770  1026.7050    26.1034     6.0719     28.208    97.4441    -0.0005      7.667     1.9688     2.8135     85.688     87.925  0.000e+00
   56.42998 -132.58516    182.718    130.743    129.507     6.0826    33.1776  1026.7057    26.1038     6.0717     28.156    97.4441    -0.0005      7.667     1.9651     2.8083     85.527     87.760  0.000e+00
   56.42998 -132.58516    182.694    130.743    129.507     6.0824    33.1779  1026.7060    26.1041     6.0716     28.156    97.6119    -0.0005      7.667     1.9651     2.8083     85.528     87.761  0.000e+00
   56.42998 -132.58516    182.694    130.743    129.507     6.0820    33.1783  1026.7064    26.1045     6.0711     28.101    97.8636    -0.0005      7.667     1.9612     2.8028     85.361     87.589  0.000e+00
   56.42998 -132.58516    182.783    130.808    129.571     6.0818    33.1788  1026.7071    26.1049     6.0709     28.099    97.9196    -0.0005      7.667     1.9611     2.8027     85.357     87.585  0.000e+00
   56.42998 -132.58516    187.625    130.864    129.627     6.0818    33.1788  1026.7073    26.1049     6.0709     28.100    97.9196    -0.0005      7.667     1.9612     2.8028     85.360     87.588  0.000e+00
   56.42998 -132.58516    216.099    130.864    129.627     6.0818    33.1788  1026.7073    26.1049     6.0709     28.096    97.8916    -0.0005      7.667     1.9610     2.8024     85.349     87.577  0.000e+00
   56.42998 -132.58516    229.049    130.921    129.684     6.0816    33.1787  1026.7076    26.1048     6.0708     28.095    97.8916    -0.0005      7.667     1.9609     2.8023     85.345     87.573  0.000e+00
   56.42998 -132.58516    229.684    130.921    129.684     6.0814    33.1792  1026.7079    26.1052     6.0705     28.038    97.8916    -0.0005      7.667     1.9569     2.7966     85.173     87.396  0.000e+00
   56.42998 -132.58516    228.876    131.042    129.804     6.0811    33.1799  1026.7091    26.1058     6.0702     28.035    97.8916    -0.0005      7.667     1.9567     2.7963     85.163     87.387  0.000e+00
   56.42998 -132.58516    228.331    130.986    129.748     6.0809    33.1806  1026.7094    26.1064     6.0700     28.034    97.8916    -0.0005      7.667     1.9566     2.7962     85.160     87.384  0.000e+00
   56.42998 -132.58516    228.371    131.050    129.812     6.0809    33.1802  1026.7094    26.1061     6.0699     28.094    97.8916    -0.0005      7.667     1.9608     2.8022     85.342     87.570  0.000e+00
   56.42998 -132.58516    228.476    131.107    129.868     6.0810    33.1798  1026.7094    26.1058     6.0701     28.040    97.8916    -0.0005      7.667     1.9571     2.7968     85.178     87.402  0.000e+00
   56.42998 -132.58516    228.500    131.107    129.868     6.0806    33.1807  1026.7101    26.1065     6.0697     28.039    97.8916    -0.0005      7.667     1.9570     2.7967     85.176     87.400  0.000e+00
   56.42998 -132.58516    228.556    131.164    129.924     6.0805    33.1808  1026.7104    26.1066     6.0696     28.034    97.8916    -0.0005      7.662     1.9566     2.7962     85.160     87.383  0.000e+00
   56.42998 -132.58516    228.557    131.164    129.924     6.0805    33.1809  1026.7105    26.1067     6.0696     27.972    97.8916    -0.0005      7.667     1.9523     2.7901     84.972     87.191  0.000e+00
   56.42998 -132.58516    228.613    131.220    129.980     6.0802    33.1807  1026.7107    26.1066     6.0693     27.964    97.8916    -0.0005      7.667     1.9518     2.7893     84.949     87.167  0.000e+00
   56.42998 -132.58518    228.652    131.285    130.044     6.0802    33.1813  1026.7114    26.1070     6.0693     27.901    97.8916    -0.0005      7.667     1.9473     2.7829     84.755     86.968  0.000e+00
   56.42998 -132.58518    228.677    131.285    130.044     6.0797    33.1823  1026.7123    26.1079     6.0688     27.890    97.8916    -0.0005      7.667     1.9466     2.7819     84.725     86.937  0.000e+00
   56.42998 -132.58518    228.733    131.342    130.100     6.0796    33.1828  1026.7129    26.1083     6.0686     27.883    97.8916    -0.0005      7.667     1.9461     2.7812     84.702     86.913  0.000e+00
   56.42998 -132.58518    228.733    131.342    130.100     6.0794    33.1827  1026.7129    26.1082     6.0685     27.871    97.8916    -0.0005      7.667     1.9453     2.7800     84.665     86.876  0.000e+00
   56.42998 -132.58518    228.733    131.342    130.100     6.0796    33.1828  1026.7129    26.1083     6.0686     27.868    97.8916    -0.0005      7.667     1.9451     2.7797     84.656     86.866  0.000e+00
   56.42998 -132.58518    228.853    131.463    130.221     6.0794    33.1826  1026.7134    26.1082     6.0685     27.803    97.8916    -0.0005      7.667     1.9405     2.7732     84.460     86.665  0.000e+00
   56.42998 -132.58518    228.853    131.463    130.221     6.0793    33.1829  1026.7136    26.1084     6.0683     27.791    97.8357    -0.0005      7.667     1.9397     2.7721     84.424     86.629  0.000e+00
   56.42998 -132.58518    228.853    131.463    130.221     6.0797    33.1824  1026.7132    26.1080     6.0688     27.840    97.8357    -0.0005      7.667     1.9431     2.7769     84.572     86.780  0.000e+00
   56.42998 -132.58518    228.917    131.528    130.285     6.0794    33.1825  1026.7136    26.1081     6.0685     27.782    97.8357    -0.0005      7.667     1.9391     2.7712     84.397     86.601  0.000e+00
   56.42998 -132.58518    228.909    131.520    130.277     6.0794    33.1827  1026.7138    26.1083     6.0685     27.778    97.8357    -0.0005      7.667     1.9388     2.7708     84.384     86.587  0.000e+00
   56.42998 -132.58518    228.973    131.585    130.341     6.0796    33.1824  1026.7138    26.1080     6.0686     27.719    97.8357    -0.0005      7.667     1.9347     2.7648     84.204     86.402  0.000e+00
   56.42998 -132.58518    229.029    131.641    130.397     6.0793    33.1826  1026.7142    26.1082     6.0683     27.713    97.8357    -0.0005      7.667     1.9343     2.7643     84.188     86.386  0.000e+00
   56.42998 -132.58518    229.029    131.641    130.397     6.0793    33.1826  1026.7142    26.1082     6.0683     27.710    97.8357    -0.0005      7.662     1.9341     2.7640     84.179     86.377  0.000e+00
   56.42998 -132.58518    229.085    131.698    130.453     6.0793    33.1831  1026.7149    26.1086     6.0683     27.711    97.8357    -0.0005      7.662     1.9341     2.7640     84.179     86.377  0.000e+00
   56.42998 -132.58518    229.150    131.763    130.517     6.0792    33.1828  1026.7150    26.1084     6.0682     27.714    97.8357    -0.0298      7.662     1.9343     2.7643     84.189     86.387  0.000e+00
   56.42998 -132.58518    229.150    131.763    130.517     6.0794    33.1827  1026.7148    26.1082     6.0684     27.654    97.8357    -0.0298      7.662     1.9302     2.7584     84.008     86.202  0.000e+00
   56.42998 -132.58518    229.206    131.819    130.573     6.0793    33.1826  1026.7150    26.1082     6.0683     27.649    97.8357    -0.0298      7.662     1.9298     2.7579     83.993     86.186  0.000e+00
   56.42998 -132.58518    229.206    131.819    130.573     6.0792    33.1828  1026.7152    26.1084     6.0682     27.697    97.8357    -0.0298      7.662     1.9332     2.7627     84.139     86.336  0.000e+00
   56.42998 -132.58518    229.270    131.884    130.637     6.0793    33.1826  1026.7154    26.1082     6.0683     27.697    97.8357    -0.0298      7.667     1.9332     2.7627     84.138     86.335  0.000e+00
   56.42998 -132.58518    229.245    131.884    130.637     6.0794    33.1826  1026.7153    26.1082     6.0684     27.641    97.8357    -0.0298      7.667     1.9292     2.7571     83.967     86.160  0.000e+00
   56.42998 -132.58518    229.390    132.005    130.758     6.0789    33.1833  1026.7165    26.1088     6.0679     27.581    97.8357    -0.0298      7.662     1.9251     2.7511     83.786     85.973  0.000e+00
   56.42998 -132.58518    229.326    131.941    130.693     6.0791    33.1834  1026.7162    26.1088     6.0681     27.574    97.8357    -0.0298      7.662     1.9246     2.7504     83.765     85.952  0.000e+00
   56.42998 -132.58518    229.382    131.997    130.750     6.0789    33.1835  1026.7166    26.1089     6.0679     27.571    97.8357    -0.0298      7.662     1.9243     2.7501     83.754     85.941  0.000e+00
   56.42998 -132.58518    229.422    132.062    130.814     6.0788    33.1838  1026.7172    26.1092     6.0678     27.570    97.8357    -0.0298      7.662     1.9243     2.7500     83.753     85.939  0.000e+00
   56.42998 -132.58518    229.502    132.119    130.870     6.0788    33.1839  1026.7175    26.1093     6.0678     27.514    97.8357    -0.0298      7.662     1.9204     2.7445     83.583     85.766  0.000e+00
   56.42998 -132.58518    229.502    132.119    130.870     6.0786    33.1840  1026.7176    26.1094     6.0676     27.513    97.8077    -0.0298      7.662     1.9203     2.7443     83.578     85.761  0.000e+00
   56.42998 -132.58518    229.382    131.997    130.750     6.0784    33.1843  1026.7173    26.1097     6.0674     27.456    97.6399    -0.0298      7.662     1.9163     2.7386     83.406     85.584  0.000e+00
   56.42998 -132.58518    229.687    132.305    131.054     6.0788    33.1842  1026.7186    26.1095     6.0678     27.455    97.5560    -0.0298      7.662     1.9163     2.7385     83.402     85.580  0.000e+00
   56.42998 -132.58518    229.622    132.240    130.990     6.0786    33.1841  1026.7183    26.1095     6.0676     27.456    97.5560    -0.0298      7.662     1.9163     2.7387     83.406     85.584  0.000e+00
   56.42998 -132.58518    229.622    132.240    130.990     6.0788    33.1838  1026.7180    26.1092     6.0678     27.454    97.5560    -0.0298      7.662     1.9162     2.7384     83.399     85.577  0.000e+00
   56.42998 -132.58518    229.679    132.297    131.046     6.0786    33.1837  1026.7182    26.1091     6.0676     27.397    97.5560    -0.0298      7.662     1.9122     2.7328     83.227     85.400  0.000e+00
   56.42998 -132.58518    215.613    132.297    131.046     6.0783    33.1842  1026.7186    26.1096     6.0672     27.394    97.5560    -0.0298      7.662     1.9121     2.7325     83.220     85.393  0.000e+00
   56.42998 -132.58518    203.711    132.362    131.110     6.0780    33.1850  1026.7196    26.1102     6.0670     27.396    97.5839    -0.0298      7.662     1.9121     2.7326     83.223     85.396  0.000e+00
   56.42998 -132.58518    201.472    132.418    131.166     6.0780    33.1853  1026.7201    26.1105     6.0669     27.393    97.5839    -0.0298      7.662     1.9120     2.7324     83.215     85.388  0.000e+00
   56.42998 -132.58518    202.106    132.418    131.166     6.0775    33.1857  1026.7205    26.1109     6.0664     27.393    97.5839    -0.0298      7.662     1.9120     2.7324     83.217     85.389  0.000e+00
