EcoFOCI/data/1_SampleCollection/2022_GOA-OA_CruiseData/CTD_raw_BottleFile_RC0083/RC0083_070.ros
* Sea-Bird SBE 9 Data File:
* FileName = C:\Data\RC0083ctd\RC0083_070.hex
* Software Version Seasave V 7.26.7.107
* Temperature SN = 2060
* Conductivity SN = 1084
* Number of Bytes Per Scan = 31
* Number of Voltage Words = 4
* Number of Scans Averaged by the Deck Unit = 1
* NMEA Latitude = 59 03.90 N
* NMEA Longitude = 136 11.97 W
* NMEA UTC (Time) = Aug 20 2022  20:35:36
* NMEA baud rate = 4800
** Ship: R/V Rachel Carson
** Cruise ID: RC0083
** Tech: McHugh/Nomura
** Chief Scientist: Cross
** Station: GB20
** Cast:  CTD070
# nquan = 21
# nvalues = 245                                   
# units = specified
# name 0 = latitude: Latitude [deg]
# name 1 = longitude: Longitude [deg]
# name 2 = sfdSM: Seafloor depth [salt water, m]
# name 3 = prDM: Pressure, Digiquartz [db]
# name 4 = depSM: Depth [salt water, m]
# name 5 = t090C: Temperature [ITS-90, deg C]
# name 6 = sal00: Salinity, Practical [PSU]
# name 7 = density00: Density [density, kg/m^3]
# name 8 = sigma-é00: Density [sigma-theta, kg/m^3]
# name 9 = potemp090C: Potential Temperature [ITS-90, deg C]
# name 10 = sbeox0PS: Oxygen, SBE 43 [% saturation]
# name 11 = CStarTr0: Beam Transmission, WET Labs C-Star [%]
# name 12 = flECO-AFL: Fluorescence, WET Labs ECO-AFL/FL [mg/m^3]
# name 13 = ph: pH
# name 14 = sbeox0ML/L: Oxygen, SBE 43 [ml/l]
# name 15 = sbeox0Mg/L: Oxygen, SBE 43 [mg/l]
# name 16 = sbox0Mm/Kg: Oxygen, SBE 43 [umol/kg]
# name 17 = sbeox0Mm/L: Oxygen, SBE 43 [umol/l]
# name 18 = scan: Scan Count
# name 19 = nbf: Bottles Fired
# name 20 = flag:  0.000e+00
# interval = seconds: 0.0416667
# start_time = Aug 20 2022 20:35:36 [NMEA time, header]
# bad_flag = -9.990e-29
*END*
[from data line 69]
   59.06518 -136.19900    249.105    151.950    150.473     4.8801    30.7939  1025.0628    24.3559     4.8694     77.536    16.2501     0.0288      7.926     5.6572     8.0847    246.642    252.649      16960          2  0.000e+00
   59.06518 -136.19900    236.284    151.998    150.521     4.8801    30.7937  1025.0629    24.3558     4.8695     77.478    16.3900     0.0288      7.926     5.6530     8.0786    246.458    252.461      16961          2  0.000e+00
   59.06518 -136.19900    205.027    151.950    150.473     4.8794    30.7944  1025.0633    24.3564     4.8688     77.469    16.3900     0.0288      7.926     5.6524     8.0778    246.432    252.434      16962          2  0.000e+00
   59.06518 -136.19900    194.502    151.998    150.521     4.8796    30.7941  1025.0632    24.3561     4.8689     77.461    16.3620     0.0288      7.926     5.6517     8.0769    246.405    252.406      16963          2  0.000e+00
   59.06518 -136.19900    194.680    152.006    150.529     4.8796    30.7938  1025.0631    24.3559     4.8689     77.461    16.3620     0.0288      7.926     5.6518     8.0769    246.406    252.407      16964          2  0.000e+00
   59.06518 -136.19900    195.911    151.942    150.465     4.8802    30.7927  1025.0619    24.3550     4.8696     77.452    16.3620     0.0288      7.926     5.6510     8.0759    246.374    252.375      16965          2  0.000e+00
   59.06518 -136.19900    196.365    152.006    150.529     4.8816    30.7913  1025.0609    24.3537     4.8710     77.443    16.3620     0.0288      7.926     5.6503     8.0748    246.343    252.342      16966          2  0.000e+00
   59.06518 -136.19900    196.333    151.998    150.521     4.8824    30.7907  1025.0603    24.3532     4.8718     77.501    16.3620     0.0288      7.926     5.6544     8.0807    246.523    252.527      16967          2  0.000e+00
   59.06518 -136.19900    196.236    151.950    150.473     4.8836    30.7893  1025.0588    24.3520     4.8730     77.509    16.3620     0.0288      7.926     5.6549     8.0814    246.545    252.548      16968          2  0.000e+00
   59.06518 -136.19900    196.284    151.998    150.521     4.8841    30.7891  1025.0588    24.3517     4.8735     77.510    16.3620     0.0288      7.926     5.6549     8.0814    246.543    252.547      16969          2  0.000e+00
   59.06518 -136.19900    196.292    152.006    150.529     4.8834    30.7895  1025.0593    24.3521     4.8727     77.510    16.3620     0.0288      7.926     5.6550     8.0815    246.546    252.550      16970          2  0.000e+00
   59.06518 -136.19900    196.228    151.942    150.465     4.8822    30.7907  1025.0600    24.3532     4.8716     77.509    16.3620     0.0288      7.926     5.6550     8.0816    246.548    252.552      16971          2  0.000e+00
   59.06518 -136.19900    196.292    152.006    150.529     4.8816    30.7913  1025.0609    24.3537     4.8710     77.508    16.3620     0.0288      7.926     5.6550     8.0816    246.549    252.554      16972          2  0.000e+00
   59.06518 -136.19900    196.284    151.998    150.521     4.8815    30.7918  1025.0612    24.3541     4.8708     77.516    16.3620     0.0288      7.926     5.6556     8.0824    246.573    252.578      16973          2  0.000e+00
   59.06518 -136.19900    196.292    152.006    150.529     4.8819    30.7911  1025.0607    24.3536     4.8713     77.514    16.3620     0.0288      7.926     5.6554     8.0822    246.567    252.572      16974          2  0.000e+00
   59.06518 -136.19900    196.228    151.942    150.465     4.8813    30.7916  1025.0608    24.3540     4.8707     77.512    16.3620     0.0288      7.926     5.6553     8.0820    246.562    252.567      16975          2  0.000e+00
   59.06518 -136.19900    196.268    152.006    150.529     4.8813    30.7918  1025.0613    24.3541     4.8707     77.511    16.3620     0.0288      7.926     5.6552     8.0819    246.557    252.562      16976          2  0.000e+00
   59.06518 -136.19900    213.720    151.998    150.521     4.8813    30.7918  1025.0613    24.3542     4.8707     77.508    16.3620     0.0288      7.926     5.6550     8.0816    246.549    252.553      16977          2  0.000e+00
   59.06518 -136.19900    233.916    151.950    150.473     4.8812    30.7920  1025.0612    24.3543     4.8705     77.514    16.3620     0.0288      7.926     5.6554     8.0822    246.567    252.572      16978          2  0.000e+00
   59.06518 -136.19900    238.799    151.998    150.521     4.8813    30.7918  1025.0613    24.3542     4.8707     77.511    16.3620     0.0288      7.926     5.6553     8.0819    246.559    252.564      16979          2  0.000e+00
   59.06518 -136.19900    237.970    151.950    150.473     4.8812    30.7922  1025.0614    24.3545     4.8705     77.508    16.1103     0.0288      7.926     5.6550     8.0816    246.548    252.552      16980          2  0.000e+00
   59.06518 -136.19900    237.188    151.998    150.521     4.8818    30.7915  1025.0610    24.3539     4.8711     77.455    15.9704     0.0288      7.926     5.6511     8.0760    246.379    252.380      16981          2  0.000e+00
   59.06518 -136.19900    237.025    152.006    150.529     4.8826    30.7907  1025.0603    24.3531     4.8719     77.443    15.9425     0.0288      7.926     5.6502     8.0747    246.339    252.338      16982          2  0.000e+00
   59.06518 -136.19900    236.985    151.942    150.465     4.8828    30.7905  1025.0598    24.3530     4.8722     77.489    15.9425     0.0288      7.926     5.6535     8.0794    246.482    252.485      16983          2  0.000e+00
   59.06518 -136.19900    237.098    152.006    150.529     4.8827    30.7905  1025.0602    24.3530     4.8721     77.486    15.9425     0.0288      7.926     5.6533     8.0791    246.473    252.476      16984          2  0.000e+00
   59.06518 -136.19900    237.034    151.942    150.465     4.8826    30.7906  1025.0599    24.3531     4.8720     77.424    15.9704     0.0288      7.926     5.6487     8.0726    246.275    252.273      16985          2  0.000e+00
   59.06518 -136.19900    237.098    152.006    150.529     4.8824    30.7908  1025.0604    24.3532     4.8718     77.412    15.9704     0.0288      7.926     5.6479     8.0714    246.239    252.236      16986          2  0.000e+00
   59.06518 -136.19900    237.034    151.942    150.465     4.8826    30.7907  1025.0600    24.3531     4.8719     77.408    15.9425     0.0288      7.926     5.6476     8.0710    246.225    252.221      16987          2  0.000e+00
   59.06518 -136.19900    237.098    152.006    150.529     4.8824    30.7910  1025.0606    24.3534     4.8718     77.396    15.9425     0.0288      7.926     5.6468     8.0698    246.189    252.185      16988          2  0.000e+00
   59.06512 -136.19866    148.810     50.658     50.178     7.0065    30.2081  1023.8796    23.6461     7.0021     76.970     8.6705     0.0874      8.015     5.3618     7.6626    233.928    239.460      21822          3  0.000e+00
   59.06512 -136.19866    149.099     50.949     50.466     7.0064    30.2082  1023.8810    23.6462     7.0020     76.984     8.6705     0.0874      8.015     5.3628     7.6640    233.971    239.504      21823          3  0.000e+00
   59.06512 -136.19866    148.931     50.779     50.298     7.0065    30.2086  1023.8805    23.6465     7.0021     76.985     8.6705     0.0874      8.015     5.3629     7.6641    233.975    239.508      21824          3  0.000e+00
   59.06512 -136.19866    148.866     50.715     50.234     7.0062    30.2087  1023.8803    23.6466     7.0019     76.988     8.6705     0.0874      8.015     5.3631     7.6644    233.984    239.517      21825          3  0.000e+00
   59.06512 -136.19866    148.810     50.658     50.178     7.0064    30.2086  1023.8799    23.6465     7.0021     76.990     8.6426     0.0874      8.015     5.3633     7.6646    233.990    239.523      21826          3  0.000e+00
   59.06512 -136.19866    149.043     50.892     50.410     7.0062    30.2081  1023.8807    23.6462     7.0019     76.995     8.6705     0.0874      8.015     5.3636     7.6652    234.006    239.539      21827          3  0.000e+00
   59.06512 -136.19866    148.931     50.779     50.298     7.0064    30.2084  1023.8803    23.6463     7.0021     76.996     8.6705     0.0874      8.015     5.3637     7.6652    234.008    239.541      21828          3  0.000e+00
   59.06512 -136.19866    148.923     50.771     50.290     7.0064    30.2086  1023.8805    23.6465     7.0021     76.998     8.6705     0.0874      8.015     5.3638     7.6654    234.013    239.547      21829          3  0.000e+00
   59.06512 -136.19866    148.931     50.779     50.298     7.0069    30.2082  1023.8801    23.6462     7.0026     76.999     8.6705     0.0874      8.015     5.3638     7.6655    234.016    239.549      21830          3  0.000e+00
   59.06512 -136.19866    148.987     50.836     50.354     7.0064    30.2085  1023.8807    23.6465     7.0021     77.001     8.6426     0.0874      8.015     5.3640     7.6657    234.023    239.557      21831          3  0.000e+00
   59.06512 -136.19866    148.923     50.771     50.290     7.0066    30.2083  1023.8802    23.6462     7.0023     77.001     8.8383     0.0874      8.015     5.3640     7.6657    234.024    239.557      21832          3  0.000e+00
   59.06512 -136.19866    148.931     50.779     50.298     7.0067    30.2084  1023.8803    23.6463     7.0024     77.002     9.2579     0.0874      8.015     5.3640     7.6658    234.025    239.558      21833          3  0.000e+00
   59.06512 -136.19866    148.923     50.771     50.290     7.0067    30.2085  1023.8804    23.6464     7.0024     77.002     9.3977     0.0874      8.015     5.3641     7.6658    234.025    239.559      21834          3  0.000e+00
   59.06512 -136.19866    148.931     50.779     50.298     7.0066    30.2089  1023.8807    23.6468     7.0023     77.002     9.3977     0.0874      8.015     5.3641     7.6658    234.025    239.559      21835          3  0.000e+00
   59.06512 -136.19866    148.923     50.771     50.290     7.0067    30.2086  1023.8804    23.6465     7.0024     77.002     9.3698     0.0874      8.015     5.3640     7.6657    234.024    239.558      21836          3  0.000e+00
   59.06512 -136.19866    148.931     50.779     50.298     7.0069    30.2083  1023.8802    23.6462     7.0026     77.001     9.3698     0.0874      8.015     5.3640     7.6657    234.022    239.556      21837          3  0.000e+00
   59.06512 -136.19866    148.987     50.836     50.354     7.0064    30.2087  1023.8809    23.6466     7.0021     77.001     9.3698     0.0874      8.015     5.3640     7.6657    234.023    239.557      21838          3  0.000e+00
   59.06512 -136.19866    148.931     50.779     50.298     7.0066    30.2084  1023.8803    23.6464     7.0023     76.943     9.3698     0.0874      8.015     5.3600     7.6600    233.847    239.377      21839          3  0.000e+00
   59.06512 -136.19866    148.923     50.771     50.290     7.0060    30.2088  1023.8807    23.6468     7.0016     76.935     9.3698     0.0874      8.015     5.3594     7.6592    233.824    239.353      21840          3  0.000e+00
   59.06512 -136.19866    148.931     50.779     50.298     7.0059    30.2089  1023.8809    23.6469     7.0016     76.926     9.3698     0.0874      8.015     5.3589     7.6583    233.798    239.327      21841          3  0.000e+00
   59.06512 -136.19866    148.923     50.771     50.290     7.0062    30.2088  1023.8806    23.6467     7.0019     76.917     9.3698     0.0874      8.015     5.3582     7.6574    233.770    239.297      21842          3  0.000e+00
   59.06512 -136.19866    148.931     50.779     50.298     7.0062    30.2087  1023.8806    23.6466     7.0019     76.909     9.3698     0.0874      8.015     5.3576     7.6566    233.744    239.271      21843          3  0.000e+00
   59.06512 -136.19866    148.987     50.836     50.354     7.0062    30.2085  1023.8807    23.6464     7.0019     76.901     9.3698     0.0874      8.015     5.3571     7.6558    233.719    239.246      21844          3  0.000e+00
   59.06512 -136.19866    148.931     50.779     50.298     7.0058    30.2091  1023.8810    23.6470     7.0015     76.892     9.3698     0.0874      8.015     5.3565     7.6549    233.693    239.219      21845          3  0.000e+00
   59.06512 -136.19866    148.923     50.771     50.290     7.0061    30.2088  1023.8807    23.6467     7.0018     76.883     9.3698     0.0874      8.015     5.3558     7.6540    233.665    239.191      21846          3  0.000e+00
   59.06512 -136.19866    148.923     50.771     50.290     7.0062    30.2085  1023.8804    23.6465     7.0019     76.874     9.3698     0.0874      8.015     5.3552     7.6531    233.639    239.163      21847          3  0.000e+00
   59.06512 -136.19866    148.931     50.779     50.298     7.0065    30.2085  1023.8804    23.6464     7.0021     76.865     9.3698     0.0874      8.015     5.3546     7.6522    233.611    239.135      21848          3  0.000e+00
   59.06512 -136.19866    148.923     50.771     50.290     7.0062    30.2089  1023.8807    23.6468     7.0019     76.857     9.3698     0.0874      8.015     5.3540     7.6514    233.585    239.109      21849          3  0.000e+00
   59.06512 -136.19866    148.931     50.779     50.298     7.0062    30.2090  1023.8809    23.6469     7.0019     76.848     9.3698     0.0874      8.015     5.3534     7.6505    233.559    239.082      21850          3  0.000e+00
   59.06512 -136.19866    148.987     50.836     50.354     7.0062    30.2089  1023.8811    23.6468     7.0019     76.848     9.3698     0.0874      8.015     5.3534     7.6505    233.558    239.081      21851          3  0.000e+00
   59.06512 -136.19866    148.931     50.779     50.298     7.0061    30.2087  1023.8806    23.6466     7.0018     76.839     9.3138     0.0874      8.015     5.3528     7.6496    233.532    239.055      21852          3  0.000e+00
   59.06512 -136.19866    148.923     50.771     50.290     7.0062    30.2087  1023.8806    23.6466     7.0019     76.831     9.0062     0.0874      8.015     5.3522     7.6488    233.506    239.027      21853          3  0.000e+00
   59.06512 -136.19866    148.931     50.779     50.298     7.0059    30.2088  1023.8807    23.6468     7.0016     76.822     8.8663     0.0874      8.015     5.3516     7.6480    233.483    239.004      21854          3  0.000e+00
   59.06512 -136.19866    148.987     50.836     50.354     7.0062    30.2087  1023.8809    23.6466     7.0019     76.814     8.8663     0.0874      8.015     5.3510     7.6472    233.457    238.978      21855          3  0.000e+00
   59.06512 -136.19866    148.931     50.779     50.298     7.0061    30.2084  1023.8804    23.6464     7.0018     76.806     8.8663     0.0874      8.015     5.3505     7.6463    233.431    238.951      21856          3  0.000e+00
   59.06512 -136.19866    148.923     50.771     50.290     7.0057    30.2090  1023.8809    23.6469     7.0014     76.797     8.8943     0.0874      8.015     5.3499     7.6455    233.407    238.926      21857          3  0.000e+00
   59.06512 -136.19866    148.931     50.779     50.298     7.0058    30.2089  1023.8809    23.6469     7.0015     76.789     8.8943     0.0874      8.015     5.3493     7.6447    233.381    238.900      21858          3  0.000e+00
   59.06512 -136.19866    148.987     50.836     50.354     7.0059    30.2085  1023.8808    23.6465     7.0016     76.781     8.8943     0.0874      8.015     5.3488     7.6439    233.358    238.876      21859          3  0.000e+00
   59.06512 -136.19866    148.931     50.779     50.298     7.0059    30.2087  1023.8807    23.6467     7.0016     76.772     8.8663     0.0874      8.015     5.3481     7.6430    233.331    238.848      21860          3  0.000e+00
