EcoFOCI/data/1_SampleCollection/2022_GOA-OA_CruiseData/CTD_raw_BottleFile_RC0083/RC0083_139.cnv
* Sea-Bird SBE 9 Data File:
* FileName = C:\Data\RC0083ctd\RC0083_139.hex
* Software Version Seasave V 7.26.7.107
* Temperature SN = 2060
* Conductivity SN = 2881
* Number of Bytes Per Scan = 31
* Number of Voltage Words = 4
* Number of Scans Averaged by the Deck Unit = 1
* NMEA Latitude = 55 29.22 N
* NMEA Longitude = 131 55.51 W
* NMEA UTC (Time) = Aug 28 2022  09:18:13
* NMEA baud rate = 4800
** Ship: R/V Rachel Carson
** Cruise ID: RC0083
** Tech: McHugh/Nomura
** Chief Scientist: Cross
** Station: MCLS4
** Cast:  CTD139
# nquan = 19
# nvalues = 19248                                 
# units = specified
# name 0 = latitude: Latitude [deg]
# name 1 = longitude: Longitude [deg]
# name 2 = sfdSM: Seafloor depth [salt water, m]
# name 3 = prDM: Pressure, Digiquartz [db]
# name 4 = depSM: Depth [salt water, m]
# name 5 = t090C: Temperature [ITS-90, deg C]
# name 6 = sal00: Salinity, Practical [PSU]
# name 7 = density00: Density [density, kg/m^3]
# name 8 = sigma-é00: Density [sigma-theta, kg/m^3]
# name 9 = potemp090C: Potential Temperature [ITS-90, deg C]
# name 10 = sbeox0PS: Oxygen, SBE 43 [% saturation]
# name 11 = CStarTr0: Beam Transmission, WET Labs C-Star [%]
# name 12 = flECO-AFL: Fluorescence, WET Labs ECO-AFL/FL [mg/m^3]
# name 13 = ph: pH
# name 14 = sbeox0ML/L: Oxygen, SBE 43 [ml/l]
# name 15 = sbeox0Mg/L: Oxygen, SBE 43 [mg/l]
# name 16 = sbox0Mm/Kg: Oxygen, SBE 43 [umol/kg]
# name 17 = sbeox0Mm/L: Oxygen, SBE 43 [umol/l]
# name 18 = flag:  0.000e+00
# span 0 =   55.48696,   55.49012                 
# span 1 = -131.92514, -131.92266                 
# span 2 =      3.545,    322.601                 
# span 3 =      1.913,    281.419                 
# span 4 =      1.896,    278.681                 
# span 5 =     5.6045,    14.8669                 
# span 6 =    27.3368,    33.6958                 
# span 7 =  1020.1336,  1027.8676                 
# span 8 =    20.1032,    26.5733                 
# span 9 =     5.5816,    14.8661                 
# span 10 =     22.415,     91.207                
# span 11 =    87.7948,   104.9118                
# span 12 =    -0.1177,     3.3987                
# span 13 =      7.672,      8.338                
# span 14 =     1.5764,     5.4762                
# span 15 =     2.2529,     7.8261                
# span 16 =     68.581,    239.576                
# span 17 =     70.404,    244.569                
# span 18 = 0.0000e+00, 0.0000e+00                
# interval = seconds: 0.0416667
# start_time = Aug 28 2022 09:18:13 [NMEA time, header]
# bad_flag = -9.990e-29
*END*
[from data line 18286]
   55.48988 -131.92276    129.482     31.257     30.972     8.0073    31.0747  1024.3351    24.1920     8.0044     46.022   101.0241     0.5562      7.849     3.1155     4.4524    135.853    139.139  0.000e+00
   55.48988 -131.92276    129.450     31.200     30.916     8.0146    31.0667  1024.3275    24.1847     8.0117     46.027   101.0241     0.5562      7.849     3.1155     4.4524    135.855    139.140  0.000e+00
   55.48988 -131.92276    129.450     31.200     30.916     8.0197    31.0619  1024.3231    24.1802     8.0167     46.094   101.0241     0.5856      7.849     3.1198     4.4585    136.040    139.329  0.000e+00
   55.48988 -131.92276    129.330     31.079     30.795     8.0229    31.0586  1024.3195    24.1772     8.0200     46.107   101.0241     0.5562      7.849     3.1205     4.4595    136.073    139.363  0.000e+00
   55.48988 -131.92276    129.330     31.079     30.795     8.0253    31.0563  1024.3173    24.1750     8.0224     46.119   101.0241     0.5562      7.849     3.1212     4.4605    136.103    139.393  0.000e+00
   55.48988 -131.92276    129.346     31.095     30.811     8.0267    31.0558  1024.3168    24.1745     8.0237     46.123   101.0241     0.5562      7.849     3.1214     4.4608    136.110    139.400  0.000e+00
   55.48988 -131.92276    129.274     31.023     30.739     8.0282    31.0542  1024.3150    24.1730     8.0253     46.129   101.0241     0.5562      7.849     3.1218     4.4613    136.127    139.418  0.000e+00
   55.48988 -131.92276    129.210     30.958     30.675     8.0289    31.0539  1024.3144    24.1727     8.0260     46.134   101.0241     0.5562      7.849     3.1220     4.4617    136.139    139.430  0.000e+00
   55.48988 -131.92276    129.186     30.958     30.675     8.0300    31.0524  1024.3130    24.1713     8.0271     46.131   101.0241     0.6149      7.849     3.1218     4.4613    136.128    139.418  0.000e+00
   55.48988 -131.92276    129.154     30.901     30.619     8.0301    31.0528  1024.3131    24.1717     8.0272     46.131   101.0241     0.6442      7.849     3.1218     4.4613    136.127    139.418  0.000e+00
   55.48988 -131.92276    129.130     30.901     30.619     8.0274    31.0552  1024.3153    24.1739     8.0245     46.192   101.0241     0.6735      7.849     3.1260     4.4674    136.313    139.608  0.000e+00
   55.48988 -131.92276    129.034     30.780     30.499     8.0295    31.0531  1024.3128    24.1719     8.0266     46.205   101.0241     0.6442      7.849     3.1268     4.4686    136.349    139.644  0.000e+00
   55.48988 -131.92276    129.098     30.845     30.563     8.0336    31.0491  1024.3094    24.1682     8.0307     46.212   101.0241     0.6442      7.849     3.1270     4.4689    136.358    139.654  0.000e+00
   55.48988 -131.92276    129.010     30.780     30.499     8.0365    31.0460  1024.3063    24.1654     8.0336     46.209   101.0241     0.6442      7.849     3.1267     4.4684    136.344    139.638  0.000e+00
   55.48988 -131.92276    129.034     30.780     30.499     8.0388    31.0443  1024.3046    24.1637     8.0359     46.210   101.0241     0.6442      7.849     3.1267     4.4683    136.342    139.636  0.000e+00
   55.48988 -131.92276    128.994     30.740     30.459     8.0400    31.0434  1024.3036    24.1628     8.0371     46.271   100.9402     0.6442      7.849     3.1307     4.4741    136.519    139.818  0.000e+00
   55.48988 -131.92276    128.978     30.724     30.443     8.0409    31.0424  1024.3026    24.1619     8.0380     46.274   100.8843     0.6442      7.849     3.1309     4.4743    136.526    139.825  0.000e+00
   55.48988 -131.92276    128.914     30.659     30.379     8.0415    31.0425  1024.3023    24.1619     8.0386     46.324   100.8843     0.6442      7.849     3.1342     4.4791    136.671    139.974  0.000e+00
   55.48988 -131.92276    128.914     30.659     30.379     8.0411    31.0429  1024.3026    24.1623     8.0382     46.327   100.8843     0.6442      7.849     3.1345     4.4795    136.683    139.985  0.000e+00
   55.48988 -131.92276    128.914     30.659     30.379     8.0394    31.0445  1024.3041    24.1638     8.0365     46.335   100.8843     0.6442      7.849     3.1350     4.4803    136.708    140.011  0.000e+00
   55.48988 -131.92276    128.834     30.603     30.323     8.0378    31.0465  1024.3057    24.1656     8.0349     46.333   100.8843     0.6442      7.849     3.1350     4.4802    136.705    140.008  0.000e+00
   55.48988 -131.92276    128.858     30.603     30.323     8.0363    31.0482  1024.3072    24.1671     8.0334     46.335   100.8843     0.6442      7.849     3.1352     4.4805    136.713    140.017  0.000e+00
   55.48988 -131.92276    128.802     30.546     30.267     8.0350    31.0495  1024.3082    24.1684     8.0321     46.334   100.8843     0.6442      7.849     3.1352     4.4805    136.713    140.018  0.000e+00
   55.48988 -131.92276    128.777     30.546     30.267     8.0342    31.0502  1024.3088    24.1690     8.0313     46.330   100.8843     0.6442      7.849     3.1350     4.4803    136.706    140.010  0.000e+00
   55.48988 -131.92276    128.777     30.546     30.267     8.0344    31.0498  1024.3085    24.1687     8.0315     46.387   100.8843     0.6442      7.849     3.1388     4.4857    136.873    140.181  0.000e+00
   55.48988 -131.92276    128.713     30.481     30.203     8.0341    31.0501  1024.3084    24.1689     8.0312     46.335   100.8843     0.6442      7.849     3.1353     4.4807    136.719    140.023  0.000e+00
   55.48988 -131.92276    128.762     30.506     30.227     8.0337    31.0501  1024.3086    24.1690     8.0308     46.387   100.8843     0.6442      7.849     3.1389     4.4857    136.873    140.181  0.000e+00
   55.48988 -131.92276    128.738     30.481     30.203     8.0346    31.0495  1024.3079    24.1684     8.0317     46.386   100.8843     0.6442      7.849     3.1387     4.4856    136.868    140.176  0.000e+00
   55.48988 -131.92276    128.657     30.425     30.147     8.0355    31.0490  1024.3071    24.1678     8.0327     46.432   100.8843     0.6442      7.849     3.1418     4.4900    137.002    140.313  0.000e+00
   55.48988 -131.92276    128.682     30.425     30.147     8.0367    31.0479  1024.3061    24.1668     8.0338     46.431   100.8843     0.6149      7.849     3.1417     4.4898    136.999    140.309  0.000e+00
   55.48988 -131.92276    128.682     30.425     30.147     8.0388    31.0464  1024.3046    24.1653     8.0359     46.428   100.8843     0.5856      7.849     3.1414     4.4894    136.984    140.294  0.000e+00
   55.48988 -131.92276    128.682     30.425     30.147     8.0394    31.0460  1024.3042    24.1650     8.0365     46.422   100.8843     0.5856      7.849     3.1410     4.4887    136.965    140.275  0.000e+00
   55.48988 -131.92276    128.593     30.360     30.083     8.0397    31.0459  1024.3038    24.1649     8.0369     46.420   100.8843     0.5856      7.849     3.1407     4.4884    136.956    140.266  0.000e+00
   55.48988 -131.92276    128.618     30.360     30.083     8.0405    31.0460  1024.3038    24.1648     8.0376     46.415   100.8843     0.6149      7.849     3.1404     4.4879    136.940    140.249  0.000e+00
   55.48988 -131.92276    128.618     30.360     30.083     8.0416    31.0453  1024.3031    24.1641     8.0387     46.407   100.8843     0.5856      7.849     3.1398     4.4871    136.915    140.224  0.000e+00
   55.48988 -131.92276    128.537     30.304     30.027     8.0457    31.0421  1024.2998    24.1610     8.0428     46.397   100.8843     0.6149      7.848     3.1389     4.4857    136.875    140.182  0.000e+00
   55.48988 -131.92276    128.537     30.304     30.027     8.0483    31.0400  1024.2977    24.1590     8.0455     46.440   100.8563     0.5856      7.848     3.1417     4.4898    136.997    140.307  0.000e+00
   55.48988 -131.92276    128.537     30.304     30.027     8.0453    31.0422  1024.2999    24.1611     8.0424     46.438   100.8563     0.5856      7.848     3.1417     4.4898    136.997    140.307  0.000e+00
   55.48988 -131.92276    128.522     30.263     29.987     8.0433    31.0434  1024.3009    24.1623     8.0405     46.489   100.8563     0.5856      7.848     3.1452     4.4949    137.152    140.466  0.000e+00
   55.48988 -131.92276    128.506     30.247     29.971     8.0465    31.0418  1024.2991    24.1607     8.0436     46.493   100.8843     0.5856      7.853     3.1453     4.4949    137.155    140.469  0.000e+00
   55.48988 -131.92276    128.506     30.247     29.971     8.0553    31.0355  1024.2929    24.1544     8.0524     46.487   100.8563     0.5856      7.848     3.1444     4.4937    137.118    140.430  0.000e+00
   55.48988 -131.92276    128.417     30.182     29.907     8.0586    31.0331  1024.2903    24.1521     8.0557     46.485   100.8563     0.5856      7.848     3.1441     4.4933    137.105    140.416  0.000e+00
   55.48988 -131.92276    128.442     30.182     29.907     8.0613    31.0314  1024.2886    24.1504     8.0584     46.482   100.8563     0.5856      7.848     3.1437     4.4927    137.087    140.398  0.000e+00
   55.48988 -131.92276    128.386     30.126     29.851     8.0671    31.0277  1024.2846    24.1467     8.0642     46.475   100.8563     0.5856      7.848     3.1429     4.4915    137.052    140.361  0.000e+00
   55.48988 -131.92276    128.442     30.182     29.907     8.0741    31.0233  1024.2804    24.1422     8.0712     46.522   100.8563     0.5856      7.853     3.1457     4.4955    137.174    140.485  0.000e+00
   55.48988 -131.92276    128.386     30.126     29.851     8.0801    31.0190  1024.2759    24.1380     8.0773     46.459   100.8843     0.5856      7.848     3.1411     4.4890    136.975    140.282  0.000e+00
   55.48988 -131.92276    128.330     30.069     29.795     8.0843    31.0161  1024.2728    24.1351     8.0815     46.451   100.8843     0.5856      7.848     3.1403     4.4878    136.941    140.246  0.000e+00
   55.48988 -131.92276    128.330     30.069     29.795     8.0882    31.0138  1024.2704    24.1328     8.0854     46.447   100.8563     0.5856      7.848     3.1398     4.4871    136.919    140.224  0.000e+00
   55.48988 -131.92276    128.330     30.069     29.795     8.0928    31.0102  1024.2669    24.1293     8.0899     46.497   100.8843     0.6149      7.853     3.1429     4.4916    137.057    140.364  0.000e+00
   55.48988 -131.92276    128.241     30.005     29.731     8.0935    31.0102  1024.2665    24.1292     8.0907     46.495   100.8563     0.6442      7.848     3.1427     4.4913    137.048    140.355  0.000e+00
   55.48988 -131.92276    128.226     29.964     29.691     8.0994    31.0067  1024.2627    24.1256     8.0966     46.490   100.8563     0.6442      7.848     3.1421     4.4903    137.019    140.324  0.000e+00
   55.48988 -131.92276    128.209     29.948     29.675     8.1065    31.0022  1024.2582    24.1211     8.1037     46.489   100.8563     0.6442      7.848     3.1416     4.4896    136.998    140.303  0.000e+00
   55.48988 -131.92276    128.266     30.005     29.731     8.1130    30.9982  1024.2543    24.1170     8.1102     46.543   100.8563     0.6442      7.848     3.1448     4.4943    137.141    140.448  0.000e+00
   55.48988 -131.92276    128.145     29.883     29.611     8.1226    30.9922  1024.2477    24.1109     8.1198     46.543   100.8563     0.6442      7.848     3.1443     4.4935    137.117    140.423  0.000e+00
   55.48988 -131.92274    128.145     29.883     29.611     8.1274    30.9890  1024.2445    24.1078     8.1245     46.542   100.8563     0.6442      7.853     3.1439     4.4930    137.102    140.407  0.000e+00
   55.48988 -131.92274    128.089     29.827     29.555     8.1309    30.9864  1024.2417    24.1052     8.1281     46.538   100.8843     0.6442      7.848     3.1435     4.4923    137.083    140.388  0.000e+00
   55.48988 -131.92274    128.065     29.827     29.555     8.1350    30.9837  1024.2390    24.1025     8.1321     46.533   100.9402     0.6442      7.853     3.1429     4.4915    137.057    140.361  0.000e+00
   55.48988 -131.92274    128.009     29.770     29.499     8.1400    30.9805  1024.2355    24.0993     8.1372     46.524   100.9402     0.6442      7.853     3.1420     4.4903    137.021    140.323  0.000e+00
   55.48988 -131.92274    128.033     29.770     29.499     8.1434    30.9779  1024.2330    24.0968     8.1406     46.515   100.9402     0.6442      7.853     3.1412     4.4891    136.984    140.285  0.000e+00
   55.48988 -131.92274    128.033     29.770     29.499     8.1460    30.9760  1024.2312    24.0949     8.1432     46.509   100.9402     0.6442      7.848     3.1406     4.4883    136.961    140.261  0.000e+00
   55.48988 -131.92274    127.913     29.649     29.378     8.1482    30.9741  1024.2288    24.0931     8.1454     46.557   100.9402     0.6442      7.853     3.1437     4.4927    137.096    140.400  0.000e+00
   55.48988 -131.92274    127.889     29.649     29.378     8.1496    30.9735  1024.2281    24.0925     8.1468     46.553   100.9402     0.6442      7.853     3.1434     4.4922    137.082    140.384  0.000e+00
   55.48988 -131.92274    127.913     29.649     29.378     8.1492    30.9741  1024.2287    24.0930     8.1464     46.547   100.9402     0.6442      7.853     3.1430     4.4917    137.065    140.367  0.000e+00
   55.48988 -131.92274    127.873     29.609     29.338     8.1512    30.9728  1024.2272    24.0917     8.1484     46.538   100.9402     0.6442      7.848     3.1423     4.4907    137.034    140.336  0.000e+00
   55.48988 -131.92274    127.793     29.528     29.258     8.1566    30.9688  1024.2229    24.0878     8.1538     46.533   100.9402     0.6442      7.853     3.1417     4.4897    137.006    140.306  0.000e+00
   55.48988 -131.92274    127.713     29.471     29.202     8.1596    30.9661  1024.2201    24.0853     8.1568     46.526   100.9402     0.6442      7.853     3.1410     4.4888    136.979    140.278  0.000e+00
   55.48988 -131.92274    127.713     29.471     29.202     8.1590    30.9668  1024.2207    24.0859     8.1562     46.580   100.9402     0.6442      7.853     3.1447     4.4941    137.140    140.443  0.000e+00
   55.48988 -131.92274    127.737     29.471     29.202     8.1582    30.9674  1024.2213    24.0865     8.1554     46.582   100.9402     0.6442      7.853     3.1449     4.4944    137.148    140.451  0.000e+00
   55.48988 -131.92274    127.649     29.407     29.138     8.1603    30.9650  1024.2188    24.0843     8.1575     46.581   100.9402     0.6442      7.853     3.1448     4.4942    137.142    140.445  0.000e+00
   55.48988 -131.92274    127.617     29.350     29.082     8.1606    30.9644  1024.2180    24.0837     8.1578     46.635   100.9402     0.6149      7.853     3.1484     4.4993    137.299    140.606  0.000e+00
   55.48988 -131.92274    127.593     29.350     29.082     8.1590    30.9654  1024.2191    24.0848     8.1562     46.693   100.9402     0.6442      7.853     3.1524     4.5051    137.474    140.785  0.000e+00
   55.48988 -131.92274    127.561     29.294     29.026     8.1569    30.9666  1024.2200    24.0860     8.1541     46.642   100.9402     0.6442      7.853     3.1491     4.5003    137.329    140.637  0.000e+00
   55.48988 -131.92274    127.561     29.294     29.026     8.1601    30.9643  1024.2178    24.0837     8.1573     46.583   100.9402     0.6442      7.853     3.1449     4.4943    137.147    140.450  0.000e+00
   55.48988 -131.92274    127.441     29.172     28.906     8.1661    30.9589  1024.2121    24.0787     8.1634     46.633   100.9402     0.6442      7.853     3.1479     4.4987    137.281    140.586  0.000e+00
   55.48988 -131.92274    127.497     29.229     28.962     8.1673    30.9576  1024.2112    24.0774     8.1645     46.626   100.9402     0.6149      7.853     3.1474     4.4980    137.259    140.563  0.000e+00
