EcoFOCI/data/1_SampleCollection/2022_GOA-OA_CruiseData/CTD_raw_BottleFile_RC0083/RC0083_113.cnv
* Sea-Bird SBE 9 Data File:
* FileName = C:\Data\RC0083ctd\RC0083_113.hex
* Software Version Seasave V 7.26.7.107
* Temperature SN = 2060
* Conductivity SN = 2881
* Number of Bytes Per Scan = 31
* Number of Voltage Words = 4
* Number of Scans Averaged by the Deck Unit = 1
* NMEA Latitude = 56 00.32 N
* NMEA Longitude = 133 48.05 W
* NMEA UTC (Time) = Aug 23 2022  12:32:31
* NMEA baud rate = 4800
** Ship: R/V Rachel Carson
** Cruise ID: RC0083
** Tech: McHugh/Nomura
** Chief Scientist: Cross
** Station: LSS1
** Cast:  CTD113
# nquan = 19
# nvalues = 12832                                 
# units = specified
# name 0 = latitude: Latitude [deg]
# name 1 = longitude: Longitude [deg]
# name 2 = sfdSM: Seafloor depth [salt water, m]
# name 3 = prDM: Pressure, Digiquartz [db]
# name 4 = depSM: Depth [salt water, m]
# name 5 = t090C: Temperature [ITS-90, deg C]
# name 6 = sal00: Salinity, Practical [PSU]
# name 7 = density00: Density [density, kg/m^3]
# name 8 = sigma-é00: Density [sigma-theta, kg/m^3]
# name 9 = potemp090C: Potential Temperature [ITS-90, deg C]
# name 10 = sbeox0PS: Oxygen, SBE 43 [% saturation]
# name 11 = CStarTr0: Beam Transmission, WET Labs C-Star [%]
# name 12 = flECO-AFL: Fluorescence, WET Labs ECO-AFL/FL [mg/m^3]
# name 13 = ph: pH
# name 14 = sbeox0ML/L: Oxygen, SBE 43 [ml/l]
# name 15 = sbeox0Mg/L: Oxygen, SBE 43 [mg/l]
# name 16 = sbox0Mm/Kg: Oxygen, SBE 43 [umol/kg]
# name 17 = sbeox0Mm/L: Oxygen, SBE 43 [umol/l]
# name 18 = flag:  0.000e+00
# span 0 =   56.00400,   56.00528                 
# span 1 = -133.80128, -133.80080                 
# span 2 =      3.086,    240.440                 
# span 3 =      2.095,    176.923                 
# span 4 =      2.076,    175.238                 
# span 5 =     6.4376,    13.4168                 
# span 6 =    31.0985,    33.2023                 
# span 7 =  1023.5524,  1026.8895                 
# span 8 =    23.5414,    26.0789                 
# span 9 =     6.4227,    13.4165                 
# span 10 =     35.713,     93.255                
# span 11 =    97.4721,   103.6252                
# span 12 =    -0.0591,     2.7247                
# span 13 =      7.776,      8.269                
# span 14 =     2.4713,     5.6163                
# span 15 =     3.5318,     8.0262                
# span 16 =    107.565,    245.016                
# span 17 =    110.369,    250.822                
# span 18 = 0.0000e+00, 0.0000e+00                
# interval = seconds: 0.0416667
# start_time = Aug 23 2022 12:32:31 [NMEA time, header]
# bad_flag = -9.990e-29
*END*
[from data line 8686]
   56.00416 -133.80120    181.303    127.311    126.114     6.4943    33.1076  1026.5813    25.9964     6.4833     36.144   103.0659     0.0581      7.786     2.4997     3.5723    108.808    111.637  0.000e+00
   56.00416 -133.80120    181.303    127.311    126.114     6.4962    33.1422  1026.6083    26.0234     6.4852     36.093   103.0659    -0.0005      7.786     2.4955     3.5663    108.621    111.447  0.000e+00
   56.00416 -133.80120    181.158    127.190    125.994     6.4997    33.1416  1026.6068    26.0225     6.4887     36.098   103.0659    -0.0005      7.786     2.4957     3.5666    108.630    111.457  0.000e+00
   56.00416 -133.80120    181.214    127.246    126.050     6.5019    33.1395  1026.6051    26.0206     6.4910     36.105   103.0659    -0.0005      7.786     2.4961     3.5671    108.647    111.474  0.000e+00
   56.00416 -133.80120    181.183    127.190    125.993     6.5029    33.1386  1026.6040    26.0197     6.4920     36.112   103.0659    -0.0005      7.786     2.4965     3.5677    108.666    111.493  0.000e+00
   56.00416 -133.80120    181.239    127.246    126.050     6.5038    33.1377  1026.6035    26.0189     6.4928     36.062   103.0659     0.0288      7.786     2.4930     3.5628    108.514    111.338  0.000e+00
   56.00416 -133.80120    181.006    127.012    125.817     6.5029    33.1384  1026.6031    26.0196     6.4920     36.120   103.0659     0.0288      7.786     2.4971     3.5685    108.690    111.518  0.000e+00
   56.00416 -133.80120    181.127    127.133    125.937     6.5023    33.1394  1026.6044    26.0204     6.4913     36.122   103.0659    -0.0005      7.786     2.4972     3.5688    108.697    111.526  0.000e+00
   56.00416 -133.80120    181.038    127.068    125.873     6.5010    33.1410  1026.6056    26.0218     6.4900     36.124   103.0659    -0.0005      7.786     2.4973     3.5690    108.703    111.532  0.000e+00
   56.00416 -133.80120    183.651    127.068    125.873     6.4987    33.1431  1026.6076    26.0239     6.4877     36.125   103.0659    -0.0005      7.786     2.4976     3.5693    108.712    111.541  0.000e+00
   56.00416 -133.80120    191.385    127.012    125.817     6.4975    33.1440  1026.6082    26.0247     6.4865     36.126   103.0659    -0.0005      7.786     2.4977     3.5695    108.718    111.547  0.000e+00
   56.00416 -133.80120    194.178    126.947    125.753     6.4967    33.1447  1026.6085    26.0254     6.4857     36.185   103.0659    -0.0005      7.786     2.5018     3.5753    108.896    111.730  0.000e+00
   56.00416 -133.80120    194.146    126.890    125.697     6.4956    33.1462  1026.6096    26.0267     6.4846     36.200   103.0659    -0.0005      7.786     2.5028     3.5768    108.942    111.777  0.000e+00
   56.00416 -133.80120    193.949    127.012    125.817     6.4964    33.1451  1026.6092    26.0257     6.4854     36.215   103.0659    -0.0005      7.786     2.5039     3.5783    108.986    111.823  0.000e+00
   56.00416 -133.80120    193.731    126.890    125.697     6.4996    33.1420  1026.6057    26.0228     6.4886     36.222   103.0379    -0.0005      7.781     2.5042     3.5788    109.002    111.838  0.000e+00
   56.00416 -133.80120    193.707    126.890    125.697     6.5035    33.1382  1026.6023    26.0194     6.4925     36.229   103.0659    -0.0005      7.786     2.5045     3.5792    109.016    111.853  0.000e+00
   56.00416 -133.80120    193.731    126.890    125.697     6.5066    33.1354  1026.5996    26.0167     6.4956     36.236   103.0379    -0.0005      7.786     2.5049     3.5797    109.032    111.868  0.000e+00
   56.00416 -133.80120    193.667    126.825    125.633     6.5100    33.1319  1026.5961    26.0136     6.4991     36.242   103.0379    -0.0005      7.786     2.5052     3.5802    109.045    111.881  0.000e+00
   56.00416 -133.80120    193.667    126.825    125.633     6.5125    33.1286  1026.5932    26.0106     6.5015     36.249   103.0379    -0.0005      7.786     2.5055     3.5807    109.061    111.897  0.000e+00
   56.00416 -133.80120    193.611    126.769    125.577     6.5136    33.1276  1026.5920    26.0097     6.5027     36.255   103.0659    -0.0005      7.786     2.5059     3.5812    109.077    111.914  0.000e+00
   56.00416 -133.80120    193.555    126.712    125.520     6.5138    33.1281  1026.5921    26.0101     6.5028     36.318   103.0379    -0.0005      7.786     2.5103     3.5874    109.267    112.109  0.000e+00
   56.00416 -133.80120    193.611    126.769    125.577     6.5138    33.1277  1026.5921    26.0098     6.5028     36.273   103.0379    -0.0005      7.786     2.5072     3.5830    109.131    111.970  0.000e+00
   56.00416 -133.80120    193.555    126.712    125.520     6.5138    33.1288  1026.5927    26.0106     6.5028     36.285   103.0379    -0.0005      7.786     2.5080     3.5841    109.166    112.006  0.000e+00
   56.00416 -133.80120    193.555    126.712    125.520     6.5141    33.1286  1026.5925    26.0104     6.5032     36.348   103.0379    -0.0005      7.786     2.5123     3.5903    109.355    112.199  0.000e+00
   56.00416 -133.80120    196.314    126.712    125.520     6.5146    33.1280  1026.5919    26.0099     6.5036     36.359   103.0379    -0.0005      7.786     2.5131     3.5914    109.388    112.233  0.000e+00
   56.00416 -133.80120    210.243    126.647    125.456     6.5152    33.1275  1026.5911    26.0094     6.5042     36.420   103.0379    -0.0005      7.786     2.5173     3.5974    109.571    112.421  0.000e+00
   56.00416 -133.80120    216.299    126.647    125.456     6.5158    33.1271  1026.5908    26.0090     6.5049     36.430   103.0379    -0.0005      7.786     2.5179     3.5983    109.598    112.448  0.000e+00
   56.00416 -133.80120    216.569    126.526    125.336     6.5170    33.1259  1026.5891    26.0079     6.5060     36.387   103.0379    -0.0005      7.786     2.5149     3.5940    109.466    112.313  0.000e+00
   56.00416 -133.80120    216.103    126.647    125.456     6.5179    33.1251  1026.5889    26.0072     6.5070     36.338   103.0379    -0.0005      7.786     2.5114     3.5891    109.317    112.160  0.000e+00
   56.00416 -133.80120    215.739    126.526    125.336     6.5186    33.1245  1026.5878    26.0066     6.5077     36.331   103.0659    -0.0005      7.786     2.5109     3.5884    109.296    112.139  0.000e+00
   56.00416 -133.80120    215.715    126.526    125.336     6.5191    33.1239  1026.5872    26.0060     6.5081     36.325   103.0379    -0.0005      7.786     2.5105     3.5877    109.276    112.118  0.000e+00
   56.00416 -133.80120    215.739    126.526    125.336     6.5188    33.1246  1026.5878    26.0066     6.5078     36.318   103.0379    -0.0005      7.786     2.5100     3.5871    109.256    112.097  0.000e+00
   56.00416 -133.80120    215.763    126.526    125.336     6.5186    33.1248  1026.5880    26.0068     6.5076     36.368   103.0379    -0.0005      7.786     2.5135     3.5920    109.407    112.252  0.000e+00
   56.00416 -133.80120    215.707    126.469    125.280     6.5181    33.1249  1026.5879    26.0069     6.5072     36.366   103.0379    -0.0005      7.786     2.5134     3.5919    109.402    112.248  0.000e+00
   56.00416 -133.80120    215.707    126.469    125.280     6.5180    33.1254  1026.5883    26.0074     6.5071     36.364   103.0659     0.0288      7.786     2.5132     3.5916    109.395    112.240  0.000e+00
   56.00416 -133.80120    215.531    126.291    125.104     6.5179    33.1256  1026.5877    26.0076     6.5070     36.359   103.0938     0.0288      7.786     2.5129     3.5912    109.382    112.227  0.000e+00
   56.00416 -133.80120    215.707    126.469    125.280     6.5180    33.1258  1026.5886    26.0077     6.5071     36.414   103.0938     0.0581      7.786     2.5167     3.5966    109.545    112.394  0.000e+00
   56.00416 -133.80120    215.651    126.412    125.224     6.5180    33.1257  1026.5883    26.0076     6.5071     36.415   103.0938    -0.0005      7.786     2.5167     3.5967    109.549    112.398  0.000e+00
   56.00416 -133.80120    215.539    126.299    125.112     6.5176    33.1262  1026.5882    26.0081     6.5067     36.422   103.0938    -0.0005      7.786     2.5172     3.5974    109.569    112.419  0.000e+00
   56.00416 -133.80120    215.929    126.348    125.160     6.5178    33.1254  1026.5878    26.0074     6.5068     36.371   103.0938    -0.0005      7.786     2.5137     3.5923    109.416    112.262  0.000e+00
   56.00416 -133.80120    216.263    126.291    125.104     6.5180    33.1252  1026.5874    26.0072     6.5071     36.427   103.0938    -0.0005      7.786     2.5176     3.5979    109.586    112.436  0.000e+00
   56.00416 -133.80120    216.361    126.291    125.104     6.5186    33.1249  1026.5870    26.0069     6.5077     36.432   103.0938    -0.0005      7.786     2.5179     3.5983    109.599    112.450  0.000e+00
   56.00416 -133.80120    216.217    126.170    124.983     6.5189    33.1243  1026.5860    26.0064     6.5080     36.436   103.0938     0.0288      7.786     2.5181     3.5987    109.610    112.460  0.000e+00
   56.00416 -133.80120    216.337    126.291    125.103     6.5191    33.1250  1026.5870    26.0069     6.5081     36.439   103.0938     0.0288      7.786     2.5184     3.5990    109.621    112.472  0.000e+00
   56.00416 -133.80120    216.248    126.226    125.039     6.5194    33.1242  1026.5861    26.0062     6.5085     36.442   103.1218    -0.0005      7.786     2.5185     3.5992    109.627    112.478  0.000e+00
   56.00416 -133.80120    216.216    126.170    124.983     6.5197    33.1235  1026.5852    26.0056     6.5088     36.385   103.0938    -0.0005      7.786     2.5146     3.5937    109.457    112.304  0.000e+00
   56.00416 -133.80120    216.136    126.113    124.927     6.5206    33.1231  1026.5845    26.0052     6.5097     36.386   103.0938    -0.0005      7.786     2.5147     3.5937    109.458    112.305  0.000e+00
   56.00416 -133.80120    216.136    126.113    124.927     6.5207    33.1231  1026.5845    26.0052     6.5098     36.387   103.0938    -0.0005      7.786     2.5147     3.5938    109.462    112.308  0.000e+00
   56.00416 -133.80120    216.136    126.113    124.927     6.5212    33.1227  1026.5841    26.0048     6.5103     36.388   103.0938    -0.0005      7.786     2.5148     3.5939    109.463    112.310  0.000e+00
   56.00416 -133.80120    216.096    126.048    124.863     6.5214    33.1225  1026.5837    26.0047     6.5105     36.446   103.1218     0.0288      7.786     2.5188     3.5996    109.637    112.488  0.000e+00
   56.00416 -133.80120    216.096    126.048    124.863     6.5214    33.1225  1026.5836    26.0046     6.5105     36.446   103.0938    -0.0005      7.786     2.5187     3.5995    109.636    112.487  0.000e+00
   56.00416 -133.80120    216.096    126.048    124.863     6.5219    33.1221  1026.5832    26.0042     6.5110     36.445   103.1218    -0.0005      7.786     2.5186     3.5994    109.632    112.483  0.000e+00
   56.00416 -133.80120    215.952    125.927    124.743     6.5220    33.1221  1026.5827    26.0043     6.5111     36.442   103.0938    -0.0005      7.786     2.5185     3.5991    109.624    112.474  0.000e+00
   56.00416 -133.80120    216.846    125.992    124.807     6.5223    33.1222  1026.5830    26.0043     6.5114     36.440   103.0938    -0.0005      7.786     2.5183     3.5989    109.615    112.466  0.000e+00
   56.00416 -133.80120    221.366    125.870    124.687     6.5221    33.1223  1026.5826    26.0044     6.5112     36.371   103.0938    -0.0005      7.786     2.5135     3.5921    109.409    112.254  0.000e+00
   56.00416 -133.80120    223.441    125.870    124.687     6.5221    33.1222  1026.5825    26.0043     6.5113     36.417   103.0938    -0.0005      7.786     2.5167     3.5967    109.549    112.398  0.000e+00
   56.00416 -133.80120    223.588    125.870    124.687     6.5220    33.1218  1026.5822    26.0040     6.5111     36.412   103.0938    -0.0005      7.786     2.5164     3.5962    109.534    112.382  0.000e+00
   56.00416 -133.80120    223.272    125.749    124.566     6.5226    33.1219  1026.5816    26.0040     6.5117     36.405   103.0938    -0.0005      7.786     2.5159     3.5955    109.512    112.360  0.000e+00
   56.00416 -133.80120    223.295    125.870    124.687     6.5232    33.1214  1026.5817    26.0035     6.5123     36.399   103.0938    -0.0005      7.786     2.5154     3.5948    109.492    112.339  0.000e+00
   56.00416 -133.80120    223.174    125.749    124.566     6.5241    33.1204  1026.5802    26.0026     6.5132     36.391   103.0938    -0.0005      7.786     2.5148     3.5939    109.465    112.311  0.000e+00
   56.00416 -133.80120    223.118    125.692    124.510     6.5247    33.1198  1026.5794    26.0021     6.5138     36.389   103.1218    -0.0005      7.786     2.5146     3.5937    109.458    112.304  0.000e+00
   56.00416 -133.80120    223.199    125.749    124.566     6.5249    33.1196  1026.5795    26.0019     6.5141     36.387   103.0938    -0.0005      7.786     2.5145     3.5935    109.451    112.297  0.000e+00
   56.00416 -133.80120    223.087    125.635    124.454     6.5252    33.1191  1026.5785    26.0014     6.5144     36.383   103.0938    -0.0005      7.786     2.5143     3.5931    109.441    112.287  0.000e+00
   56.00416 -133.80120    223.087    125.635    124.454     6.5257    33.1188  1026.5783    26.0012     6.5149     36.380   103.0938    -0.0005      7.786     2.5140     3.5928    109.430    112.275  0.000e+00
   56.00416 -133.80120    223.087    125.635    124.454     6.5258    33.1190  1026.5784    26.0013     6.5149     36.376   103.0938    -0.0005      7.786     2.5137     3.5924    109.418    112.263  0.000e+00
   56.00416 -133.80120    222.966    125.514    124.334     6.5262    33.1188  1026.5777    26.0011     6.5153     36.313   103.0938    -0.0005      7.786     2.5094     3.5861    109.229    112.069  0.000e+00
   56.00416 -133.80120    222.966    125.514    124.334     6.5259    33.1193  1026.5781    26.0015     6.5150     36.302   103.1218    -0.0005      7.786     2.5086     3.5850    109.195    112.034  0.000e+00
   56.00416 -133.80120    222.902    125.449    124.270     6.5259    33.1189  1026.5775    26.0012     6.5150     36.290   103.0938    -0.0005      7.786     2.5078     3.5839    109.159    111.997  0.000e+00
   56.00416 -133.80120    222.902    125.449    124.270     6.5261    33.1188  1026.5773    26.0011     6.5152     36.278   103.0938    -0.0005      7.786     2.5069     3.5827    109.123    111.960  0.000e+00
   56.00416 -133.80120    222.846    125.393    124.214     6.5260    33.1188  1026.5771    26.0011     6.5152     36.273   103.0938    -0.0005      7.786     2.5066     3.5821    109.106    111.943  0.000e+00
   56.00416 -133.80120    222.790    125.336    124.158     6.5264    33.1184  1026.5765    26.0007     6.5155     36.318   103.0938    -0.0005      7.786     2.5097     3.5866    109.241    112.082  0.000e+00
   56.00416 -133.80120    222.726    125.271    124.093     6.5262    33.1190  1026.5767    26.0013     6.5154     36.311   103.0938     0.0288      7.786     2.5092     3.5859    109.222    112.062  0.000e+00
   56.00416 -133.80120    222.726    125.271    124.093     6.5269    33.1183  1026.5760    26.0006     6.5160     36.312   103.0938     0.0288      7.786     2.5092     3.5859    109.222    112.061  0.000e+00
   56.00416 -133.80120    222.790    125.336    124.158     6.5270    33.1183  1026.5763    26.0006     6.5162     36.312   103.0938     0.0581      7.786     2.5092     3.5859    109.222    112.062  0.000e+00
   56.00416 -133.80120    222.670    125.214    124.037     6.5275    33.1177  1026.5752    26.0001     6.5167     36.375   103.0938    -0.0005      7.786     2.5136     3.5922    109.413    112.257  0.000e+00
