EcoFOCI/data/1_SampleCollection/2022_GOA-OA_CruiseData/CTD_raw_BottleFile_RC0083/RC0083_103.cnv
* Sea-Bird SBE 9 Data File:
* FileName = C:\Data\RC0083ctd\RC0083_103.hex
* Software Version Seasave V 7.26.7.107
* Temperature SN = 2060
* Conductivity SN = 2881
* Number of Bytes Per Scan = 31
* Number of Voltage Words = 4
* Number of Scans Averaged by the Deck Unit = 1
* NMEA Latitude = 56 27.06 N
* NMEA Longitude = 132 32.11 W
* NMEA UTC (Time) = Aug 23 2022  01:18:26
* NMEA baud rate = 4800
** Ship: R/V Rachel Carson
** Cruise ID: RC0083
** Tech: McHugh/Nomura
** Chief Scientist: Cross
** Station: WI3
** Cast:  CTD103
# nquan = 19
# nvalues = 10130                                 
# units = specified
# name 0 = latitude: Latitude [deg]
# name 1 = longitude: Longitude [deg]
# name 2 = sfdSM: Seafloor depth [salt water, m]
# name 3 = prDM: Pressure, Digiquartz [db]
# name 4 = depSM: Depth [salt water, m]
# name 5 = t090C: Temperature [ITS-90, deg C]
# name 6 = sal00: Salinity, Practical [PSU]
# name 7 = density00: Density [density, kg/m^3]
# name 8 = sigma-é00: Density [sigma-theta, kg/m^3]
# name 9 = potemp090C: Potential Temperature [ITS-90, deg C]
# name 10 = sbeox0PS: Oxygen, SBE 43 [% saturation]
# name 11 = CStarTr0: Beam Transmission, WET Labs C-Star [%]
# name 12 = flECO-AFL: Fluorescence, WET Labs ECO-AFL/FL [mg/m^3]
# name 13 = ph: pH
# name 14 = sbeox0ML/L: Oxygen, SBE 43 [ml/l]
# name 15 = sbeox0Mg/L: Oxygen, SBE 43 [mg/l]
# name 16 = sbox0Mm/Kg: Oxygen, SBE 43 [umol/kg]
# name 17 = sbeox0Mm/L: Oxygen, SBE 43 [umol/l]
# name 18 = flag:  0.000e+00
# span 0 =   56.45092,   56.45106                 
# span 1 = -132.53610, -132.53512                 
# span 2 =      5.404,    207.046                 
# span 3 =      3.306,    148.044                 
# span 4 =      3.276,    146.639                 
# span 5 =     6.0138,    12.1481                 
# span 6 =    15.2387,    33.3036                 
# span 7 =  1011.2872,  1026.8930                 
# span 8 =    11.2715,    26.2120                 
# span 9 =     6.0016,    12.1478                 
# span 10 =     21.580,     97.586                
# span 11 =     8.1951,    92.3258                
# span 12 =    -0.0591,    13.3035                
# span 13 =      7.614,      8.416                
# span 14 =     1.5072,     6.4509                
# span 15 =     2.1539,     9.2189                
# span 16 =     65.591,    284.480                
# span 17 =     67.309,    288.096                
# span 18 = 0.0000e+00, 0.0000e+00                
# interval = seconds: 0.0416667
# start_time = Aug 23 2022 01:18:26 [NMEA time, header]
# bad_flag = -9.990e-29
*END*
[from data line 5943]
   56.45102 -132.53564    157.991    126.314    125.122     6.0736    33.2066  1026.7093    26.1278     6.0631     24.025    72.8873    -0.0005      7.638     1.6768     2.3963     72.978     74.885  0.000e+00
   56.45102 -132.53564    158.064    126.314    125.122     6.0741    33.2058  1026.7086    26.1271     6.0636     24.018    72.8314    -0.0005      7.638     1.6763     2.3956     72.958     74.864  0.000e+00
   56.45102 -132.53564    158.128    126.379    125.186     6.0746    33.2054  1026.7085    26.1267     6.0641     24.011    72.7475    -0.0005      7.638     1.6758     2.3949     72.935     74.840  0.000e+00
   56.45102 -132.53564    157.888    126.136    124.945     6.0738    33.2069  1026.7087    26.1280     6.0633     24.001    72.7475    -0.0005      7.638     1.6751     2.3939     72.907     74.811  0.000e+00
   56.45102 -132.53564    157.952    126.201    125.009     6.0726    33.2087  1026.7106    26.1295     6.0621     23.991    72.7475    -0.0005      7.638     1.6745     2.3930     72.878     74.783  0.000e+00
   56.45102 -132.53564    158.074    126.201    125.009     6.0716    33.2106  1026.7122    26.1312     6.0611     23.987    72.7475    -0.0005      7.638     1.6742     2.3926     72.867     74.771  0.000e+00
   56.45102 -132.53564    158.027    126.079    124.889     6.0710    33.2112  1026.7122    26.1318     6.0606     23.982    72.7475    -0.0005      7.638     1.6739     2.3922     72.852     74.756  0.000e+00
   56.45102 -132.53564    158.083    126.136    124.945     6.0705    33.2111  1026.7124    26.1317     6.0601     23.984    72.7475    -0.0005      7.638     1.6740     2.3923     72.858     74.762  0.000e+00
   56.45102 -132.53564    158.027    126.079    124.889     6.0707    33.2110  1026.7121    26.1317     6.0602     23.985    72.7475    -0.0005      7.638     1.6741     2.3924     72.860     74.764  0.000e+00
   56.45102 -132.53564    158.108    126.136    124.945     6.0721    33.2093  1026.7108    26.1301     6.0616     24.043    72.7475    -0.0298      7.638     1.6781     2.3982     73.035     74.944  0.000e+00
   56.45102 -132.53564    157.997    125.901    124.713     6.0730    33.2078  1026.7084    26.1288     6.0625     24.048    72.7475    -0.0298      7.638     1.6785     2.3987     73.051     74.960  0.000e+00
   56.45102 -132.53564    158.158    126.015    124.825     6.0730    33.2076  1026.7088    26.1287     6.0625     23.996    72.7475    -0.0298      7.638     1.6748     2.3935     72.893     74.797  0.000e+00
   56.45102 -132.53564    158.102    125.958    124.769     6.0736    33.2067  1026.7078    26.1279     6.0632     24.052    72.7475    -0.0298      7.638     1.6787     2.3990     73.061     74.970  0.000e+00
   56.45102 -132.53564    158.054    125.910    124.721     6.0731    33.2072  1026.7080    26.1283     6.0627     24.049    72.7475    -0.0298      7.638     1.6785     2.3987     73.052     74.961  0.000e+00
   56.45102 -132.53564    158.071    125.901    124.713     6.0731    33.2074  1026.7081    26.1285     6.0627     24.051    72.7475    -0.0298      7.638     1.6787     2.3990     73.060     74.969  0.000e+00
   56.45102 -132.53564    158.080    125.837    124.649     6.0726    33.2082  1026.7085    26.1292     6.0622     24.046    72.7475    -0.0298      7.638     1.6783     2.3985     73.045     74.953  0.000e+00
   56.45102 -132.53564    158.024    125.780    124.593     6.0725    33.2083  1026.7083    26.1292     6.0620     23.982    72.7475    -0.0298      7.638     1.6738     2.3921     72.850     74.753  0.000e+00
   56.45102 -132.53564    158.048    125.780    124.593     6.0738    33.2064  1026.7067    26.1276     6.0633     23.968    72.7475    -0.0298      7.638     1.6728     2.3906     72.806     74.708  0.000e+00
   56.45102 -132.53564    158.048    125.780    124.593     6.0752    33.2036  1026.7043    26.1252     6.0648     24.011    73.1950    -0.0298      7.638     1.6758     2.3949     72.936     74.841  0.000e+00
   56.45102 -132.53564    158.033    125.715    124.529     6.0768    33.2014  1026.7020    26.1232     6.0664     24.009    74.3417    -0.0298      7.638     1.6756     2.3946     72.927     74.832  0.000e+00
   56.45102 -132.53564    158.074    125.659    124.473     6.0772    33.2008  1026.7012    26.1227     6.0667     24.006    74.7333    -0.0298      7.638     1.6754     2.3943     72.918     74.823  0.000e+00
   56.45102 -132.53564    158.043    125.602    124.416     6.0773    33.2005  1026.7008    26.1225     6.0669     24.009    74.7333    -0.0298      7.638     1.6756     2.3946     72.927     74.832  0.000e+00
   56.45102 -132.53564    158.099    125.659    124.473     6.0768    33.2012  1026.7016    26.1231     6.0664     24.012    74.6494    -0.0298      7.638     1.6758     2.3949     72.937     74.842  0.000e+00
   56.45102 -132.53564    157.979    125.537    124.352     6.0767    33.2010  1026.7010    26.1230     6.0662     24.014    74.6494    -0.0298      7.638     1.6760     2.3951     72.943     74.849  0.000e+00
   56.45102 -132.53564    158.052    125.537    124.352     6.0770    33.2010  1026.7009    26.1229     6.0666     24.015    74.6494    -0.0298      7.638     1.6761     2.3953     72.948     74.853  0.000e+00
   56.45102 -132.53564    158.101    125.537    124.352     6.0776    33.1998  1026.6999    26.1220     6.0672     24.016    74.6494    -0.0298      7.638     1.6761     2.3954     72.951     74.856  0.000e+00
   56.45102 -132.53564    158.069    125.481    124.296     6.0778    33.1999  1026.6996    26.1219     6.0674     23.959    74.6494    -0.0298      7.638     1.6721     2.3896     72.776     74.677  0.000e+00
   56.45102 -132.53564    158.005    125.416    124.232     6.0781    33.1996  1026.6991    26.1217     6.0677     24.010    74.6494    -0.0298      7.638     1.6757     2.3947     72.931     74.836  0.000e+00
   56.45102 -132.53564    158.005    125.416    124.232     6.0778    33.1996  1026.6991    26.1217     6.0674     24.010    74.6494    -0.0005      7.638     1.6757     2.3947     72.930     74.835  0.000e+00
   56.45102 -132.53564    158.078    125.416    124.232     6.0778    33.1995  1026.6990    26.1216     6.0674     24.009    74.6494    -0.0005      7.638     1.6756     2.3946     72.928     74.833  0.000e+00
   56.45102 -132.53564    158.015    125.303    124.120     6.0778    33.1995  1026.6986    26.1217     6.0674     24.000    74.6494    -0.0005      7.638     1.6750     2.3937     72.901     74.805  0.000e+00
   56.45102 -132.53564    158.095    125.359    124.176     6.0783    33.1988  1026.6982    26.1211     6.0678     23.991    74.6494    -0.0005      7.638     1.6743     2.3928     72.873     74.776  0.000e+00
   56.45102 -132.53564    158.039    125.303    124.120     6.0784    33.1988  1026.6979    26.1211     6.0680     24.045    74.6494    -0.0005      7.638     1.6781     2.3982     73.038     74.946  0.000e+00
   56.45102 -132.53564    157.975    125.238    124.056     6.0783    33.1986  1026.6975    26.1209     6.0678     23.983    74.6494    -0.0005      7.638     1.6738     2.3920     72.849     74.752  0.000e+00
   56.45102 -132.53564    158.161    125.303    124.120     6.0789    33.1980  1026.6972    26.1203     6.0685     23.978    74.6773    -0.0005      7.638     1.6735     2.3915     72.834     74.737  0.000e+00
   56.45102 -132.53564    158.026    125.117    123.936     6.0786    33.1992  1026.6973    26.1213     6.0682     23.915    74.6494    -0.0005      7.638     1.6690     2.3852     72.640     74.538  0.000e+00
   56.45102 -132.53564    158.146    125.238    124.056     6.0780    33.2003  1026.6988    26.1222     6.0676     23.903    74.6773    -0.0005      7.638     1.6682     2.3840     72.604     74.501  0.000e+00
   56.45102 -132.53564    157.914    125.003    123.823     6.0770    33.2017  1026.6990    26.1235     6.0666     23.889    74.6494    -0.0005      7.638     1.6673     2.3827     72.564     74.460  0.000e+00
   56.45102 -132.53564    158.171    125.238    124.056     6.0767    33.2020  1026.7003    26.1238     6.0663     23.884    74.6494    -0.0005      7.638     1.6669     2.3822     72.549     74.444  0.000e+00
   56.45102 -132.53564    157.947    124.938    123.759     6.0768    33.2020  1026.6990    26.1237     6.0664     23.935    74.6494    -0.0005      7.638     1.6705     2.3873     72.703     74.603  0.000e+00
   56.45102 -132.53564    158.092    125.060    123.880     6.0772    33.2013  1026.6989    26.1232     6.0668     23.878    74.6494    -0.0005      7.638     1.6665     2.3816     72.530     74.425  0.000e+00
   56.45102 -132.53564    158.092    125.060    123.880     6.0775    33.2007  1026.6984    26.1226     6.0671     23.930    74.6494    -0.0005      7.638     1.6701     2.3867     72.687     74.586  0.000e+00
   56.45102 -132.53564    158.036    125.003    123.823     6.0772    33.1994  1026.6972    26.1217     6.0668     23.930    74.6494    -0.0005      7.638     1.6701     2.3868     72.688     74.587  0.000e+00
   56.45102 -132.53564    158.045    124.938    123.759     6.0772    33.1995  1026.6969    26.1217     6.0668     23.930    74.6494    -0.0005      7.638     1.6701     2.3867     72.688     74.586  0.000e+00
   56.45102 -132.53564    157.966    124.760    123.583     6.0772    33.2012  1026.6974    26.1231     6.0668     23.864    74.6773    -0.0005      7.638     1.6655     2.3801     72.487     74.381  0.000e+00
   56.45102 -132.53564    158.111    124.882    123.703     6.0768    33.2020  1026.6987    26.1238     6.0664     23.850    74.6494    -0.0005      7.638     1.6645     2.3788     72.445     74.337  0.000e+00
   56.45102 -132.53564    158.087    124.882    123.703     6.0768    33.2018  1026.6985    26.1236     6.0664     23.900    74.6494    -0.0005      7.638     1.6680     2.3838     72.597     74.494  0.000e+00
   56.45102 -132.53564    157.966    124.760    123.583     6.0770    33.2018  1026.6980    26.1236     6.0666     23.898    74.6494    -0.0005      7.638     1.6679     2.3836     72.592     74.489  0.000e+00
   56.45102 -132.53564    158.184    124.882    123.703     6.0770    33.2014  1026.6982    26.1233     6.0666     23.897    74.6494    -0.0005      7.638     1.6678     2.3835     72.589     74.485  0.000e+00
   56.45102 -132.53564    158.137    124.760    123.583     6.0770    33.2013  1026.6975    26.1232     6.0666     23.895    74.6494    -0.0298      7.638     1.6677     2.3833     72.583     74.479  0.000e+00
   56.45102 -132.53564    158.081    124.704    123.527     6.0768    33.2016  1026.6976    26.1235     6.0664     23.893    74.6494    -0.0298      7.638     1.6675     2.3831     72.577     74.472  0.000e+00
   56.45102 -132.53564    157.905    124.526    123.351     6.0765    33.2023  1026.6974    26.1241     6.0662     23.890    74.6494    -0.0298      7.638     1.6674     2.3828     72.568     74.464  0.000e+00
   56.45102 -132.53564    158.081    124.704    123.527     6.0767    33.2023  1026.6981    26.1240     6.0663     23.946    74.6494    -0.0298      7.638     1.6712     2.3884     72.737     74.638  0.000e+00
   56.45102 -132.53564    158.034    124.582    123.407     6.0768    33.2022  1026.6975    26.1239     6.0665     23.892    74.6494    -0.0298      7.638     1.6674     2.3829     72.572     74.468  0.000e+00
   56.45102 -132.53564    158.083    124.582    123.407     6.0767    33.2023  1026.6976    26.1240     6.0663     23.888    74.6494    -0.0298      7.638     1.6672     2.3826     72.562     74.457  0.000e+00
   56.45102 -132.53564    158.083    124.582    123.407     6.0760    33.2030  1026.6982    26.1246     6.0657     23.885    74.6773    -0.0298      7.638     1.6670     2.3823     72.551     74.447  0.000e+00
   56.45102 -132.53564    158.083    124.582    123.407     6.0759    33.2031  1026.6983    26.1247     6.0655     23.881    74.6773    -0.0298      7.638     1.6667     2.3819     72.539     74.434  0.000e+00
   56.45102 -132.53564    157.811    124.283    123.110     6.0757    33.2034  1026.6972    26.1250     6.0654     23.933    74.6494    -0.0298      7.638     1.6704     2.3871     72.699     74.599  0.000e+00
   56.45102 -132.53564    158.149    124.526    123.351     6.0757    33.2035  1026.6983    26.1250     6.0654     23.943    74.6494    -0.0298      7.638     1.6711     2.3881     72.729     74.629  0.000e+00
   56.45102 -132.53564    158.110    124.461    123.287     6.0755    33.2040  1026.6985    26.1255     6.0652     23.952    74.4816    -0.0298      7.638     1.6717     2.3890     72.755     74.656  0.000e+00
   56.45102 -132.53564    158.110    124.461    123.287     6.0754    33.2043  1026.6988    26.1258     6.0650     23.895    74.3976    -0.0298      7.638     1.6677     2.3833     72.584     74.480  0.000e+00
   56.45102 -132.53564    157.877    124.226    123.054     6.0754    33.2044  1026.6978    26.1258     6.0650     23.896    74.3697    -0.0298      7.638     1.6678     2.3834     72.586     74.483  0.000e+00
   56.45102 -132.53564    158.038    124.340    123.166     6.0754    33.2036  1026.6976    26.1252     6.0650     23.898    74.3976    -0.0298      7.638     1.6679     2.3836     72.592     74.489  0.000e+00
   56.45102 -132.53564    158.200    124.404    123.230     6.0760    33.2024  1026.6969    26.1242     6.0657     23.899    74.3976    -0.0298      7.638     1.6680     2.3837     72.596     74.493  0.000e+00
   56.45102 -132.53564    157.928    124.105    122.934     6.0763    33.2020  1026.6952    26.1238     6.0660     23.958    74.3976    -0.0298      7.638     1.6721     2.3895     72.773     74.674  0.000e+00
   56.45102 -132.53564    157.928    124.105    122.934     6.0764    33.2019  1026.6951    26.1237     6.0661     23.958    74.3976    -0.0298      7.638     1.6721     2.3896     72.776     74.677  0.000e+00
   56.45102 -132.53564    158.160    124.340    123.166     6.0772    33.2007  1026.6951    26.1227     6.0668     23.959    74.3976    -0.0298      7.638     1.6722     2.3897     72.778     74.679  0.000e+00
   56.45102 -132.53564    158.033    124.162    122.990     6.0776    33.1998  1026.6935    26.1219     6.0673     23.966    74.3976    -0.0298      7.638     1.6726     2.3903     72.797     74.698  0.000e+00
   56.45102 -132.53564    158.170    124.226    123.054     6.0786    33.1981  1026.6923    26.1204     6.0683     23.972    74.3976    -0.0298      7.638     1.6730     2.3909     72.816     74.718  0.000e+00
   56.45102 -132.53564    157.954    123.984    122.814     6.0801    33.1956  1026.6891    26.1183     6.0697     23.978    74.3976    -0.0298      7.638     1.6734     2.3914     72.831     74.733  0.000e+00
   56.45104 -132.53564    158.195    124.226    123.054     6.0820    33.1925  1026.6875    26.1156     6.0717     23.984    74.3976    -0.0298      7.638     1.6738     2.3920     72.850     74.752  0.000e+00
   56.45104 -132.53564    157.834    123.862    122.694     6.0835    33.1903  1026.6839    26.1136     6.0731     23.989    74.3976    -0.0298      7.638     1.6741     2.3924     72.862     74.764  0.000e+00
   56.45104 -132.53564    158.148    124.105    122.934     6.0840    33.1898  1026.6846    26.1132     6.0737     23.937    74.3976    -0.0298      7.638     1.6705     2.3872     72.704     74.603  0.000e+00
   56.45104 -132.53564    157.860    123.741    122.573     6.0835    33.1907  1026.6837    26.1140     6.0732     23.935    74.3976    -0.0298      7.638     1.6703     2.3870     72.697     74.595  0.000e+00
   56.45104 -132.53564    158.157    124.040    122.870     6.0824    33.1918  1026.6861    26.1150     6.0721     23.992    74.3976    -0.0298      7.638     1.6743     2.3928     72.872     74.775  0.000e+00
   56.45104 -132.53564    158.101    123.984    122.814     6.0813    33.1938  1026.6875    26.1167     6.0710     23.990    74.3976    -0.0298      7.638     1.6742     2.3926     72.867     74.770  0.000e+00
