EcoFOCI/data/1_SampleCollection/2022_GOA-OA_CruiseData/CTD_raw_BottleFile_RC0083/RC0083_067.cnv
* Sea-Bird SBE 9 Data File:
* FileName = C:\Data\RC0083ctd\RC0083_067.hex
* Software Version Seasave V 7.26.7.107
* Temperature SN = 2060
* Conductivity SN = 1084
* Number of Bytes Per Scan = 31
* Number of Voltage Words = 4
* Number of Scans Averaged by the Deck Unit = 1
* NMEA Latitude = 58 58.45 N
* NMEA Longitude = 136 08.18 W
* NMEA UTC (Time) = Aug 20 2022  18:55:28
* NMEA baud rate = 4800
** Ship: R/V Rachel Carson
** Cruise ID: RC0083
** Tech: McHugh/Nomura
** Chief Scientist: Cross
** Station: GB17
** Cast:  CTD067
# nquan = 19
# nvalues = 16999                                 
# units = specified
# name 0 = latitude: Latitude [deg]
# name 1 = longitude: Longitude [deg]
# name 2 = sfdSM: Seafloor depth [salt water, m]
# name 3 = prDM: Pressure, Digiquartz [db]
# name 4 = depSM: Depth [salt water, m]
# name 5 = t090C: Temperature [ITS-90, deg C]
# name 6 = sal00: Salinity, Practical [PSU]
# name 7 = density00: Density [density, kg/m^3]
# name 8 = sigma-é00: Density [sigma-theta, kg/m^3]
# name 9 = potemp090C: Potential Temperature [ITS-90, deg C]
# name 10 = sbeox0PS: Oxygen, SBE 43 [% saturation]
# name 11 = CStarTr0: Beam Transmission, WET Labs C-Star [%]
# name 12 = flECO-AFL: Fluorescence, WET Labs ECO-AFL/FL [mg/m^3]
# name 13 = ph: pH
# name 14 = sbeox0ML/L: Oxygen, SBE 43 [ml/l]
# name 15 = sbeox0Mg/L: Oxygen, SBE 43 [mg/l]
# name 16 = sbox0Mm/Kg: Oxygen, SBE 43 [umol/kg]
# name 17 = sbeox0Mm/L: Oxygen, SBE 43 [umol/l]
# name 18 = flag:  0.000e+00
# span 0 =   58.97364,   58.97422                 
# span 1 = -136.13640, -136.13532                 
# span 2 =      3.476,    246.918                 
# span 3 =      2.843,    190.742                 
# span 4 =      2.816,    188.872                 
# span 5 =     4.7773,     7.4370                 
# span 6 =    11.6679,    30.9032                 
# span 7 =  1009.1931,  1025.3402                 
# span 8 =     9.1780,    24.4533                 
# span 9 =     4.7641,     7.4354                 
# span 10 =     69.479,    100.427                
# span 11 =    17.7045,    95.9338                
# span 12 =    -0.1177,     1.4940                
# span 13 =      7.912,      8.496                
# span 14 =     4.8260,     8.0379                
# span 15 =     6.8969,    11.4869                
# span 16 =    210.576,    355.130                
# span 17 =    215.531,    358.972                
# span 18 = 0.0000e+00, 0.0000e+00                
# interval = seconds: 0.0416667
# start_time = Aug 20 2022 18:55:28 [NMEA time, header]
# bad_flag = -9.990e-29
*END*
[from data line 9829]
   58.97390 -136.13584    198.289    188.340    186.494     4.7789    30.9019  1025.3284    24.4523     4.7658     73.041    94.0878    -0.0591      7.912     5.3383     7.6290    232.719    238.409  0.000e+00
   58.97390 -136.13584    198.289    188.340    186.494     4.7791    30.9016  1025.3282    24.4520     4.7660     73.100    94.0878    -0.0591      7.912     5.3426     7.6352    232.907    238.602  0.000e+00
   58.97390 -136.13584    198.267    188.218    186.374     4.7791    30.9016  1025.3276    24.4520     4.7660     73.109    94.0878    -0.0591      7.912     5.3433     7.6361    232.936    238.632  0.000e+00
   58.97390 -136.13584    198.323    188.251    186.406     4.7791    30.9010  1025.3273    24.4515     4.7660     73.062    94.0878    -0.0591      7.912     5.3398     7.6312    232.786    238.478  0.000e+00
   58.97390 -136.13584    198.315    188.218    186.374     4.7791    30.9003  1025.3265    24.4509     4.7660     73.064    94.0878    -0.0591      7.912     5.3400     7.6314    232.794    238.486  0.000e+00
   58.97390 -136.13584    198.259    188.161    186.318     4.7789    30.8999  1025.3260    24.4507     4.7659     73.076    94.0878    -0.0591      7.912     5.3409     7.6327    232.833    238.526  0.000e+00
   58.97390 -136.13584    198.284    188.161    186.318     4.7789    30.9011  1025.3270    24.4516     4.7659     73.138    94.0878    -0.0591      7.912     5.3455     7.6392    233.030    238.728  0.000e+00
   58.97390 -136.13584    198.285    188.064    186.222     4.7788    30.9020  1025.3272    24.4523     4.7657     73.093    94.0878    -0.0591      7.912     5.3421     7.6344    232.884    238.578  0.000e+00
   58.97390 -136.13584    198.374    188.105    186.262     4.7787    30.9018  1025.3273    24.4522     4.7656     73.157    94.0878    -0.0591      7.912     5.3468     7.6411    233.089    238.788  0.000e+00
   58.97390 -136.13584    198.310    188.040    186.198     4.7788    30.9013  1025.3266    24.4518     4.7657     73.179    94.0878    -0.0884      7.912     5.3485     7.6435    233.162    238.863  0.000e+00
   58.97390 -136.13584    198.310    188.040    186.198     4.7787    30.9016  1025.3268    24.4520     4.7656     73.195    94.0878    -0.0884      7.912     5.3496     7.6451    233.210    238.913  0.000e+00
   58.97390 -136.13584    198.271    187.951    186.109     4.7787    30.9014  1025.3262    24.4518     4.7656     73.209    94.0878    -0.0884      7.912     5.3507     7.6466    233.257    238.961  0.000e+00
   58.97390 -136.13584    198.312    187.918    186.077     4.7788    30.9002  1025.3251    24.4509     4.7657     73.167    94.0878    -0.0884      7.912     5.3476     7.6422    233.122    238.822  0.000e+00
   58.97390 -136.13584    198.336    187.918    186.077     4.7787    30.9009  1025.3257    24.4515     4.7656     73.233    94.0878    -0.1177      7.912     5.3524     7.6491    233.333    239.038  0.000e+00
   58.97390 -136.13584    198.312    187.918    186.077     4.7788    30.9015  1025.3262    24.4520     4.7657     73.250    94.0598    -0.1177      7.912     5.3536     7.6508    233.385    239.092  0.000e+00
   58.97390 -136.13584    198.224    187.805    185.965     4.7791    30.9016  1025.3257    24.4520     4.7660     73.266    93.8361    -0.0884      7.912     5.3547     7.6525    233.435    239.143  0.000e+00
   58.97390 -136.13584    198.321    187.829    185.989     4.7788    30.9012  1025.3255    24.4517     4.7657     73.284    93.7242    -0.0884      7.912     5.3561     7.6544    233.494    239.204  0.000e+00
   58.97390 -136.13584    198.346    187.805    185.965     4.7789    30.9012  1025.3254    24.4517     4.7659     73.293    93.6962    -0.0884      7.912     5.3567     7.6553    233.521    239.231  0.000e+00
   58.97390 -136.13584    198.306    187.740    185.901     4.7789    30.9012  1025.3251    24.4517     4.7659     73.301    93.7242    -0.0884      7.912     5.3573     7.6562    233.548    239.259  0.000e+00
   58.97390 -136.13584    198.250    187.683    185.845     4.7788    30.9007  1025.3244    24.4513     4.7657     73.309    93.7242    -0.0884      7.912     5.3580     7.6571    233.577    239.288  0.000e+00
   58.97390 -136.13584    198.274    187.708    185.869     4.7788    30.9003  1025.3242    24.4510     4.7657     73.319    93.7242    -0.0884      7.912     5.3587     7.6581    233.607    239.319  0.000e+00
   58.97390 -136.13584    198.284    187.618    185.781     4.7784    30.9015  1025.3248    24.4520     4.7654     73.269    93.7242    -0.1177      7.912     5.3550     7.6529    233.448    239.156  0.000e+00
   58.97390 -136.13584    198.276    187.562    185.724     4.7787    30.9017  1025.3247    24.4521     4.7656     73.269    93.7242    -0.0884      7.912     5.3550     7.6528    233.447    239.155  0.000e+00
   58.97390 -136.13584    198.276    187.562    185.724     4.7788    30.9015  1025.3245    24.4519     4.7658     73.328    93.7242    -0.0884      7.912     5.3593     7.6590    233.635    239.348  0.000e+00
   58.97390 -136.13584    198.276    187.562    185.724     4.7787    30.9014  1025.3244    24.4519     4.7656     73.338    93.7242    -0.0884      7.912     5.3601     7.6601    233.667    239.381  0.000e+00
   58.97390 -136.13584    198.180    187.465    185.628     4.7789    30.9012  1025.3238    24.4517     4.7659     73.279    93.7242    -0.0884      7.912     5.3558     7.6539    233.479    239.188  0.000e+00
   58.97390 -136.13584    198.254    187.440    185.604     4.7789    30.9007  1025.3233    24.4513     4.7659     73.271    93.7242    -0.0884      7.912     5.3552     7.6531    233.454    239.163  0.000e+00
   58.97390 -136.13584    198.302    187.440    185.604     4.7787    30.9002  1025.3229    24.4509     4.7656     73.263    93.7242    -0.0884      7.912     5.3547     7.6524    233.432    239.139  0.000e+00
   58.97390 -136.13584    198.246    187.383    185.548     4.7789    30.9013  1025.3235    24.4517     4.7659     73.255    93.7242    -0.0884      7.912     5.3540     7.6514    233.401    239.108  0.000e+00
   58.97390 -136.13584    198.214    187.351    185.516     4.7788    30.9014  1025.3235    24.4519     4.7658     73.247    93.7242    -0.0884      7.912     5.3534     7.6505    233.375    239.082  0.000e+00
   58.97390 -136.13584    198.126    187.262    185.428     4.7788    30.9013  1025.3230    24.4518     4.7658     73.296    93.7242    -0.0884      7.912     5.3570     7.6557    233.533    239.244  0.000e+00
   58.97390 -136.13584    198.102    187.262    185.428     4.7789    30.9013  1025.3229    24.4518     4.7659     73.296    93.7242    -0.0884      7.912     5.3570     7.6557    233.534    239.244  0.000e+00
   58.97390 -136.13584    198.102    187.262    185.428     4.7788    30.9016  1025.3232    24.4520     4.7658     73.297    93.7242    -0.0884      7.912     5.3570     7.6557    233.534    239.245  0.000e+00
   58.97390 -136.13584    198.045    187.205    185.371     4.7788    30.9014  1025.3228    24.4519     4.7658     73.296    93.7242    -0.0884      7.912     5.3570     7.6556    233.532    239.242  0.000e+00
   58.97390 -136.13584    197.974    187.108    185.275     4.7789    30.9003  1025.3214    24.4510     4.7659     73.294    93.7242    -0.0884      7.912     5.3569     7.6555    233.527    239.237  0.000e+00
   58.97390 -136.13584    198.030    187.140    185.307     4.7788    30.9005  1025.3217    24.4511     4.7658     73.302    93.2767    -0.0884      7.912     5.3575     7.6564    233.554    239.265  0.000e+00
   58.97390 -136.13584    198.121    187.084    185.251     4.7787    30.9016  1025.3223    24.4520     4.7656     73.310    92.9411    -0.1177      7.912     5.3580     7.6571    233.577    239.288  0.000e+00
   58.97390 -136.13584    198.169    187.084    185.251     4.7787    30.9015  1025.3223    24.4520     4.7656     73.309    92.8572    -0.0884      7.912     5.3579     7.6570    233.573    239.285  0.000e+00
   58.97390 -136.13584    198.105    187.019    185.187     4.7787    30.9015  1025.3220    24.4520     4.7656     73.365    92.8851    -0.0884      7.912     5.3620     7.6629    233.753    239.468  0.000e+00
   58.97390 -136.13584    198.017    186.930    185.099     4.7788    30.9013  1025.3214    24.4518     4.7658     73.312    92.9131    -0.0884      7.912     5.3582     7.6574    233.584    239.296  0.000e+00
   58.97390 -136.13584    198.178    187.019    185.187     4.7788    30.9015  1025.3220    24.4519     4.7658     73.252    92.9131    -0.0884      7.912     5.3538     7.6511    233.393    239.100  0.000e+00
   58.97390 -136.13584    198.100    186.841    185.011     4.7789    30.9006  1025.3204    24.4512     4.7659     73.239    92.9131    -0.0884      7.912     5.3529     7.6498    233.353    239.058  0.000e+00
   58.97390 -136.13584    198.188    186.905    185.075     4.7794    30.8997  1025.3199    24.4504     4.7664     73.296    92.9131    -0.0884      7.912     5.3570     7.6556    233.532    239.242  0.000e+00
   58.97390 -136.13584    198.100    186.841    185.011     4.7794    30.9007  1025.3205    24.4513     4.7664     73.302    92.9131    -0.1177      7.912     5.3574     7.6562    233.549    239.260  0.000e+00
   58.97390 -136.13584    198.068    186.808    184.978     4.7798    30.9007  1025.3203    24.4512     4.7668     73.299    92.9131    -0.0884      7.912     5.3571     7.6558    233.538    239.248  0.000e+00
   58.97390 -136.13584    198.044    186.784    184.954     4.7801    30.9005  1025.3200    24.4510     4.7671     73.305    92.9131    -0.0884      7.912     5.3575     7.6564    233.555    239.266  0.000e+00
   58.97390 -136.13584    197.979    186.719    184.890     4.7801    30.9005  1025.3196    24.4510     4.7671     73.301    92.9131    -0.0884      7.912     5.3572     7.6560    233.544    239.254  0.000e+00
   58.97390 -136.13584    197.979    186.719    184.890     4.7799    30.9008  1025.3199    24.4512     4.7669     73.298    92.9131    -0.0884      7.912     5.3570     7.6557    233.534    239.244  0.000e+00
   58.97390 -136.13584    197.803    186.541    184.714     4.7799    30.9004  1025.3188    24.4509     4.7669     73.234    92.9131    -0.0884      7.912     5.3524     7.6491    233.332    239.037  0.000e+00
   58.97390 -136.13584    198.092    186.808    184.978     4.7798    30.8997  1025.3195    24.4504     4.7668     73.225    92.9131    -0.0884      7.912     5.3517     7.6481    233.303    239.008  0.000e+00
   58.97390 -136.13584    198.014    186.606    184.778     4.7794    30.9006  1025.3193    24.4512     4.7664     73.220    92.9131    -0.0884      7.912     5.3514     7.6476    233.288    238.992  0.000e+00
   58.97390 -136.13584    198.087    186.606    184.778     4.7794    30.9015  1025.3200    24.4519     4.7664     73.217    92.8851    -0.1177      7.912     5.3511     7.6473    233.277    238.981  0.000e+00
   58.97390 -136.13584    198.047    186.541    184.714     4.7794    30.9011  1025.3193    24.4515     4.7664     73.205    92.9131    -0.0884      7.912     5.3502     7.6460    233.239    238.942  0.000e+00
   58.97390 -136.13584    197.991    186.508    184.682     4.7794    30.9011  1025.3192    24.4515     4.7664     73.251    92.9131    -0.0884      7.912     5.3536     7.6509    233.387    239.094  0.000e+00
   58.97390 -136.13584    197.991    186.484    184.658     4.7792    30.9014  1025.3194    24.4518     4.7663     73.189    92.9131    -0.0884      7.912     5.3491     7.6445    233.191    238.893  0.000e+00
   58.97390 -136.13584    198.113    186.484    184.658     4.7791    30.9015  1025.3194    24.4519     4.7661     73.187    92.7173    -0.0884      7.912     5.3489     7.6442    233.182    238.884  0.000e+00
   58.97390 -136.13584    198.162    186.484    184.658     4.7791    30.9008  1025.3189    24.4513     4.7661     73.175    92.4656    -0.0884      7.912     5.3481     7.6430    233.147    238.847  0.000e+00
   58.97390 -136.13584    198.042    186.363    184.537     4.7792    30.9000  1025.3177    24.4507     4.7663     73.171    92.4097    -0.0884      7.912     5.3479     7.6426    233.135    238.836  0.000e+00
   58.97390 -136.13584    198.042    186.362    184.537     4.7792    30.9012  1025.3186    24.4516     4.7663     73.169    92.4097    -0.0884      7.912     5.3477     7.6424    233.126    238.827  0.000e+00
   58.97390 -136.13584    198.010    186.330    184.505     4.7789    30.9019  1025.3191    24.4522     4.7660     73.109    92.4376    -0.0884      7.912     5.3433     7.6361    232.935    238.630  0.000e+00
   58.97390 -136.13584    198.042    186.362    184.537     4.7791    30.9014  1025.3189    24.4519     4.7661     73.158    92.4376    -0.0884      7.912     5.3468     7.6412    233.090    238.790  0.000e+00
   58.97390 -136.13584    197.921    186.241    184.417     4.7794    30.9008  1025.3178    24.4513     4.7664     73.147    92.4376    -0.0884      7.912     5.3460     7.6400    233.055    238.753  0.000e+00
   58.97390 -136.13584    197.921    186.241    184.417     4.7794    30.9009  1025.3178    24.4514     4.7664     73.088    92.4376    -0.0884      7.912     5.3417     7.6338    232.867    238.561  0.000e+00
   58.97390 -136.13584    197.921    186.241    184.417     4.7796    30.9005  1025.3175    24.4510     4.7667     73.079    92.4376    -0.0884      7.912     5.3411     7.6329    232.839    238.532  0.000e+00
   58.97390 -136.13584    198.011    186.209    184.385     4.7796    30.8995  1025.3165    24.4502     4.7667     73.071    92.4376    -0.0884      7.912     5.3405     7.6321    232.814    238.506  0.000e+00
   58.97390 -136.13584    198.070    186.119    184.297     4.7796    30.9000  1025.3166    24.4507     4.7667     73.063    92.4376    -0.1177      7.912     5.3399     7.6312    232.787    238.479  0.000e+00
   58.97390 -136.13584    198.094    186.119    184.297     4.7796    30.9010  1025.3173    24.4515     4.7667     73.056    92.4376    -0.0884      7.912     5.3394     7.6305    232.765    238.456  0.000e+00
   58.97390 -136.13584    198.094    186.119    184.297     4.7796    30.9009  1025.3173    24.4514     4.7667     73.109    92.4376    -0.0884      7.912     5.3432     7.6360    232.932    238.628  0.000e+00
   58.97390 -136.13584    198.038    186.063    184.241     4.7796    30.9010  1025.3170    24.4514     4.7667     73.111    92.4376    -0.0884      7.912     5.3434     7.6363    232.941    238.637  0.000e+00
   58.97390 -136.13584    198.104    186.030    184.209     4.7798    30.9008  1025.3167    24.4513     4.7668     73.115    92.4376    -0.0884      7.912     5.3436     7.6366    232.951    238.647  0.000e+00
   58.97390 -136.13584    198.177    186.006    184.185     4.7796    30.9007  1025.3165    24.4512     4.7667     73.051    92.4376    -0.0591      7.912     5.3390     7.6300    232.750    238.441  0.000e+00
   58.97390 -136.13584    198.177    186.006    184.185     4.7792    30.9009  1025.3167    24.4514     4.7663     73.038    92.4376    -0.0591      7.912     5.3381     7.6287    232.709    238.399  0.000e+00
   58.97390 -136.13584    198.113    185.941    184.120     4.7792    30.9001  1025.3159    24.4508     4.7663     73.033    92.4376    -0.0591      7.912     5.3378     7.6282    232.696    238.385  0.000e+00
   58.97390 -136.13584    198.113    185.941    184.120     4.7791    30.9015  1025.3169    24.4519     4.7662     73.030    92.4376    -0.0591      7.912     5.3375     7.6279    232.684    238.374  0.000e+00
   58.97390 -136.13584    198.147    185.852    184.032     4.7791    30.9019  1025.3168    24.4522     4.7662     73.018    92.4376    -0.0591      7.912     5.3366     7.6265    232.644    238.333  0.000e+00
