EcoFOCI/data/1_SampleCollection/2022_GOA-OA_CruiseData/CTD_raw_BottleFile_RC0083/RC0083_049.ros
* Sea-Bird SBE 9 Data File:
* FileName = C:\Data\RC0083ctd\RC0083_049.hex
* Software Version Seasave V 7.26.7.107
* Temperature SN = 2060
* Conductivity SN = 1084
* Number of Bytes Per Scan = 31
* Number of Voltage Words = 4
* Number of Scans Averaged by the Deck Unit = 1
* NMEA Latitude = 58 12.65 N
* NMEA Longitude = 137 05.13 W
* NMEA UTC (Time) = Aug 19 2022  08:16:29
* NMEA baud rate = 4800
** Ship: R/V Rachel Carson
** Cruise ID: RC0083
** Tech: McHugh/Nomura
** Chief Scientist: Cross
** Station: SEM05
** Cast:  CTD049
# nquan = 21
# nvalues = 294                                   
# units = specified
# name 0 = latitude: Latitude [deg]
# name 1 = longitude: Longitude [deg]
# name 2 = sfdSM: Seafloor depth [salt water, m]
# name 3 = prDM: Pressure, Digiquartz [db]
# name 4 = depSM: Depth [salt water, m]
# name 5 = t090C: Temperature [ITS-90, deg C]
# name 6 = sal00: Salinity, Practical [PSU]
# name 7 = density00: Density [density, kg/m^3]
# name 8 = sigma-é00: Density [sigma-theta, kg/m^3]
# name 9 = potemp090C: Potential Temperature [ITS-90, deg C]
# name 10 = sbeox0PS: Oxygen, SBE 43 [% saturation]
# name 11 = CStarTr0: Beam Transmission, WET Labs C-Star [%]
# name 12 = flECO-AFL: Fluorescence, WET Labs ECO-AFL/FL [mg/m^3]
# name 13 = ph: pH
# name 14 = sbeox0ML/L: Oxygen, SBE 43 [ml/l]
# name 15 = sbeox0Mg/L: Oxygen, SBE 43 [mg/l]
# name 16 = sbox0Mm/Kg: Oxygen, SBE 43 [umol/kg]
# name 17 = sbeox0Mm/L: Oxygen, SBE 43 [umol/l]
# name 18 = scan: Scan Count
# name 19 = nbf: Bottles Fired
# name 20 = flag:  0.000e+00
# interval = seconds: 0.0416667
# start_time = Aug 19 2022 08:16:29 [NMEA time, header]
# bad_flag = -9.990e-29
*END*
[from data line 276]
   58.21208 -137.08570     91.387      3.187      3.158    14.4884    31.6017  1023.4758    23.4617    14.4879    101.524    93.3327     2.1094      8.297     5.9624     8.5208    260.176    266.280      12549          6  0.000e+00
   58.21208 -137.08570     87.749      3.163      3.134    14.4893    31.6016  1023.4755    23.4614    14.4888    101.519    93.3327     2.1094      8.297     5.9620     8.5203    260.158    266.262      12550          6  0.000e+00
   58.21208 -137.08570     87.593      3.228      3.198    14.4898    31.6017  1023.4757    23.4613    14.4893    101.515    93.3327     2.1680      8.297     5.9617     8.5198    260.144    266.248      12551          6  0.000e+00
   58.21208 -137.08570     87.976      3.244      3.214    14.4897    31.6024  1023.4763    23.4619    14.4892    101.509    93.3327     2.1680      8.297     5.9613     8.5194    260.131    266.234      12552          6  0.000e+00
   58.21208 -137.08570     88.106      3.228      3.198    14.4896    31.6018  1023.4758    23.4615    14.4891    101.504    93.3327     2.1680      8.297     5.9610     8.5189    260.117    266.220      12553          6  0.000e+00
   58.21208 -137.08570     88.122      3.244      3.214    14.4897    31.6012  1023.4754    23.4610    14.4892    101.445    93.3327     2.1680      8.297     5.9576     8.5140    259.969    266.068      12554          6  0.000e+00
   58.21208 -137.08570     88.162      3.284      3.254    14.4894    31.6015  1023.4759    23.4613    14.4889    101.488    93.3327     2.1680      8.297     5.9601     8.5176    260.078    266.180      12555          6  0.000e+00
   58.21208 -137.08570     88.098      3.244      3.214    14.4891    31.6012  1023.4755    23.4612    14.4887    101.429    93.3327     2.1680      8.297     5.9567     8.5127    259.928    266.026      12556          6  0.000e+00
   58.21208 -137.08570     88.138      3.284      3.254    14.4888    31.6009  1023.4756    23.4610    14.4883    101.471    93.3327     2.1680      8.297     5.9592     8.5164    260.039    266.140      12557          6  0.000e+00
   58.21208 -137.08570     88.162      3.309      3.278    14.4883    31.6013  1023.4761    23.4614    14.4878    101.465    93.3327     2.1680      8.297     5.9589     8.5159    260.026    266.126      12558          6  0.000e+00
   58.21208 -137.08570     88.202      3.349      3.318    14.4884    31.6009  1023.4759    23.4611    14.4879    101.406    93.3327     2.1680      8.297     5.9555     8.5110    259.876    265.973      12559          6  0.000e+00
   58.21208 -137.08570     88.138      3.284      3.254    14.4884    31.6012  1023.4759    23.4613    14.4879    101.394    93.3327     2.1680      8.297     5.9548     8.5100    259.843    265.940      12560          6  0.000e+00
   58.21208 -137.08570     88.218      3.365      3.334    14.4884    31.6011  1023.4761    23.4612    14.4880    101.389    93.3327     2.1680      8.297     5.9545     8.5095    259.830    265.926      12561          6  0.000e+00
   58.21208 -137.08570     88.202      3.349      3.318    14.4884    31.6014  1023.4763    23.4614    14.4879    101.383    93.3047     2.1680      8.297     5.9541     8.5090    259.814    265.910      12562          6  0.000e+00
   58.21208 -137.08570     91.759      3.365      3.334    14.4883    31.6011  1023.4761    23.4612    14.4878    101.324    93.3327     2.1680      8.297     5.9507     8.5041    259.666    265.758      12563          6  0.000e+00
   58.21208 -137.08570     99.808      3.405      3.374    14.4879    31.6012  1023.4765    23.4613    14.4875    101.367    93.3327     2.1680      8.297     5.9532     8.5078    259.777    265.872      12564          6  0.000e+00
   58.21208 -137.08570    102.494      3.430      3.398    14.4883    31.6008  1023.4762    23.4610    14.4878    101.362    93.3327     2.1680      8.297     5.9529     8.5073    259.764    265.858      12565          6  0.000e+00
   58.21208 -137.08572    102.397      3.405      3.374    14.4874    31.6007  1023.4762    23.4611    14.4869    101.357    93.3606     2.1680      8.297     5.9527     8.5071    259.755    265.849      12566          6  0.000e+00
