EcoFOCI/data/1_SampleCollection/2022_GOA-OA_CruiseData/CTD_raw_BottleFile_RC0083/RC0083_079.ros
* Sea-Bird SBE 9 Data File:
* FileName = C:\Data\RC0083ctd\RC0083_079.hex
* Software Version Seasave V 7.26.7.107
* Temperature SN = 2060
* Conductivity SN = 2881
* Number of Bytes Per Scan = 31
* Number of Voltage Words = 4
* Number of Scans Averaged by the Deck Unit = 1
* NMEA Latitude = 58 18.48 N
* NMEA Longitude = 134 43.12 W
* NMEA UTC (Time) = Aug 21 2022  23:54:28
* NMEA baud rate = 4800
** Ship: R/V Rachel Carson
** Cruise ID: RC0083
** Tech: McHugh/Nomura
** Chief Scientist: Cross
** Station: SPD
** Cast:  CTD079
# nquan = 21
# nvalues = 196                                   
# units = specified
# name 0 = latitude: Latitude [deg]
# name 1 = longitude: Longitude [deg]
# name 2 = sfdSM: Seafloor depth [salt water, m]
# name 3 = prDM: Pressure, Digiquartz [db]
# name 4 = depSM: Depth [salt water, m]
# name 5 = t090C: Temperature [ITS-90, deg C]
# name 6 = sal00: Salinity, Practical [PSU]
# name 7 = density00: Density [density, kg/m^3]
# name 8 = sigma-é00: Density [sigma-theta, kg/m^3]
# name 9 = potemp090C: Potential Temperature [ITS-90, deg C]
# name 10 = sbeox0PS: Oxygen, SBE 43 [% saturation]
# name 11 = CStarTr0: Beam Transmission, WET Labs C-Star [%]
# name 12 = flECO-AFL: Fluorescence, WET Labs ECO-AFL/FL [mg/m^3]
# name 13 = ph: pH
# name 14 = sbeox0ML/L: Oxygen, SBE 43 [ml/l]
# name 15 = sbeox0Mg/L: Oxygen, SBE 43 [mg/l]
# name 16 = sbox0Mm/Kg: Oxygen, SBE 43 [umol/kg]
# name 17 = sbeox0Mm/L: Oxygen, SBE 43 [umol/l]
# name 18 = scan: Scan Count
# name 19 = nbf: Bottles Fired
# name 20 = flag:  0.000e+00
# interval = seconds: 0.0416667
# start_time = Aug 21 2022 23:54:28 [NMEA time, header]
# bad_flag = -9.990e-29
*END*
[from data line 69]
   58.30762 -134.71842    149.482     51.333     50.849     6.1884    31.4686  1024.9781    24.7410     6.1843     53.137    93.6403     0.0288      7.825     3.7416     5.3471    163.066    167.100       6810          2  0.000e+00
   58.30762 -134.71842    149.474     51.325     50.841     6.1885    31.4681  1024.9776    24.7405     6.1844     53.136    93.6403     0.0581      7.825     3.7415     5.3470    163.062    167.097       6811          2  0.000e+00
   58.30762 -134.71842    149.482     51.333     50.849     6.1888    31.4674  1024.9771    24.7400     6.1847     53.135    93.6403     0.0581      7.825     3.7414     5.3469    163.059    167.093       6812          2  0.000e+00
   58.30762 -134.71842    149.474     51.325     50.841     6.1884    31.4677  1024.9773    24.7403     6.1842     53.134    93.6403     0.0581      7.825     3.7414     5.3468    163.057    167.091       6813          2  0.000e+00
   58.30762 -134.71842    149.482     51.333     50.849     6.1883    31.4682  1024.9778    24.7407     6.1842     53.133    93.6403     0.0581      7.825     3.7413     5.3467    163.053    167.087       6814          2  0.000e+00
   58.30762 -134.71842    149.474     51.325     50.841     6.1892    31.4679  1024.9773    24.7403     6.1850     53.132    93.6403     0.0581      7.825     3.7412     5.3465    163.046    167.080       6815          2  0.000e+00
   58.30762 -134.71842    149.482     51.333     50.849     6.1902    31.4680  1024.9774    24.7403     6.1860     53.131    93.6403     0.0581      7.825     3.7410     5.3462    163.039    167.072       6816          2  0.000e+00
   58.30762 -134.71842    149.482     51.333     50.849     6.1909    31.4678  1024.9772    24.7401     6.1867     53.129    93.6403     0.0581      7.825     3.7408     5.3460    163.033    167.066       6817          2  0.000e+00
   58.30762 -134.71842    149.474     51.325     50.841     6.1914    31.4677  1024.9770    24.7399     6.1872     53.128    93.6403     0.0581      7.825     3.7407     5.3459    163.027    167.060       6818          2  0.000e+00
   58.30762 -134.71842    149.482     51.333     50.849     6.1922    31.4673  1024.9766    24.7395     6.1880     53.127    93.6403     0.0581      7.820     3.7406     5.3457    163.021    167.054       6819          2  0.000e+00
   58.30762 -134.71842    149.538     51.389     50.905     6.1924    31.4671  1024.9767    24.7393     6.1882     53.183    93.6403     0.0581      7.825     3.7445     5.3513    163.193    167.231       6820          2  0.000e+00
   58.30762 -134.71842    149.482     51.333     50.849     6.1925    31.4673  1024.9765    24.7395     6.1883     53.131    93.6403     0.0581      7.825     3.7408     5.3460    163.032    167.066       6821          2  0.000e+00
   58.30762 -134.71842    149.474     51.325     50.841     6.1924    31.4675  1024.9767    24.7396     6.1883     53.130    93.8920     0.0581      7.825     3.7407     5.3459    163.028    167.061       6822          2  0.000e+00
   58.30762 -134.71842    149.482     51.333     50.849     6.1922    31.4674  1024.9767    24.7396     6.1880     53.128    94.0598     0.0581      7.825     3.7407     5.3458    163.025    167.058       6823          2  0.000e+00
   58.30762 -134.71842    149.474     51.325     50.841     6.1922    31.4674  1024.9766    24.7396     6.1880     53.184    94.0878     0.0581      7.825     3.7446     5.3514    163.196    167.233       6824          2  0.000e+00
   58.30762 -134.71842    149.482     51.333     50.849     6.1922    31.4678  1024.9770    24.7399     6.1880     53.189    94.0878     0.0581      7.825     3.7449     5.3519    163.211    167.249       6825          2  0.000e+00
   58.30762 -134.71842    149.482     51.333     50.849     6.1925    31.4674  1024.9766    24.7396     6.1884     53.194    94.0598     0.0581      7.825     3.7452     5.3523    163.224    167.262       6826          2  0.000e+00
   58.30762 -134.71842    149.474     51.325     50.841     6.1928    31.4673  1024.9765    24.7394     6.1887     53.141    94.0598     0.0581      7.825     3.7415     5.3470    163.061    167.095       6827          2  0.000e+00
   58.30762 -134.71842    149.482     51.333     50.849     6.1933    31.4664  1024.9757    24.7387     6.1892     53.139    94.0878     0.0581      7.820     3.7413     5.3467    163.053    167.087       6828          2  0.000e+00
   58.30762 -134.71842    149.474     51.325     50.841     6.1935    31.4664  1024.9756    24.7386     6.1893     53.136    94.0878     0.0581      7.825     3.7411     5.3465    163.046    167.080       6829          2  0.000e+00
   58.30762 -134.71842    149.482     51.333     50.849     6.1935    31.4667  1024.9759    24.7389     6.1893     53.134    94.0878     0.0581      7.825     3.7410     5.3462    163.039    167.072       6830          2  0.000e+00
   58.30762 -134.71842    149.538     51.389     50.906     6.1935    31.4670  1024.9764    24.7391     6.1893     53.190    94.0598     0.0581      7.825     3.7449     5.3518    163.208    167.246       6831          2  0.000e+00
   58.30762 -134.71842    149.418     51.268     50.785     6.1938    31.4668  1024.9757    24.7389     6.1897     53.186    94.0878     0.0288      7.825     3.7446     5.3514    163.196    167.233       6832          2  0.000e+00
   58.30762 -134.71842    149.538     51.389     50.906     6.1940    31.4669  1024.9763    24.7389     6.1898     53.133    94.0878     0.0288      7.825     3.7409     5.3461    163.034    167.067       6833          2  0.000e+00
   58.30762 -134.71842    149.418     51.268     50.785     6.1941    31.4673  1024.9760    24.7393     6.1900     53.129    94.0878     0.0288      7.825     3.7406     5.3456    163.021    167.054       6834          2  0.000e+00
   58.30762 -134.71842    149.538     51.389     50.906     6.1941    31.4672  1024.9765    24.7392     6.1900     53.127    94.0878     0.0288      7.825     3.7404     5.3454    163.014    167.047       6835          2  0.000e+00
   58.30762 -134.71842    149.418     51.268     50.785     6.1944    31.4672  1024.9759    24.7391     6.1903     53.123    94.0598     0.0288      7.825     3.7401     5.3450    163.001    167.034       6836          2  0.000e+00
   58.30762 -134.71842    149.482     51.333     50.850     6.1948    31.4671  1024.9761    24.7391     6.1906     53.114    94.0878     0.0288      7.825     3.7394     5.3440    162.971    167.002       6837          2  0.000e+00
   58.30762 -134.71842    119.535     51.325     50.842     6.1948    31.4669  1024.9759    24.7389     6.1906     53.110    94.0878     0.0288      7.825     3.7392     5.3437    162.961    166.992       6838          2  0.000e+00
   58.30744 -134.71844    113.274     14.779     14.642     9.8680    29.1078  1022.4438    22.3765     9.8665     79.063    97.0525     1.2009      8.133     5.1998     7.4311    227.143    232.225       9535          3  0.000e+00
   58.30744 -134.71844    113.074     14.577     14.442     9.8674    29.1087  1022.4436    22.3773     9.8659     79.056    97.0525     1.2009      8.128     5.1994     7.4305    227.125    232.207       9536          3  0.000e+00
   58.30744 -134.71844    113.218     14.723     14.586     9.8679    29.1086  1022.4441    22.3771     9.8663     79.052    97.0525     1.2009      8.133     5.1991     7.4301    227.111    232.193       9537          3  0.000e+00
   58.30744 -134.71844    113.218     14.723     14.586     9.8682    29.1079  1022.4435    22.3765     9.8667     78.996    97.0805     1.2009      8.133     5.1954     7.4248    226.950    232.029       9538          3  0.000e+00
   58.30744 -134.71844    113.162     14.666     14.530     9.8672    29.1088  1022.4442    22.3774     9.8656     79.045    97.0805     1.2009      8.133     5.1987     7.4295    227.094    232.176       9539          3  0.000e+00
   58.30744 -134.71844    113.218     14.723     14.586     9.8659    29.1100  1022.4455    22.3785     9.8643     78.989    97.0805     1.2009      8.133     5.1952     7.4244    226.938    232.017       9540          3  0.000e+00
   58.30744 -134.71844    113.098     14.602     14.466     9.8628    29.1125  1022.4474    22.3809     9.8612     79.037    97.0805     1.2009      8.133     5.1986     7.4293    227.087    232.169       9541          3  0.000e+00
   58.30744 -134.71844    113.186     14.691     14.554     9.8600    29.1147  1022.4500    22.3831     9.8584     79.036    97.0525     1.2009      8.133     5.1988     7.4296    227.095    232.178       9542          3  0.000e+00
   58.30744 -134.71844    113.218     14.723     14.586     9.8575    29.1165  1022.4519    22.3849     9.8560     79.035    97.0525     1.2009      8.133     5.1989     7.4298    227.100    232.184       9543          3  0.000e+00
   58.30744 -134.71844    113.098     14.602     14.466     9.8559    29.1180  1022.4528    22.3863     9.8544     79.031    97.0525     1.1716      8.133     5.1988     7.4296    227.095    232.179       9544          3  0.000e+00
   58.30744 -134.71844    113.218     14.723     14.586     9.8541    29.1193  1022.4546    22.3876     9.8525     78.974    97.0525     1.2009      8.133     5.1952     7.4245    226.938    232.019       9545          3  0.000e+00
   58.30744 -134.71844    113.162     14.666     14.530     9.8531    29.1200  1022.4551    22.3883     9.8516     78.959    97.0805     1.2009      8.133     5.1943     7.4232    226.898    231.978       9546          3  0.000e+00
   58.30744 -134.71844    113.218     14.723     14.586     9.8460    29.1254  1022.4607    22.3936     9.8445     79.006    97.0525     1.2009      8.133     5.1981     7.4286    227.061    232.146       9547          3  0.000e+00
   58.30744 -134.71844    113.186     14.691     14.554     9.8381    29.1320  1022.4669    22.4000     9.8366     79.003    97.0525     1.2009      8.133     5.1985     7.4292    227.079    232.166       9548          3  0.000e+00
   58.30744 -134.71844    113.162     14.666     14.530     9.8364    29.1337  1022.4684    22.4016     9.8348     78.998    97.0525     1.2009      8.133     5.1984     7.4290    227.072    232.158       9549          3  0.000e+00
   58.30744 -134.71844    113.162     14.666     14.530     9.8409    29.1299  1022.4647    22.3979     9.8394     78.992    97.0525     1.2009      8.133     5.1976     7.4279    227.039    232.124       9550          3  0.000e+00
   58.30744 -134.71844    113.162     14.666     14.530     9.8431    29.1280  1022.4629    22.3962     9.8416     78.986    97.0246     1.2009      8.133     5.1970     7.4270    227.013    232.098       9551          3  0.000e+00
   58.30744 -134.71844    113.218     14.723     14.586     9.8423    29.1291  1022.4641    22.3971     9.8407     78.981    96.9966     1.2009      8.133     5.1967     7.4266    227.000    232.084       9552          3  0.000e+00
   58.30744 -134.71844    112.942     14.691     14.554     9.8381    29.1324  1022.4672    22.4003     9.8366     78.980    96.9966     1.2009      8.133     5.1970     7.4270    227.013    232.099       9553          3  0.000e+00
   58.30744 -134.71844    112.430     14.666     14.530     9.8373    29.1332  1022.4679    22.4011     9.8358     78.984    96.9966     1.2009      8.133     5.1974     7.4276    227.029    232.114       9554          3  0.000e+00
   58.30744 -134.71844    112.339     14.723     14.586     9.8451    29.1268  1022.4619    22.3949     9.8435     78.983    96.9966     1.2009      8.128     5.1966     7.4264    226.996    232.080       9555          3  0.000e+00
   58.30744 -134.71844    112.283     14.666     14.530     9.8501    29.1229  1022.4578    22.3911     9.8486     78.980    97.0246     1.2009      8.133     5.1960     7.4256    226.970    232.052       9556          3  0.000e+00
   58.30744 -134.71844    112.363     14.723     14.586     9.8513    29.1218  1022.4571    22.3900     9.8497     78.924    97.0246     1.2009      8.133     5.1922     7.4201    226.804    231.882       9557          3  0.000e+00
   58.30744 -134.71844    112.307     14.666     14.530     9.8516    29.1216  1022.4566    22.3898     9.8501     78.971    96.9966     1.2009      8.133     5.1953     7.4245    226.939    232.020       9558          3  0.000e+00
   58.30744 -134.71844    112.331     14.691     14.554     9.8511    29.1224  1022.4573    22.3905     9.8496     78.970    96.9966     1.2009      8.133     5.1952     7.4244    226.936    232.017       9559          3  0.000e+00
   58.30744 -134.71844    112.388     14.723     14.586     9.8511    29.1220  1022.4572    22.3902     9.8496     78.913    97.0246     1.2009      8.133     5.1914     7.4191    226.773    231.850       9560          3  0.000e+00
   58.30744 -134.71844    112.307     14.667     14.530     9.8511    29.1220  1022.4570    22.3902     9.8496     78.905    96.9966     1.2009      8.133     5.1909     7.4183    226.749    231.826       9561          3  0.000e+00
   58.30744 -134.71844    112.363     14.723     14.586     9.8498    29.1232  1022.4583    22.3913     9.8483     78.898    97.0246     1.2009      8.133     5.1906     7.4179    226.734    231.811       9562          3  0.000e+00
   58.30744 -134.71844    112.364     14.723     14.586     9.8495    29.1236  1022.4587    22.3917     9.8479     78.946    96.9966     1.2009      8.133     5.1938     7.4224    226.873    231.953       9563          3  0.000e+00
   58.30744 -134.71844    112.332     14.691     14.554     9.8459    29.1267  1022.4615    22.3947     9.8443     78.944    96.9966     1.2009      8.133     5.1939     7.4226    226.880    231.961       9564          3  0.000e+00
   58.30744 -134.71844    112.308     14.667     14.530     9.8372    29.1353  1022.4695    22.4027     9.8356     78.892    97.0246     1.2302      8.133     5.1913     7.4188    226.762    231.842       9565          3  0.000e+00
   58.30744 -134.71844    112.364     14.723     14.586     9.8304    29.1427  1022.4766    22.4096     9.8289     78.941    96.9966     1.2888      8.133     5.1950     7.4242    226.924    232.009       9566          3  0.000e+00
   58.30744 -134.71844    112.388     14.723     14.586     9.8212    29.1516  1022.4849    22.4179     9.8197     78.890    97.0246     1.2888      8.133     5.1924     7.4205    226.809    231.893       9567          3  0.000e+00
   58.30744 -134.71844    112.901     14.723     14.586     9.8111    29.1601  1022.4932    22.4262     9.8095     78.939    96.9966     1.2888      8.133     5.1965     7.4263    226.986    232.076       9568          3  0.000e+00
   58.30744 -134.71844    113.162     14.667     14.530     9.8084    29.1611  1022.4941    22.4274     9.8069     78.936    96.9966     1.2888      8.133     5.1966     7.4265    226.990    232.080       9569          3  0.000e+00
   58.30744 -134.71844    113.211     14.691     14.554     9.8125    29.1571  1022.4904    22.4236     9.8110     78.884    96.9966     1.2888      8.133     5.1928     7.4210    226.824    231.911       9570          3  0.000e+00
   58.30744 -134.71844    113.218     14.723     14.586     9.8157    29.1542  1022.4878    22.4208     9.8141     78.881    96.8288     1.2888      8.133     5.1924     7.4204    226.807    231.892       9571          3  0.000e+00
   58.30744 -134.71844    113.218     14.723     14.586     9.8184    29.1513  1022.4852    22.4181     9.8169     78.879    96.6889     1.2888      8.133     5.1920     7.4199    226.791    231.875       9572          3  0.000e+00
   58.30744 -134.71844    113.218     14.723     14.586     9.8209    29.1492  1022.4831    22.4161     9.8194     78.877    96.6610     1.2888      8.133     5.1917     7.4194    226.776    231.859       9573          3  0.000e+00
