EcoFOCI/data/1_SampleCollection/2022_GOA-OA_CruiseData/CTD_raw_BottleFile_RC0083/RC0083_039.cnv
* Sea-Bird SBE 9 Data File:
* FileName = C:\Data\RC0083ctd\RC0083_039.hex
* Software Version Seasave V 7.26.7.107
* Temperature SN = 2060
* Conductivity SN = 1084
* Number of Bytes Per Scan = 31
* Number of Voltage Words = 4
* Number of Scans Averaged by the Deck Unit = 1
* NMEA Latitude = 58 14.18 N
* NMEA Longitude = 135 29.37 W
* NMEA UTC (Time) = Aug 18 2022  12:25:20
* NMEA baud rate = 4800
** Ship: R/V Rachel Carson
** Cruise ID: RC0083
** Tech: McHugh/Nomura
** Chief Scientist: Cross
** Station: ISB
** Cast:  CTD039
# nquan = 19
# nvalues = 19043                                 
# units = specified
# name 0 = latitude: Latitude [deg]
# name 1 = longitude: Longitude [deg]
# name 2 = sfdSM: Seafloor depth [salt water, m]
# name 3 = prDM: Pressure, Digiquartz [db]
# name 4 = depSM: Depth [salt water, m]
# name 5 = t090C: Temperature [ITS-90, deg C]
# name 6 = sal00: Salinity, Practical [PSU]
# name 7 = density00: Density [density, kg/m^3]
# name 8 = sigma-é00: Density [sigma-theta, kg/m^3]
# name 9 = potemp090C: Potential Temperature [ITS-90, deg C]
# name 10 = sbeox0PS: Oxygen, SBE 43 [% saturation]
# name 11 = CStarTr0: Beam Transmission, WET Labs C-Star [%]
# name 12 = flECO-AFL: Fluorescence, WET Labs ECO-AFL/FL [mg/m^3]
# name 13 = ph: pH
# name 14 = sbeox0ML/L: Oxygen, SBE 43 [ml/l]
# name 15 = sbeox0Mg/L: Oxygen, SBE 43 [mg/l]
# name 16 = sbox0Mm/Kg: Oxygen, SBE 43 [umol/kg]
# name 17 = sbeox0Mm/L: Oxygen, SBE 43 [umol/l]
# name 18 = flag:  0.000e+00
# span 0 =   58.23636,   58.23688                 
# span 1 = -135.49362, -135.48946                 
# span 2 =      3.158,    251.890                 
# span 3 =      2.599,    176.506                 
# span 4 =      2.574,    174.793                 
# span 5 =     5.4476,    12.2685                 
# span 6 =    24.5266,    33.1891                 
# span 7 =  1018.4685,  1027.0034                 
# span 8 =    18.4538,    26.1900                 
# span 9 =     5.4338,    12.2681                 
# span 10 =     29.894,    112.176                
# span 11 =    63.1541,    92.8572                
# span 12 =    -0.0591,     4.8053                
# span 13 =      7.678,      8.397                
# span 14 =     2.1175,     7.2180                
# span 15 =     3.0262,    10.3152                
# span 16 =     92.156,    316.386                
# span 17 =     94.569,    322.354                
# span 18 = 0.0000e+00, 0.0000e+00                
# interval = seconds: 0.0416667
# start_time = Aug 18 2022 12:25:20 [NMEA time, header]
# bad_flag = -9.990e-29
*END*
[from data line 10972]
   58.23664 -135.49204    198.859    101.191    100.227     6.2008    32.1680  1025.7584    25.2919     6.1925     41.617    76.4953     0.0581      7.763     2.9160     4.1672    127.016    130.228  0.000e+00
   58.23664 -135.49204    198.891    101.224    100.259     6.2015    32.1672  1025.7578    25.2912     6.1931     41.614    76.4953     0.0581      7.763     2.9158     4.1670    127.007    130.219  0.000e+00
   58.23664 -135.49204    198.859    101.191    100.227     6.2027    32.1661  1025.7566    25.2901     6.1944     41.619    76.4953     0.0581      7.763     2.9160     4.1673    127.018    130.231  0.000e+00
   58.23664 -135.49204    198.891    101.224    100.259     6.2029    32.1657  1025.7564    25.2898     6.1946     41.615    76.4953     0.0581      7.767     2.9158     4.1670    127.008    130.220  0.000e+00
   58.23664 -135.49204    198.923    101.256    100.291     6.2020    32.1673  1025.7579    25.2911     6.1937     41.619    76.4953     0.0581      7.763     2.9161     4.1674    127.022    130.234  0.000e+00
   58.23664 -135.49204    198.891    101.224    100.259     6.2008    32.1689  1025.7592    25.2926     6.1925     41.615    76.4953     0.0581      7.763     2.9159     4.1670    127.010    130.222  0.000e+00
   58.23664 -135.49204    198.859    101.191    100.227     6.1993    32.1709  1025.7608    25.2943     6.1910     41.618    76.4953     0.0581      7.767     2.9161     4.1674    127.021    130.234  0.000e+00
   58.23664 -135.49204    198.948    101.280    100.315     6.1984    32.1718  1025.7620    25.2951     6.1901     41.613    76.4953     0.0581      7.763     2.9158     4.1670    127.008    130.220  0.000e+00
   58.23664 -135.49204    198.859    101.191    100.227     6.1984    32.1720  1025.7618    25.2953     6.1901     41.663    76.4953     0.0581      7.763     2.9193     4.1720    127.160    130.377  0.000e+00
   58.23664 -135.49204    198.923    101.280    100.315     6.1989    32.1712  1025.7615    25.2946     6.1906     41.607    76.4953     0.0581      7.767     2.9154     4.1664    126.990    130.202  0.000e+00
   58.23664 -135.49204    198.923    101.256    100.291     6.1997    32.1699  1025.7602    25.2934     6.1914     41.599    76.4953     0.0581      7.763     2.9148     4.1655    126.964    130.175  0.000e+00
   58.23664 -135.49204    198.891    101.224    100.259     6.2002    32.1695  1025.7597    25.2931     6.1919     41.599    76.4953     0.0581      7.763     2.9147     4.1655    126.961    130.172  0.000e+00
   58.23664 -135.49204    198.923    101.256    100.291     6.2005    32.1690  1025.7595    25.2927     6.1922     41.655    76.4953     0.0288      7.767     2.9187     4.1711    127.132    130.348  0.000e+00
   58.23664 -135.49204    198.891    101.224    100.259     6.2007    32.1690  1025.7593    25.2926     6.1924     41.661    76.4674     0.0288      7.767     2.9191     4.1717    127.151    130.367  0.000e+00
   58.23664 -135.49204    198.923    101.256    100.291     6.2007    32.1687  1025.7592    25.2924     6.1923     41.667    76.4953     0.0288      7.767     2.9195     4.1723    127.170    130.386  0.000e+00
   58.23664 -135.49204    198.891    101.224    100.259     6.2010    32.1684  1025.7588    25.2922     6.1927     41.672    76.4953     0.0288      7.767     2.9199     4.1728    127.184    130.401  0.000e+00
   58.23664 -135.49204    198.923    101.256    100.291     6.2015    32.1681  1025.7586    25.2918     6.1931     41.677    76.4953     0.0288      7.763     2.9202     4.1732    127.198    130.415  0.000e+00
   58.23664 -135.49204    198.947    101.280    100.315     6.2017    32.1674  1025.7582    25.2913     6.1933     41.681    76.4953     0.0288      7.767     2.9204     4.1736    127.210    130.427  0.000e+00
   58.23664 -135.49204    198.923    101.256    100.291     6.2010    32.1686  1025.7591    25.2923     6.1927     41.684    76.4953     0.0288      7.767     2.9207     4.1740    127.221    130.438  0.000e+00
   58.23664 -135.49204    198.947    101.280    100.315     6.2009    32.1689  1025.7594    25.2925     6.1926     41.687    76.4953     0.0288      7.763     2.9209     4.1742    127.229    130.447  0.000e+00
   58.23664 -135.49204    198.923    101.256    100.291     6.2008    32.1690  1025.7594    25.2926     6.1925     41.689    76.4953     0.0288      7.767     2.9210     4.1744    127.235    130.453  0.000e+00
   58.23664 -135.49204    198.947    101.280    100.315     6.2004    32.1696  1025.7601    25.2931     6.1921     41.690    76.4953     0.0288      7.767     2.9211     4.1746    127.240    130.458  0.000e+00
   58.23664 -135.49204    198.859    101.191    100.227     6.2001    32.1700  1025.7600    25.2935     6.1918     41.690    76.4953     0.0288      7.767     2.9212     4.1747    127.241    130.460  0.000e+00
   58.23664 -135.49204    199.068    101.401    100.435     6.1992    32.1705  1025.7615    25.2940     6.1909     41.692    76.4953     0.0288      7.767     2.9213     4.1748    127.247    130.466  0.000e+00
   58.23664 -135.49204    198.923    101.256    100.291     6.1993    32.1708  1025.7611    25.2943     6.1910     41.747    76.4953     0.0288      7.767     2.9252     4.1804    127.415    130.638  0.000e+00
   58.23664 -135.49204    198.947    101.280    100.315     6.1999    32.1698  1025.7603    25.2934     6.1915     41.753    76.4953     0.0288      7.767     2.9256     4.1810    127.434    130.657  0.000e+00
   58.23664 -135.49204    198.979    101.312    100.347     6.2007    32.1688  1025.7595    25.2925     6.1924     41.758    76.4953     0.0288      7.767     2.9259     4.1814    127.448    130.672  0.000e+00
   58.23664 -135.49204    198.947    101.280    100.315     6.2012    32.1681  1025.7588    25.2919     6.1928     41.763    76.4953     0.0288      7.767     2.9262     4.1818    127.460    130.684  0.000e+00
   58.23664 -135.49204    198.979    101.312    100.347     6.2014    32.1678  1025.7587    25.2916     6.1931     41.766    76.4953     0.0288      7.767     2.9264     4.1821    127.470    130.694  0.000e+00
   58.23664 -135.49204    198.947    101.280    100.315     6.2008    32.1690  1025.7596    25.2927     6.1925     41.776    76.4953     0.0288      7.767     2.9272     4.1832    127.502    130.727  0.000e+00
   58.23664 -135.49204    198.979    101.312    100.347     6.2005    32.1693  1025.7600    25.2929     6.1922     41.778    76.4953     0.0288      7.767     2.9273     4.1834    127.508    130.733  0.000e+00
   58.23664 -135.49204    198.891    101.223    100.259     6.2000    32.1698  1025.7600    25.2934     6.1916     41.778    76.4953     0.0288      7.767     2.9273     4.1835    127.510    130.735  0.000e+00
   58.23664 -135.49204    198.979    101.312    100.347     6.1999    32.1700  1025.7606    25.2936     6.1915     41.779    76.4953     0.0581      7.767     2.9274     4.1835    127.511    130.736  0.000e+00
   58.23664 -135.49204    199.011    101.345    100.379     6.2000    32.1700  1025.7608    25.2935     6.1916     41.777    76.4674     0.0581      7.767     2.9273     4.1834    127.507    130.732  0.000e+00
   58.23664 -135.49204    198.923    101.256    100.291     6.2000    32.1698  1025.7602    25.2934     6.1917     41.775    76.4953     0.0581      7.767     2.9271     4.1831    127.499    130.723  0.000e+00
   58.23664 -135.49204    198.947    101.280    100.315     6.2002    32.1701  1025.7605    25.2936     6.1919     41.780    76.6072     0.0581      7.767     2.9274     4.1836    127.513    130.738  0.000e+00
   58.23664 -135.49204    198.979    101.312    100.347     6.2002    32.1696  1025.7602    25.2932     6.1918     41.776    76.6631     0.0581      7.767     2.9272     4.1832    127.502    130.727  0.000e+00
   58.23664 -135.49204    199.011    101.345    100.379     6.2006    32.1691  1025.7599    25.2927     6.1923     41.779    76.6631     0.0581      7.763     2.9274     4.1835    127.512    130.737  0.000e+00
   58.23664 -135.49204    198.979    101.312    100.347     6.2005    32.1696  1025.7602    25.2932     6.1922     41.782    76.6631     0.0581      7.767     2.9275     4.1838    127.519    130.744  0.000e+00
   58.23664 -135.49204    198.947    101.280    100.315     6.2001    32.1698  1025.7602    25.2933     6.1918     41.784    76.6631     0.0581      7.767     2.9277     4.1840    127.526    130.751  0.000e+00
   58.23664 -135.49204    198.979    101.312    100.347     6.2004    32.1694  1025.7600    25.2930     6.1920     41.785    76.6631     0.0581      7.767     2.9278     4.1841    127.530    130.755  0.000e+00
   58.23664 -135.49204    198.979    101.312    100.347     6.1999    32.1703  1025.7608    25.2937     6.1915     41.786    76.6631     0.0581      7.767     2.9279     4.1842    127.533    130.758  0.000e+00
   58.23664 -135.49204    199.011    101.345    100.379     6.2004    32.1693  1025.7601    25.2929     6.1920     41.786    76.6631     0.0581      7.767     2.9279     4.1842    127.532    130.758  0.000e+00
   58.23664 -135.49204    198.923    101.256    100.291     6.2016    32.1678  1025.7584    25.2916     6.1933     41.841    76.6631     0.0581      7.767     2.9317     4.1897    127.699    130.929  0.000e+00
   58.23664 -135.49204    199.011    101.345    100.379     6.2020    32.1672  1025.7583    25.2911     6.1937     41.840    76.6631     0.0581      7.767     2.9316     4.1895    127.694    130.923  0.000e+00
   58.23664 -135.49204    198.979    101.312    100.347     6.2024    32.1667  1025.7577    25.2906     6.1941     41.844    76.6631     0.0581      7.767     2.9319     4.1899    127.708    130.937  0.000e+00
   58.23664 -135.49204    198.947    101.280    100.315     6.2027    32.1661  1025.7570    25.2901     6.1944     41.848    76.6631     0.0581      7.767     2.9321     4.1903    127.719    130.949  0.000e+00
   58.23664 -135.49204    198.979    101.312    100.347     6.2031    32.1657  1025.7568    25.2898     6.1947     41.851    76.6631     0.0581      7.767     2.9323     4.1906    127.727    130.957  0.000e+00
   58.23664 -135.49204    198.947    101.280    100.315     6.2033    32.1657  1025.7566    25.2897     6.1950     41.853    76.6631     0.0581      7.767     2.9324     4.1907    127.732    130.962  0.000e+00
   58.23664 -135.49204    198.979    101.312    100.347     6.2034    32.1659  1025.7569    25.2898     6.1951     41.854    76.6631     0.0581      7.767     2.9325     4.1908    127.735    130.965  0.000e+00
   58.23664 -135.49204    198.947    101.280    100.315     6.2036    32.1652  1025.7562    25.2893     6.1952     41.854    76.6631     0.0581      7.767     2.9325     4.1908    127.735    130.965  0.000e+00
   58.23664 -135.49204    198.923    101.256    100.291     6.2036    32.1653  1025.7562    25.2894     6.1953     41.853    76.6631     0.0581      7.767     2.9324     4.1907    127.731    130.961  0.000e+00
   58.23664 -135.49204    199.011    101.345    100.379     6.2037    32.1654  1025.7566    25.2894     6.1954     41.851    76.6631     0.0581      7.767     2.9323     4.1905    127.726    130.956  0.000e+00
   58.23664 -135.49204    198.923    101.256    100.291     6.2038    32.1653  1025.7562    25.2894     6.1954     41.848    76.6631     0.0581      7.767     2.9320     4.1902    127.715    130.945  0.000e+00
   58.23664 -135.49204    199.011    101.345    100.379     6.2045    32.1642  1025.7556    25.2884     6.1961     41.844    76.6631     0.0581      7.767     2.9318     4.1898    127.704    130.933  0.000e+00
   58.23664 -135.49204    198.923    101.256    100.291     6.2048    32.1642  1025.7552    25.2884     6.1964     41.839    76.6631     0.0581      7.767     2.9314     4.1892    127.686    130.915  0.000e+00
   58.23664 -135.49204    198.947    101.280    100.315     6.2053    32.1633  1025.7545    25.2876     6.1969     41.833    76.6631     0.0581      7.767     2.9309     4.1886    127.668    130.896  0.000e+00
   58.23664 -135.49204    198.979    101.312    100.347     6.2057    32.1626  1025.7541    25.2870     6.1974     41.835    76.6631     0.0581      7.767     2.9310     4.1887    127.671    130.900  0.000e+00
   58.23664 -135.49204    198.947    101.280    100.315     6.2064    32.1620  1025.7533    25.2864     6.1981     41.827    76.6631     0.0581      7.767     2.9305     4.1879    127.646    130.874  0.000e+00
   58.23664 -135.49204    198.979    101.312    100.347     6.2071    32.1609  1025.7525    25.2855     6.1987     41.818    76.6631     0.0581      7.767     2.9298     4.1870    127.620    130.847  0.000e+00
   58.23664 -135.49204    198.947    101.280    100.315     6.2069    32.1614  1025.7528    25.2859     6.1985     41.809    76.6631     0.0581      7.767     2.9292     4.1861    127.591    130.817  0.000e+00
   58.23664 -135.49204    198.923    101.256    100.291     6.2071    32.1609  1025.7523    25.2855     6.1987     41.806    76.6352     0.0581      7.767     2.9290     4.1858    127.583    130.809  0.000e+00
   58.23664 -135.49204    198.947    101.280    100.315     6.2070    32.1609  1025.7523    25.2854     6.1987     41.804    76.6631     0.0581      7.767     2.9288     4.1856    127.575    130.800  0.000e+00
   58.23664 -135.49204    198.979    101.312    100.347     6.2072    32.1611  1025.7526    25.2856     6.1989     41.800    76.6352     0.0581      7.767     2.9285     4.1852    127.563    130.789  0.000e+00
   58.23664 -135.49204    198.891    101.223    100.259     6.2069    32.1616  1025.7527    25.2861     6.1985     41.795    76.6631     0.0581      7.767     2.9282     4.1847    127.550    130.775  0.000e+00
   58.23664 -135.49204    198.979    101.312    100.347     6.2066    32.1616  1025.7531    25.2861     6.1982     41.791    76.6352     0.0581      7.767     2.9279     4.1843    127.537    130.762  0.000e+00
   58.23664 -135.49204    198.947    101.280    100.315     6.2066    32.1618  1025.7531    25.2862     6.1982     41.785    76.6631     0.0581      7.767     2.9275     4.1837    127.519    130.744  0.000e+00
   58.23664 -135.49204    198.923    101.256    100.291     6.2064    32.1618  1025.7531    25.2863     6.1980     41.722    76.6631     0.0581      7.767     2.9231     4.1775    127.328    130.547  0.000e+00
   58.23664 -135.49204    198.947    101.280    100.315     6.2061    32.1624  1025.7536    25.2867     6.1978     41.765    76.6631     0.0581      7.767     2.9261     4.1817    127.457    130.680  0.000e+00
   58.23664 -135.49204    198.923    101.256    100.291     6.2064    32.1621  1025.7533    25.2865     6.1980     41.757    76.6631     0.0581      7.767     2.9256     4.1810    127.435    130.657  0.000e+00
   58.23664 -135.49204    198.947    101.280    100.315     6.2064    32.1615  1025.7530    25.2861     6.1981     41.750    76.6631     0.0581      7.767     2.9251     4.1802    127.411    130.633  0.000e+00
   58.23664 -135.49204    198.923    101.256    100.291     6.2064    32.1621  1025.7533    25.2865     6.1980     41.741    76.6631     0.0581      7.767     2.9245     4.1793    127.385    130.606  0.000e+00
   58.23664 -135.49204    198.947    101.280    100.315     6.2064    32.1618  1025.7532    25.2863     6.1981     41.732    76.6631     0.0581      7.767     2.9238     4.1784    127.357    130.578  0.000e+00
   58.23664 -135.49204    198.923    101.256    100.291     6.2054    32.1631  1025.7542    25.2874     6.1971     41.730    76.6631     0.0581      7.767     2.9237     4.1783    127.354    130.575  0.000e+00
   58.23664 -135.49204    198.891    101.223    100.259     6.2053    32.1634  1025.7543    25.2876     6.1969     41.728    76.6631     0.0581      7.767     2.9236     4.1781    127.348    130.568  0.000e+00
