EcoFOCI/data/1_SampleCollection/2022_GOA-OA_CruiseData/CTD_raw_BottleFile_RC0083/RC0083_026.ros
* Sea-Bird SBE 9 Data File:
* FileName = C:\Data\RC0083ctd\RC0083_026.hex
* Software Version Seasave V 7.26.7.107
* Temperature SN = 2060
* Conductivity SN = 1084
* Number of Bytes Per Scan = 31
* Number of Voltage Words = 4
* Number of Scans Averaged by the Deck Unit = 1
* NMEA Latitude = 59 19.14 N
* NMEA Longitude = 135 22.97 W
* NMEA UTC (Time) = Aug 17 2022  16:53:25
* NMEA baud rate = 4800
** Ship: R/V Rachel Carson
** Cruise ID: RC0083
** Tech: McHugh/Nomura
** Chief Scientist: Cross
** Station: LC05
** Cast:  CTD026
# nquan = 21
# nvalues = 392                                   
# units = specified
# name 0 = latitude: Latitude [deg]
# name 1 = longitude: Longitude [deg]
# name 2 = sfdSM: Seafloor depth [salt water, m]
# name 3 = prDM: Pressure, Digiquartz [db]
# name 4 = depSM: Depth [salt water, m]
# name 5 = t090C: Temperature [ITS-90, deg C]
# name 6 = sal00: Salinity, Practical [PSU]
# name 7 = density00: Density [density, kg/m^3]
# name 8 = sigma-é00: Density [sigma-theta, kg/m^3]
# name 9 = potemp090C: Potential Temperature [ITS-90, deg C]
# name 10 = sbeox0PS: Oxygen, SBE 43 [% saturation]
# name 11 = CStarTr0: Beam Transmission, WET Labs C-Star [%]
# name 12 = flECO-AFL: Fluorescence, WET Labs ECO-AFL/FL [mg/m^3]
# name 13 = ph: pH
# name 14 = sbeox0ML/L: Oxygen, SBE 43 [ml/l]
# name 15 = sbeox0Mg/L: Oxygen, SBE 43 [mg/l]
# name 16 = sbox0Mm/Kg: Oxygen, SBE 43 [umol/kg]
# name 17 = sbeox0Mm/L: Oxygen, SBE 43 [umol/l]
# name 18 = scan: Scan Count
# name 19 = nbf: Bottles Fired
# name 20 = flag:  0.000e+00
# interval = seconds: 0.0416667
# start_time = Aug 17 2022 16:53:25 [NMEA time, header]
# bad_flag = -9.990e-29
*END*
[from data line 207]
   59.32844 -135.38140    142.117     43.900     43.484     5.3769    30.9013  1024.5907    24.3868     5.3737     71.714    96.2974    -0.0591      7.866     5.1668     7.3839    225.257    230.750      39195          5  0.000e+00
   59.32844 -135.38140    142.165     43.949     43.532     5.3760    30.9017  1024.5914    24.3873     5.3728     71.659    96.2974    -0.0591      7.866     5.1630     7.3784    225.090    230.579      39196          5  0.000e+00
   59.32844 -135.38140    142.109     43.892     43.476     5.3753    30.9027  1024.5920    24.3881     5.3721     71.653    96.2974    -0.0591      7.866     5.1626     7.3778    225.071    230.560      39197          5  0.000e+00
   59.32844 -135.38140    142.173     43.957     43.540     5.3741    30.9028  1024.5925    24.3884     5.3709     71.704    96.2974    -0.0591      7.866     5.1664     7.3833    225.238    230.731      39198          5  0.000e+00
   59.32844 -135.38140    142.165     43.949     43.532     5.3710    30.9041  1024.5938    24.3897     5.3678     71.706    96.2974    -0.0591      7.866     5.1669     7.3840    225.258    230.752      39199          5  0.000e+00
   59.32844 -135.38140    142.173     43.957     43.540     5.3660    30.9063  1024.5962    24.3921     5.3628     71.708    96.2974    -0.0591      7.866     5.1675     7.3849    225.287    230.783      39200          5  0.000e+00
   59.32844 -135.38140    142.165     43.949     43.532     5.3628    30.9073  1024.5973    24.3932     5.3596     71.652    96.2974    -0.0591      7.866     5.1639     7.3798    225.129    230.621      39201          5  0.000e+00
   59.32844 -135.38140    142.285     44.070     43.652     5.3619    30.9074  1024.5980    24.3933     5.3586     71.703    96.2974    -0.0591      7.866     5.1677     7.3851    225.293    230.789      39202          5  0.000e+00
   59.32844 -135.38140    142.229     44.014     43.596     5.3600    30.9077  1024.5982    24.3938     5.3567     71.703    96.2974    -0.0591      7.866     5.1679     7.3855    225.303    230.799      39203          5  0.000e+00
   59.32844 -135.38140    142.285     44.070     43.652     5.3563    30.9089  1024.5998    24.3952     5.3531     71.648    96.2974    -0.0591      7.866     5.1643     7.3803    225.147    230.639      39204          5  0.000e+00
   59.32844 -135.38140    142.285     44.070     43.652     5.3511    30.9108  1024.6019    24.3972     5.3478     71.641    96.2974    -0.0591      7.866     5.1644     7.3805    225.150    230.643      39205          5  0.000e+00
   59.32844 -135.38140    142.293     44.078     43.660     5.3474    30.9121  1024.6034    24.3987     5.3442     71.634    96.2974    -0.0591      7.866     5.1643     7.3803    225.144    230.637      39206          5  0.000e+00
   59.32844 -135.38140    142.341     44.127     43.708     5.3457    30.9123  1024.6040    24.3990     5.3424     71.626    96.2974    -0.0591      7.866     5.1640     7.3799    225.131    230.624      39207          5  0.000e+00
   59.32844 -135.38140    142.293     44.078     43.660     5.3424    30.9145  1024.6058    24.4011     5.3392     71.619    96.2974    -0.0591      7.866     5.1638     7.3795    225.120    230.613      39208          5  0.000e+00
   59.32844 -135.38140    142.341     44.127     43.709     5.3403    30.9154  1024.6070    24.4020     5.3370     71.611    96.1575    -0.0591      7.866     5.1635     7.3791    225.107    230.600      39209          5  0.000e+00
   59.32844 -135.38140    142.405     44.192     43.773     5.3395    30.9154  1024.6074    24.4021     5.3362     71.604    95.9897    -0.0591      7.866     5.1630     7.3785    225.089    230.581      39210          5  0.000e+00
   59.32844 -135.38140    142.413     44.200     43.781     5.3385    30.9161  1024.6081    24.4028     5.3353     71.596    95.9617    -0.0591      7.866     5.1626     7.3778    225.068    230.560      39211          5  0.000e+00
   59.32844 -135.38140    142.405     44.192     43.773     5.3362    30.9178  1024.6096    24.4044     5.3330     71.589    95.9617    -0.0591      7.866     5.1622     7.3774    225.053    230.546      39212          5  0.000e+00
   59.32844 -135.38140    142.405     44.192     43.773     5.3341    30.9191  1024.6109    24.4057     5.3308     71.581    95.9617    -0.0591      7.866     5.1619     7.3769    225.039    230.531      39213          5  0.000e+00
   59.32844 -135.38140    142.469     44.256     43.837     5.3329    30.9201  1024.6122    24.4066     5.3297     71.582    95.9617    -0.0591      7.866     5.1621     7.3772    225.047    230.540      39214          5  0.000e+00
   59.32844 -135.38140    142.517     44.305     43.885     5.3321    30.9205  1024.6128    24.4070     5.3289     71.575    95.9617    -0.0591      7.866     5.1617     7.3766    225.028    230.521      39215          5  0.000e+00
   59.32844 -135.38140    142.469     44.256     43.837     5.3313    30.9205  1024.6127    24.4071     5.3281     71.567    95.9617    -0.0591      7.866     5.1612     7.3759    225.008    230.499      39216          5  0.000e+00
   59.32844 -135.38140    142.517     44.305     43.885     5.3308    30.9209  1024.6132    24.4074     5.3276     71.560    95.9617    -0.0591      7.866     5.1607     7.3752    224.987    230.478      39217          5  0.000e+00
   59.32844 -135.38140    142.517     44.305     43.885     5.3310    30.9204  1024.6128    24.4070     5.3278     71.552    95.9617    -0.0591      7.866     5.1602     7.3744    224.963    230.453      39218          5  0.000e+00
   59.32844 -135.38140    142.525     44.313     43.893     5.3308    30.9209  1024.6132    24.4074     5.3276     71.545    95.9617    -0.0591      7.866     5.1596     7.3736    224.939    230.429      39219          5  0.000e+00
   59.32844 -135.38140    142.557     44.369     43.949     5.3300    30.9217  1024.6142    24.4082     5.3268     71.490    95.9617    -0.0591      7.866     5.1557     7.3680    224.768    230.254      39220          5  0.000e+00
   59.32844 -135.38140    142.589     44.378     43.957     5.3300    30.9211  1024.6138    24.4077     5.3268     71.483    95.9617    -0.0591      7.866     5.1553     7.3674    224.748    230.234      39221          5  0.000e+00
   59.32844 -135.38140    142.517     44.305     43.885     5.3300    30.9211  1024.6135    24.4077     5.3268     71.476    95.9617    -0.0591      7.866     5.1548     7.3667    224.727    230.212      39222          5  0.000e+00
   59.32844 -135.38140    142.637     44.426     44.005     5.3302    30.9210  1024.6139    24.4076     5.3270     71.529    95.9617    -0.0591      7.866     5.1585     7.3721    224.891    230.380      39223          5  0.000e+00
   59.32844 -135.38140    142.645     44.434     44.013     5.3300    30.9211  1024.6141    24.4077     5.3268     71.523    95.9617    -0.0591      7.866     5.1582     7.3715    224.875    230.364      39224          5  0.000e+00
   59.32844 -135.38140    142.581     44.370     43.949     5.3299    30.9215  1024.6141    24.4080     5.3267     71.517    95.9617    -0.0591      7.866     5.1577     7.3709    224.857    230.345      39225          5  0.000e+00
   59.32844 -135.38140    142.693     44.483     44.061     5.3303    30.9209  1024.6141    24.4075     5.3271     71.513    95.9617    -0.0591      7.866     5.1574     7.3704    224.841    230.329      39226          5  0.000e+00
   59.32844 -135.38140    142.645     44.434     44.013     5.3308    30.9208  1024.6137    24.4073     5.3276     71.515    95.9617    -0.0591      7.866     5.1575     7.3706    224.847    230.335      39227          5  0.000e+00
   59.32844 -135.38140    142.693     44.483     44.061     5.3303    30.9211  1024.6143    24.4077     5.3271     71.463    95.9617    -0.0591      7.866     5.1538     7.3652    224.683    230.167      39228          5  0.000e+00
   59.32844 -135.38140    142.701     44.491     44.069     5.3299    30.9213  1024.6145    24.4079     5.3267     71.459    95.9617    -0.0591      7.866     5.1535     7.3649    224.673    230.157      39229          5  0.000e+00
   59.32844 -135.38140    142.758     44.547     44.125     5.3300    30.9213  1024.6148    24.4078     5.3268     71.456    95.9897    -0.0591      7.866     5.1533     7.3646    224.663    230.147      39230          5  0.000e+00
   59.32844 -135.38140    142.758     44.547     44.125     5.3300    30.9211  1024.6146    24.4077     5.3268     71.397    95.9897    -0.0591      7.866     5.1490     7.3585    224.477    229.956      39231          5  0.000e+00
   59.32844 -135.38140    142.766     44.556     44.133     5.3286    30.9220  1024.6155    24.4086     5.3253     71.387    95.9897    -0.0591      7.866     5.1485     7.3577    224.454    229.932      39232          5  0.000e+00
   59.32912 -135.38112    123.243     24.845     24.611     7.2027    29.6730  1023.3145    23.2000     7.2006     82.028    95.7380    -0.0005      8.043     5.7083     8.1578    249.154    254.934      41719          6  0.000e+00
   59.32912 -135.38112    123.243     24.845     24.611     7.2028    29.6729  1023.3144    23.1999     7.2007     82.027    95.7380    -0.0005      8.043     5.7083     8.1577    249.151    254.931      41720          6  0.000e+00
   59.32912 -135.38112    123.187     24.788     24.555     7.2030    29.6725  1023.3138    23.1995     7.2009     82.026    95.7380    -0.0005      8.043     5.7082     8.1576    249.149    254.929      41721          6  0.000e+00
   59.32912 -135.38112    123.299     24.902     24.667     7.2031    29.6729  1023.3146    23.1998     7.2010     82.028    95.7380    -0.0005      8.043     5.7083     8.1578    249.153    254.934      41722          6  0.000e+00
   59.32912 -135.38112    123.187     24.788     24.555     7.2035    29.6726  1023.3138    23.1995     7.2014     82.029    95.7380    -0.0005      8.043     5.7083     8.1578    249.154    254.934      41723          6  0.000e+00
   59.32912 -135.38112    123.243     24.845     24.611     7.2039    29.6723  1023.3138    23.1993     7.2018     82.032    95.7380    -0.0005      8.038     5.7085     8.1580    249.162    254.942      41724          6  0.000e+00
   59.32912 -135.38112    123.187     24.789     24.555     7.2041    29.6722  1023.3134    23.1992     7.2020     82.035    95.7380    -0.0005      8.043     5.7087     8.1583    249.170    254.950      41725          6  0.000e+00
   59.32912 -135.38112    123.243     24.845     24.611     7.2046    29.6719  1023.3133    23.1988     7.2025     82.040    95.7380    -0.0005      8.043     5.7090     8.1587    249.183    254.964      41726          6  0.000e+00
   59.32912 -135.38112    123.243     24.845     24.611     7.2046    29.6720  1023.3134    23.1989     7.2025     82.038    95.7380    -0.0005      8.043     5.7088     8.1585    249.176    254.957      41727          6  0.000e+00
   59.32912 -135.38112    123.243     24.845     24.611     7.2048    29.6717  1023.3132    23.1987     7.2027     82.036    95.7380    -0.0005      8.043     5.7087     8.1583    249.171    254.952      41728          6  0.000e+00
   59.32912 -135.38112    123.243     24.845     24.611     7.2046    29.6720  1023.3134    23.1989     7.2025     82.035    95.7380    -0.0005      8.043     5.7087     8.1583    249.169    254.949      41729          6  0.000e+00
   59.32912 -135.38112    123.299     24.902     24.667     7.2048    29.6713  1023.3131    23.1984     7.2026     82.036    95.7380    -0.0005      8.043     5.7087     8.1583    249.170    254.950      41730          6  0.000e+00
   59.32912 -135.38112    123.243     24.845     24.611     7.2049    29.6715  1023.3131    23.1986     7.2027     81.980    95.7380    -0.0005      8.043     5.7048     8.1527    249.000    254.776      41731          6  0.000e+00
   59.32912 -135.38112    123.299     24.902     24.667     7.2051    29.6714  1023.3132    23.1984     7.2029     82.030    95.7380    -0.0005      8.043     5.7083     8.1577    249.151    254.930      41732          6  0.000e+00
   59.32912 -135.38112    123.299     24.902     24.667     7.2049    29.6715  1023.3133    23.1985     7.2028     82.032    95.7380    -0.0005      8.043     5.7084     8.1579    249.157    254.937      41733          6  0.000e+00
   59.32912 -135.38112    123.363     24.966     24.731     7.2046    29.6717  1023.3138    23.1987     7.2025     82.035    95.7380     0.0288      8.043     5.7086     8.1582    249.168    254.948      41734          6  0.000e+00
   59.32912 -135.38112    123.363     24.966     24.731     7.2044    29.6720  1023.3140    23.1990     7.2023     82.038    95.7380     0.0288      8.043     5.7089     8.1586    249.178    254.958      41735          6  0.000e+00
   59.32912 -135.38112    123.419     25.023     24.787     7.2044    29.6719  1023.3142    23.1989     7.2023     82.042    95.5702     0.0288      8.043     5.7092     8.1590    249.191    254.972      41736          6  0.000e+00
   59.32912 -135.38112    123.419     25.023     24.787     7.2040    29.6722  1023.3145    23.1992     7.2019     82.047    95.4863     0.0288      8.043     5.7095     8.1595    249.206    254.987      41737          6  0.000e+00
   59.32912 -135.38112    123.475     25.080     24.843     7.2041    29.6725  1023.3150    23.1994     7.2020     82.052    95.4863     0.0288      8.043     5.7099     8.1600    249.221    255.003      41738          6  0.000e+00
   59.32912 -135.38112    123.475     25.080     24.843     7.2039    29.6724  1023.3149    23.1993     7.2018     82.057    95.4863     0.0288      8.043     5.7103     8.1606    249.239    255.021      41739          6  0.000e+00
   59.32912 -135.38112    123.539     25.144     24.907     7.2039    29.6725  1023.3153    23.1995     7.2018     82.064    95.4863     0.0288      8.043     5.7107     8.1612    249.259    255.042      41740          6  0.000e+00
   59.32912 -135.38112    123.539     25.144     24.907     7.2039    29.6723  1023.3152    23.1993     7.2018     82.071    95.5142     0.0288      8.043     5.7112     8.1619    249.280    255.063      41741          6  0.000e+00
   59.32912 -135.38112    123.596     25.201     24.963     7.2039    29.6726  1023.3157    23.1995     7.2018     82.079    95.4863     0.0288      8.043     5.7118     8.1627    249.303    255.087      41742          6  0.000e+00
   59.32912 -135.38112    123.596     25.201     24.963     7.2038    29.6727  1023.3157    23.1996     7.2016     82.087    95.4863     0.0288      8.043     5.7123     8.1635    249.328    255.112      41743          6  0.000e+00
   59.32912 -135.38112    123.716     25.322     25.083     7.2036    29.6728  1023.3164    23.1997     7.2015     82.041    95.4863     0.0288      8.043     5.7092     8.1590    249.190    254.971      41744          6  0.000e+00
   59.32912 -135.38112    123.660     25.266     25.027     7.2038    29.6728  1023.3161    23.1997     7.2016     82.042    95.4863     0.0288      8.043     5.7092     8.1591    249.193    254.975      41745          6  0.000e+00
   59.32914 -135.38110    123.836     25.443     25.203     7.2035    29.6726  1023.3168    23.1996     7.2013     82.040    95.5142     0.0288      8.043     5.7091     8.1589    249.187    254.968      41746          6  0.000e+00
   59.32914 -135.38110    123.836     25.443     25.203     7.2035    29.6729  1023.3170    23.1998     7.2013     82.099    95.4863     0.0288      8.043     5.7132     8.1647    249.367    255.152      41747          6  0.000e+00
   59.32914 -135.38110    123.836     25.443     25.203     7.2033    29.6730  1023.3172    23.1999     7.2011     82.103    95.4863     0.0288      8.043     5.7135     8.1652    249.380    255.165      41748          6  0.000e+00
