EcoFOCI/data/1_SampleCollection/2022_GOA-OA_CruiseData/CTD_raw_BottleFile_RC0083/RC0083_111.cnv
* Sea-Bird SBE 9 Data File:
* FileName = C:\Data\RC0083ctd\RC0083_111.hex
* Software Version Seasave V 7.26.7.107
* Temperature SN = 2060
* Conductivity SN = 2881
* Number of Bytes Per Scan = 31
* Number of Voltage Words = 4
* Number of Scans Averaged by the Deck Unit = 1
* NMEA Latitude = 56 20.56 N
* NMEA Longitude = 133 42.66 W
* NMEA UTC (Time) = Aug 23 2022  09:44:35
* NMEA baud rate = 4800
** Ship: R/V Rachel Carson
** Cruise ID: RC0083
** Tech: McHugh/Nomura
** Chief Scientist: Cross
** Station: USS2
** Cast:  CTD111
# nquan = 19
# nvalues = 13376                                 
# units = specified
# name 0 = latitude: Latitude [deg]
# name 1 = longitude: Longitude [deg]
# name 2 = sfdSM: Seafloor depth [salt water, m]
# name 3 = prDM: Pressure, Digiquartz [db]
# name 4 = depSM: Depth [salt water, m]
# name 5 = t090C: Temperature [ITS-90, deg C]
# name 6 = sal00: Salinity, Practical [PSU]
# name 7 = density00: Density [density, kg/m^3]
# name 8 = sigma-é00: Density [sigma-theta, kg/m^3]
# name 9 = potemp090C: Potential Temperature [ITS-90, deg C]
# name 10 = sbeox0PS: Oxygen, SBE 43 [% saturation]
# name 11 = CStarTr0: Beam Transmission, WET Labs C-Star [%]
# name 12 = flECO-AFL: Fluorescence, WET Labs ECO-AFL/FL [mg/m^3]
# name 13 = ph: pH
# name 14 = sbeox0ML/L: Oxygen, SBE 43 [ml/l]
# name 15 = sbeox0Mg/L: Oxygen, SBE 43 [mg/l]
# name 16 = sbox0Mm/Kg: Oxygen, SBE 43 [umol/kg]
# name 17 = sbeox0Mm/L: Oxygen, SBE 43 [umol/l]
# name 18 = flag:  0.000e+00
# span 0 =   56.34004,   56.34266                 
# span 1 = -133.71654, -133.71096                 
# span 2 =      2.100,    223.329                 
# span 3 =      1.739,    187.817                 
# span 4 =      1.724,    186.018                 
# span 5 =     6.8514,     9.4232                 
# span 6 =    29.7833,    32.8361                 
# span 7 =  1022.9806,  1026.5952                 
# span 8 =    22.9723,    25.7365                 
# span 9 =     6.8348,     9.4230                 
# span 10 =     40.821,     73.475                
# span 11 =    83.7673,   100.0732                
# span 12 =    -0.0005,     8.4390                
# span 13 =      7.794,      8.088                
# span 14 =     2.8037,     4.8708                
# span 15 =     4.0067,     6.9608                
# span 16 =    122.073,    212.598                
# span 17 =    125.211,    217.528                
# span 18 = 0.0000e+00, 0.0000e+00                
# interval = seconds: 0.0416667
# start_time = Aug 23 2022 09:44:35 [NMEA time, header]
# bad_flag = -9.990e-29
*END*
[from data line 8381]
   56.34086 -133.71492    197.989    151.713    150.273     7.0808    32.5921  1026.2086    25.5133     7.0671     42.650    99.6536     0.0581      7.808     2.9199     4.1728    127.158    130.402  0.000e+00
   56.34086 -133.71494    198.038    151.761    150.321     7.0806    32.5922  1026.2090    25.5135     7.0669     42.654    99.6536     0.0581      7.808     2.9201     4.1731    127.168    130.413  0.000e+00
   56.34086 -133.71494    197.999    151.648    150.209     7.0805    32.5924  1026.2086    25.5137     7.0668     42.649    99.6536     0.0581      7.808     2.9198     4.1727    127.155    130.399  0.000e+00
   56.34086 -133.71494    198.136    151.713    150.273     7.0801    32.5929  1026.2094    25.5141     7.0665     42.652    99.6536     0.0581      7.808     2.9201     4.1730    127.165    130.409  0.000e+00
   56.34086 -133.71494    198.072    151.648    150.209     7.0800    32.5932  1026.2093    25.5144     7.0663     42.655    99.6536     0.0581      7.808     2.9202     4.1733    127.172    130.417  0.000e+00
   56.34086 -133.71494    198.080    151.656    150.217     7.0803    32.5925  1026.2087    25.5137     7.0666     42.651    99.6536     0.0581      7.808     2.9199     4.1729    127.160    130.404  0.000e+00
   56.34086 -133.71494    198.072    151.648    150.209     7.0801    32.5927  1026.2089    25.5139     7.0665     42.646    99.6536     0.0581      7.808     2.9196     4.1725    127.147    130.391  0.000e+00
   56.34086 -133.71494    197.935    151.535    150.096     7.0801    32.5930  1026.2086    25.5142     7.0665     42.641    99.6536     0.0581      7.808     2.9193     4.1719    127.131    130.375  0.000e+00
   56.34086 -133.71494    197.983    151.583    150.144     7.0800    32.5932  1026.2091    25.5144     7.0663     42.636    99.6536     0.0581      7.808     2.9190     4.1715    127.118    130.361  0.000e+00
   56.34086 -133.71494    197.935    151.535    150.096     7.0801    32.5927  1026.2084    25.5139     7.0665     42.638    99.6536     0.0581      7.808     2.9191     4.1716    127.122    130.365  0.000e+00
   56.34086 -133.71494    197.927    151.527    150.088     7.0801    32.5927  1026.2084    25.5140     7.0665     42.639    99.6536     0.0581      7.808     2.9192     4.1718    127.126    130.370  0.000e+00
   56.34086 -133.71494    197.928    151.478    150.040     7.0801    32.5928  1026.2082    25.5140     7.0665     42.641    99.6816     0.0581      7.808     2.9193     4.1719    127.130    130.374  0.000e+00
   56.34086 -133.71494    198.132    151.462    150.024     7.0805    32.5925  1026.2078    25.5137     7.0668     42.642    99.6816     0.0581      7.808     2.9193     4.1720    127.134    130.378  0.000e+00
   56.34086 -133.71494    198.245    151.478    150.040     7.0808    32.5920  1026.2075    25.5133     7.0671     42.579    99.6816     0.0581      7.808     2.9150     4.1659    126.947    130.186  0.000e+00
   56.34086 -133.71494    198.173    151.405    149.968     7.0806    32.5916  1026.2069    25.5130     7.0670     42.625    99.6816     0.0581      7.808     2.9182     4.1704    127.083    130.326  0.000e+00
   56.34086 -133.71494    198.173    151.405    149.968     7.0811    32.5909  1026.2063    25.5124     7.0675     42.619    99.6816     0.0581      7.808     2.9178     4.1698    127.066    130.308  0.000e+00
   56.34086 -133.71494    198.255    151.413    149.976     7.0813    32.5913  1026.2065    25.5126     7.0676     42.678    99.6816     0.0581      7.808     2.9218     4.1755    127.240    130.487  0.000e+00
   56.34086 -133.71494    198.361    151.349    149.912     7.0818    32.5910  1026.2060    25.5124     7.0681     42.685    99.6816     0.0581      7.808     2.9222     4.1762    127.260    130.507  0.000e+00
   56.34086 -133.71494    198.443    151.357    149.920     7.0822    32.5901  1026.2052    25.5116     7.0685     42.635    99.6816     0.0581      7.808     2.9188     4.1712    127.109    130.352  0.000e+00
   56.34086 -133.71494    198.371    151.284    149.848     7.0834    32.5886  1026.2036    25.5103     7.0698     42.635    99.6816     0.0581      7.808     2.9187     4.1711    127.107    130.349  0.000e+00
   56.34086 -133.71494    198.443    151.357    149.920     7.0842    32.5880  1026.2033    25.5097     7.0705     42.635    99.6816     0.0581      7.808     2.9187     4.1712    127.108    130.350  0.000e+00
   56.34086 -133.71494    198.468    151.284    149.848     7.0842    32.5878  1026.2029    25.5096     7.0705     42.636    99.6816     0.0581      7.808     2.9187     4.1712    127.108    130.351  0.000e+00
   56.34086 -133.71494    198.542    151.235    149.800     7.0839    32.5881  1026.2028    25.5098     7.0703     42.636    99.6816     0.0581      7.808     2.9188     4.1712    127.110    130.352  0.000e+00
   56.34086 -133.71494    198.639    151.284    149.848     7.0837    32.5885  1026.2034    25.5102     7.0700     42.637    99.6816     0.0581      7.808     2.9188     4.1713    127.113    130.355  0.000e+00
   56.34086 -133.71494    198.591    151.235    149.800     7.0845    32.5875  1026.2023    25.5093     7.0709     42.637    99.6816     0.0581      7.808     2.9188     4.1713    127.112    130.354  0.000e+00
   56.34086 -133.71494    198.559    151.227    149.792     7.0857    32.5861  1026.2010    25.5079     7.0721     42.637    99.6816     0.0581      7.808     2.9188     4.1712    127.111    130.353  0.000e+00
   56.34086 -133.71494    198.584    151.179    149.744     7.0868    32.5850  1026.1998    25.5070     7.0732     42.637    99.6816     0.0581      7.808     2.9187     4.1712    127.109    130.351  0.000e+00
   56.34086 -133.71494    198.617    151.162    149.728     7.0875    32.5844  1026.1991    25.5064     7.0739     42.638    99.6816     0.0581      7.808     2.9187     4.1712    127.109    130.351  0.000e+00
   56.34086 -133.71494    198.537    151.057    149.624     7.0872    32.5847  1026.1989    25.5067     7.0736     42.638    99.6816     0.0581      7.808     2.9187     4.1712    127.109    130.351  0.000e+00
   56.34086 -133.71494    198.705    151.227    149.792     7.0865    32.5856  1026.2005    25.5075     7.0728     42.633    99.6816     0.0581      7.808     2.9184     4.1707    127.095    130.337  0.000e+00
   56.34086 -133.71494    198.585    151.106    149.672     7.0866    32.5856  1026.1999    25.5075     7.0730     42.632    99.6816     0.0581      7.808     2.9184     4.1707    127.093    130.335  0.000e+00
   56.34086 -133.71494    198.610    151.057    149.624     7.0863    32.5856  1026.1998    25.5075     7.0727     42.632    99.7096     0.0581      7.808     2.9184     4.1707    127.094    130.336  0.000e+00
   56.34086 -133.71494    198.683    151.106    149.672     7.0862    32.5858  1026.2001    25.5077     7.0726     42.626    99.7096     0.0581      7.808     2.9180     4.1701    127.076    130.317  0.000e+00
   56.34086 -133.71494    198.635    151.057    149.624     7.0857    32.5867  1026.2007    25.5085     7.0720     42.619    99.7096     0.0581      7.808     2.9175     4.1694    127.056    130.297  0.000e+00
   56.34086 -133.71494    198.627    151.049    149.616     7.0850    32.5872  1026.2012    25.5090     7.0713     42.619    99.7096     0.0581      7.808     2.9175     4.1695    127.056    130.297  0.000e+00
   56.34086 -133.71494    198.595    150.992    149.559     7.0853    32.5870  1026.2007    25.5088     7.0717     42.676    99.7096     0.0581      7.808     2.9214     4.1750    127.225    130.471  0.000e+00
   56.34086 -133.71494    198.611    150.984    149.551     7.0862    32.5855  1026.1994    25.5074     7.0726     42.682    99.7096     0.0581      7.808     2.9218     4.1755    127.242    130.487  0.000e+00
   56.34086 -133.71494    198.644    150.993    149.559     7.0866    32.5853  1026.1992    25.5072     7.0730     42.694    99.7096     0.0581      7.808     2.9226     4.1767    127.278    130.525  0.000e+00
   56.34086 -133.71494    198.580    150.928    149.495     7.0874    32.5843  1026.1980    25.5063     7.0738     42.699    99.7096     0.0581      7.808     2.9230     4.1772    127.292    130.539  0.000e+00
   56.34086 -133.71494    198.588    150.936    149.503     7.0877    32.5840  1026.1977    25.5061     7.0740     42.705    99.7096     0.0581      7.808     2.9233     4.1777    127.308    130.555  0.000e+00
   56.34086 -133.71494    198.564    150.863    149.431     7.0879    32.5840  1026.1973    25.5060     7.0743     42.710    99.7096     0.0581      7.808     2.9236     4.1782    127.322    130.569  0.000e+00
   56.34086 -133.71494    198.685    150.936    149.503     7.0884    32.5837  1026.1974    25.5057     7.0748     42.657    99.7096     0.0581      7.808     2.9200     4.1730    127.165    130.408  0.000e+00
   56.34086 -133.71494    198.638    150.863    149.431     7.0879    32.5839  1026.1973    25.5059     7.0743     42.655    99.7096     0.0581      7.808     2.9199     4.1728    127.160    130.403  0.000e+00
   56.34086 -133.71494    198.589    150.814    149.383     7.0874    32.5846  1026.1977    25.5066     7.0738     42.653    99.7096     0.0581      7.808     2.9198     4.1727    127.155    130.399  0.000e+00
   56.34086 -133.71494    198.581    150.806    149.375     7.0867    32.5853  1026.1983    25.5072     7.0731     42.594    99.7096     0.0581      7.808     2.9158     4.1669    126.980    130.219  0.000e+00
   56.34086 -133.71494    198.631    150.758    149.327     7.0865    32.5857  1026.1985    25.5076     7.0729     42.586    99.7096     0.0581      7.808     2.9152     4.1662    126.956    130.194  0.000e+00
   56.34086 -133.71494    198.745    150.750    149.319     7.0864    32.5857  1026.1984    25.5076     7.0728     42.578    99.7096     0.0581      7.808     2.9147     4.1654    126.934    130.171  0.000e+00
   56.34086 -133.71494    198.738    150.693    149.263     7.0872    32.5850  1026.1975    25.5069     7.0736     42.628    99.7096     0.0874      7.808     2.9181     4.1702    127.081    130.322  0.000e+00
   56.34086 -133.71494    198.770    150.750    149.319     7.0884    32.5835  1026.1964    25.5056     7.0748     42.621    99.7096     0.0874      7.808     2.9175     4.1694    127.056    130.297  0.000e+00
   56.34084 -133.71496    198.649    150.628    149.199     7.0892    32.5827  1026.1951    25.5048     7.0756     42.619    99.7096     0.0874      7.808     2.9174     4.1692    127.049    130.289  0.000e+00
   56.34084 -133.71496    198.811    150.693    149.263     7.0901    32.5811  1026.1940    25.5035     7.0765     42.618    99.7096     0.0874      7.808     2.9173     4.1691    127.046    130.286  0.000e+00
   56.34084 -133.71496    198.732    150.563    149.135     7.0904    32.5806  1026.1930    25.5030     7.0768     42.616    99.7096     0.0874      7.808     2.9171     4.1689    127.040    130.279  0.000e+00
   56.34084 -133.71496    198.772    150.580    149.151     7.0904    32.5809  1026.1933    25.5033     7.0768     42.615    99.7376     0.0874      7.808     2.9171     4.1688    127.037    130.276  0.000e+00
   56.34084 -133.71496    198.700    150.507    149.079     7.0901    32.5813  1026.1933    25.5036     7.0765     42.614    99.7376     0.0874      7.808     2.9170     4.1687    127.033    130.272  0.000e+00
   56.34084 -133.71496    198.708    150.515    149.087     7.0896    32.5820  1026.1940    25.5042     7.0760     42.671    99.7096     0.0874      7.808     2.9209     4.1742    127.202    130.446  0.000e+00
   56.34084 -133.71496    198.871    150.507    149.079     7.0890    32.5826  1026.1945    25.5048     7.0754     42.618    99.7376     0.0874      7.808     2.9173     4.1691    127.047    130.287  0.000e+00
   56.34084 -133.71496    198.881    150.394    148.966     7.0883    32.5836  1026.1949    25.5057     7.0747     42.616    99.7096     0.0874      7.808     2.9172     4.1690    127.042    130.283  0.000e+00
   56.34084 -133.71496    198.873    150.385    148.958     7.0875    32.5844  1026.1955    25.5064     7.0740     42.615    99.7376     0.0874      7.808     2.9172     4.1689    127.040    130.280  0.000e+00
   56.34084 -133.71496    198.881    150.394    148.966     7.0867    32.5851  1026.1963    25.5071     7.0732     42.614    99.7376     0.0874      7.808     2.9171     4.1688    127.038    130.278  0.000e+00
   56.34084 -133.71496    198.817    150.329    148.902     7.0863    32.5857  1026.1965    25.5076     7.0728     42.612    99.7376     0.0874      7.808     2.9170     4.1687    127.034    130.274  0.000e+00
   56.34084 -133.71496    198.874    150.337    148.910     7.0861    32.5861  1026.1969    25.5079     7.0725     42.611    99.7376     0.0874      7.808     2.9169     4.1686    127.030    130.270  0.000e+00
   56.34084 -133.71496    198.770    150.207    148.782     7.0857    32.5863  1026.1965    25.5082     7.0721     42.609    99.7096     0.0874      7.808     2.9168     4.1684    127.025    130.265  0.000e+00
   56.34084 -133.71496    198.722    150.159    148.734     7.0855    32.5867  1026.1966    25.5085     7.0719     42.600    99.7376     0.0874      7.808     2.9163     4.1676    127.000    130.240  0.000e+00
   56.34084 -133.71496    198.834    150.272    148.846     7.0852    32.5870  1026.1974    25.5087     7.0716     42.599    99.7376     0.0874      7.808     2.9162     4.1675    126.998    130.238  0.000e+00
   56.34084 -133.71496    198.771    150.159    148.734     7.0853    32.5869  1026.1968    25.5086     7.0718     42.597    99.7376     0.0874      7.808     2.9160     4.1673    126.991    130.230  0.000e+00
   56.34084 -133.71496    198.821    150.086    148.662     7.0855    32.5865  1026.1961    25.5083     7.0719     42.602    99.7376     0.0874      7.808     2.9164     4.1678    127.005    130.245  0.000e+00
   56.34084 -133.71496    198.797    150.037    148.614     7.0858    32.5862  1026.1956    25.5080     7.0723     42.607    99.7096     0.0874      7.808     2.9167     4.1682    127.020    130.260  0.000e+00
   56.34084 -133.71496    198.789    150.029    148.606     7.0861    32.5859  1026.1953    25.5077     7.0726     42.606    99.7376     0.0874      7.808     2.9166     4.1681    127.016    130.255  0.000e+00
   56.34084 -133.71496    198.741    149.981    148.558     7.0863    32.5857  1026.1949    25.5076     7.0728     42.604    99.7376     0.0874      7.808     2.9165     4.1680    127.011    130.251  0.000e+00
   56.34084 -133.71496    198.693    149.908    148.485     7.0864    32.5857  1026.1945    25.5075     7.0729     42.603    99.7376     0.0874      7.808     2.9164     4.1678    127.006    130.246  0.000e+00
   56.34084 -133.71496    198.774    149.916    148.493     7.0870    32.5847  1026.1938    25.5067     7.0734     42.602    99.7096     0.0874      7.808     2.9163     4.1677    127.002    130.242  0.000e+00
   56.34084 -133.71496    198.766    149.908    148.485     7.0870    32.5849  1026.1939    25.5069     7.0735     42.601    99.7376     0.0874      7.808     2.9162     4.1676    126.999    130.238  0.000e+00
   56.34084 -133.71496    198.598    149.738    148.317     7.0867    32.5854  1026.1935    25.5073     7.0732     42.599    99.7376     0.0874      7.808     2.9161     4.1674    126.993    130.232  0.000e+00
   56.34084 -133.71496    198.646    149.786    148.365     7.0873    32.5846  1026.1930    25.5066     7.0738     42.598    99.7376     0.0874      7.808     2.9160     4.1673    126.990    130.229  0.000e+00
   56.34084 -133.71496    198.647    149.738    148.317     7.0874    32.5843  1026.1925    25.5063     7.0739     42.596    99.7376     0.0874      7.808     2.9159     4.1671    126.986    130.224  0.000e+00
   56.34084 -133.71496    198.656    149.673    148.253     7.0873    32.5843  1026.1923    25.5063     7.0738     42.653    99.7376     0.0874      7.808     2.9198     4.1726    127.153    130.396  0.000e+00
