EcoFOCI/data/1_SampleCollection/2022_GOA-OA_CruiseData/CTD_raw_BottleFile_RC0083/RC0083_126.cnv
* Sea-Bird SBE 9 Data File:
* FileName = C:\Data\RC0083ctd\RC0083_126.hex
* Software Version Seasave V 7.26.7.107
* Temperature SN = 2060
* Conductivity SN = 2881
* Number of Bytes Per Scan = 31
* Number of Voltage Words = 4
* Number of Scans Averaged by the Deck Unit = 1
* NMEA Latitude = 56 59.78 N
* NMEA Longitude = 134 31.21 W
* NMEA UTC (Time) = Aug 24 2022  03:35:11
* NMEA baud rate = 4800
** Ship: R/V Rachel Carson
** Cruise ID: RC0083
** Tech: McHugh/Nomura
** Chief Scientist: Cross
** Station: FSW5
** Cast:  CTD126
# nquan = 19
# nvalues = 4613                                  
# units = specified
# name 0 = latitude: Latitude [deg]
# name 1 = longitude: Longitude [deg]
# name 2 = sfdSM: Seafloor depth [salt water, m]
# name 3 = prDM: Pressure, Digiquartz [db]
# name 4 = depSM: Depth [salt water, m]
# name 5 = t090C: Temperature [ITS-90, deg C]
# name 6 = sal00: Salinity, Practical [PSU]
# name 7 = density00: Density [density, kg/m^3]
# name 8 = sigma-é00: Density [sigma-theta, kg/m^3]
# name 9 = potemp090C: Potential Temperature [ITS-90, deg C]
# name 10 = sbeox0PS: Oxygen, SBE 43 [% saturation]
# name 11 = CStarTr0: Beam Transmission, WET Labs C-Star [%]
# name 12 = flECO-AFL: Fluorescence, WET Labs ECO-AFL/FL [mg/m^3]
# name 13 = ph: pH
# name 14 = sbeox0ML/L: Oxygen, SBE 43 [ml/l]
# name 15 = sbeox0Mg/L: Oxygen, SBE 43 [mg/l]
# name 16 = sbox0Mm/Kg: Oxygen, SBE 43 [umol/kg]
# name 17 = sbeox0Mm/L: Oxygen, SBE 43 [umol/l]
# name 18 = flag:  0.000e+00
# span 0 =   56.99638,   56.99690                 
# span 1 = -134.52022, -134.51960                 
# span 2 =      8.555,     58.120                 
# span 3 =      2.390,     46.040                 
# span 4 =      2.368,     45.612                 
# span 5 =     7.8510,    11.8635                 
# span 6 =    25.4002,    30.8866                 
# span 7 =  1019.3713,  1024.2775                 
# span 8 =    19.3437,    24.0665                 
# span 9 =     7.8468,    11.8631                 
# span 10 =     58.583,    101.492                
# span 11 =    92.4097,   103.2616                
# span 12 =     0.2339,     3.6918                
# span 13 =      7.945,      8.333                
# span 14 =     3.9846,     6.5372                
# span 15 =     5.6945,     9.3424                
# span 16 =    173.775,    286.063                
# span 17 =    177.954,    291.953                
# span 18 = 0.0000e+00, 0.0000e+00                
# interval = seconds: 0.0416667
# start_time = Aug 24 2022 03:35:11 [NMEA time, header]
# bad_flag = -9.990e-29
*END*
[from data line 3810]
   56.99682 -134.51974     55.751     13.704     13.577     9.2236    28.2092  1021.8364    21.7737     9.2222     77.049   100.1011     1.4647      8.126     5.1702     7.3887    225.980    230.901  0.000e+00
   56.99682 -134.51974     55.695     13.647     13.521     9.2739    28.1598  1021.7901    21.7277     9.2725     77.091   100.1011     1.4647      8.126     5.1689     7.3869    225.934    230.843  0.000e+00
   56.99682 -134.51974     55.631     13.582     13.457     9.2853    28.1500  1021.7804    21.7184     9.2840     77.145   100.1011     1.4647      8.126     5.1715     7.3906    226.050    230.959  0.000e+00
   56.99682 -134.51974     55.663     13.615     13.489     9.2770    28.1586  1021.7886    21.7263     9.2757     77.207   100.1011     1.4647      8.126     5.1763     7.3975    226.259    231.175  0.000e+00
   56.99684 -134.51974     55.575     13.526     13.401     9.2742    28.1636  1021.7924    21.7306     9.2729     77.264   100.1011     1.4647      8.130     5.1803     7.4032    226.432    231.352  0.000e+00
   56.99684 -134.51974     55.575     13.526     13.401     9.2750    28.1680  1021.7958    21.7339     9.2737     77.324   100.1011     1.4647      8.130     5.1841     7.4086    226.596    231.521  0.000e+00
   56.99684 -134.51974     55.487     13.437     13.313     9.2765    28.1726  1021.7987    21.7373     9.2752     77.435   100.1011     1.4647      8.130     5.1912     7.4187    226.906    231.839  0.000e+00
   56.99684 -134.51974     55.575     13.526     13.401     9.2953    28.1555  1021.7830    21.7212     9.2939     77.441   100.1011     1.4647      8.130     5.1900     7.4170    226.858    231.786  0.000e+00
   56.99684 -134.51974     50.675     13.461     13.337     9.3248    28.1290  1021.7576    21.6960     9.3234     77.441   100.1011     1.4647      8.130     5.1874     7.4134    226.751    231.671  0.000e+00
   56.99684 -134.51974     41.870     13.348     13.225     9.3593    28.1073  1021.7350    21.6740     9.3580     77.546   100.1011     1.4647      8.130     5.1913     7.4188    226.923    231.842  0.000e+00
   56.99684 -134.51974     39.281     13.372     13.249     9.3902    28.0919  1021.7185    21.6574     9.3889     77.607   100.1011     1.4647      8.130     5.1923     7.4203    226.971    231.886  0.000e+00
   56.99684 -134.51974     39.364     13.283     13.161     9.4105    28.0826  1021.7078    21.6471     9.4092     77.672   100.0452     1.4647      8.135     5.1945     7.4235    227.072    231.988  0.000e+00
   56.99684 -134.51974     39.730     13.283     13.161     9.4131    28.0820  1021.7069    21.6462     9.4118     77.793    99.9613     1.4647      8.135     5.2024     7.4347    227.415    232.338  0.000e+00
   56.99684 -134.51974     39.772     13.227     13.105     9.4164    28.0808  1021.7052    21.6448     9.4151     77.866    99.9333     1.4647      8.135     5.2069     7.4412    227.613    232.540  0.000e+00
   56.99684 -134.51974     39.715     13.195     13.073     9.4275    28.0738  1021.6979    21.6376     9.4262     77.933    99.9333     1.4647      8.135     5.2104     7.4461    227.766    232.694  0.000e+00
   56.99684 -134.51974     39.691     13.170     13.049     9.4354    28.0732  1021.6961    21.6360     9.4340     78.059    99.9333     1.4647      8.135     5.2179     7.4568    228.095    233.030  0.000e+00
   56.99684 -134.51974     39.627     13.106     12.985     9.4417    28.0780  1021.6987    21.6388     9.4404     78.136    99.9613     1.4647      8.139     5.2221     7.4629    228.280    233.220  0.000e+00
   56.99684 -134.51974     39.627     13.106     12.985     9.4499    28.0741  1021.6944    21.6345     9.4486     78.271    99.9613     1.4647      8.139     5.2303     7.4746    228.638    233.585  0.000e+00
   56.99684 -134.51974     39.539     13.017     12.897     9.4552    28.0663  1021.6871    21.6277     9.4539     78.357    99.9613     1.4940      8.139     5.2357     7.4823    228.875    233.825  0.000e+00
   56.99684 -134.51974     39.507     12.985     12.865     9.4615    28.0673  1021.6868    21.6275     9.4601     78.444    99.9613     1.6112      8.139     5.2408     7.4896    229.098    234.053  0.000e+00
   56.99684 -134.51974     39.427     12.928     12.809     9.4604    28.0815  1021.6978    21.6387     9.4591     78.590    99.9613     1.6991      8.139     5.2501     7.5030    229.505    234.471  0.000e+00
   56.99684 -134.51974     39.451     12.928     12.809     9.4728    28.0778  1021.6930    21.6340     9.4714     78.679    99.9613     1.7284      8.144     5.2548     7.5096    229.708    234.677  0.000e+00
   56.99684 -134.51974     32.696     12.839     12.721     9.4856    28.0736  1021.6874    21.6288     9.4843     78.767    99.9613     1.6991      8.144     5.2593     7.5161    229.908    234.881  0.000e+00
   56.99684 -134.51974     24.240     12.807     12.689     9.4640    28.1057  1021.7155    21.6571     9.4627     78.915    99.9613     1.6991      8.144     5.2706     7.5322    230.396    235.386  0.000e+00
   56.99684 -134.51974     22.083     12.750     12.633     9.4349    28.1438  1021.7494    21.6911     9.4336     79.009    99.9613     1.6991      8.144     5.2790     7.5443    230.757    235.762  0.000e+00
   56.99684 -134.51974     22.320     12.694     12.577     9.4358    28.1531  1021.7563    21.6983     9.4346     79.152    99.9613     1.6991      8.149     5.2882     7.5573    231.153    236.169  0.000e+00
   56.99684 -134.51974     22.686     12.718     12.601     9.4291    28.1620  1021.7643    21.7063     9.4278     79.303    99.9613     1.6991      8.149     5.2987     7.5724    231.614    236.641  0.000e+00
   56.99684 -134.51974     22.615     12.573     12.457     9.3993    28.1838  1021.7851    21.7277     9.3981     79.463    99.9333     1.6991      8.149     5.3122     7.5917    232.199    237.244  0.000e+00
   56.99684 -134.51974     22.615     12.573     12.457     9.3659    28.2053  1021.8069    21.7495     9.3647     79.626    99.9613     1.6991      8.149     5.3263     7.6118    232.809    237.873  0.000e+00
   56.99684 -134.51974     22.559     12.540     12.425     9.3212    28.2358  1021.8372    21.7799     9.3200     79.851    99.9333     1.6991      8.154     5.3456     7.6395    233.647    238.736  0.000e+00
   56.99684 -134.51974     22.471     12.451     12.337     9.2781    28.2685  1021.8688    21.8119     9.2769     79.974    99.9333     1.6991      8.154     5.3579     7.6570    234.177    239.285  0.000e+00
   56.99684 -134.51974     22.471     12.451     12.337     9.2514    28.2915  1021.8907    21.8338     9.2502     80.087    99.7655     1.6991      8.154     5.3679     7.6713    234.608    239.730  0.000e+00
   56.99684 -134.51974     22.351     12.330     12.217     9.2179    28.3281  1021.9237    21.8674     9.2167     80.255    99.1222     1.6991      8.154     5.3819     7.6912    235.211    240.354  0.000e+00
   56.99684 -134.51974     22.383     12.363     12.249     9.1828    28.3738  1021.9647    21.9082     9.1816     80.373    98.8985     1.6991      8.159     5.3924     7.7063    235.663    240.826  0.000e+00
   56.99684 -134.51974     22.295     12.274     12.161     9.1641    28.3975  1021.9856    21.9295     9.1629     80.533    98.8985     1.6991      8.159     5.4046     7.7238    236.191    241.371  0.000e+00
   56.99684 -134.51974     22.231     12.209     12.097     9.1576    28.4022  1021.9900    21.9341     9.1564     80.694    98.9265     1.6991      8.159     5.4160     7.7401    236.688    241.880  0.000e+00
   56.99684 -134.51974     22.207     12.185     12.073     9.1411    28.4205  1022.0066    21.9508     9.1399     80.855    98.9265     1.6991      8.160     5.4282     7.7575    237.217    242.424  0.000e+00
   56.99684 -134.51974     24.805     12.096     11.985     9.1166    28.4497  1022.0326    21.9773     9.1154     81.020    98.9265     1.6991      8.164     5.4413     7.7761    237.781    243.007  0.000e+00
   56.99684 -134.51974     46.173     12.096     11.985     9.1098    28.4608  1022.0422    21.9869     9.1086     81.184    98.9265     1.6991      8.164     5.4527     7.7924    238.278    243.517  0.000e+00
   56.99684 -134.51974     56.480     11.975     11.864     9.1084    28.4634  1022.0440    21.9892     9.1072     81.291    98.9265     1.6405      8.164     5.4600     7.8029    238.597    243.843  0.000e+00
   56.99684 -134.51974     57.456     11.999     11.888     9.1104    28.4609  1022.0418    21.9869     9.1092     81.451    98.9265     1.6405      8.164     5.4706     7.8180    239.060    244.316  0.000e+00
   56.99684 -134.51974     56.409     11.854     11.744     9.1192    28.4562  1022.0361    21.9819     9.1180     81.609    98.9265     1.6112      8.164     5.4803     7.8319    239.485    244.750  0.000e+00
   56.99684 -134.51974     55.993     11.854     11.744     9.1674    28.4258  1022.0053    21.9511     9.1662     81.759    98.9265     1.6112      8.164     5.4855     7.8393    239.720    244.982  0.000e+00
   56.99684 -134.51974     55.905     11.765     11.656     9.2568    28.3592  1021.9396    21.8858     9.2556     81.890    98.9265     1.6405      8.164     5.4857     7.8396    239.745    244.992  0.000e+00
   56.99684 -134.51974     55.866     11.676     11.568     9.4193    28.2357  1021.8185    21.7652     9.4182     82.001    98.9265     1.6405      8.168     5.4776     7.8280    239.417    244.628  0.000e+00
   56.99684 -134.51974     55.891     11.676     11.568     9.5538    28.1349  1021.7196    21.6663     9.5526     82.060    98.9265     1.6112      8.167     5.4687     7.8153    239.052    244.231  0.000e+00
   56.99684 -134.51974     55.891     11.676     11.568     9.7169    28.0128  1021.5996    21.5463     9.7157     82.160    98.9265     1.6405      8.167     5.4599     7.8027    238.696    243.839  0.000e+00
   56.99684 -134.51974     55.883     11.644     11.536     9.7468    27.9956  1021.5814    21.5283     9.7456     82.300    98.9265     1.6405      8.167     5.4661     7.8117    238.973    244.118  0.000e+00
   56.99684 -134.51974     55.964     11.676     11.568     9.7470    28.0001  1021.5851    21.5318     9.7458     82.393    98.9265     1.6405      8.167     5.4722     7.8203    239.236    244.387  0.000e+00
   56.99684 -134.51974     55.932     11.619     11.512     9.7406    28.0067  1021.5909    21.5379     9.7394     82.482    98.9265     1.6405      8.167     5.4786     7.8295    239.517    244.675  0.000e+00
   56.99684 -134.51974     55.900     11.587     11.480     9.6872    28.0475  1021.6307    21.5778     9.6860     82.636    98.9265     1.6112      8.167     5.4939     7.8513    240.175    245.357  0.000e+00
   56.99684 -134.51972     55.868     11.555     11.448     9.6203    28.0973  1021.6796    21.6269     9.6191     82.793    98.8705     1.6405      8.167     5.5108     7.8754    240.901    246.111  0.000e+00
   56.99684 -134.51972     55.861     11.498     11.392     9.5752    28.1277  1021.7099    21.6574     9.5741     82.944    98.4510     1.6405      8.167     5.5252     7.8961    241.526    246.757  0.000e+00
   56.99684 -134.51972     55.934     11.498     11.392     9.5614    28.1332  1021.7163    21.6638     9.5602     83.029    98.2272     1.6405      8.167     5.5324     7.9064    241.839    247.079  0.000e+00
   56.99684 -134.51972     55.902     11.466     11.360     9.6094    28.0929  1021.6774    21.6251     9.6082     83.089    98.2272     1.6405      8.167     5.5319     7.9057    241.827    247.057  0.000e+00
   56.99684 -134.51972     55.934     11.498     11.392     9.6237    28.0788  1021.6644    21.6119     9.6226     83.159    98.2272     1.6405      8.167     5.5354     7.9106    241.980    247.210  0.000e+00
   56.99684 -134.51972     55.878     11.442     11.336     9.6613    28.0502  1021.6362    21.5839     9.6601     83.210    98.2272     1.6405      8.167     5.5351     7.9102    241.976    247.198  0.000e+00
   56.99684 -134.51972     55.846     11.409     11.304     9.7050    28.0193  1021.6052    21.5531     9.7038     83.302    98.2552     1.6405      8.167     5.5370     7.9129    242.065    247.282  0.000e+00
   56.99684 -134.51972     55.814     11.377     11.272     9.7567    27.9815  1021.5677    21.5158     9.7555     83.396    98.2552     1.6405      8.167     5.5382     7.9147    242.129    247.338  0.000e+00
   56.99684 -134.51972     55.814     11.377     11.272     9.8426    27.9167  1021.5040    21.4521     9.8414     83.479    98.2552     1.5819      8.166     5.5355     7.9108    242.025    247.216  0.000e+00
   56.99684 -134.51972     55.662     11.223     11.120     9.8912    27.8803  1021.4674    21.4162     9.8900     83.570    98.2552     1.4647      8.166     5.5369     7.9128    242.094    247.279  0.000e+00
   56.99684 -134.51972     55.814     11.377     11.272     9.8953    27.8781  1021.4658    21.4139     9.8941     83.628    98.2272     1.4647      8.166     5.5403     7.9176    242.242    247.429  0.000e+00
   56.99684 -134.51972     55.694     11.256     11.152     9.8709    27.8960  1021.4829    21.4316     9.8697     83.684    98.2272     1.4647      8.166     5.5464     7.9263    242.504    247.701  0.000e+00
   56.99684 -134.51972     55.694     11.256     11.152     9.8437    27.9155  1021.5023    21.4510     9.8425     83.791    98.2552     1.4647      8.166     5.5561     7.9402    242.924    248.135  0.000e+00
   56.99684 -134.51972     55.726     11.288     11.184     9.8437    27.9154  1021.5023    21.4509     9.8425     83.839    98.2552     1.4647      8.166     5.5593     7.9447    243.063    248.277  0.000e+00
   56.99684 -134.51972     55.694     11.256     11.152     9.9116    27.8645  1021.4520    21.4007     9.9104     83.913    98.2552     1.4647      8.166     5.5577     7.9425    243.005    248.206  0.000e+00
   56.99684 -134.51972     55.663     11.199     11.096     9.9816    27.8113  1021.3996    21.3485     9.9804     84.046    98.2272     1.4647      8.166     5.5598     7.9455    243.110    248.300  0.000e+00
   56.99684 -134.51972     55.784     11.223     11.120    10.0104    27.7882  1021.3772    21.3260    10.0092     84.141    98.2272     1.4647      8.166     5.5633     7.9506    243.271    248.459  0.000e+00
   56.99684 -134.51972     55.809     11.199     11.096    10.0230    27.7780  1021.3671    21.3161    10.0218     84.183    98.2552     1.4647      8.165     5.5650     7.9529    243.344    248.531  0.000e+00
   56.99684 -134.51972     55.809     11.199     11.096    10.0335    27.7703  1021.3595    21.3084    10.0323     84.280    98.2552     1.4647      8.165     5.5703     7.9605    243.580    248.770  0.000e+00
   56.99684 -134.51972     55.809     11.199     11.096    10.0309    27.7744  1021.3631    21.3120    10.0297     84.378    98.2552     1.4647      8.165     5.5770     7.9701    243.871    249.068  0.000e+00
   56.99684 -134.51972     55.826     11.167     11.064    10.0264    27.7803  1021.3683    21.3174    10.0253     84.474    98.2552     1.4647      8.165     5.5837     7.9796    244.163    249.367  0.000e+00
   56.99684 -134.51972     55.931     11.199     11.096    10.0239    27.7840  1021.3716    21.3206    10.0228     84.574    98.3391     1.4647      8.165     5.5905     7.9893    244.458    249.670  0.000e+00
   56.99684 -134.51972     55.900     11.143     11.040    10.0281    27.7813  1021.3686    21.3179    10.0270     84.668    98.4230     1.4647      8.165     5.5963     7.9976    244.712    249.929  0.000e+00
   56.99684 -134.51972     55.868     11.110     11.008    10.0349    27.7760  1021.3633    21.3127    10.0337     84.709    98.4230     1.4647      8.165     5.5983     8.0006    244.804    250.022  0.000e+00
