EcoFOCI/data/1_SampleCollection/2022_GOA-OA_CruiseData/CTD_raw_BottleFile_RC0083/RC0083_103.cnv
* Sea-Bird SBE 9 Data File:
* FileName = C:\Data\RC0083ctd\RC0083_103.hex
* Software Version Seasave V 7.26.7.107
* Temperature SN = 2060
* Conductivity SN = 2881
* Number of Bytes Per Scan = 31
* Number of Voltage Words = 4
* Number of Scans Averaged by the Deck Unit = 1
* NMEA Latitude = 56 27.06 N
* NMEA Longitude = 132 32.11 W
* NMEA UTC (Time) = Aug 23 2022  01:18:26
* NMEA baud rate = 4800
** Ship: R/V Rachel Carson
** Cruise ID: RC0083
** Tech: McHugh/Nomura
** Chief Scientist: Cross
** Station: WI3
** Cast:  CTD103
# nquan = 19
# nvalues = 10130                                 
# units = specified
# name 0 = latitude: Latitude [deg]
# name 1 = longitude: Longitude [deg]
# name 2 = sfdSM: Seafloor depth [salt water, m]
# name 3 = prDM: Pressure, Digiquartz [db]
# name 4 = depSM: Depth [salt water, m]
# name 5 = t090C: Temperature [ITS-90, deg C]
# name 6 = sal00: Salinity, Practical [PSU]
# name 7 = density00: Density [density, kg/m^3]
# name 8 = sigma-é00: Density [sigma-theta, kg/m^3]
# name 9 = potemp090C: Potential Temperature [ITS-90, deg C]
# name 10 = sbeox0PS: Oxygen, SBE 43 [% saturation]
# name 11 = CStarTr0: Beam Transmission, WET Labs C-Star [%]
# name 12 = flECO-AFL: Fluorescence, WET Labs ECO-AFL/FL [mg/m^3]
# name 13 = ph: pH
# name 14 = sbeox0ML/L: Oxygen, SBE 43 [ml/l]
# name 15 = sbeox0Mg/L: Oxygen, SBE 43 [mg/l]
# name 16 = sbox0Mm/Kg: Oxygen, SBE 43 [umol/kg]
# name 17 = sbeox0Mm/L: Oxygen, SBE 43 [umol/l]
# name 18 = flag:  0.000e+00
# span 0 =   56.45092,   56.45106                 
# span 1 = -132.53610, -132.53512                 
# span 2 =      5.404,    207.046                 
# span 3 =      3.306,    148.044                 
# span 4 =      3.276,    146.639                 
# span 5 =     6.0138,    12.1481                 
# span 6 =    15.2387,    33.3036                 
# span 7 =  1011.2872,  1026.8930                 
# span 8 =    11.2715,    26.2120                 
# span 9 =     6.0016,    12.1478                 
# span 10 =     21.580,     97.586                
# span 11 =     8.1951,    92.3258                
# span 12 =    -0.0591,    13.3035                
# span 13 =      7.614,      8.416                
# span 14 =     1.5072,     6.4509                
# span 15 =     2.1539,     9.2189                
# span 16 =     65.591,    284.480                
# span 17 =     67.309,    288.096                
# span 18 = 0.0000e+00, 0.0000e+00                
# interval = seconds: 0.0416667
# start_time = Aug 23 2022 01:18:26 [NMEA time, header]
# bad_flag = -9.990e-29
*END*
[from data line 8534]
   56.45098 -132.53598    139.478     41.227     40.846     7.3457    31.4879  1024.7971    24.6078     7.3420     38.786    86.0048     0.2925      7.769     2.6584     3.7992    115.874    118.726  0.000e+00
   56.45098 -132.53598    139.294     41.041     40.662     7.3491    31.4846  1024.7932    24.6048     7.3454     38.780    86.0048     0.2925      7.769     2.6579     3.7984    115.851    118.701  0.000e+00
   56.45098 -132.53598    139.190     40.936     40.558     7.3474    31.4897  1024.7969    24.6090     7.3437     38.781    86.0048     0.2925      7.769     2.6579     3.7984    115.852    118.703  0.000e+00
   56.45098 -132.53598    139.118     40.863     40.486     7.3400    31.5014  1024.8068    24.6192     7.3363     38.781    86.0048     0.2925      7.769     2.6582     3.7988    115.863    118.715  0.000e+00
   56.45098 -132.53598    139.294     41.041     40.662     7.3363    31.5104  1024.8152    24.6268     7.3326     38.781    86.0048     0.2925      7.769     2.6583     3.7990    115.866    118.719  0.000e+00
   56.45098 -132.53598    139.190     40.936     40.558     7.3313    31.5189  1024.8221    24.6342     7.3276     38.843    86.0048     0.2925      7.769     2.6627     3.8052    116.055    118.914  0.000e+00
   56.45098 -132.53598    138.886     40.629     40.254     7.3247    31.5255  1024.8267    24.6402     7.3210     38.846    86.0048     0.2925      7.764     2.6632     3.8059    116.076    118.937  0.000e+00
   56.45098 -132.53598    139.294     41.041     40.662     7.3225    31.5273  1024.8303    24.6419     7.3189     38.851    86.0048     0.2925      7.769     2.6636     3.8066    116.096    118.957  0.000e+00
   56.45098 -132.53598    138.926     40.693     40.318     7.3222    31.5276  1024.8290    24.6422     7.3185     38.851    86.0048     0.2339      7.769     2.6636     3.8066    116.097    118.958  0.000e+00
   56.45098 -132.53598    139.118     40.863     40.486     7.3235    31.5250  1024.8276    24.6400     7.3199     38.852    86.0048     0.2046      7.769     2.6637     3.8067    116.100    118.961  0.000e+00
   56.45098 -132.53598    139.006     40.750     40.374     7.3247    31.5207  1024.8235    24.6365     7.3211     38.852    86.0048     0.2046      7.769     2.6636     3.8066    116.098    118.958  0.000e+00
   56.45098 -132.53598    138.838     40.580     40.206     7.3248    31.5189  1024.8213    24.6350     7.3212     38.856    86.0048     0.2046      7.769     2.6640     3.8071    116.112    118.972  0.000e+00
   56.45098 -132.53598    139.006     40.750     40.374     7.3242    31.5296  1024.8306    24.6435     7.3205     38.861    86.0048     0.2046      7.769     2.6642     3.8074    116.120    118.982  0.000e+00
   56.45098 -132.53598    138.886     40.629     40.254     7.3185    31.5443  1024.8423    24.6558     7.3149     38.865    86.0048     0.2046      7.769     2.6645     3.8078    116.134    118.997  0.000e+00
   56.45098 -132.53598    138.822     40.564     40.190     7.3065    31.5636  1024.8588    24.6726     7.3029     38.868    86.0607     0.2046      7.769     2.6652     3.8088    116.160    119.026  0.000e+00
   56.45098 -132.53598    138.718     40.459     40.085     7.2937    31.5816  1024.8742    24.6885     7.2901     38.871    86.2285     0.2046      7.769     2.6658     3.8097    116.187    119.055  0.000e+00
   56.45098 -132.53598    138.886     40.629     40.254     7.2927    31.5850  1024.8778    24.6913     7.2891     38.930    86.2845     0.2046      7.769     2.6698     3.8155    116.362    119.235  0.000e+00
   56.45098 -132.53598    138.766     40.508     40.134     7.2961    31.5807  1024.8734    24.6874     7.2925     38.992    86.2845     0.2046      7.769     2.6740     3.8214    116.543    119.420  0.000e+00
   56.45098 -132.53598    138.542     40.281     39.909     7.2989    31.5748  1024.8674    24.6824     7.2953     39.002    86.2845     0.2046      7.769     2.6746     3.8223    116.570    119.447  0.000e+00
   56.45098 -132.53598    138.822     40.564     40.190     7.3041    31.5673  1024.8621    24.6758     7.3004     39.007    86.2845     0.2046      7.769     2.6747     3.8224    116.576    119.453  0.000e+00
   56.45098 -132.53598    138.646     40.386     40.013     7.3078    31.5651  1024.8590    24.6736     7.3042     38.951    86.2845     0.2046      7.769     2.6707     3.8167    116.402    119.274  0.000e+00
   56.45098 -132.53598    138.573     40.338     39.965     7.3062    31.5707  1024.8634    24.6783     7.3026     39.008    86.2845     0.2046      7.769     2.6747     3.8223    116.573    119.450  0.000e+00
   56.45098 -132.53598    138.414     40.152     39.781     7.2970    31.5826  1024.8731    24.6888     7.2934     38.958    86.2845     0.2046      7.769     2.6715     3.8179    116.436    119.311  0.000e+00
   56.45098 -132.53598    138.646     40.386     40.013     7.2910    31.5844  1024.8765    24.6910     7.2874     38.965    86.2845     0.2046      7.769     2.6724     3.8191    116.472    119.347  0.000e+00
   56.45098 -132.53598    138.542     40.281     39.909     7.3137    31.5491  1024.8452    24.6602     7.3101     38.966    86.2845     0.2046      7.769     2.6717     3.8181    116.446    119.318  0.000e+00
   56.45098 -132.53598    138.350     40.087     39.717     7.3339    31.5154  1024.8151    24.6310     7.3303     38.967    86.2845     0.2046      7.769     2.6711     3.8173    116.423    119.291  0.000e+00
   56.45098 -132.53598    138.526     40.265     39.893     7.3355    31.5047  1024.8073    24.6224     7.3319     38.964    86.2845     0.2046      7.769     2.6710     3.8171    116.419    119.286  0.000e+00
   56.45098 -132.53598    138.414     40.152     39.781     7.3350    31.4991  1024.8024    24.6181     7.3314     38.959    86.2845     0.2046      7.769     2.6708     3.8168    116.410    119.276  0.000e+00
   56.45098 -132.53598    138.366     40.104     39.733     7.3400    31.4847  1024.7902    24.6061     7.3364     39.009    86.2845     0.2046      7.769     2.6741     3.8216    116.558    119.426  0.000e+00
   56.45098 -132.53598    138.350     40.087     39.717     7.3549    31.4579  1024.7670    24.5830     7.3513     39.063    86.2845     0.2339      7.769     2.6774     3.8263    116.703    119.572  0.000e+00
   56.45098 -132.53598    138.294     40.031     39.661     7.3590    31.4414  1024.7533    24.5695     7.3554     39.066    86.2845     0.2339      7.769     2.6777     3.8266    116.716    119.584  0.000e+00
   56.45098 -132.53598    138.190     39.926     39.557     7.3681    31.4206  1024.7352    24.5519     7.3645     39.017    86.2845     0.2339      7.769     2.6741     3.8215    116.563    119.425  0.000e+00
   56.45098 -132.53598    138.149     39.910     39.541     7.3834    31.3975  1024.7149    24.5317     7.3798     39.017    86.2845     0.2339      7.769     2.6736     3.8208    116.542    119.401  0.000e+00
   56.45098 -132.53598    138.350     40.087     39.717     7.3932    31.3847  1024.7043    24.5203     7.3896     39.074    86.2845     0.2339      7.769     2.6771     3.8258    116.697    119.558  0.000e+00
   56.45098 -132.53598    138.070     39.805     39.437     7.3998    31.3766  1024.6957    24.5130     7.3962     39.077    86.2845     0.2339      7.769     2.6770     3.8258    116.696    119.557  0.000e+00
   56.45098 -132.53598    138.093     39.853     39.485     7.4053    31.3688  1024.6891    24.5062     7.4017     39.081    86.5362     0.2339      7.769     2.6771     3.8258    116.699    119.559  0.000e+00
   56.45098 -132.53598    138.213     39.974     39.605     7.4076    31.3668  1024.6878    24.5043     7.4040     39.084    86.6760     0.2339      7.769     2.6772     3.8260    116.705    119.564  0.000e+00
   56.45098 -132.53598    138.070     39.805     39.437     7.4079    31.3698  1024.6893    24.5066     7.4044     39.085    86.6760     0.2339      7.769     2.6772     3.8260    116.703    119.563  0.000e+00
   56.45098 -132.53598    138.054     39.789     39.421     7.4024    31.3811  1024.6989    24.5163     7.3988     39.029    86.6760     0.2339      7.769     2.6735     3.8207    116.542    119.399  0.000e+00
   56.45098 -132.53598    137.998     39.732     39.365     7.3927    31.3960  1024.7117    24.5293     7.3891     39.080    86.6760     0.2339      7.769     2.6773     3.8261    116.705    119.567  0.000e+00
   56.45098 -132.53598    137.998     39.732     39.365     7.3875    31.4031  1024.7179    24.5355     7.3839     39.078    86.6760     0.2339      7.769     2.6774     3.8262    116.708    119.571  0.000e+00
   56.45098 -132.53598    137.829     39.562     39.197     7.3868    31.4039  1024.7178    24.5362     7.3833     39.130    86.6760     0.2339      7.769     2.6810     3.8314    116.865    119.733  0.000e+00
   56.45098 -132.53598    137.942     39.675     39.309     7.3849    31.4055  1024.7199    24.5378     7.3813     39.132    86.6481     0.2339      7.769     2.6812     3.8317    116.875    119.743  0.000e+00
   56.45098 -132.53598    137.998     39.732     39.365     7.3843    31.4060  1024.7207    24.5383     7.3807     39.139    86.6481     0.2339      7.769     2.6817     3.8324    116.896    119.764  0.000e+00
   56.45098 -132.53598    137.830     39.562     39.197     7.3843    31.4070  1024.7207    24.5391     7.3807     39.143    86.6481     0.2339      7.769     2.6820     3.8328    116.907    119.776  0.000e+00
   56.45098 -132.53598    137.822     39.554     39.189     7.3849    31.4078  1024.7211    24.5395     7.3813     39.147    86.6760     0.2339      7.769     2.6821     3.8330    116.915    119.784  0.000e+00
   56.45098 -132.53598    137.757     39.490     39.125     7.3841    31.4102  1024.7229    24.5416     7.3806     39.149    86.6760     0.2339      7.769     2.6823     3.8333    116.922    119.791  0.000e+00
   56.45098 -132.53598    137.757     39.490     39.125     7.3781    31.4181  1024.7298    24.5486     7.3746     39.150    86.6760     0.2339      7.769     2.6826     3.8338    116.936    119.806  0.000e+00
   56.45098 -132.53598    137.597     39.328     38.965     7.3750    31.4225  1024.7330    24.5525     7.3715     39.200    86.6760     0.2339      7.769     2.6861     3.8387    117.087    119.962  0.000e+00
   56.45098 -132.53598    137.757     39.490     39.125     7.3758    31.4223  1024.7335    24.5522     7.3722     39.204    86.6760     0.2339      7.769     2.6864     3.8392    117.100    119.975  0.000e+00
   56.45098 -132.53598    137.701     39.433     39.069     7.3787    31.4193  1024.7304    24.5494     7.3751     39.263    86.6760     0.2339      7.769     2.6903     3.8447    117.270    120.148  0.000e+00
   56.45098 -132.53598    137.477     39.207     38.845     7.3789    31.4196  1024.7296    24.5496     7.3754     39.269    86.6481     0.2339      7.769     2.6907     3.8452    117.286    120.165  0.000e+00
   56.45098 -132.53598    137.701     39.433     39.069     7.3818    31.4167  1024.7280    24.5470     7.3782     39.275    86.6760     0.2339      7.769     2.6910     3.8456    117.299    120.178  0.000e+00
   56.45098 -132.53598    137.581     39.312     38.949     7.3855    31.4133  1024.7243    24.5438     7.3820     39.277    86.6760     0.2339      7.769     2.6909     3.8456    117.299    120.178  0.000e+00
   56.45098 -132.53598    137.421     39.150     38.789     7.3817    31.4178  1024.7276    24.5479     7.3782     39.285    86.6481     0.2339      7.769     2.6916     3.8466    117.328    120.208  0.000e+00
   56.45098 -132.53598    137.645     39.377     39.013     7.3747    31.4263  1024.7363    24.5555     7.3711     39.293    86.7040     0.2339      7.769     2.6925     3.8478    117.364    120.246  0.000e+00
   56.45098 -132.53598    137.405     39.134     38.773     7.3711    31.4331  1024.7410    24.5614     7.3676     39.297    86.7320     0.2339      7.769     2.6929     3.8484    117.380    120.263  0.000e+00
   56.45098 -132.53598    137.469     39.199     38.837     7.3687    31.4365  1024.7442    24.5643     7.3652     39.357    86.7320     0.2339      7.769     2.6971     3.8544    117.564    120.452  0.000e+00
   56.45098 -132.53598    137.357     39.086     38.725     7.3682    31.4383  1024.7452    24.5658     7.3647     39.308    86.7320     0.2339      7.769     2.6937     3.8496    117.417    120.301  0.000e+00
   56.45098 -132.53598    137.405     39.134     38.773     7.3655    31.4424  1024.7490    24.5694     7.3619     39.365    86.7320     0.2339      7.769     2.6977     3.8553    117.591    120.480  0.000e+00
   56.45098 -132.53598    137.285     39.013     38.653     7.3628    31.4454  1024.7512    24.5721     7.3593     39.369    86.7320     0.2339      7.769     2.6981     3.8559    117.607    120.497  0.000e+00
   56.45098 -132.53598    137.301     39.029     38.669     7.3632    31.4401  1024.7471    24.5679     7.3597     39.428    86.7320     0.2339      7.769     2.7022     3.8618    117.788    120.681  0.000e+00
   56.45098 -132.53598    137.173     38.900     38.541     7.3661    31.4283  1024.7368    24.5582     7.3626     39.434    86.7320     0.2339      7.769     2.7027     3.8624    117.807    120.700  0.000e+00
   56.45098 -132.53598    137.349     39.078     38.717     7.3705    31.4176  1024.7286    24.5492     7.3670     39.496    86.7320     0.2339      7.769     2.7068     3.8683    117.989    120.885  0.000e+00
   56.45098 -132.53598    137.173     38.900     38.541     7.3727    31.4128  1024.7237    24.5452     7.3693     39.503    86.7320     0.2339      7.769     2.7072     3.8689    118.009    120.905  0.000e+00
   56.45098 -132.53598    137.061     38.787     38.429     7.3729    31.4097  1024.7207    24.5427     7.3694     39.515    86.7320     0.2339      7.769     2.7081     3.8702    118.047    120.944  0.000e+00
   56.45098 -132.53598    137.229     38.956     38.597     7.3779    31.4001  1024.7133    24.5345     7.3744     39.589    86.7320     0.2339      7.769     2.7130     3.8772    118.263    121.164  0.000e+00
   56.45098 -132.53598    137.109     38.835     38.477     7.3812    31.3930  1024.7067    24.5284     7.3777     39.609    86.7320     0.2339      7.769     2.7143     3.8791    118.320    121.223  0.000e+00
   56.45098 -132.53598    137.053     38.779     38.421     7.3825    31.3871  1024.7016    24.5236     7.3790     39.628    86.7320     0.2339      7.769     2.7156     3.8809    118.378    121.281  0.000e+00
   56.45098 -132.53598    136.949     38.674     38.317     7.3829    31.3838  1024.6985    24.5210     7.3794     39.638    86.7320     0.2632      7.769     2.7164     3.8820    118.409    121.313  0.000e+00
   56.45098 -132.53598    137.029     38.779     38.421     7.3818    31.3851  1024.7002    24.5222     7.3783     39.653    86.7320     0.2632      7.769     2.7175     3.8835    118.457    121.362  0.000e+00
   56.45098 -132.53598    136.989     38.714     38.357     7.3795    31.3878  1024.7023    24.5246     7.3761     39.716    86.7320     0.2632      7.769     2.7219     3.8898    118.648    121.558  0.000e+00
   56.45098 -132.53598    136.949     38.674     38.317     7.3777    31.3910  1024.7049    24.5274     7.3742     39.669    86.7320     0.2632      7.769     2.7187     3.8853    118.511    121.418  0.000e+00
   56.45098 -132.53598    136.757     38.480     38.124     7.3790    31.3882  1024.7016    24.5250     7.3756     39.670    86.7320     0.2632      7.769     2.7187     3.8853    118.510    121.417  0.000e+00
   56.45098 -132.53598    136.989     38.714     38.357     7.3831    31.3784  1024.6944    24.5167     7.3797     39.669    86.7320     0.2632      7.769     2.7186     3.8851    118.507    121.412  0.000e+00
