EcoFOCI/data/1_SampleCollection/2022_GOA-OA_CruiseData/CTD_raw_BottleFile_RC0083/RC0083_004.ros
* Sea-Bird SBE 9 Data File:
* FileName = C:\Data\RC0083ctd\RC0083_004.hex
* Software Version Seasave V 7.26.7.107
* Temperature SN = 2060
* Conductivity SN = 1084
* Number of Bytes Per Scan = 31
* Number of Voltage Words = 4
* Number of Scans Averaged by the Deck Unit = 1
* NMEA Latitude = 54 39.73 N
* NMEA Longitude = 133 17.19 W
* NMEA UTC (Time) = Aug 12 2022  07:22:27
* NMEA baud rate = 4800
** Ship: R/V Rachel Carson
** Cruise ID: RC0083 RC0083
** Tech: McHugh/Nomura
** Chief Scientist: Cross Cross
** Station: DE4
** Cast:  004
# nquan = 21
# nvalues = 490                                   
# units = specified
# name 0 = latitude: Latitude [deg]
# name 1 = longitude: Longitude [deg]
# name 2 = sfdSM: Seafloor depth [salt water, m]
# name 3 = prDM: Pressure, Digiquartz [db]
# name 4 = depSM: Depth [salt water, m]
# name 5 = t090C: Temperature [ITS-90, deg C]
# name 6 = sal00: Salinity, Practical [PSU]
# name 7 = density00: Density [density, kg/m^3]
# name 8 = sigma-é00: Density [sigma-theta, kg/m^3]
# name 9 = potemp090C: Potential Temperature [ITS-90, deg C]
# name 10 = sbeox0PS: Oxygen, SBE 43 [% saturation]
# name 11 = CStarTr0: Beam Transmission, WET Labs C-Star [%]
# name 12 = flECO-AFL: Fluorescence, WET Labs ECO-AFL/FL [mg/m^3]
# name 13 = ph: pH
# name 14 = sbeox0ML/L: Oxygen, SBE 43 [ml/l]
# name 15 = sbeox0Mg/L: Oxygen, SBE 43 [mg/l]
# name 16 = sbox0Mm/Kg: Oxygen, SBE 43 [umol/kg]
# name 17 = sbeox0Mm/L: Oxygen, SBE 43 [umol/l]
# name 18 = scan: Scan Count
# name 19 = nbf: Bottles Fired
# name 20 = flag:  0.000e+00
# interval = seconds: 0.0416667
# start_time = Aug 12 2022 07:22:27 [NMEA time, header]
# bad_flag = -9.990e-29
*END*
[from data line 138]
   54.66132 -133.27738    298.995    202.278    200.362     5.9477    33.6955  1027.4608    26.5305     5.9308     34.385   106.6179    -0.0884      7.763     2.3991     3.4286    104.377    107.146      25227          3  0.000e+00
   54.66132 -133.27738    299.155    202.440    200.522     5.9474    33.6954  1027.4615    26.5304     5.9305     34.392   106.6179    -0.0884      7.763     2.3997     3.4294    104.400    107.170      25228          3  0.000e+00
   54.66132 -133.27738    298.995    202.278    200.362     5.9471    33.6959  1027.4613    26.5309     5.9302     34.398   106.5900    -0.0884      7.763     2.4001     3.4300    104.419    107.189      25229          3  0.000e+00
   54.66132 -133.27738    299.275    202.561    200.643     5.9472    33.6960  1027.4626    26.5309     5.9303     34.348   106.6179    -0.0884      7.763     2.3966     3.4250    104.265    107.031      25230          3  0.000e+00
   54.66132 -133.27738    299.227    202.513    200.595     5.9472    33.6956  1027.4621    26.5306     5.9303     34.345   106.6179    -0.0884      7.763     2.3964     3.4247    104.259    107.025      25231          3  0.000e+00
   54.66132 -133.27738    299.171    202.456    200.539     5.9471    33.6957  1027.4619    26.5307     5.9302     34.343   106.6179    -0.0884      7.763     2.3963     3.4245    104.252    107.018      25232          3  0.000e+00
   54.66132 -133.27738    299.331    202.618    200.699     5.9472    33.6958  1027.4627    26.5307     5.9303     34.342   106.6179    -0.0884      7.763     2.3962     3.4244    104.248    107.013      25233          3  0.000e+00
   54.66132 -133.27738    299.107    202.391    200.474     5.9471    33.6959  1027.4618    26.5309     5.9302     34.396   106.6179    -0.0884      7.763     2.4000     3.4298    104.414    107.184      25234          3  0.000e+00
   54.66132 -133.27738    299.275    202.561    200.643     5.9468    33.6956  1027.4623    26.5306     5.9299     34.403   106.6179    -0.0884      7.763     2.4005     3.4305    104.435    107.206      25235          3  0.000e+00
   54.66124 -133.27644    249.935    152.731    151.302     6.4136    33.4261  1026.9597    26.2583     6.4004     44.152   106.8696    -0.0884      7.825     3.0528     4.3627    132.849    136.337      28011          4  0.000e+00
   54.66124 -133.27644    250.184    152.982    151.551     6.4138    33.4258  1026.9606    26.2581     6.4005     44.148   106.8696    -0.0884      7.825     3.0525     4.3624    132.837    136.325      28012          4  0.000e+00
   54.66124 -133.27644    249.935    152.731    151.303     6.4131    33.4269  1026.9604    26.2590     6.3999     44.141   106.8696    -0.0884      7.825     3.0521     4.3617    132.817    136.305      28013          4  0.000e+00
   54.66124 -133.27644    250.288    153.087    151.655     6.4135    33.4263  1026.9615    26.2585     6.4002     44.145   106.8696    -0.0884      7.825     3.0523     4.3621    132.830    136.318      28014          4  0.000e+00
   54.66124 -133.27644    250.119    152.917    151.487     6.4136    33.4259  1026.9605    26.2582     6.4004     44.146   106.8696    -0.0884      7.825     3.0524     4.3622    132.834    136.322      28015          4  0.000e+00
   54.66124 -133.27644    249.991    152.787    151.359     6.4141    33.4254  1026.9594    26.2577     6.4009     44.197   106.8696    -0.0884      7.825     3.0559     4.3672    132.984    136.476      28016          4  0.000e+00
   54.66124 -133.27644    250.240    153.038    151.607     6.4139    33.4257  1026.9608    26.2580     6.4007     44.142   106.8696    -0.0884      7.825     3.0521     4.3618    132.821    136.309      28017          4  0.000e+00
   54.66124 -133.27644    250.055    152.852    151.423     6.4135    33.4259  1026.9602    26.2582     6.4003     44.135   106.8696    -0.0884      7.825     3.0516     4.3611    132.798    136.285      28018          4  0.000e+00
   54.66124 -133.27644    250.240    153.039    151.607     6.4136    33.4260  1026.9610    26.2582     6.4004     44.194   106.8696    -0.0884      7.825     3.0557     4.3669    132.976    136.467      28019          4  0.000e+00
   54.66124 -133.27644    250.055    152.852    151.423     6.4136    33.4258  1026.9600    26.2581     6.4004     44.193   106.8696    -0.0884      7.825     3.0557     4.3668    132.974    136.465      28020          4  0.000e+00
   54.66124 -133.27644    250.296    153.095    151.663     6.4141    33.4252  1026.9607    26.2576     6.4009     44.194   106.8696    -0.0884      7.825     3.0557     4.3669    132.976    136.467      28021          4  0.000e+00
   54.66124 -133.27644    249.991    152.788    151.359     6.4136    33.4257  1026.9597    26.2580     6.4004     44.191   106.8696    -0.1177      7.825     3.0555     4.3667    132.969    136.460      28022          4  0.000e+00
   54.66124 -133.27644    250.288    153.087    151.655     6.4144    33.4245  1026.9600    26.2570     6.4012     44.134   106.8696    -0.0884      7.825     3.0516     4.3610    132.796    136.283      28023          4  0.000e+00
   54.66124 -133.27644    250.184    152.982    151.551     6.4149    33.4238  1026.9589    26.2563     6.4017     44.189   106.8696    -0.0884      7.825     3.0553     4.3664    132.960    136.451      28024          4  0.000e+00
   54.66124 -133.27644    250.055    152.852    151.423     6.4152    33.4235  1026.9580    26.2560     6.4020     44.186   106.8696    -0.0884      7.825     3.0551     4.3660    132.950    136.441      28025          4  0.000e+00
   54.66124 -133.27644    250.296    153.095    151.663     6.4156    33.4228  1026.9585    26.2555     6.4023     44.192   106.8696    -0.0884      7.825     3.0555     4.3667    132.969    136.460      28026          4  0.000e+00
   54.66124 -133.27644    250.168    152.966    151.535     6.4152    33.4234  1026.9585    26.2560     6.4020     44.197   106.8976    -0.0884      7.825     3.0558     4.3671    132.983    136.474      28027          4  0.000e+00
   54.66124 -133.27644    250.240    153.039    151.607     6.4156    33.4230  1026.9585    26.2557     6.4023     44.202   106.8976    -0.0884      7.825     3.0562     4.3676    132.997    136.489      28028          4  0.000e+00
   54.66124 -133.27644    250.055    152.852    151.423     6.4157    33.4228  1026.9574    26.2554     6.4025     44.205   106.8976    -0.0884      7.825     3.0564     4.3679    133.006    136.498      28029          4  0.000e+00
   54.66124 -133.27644    250.063    152.861    151.431     6.4156    33.4231  1026.9577    26.2557     6.4023     44.209   106.8976    -0.0884      7.825     3.0567     4.3683    133.018    136.511      28030          4  0.000e+00
   54.66124 -133.27644    250.464    153.265    151.832     6.4157    33.4228  1026.9593    26.2554     6.4025     44.215   106.8976    -0.0884      7.825     3.0571     4.3689    133.036    136.529      28031          4  0.000e+00
   54.66124 -133.27644    250.055    152.852    151.423     6.4156    33.4229  1026.9575    26.2556     6.4023     44.216   106.8976    -0.0884      7.825     3.0571     4.3690    133.039    136.532      28032          4  0.000e+00
   54.66124 -133.27644    250.296    153.095    151.664     6.4157    33.4226  1026.9584    26.2553     6.4025     44.212   106.8976    -0.0884      7.825     3.0569     4.3686    133.027    136.520      28033          4  0.000e+00
   54.66124 -133.27644    250.112    152.909    151.479     6.4158    33.4225  1026.9574    26.2552     6.4026     44.213   106.8976    -0.0884      7.825     3.0570     4.3687    133.031    136.523      28034          4  0.000e+00
   54.66124 -133.27644    250.184    152.982    151.551     6.4156    33.4230  1026.9582    26.2556     6.4023     44.215   106.8976    -0.0884      7.825     3.0571     4.3689    133.038    136.531      28035          4  0.000e+00
   54.66124 -133.27644    250.232    153.031    151.599     6.4156    33.4231  1026.9585    26.2557     6.4023     44.217   106.8976    -0.0884      7.825     3.0573     4.3691    133.044    136.537      28036          4  0.000e+00
   54.66124 -133.27644    250.296    153.095    151.664     6.4152    33.4238  1026.9594    26.2563     6.4020     44.219   106.8976    -0.0884      7.825     3.0574     4.3693    133.050    136.543      28037          4  0.000e+00
   54.66124 -133.27644    250.056    152.853    151.423     6.4152    33.4236  1026.9582    26.2562     6.4020     44.219   106.8976    -0.0884      7.825     3.0574     4.3693    133.049    136.542      28038          4  0.000e+00
   54.66124 -133.27644    250.352    153.152    151.720     6.4150    33.4237  1026.9596    26.2562     6.4018     44.221   106.8976    -0.0884      7.825     3.0575     4.3695    133.056    136.550      28039          4  0.000e+00
   54.66124 -133.27644    250.184    152.982    151.551     6.4149    33.4240  1026.9590    26.2565     6.4017     44.220   106.8976    -0.0884      7.825     3.0575     4.3695    133.055    136.548      28040          4  0.000e+00
   54.66124 -133.27644    250.056    152.853    151.423     6.4150    33.4237  1026.9582    26.2563     6.4018     44.220   106.8976    -0.0884      7.825     3.0574     4.3694    133.052    136.546      28041          4  0.000e+00
   54.66124 -133.27644    250.064    152.861    151.431     6.4149    33.4235  1026.9581    26.2561     6.4017     44.219   106.8976    -0.0884      7.825     3.0574     4.3694    133.052    136.545      28042          4  0.000e+00
   54.66124 -133.27644    250.408    153.209    151.776     6.4154    33.4228  1026.9591    26.2555     6.4022     44.221   106.8976    -0.0884      7.825     3.0575     4.3695    133.055    136.548      28043          4  0.000e+00
   54.66124 -133.27644    250.184    152.982    151.551     6.4152    33.4236  1026.9587    26.2561     6.4020     44.218   106.8976    -0.0884      7.825     3.0574     4.3693    133.048    136.541      28044          4  0.000e+00
   54.66124 -133.27644    250.168    152.966    151.535     6.4150    33.4236  1026.9587    26.2562     6.4018     44.217   106.8976    -0.0884      7.825     3.0573     4.3691    133.044    136.537      28045          4  0.000e+00
   54.66124 -133.27644    250.184    152.982    151.551     6.4154    33.4232  1026.9584    26.2558     6.4022     44.215   106.8976    -0.0884      7.825     3.0571     4.3690    133.039    136.532      28046          4  0.000e+00
   54.66124 -133.27644    250.168    152.966    151.535     6.4154    33.4230  1026.9582    26.2557     6.4022     44.213   106.8976    -0.0884      7.825     3.0570     4.3688    133.033    136.526      28047          4  0.000e+00
   54.66124 -133.27644    249.992    152.788    151.359     6.4156    33.4231  1026.9574    26.2557     6.4024     44.210   106.8976    -0.0884      7.825     3.0568     4.3684    133.022    136.515      28048          4  0.000e+00
   54.66124 -133.27644    250.296    153.096    151.664     6.4157    33.4226  1026.9584    26.2553     6.4025     44.209   106.8976    -0.0884      7.825     3.0567     4.3683    133.019    136.512      28049          4  0.000e+00
   54.66124 -133.27644    250.112    152.909    151.479     6.4156    33.4226  1026.9576    26.2553     6.4023     44.205   106.8976    -0.0884      7.825     3.0564     4.3679    133.008    136.500      28050          4  0.000e+00
   54.66124 -133.27644    250.120    152.917    151.487     6.4156    33.4227  1026.9577    26.2554     6.4023     44.202   106.8976    -0.0884      7.825     3.0562     4.3676    132.998    136.490      28051          4  0.000e+00
   54.66124 -133.27644    249.992    152.788    151.359     6.4157    33.4227  1026.9571    26.2554     6.4025     44.198   106.8976    -0.0884      7.825     3.0559     4.3672    132.984    136.476      28052          4  0.000e+00
   54.66124 -133.27644    250.184    152.982    151.552     6.4157    33.4224  1026.9577    26.2552     6.4025     44.195   106.8976    -0.0884      7.825     3.0557     4.3669    132.976    136.468      28053          4  0.000e+00
   54.66124 -133.27644    249.935    152.731    151.303     6.4157    33.4229  1026.9569    26.2555     6.4025     44.197   106.8976    -0.0884      7.825     3.0559     4.3671    132.983    136.475      28054          4  0.000e+00
   54.66124 -133.27644    250.184    152.982    151.552     6.4156    33.4224  1026.9577    26.2552     6.4023     44.203   106.8976    -0.0884      7.825     3.0563     4.3677    133.000    136.492      28055          4  0.000e+00
   54.66124 -133.27644    249.935    152.731    151.303     6.4158    33.4223  1026.9564    26.2550     6.4026     44.197   106.8976    -0.0884      7.825     3.0558     4.3671    132.982    136.474      28056          4  0.000e+00
   54.66124 -133.27644    250.056    152.853    151.423     6.4156    33.4225  1026.9572    26.2553     6.4023     44.193   106.8976    -0.0591      7.825     3.0556     4.3667    132.971    136.463      28057          4  0.000e+00
   54.66124 -133.27644    250.120    152.918    151.487     6.4156    33.4225  1026.9575    26.2553     6.4023     44.188   106.8976    -0.0591      7.825     3.0553     4.3663    132.958    136.449      28058          4  0.000e+00
   54.66124 -133.27644    249.871    152.667    151.239     6.4157    33.4227  1026.9565    26.2554     6.4025     44.182   106.8976    -0.0591      7.825     3.0548     4.3656    132.937    136.427      28059          4  0.000e+00
   54.66112 -133.27544    199.550    101.857    100.917     7.0998    32.6757  1026.0429    25.5760     7.0906     60.498   106.1984    -0.0298      7.943     4.1377     5.9132    180.181    184.790      31259          5  0.000e+00
   54.66112 -133.27544    199.165    101.469    100.533     7.0999    32.6761  1026.0415    25.5763     7.0908     60.493   106.1984    -0.0298      7.943     4.1373     5.9126    180.165    184.772      31260          5  0.000e+00
   54.66112 -133.27544    199.317    101.623    100.685     7.0998    32.6761  1026.0421    25.5763     7.0906     60.492   106.1984    -0.0298      7.943     4.1373     5.9126    180.162    184.770      31261          5  0.000e+00
   54.66112 -133.27544    199.229    101.534    100.597     7.0997    32.6759  1026.0416    25.5762     7.0906     60.489   106.1984    -0.0298      7.943     4.1371     5.9123    180.154    184.762      31262          5  0.000e+00
   54.66112 -133.27544    199.373    101.679    100.741     7.0996    32.6760  1026.0424    25.5762     7.0904     60.488   106.1984    -0.0298      7.943     4.1370     5.9122    180.152    184.759      31263          5  0.000e+00
   54.66112 -133.27544    199.197    101.501    100.565     7.0997    32.6762  1026.0417    25.5764     7.0905     60.485   106.1984    -0.0298      7.943     4.1368     5.9118    180.140    184.748      31264          5  0.000e+00
   54.66112 -133.27544    199.349    101.655    100.717     7.0996    32.6758  1026.0421    25.5761     7.0904     60.484   106.1984    -0.0298      7.943     4.1367     5.9118    180.138    184.746      31265          5  0.000e+00
   54.66112 -133.27544    199.253    101.558    100.621     7.0997    32.6759  1026.0417    25.5762     7.0905     60.481   106.1984    -0.0298      7.943     4.1365     5.9115    180.129    184.736      31266          5  0.000e+00
   54.66112 -133.27544    199.285    101.590    100.653     7.0997    32.6756  1026.0416    25.5759     7.0906     60.479   106.1984    -0.0298      7.943     4.1364     5.9113    180.123    184.730      31267          5  0.000e+00
   54.66112 -133.27544    199.077    101.380    100.445     7.0997    32.6757  1026.0407    25.5760     7.0906     60.475   106.1984    -0.0298      7.943     4.1361     5.9109    180.112    184.719      31268          5  0.000e+00
