EcoFOCI/data/1_SampleCollection/2022_GOA-OA_CruiseData/CTD_raw_BottleFile_RC0083/RC0083_003.ros
* Sea-Bird SBE 9 Data File:
* FileName = C:\Data\RC0083ctd\RC0083_003.hex
* Software Version Seasave V 7.26.7.107
* Temperature SN = 2060
* Conductivity SN = 1084
* Number of Bytes Per Scan = 31
* Number of Voltage Words = 4
* Number of Scans Averaged by the Deck Unit = 1
* NMEA Latitude = 54 40.38 N
* NMEA Longitude = 133 02.47 W
* NMEA UTC (Time) = Aug 12 2022  05:42:01
* NMEA baud rate = 4800
** Ship: R/V Rachel Carson
** Cruise ID: RC0083 RC0083
** Tech: McHugh/Nomura
** Chief Scientist: Cross Cross
** Station: DE3
** Cast:  003
# nquan = 21
# nvalues = 343                                   
# units = specified
# name 0 = latitude: Latitude [deg]
# name 1 = longitude: Longitude [deg]
# name 2 = sfdSM: Seafloor depth [salt water, m]
# name 3 = prDM: Pressure, Digiquartz [db]
# name 4 = depSM: Depth [salt water, m]
# name 5 = t090C: Temperature [ITS-90, deg C]
# name 6 = sal00: Salinity, Practical [PSU]
# name 7 = density00: Density [density, kg/m^3]
# name 8 = sigma-é00: Density [sigma-theta, kg/m^3]
# name 9 = potemp090C: Potential Temperature [ITS-90, deg C]
# name 10 = sbeox0PS: Oxygen, SBE 43 [% saturation]
# name 11 = CStarTr0: Beam Transmission, WET Labs C-Star [%]
# name 12 = flECO-AFL: Fluorescence, WET Labs ECO-AFL/FL [mg/m^3]
# name 13 = ph: pH
# name 14 = sbeox0ML/L: Oxygen, SBE 43 [ml/l]
# name 15 = sbeox0Mg/L: Oxygen, SBE 43 [mg/l]
# name 16 = sbox0Mm/Kg: Oxygen, SBE 43 [umol/kg]
# name 17 = sbeox0Mm/L: Oxygen, SBE 43 [umol/l]
# name 18 = scan: Scan Count
# name 19 = nbf: Bottles Fired
# name 20 = flag:  0.000e+00
# interval = seconds: 0.0416667
# start_time = Aug 12 2022 05:42:01 [NMEA time, header]
# bad_flag = -9.990e-29
*END*
[from data line 138]
   54.67352 -133.03748    140.265     99.646     98.726     6.5157    33.1183  1026.4596    26.0018     6.5071     43.601   105.4432    -0.0591      7.805     3.0137     4.3069    131.181    134.592      17164          3  0.000e+00
   54.67352 -133.03748    140.297     99.678     98.758     6.5161    33.1181  1026.4596    26.0016     6.5075     43.609   105.4432    -0.0591      7.805     3.0143     4.3077    131.206    134.618      17165          3  0.000e+00
   54.67352 -133.03748    140.209     99.589     98.670     6.5158    33.1184  1026.4594    26.0018     6.5073     43.610   105.4432    -0.0591      7.805     3.0143     4.3077    131.207    134.619      17166          3  0.000e+00
   54.67352 -133.03748    140.297     99.678     98.758     6.5157    33.1187  1026.4601    26.0021     6.5071     43.611   105.4432    -0.0591      7.805     3.0144     4.3079    131.211    134.622      17167          3  0.000e+00
   54.67352 -133.03748    140.209     99.589     98.670     6.5148    33.1191  1026.4601    26.0025     6.5062     43.611   105.4432    -0.0591      7.805     3.0145     4.3080    131.214    134.626      17168          3  0.000e+00
   54.67352 -133.03748    140.241     99.621     98.702     6.5144    33.1194  1026.4606    26.0028     6.5058     43.668   105.4432    -0.0591      7.805     3.0184     4.3137    131.387    134.804      17169          3  0.000e+00
   54.67352 -133.03748    140.265     99.646     98.726     6.5163    33.1182  1026.4595    26.0016     6.5077     43.676   105.4432    -0.0591      7.805     3.0189     4.3143    131.406    134.823      17170          3  0.000e+00
   54.67352 -133.03748    140.241     99.621     98.702     6.5186    33.1169  1026.4580    26.0003     6.5100     43.684   105.4432    -0.0591      7.805     3.0193     4.3148    131.423    134.840      17171          3  0.000e+00
   54.67352 -133.03748    147.779     99.589     98.670     6.5234    33.1130  1026.4541    25.9966     6.5148     43.690   105.4432    -0.0591      7.805     3.0195     4.3151    131.432    134.849      17172          3  0.000e+00
   54.67354 -133.03706    173.306     75.365     74.674     7.0443    32.7964  1026.0238    25.6782     7.0376     55.365   105.8068    -0.0591      7.890     3.7884     5.4141    164.956    169.192      19026          4  0.000e+00
   54.67354 -133.03706    173.659     75.720     75.026     7.0443    32.7968  1026.0257    25.6785     7.0375     55.364   105.8068    -0.0591      7.890     3.7883     5.4139    164.952    169.188      19027          4  0.000e+00
   54.67354 -133.03706    173.186     75.243     74.554     7.0445    32.7971  1026.0238    25.6787     7.0377     55.357   105.8068    -0.0591      7.890     3.7878     5.4132    164.930    169.165      19028          4  0.000e+00
   54.67354 -133.03706    173.362     75.421     74.730     7.0443    32.7970  1026.0245    25.6786     7.0376     55.354   105.8068    -0.0591      7.890     3.7877     5.4130    164.923    169.158      19029          4  0.000e+00
   54.67354 -133.03706    173.418     75.478     74.786     7.0443    32.7969  1026.0247    25.6785     7.0376     55.351   105.8068    -0.0591      7.890     3.7875     5.4127    164.913    169.148      19030          4  0.000e+00
   54.67354 -133.03706    173.362     75.421     74.730     7.0443    32.7969  1026.0244    25.6786     7.0376     55.347   105.8068    -0.0591      7.890     3.7872     5.4123    164.901    169.135      19031          4  0.000e+00
   54.67354 -133.03706    173.483     75.543     74.850     7.0446    32.7972  1026.0252    25.6788     7.0378     55.400   105.8068    -0.0591      7.890     3.7908     5.4174    165.058    169.296      19032          4  0.000e+00
   54.67354 -133.03706    147.526     75.421     74.730     7.0446    32.7971  1026.0245    25.6786     7.0379     55.346   105.8068    -0.0591      7.890     3.7871     5.4122    164.899    169.133      19033          4  0.000e+00
   54.67354 -133.03706    114.078     75.478     74.786     7.0446    32.7967  1026.0245    25.6783     7.0378     55.343   105.8068    -0.0591      7.890     3.7869     5.4118    164.888    169.122      19034          4  0.000e+00
   54.67354 -133.03706    105.644     75.543     74.850     7.0446    32.7967  1026.0248    25.6783     7.0378     55.395   105.8068    -0.0591      7.890     3.7905     5.4170    165.045    169.283      19035          4  0.000e+00
   54.67354 -133.03706    106.703     75.478     74.786     7.0446    32.7971  1026.0248    25.6786     7.0378     55.398   105.7789    -0.0591      7.890     3.7907     5.4172    165.052    169.290      19036          4  0.000e+00
   54.67354 -133.03706    108.135     75.543     74.850     7.0450    32.7968  1026.0248    25.6784     7.0382     55.401   105.7789    -0.0591      7.890     3.7908     5.4175    165.061    169.299      19037          4  0.000e+00
   54.67354 -133.03706    108.452     75.543     74.850     7.0446    32.7971  1026.0251    25.6787     7.0378     55.404   105.7789    -0.0591      7.890     3.7910     5.4178    165.069    169.308      19038          4  0.000e+00
   54.67354 -133.03706    108.435     75.599     74.906     7.0438    32.7976  1026.0259    25.6792     7.0371     55.414   105.7509    -0.0591      7.890     3.7918     5.4189    165.103    169.342      19039          4  0.000e+00
   54.67354 -133.03706    108.330     75.543     74.850     7.0433    32.7977  1026.0257    25.6793     7.0366     55.416   105.7509    -0.0591      7.890     3.7920     5.4191    165.110    169.350      19040          4  0.000e+00
   54.67354 -133.03706    108.386     75.599     74.906     7.0433    32.7973  1026.0257    25.6790     7.0366     55.362   105.7509    -0.0591      7.890     3.7883     5.4139    164.950    169.186      19041          4  0.000e+00
   54.67354 -133.03706    108.386     75.599     74.906     7.0435    32.7973  1026.0257    25.6790     7.0367     55.357   105.7789    -0.0591      7.890     3.7879     5.4133    164.933    169.168      19042          4  0.000e+00
   54.67354 -133.03706    108.442     75.656     74.962     7.0433    32.7979  1026.0264    25.6795     7.0366     55.407   105.7789    -0.0591      7.890     3.7914     5.4183    165.084    169.324      19043          4  0.000e+00
   54.67354 -133.03706    108.442     75.656     74.962     7.0437    32.7975  1026.0260    25.6791     7.0369     55.409   105.7509    -0.0591      7.890     3.7915     5.4184    165.088    169.327      19044          4  0.000e+00
   54.67354 -133.03706    108.442     75.656     74.962     7.0435    32.7978  1026.0263    25.6794     7.0367     55.466   105.7789    -0.0591      7.890     3.7954     5.4240    165.259    169.503      19045          4  0.000e+00
   54.67354 -133.03706    108.442     75.656     74.962     7.0437    32.7976  1026.0261    25.6792     7.0369     55.418   105.7509    -0.0591      7.890     3.7921     5.4193    165.116    169.356      19046          4  0.000e+00
   54.67354 -133.03706    108.506     75.720     75.026     7.0433    32.7975  1026.0264    25.6792     7.0365     55.419   105.7789    -0.0591      7.890     3.7922     5.4194    165.119    169.360      19047          4  0.000e+00
   54.67354 -133.03706    108.506     75.720     75.026     7.0435    32.7973  1026.0262    25.6790     7.0367     55.419   105.7509    -0.0591      7.890     3.7922     5.4194    165.119    169.359      19048          4  0.000e+00
   54.67354 -133.03706    114.562     75.720     75.026     7.0435    32.7977  1026.0266    25.6793     7.0367     55.419   105.7789    -0.0591      7.890     3.7922     5.4194    165.118    169.358      19049          4  0.000e+00
   54.67354 -133.03706    155.449     75.777     75.082     7.0435    32.7974  1026.0266    25.6791     7.0367     55.419   105.7789    -0.0591      7.890     3.7922     5.4194    165.117    169.358      19050          4  0.000e+00
   54.67354 -133.03706    174.570     75.777     75.082     7.0433    32.7980  1026.0271    25.6796     7.0365     55.418   105.7789    -0.0591      7.890     3.7921     5.4193    165.115    169.355      19051          4  0.000e+00
   54.67354 -133.03706    175.082     75.777     75.082     7.0433    32.7978  1026.0269    25.6794     7.0365     55.416   105.7509    -0.0591      7.890     3.7920     5.4192    165.111    169.351      19052          4  0.000e+00
   54.67354 -133.03706    174.463     75.842     75.146     7.0435    32.7975  1026.0270    25.6792     7.0367     55.415   105.7509    -0.0591      7.890     3.7919     5.4190    165.108    169.347      19053          4  0.000e+00
   54.67354 -133.03706    173.730     75.842     75.146     7.0435    32.7977  1026.0271    25.6793     7.0367     55.421   105.7509    -0.0591      7.890     3.7923     5.4196    165.125    169.365      19054          4  0.000e+00
   54.67354 -133.03706    173.737     75.898     75.203     7.0433    32.7977  1026.0274    25.6793     7.0365     55.420   105.7509    -0.0591      7.890     3.7922     5.4195    165.121    169.361      19055          4  0.000e+00
   54.67354 -133.03706    173.755     75.842     75.146     7.0433    32.7974  1026.0269    25.6791     7.0365     55.417   105.7509    -0.0591      7.890     3.7921     5.4192    165.114    169.354      19056          4  0.000e+00
   54.67354 -133.03706    173.835     75.898     75.203     7.0437    32.7976  1026.0272    25.6792     7.0369     55.423   105.7789    -0.0591      7.890     3.7924     5.4197    165.129    169.370      19057          4  0.000e+00
   54.67354 -133.03706    173.699     75.761     75.066     7.0438    32.7975  1026.0265    25.6791     7.0370     55.427   105.8068    -0.0591      7.890     3.7927     5.4202    165.141    169.382      19058          4  0.000e+00
   54.67354 -133.03706    174.011     76.076     75.379     7.0437    32.7973  1026.0278    25.6789     7.0369     55.435   105.8068    -0.0591      7.890     3.7932     5.4209    165.165    169.406      19059          4  0.000e+00
   54.67354 -133.03706    173.835     75.898     75.203     7.0437    32.7973  1026.0270    25.6789     7.0369     55.439   105.8068    -0.0591      7.890     3.7935     5.4213    165.177    169.418      19060          4  0.000e+00
   54.67354 -133.03706    173.891     75.955     75.259     7.0440    32.7972  1026.0272    25.6788     7.0372     55.437   105.8068    -0.0591      7.890     3.7933     5.4211    165.169    169.411      19061          4  0.000e+00
   54.67354 -133.03706    173.835     75.898     75.203     7.0435    32.7982  1026.0277    25.6797     7.0367     55.433   105.8068    -0.0591      7.890     3.7931     5.4208    165.161    169.402      19062          4  0.000e+00
   54.67354 -133.03706    173.891     75.955     75.259     7.0432    32.7975  1026.0275    25.6792     7.0364     55.431   105.8068    -0.0591      7.890     3.7930     5.4206    165.155    169.396      19063          4  0.000e+00
   54.67354 -133.03706    173.891     75.955     75.259     7.0428    32.7979  1026.0279    25.6796     7.0360     55.427   105.8068    -0.0591      7.890     3.7928     5.4203    165.146    169.386      19064          4  0.000e+00
   54.67354 -133.03706    173.955     76.020     75.323     7.0430    32.7975  1026.0278    25.6792     7.0362     55.432   105.8068    -0.0591      7.890     3.7931     5.4207    165.159    169.400      19065          4  0.000e+00
   54.67354 -133.03706    173.891     75.955     75.259     7.0431    32.7973  1026.0274    25.6791     7.0362     55.435   105.8068    -0.0591      7.890     3.7933     5.4211    165.169    169.411      19066          4  0.000e+00
   54.67354 -133.03706    173.891     75.955     75.259     7.0428    32.7977  1026.0277    25.6794     7.0360     55.439   105.8068    -0.0591      7.890     3.7936     5.4215    165.182    169.424      19067          4  0.000e+00
   54.67354 -133.03706    173.891     75.955     75.259     7.0428    32.7977  1026.0277    25.6794     7.0360     55.444   105.8068    -0.0591      7.890     3.7939     5.4219    165.194    169.436      19068          4  0.000e+00
   54.67354 -133.03706    173.955     76.020     75.323     7.0427    32.7983  1026.0285    25.6799     7.0359     55.440   105.8068    -0.0591      7.890     3.7937     5.4216    165.184    169.426      19069          4  0.000e+00
   54.67354 -133.03706    173.891     75.955     75.259     7.0428    32.7981  1026.0281    25.6797     7.0360     55.436   105.8068    -0.0591      7.890     3.7934     5.4211    165.170    169.412      19070          4  0.000e+00
   54.67354 -133.03706    173.955     76.020     75.323     7.0430    32.7977  1026.0280    25.6794     7.0362     55.488   105.7789    -0.0591      7.890     3.7969     5.4262    165.326    169.571      19071          4  0.000e+00
   54.67354 -133.03706    173.891     75.955     75.259     7.0435    32.7974  1026.0274    25.6791     7.0367     55.434   105.8068    -0.0591      7.890     3.7932     5.4209    165.163    169.404      19072          4  0.000e+00
   54.67354 -133.03706    173.891     75.955     75.259     7.0433    32.7980  1026.0279    25.6796     7.0365     55.492   105.8068    -0.0591      7.890     3.7972     5.4266    165.337    169.583      19073          4  0.000e+00
   54.67354 -133.03706    173.955     76.020     75.323     7.0437    32.7978  1026.0280    25.6793     7.0369     55.446   105.8068    -0.0591      7.890     3.7940     5.4220    165.199    169.441      19074          4  0.000e+00
   54.67360 -133.03656    149.591     51.427     50.959     7.4803    32.5687  1025.6746    25.4392     7.4756     60.982   105.8068    -0.0298      7.936     4.1375     5.9129    180.198    184.782      20731          5  0.000e+00
   54.67360 -133.03656    149.415     51.250     50.783     7.4798    32.5693  1025.6743    25.4397     7.4751     60.979   105.8068    -0.0298      7.936     4.1374     5.9127    180.191    184.775      20732          5  0.000e+00
   54.67360 -133.03656    149.471     51.306     50.839     7.4802    32.5690  1025.6743    25.4394     7.4754     60.987   105.8068    -0.0298      7.936     4.1378     5.9134    180.211    184.796      20733          5  0.000e+00
   54.67360 -133.03656    149.359     51.193     50.727     7.4801    32.5691  1025.6739    25.4395     7.4754     60.986   105.8068    -0.0298      7.936     4.1378     5.9134    180.211    184.795      20734          5  0.000e+00
   54.67360 -133.03656    149.471     51.306     50.839     7.4802    32.5688  1025.6742    25.4393     7.4754     60.989   105.8348    -0.0298      7.936     4.1380     5.9136    180.218    184.802      20735          5  0.000e+00
   54.67360 -133.03656    149.359     51.193     50.727     7.4810    32.5683  1025.6731    25.4387     7.4762     60.990   105.8348    -0.0298      7.936     4.1380     5.9136    180.220    184.804      20736          5  0.000e+00
   54.67360 -133.03656    149.359     51.193     50.727     7.4805    32.5686  1025.6734    25.4391     7.4757     60.994   105.8348    -0.0298      7.936     4.1383     5.9140    180.231    184.816      20737          5  0.000e+00
   54.67360 -133.03656    149.359     51.193     50.727     7.4803    32.5689  1025.6737    25.4393     7.4756     60.998   105.8348    -0.0298      7.936     4.1386     5.9145    180.244    184.829      20738          5  0.000e+00
   54.67360 -133.03656    149.295     51.128     50.663     7.4803    32.5687  1025.6733    25.4392     7.4756     61.003   105.8348    -0.0298      7.936     4.1389     5.9149    180.258    184.843      20739          5  0.000e+00
   54.67360 -133.03656    149.359     51.193     50.727     7.4805    32.5685  1025.6734    25.4390     7.4757     61.009   105.8348    -0.0298      7.936     4.1393     5.9155    180.277    184.863      20740          5  0.000e+00
