EcoFOCI/data/1_SampleCollection/2022_GOA-OA_CruiseData/CTD_raw_BottleFile_RC0083/RC0083_027.ros
* Sea-Bird SBE 9 Data File:
* FileName = C:\Data\RC0083ctd\RC0083_027.hex
* Software Version Seasave V 7.26.7.107
* Temperature SN = 2060
* Conductivity SN = 1084
* Number of Bytes Per Scan = 31
* Number of Voltage Words = 4
* Number of Scans Averaged by the Deck Unit = 1
* NMEA Latitude = 59 01.12 N
* NMEA Longitude = 135 13.18 W
* NMEA UTC (Time) = Aug 17 2022  20:53:06
* NMEA baud rate = 4800
** Ship: R/V Rachel Carson
** Cruise ID: RC0083
** Tech: McHugh/Nomura
** Chief Scientist: Cross
** Station: LC04
** Cast:  CTD027
# nquan = 21
# nvalues = 294                                   
# units = specified
# name 0 = latitude: Latitude [deg]
# name 1 = longitude: Longitude [deg]
# name 2 = sfdSM: Seafloor depth [salt water, m]
# name 3 = prDM: Pressure, Digiquartz [db]
# name 4 = depSM: Depth [salt water, m]
# name 5 = t090C: Temperature [ITS-90, deg C]
# name 6 = sal00: Salinity, Practical [PSU]
# name 7 = density00: Density [density, kg/m^3]
# name 8 = sigma-é00: Density [sigma-theta, kg/m^3]
# name 9 = potemp090C: Potential Temperature [ITS-90, deg C]
# name 10 = sbeox0PS: Oxygen, SBE 43 [% saturation]
# name 11 = CStarTr0: Beam Transmission, WET Labs C-Star [%]
# name 12 = flECO-AFL: Fluorescence, WET Labs ECO-AFL/FL [mg/m^3]
# name 13 = ph: pH
# name 14 = sbeox0ML/L: Oxygen, SBE 43 [ml/l]
# name 15 = sbeox0Mg/L: Oxygen, SBE 43 [mg/l]
# name 16 = sbox0Mm/Kg: Oxygen, SBE 43 [umol/kg]
# name 17 = sbeox0Mm/L: Oxygen, SBE 43 [umol/l]
# name 18 = scan: Scan Count
# name 19 = nbf: Bottles Fired
# name 20 = flag:  0.000e+00
# interval = seconds: 0.0416667
# start_time = Aug 17 2022 20:53:06 [NMEA time, header]
# bad_flag = -9.990e-29
*END*
   59.02066 -135.22040    244.279    234.614    232.289     5.2485    33.3713  1027.4413    26.3579     5.2302     22.581    88.2982    -0.0591      7.572     1.6052     2.2940     69.848     71.689       9341          1  0.000e+00
   59.02066 -135.22040    244.568    234.906    232.577     5.2483    33.3709  1027.4423    26.3576     5.2301     22.578    88.2982    -0.0591      7.572     1.6050     2.2937     69.839     71.680       9342          1  0.000e+00
   59.02066 -135.22040    244.576    234.914    232.585     5.2483    33.3708  1027.4423    26.3575     5.2301     22.574    88.2982    -0.0591      7.567     1.6047     2.2933     69.827     71.667       9343          1  0.000e+00
   59.02066 -135.22040    244.519    234.857    232.529     5.2483    33.3707  1027.4420    26.3574     5.2301     22.570    88.2982    -0.0591      7.572     1.6044     2.2929     69.814     71.654       9344          1  0.000e+00
   59.02066 -135.22040    244.488    234.801    232.473     5.2483    33.3705  1027.4415    26.3573     5.2301     22.566    88.2982    -0.0591      7.572     1.6042     2.2925     69.802     71.641       9345          1  0.000e+00
   59.02066 -135.22040    244.359    234.671    232.345     5.2483    33.3701  1027.4406    26.3569     5.2301     22.562    88.2982    -0.0591      7.572     1.6038     2.2921     69.789     71.628       9346          1  0.000e+00
   59.02066 -135.22040    244.303    234.614    232.289     5.2480    33.3704  1027.4407    26.3572     5.2298     22.558    88.2982    -0.0591      7.567     1.6036     2.2917     69.776     71.615       9347          1  0.000e+00
   59.02066 -135.22040    244.424    234.736    232.409     5.2482    33.3699  1027.4408    26.3568     5.2299     22.554    88.2982    -0.0591      7.572     1.6033     2.2913     69.765     71.604       9348          1  0.000e+00
   59.02066 -135.22040    244.512    234.801    232.473     5.2480    33.3703  1027.4414    26.3571     5.2298     22.550    88.2982    -0.0591      7.572     1.6030     2.2909     69.754     71.592       9349          1  0.000e+00
   59.02066 -135.22040    244.416    234.679    232.353     5.2480    33.3703  1027.4408    26.3571     5.2298     22.546    88.1025    -0.0591      7.572     1.6027     2.2905     69.740     71.579       9350          1  0.000e+00
   59.02066 -135.22040    244.168    234.428    232.104     5.2483    33.3700  1027.4395    26.3569     5.2301     22.541    87.9906    -0.0591      7.572     1.6024     2.2900     69.726     71.563       9351          1  0.000e+00
   59.02066 -135.22040    244.352    234.614    232.289     5.2480    33.3700  1027.4403    26.3569     5.2298     22.538    87.9626    -0.0591      7.567     1.6022     2.2897     69.716     71.553       9352          1  0.000e+00
   59.02066 -135.22040    244.416    234.679    232.353     5.2480    33.3695  1027.4402    26.3565     5.2298     22.543    87.9626    -0.0591      7.572     1.6025     2.2902     69.732     71.570       9353          1  0.000e+00
   59.02066 -135.22040    244.264    234.501    232.176     5.2482    33.3693  1027.4392    26.3563     5.2300     22.539    87.9906    -0.0591      7.567     1.6023     2.2898     69.719     71.557       9354          1  0.000e+00
   59.02066 -135.22040    244.289    234.501    232.176     5.2480    33.3692  1027.4392    26.3563     5.2298     22.536    87.9906    -0.0591      7.567     1.6020     2.2894     69.708     71.546       9355          1  0.000e+00
   59.02066 -135.22040    244.160    234.371    232.048     5.2479    33.3691  1027.4385    26.3562     5.2297     22.541    87.9906    -0.0591      7.572     1.6024     2.2899     69.724     71.562       9356          1  0.000e+00
   59.02066 -135.22040    244.401    234.614    232.289     5.2478    33.3693  1027.4398    26.3564     5.2295     22.538    87.9906    -0.0591      7.572     1.6022     2.2897     69.717     71.554       9357          1  0.000e+00
   59.02066 -135.22040    244.104    234.314    231.992     5.2479    33.3694  1027.4385    26.3564     5.2297     22.534    87.9906    -0.0591      7.572     1.6019     2.2893     69.704     71.541       9358          1  0.000e+00
   59.02066 -135.22040    244.394    234.557    232.232     5.2478    33.3694  1027.4396    26.3564     5.2295     22.531    87.9906    -0.0591      7.572     1.6017     2.2890     69.696     71.533       9359          1  0.000e+00
   59.02066 -135.22040    244.113    234.249    231.928     5.2480    33.3692  1027.4381    26.3563     5.2298     22.527    87.9906    -0.0591      7.567     1.6014     2.2886     69.683     71.519       9360          1  0.000e+00
   59.02066 -135.22040    244.241    234.379    232.056     5.2479    33.3691  1027.4386    26.3562     5.2297     22.524    87.9906    -0.0591      7.572     1.6012     2.2883     69.674     71.511       9361          1  0.000e+00
   59.02066 -135.22040    244.362    234.501    232.176     5.2479    33.3694  1027.4394    26.3564     5.2297     22.531    87.9906    -0.0591      7.572     1.6017     2.2889     69.693     71.530       9362          1  0.000e+00
   59.02066 -135.22040    244.266    234.379    232.056     5.2479    33.3694  1027.4388    26.3564     5.2297     22.536    87.9906    -0.0591      7.572     1.6021     2.2895     69.711     71.548       9363          1  0.000e+00
   59.02066 -135.22040    244.226    234.314    231.992     5.2482    33.3693  1027.4384    26.3563     5.2300     22.543    87.9906    -0.0591      7.572     1.6025     2.2901     69.730     71.567       9364          1  0.000e+00
   59.02066 -135.22040    244.186    234.249    231.927     5.2479    33.3692  1027.4381    26.3563     5.2297     22.549    87.9906    -0.0591      7.572     1.6030     2.2908     69.751     71.589       9365          1  0.000e+00
   59.02066 -135.22040    244.315    234.379    232.056     5.2479    33.3695  1027.4388    26.3565     5.2297     22.548    87.9906    -0.0591      7.572     1.6029     2.2907     69.746     71.584       9366          1  0.000e+00
   59.02066 -135.22040    244.194    234.257    231.935     5.2480    33.3695  1027.4383    26.3565     5.2298     22.546    87.9906    -0.0591      7.572     1.6027     2.2904     69.739     71.577       9367          1  0.000e+00
   59.02066 -135.22040    244.459    234.501    232.176     5.2480    33.3690  1027.4390    26.3561     5.2298     22.545    87.9906    -0.0591      7.572     1.6026     2.2903     69.736     71.574       9368          1  0.000e+00
   59.02066 -135.22040    244.187    234.201    231.879     5.2478    33.3695  1027.4381    26.3565     5.2295     22.483    87.9906    -0.0591      7.572     1.5983     2.2841     69.547     71.380       9369          1  0.000e+00
   59.02066 -135.22040    244.291    234.306    231.984     5.2479    33.3694  1027.4384    26.3564     5.2297     22.474    88.2143    -0.0591      7.572     1.5976     2.2831     69.517     71.349       9370          1  0.000e+00
   59.02066 -135.22040    244.484    234.501    232.176     5.2480    33.3691  1027.4391    26.3562     5.2298     22.523    88.4381    -0.0591      7.572     1.6011     2.2882     69.670     71.506       9371          1  0.000e+00
   59.02066 -135.22040    244.187    234.201    231.879     5.2479    33.3696  1027.4381    26.3566     5.2297     22.463    88.4940    -0.0591      7.572     1.5968     2.2820     69.483     71.314       9372          1  0.000e+00
   59.02066 -135.22040    244.324    234.314    231.992     5.2480    33.3693  1027.4384    26.3563     5.2298     22.521    88.4660    -0.0591      7.567     1.6010     2.2880     69.664     71.500       9373          1  0.000e+00
   59.02066 -135.22040    244.533    234.501    232.176     5.2476    33.3696  1027.4395    26.3566     5.2294     22.530    88.4381    -0.0591      7.567     1.6016     2.2889     69.693     71.529       9374          1  0.000e+00
   59.02066 -135.22040    244.228    234.192    231.871     5.2479    33.3694  1027.4379    26.3564     5.2297     22.529    88.4660    -0.0591      7.572     1.6016     2.2888     69.689     71.526       9375          1  0.000e+00
   59.02066 -135.22040    244.348    234.314    231.992     5.2480    33.3694  1027.4385    26.3564     5.2298     22.530    88.4381    -0.0591      7.567     1.6016     2.2888     69.690     71.527       9376          1  0.000e+00
   59.02066 -135.22040    244.533    234.501    232.176     5.2477    33.3698  1027.4397    26.3568     5.2294     22.539    88.4381    -0.0591      7.572     1.6023     2.2898     69.720     71.558       9377          1  0.000e+00
   59.02066 -135.22040    244.412    234.379    232.056     5.2479    33.3698  1027.4391    26.3568     5.2297     22.548    88.4660    -0.0591      7.572     1.6029     2.2907     69.747     71.585       9378          1  0.000e+00
   59.02066 -135.22040    244.260    234.201    231.879     5.2480    33.3696  1027.4381    26.3566     5.2298     22.557    88.4660    -0.0591      7.567     1.6035     2.2916     69.775     71.614       9379          1  0.000e+00
   59.02066 -135.22040    244.485    234.428    232.104     5.2477    33.3698  1027.4394    26.3568     5.2295     22.559    88.4660    -0.0591      7.572     1.6037     2.2918     69.781     71.620       9380          1  0.000e+00
   59.02066 -135.22040    244.437    234.379    232.056     5.2479    33.3698  1027.4391    26.3568     5.2297     22.501    88.4381    -0.0591      7.572     1.5996     2.2860     69.603     71.437       9381          1  0.000e+00
   59.02066 -135.22040    244.493    234.436    232.112     5.2480    33.3697  1027.4393    26.3567     5.2298     22.494    88.4381    -0.0591      7.572     1.5991     2.2852     69.581     71.415       9382          1  0.000e+00
   59.02066 -135.22040    244.581    234.500    232.176     5.2480    33.3697  1027.4396    26.3567     5.2298     22.488    88.4381    -0.0591      7.572     1.5986     2.2846     69.561     71.394       9383          1  0.000e+00
   59.02066 -135.22040    244.389    234.306    231.984     5.2480    33.3698  1027.4387    26.3567     5.2298     22.481    88.4660    -0.0591      7.572     1.5981     2.2839     69.539     71.372       9384          1  0.000e+00
   59.02066 -135.22040    244.461    234.379    232.056     5.2483    33.3701  1027.4393    26.3570     5.2301     22.475    88.4660    -0.0591      7.572     1.5977     2.2832     69.520     71.352       9385          1  0.000e+00
   59.02066 -135.22040    244.581    234.500    232.176     5.2480    33.3699  1027.4397    26.3568     5.2298     22.470    88.4660    -0.0591      7.572     1.5973     2.2827     69.504     71.336       9386          1  0.000e+00
   59.02066 -135.22040    244.694    234.614    232.288     5.2480    33.3696  1027.4400    26.3566     5.2298     22.465    88.4660    -0.0591      7.572     1.5970     2.2822     69.489     71.320       9387          1  0.000e+00
   59.02066 -135.22040    244.493    234.436    232.112     5.2480    33.3695  1027.4391    26.3565     5.2298     22.459    88.4660    -0.0591      7.572     1.5966     2.2817     69.472     71.303       9388          1  0.000e+00
   59.02066 -135.22040    244.429    234.371    232.048     5.2482    33.3698  1027.4390    26.3567     5.2300     22.454    88.4381    -0.0591      7.572     1.5962     2.2811     69.456     71.287       9389          1  0.000e+00
   59.02102 -135.22046    299.166    202.526    200.534     5.2214    33.2880  1027.2306    26.2947     5.2058     23.232    95.0947    -0.0591      7.567     1.6534     2.3629     71.950     73.842      11111          2  0.000e+00
   59.02102 -135.22046    299.206    202.566    200.574     5.2214    33.2881  1027.2309    26.2948     5.2057     23.232    95.0667    -0.0591      7.567     1.6534     2.3629     71.951     73.843      11112          2  0.000e+00
   59.02102 -135.22046    299.279    202.639    200.646     5.2213    33.2886  1027.2316    26.2952     5.2057     23.232    95.0947    -0.0591      7.567     1.6535     2.3629     71.951     73.843      11113          2  0.000e+00
   59.02102 -135.22046    299.166    202.526    200.534     5.2214    33.2889  1027.2312    26.2954     5.2058     23.232    95.0947    -0.0591      7.567     1.6534     2.3629     71.950     73.842      11114          2  0.000e+00
   59.02102 -135.22046    299.094    202.453    200.462     5.2214    33.2884  1027.2305    26.2950     5.2057     23.231    95.0947    -0.0591      7.567     1.6534     2.3629     71.949     73.841      11115          2  0.000e+00
   59.02102 -135.22046    299.222    202.583    200.590     5.2211    33.2888  1027.2315    26.2954     5.2054     23.232    95.0947    -0.0591      7.567     1.6534     2.3629     71.951     73.843      11116          2  0.000e+00
   59.02102 -135.22046    299.094    202.453    200.462     5.2214    33.2883  1027.2304    26.2949     5.2058     23.231    95.0947    -0.0591      7.567     1.6534     2.3629     71.949     73.841      11117          2  0.000e+00
   59.02102 -135.22046    299.166    202.526    200.534     5.2214    33.2886  1027.2310    26.2952     5.2057     23.232    95.0947    -0.0591      7.567     1.6534     2.3629     71.950     73.842      11118          2  0.000e+00
   59.02104 -135.22046    299.094    202.453    200.462     5.2214    33.2880  1027.2303    26.2947     5.2058     23.231    95.0947    -0.0591      7.567     1.6534     2.3629     71.950     73.841      11119          2  0.000e+00
   59.02104 -135.22046    299.102    202.461    200.470     5.2213    33.2884  1027.2306    26.2950     5.2057     23.231    95.0947    -0.0591      7.567     1.6534     2.3629     71.950     73.842      11120          2  0.000e+00
   59.02104 -135.22046    299.046    202.404    200.414     5.2212    33.2882  1027.2302    26.2949     5.2056     23.231    95.0947    -0.0591      7.567     1.6534     2.3629     71.949     73.841      11121          2  0.000e+00
   59.02104 -135.22046    299.030    202.388    200.397     5.2213    33.2880  1027.2299    26.2947     5.2057     23.231    95.0947    -0.0591      7.567     1.6534     2.3629     71.949     73.841      11122          2  0.000e+00
   59.02104 -135.22046    299.102    202.461    200.470     5.2213    33.2880  1027.2302    26.2947     5.2057     23.231    95.0947    -0.0591      7.567     1.6534     2.3629     71.950     73.842      11123          2  0.000e+00
   59.02104 -135.22046    298.974    202.331    200.341     5.2212    33.2883  1027.2299    26.2950     5.2056     23.231    95.0947    -0.0591      7.567     1.6534     2.3629     71.949     73.841      11124          2  0.000e+00
   59.02104 -135.22046    299.046    202.404    200.414     5.2213    33.2881  1027.2301    26.2948     5.2057     23.231    95.0947    -0.0591      7.567     1.6534     2.3629     71.949     73.841      11125          2  0.000e+00
   59.02104 -135.22046    298.974    202.331    200.341     5.2213    33.2878  1027.2295    26.2946     5.2057     23.231    95.0947    -0.0591      7.567     1.6534     2.3629     71.949     73.841      11126          2  0.000e+00
   59.02104 -135.22046    298.982    202.339    200.349     5.2211    33.2877  1027.2295    26.2945     5.2055     23.173    95.0947    -0.0591      7.567     1.6493     2.3570     71.769     73.656      11127          2  0.000e+00
   59.02104 -135.22046    298.974    202.331    200.341     5.2213    33.2872  1027.2291    26.2941     5.2057     23.223    95.0947    -0.0591      7.567     1.6528     2.3621     71.924     73.815      11128          2  0.000e+00
   59.02104 -135.22046    298.926    202.283    200.293     5.2211    33.2878  1027.2293    26.2946     5.2055     23.223    95.1506    -0.0591      7.567     1.6528     2.3621     71.925     73.816      11129          2  0.000e+00
