EcoFOCI/data/1_SampleCollection/2022_GOA-OA_CruiseData/CTD_raw_BottleFile_RC0083/RC0083_082.ros
* Sea-Bird SBE 9 Data File:
* FileName = C:\Data\RC0083ctd\RC0083_082.hex
* Software Version Seasave V 7.26.7.107
* Temperature SN = 2060
* Conductivity SN = 2881
* Number of Bytes Per Scan = 31
* Number of Voltage Words = 4
* Number of Scans Averaged by the Deck Unit = 1
* NMEA Latitude = 58 10.76 N
* NMEA Longitude = 134 16.75 W
* NMEA UTC (Time) = Aug 22 2022  02:20:40
* NMEA baud rate = 4800
** Ship: R/V Rachel Carson
** Cruise ID: RC0083
** Tech: McHugh/Nomura
** Chief Scientist: Cross
** Station: SPA
** Cast:  CTD082
# nquan = 21
# nvalues = 196                                   
# units = specified
# name 0 = latitude: Latitude [deg]
# name 1 = longitude: Longitude [deg]
# name 2 = sfdSM: Seafloor depth [salt water, m]
# name 3 = prDM: Pressure, Digiquartz [db]
# name 4 = depSM: Depth [salt water, m]
# name 5 = t090C: Temperature [ITS-90, deg C]
# name 6 = sal00: Salinity, Practical [PSU]
# name 7 = density00: Density [density, kg/m^3]
# name 8 = sigma-é00: Density [sigma-theta, kg/m^3]
# name 9 = potemp090C: Potential Temperature [ITS-90, deg C]
# name 10 = sbeox0PS: Oxygen, SBE 43 [% saturation]
# name 11 = CStarTr0: Beam Transmission, WET Labs C-Star [%]
# name 12 = flECO-AFL: Fluorescence, WET Labs ECO-AFL/FL [mg/m^3]
# name 13 = ph: pH
# name 14 = sbeox0ML/L: Oxygen, SBE 43 [ml/l]
# name 15 = sbeox0Mg/L: Oxygen, SBE 43 [mg/l]
# name 16 = sbox0Mm/Kg: Oxygen, SBE 43 [umol/kg]
# name 17 = sbeox0Mm/L: Oxygen, SBE 43 [umol/l]
# name 18 = scan: Scan Count
# name 19 = nbf: Bottles Fired
# name 20 = flag:  0.000e+00
# interval = seconds: 0.0416667
# start_time = Aug 22 2022 02:20:40 [NMEA time, header]
# bad_flag = -9.990e-29
*END*
[from data line 138]
   58.17926 -134.27980    109.413     10.808     10.708    11.4081    26.0556  1019.8035    19.7545    11.4069     98.039    90.2840     4.4537      8.320     6.3572     9.0850    278.412    283.911       9093          3  0.000e+00
   58.17926 -134.27980    109.404     10.873     10.772    11.4079    26.0561  1019.8043    19.7550    11.4067     98.044    90.2281     4.4537      8.320     6.3575     9.0855    278.425    283.926       9094          3  0.000e+00
   58.17926 -134.27980    104.432     10.808     10.708    11.4076    26.0569  1019.8047    19.7556    11.4064     98.047    90.2281     4.4830      8.320     6.3577     9.0858    278.434    283.935       9095          3  0.000e+00
   58.17926 -134.27980    101.191     10.840     10.740    11.4079    26.0571  1019.8049    19.7557    11.4067     98.051    90.2281     4.4830      8.320     6.3579     9.0861    278.443    283.944       9096          3  0.000e+00
   58.17926 -134.27980    100.735     10.873     10.772    11.4079    26.0572  1019.8051    19.7557    11.4067     98.055    90.2281     4.4830      8.320     6.3582     9.0864    278.454    283.955       9097          3  0.000e+00
   58.17926 -134.27980    100.930     10.873     10.772    11.4072    26.0592  1019.8068    19.7574    11.4060     98.003    90.2281     4.4830      8.320     6.3548     9.0817    278.308    283.806       9098          3  0.000e+00
   58.17926 -134.27980    101.052     10.873     10.772    11.4072    26.0595  1019.8070    19.7577    11.4060     98.001    90.2281     4.4537      8.320     6.3547     9.0815    278.302    283.800       9099          3  0.000e+00
   58.17926 -134.27980    101.101     10.897     10.796    11.4068    26.0599  1019.8075    19.7580    11.4056     98.000    90.2281     4.4830      8.325     6.3546     9.0814    278.299    283.797       9100          3  0.000e+00
   58.17926 -134.27980    101.108     10.929     10.828    11.4068    26.0606  1019.8082    19.7586    11.4055     98.053    90.2281     4.4830      8.320     6.3581     9.0863    278.449    283.951       9101          3  0.000e+00
   58.17922 -134.27994     28.545      3.301      3.270    13.1595    14.6669  1010.6877    10.6726    13.1591    102.818    69.3912     1.7577      8.434     6.8955     9.8544    304.702    307.954      10154          4  0.000e+00
   58.17922 -134.27994     28.602      3.260      3.230    13.1607    14.6670  1010.6874    10.6725    13.1603    102.817    69.3912     1.7577      8.430     6.8953     9.8540    304.691    307.942      10155          4  0.000e+00
   58.17922 -134.27994     28.522      3.180      3.150    13.1618    14.6659  1010.6860    10.6715    13.1615    102.815    69.3912     1.7577      8.434     6.8950     9.8537    304.681    307.932      10156          4  0.000e+00
   58.17922 -134.27994     28.522      3.180      3.150    13.1627    14.6597  1010.6811    10.6665    13.1623    102.820    69.3912     1.7577      8.434     6.8955     9.8543    304.703    307.953      10157          4  0.000e+00
   58.17922 -134.27994     28.602      3.260      3.230    13.1624    14.6541  1010.6772    10.6623    13.1620    102.827    69.3912     1.7577      8.430     6.8962     9.8554    304.736    307.985      10158          4  0.000e+00
   58.17922 -134.27994     28.498      3.180      3.150    13.1620    14.6522  1010.6754    10.6609    13.1617    102.827    69.3632     1.7577      8.430     6.8964     9.8556    304.743    307.991      10159          4  0.000e+00
   58.17922 -134.27994     28.522      3.204      3.174    13.1614    14.6495  1010.6736    10.6589    13.1610    102.829    69.3912     1.7577      8.430     6.8967     9.8561    304.758    308.007      10160          4  0.000e+00
   58.17922 -134.27994     28.578      3.236      3.206    13.1607    14.6415  1010.6677    10.6529    13.1603    102.831    69.3912     1.7577      8.430     6.8973     9.8569    304.787    308.034      10161          4  0.000e+00
   58.17922 -134.27994     28.578      3.260      3.230    13.1616    14.6324  1010.6606    10.6457    13.1613    102.834    69.3912     1.7577      8.430     6.8977     9.8575    304.808    308.052      10162          4  0.000e+00
   58.17922 -134.27994     28.620      3.180      3.150    13.1624    14.6212  1010.6515    10.6370    13.1620    102.835    69.3632     1.7284      8.430     6.8982     9.8582    304.832    308.074      10163          4  0.000e+00
   58.17922 -134.27994     28.920      3.236      3.206    13.1627    14.5989  1010.6346    10.6198    13.1623    102.834    69.3912     1.7284      8.430     6.8990     9.8594    304.874    308.111      10164          4  0.000e+00
   58.17922 -134.27994     29.018      3.260      3.230    13.1635    14.5741  1010.6155    10.6005    13.1632    102.833    69.5310     1.7284      8.430     6.8999     9.8607    304.917    308.150      10165          4  0.000e+00
   58.17922 -134.27994     28.913      3.180      3.150    13.1650    14.5559  1010.6008    10.5863    13.1647    102.830    69.6150     1.7284      8.430     6.9003     9.8612    304.939    308.167      10166          4  0.000e+00
   58.17922 -134.27994     28.993      3.260      3.230    13.1667    14.5423  1010.5905    10.5755    13.1663    102.835    69.6429     1.7284      8.430     6.9009     9.8621    304.970    308.196      10167          4  0.000e+00
   58.17922 -134.27994     28.969      3.236      3.206    13.1673    14.5341  1010.5840    10.5691    13.1670    102.839    69.6150     1.7284      8.430     6.9014     9.8628    304.995    308.218      10168          4  0.000e+00
   58.17922 -134.27994     28.937      3.204      3.174    13.1677    14.5305  1010.5810    10.5663    13.1674    102.843    69.6150     1.7284      8.430     6.9018     9.8634    305.012    308.234      10169          4  0.000e+00
   58.17922 -134.27994     28.969      3.236      3.206    13.1669    14.5279  1010.5793    10.5645    13.1665    102.843    69.6150     1.7284      8.430     6.9021     9.8637    305.024    308.246      10170          4  0.000e+00
   58.17922 -134.27994     28.913      3.179      3.150    13.1659    14.5272  1010.5786    10.5641    13.1655    102.843    69.6150     1.7284      8.430     6.9022     9.8640    305.031    308.253      10171          4  0.000e+00
   58.17922 -134.27994     28.993      3.260      3.230    13.1677    14.5258  1010.5777    10.5627    13.1673    102.785    69.6150     1.7284      8.430     6.8981     9.8581    304.851    308.071      10172          4  0.000e+00
   58.17922 -134.27994     28.969      3.236      3.206    13.1699    14.5216  1010.5740    10.5591    13.1695    102.776    69.6150     1.7284      8.430     6.8974     9.8570    304.817    308.036      10173          4  0.000e+00
   58.17922 -134.27996     28.937      3.204      3.174    13.1701    14.5186  1010.5715    10.5568    13.1697    102.825    69.6150     1.7284      8.430     6.9008     9.8619    304.971    308.190      10174          4  0.000e+00
   58.17922 -134.27996     28.969      3.236      3.206    13.1744    14.5132  1010.5668    10.5519    13.1740    102.772    69.6150     1.7284      8.430     6.8968     9.8562    304.796    308.012      10175          4  0.000e+00
   58.17922 -134.27996     28.937      3.204      3.174    13.1773    14.5062  1010.5608    10.5461    13.1769    102.768    69.6150     1.7284      8.430     6.8964     9.8557    304.781    307.995      10176          4  0.000e+00
   58.17922 -134.27996     28.969      3.236      3.206    13.1762    14.5059  1010.5609    10.5460    13.1758    102.766    69.6150     1.7284      8.430     6.8964     9.8557    304.781    307.995      10177          4  0.000e+00
   58.17922 -134.27996     28.969      3.236      3.206    13.1732    14.5116  1010.5657    10.5509    13.1729    102.764    69.6429     1.7284      8.430     6.8965     9.8558    304.781    307.997      10178          4  0.000e+00
   58.17922 -134.27996     28.937      3.204      3.174    13.1710    14.5167  1010.5698    10.5551    13.1707    102.761    69.6150     1.7284      8.430     6.8964     9.8557    304.778    307.995      10179          4  0.000e+00
   58.17922 -134.27996     63.621      3.236      3.206    13.1707    14.5221  1010.5742    10.5593    13.1704    102.760    69.6150     1.7284      8.430     6.8962     9.8553    304.765    307.983      10180          4  0.000e+00
   58.17922 -134.27996     97.760      3.260      3.230    13.1709    14.5277  1010.5786    10.5636    13.1705    102.759    69.6150     1.7284      8.430     6.8958     9.8548    304.748    307.968      10181          4  0.000e+00
   58.17922 -134.27996    103.206      3.236      3.206    13.1689    14.5348  1010.5842    10.5694    13.1685    102.704    69.6150     1.7284      8.425     6.8921     9.8495    304.582    307.802      10182          4  0.000e+00
   58.17922 -134.27996    103.174      3.204      3.174    13.1682    14.5441  1010.5914    10.5767    13.1678    102.698    69.6150     1.7284      8.430     6.8915     9.8486    304.551    307.772      10183          4  0.000e+00
   58.17922 -134.27996    102.107      3.236      3.206    13.1679    14.5560  1010.6008    10.5859    13.1675    102.694    69.6150     1.7577      8.425     6.8907     9.8475    304.516    307.740      10184          4  0.000e+00
   58.17922 -134.27996    101.838      3.236      3.206    13.1673    14.5711  1010.6124    10.5976    13.1670    102.690    69.4471     1.7870      8.430     6.8899     9.8463    304.476    307.703      10185          4  0.000e+00
   58.17922 -134.27996    101.904      3.204      3.174    13.1660    14.5870  1010.6248    10.6101    13.1657    102.741    69.3073     1.7870      8.425     6.8928     9.8505    304.601    307.832      10186          4  0.000e+00
   58.17922 -134.27996    101.985      3.236      3.206    13.1650    14.6053  1010.6392    10.6243    13.1647    102.743    69.2793     1.7870      8.425     6.8923     9.8498    304.575    307.811      10187          4  0.000e+00
   58.17922 -134.27996    102.009      3.260      3.230    13.1637    14.6197  1010.6505    10.6356    13.1633    102.746    69.2793     1.7577      8.425     6.8921     9.8495    304.561    307.800      10188          4  0.000e+00
   58.17922 -134.27996    101.985      3.236      3.206    13.1630    14.6266  1010.6558    10.6410    13.1626    102.748    69.3073     1.7870      8.425     6.8920     9.8494    304.557    307.798      10189          4  0.000e+00
   58.17922 -134.27996    101.953      3.204      3.174    13.1630    14.6265  1010.6556    10.6409    13.1626    102.751    69.2793     1.7577      8.425     6.8922     9.8496    304.565    307.806      10190          4  0.000e+00
   58.17922 -134.27996    101.985      3.236      3.206    13.1630    14.6233  1010.6533    10.6385    13.1626    102.754    69.3073     1.7870      8.425     6.8926     9.8502    304.583    307.823      10191          4  0.000e+00
   58.17922 -134.27996     84.671      3.236      3.206    13.1640    14.6192  1010.6500    10.6351    13.1637    102.758    69.2793     1.7870      8.425     6.8928     9.8506    304.595    307.835      10192          4  0.000e+00
   58.17922 -134.27996     46.502      3.260      3.230    13.1642    14.6167  1010.6481    10.6332    13.1638    102.762    69.3073     1.7870      8.425     6.8932     9.8511    304.613    307.852      10193          4  0.000e+00
   58.17922 -134.27996     34.048      3.236      3.206    13.1650    14.6170  1010.6481    10.6333    13.1647    102.766    69.2793     1.7870      8.425     6.8934     9.8513    304.619    307.858      10194          4  0.000e+00
   58.17922 -134.27996     34.414      3.260      3.230    13.1650    14.6186  1010.6494    10.6345    13.1647    102.771    69.2793     1.7870      8.425     6.8936     9.8517    304.631    307.870      10195          4  0.000e+00
   58.17922 -134.27996     35.978      3.236      3.206    13.1655    14.6182  1010.6490    10.6342    13.1652    102.722    69.3073     1.7870      8.425     6.8903     9.8469    304.482    307.719      10196          4  0.000e+00
   58.17922 -134.27996     36.490      3.260      3.230    13.1659    14.6200  1010.6504    10.6355    13.1655    102.719    69.3073     1.7870      8.425     6.8899     9.8464    304.466    307.704      10197          4  0.000e+00
   58.17922 -134.27996     36.441      3.236      3.206    13.1670    14.6226  1010.6521    10.6373    13.1667    102.715    69.3073     1.7870      8.425     6.8894     9.8456    304.441    307.680      10198          4  0.000e+00
   58.17922 -134.27996     36.368      3.236      3.206    13.1670    14.6225  1010.6521    10.6372    13.1667    102.712    69.3073     1.7870      8.425     6.8892     9.8453    304.433    307.671      10199          4  0.000e+00
   58.17922 -134.27996     36.368      3.260      3.230    13.1666    14.6205  1010.6507    10.6357    13.1662    102.710    69.3073     1.7870      8.425     6.8892     9.8454    304.434    307.672      10200          4  0.000e+00
   58.17922 -134.27996     36.344      3.236      3.206    13.1671    14.6173  1010.6480    10.6332    13.1668    102.707    69.3073     1.7870      8.425     6.8891     9.8452    304.430    307.667      10201          4  0.000e+00
   58.17922 -134.27996     36.636      3.260      3.230    13.1677    14.6138  1010.6453    10.6304    13.1674    102.706    69.3073     1.7577      8.425     6.8891     9.8451    304.429    307.665      10202          4  0.000e+00
