EcoFOCI/data/1_SampleCollection/2022_GOA-OA_CruiseData/CTD_raw_BottleFile_RC0083/RC0083_014.ros
* Sea-Bird SBE 9 Data File:
* FileName = C:\Data\RC0083ctd\RC0083_014.hex
* Software Version Seasave V 7.26.7.107
* Temperature SN = 2060
* Conductivity SN = 1084
* Number of Bytes Per Scan = 31
* Number of Voltage Words = 4
* Number of Scans Averaged by the Deck Unit = 1
* NMEA Latitude = 55 45.82 N
* NMEA Longitude = 134 25.01 W
* NMEA UTC (Time) = Aug 13 2022  07:08:13
* NMEA baud rate = 4800
** Ship: R/V Rachel Carson
** Cruise ID: RC0083 RC0083
** Tech: McHugh/Nomura
** Chief Scientist: Cross Cross
** Station: POW3
** Cast:  014
# nquan = 21
# nvalues = 245                                   
# units = specified
# name 0 = latitude: Latitude [deg]
# name 1 = longitude: Longitude [deg]
# name 2 = sfdSM: Seafloor depth [salt water, m]
# name 3 = prDM: Pressure, Digiquartz [db]
# name 4 = depSM: Depth [salt water, m]
# name 5 = t090C: Temperature [ITS-90, deg C]
# name 6 = sal00: Salinity, Practical [PSU]
# name 7 = density00: Density [density, kg/m^3]
# name 8 = sigma-é00: Density [sigma-theta, kg/m^3]
# name 9 = potemp090C: Potential Temperature [ITS-90, deg C]
# name 10 = sbeox0PS: Oxygen, SBE 43 [% saturation]
# name 11 = CStarTr0: Beam Transmission, WET Labs C-Star [%]
# name 12 = flECO-AFL: Fluorescence, WET Labs ECO-AFL/FL [mg/m^3]
# name 13 = ph: pH
# name 14 = sbeox0ML/L: Oxygen, SBE 43 [ml/l]
# name 15 = sbeox0Mg/L: Oxygen, SBE 43 [mg/l]
# name 16 = sbox0Mm/Kg: Oxygen, SBE 43 [umol/kg]
# name 17 = sbeox0Mm/L: Oxygen, SBE 43 [umol/l]
# name 18 = scan: Scan Count
# name 19 = nbf: Bottles Fired
# name 20 = flag:  0.000e+00
# interval = seconds: 0.0416667
# start_time = Aug 13 2022 07:08:13 [NMEA time, header]
# bad_flag = -9.990e-29
*END*
   55.76444 -134.41734    126.332    117.739    116.637     6.5013    33.1199  1026.5461    26.0051     6.4911     50.158   104.1846    -0.0591      7.844     3.4680     4.9561    150.956    154.882       6628          1  0.000e+00
   55.76444 -134.41734    126.572    117.982    116.877     6.5014    33.1197  1026.5470    26.0049     6.4912     50.160   104.2965    -0.0591      7.844     3.4682     4.9564    150.963    154.889       6629          1  0.000e+00
   55.76444 -134.41734    126.260    117.667    116.565     6.5015    33.1193  1026.5452    26.0046     6.4914     50.158   104.3245    -0.0591      7.844     3.4681     4.9562    150.958    154.884       6630          1  0.000e+00
   55.76444 -134.41734    126.251    117.683    116.581     6.5012    33.1197  1026.5457    26.0050     6.4911     50.159   104.3245    -0.0591      7.844     3.4681     4.9563    150.961    154.887       6631          1  0.000e+00
   55.76444 -134.41734    126.371    117.804    116.701     6.5012    33.1196  1026.5461    26.0049     6.4910     50.161   104.3245    -0.0591      7.844     3.4682     4.9565    150.966    154.892       6632          1  0.000e+00
   55.76444 -134.41734    126.251    117.683    116.581     6.5012    33.1196  1026.5456    26.0049     6.4911     50.160   104.3245    -0.0591      7.844     3.4682     4.9565    150.965    154.891       6633          1  0.000e+00
   55.76444 -134.41734    126.307    117.739    116.637     6.5009    33.1196  1026.5459    26.0049     6.4907     50.161   104.3245    -0.0591      7.844     3.4683     4.9566    150.970    154.896       6634          1  0.000e+00
   55.76444 -134.41734    126.195    117.626    116.525     6.5007    33.1202  1026.5458    26.0054     6.4906     50.105   104.3245    -0.0591      7.844     3.4644     4.9510    150.799    154.720       6635          1  0.000e+00
   55.76444 -134.41734    126.059    117.488    116.389     6.5004    33.1206  1026.5456    26.0058     6.4902     50.154   104.3245    -0.0591      7.844     3.4678     4.9559    150.947    154.873       6636          1  0.000e+00
   55.76444 -134.41734    126.307    117.739    116.637     6.5004    33.1206  1026.5467    26.0057     6.4902     50.100   104.3245    -0.0591      7.844     3.4641     4.9505    150.784    154.706       6637          1  0.000e+00
   55.76444 -134.41734    126.131    117.561    116.461     6.5002    33.1204  1026.5458    26.0056     6.4901     50.149   104.3245    -0.0591      7.844     3.4675     4.9554    150.933    154.858       6638          1  0.000e+00
   55.76444 -134.41734    126.075    117.505    116.405     6.5004    33.1206  1026.5456    26.0058     6.4902     50.150   104.3245    -0.0591      7.844     3.4675     4.9555    150.935    154.860       6639          1  0.000e+00
   55.76444 -134.41734    126.131    117.561    116.461     6.5002    33.1205  1026.5458    26.0057     6.4901     50.151   104.3245    -0.0591      7.844     3.4677     4.9556    150.941    154.866       6640          1  0.000e+00
   55.76444 -134.41734    126.035    117.440    116.340     6.5005    33.1201  1026.5449    26.0053     6.4904     50.144   104.3245    -0.0591      7.844     3.4671     4.9549    150.917    154.842       6641          1  0.000e+00
   55.76444 -134.41734    126.060    117.440    116.340     6.5006    33.1200  1026.5448    26.0053     6.4904     50.145   104.3245    -0.0591      7.844     3.4672     4.9550    150.920    154.845       6642          1  0.000e+00
   55.76444 -134.41734    125.988    117.367    116.268     6.5010    33.1200  1026.5445    26.0052     6.4909     50.088   104.3245    -0.0591      7.844     3.4633     4.9494    150.749    154.669       6643          1  0.000e+00
   55.76444 -134.41734    126.004    117.383    116.284     6.5020    33.1195  1026.5440    26.0047     6.4919     50.139   104.3245    -0.0591      7.844     3.4667     4.9542    150.897    154.821       6644          1  0.000e+00
   55.76444 -134.41734    125.972    117.327    116.228     6.5024    33.1189  1026.5432    26.0041     6.4923     50.140   104.3245    -0.0591      7.844     3.4667     4.9543    150.899    154.823       6645          1  0.000e+00
   55.76444 -134.41734    125.996    117.327    116.228     6.5027    33.1188  1026.5431    26.0041     6.4925     50.141   104.3245    -0.0591      7.844     3.4668     4.9544    150.902    154.826       6646          1  0.000e+00
   55.76444 -134.41734    125.957    117.262    116.164     6.5023    33.1188  1026.5429    26.0041     6.4922     50.142   104.3245    -0.0591      7.844     3.4669     4.9545    150.906    154.830       6647          1  0.000e+00
   55.76444 -134.41734    125.900    117.205    116.108     6.5019    33.1194  1026.5431    26.0046     6.4918     50.143   104.2965    -0.0591      7.844     3.4670     4.9546    150.910    154.834       6648          1  0.000e+00
   55.76444 -134.41734    125.941    117.246    116.148     6.5015    33.1198  1026.5436    26.0049     6.4914     50.088   104.2406    -0.0591      7.844     3.4632     4.9492    150.745    154.665       6649          1  0.000e+00
   55.76444 -134.41734    125.861    117.140    116.044     6.5015    33.1192  1026.5427    26.0045     6.4914     50.081   104.2406    -0.0591      7.844     3.4627     4.9486    150.725    154.645       6650          1  0.000e+00
   55.76444 -134.41734    125.854    117.084    115.988     6.5015    33.1193  1026.5425    26.0046     6.4914     50.075   104.2406    -0.0591      7.844     3.4623     4.9479    150.707    154.626       6651          1  0.000e+00
   55.76444 -134.41734    125.853    117.084    115.988     6.5015    33.1193  1026.5425    26.0046     6.4914     50.069   104.2406    -0.0591      7.844     3.4619     4.9474    150.690    154.609       6652          1  0.000e+00
   55.76444 -134.41734    125.853    117.084    115.988     6.5017    33.1196  1026.5427    26.0048     6.4916     50.121   104.2406    -0.0591      7.844     3.4654     4.9525    150.844    154.767       6653          1  0.000e+00
   55.76444 -134.41734    125.733    116.962    115.868     6.5027    33.1185  1026.5412    26.0038     6.4926     50.114   104.2406    -0.0591      7.844     3.4649     4.9517    150.822    154.744       6654          1  0.000e+00
   55.76444 -134.41734    125.830    117.011    115.916     6.5038    33.1179  1026.5407    26.0031     6.4937     50.117   104.2406    -0.0591      7.844     3.4650     4.9519    150.827    154.749       6655          1  0.000e+00
   55.76444 -134.41734    125.831    116.962    115.868     6.5045    33.1175  1026.5402    26.0028     6.4944     50.118   104.2406    -0.0591      7.844     3.4651     4.9520    150.830    154.752       6656          1  0.000e+00
   55.76444 -134.41734    125.775    116.906    115.811     6.5051    33.1170  1026.5394    26.0023     6.4950     50.064   104.2406    -0.0591      7.844     3.4613     4.9465    150.664    154.581       6657          1  0.000e+00
   55.76444 -134.41734    125.711    116.841    115.747     6.5050    33.1171  1026.5392    26.0024     6.4949     50.058   104.2406    -0.0591      7.844     3.4609     4.9460    150.647    154.564       6658          1  0.000e+00
   55.76444 -134.41734    125.711    116.841    115.747     6.5052    33.1168  1026.5389    26.0021     6.4952     50.053   104.2406    -0.0591      7.844     3.4606     4.9455    150.632    154.549       6659          1  0.000e+00
   55.76444 -134.41734    125.728    116.784    115.691     6.5052    33.1169  1026.5387    26.0022     6.4952     50.048   104.2406    -0.0591      7.844     3.4602     4.9450    150.617    154.533       6660          1  0.000e+00
   55.76444 -134.41734    125.761    116.768    115.675     6.5052    33.1172  1026.5389    26.0024     6.4952     50.044   104.2406    -0.0591      7.844     3.4599     4.9446    150.604    154.520       6661          1  0.000e+00
   55.76444 -134.41734    125.777    116.784    115.691     6.5053    33.1166  1026.5385    26.0019     6.4952     50.097   104.2406    -0.0591      7.844     3.4636     4.9498    150.763    154.684       6662          1  0.000e+00
   55.76444 -134.41734    125.657    116.663    115.571     6.5051    33.1166  1026.5380    26.0020     6.4950     50.100   104.2406    -0.0591      7.844     3.4638     4.9501    150.774    154.694       6663          1  0.000e+00
   55.76444 -134.41734    125.657    116.663    115.571     6.5047    33.1173  1026.5386    26.0026     6.4947     50.047   104.2406    -0.0591      7.844     3.4602     4.9449    150.615    154.532       6664          1  0.000e+00
   55.76444 -134.41734    125.730    116.663    115.571     6.5049    33.1167  1026.5381    26.0021     6.4948     50.044   104.2406    -0.0591      7.844     3.4599     4.9446    150.605    154.521       6665          1  0.000e+00
   55.76444 -134.41734    125.698    116.606    115.515     6.5045    33.1176  1026.5386    26.0028     6.4945     50.040   104.2406    -0.0591      7.844     3.4597     4.9443    150.594    154.510       6666          1  0.000e+00
   55.76444 -134.41734    125.706    116.590    115.499     6.5042    33.1174  1026.5384    26.0027     6.4942     50.037   104.2406    -0.0591      7.839     3.4595     4.9440    150.586    154.502       6667          1  0.000e+00
   55.76444 -134.41734    125.666    116.550    115.459     6.5041    33.1175  1026.5383    26.0028     6.4940     50.034   104.2126    -0.0591      7.844     3.4593     4.9437    150.578    154.494       6668          1  0.000e+00
   55.76444 -134.41734    125.334    116.485    115.395     6.5041    33.1174  1026.5379    26.0027     6.4940     50.032   104.2685    -0.0591      7.844     3.4591     4.9435    150.570    154.486       6669          1  0.000e+00
   55.76444 -134.41734    125.007    116.550    115.459     6.5040    33.1173  1026.5382    26.0027     6.4939     50.030   104.2685    -0.0591      7.844     3.4591     4.9433    150.566    154.482       6670          1  0.000e+00
   55.76444 -134.41734    124.845    116.485    115.395     6.5040    33.1180  1026.5384    26.0032     6.4940     50.028   104.2965    -0.0591      7.844     3.4589     4.9431    150.559    154.474       6671          1  0.000e+00
   55.76444 -134.41734    124.829    116.469    115.379     6.5040    33.1179  1026.5383    26.0032     6.4939     50.027   104.2965    -0.0591      7.844     3.4588     4.9430    150.555    154.470       6672          1  0.000e+00
   55.76444 -134.41734    124.814    116.428    115.339     6.5040    33.1176  1026.5378    26.0029     6.4939     50.025   104.2685    -0.0591      7.844     3.4587     4.9429    150.552    154.467       6673          1  0.000e+00
   55.76444 -134.41734    124.936    116.428    115.339     6.5038    33.1177  1026.5379    26.0030     6.4938     50.025   104.2965    -0.0591      7.844     3.4587     4.9428    150.551    154.465       6674          1  0.000e+00
   55.76444 -134.41734    125.042    116.364    115.274     6.5040    33.1177  1026.5376    26.0030     6.4940     50.024   104.2685    -0.0591      7.844     3.4586     4.9427    150.548    154.462       6675          1  0.000e+00
   55.76444 -134.41734    125.067    116.364    115.274     6.5036    33.1180  1026.5379    26.0032     6.4936     50.081   104.2965    -0.0591      7.844     3.4626     4.9484    150.719    154.639       6676          1  0.000e+00
   55.76496 -134.41762    126.547     51.687     51.211     7.4217    32.4757  1025.6109    25.3742     7.4170     56.478   102.7302     0.2339      7.898     3.8394     5.4869    167.224    171.467      10083          2  0.000e+00
   55.76496 -134.41762    126.483     51.622     51.147     7.4235    32.4745  1025.6094    25.3730     7.4187     56.473   102.7582     0.2339      7.898     3.8389     5.4862    167.204    171.446      10084          2  0.000e+00
   55.76496 -134.41762    126.427     51.566     51.091     7.4256    32.4728  1025.6075    25.3713     7.4209     56.412   102.7582     0.2339      7.898     3.8347     5.4801    167.018    171.256      10085          2  0.000e+00
   55.76496 -134.41762    126.427     51.566     51.091     7.4267    32.4725  1025.6071    25.3709     7.4220     56.457   102.7582     0.2339      7.898     3.8376     5.4843    167.146    171.387      10086          2  0.000e+00
   55.76496 -134.41762    126.491     51.630     51.155     7.4280    32.4715  1025.6065    25.3700     7.4233     56.454   102.7302     0.2339      7.898     3.8373     5.4839    167.134    171.374      10087          2  0.000e+00
   55.76496 -134.41762    126.363     51.501     51.027     7.4285    32.4709  1025.6053    25.3694     7.4238     56.450   102.7582     0.2046      7.898     3.8370     5.4835    167.121    171.361      10088          2  0.000e+00
   55.76496 -134.41762    126.427     51.566     51.091     7.4288    32.4701  1025.6050    25.3688     7.4241     56.440   102.7582     0.2046      7.898     3.8363     5.4825    167.091    171.330      10089          2  0.000e+00
   55.76496 -134.41762    126.363     51.501     51.027     7.4293    32.4702  1025.6047    25.3688     7.4245     56.429   102.7582     0.2046      7.898     3.8355     5.4814    167.058    171.296      10090          2  0.000e+00
   55.76496 -134.41762    126.371     51.509     51.035     7.4290    32.4706  1025.6051    25.3692     7.4243     56.371   102.7582     0.2046      7.898     3.8316     5.4757    166.886    171.119      10091          2  0.000e+00
   55.76496 -134.41762    126.307     51.444     50.971     7.4288    32.4704  1025.6047    25.3690     7.4240     56.417   102.7582     0.2046      7.898     3.8347     5.4802    167.022    171.259      10092          2  0.000e+00
   55.76496 -134.41762    126.307     51.444     50.971     7.4288    32.4704  1025.6047    25.3690     7.4241     56.359   102.7582     0.2046      7.898     3.8308     5.4746    166.852    171.085      10093          2  0.000e+00
   55.76496 -134.41762    126.331     51.444     50.971     7.4287    32.4705  1025.6048    25.3691     7.4240     56.406   102.7582     0.2046      7.898     3.8340     5.4792    166.992    171.228      10094          2  0.000e+00
   55.76496 -134.41762    126.324     51.388     50.915     7.4285    32.4708  1025.6048    25.3694     7.4238     56.350   102.7582     0.2046      7.898     3.8302     5.4737    166.824    171.056      10095          2  0.000e+00
   55.76496 -134.41762    126.324     51.388     50.915     7.4285    32.4707  1025.6046    25.3693     7.4238     56.398   102.7302     0.2046      7.898     3.8335     5.4784    166.966    171.202      10096          2  0.000e+00
   55.76496 -134.41762    126.292     51.331     50.859     7.4282    32.4711  1025.6047    25.3696     7.4235     56.342   102.7582     0.2046      7.898     3.8297     5.4730    166.801    171.033      10097          2  0.000e+00
   55.76496 -134.41762    126.260     51.323     50.851     7.4301    32.4696  1025.6033    25.3682     7.4254     56.390   102.7302     0.2046      7.898     3.8328     5.4775    166.940    171.175      10098          2  0.000e+00
   55.76496 -134.41762    126.253     51.266     50.795     7.4324    32.4679  1025.6013    25.3665     7.4277     56.335   102.7582     0.2046      7.898     3.8289     5.4719    166.769    171.000      10099          2  0.000e+00
   55.76496 -134.41762    126.277     51.266     50.795     7.4345    32.4667  1025.6001    25.3653     7.4298     56.329   102.7582     0.2046      7.898     3.8284     5.4711    166.745    170.975      10100          2  0.000e+00
   55.76496 -134.41762    126.301     51.266     50.795     7.4367    32.4649  1025.5985    25.3636     7.4320     56.324   102.7582     0.2046      7.898     3.8278     5.4704    166.723    170.952      10101          2  0.000e+00
