EcoFOCI/data/1_SampleCollection/2022_GOA-OA_CruiseData/CTD_raw_BottleFile_RC0083/RC0083_101.cnv
* Sea-Bird SBE 9 Data File:
* FileName = C:\Data\RC0083ctd\RC0083_101.hex
* Software Version Seasave V 7.26.7.107
* Temperature SN = 2060
* Conductivity SN = 2881
* Number of Bytes Per Scan = 31
* Number of Voltage Words = 4
* Number of Scans Averaged by the Deck Unit = 1
* NMEA Latitude = 56 26.63 N
* NMEA Longitude = 132 38.70 W
* NMEA UTC (Time) = Aug 23 2022  00:22:48
* NMEA baud rate = 4800
** Ship: R/V Rachel Carson
** Cruise ID: RC0083
** Tech: McHugh/Nomura
** Chief Scientist: Cross
** Station: WI5
** Cast:  CTD101
# nquan = 19
# nvalues = 9124                                  
# units = specified
# name 0 = latitude: Latitude [deg]
# name 1 = longitude: Longitude [deg]
# name 2 = sfdSM: Seafloor depth [salt water, m]
# name 3 = prDM: Pressure, Digiquartz [db]
# name 4 = depSM: Depth [salt water, m]
# name 5 = t090C: Temperature [ITS-90, deg C]
# name 6 = sal00: Salinity, Practical [PSU]
# name 7 = density00: Density [density, kg/m^3]
# name 8 = sigma-é00: Density [sigma-theta, kg/m^3]
# name 9 = potemp090C: Potential Temperature [ITS-90, deg C]
# name 10 = sbeox0PS: Oxygen, SBE 43 [% saturation]
# name 11 = CStarTr0: Beam Transmission, WET Labs C-Star [%]
# name 12 = flECO-AFL: Fluorescence, WET Labs ECO-AFL/FL [mg/m^3]
# name 13 = ph: pH
# name 14 = sbeox0ML/L: Oxygen, SBE 43 [ml/l]
# name 15 = sbeox0Mg/L: Oxygen, SBE 43 [mg/l]
# name 16 = sbox0Mm/Kg: Oxygen, SBE 43 [umol/kg]
# name 17 = sbeox0Mm/L: Oxygen, SBE 43 [umol/l]
# name 18 = flag:  0.000e+00
# span 0 =   56.44384,   56.44480                 
# span 1 = -132.64636, -132.64500                 
# span 2 =      6.845,    139.869                 
# span 3 =      2.795,    121.290                 
# span 4 =      2.769,    120.146                 
# span 5 =     6.2718,    12.5239                 
# span 6 =    19.0465,    32.9297                 
# span 7 =  1014.2602,  1026.4398                 
# span 8 =    14.2406,    25.8843                 
# span 9 =     6.2616,    12.5229                 
# span 10 =     30.847,    108.165                
# span 11 =    32.8637,    99.5977                
# span 12 =    -0.0298,     6.5050                
# span 13 =      7.685,      8.387                
# span 14 =     2.1468,     6.9283                
# span 15 =     3.0681,     9.9012                
# span 16 =     93.459,    302.981                
# span 17 =     95.878,    309.416                
# span 18 = 0.0000e+00, 0.0000e+00                
# interval = seconds: 0.0416667
# start_time = Aug 23 2022 00:22:48 [NMEA time, header]
# bad_flag = -9.990e-29
*END*
[from data line 8229]
   56.44468 -132.64614    120.322     21.915     21.714     8.5735    30.1654  1023.4985    23.3983     8.5714     47.269    91.1790     1.4354      7.866     3.1780     4.5417    138.685    141.930  0.000e+00
   56.44468 -132.64614    120.266     21.859     21.658     8.5732    30.1644  1023.4975    23.3976     8.5711     47.270    91.1231     1.4354      7.866     3.1781     4.5418    138.689    141.934  0.000e+00
   56.44468 -132.64614    120.266     21.859     21.658     8.5721    30.1646  1023.4978    23.3979     8.5699     47.319    91.1511     1.4061      7.866     3.1815     4.5467    138.837    142.086  0.000e+00
   56.44468 -132.64614    120.210     21.802     21.602     8.5706    30.1654  1023.4984    23.3987     8.5685     47.372    91.1511     1.5233      7.866     3.1852     4.5519    138.998    142.250  0.000e+00
   56.44468 -132.64614    120.290     21.859     21.658     8.5693    30.1667  1023.4999    23.3999     8.5672     47.369    91.1511     1.5819      7.866     3.1850     4.5517    138.989    142.242  0.000e+00
   56.44468 -132.64614    120.146     21.737     21.538     8.5670    30.1690  1023.5015    23.4021     8.5649     47.418    91.1511     1.6112      7.866     3.1884     4.5566    139.139    142.395  0.000e+00
   56.44468 -132.64614    120.026     21.616     21.418     8.5649    30.1702  1023.5022    23.4033     8.5628     47.471    91.1511     1.6112      7.866     3.1921     4.5619    139.301    142.561  0.000e+00
   56.44468 -132.64614    120.090     21.681     21.482     8.5633    30.1700  1023.5025    23.4034     8.5612     47.468    91.1511     1.5819      7.866     3.1921     4.5618    139.297    142.557  0.000e+00
   56.44468 -132.64614    120.090     21.681     21.482     8.5610    30.1690  1023.5021    23.4030     8.5589     47.519    91.1511     1.5819      7.866     3.1956     4.5669    139.454    142.718  0.000e+00
   56.44468 -132.64614    119.970     21.560     21.362     8.5577    30.1682  1023.5014    23.4028     8.5556     47.511    91.1511     1.5819      7.866     3.1954     4.5665    139.442    142.705  0.000e+00
   56.44468 -132.64614    120.026     21.616     21.418     8.5546    30.1664  1023.5007    23.4019     8.5526     47.559    91.1511     1.6112      7.866     3.1988     4.5714    139.593    142.860  0.000e+00
   56.44468 -132.64614    120.090     21.681     21.482     8.5517    30.1650  1023.5003    23.4012     8.5496     47.604    91.2070     1.6112      7.866     3.2021     4.5762    139.737    143.007  0.000e+00
   56.44468 -132.64614    119.970     21.560     21.362     8.5487    30.1639  1023.4994    23.4008     8.5467     47.652    91.6545     1.5819      7.866     3.2056     4.5811    139.889    143.163  0.000e+00
   56.44468 -132.64614    119.794     21.382     21.186     8.5457    30.1626  1023.4979    23.4001     8.5436     47.648    91.8783     1.5819      7.866     3.2056     4.5811    139.888    143.162  0.000e+00
   56.44468 -132.64614    119.850     21.439     21.242     8.5431    30.1614  1023.4976    23.3996     8.5410     47.694    91.9062     1.5819      7.866     3.2089     4.5858    140.031    143.308  0.000e+00
   56.44468 -132.64614    119.826     21.414     21.218     8.5411    30.1595  1023.4963    23.3984     8.5390     47.743    91.8783     1.5819      7.866     3.2123     4.5907    140.182    143.462  0.000e+00
   56.44470 -132.64614    119.850     21.439     21.242     8.5388    30.1583  1023.4958    23.3978     8.5367     47.740    91.8783     1.5819      7.866     3.2123     4.5907    140.182    143.462  0.000e+00
   56.44470 -132.64614    119.730     21.318     21.122     8.5364    30.1577  1023.4951    23.3976     8.5343     47.790    91.8783     1.5819      7.866     3.2159     4.5958    140.339    143.622  0.000e+00
   56.44470 -132.64614    119.850     21.439     21.242     8.5348    30.1559  1023.4946    23.3965     8.5327     47.784    91.8783     1.5819      7.866     3.2156     4.5955    140.328    143.611  0.000e+00
   56.44470 -132.64614    119.363     21.318     21.122     8.5333    30.1545  1023.4931    23.3956     8.5313     47.775    91.8783     1.5819      7.866     3.2152     4.5948    140.306    143.589  0.000e+00
   56.44470 -132.64614    119.063     21.261     21.066     8.5320    30.1524  1023.4914    23.3941     8.5300     47.820    91.8783     1.6112      7.866     3.2184     4.5994    140.446    143.732  0.000e+00
   56.44470 -132.64614    118.894     21.140     20.946     8.5310    30.1512  1023.4900    23.3933     8.5290     47.870    91.8783     1.6112      7.866     3.2218     4.6042    140.596    143.885  0.000e+00
   56.44470 -132.64614    118.983     21.204     21.010     8.5304    30.1491  1023.4888    23.3918     8.5284     47.925    91.8783     1.5819      7.866     3.2256     4.6097    140.761    144.054  0.000e+00
   56.44470 -132.64614    118.983     21.204     21.010     8.5296    30.1467  1023.4870    23.3900     8.5275     47.922    91.8783     1.5233      7.866     3.2255     4.6095    140.757    144.050  0.000e+00
   56.44470 -132.64614    118.919     21.140     20.946     8.5290    30.1442  1023.4848    23.3881     8.5269     48.022    91.8783     1.4061      7.866     3.2323     4.6194    141.058    144.357  0.000e+00
   56.44470 -132.64614    118.919     21.140     20.946     8.5290    30.1413  1023.4826    23.3859     8.5269     48.015    91.8783     1.3768      7.866     3.2319     4.6188    141.040    144.338  0.000e+00
   56.44470 -132.64614    118.919     21.140     20.946     8.5292    30.1388  1023.4806    23.3839     8.5272     48.068    91.8783     1.3768      7.871     3.2355     4.6239    141.197    144.499  0.000e+00
   56.44470 -132.64614    118.807     21.027     20.834     8.5294    30.1368  1023.4785    23.3823     8.5274     48.062    91.8783     1.3768      7.866     3.2352     4.6234    141.182    144.483  0.000e+00
   56.44470 -132.64614    118.687     20.906     20.714     8.5292    30.1357  1023.4771    23.3814     8.5272     48.111    91.8783     1.3768      7.871     3.2385     4.6281    141.326    144.631  0.000e+00
   56.44470 -132.64614    118.807     21.027     20.834     8.5296    30.1339  1023.4762    23.3800     8.5275     48.165    91.8783     1.3768      7.866     3.2421     4.6333    141.486    144.794  0.000e+00
   56.44470 -132.64614    118.743     20.962     20.770     8.5301    30.1322  1023.4745    23.3786     8.5280     48.160    91.8783     1.3768      7.866     3.2418     4.6329    141.472    144.779  0.000e+00
   56.44470 -132.64614    118.687     20.906     20.714     8.5313    30.1289  1023.4715    23.3759     8.5293     48.203    91.8783     1.3768      7.871     3.2447     4.6370    141.598    144.908  0.000e+00
   56.44470 -132.64614    118.663     20.881     20.690     8.5336    30.1255  1023.4684    23.3729     8.5316     48.257    91.8223     1.3768      7.871     3.2482     4.6420    141.750    145.063  0.000e+00
   56.44470 -132.64614    116.487     21.027     20.834     8.5369    30.1215  1023.4654    23.3692     8.5348     48.253    91.7664     1.3768      7.871     3.2478     4.6414    141.733    145.045  0.000e+00
   56.44470 -132.64614    113.219     20.784     20.594     8.5403    30.1178  1023.4609    23.3659     8.5383     48.301    91.7384     1.3768      7.871     3.2508     4.6457    141.866    145.181  0.000e+00
   56.44470 -132.64614    112.406     20.728     20.538     8.5446    30.1132  1023.4564    23.3616     8.5426     48.298    91.7664     1.3768      7.871     3.2504     4.6452    141.850    145.163  0.000e+00
   56.44470 -132.64614    112.503     20.728     20.538     8.5499    30.1076  1023.4513    23.3565     8.5479     48.288    91.7664     1.3768      7.871     3.2495     4.6438    141.809    145.121  0.000e+00
   56.44470 -132.64614    112.681     20.785     20.594     8.5555    30.1019  1023.4463    23.3512     8.5535     48.338    91.7664     1.3768      7.871     3.2526     4.6483    141.946    145.260  0.000e+00
   56.44470 -132.64614    112.650     20.728     20.538     8.5600    30.0965  1023.4411    23.3464     8.5580     48.393    91.7664     1.3768      7.871     3.2560     4.6532    142.098    145.415  0.000e+00
   56.44470 -132.64614    112.650     20.728     20.538     8.5637    30.0920  1023.4370    23.3422     8.5617     48.447    91.7664     1.3768      7.871     3.2595     4.6581    142.248    145.569  0.000e+00
   56.44470 -132.64614    112.530     20.607     20.418     8.5667    30.0888  1023.4336    23.3393     8.5647     48.504    91.7664     1.3768      7.871     3.2632     4.6634    142.411    145.735  0.000e+00
   56.44470 -132.64614    112.650     20.728     20.538     8.5704    30.0849  1023.4305    23.3358     8.5684     48.562    91.7664     1.3768      7.871     3.2669     4.6687    142.571    145.898  0.000e+00
   56.44470 -132.64614    112.410     20.486     20.297     8.5742    30.0812  1023.4260    23.3323     8.5722     48.559    91.7664     1.3768      7.871     3.2665     4.6681    142.554    145.881  0.000e+00
   56.44470 -132.64614    112.530     20.607     20.418     8.5764    30.0783  1023.4240    23.3297     8.5744     48.613    91.7664     1.3475      7.871     3.2700     4.6731    142.708    146.037  0.000e+00
   56.44470 -132.64614    112.410     20.486     20.297     8.5771    30.0769  1023.4222    23.3285     8.5752     48.607    91.7664     1.2595      7.871     3.2696     4.6726    142.692    146.021  0.000e+00
   56.44470 -132.64614    112.410     20.486     20.297     8.5791    30.0741  1023.4197    23.3261     8.5771     48.657    91.7384     1.2302      7.871     3.2728     4.6772    142.834    146.165  0.000e+00
   56.44470 -132.64614    112.410     20.486     20.298     8.5819    30.0706  1023.4166    23.3229     8.5799     48.654    91.7664     1.2302      7.871     3.2726     4.6768    142.821    146.152  0.000e+00
   56.44470 -132.64614    112.703     20.461     20.273     8.5838    30.0686  1023.4146    23.3211     8.5818     48.706    91.7664     1.2302      7.871     3.2759     4.6817    142.970    146.304  0.000e+00
   56.44470 -132.64614    116.732     20.486     20.298     8.5856    30.0677  1023.4138    23.3201     8.5836     48.763    91.7664     1.2302      7.871     3.2796     4.6869    143.131    146.469  0.000e+00
   56.44470 -132.64614    118.810     20.365     20.177     8.5871    30.0668  1023.4123    23.3191     8.5851     48.761    91.7664     1.2302      7.871     3.2794     4.6866    143.122    146.460  0.000e+00
   56.44470 -132.64614    118.942     20.251     20.065     8.5885    30.0653  1023.4104    23.3178     8.5866     48.808    91.7664     1.2302      7.871     3.2825     4.6910    143.256    146.596  0.000e+00
   56.44470 -132.64614    118.859     20.365     20.177     8.5900    30.0633  1023.4091    23.3160     8.5880     48.804    91.7664     1.2302      7.871     3.2822     4.6906    143.243    146.583  0.000e+00
   56.44470 -132.64614    118.674     20.251     20.065     8.5913    30.0604  1023.4061    23.3135     8.5893     48.798    91.6265     1.2302      7.871     3.2817     4.6899    143.222    146.561  0.000e+00
   56.44470 -132.64614    118.674     20.251     20.065     8.5918    30.0581  1023.4042    23.3116     8.5898     48.841    91.4587     1.2302      7.871     3.2846     4.6940    143.349    146.691  0.000e+00
   56.44470 -132.64614    118.674     20.251     20.065     8.5921    30.0555  1023.4022    23.3096     8.5902     48.832    91.4308     1.2302      7.871     3.2841     4.6933    143.326    146.667  0.000e+00
   56.44470 -132.64614    118.730     20.308     20.121     8.5926    30.0537  1023.4010    23.3081     8.5906     48.878    91.4587     1.2302      7.871     3.2872     4.6977    143.462    146.806  0.000e+00
   56.44470 -132.64614    118.553     20.130     19.945     8.5932    30.0524  1023.3990    23.3070     8.5913     48.866    91.4587     1.2302      7.871     3.2863     4.6965    143.425    146.768  0.000e+00
   56.44470 -132.64614    118.433     20.009     19.825     8.5939    30.0515  1023.3977    23.3062     8.5920     48.909    91.4587     1.2302      7.871     3.2892     4.7006    143.549    146.894  0.000e+00
   56.44470 -132.64614    118.554     20.130     19.945     8.5942    30.0501  1023.3971    23.3051     8.5923     48.951    91.4587     1.2302      7.871     3.2921     4.7047    143.675    147.023  0.000e+00
   56.44470 -132.64614    118.489     20.066     19.881     8.5946    30.0482  1023.3953    23.3035     8.5926     48.997    91.4587     1.2302      7.871     3.2952     4.7091    143.810    147.162  0.000e+00
   56.44470 -132.64614    118.465     20.042     19.857     8.5949    30.0467  1023.3939    23.3023     8.5930     48.992    91.4587     1.2302      7.871     3.2948     4.7086    143.795    147.146  0.000e+00
   56.44470 -132.64614    118.377     19.953     19.769     8.5959    30.0453  1023.3923    23.3011     8.5939     49.041    91.4587     1.2302      7.871     3.2980     4.7132    143.937    147.291  0.000e+00
   56.44470 -132.64614    118.433     20.009     19.825     8.5968    30.0436  1023.3911    23.2996     8.5949     49.033    91.4587     1.2302      7.871     3.2975     4.7125    143.913    147.266  0.000e+00
   56.44470 -132.64614    118.490     20.066     19.881     8.5977    30.0419  1023.3899    23.2981     8.5957     49.080    91.4587     1.2302      7.871     3.3006     4.7169    144.050    147.407  0.000e+00
   56.44470 -132.64616    118.377     19.953     19.769     8.6000    30.0398  1023.3874    23.2962     8.5980     49.131    91.4587     1.3182      7.871     3.3039     4.7216    144.193    147.552  0.000e+00
   56.44470 -132.64616    118.201     19.775     19.593     8.6017    30.0382  1023.3851    23.2946     8.5998     49.123    91.4587     1.3768      7.871     3.3033     4.7208    144.168    147.526  0.000e+00
   56.44470 -132.64616    118.257     19.832     19.649     8.6029    30.0369  1023.3841    23.2934     8.6010     49.116    91.4587     1.3768      7.871     3.3028     4.7200    144.145    147.503  0.000e+00
   56.44470 -132.64616    118.257     19.832     19.649     8.6042    30.0343  1023.3819    23.2912     8.6023     49.158    91.4587     1.3768      7.871     3.3055     4.7240    144.266    147.626  0.000e+00
   56.44470 -132.64616    118.257     19.832     19.649     8.6054    30.0317  1023.3797    23.2890     8.6035     49.142    91.4587     1.3768      7.871     3.3045     4.7224    144.218    147.577  0.000e+00
   56.44470 -132.64616    118.137     19.710     19.529     8.6072    30.0287  1023.3765    23.2864     8.6053     49.125    91.4587     1.3768      7.871     3.3032     4.7206    144.164    147.521  0.000e+00
   56.44470 -132.64616    118.313     19.888     19.705     8.6084    30.0270  1023.3758    23.2849     8.6065     49.164    91.4587     1.3768      7.871     3.3058     4.7243    144.276    147.636  0.000e+00
   56.44470 -132.64616    118.113     19.686     19.505     8.6089    30.0266  1023.3745    23.2845     8.6070     49.205    91.4587     1.3768      7.871     3.3085     4.7282    144.397    147.759  0.000e+00
   56.44470 -132.64616    118.017     19.589     19.409     8.6091    30.0265  1023.3740    23.2844     8.6071     49.191    91.5986     1.3768      7.871     3.3075     4.7268    144.354    147.715  0.000e+00
   56.44470 -132.64616    118.081     19.654     19.473     8.6084    30.0263  1023.3742    23.2843     8.6065     49.182    91.8783     1.3768      7.871     3.3070     4.7261    144.331    147.692  0.000e+00
   56.44470 -132.64616    118.017     19.589     19.409     8.6084    30.0247  1023.3727    23.2831     8.6065     49.166    91.9622     1.3768      7.871     3.3060     4.7246    144.286    147.645  0.000e+00
