EcoFOCI/data/1_SampleCollection/2022_GOA-OA_CruiseData/CTD_raw_BottleFile_RC0083/RC0083_046.ros
* Sea-Bird SBE 9 Data File:
* FileName = C:\Data\RC0083ctd\RC0083_046.hex
* Software Version Seasave V 7.26.7.107
* Temperature SN = 2060
* Conductivity SN = 1084
* Number of Bytes Per Scan = 31
* Number of Voltage Words = 4
* Number of Scans Averaged by the Deck Unit = 1
* NMEA Latitude = 58 00.67 N
* NMEA Longitude = 137 43.94 W
* NMEA UTC (Time) = Aug 19 2022  04:29:14
* NMEA baud rate = 4800
** Ship: R/V Rachel Carson
** Cruise ID: RC0083
** Tech: McHugh/Nomura
** Chief Scientist: Cross
** Station: SEM30
** Cast:  CTD046
# nquan = 21
# nvalues = 294                                   
# units = specified
# name 0 = latitude: Latitude [deg]
# name 1 = longitude: Longitude [deg]
# name 2 = sfdSM: Seafloor depth [salt water, m]
# name 3 = prDM: Pressure, Digiquartz [db]
# name 4 = depSM: Depth [salt water, m]
# name 5 = t090C: Temperature [ITS-90, deg C]
# name 6 = sal00: Salinity, Practical [PSU]
# name 7 = density00: Density [density, kg/m^3]
# name 8 = sigma-é00: Density [sigma-theta, kg/m^3]
# name 9 = potemp090C: Potential Temperature [ITS-90, deg C]
# name 10 = sbeox0PS: Oxygen, SBE 43 [% saturation]
# name 11 = CStarTr0: Beam Transmission, WET Labs C-Star [%]
# name 12 = flECO-AFL: Fluorescence, WET Labs ECO-AFL/FL [mg/m^3]
# name 13 = ph: pH
# name 14 = sbeox0ML/L: Oxygen, SBE 43 [ml/l]
# name 15 = sbeox0Mg/L: Oxygen, SBE 43 [mg/l]
# name 16 = sbox0Mm/Kg: Oxygen, SBE 43 [umol/kg]
# name 17 = sbeox0Mm/L: Oxygen, SBE 43 [umol/l]
# name 18 = scan: Scan Count
# name 19 = nbf: Bottles Fired
# name 20 = flag:  0.000e+00
# interval = seconds: 0.0416667
# start_time = Aug 19 2022 04:29:14 [NMEA time, header]
# bad_flag = -9.990e-29
*END*
[from data line 207]
   58.01022 -137.73316     82.932     11.217     11.112    14.3705    31.6264  1023.5553    23.5055    14.3689    100.803    97.7518     1.9042      8.302     5.9333     8.4793    258.895    264.981      16450          5  0.000e+00
   58.01022 -137.73316    104.160     11.249     11.144    14.3677    31.6276  1023.5569    23.5069    14.3661    100.805    97.7518     1.8749      8.302     5.9337     8.4798    258.911    264.997      16451          5  0.000e+00
   58.01022 -137.73316    111.047     11.249     11.144    14.3673    31.6270  1023.5565    23.5066    14.3657    100.753    97.7518     1.9042      8.302     5.9307     8.4756    258.782    264.865      16452          5  0.000e+00
   58.01022 -137.73316    110.851     11.249     11.144    14.3629    31.6287  1023.5588    23.5089    14.3613    100.750    97.7518     1.9042      8.302     5.9310     8.4760    258.793    264.877      16453          5  0.000e+00
   58.01022 -137.73316    110.060     11.338     11.232    14.3570    31.6307  1023.5619    23.5116    14.3554    100.749    97.7518     1.9042      8.302     5.9315     8.4768    258.817    264.903      16454          5  0.000e+00
   58.01022 -137.73316    109.760     11.305     11.200    14.3541    31.6307  1023.5624    23.5122    14.3525    100.746    97.7518     1.8749      8.302     5.9318     8.4771    258.826    264.912      16455          5  0.000e+00
   58.01022 -137.73316    109.784     11.305     11.200    14.3528    31.6307  1023.5627    23.5125    14.3512    100.745    97.7518     1.8456      8.302     5.9318     8.4772    258.830    264.916      16456          5  0.000e+00
   58.01022 -137.73316    109.896     11.394     11.288    14.3462    31.6308  1023.5645    23.5139    14.3445    100.746    97.7518     1.8163      8.302     5.9327     8.4784    258.866    264.953      16457          5  0.000e+00
   58.01022 -137.73316    109.897     11.370     11.264    14.3333    31.6339  1023.5695    23.5190    14.3317    100.746    97.7518     1.8163      8.302     5.9341     8.4804    258.928    265.017      16458          5  0.000e+00
   58.01022 -137.73316    109.953     11.427     11.320    14.3294    31.6364  1023.5725    23.5217    14.3278    100.748    97.7518     1.8163      8.302     5.9346     8.4811    258.947    265.038      16459          5  0.000e+00
   58.01022 -137.73314    110.009     11.483     11.376    14.3358    31.6337  1023.5693    23.5183    14.3342    100.749    97.7518     1.8163      8.302     5.9340     8.4803    258.923    265.013      16460          5  0.000e+00
   58.01022 -137.73314    109.977     11.451     11.344    14.3387    31.6325  1023.5677    23.5168    14.3371    100.751    97.7518     1.8163      8.302     5.9338     8.4800    258.914    265.003      16461          5  0.000e+00
   58.01022 -137.73314    110.009     11.483     11.376    14.3389    31.6327  1023.5679    23.5169    14.3373    100.754    97.7518     1.8163      8.302     5.9339     8.4802    258.920    265.009      16462          5  0.000e+00
   58.01022 -137.73314    110.073     11.548     11.440    14.3390    31.6327  1023.5682    23.5169    14.3374    100.758    97.7518     1.8163      8.302     5.9342     8.4805    258.930    265.019      16463          5  0.000e+00
   58.01022 -137.73314    110.073     11.548     11.440    14.3396    31.6324  1023.5678    23.5166    14.3380    100.762    97.7518     1.8163      8.302     5.9343     8.4807    258.938    265.027      16464          5  0.000e+00
   58.01022 -137.73314    110.161     11.637     11.528    14.3377    31.6321  1023.5684    23.5167    14.3360    100.767    97.7518     1.8163      8.302     5.9349     8.4816    258.963    265.053      16465          5  0.000e+00
   58.01022 -137.73314    110.129     11.604     11.496    14.3316    31.6333  1023.5704    23.5189    14.3300    100.714    97.7238     1.8163      8.302     5.9324     8.4781    258.855    264.943      16466          5  0.000e+00
   58.01022 -137.73314    110.185     11.661     11.552    14.3252    31.6350  1023.5733    23.5215    14.3236    100.763    97.7518     1.8163      8.302     5.9360     8.4832    259.011    265.104      16467          5  0.000e+00
   58.01022 -137.73314    110.249     11.725     11.616    14.3223    31.6359  1023.5749    23.5228    14.3207    100.765    97.7518     1.8163      8.302     5.9365     8.4838    259.029    265.122      16468          5  0.000e+00
   58.01022 -137.73314    110.273     11.750     11.640    14.3246    31.6369  1023.5753    23.5231    14.3229    100.766    97.7518     1.8163      8.302     5.9362     8.4835    259.020    265.113      16469          5  0.000e+00
   58.01022 -137.73314    110.305     11.782     11.672    14.3340    31.6356  1023.5725    23.5202    14.3323    100.715    97.7238     1.8163      8.302     5.9322     8.4776    258.842    264.930      16470          5  0.000e+00
   58.01022 -137.73314    110.369     11.847     11.736    14.3418    31.6340  1023.5699    23.5173    14.3401    100.766    97.7518     1.8163      8.302     5.9343     8.4807    258.935    265.024      16471          5  0.000e+00
   58.01022 -137.73314    110.369     11.847     11.736    14.3433    31.6333  1023.5691    23.5165    14.3416    100.716    97.7518     1.8163      8.302     5.9311     8.4762    258.799    264.885      16472          5  0.000e+00
   58.01022 -137.73314    110.393     11.871     11.760    14.3399    31.6333  1023.5699    23.5172    14.3382    100.714    97.7238     1.8163      8.302     5.9315     8.4767    258.813    264.900      16473          5  0.000e+00
   58.01022 -137.73314    110.481     11.960     11.848    14.3337    31.6336  1023.5718    23.5187    14.3320    100.715    97.7238     1.8163      8.302     5.9322     8.4778    258.846    264.933      16474          5  0.000e+00
   58.01022 -137.73314    110.481     11.960     11.848    14.3288    31.6340  1023.5731    23.5200    14.3271    100.714    97.7518     1.8163      8.302     5.9328     8.4786    258.870    264.958      16475          5  0.000e+00
   58.01022 -137.73314    110.513     11.992     11.880    14.3278    31.6354  1023.5745    23.5213    14.3261    100.715    97.7518     1.7577      8.302     5.9329     8.4787    258.874    264.963      16476          5  0.000e+00
   58.01022 -137.73314    110.601     12.081     11.968    14.3337    31.6352  1023.5736    23.5199    14.3320    100.664    97.7518     1.6991      8.302     5.9292     8.4734    258.712    264.797      16477          5  0.000e+00
   58.01022 -137.73314    110.577     12.081     11.968    14.3413    31.6345  1023.5715    23.5178    14.3395    100.713    97.7518     1.6991      8.302     5.9312     8.4763    258.801    264.887      16478          5  0.000e+00
   58.01022 -137.73314    110.657     12.137     12.024    14.3454    31.6326  1023.5694    23.5155    14.3437    100.663    97.7518     1.6991      8.302     5.9278     8.4715    258.654    264.737      16479          5  0.000e+00
   58.01022 -137.73314    110.689     12.170     12.057    14.3465    31.6332  1023.5698    23.5158    14.3448    100.662    97.7518     1.6991      8.302     5.9276     8.4711    258.644    264.726      16480          5  0.000e+00
   58.01022 -137.73314    110.721     12.202     12.089    14.3521    31.6313  1023.5673    23.5131    14.3503    100.661    97.7518     1.6991      8.302     5.9269     8.4702    258.616    264.697      16481          5  0.000e+00
   58.01022 -137.73314    110.777     12.258     12.145    14.3566    31.6306  1023.5660    23.5116    14.3549    100.661    97.7238     1.6991      8.302     5.9264     8.4695    258.595    264.675      16482          5  0.000e+00
   58.01022 -137.73314    110.841     12.323     12.209    14.3620    31.6285  1023.5636    23.5089    14.3603    100.657    97.7518     1.6991      8.302     5.9256     8.4683    258.560    264.638      16483          5  0.000e+00
   58.01022 -137.73316    110.865     12.347     12.233    14.3654    31.6279  1023.5626    23.5078    14.3636    100.653    97.7518     1.6991      8.302     5.9250     8.4674    258.533    264.611      16484          5  0.000e+00
   58.01022 -137.73316    110.897     12.380     12.265    14.3689    31.6270  1023.5612    23.5063    14.3672    100.650    97.7238     1.6991      8.302     5.9244     8.4666    258.509    264.585      16485          5  0.000e+00
   58.01022 -137.73316    110.953     12.436     12.321    14.3720    31.6262  1023.5602    23.5050    14.3702    100.648    97.7238     1.6991      8.302     5.9240     8.4659    258.489    264.564      16486          5  0.000e+00
   58.01022 -137.73316    110.953     12.436     12.321    14.3738    31.6256  1023.5594    23.5042    14.3721    100.646    97.6958     1.6991      8.302     5.9236     8.4655    258.474    264.550      16487          5  0.000e+00
   58.01016 -137.73326    101.515      2.909      2.882    14.5440    31.6247  1023.4807    23.4678    14.5435    101.379    97.2763     1.2302      8.301     5.9463     8.4979    259.474    265.563      17287          6  0.000e+00
   58.01016 -137.73326    101.490      2.909      2.882    14.5433    31.6241  1023.4804    23.4675    14.5428    101.375    97.2763     1.2595      8.306     5.9462     8.4978    259.470    265.559      17288          6  0.000e+00
   58.01016 -137.73326    101.539      2.933      2.906    14.5429    31.6240  1023.4805    23.4675    14.5425    101.373    97.2763     1.2595      8.301     5.9461     8.4976    259.465    265.554      17289          6  0.000e+00
   58.01016 -137.73326    101.395      2.788      2.762    14.5433    31.6234  1023.4793    23.4669    14.5429    101.369    97.2763     1.2595      8.306     5.9459     8.4973    259.455    265.543      17290          6  0.000e+00
   58.01016 -137.73326    101.595      2.990      2.962    14.5434    31.6232  1023.4800    23.4668    14.5430    101.370    97.2763     1.2595      8.301     5.9459     8.4973    259.457    265.545      17291          6  0.000e+00
   58.01016 -137.73326    101.395      2.788      2.762    14.5433    31.6239  1023.4797    23.4673    14.5429    101.367    97.2763     1.2595      8.306     5.9457     8.4970    259.448    265.536      17292          6  0.000e+00
   58.01016 -137.73326    101.475      2.869      2.842    14.5431    31.6236  1023.4798    23.4671    14.5427    101.367    97.2763     1.2595      8.306     5.9458     8.4972    259.451    265.540      17293          6  0.000e+00
   58.01016 -137.73326    101.459      2.853      2.826    14.5433    31.6236  1023.4797    23.4671    14.5429    101.368    97.2763     1.2595      8.306     5.9458     8.4971    259.451    265.539      17294          6  0.000e+00
   58.01016 -137.73326    101.419      2.812      2.786    14.5434    31.6241  1023.4799    23.4674    14.5430    101.368    97.2763     1.2595      8.306     5.9458     8.4971    259.451    265.539      17295          6  0.000e+00
   58.01016 -137.73326    101.395      2.788      2.762    14.5446    31.6239  1023.4794    23.4670    14.5442    101.370    97.2763     1.2595      8.306     5.9457     8.4971    259.448    265.537      17296          6  0.000e+00
   58.01016 -137.73326    101.395      2.788      2.762    14.5455    31.6244  1023.4796    23.4672    14.5451    101.372    97.2763     1.2595      8.306     5.9458     8.4971    259.449    265.537      17297          6  0.000e+00
   58.01016 -137.73326    101.355      2.748      2.722    14.5483    31.6242  1023.4787    23.4665    14.5479    101.374    97.2763     1.2595      8.306     5.9456     8.4968    259.440    265.529      17298          6  0.000e+00
   58.01016 -137.73326    101.339      2.731      2.706    14.5510    31.6233  1023.4773    23.4652    14.5506    101.378    97.2763     1.2595      8.306     5.9455     8.4967    259.437    265.525      17299          6  0.000e+00
   58.01016 -137.73326    101.355      2.748      2.722    14.5516    31.6236  1023.4775    23.4653    14.5512    101.382    97.2763     1.2595      8.301     5.9456     8.4969    259.445    265.533      17300          6  0.000e+00
   58.01016 -137.73326    101.339      2.731      2.706    14.5494    31.6250  1023.4790    23.4669    14.5490    101.387    97.2763     1.2595      8.306     5.9461     8.4976    259.466    265.554      17301          6  0.000e+00
   58.01016 -137.73326    101.299      2.691      2.666    14.5468    31.6261  1023.4802    23.4682    14.5464    101.386    97.2763     1.2595      8.306     5.9464     8.4980    259.476    265.566      17302          6  0.000e+00
   58.01016 -137.73326     72.435      2.667      2.642    14.5438    31.6281  1023.4823    23.4704    14.5434    101.392    97.2763     1.2595      8.306     5.9470     8.4989    259.503    265.594      17303          6  0.000e+00
   58.01016 -137.73326     45.694      2.691      2.666    14.5445    31.6287  1023.4827    23.4707    14.5441    101.399    97.2763     1.2595      8.306     5.9473     8.4993    259.516    265.607      17304          6  0.000e+00
   58.01016 -137.73326     40.120      2.610      2.586    14.5466    31.6284  1023.4816    23.4701    14.5462    101.405    97.2763     1.2595      8.301     5.9474     8.4995    259.521    265.612      17305          6  0.000e+00
   58.01016 -137.73326     41.414      2.610      2.586    14.5488    31.6283  1023.4811    23.4695    14.5485    101.413    97.2763     1.2595      8.306     5.9476     8.4997    259.530    265.621      17306          6  0.000e+00
   58.01016 -137.73326     42.513      2.635      2.610    14.5544    31.6261  1023.4784    23.4667    14.5540    101.422    97.2763     1.2595      8.306     5.9475     8.4996    259.527    265.617      17307          6  0.000e+00
   58.01016 -137.73326     42.628      2.554      2.530    14.5601    31.6235  1023.4748    23.4635    14.5597    101.430    97.2763     1.2888      8.306     5.9474     8.4995    259.522    265.612      17308          6  0.000e+00
   58.01016 -137.73326     42.659      2.635      2.610    14.5624    31.6233  1023.4745    23.4628    14.5621    101.435    97.2763     1.2888      8.301     5.9475     8.4995    259.524    265.614      17309          6  0.000e+00
   58.01016 -137.73326     42.530      2.554      2.530    14.5672    31.6204  1023.4709    23.4596    14.5668    101.439    97.2763     1.2888      8.301     5.9472     8.4992    259.514    265.603      17310          6  0.000e+00
   58.01016 -137.73326     42.490      2.514      2.490    14.5711    31.6187  1023.4686    23.4575    14.5707    101.443    97.2763     1.2888      8.306     5.9471     8.4990    259.509    265.597      17311          6  0.000e+00
   58.01016 -137.73326     42.530      2.554      2.530    14.5747    31.6188  1023.4681    23.4567    14.5744    101.449    97.2763     1.2888      8.306     5.9470     8.4989    259.506    265.593      17312          6  0.000e+00
   58.01016 -137.73326     42.490      2.514      2.490    14.5806    31.6175  1023.4657    23.4546    14.5802    101.455    97.2763     1.2888      8.306     5.9467     8.4984    259.492    265.578      17313          6  0.000e+00
   58.01016 -137.73326     42.466      2.489      2.466    14.5810    31.6201  1023.4675    23.4564    14.5807    101.461    97.2763     1.2888      8.306     5.9469     8.4987    259.501    265.588      17314          6  0.000e+00
   58.01016 -137.73326     42.466      2.489      2.466    14.5796    31.6224  1023.4695    23.4585    14.5793    101.463    97.2763     1.2888      8.306     5.9471     8.4990    259.508    265.596      17315          6  0.000e+00
   58.01016 -137.73326     42.434      2.457      2.434    14.5778    31.6236  1023.4707    23.4598    14.5774    101.464    97.2763     1.2888      8.306     5.9473     8.4993    259.520    265.608      17316          6  0.000e+00
