EcoFOCI/data/1_SampleCollection/2022_GOA-OA_CruiseData/CTD_raw_BottleFile_RC0083/RC0083_051.ros
* Sea-Bird SBE 9 Data File:
* FileName = C:\Data\RC0083ctd\RC0083_051.hex
* Software Version Seasave V 7.26.7.107
* Temperature SN = 2060
* Conductivity SN = 1084
* Number of Bytes Per Scan = 31
* Number of Voltage Words = 4
* Number of Scans Averaged by the Deck Unit = 1
* NMEA Latitude = 58 14.99 N
* NMEA Longitude = 136 56.67 W
* NMEA UTC (Time) = Aug 19 2022  09:41:15
* NMEA baud rate = 4800
** Ship: R/V Rachel Carson
** Cruise ID: RC0083
** Tech: McHugh/Nomura
** Chief Scientist: Cross
** Station: SEM0
** Cast:  CTD051
# nquan = 21
# nvalues = 343                                   
# units = specified
# name 0 = latitude: Latitude [deg]
# name 1 = longitude: Longitude [deg]
# name 2 = sfdSM: Seafloor depth [salt water, m]
# name 3 = prDM: Pressure, Digiquartz [db]
# name 4 = depSM: Depth [salt water, m]
# name 5 = t090C: Temperature [ITS-90, deg C]
# name 6 = sal00: Salinity, Practical [PSU]
# name 7 = density00: Density [density, kg/m^3]
# name 8 = sigma-é00: Density [sigma-theta, kg/m^3]
# name 9 = potemp090C: Potential Temperature [ITS-90, deg C]
# name 10 = sbeox0PS: Oxygen, SBE 43 [% saturation]
# name 11 = CStarTr0: Beam Transmission, WET Labs C-Star [%]
# name 12 = flECO-AFL: Fluorescence, WET Labs ECO-AFL/FL [mg/m^3]
# name 13 = ph: pH
# name 14 = sbeox0ML/L: Oxygen, SBE 43 [ml/l]
# name 15 = sbeox0Mg/L: Oxygen, SBE 43 [mg/l]
# name 16 = sbox0Mm/Kg: Oxygen, SBE 43 [umol/kg]
# name 17 = sbeox0Mm/L: Oxygen, SBE 43 [umol/l]
# name 18 = scan: Scan Count
# name 19 = nbf: Bottles Fired
# name 20 = flag:  0.000e+00
# interval = seconds: 0.0416667
# start_time = Aug 19 2022 09:41:15 [NMEA time, header]
# bad_flag = -9.990e-29
*END*
[from data line 69]
   58.25066 -136.94274    148.744    138.847    137.511     6.4490    32.8521  1026.4391    25.8009     6.4371     56.878    99.7655    -0.0591      7.873     3.9444     5.6370    171.727    176.158       7123          2  0.000e+00
   58.25066 -136.94274    148.624    138.725    137.391     6.4490    32.8523  1026.4387    25.8010     6.4371     56.933    99.7655    -0.0591      7.873     3.9483     5.6425    171.894    176.329       7124          2  0.000e+00
   58.25066 -136.94274    148.706    138.661    137.327     6.4495    32.8517  1026.4378    25.8005     6.4376     56.940    99.7655    -0.0591      7.873     3.9487     5.6431    171.913    176.348       7125          2  0.000e+00
   58.25066 -136.94274    148.829    138.661    137.327     6.4495    32.8512  1026.4375    25.8001     6.4376     56.947    99.7655    -0.0591      7.873     3.9492     5.6438    171.935    176.371       7126          2  0.000e+00
   58.25066 -136.94274    148.716    138.547    137.215     6.4495    32.8513  1026.4370    25.8002     6.4376     56.953    99.7655    -0.0591      7.873     3.9496     5.6444    171.954    176.391       7127          2  0.000e+00
   58.25066 -136.94274    148.716    138.547    137.215     6.4496    32.8515  1026.4371    25.8003     6.4378     56.960    99.7935    -0.0591      7.873     3.9501     5.6451    171.975    176.412       7128          2  0.000e+00
   58.25066 -136.94274    148.652    138.483    137.150     6.4496    32.8511  1026.4365    25.7999     6.4378     56.967    99.7935    -0.0591      7.873     3.9506     5.6458    171.996    176.433       7129          2  0.000e+00
   58.25066 -136.94274    148.687    138.369    137.038     6.4496    32.8510  1026.4360    25.7999     6.4378     56.917    99.7935    -0.0591      7.873     3.9471     5.6408    171.843    176.277       7130          2  0.000e+00
   58.25066 -136.94274    148.784    138.369    137.038     6.4500    32.8507  1026.4357    25.7996     6.4381     56.973    99.7935    -0.0591      7.873     3.9510     5.6463    172.013    176.451       7131          2  0.000e+00
   58.25066 -136.94274    148.720    138.305    136.974     6.4498    32.8507  1026.4353    25.7996     6.4380     56.980    99.7935    -0.0591      7.873     3.9515     5.6471    172.035    176.473       7132          2  0.000e+00
   58.25066 -136.94274    148.664    138.248    136.918     6.4500    32.8507  1026.4351    25.7996     6.4381     56.930    99.7935    -0.0591      7.868     3.9480     5.6421    171.884    176.318       7133          2  0.000e+00
   58.25066 -136.94274    148.624    138.183    136.854     6.4504    32.8502  1026.4343    25.7991     6.4386     56.930    99.7935    -0.0591      7.873     3.9480     5.6420    171.881    176.316       7134          2  0.000e+00
   58.25066 -136.94274    148.683    138.070    136.742     6.4501    32.8505  1026.4340    25.7994     6.4383     56.986    99.7935    -0.0591      7.873     3.9519     5.6476    172.052    176.491       7135          2  0.000e+00
   58.25066 -136.94274    148.756    138.070    136.742     6.4505    32.8500  1026.4337    25.7990     6.4387     56.937    99.7935    -0.0591      7.868     3.9485     5.6428    171.904    176.339       7136          2  0.000e+00
   58.25066 -136.94274    148.756    138.070    136.742     6.4505    32.8501  1026.4337    25.7990     6.4387     56.938    99.7935    -0.0591      7.868     3.9485     5.6428    171.906    176.341       7137          2  0.000e+00
   58.25066 -136.94274    148.692    138.005    136.678     6.4506    32.8502  1026.4335    25.7991     6.4388     56.987    99.7935    -0.0591      7.868     3.9519     5.6477    172.054    176.493       7138          2  0.000e+00
   58.25066 -136.94274    148.621    137.884    136.557     6.4511    32.8494  1026.4323    25.7984     6.4393     56.987    99.7935    -0.0591      7.868     3.9519     5.6476    172.051    176.490       7139          2  0.000e+00
   58.25066 -136.94274    148.792    137.884    136.557     6.4514    32.8490  1026.4319    25.7981     6.4396     56.987    99.7935    -0.0591      7.873     3.9518     5.6476    172.050    176.489       7140          2  0.000e+00
   58.25066 -136.94274    148.841    137.884    136.557     6.4516    32.8487  1026.4316    25.7978     6.4398     56.986    99.7935    -0.0591      7.873     3.9518     5.6475    172.049    176.488       7141          2  0.000e+00
   58.25066 -136.94274    148.729    137.770    136.445     6.4518    32.8486  1026.4310    25.7977     6.4400     56.936    99.7935    -0.0591      7.868     3.9483     5.6425    171.896    176.331       7142          2  0.000e+00
   58.25066 -136.94274    148.664    137.706    136.381     6.4524    32.8483  1026.4304    25.7974     6.4406     56.935    99.7935    -0.0591      7.868     3.9482     5.6424    171.893    176.327       7143          2  0.000e+00
   58.25066 -136.94274    148.738    137.706    136.381     6.4526    32.8480  1026.4301    25.7971     6.4408     56.984    99.7935    -0.0591      7.868     3.9516     5.6472    172.041    176.479       7144          2  0.000e+00
   58.25066 -136.94274    148.828    137.649    136.325     6.4527    32.8477  1026.4296    25.7968     6.4409     56.984    99.7935    -0.0591      7.868     3.9516     5.6472    172.038    176.476       7145          2  0.000e+00
   58.25066 -136.94274    148.853    137.649    136.325     6.4533    32.8472  1026.4291    25.7964     6.4416     56.983    99.7935    -0.0591      7.868     3.9515     5.6470    172.034    176.472       7146          2  0.000e+00
   58.25066 -136.94274    148.732    137.528    136.205     6.4535    32.8470  1026.4284    25.7962     6.4417     56.981    99.8494    -0.0591      7.868     3.9513     5.6468    172.028    176.466       7147          2  0.000e+00
   58.25066 -136.94274    148.788    137.584    136.261     6.4541    32.8467  1026.4283    25.7959     6.4424     56.988   100.2969    -0.0591      7.868     3.9518     5.6475    172.048    176.486       7148          2  0.000e+00
   58.25066 -136.94274    148.830    137.528    136.205     6.4545    32.8459  1026.4274    25.7952     6.4427     56.995   100.5207    -0.0591      7.868     3.9522     5.6481    172.066    176.505       7149          2  0.000e+00
   58.25066 -136.94274    148.872    137.471    136.149     6.4551    32.8451  1026.4264    25.7945     6.4433     57.001   100.5487    -0.0591      7.868     3.9526     5.6487    172.084    176.523       7150          2  0.000e+00
   58.25066 -136.94274    148.896    137.471    136.149     6.4553    32.8449  1026.4262    25.7943     6.4435     56.951   100.5207    -0.0591      7.868     3.9491     5.6437    171.933    176.367       7151          2  0.000e+00
   58.25088 -136.94238    193.158    101.402    100.435     7.5288    31.8940  1025.3672    24.9028     7.5194     56.656    94.5074     0.0874      7.903     3.8567     5.5116    168.056    172.241       9476          3  0.000e+00
   58.25088 -136.94238    200.379    101.345    100.379     7.5286    31.8936  1025.3667    24.9026     7.5193     56.601    94.5074     0.0874      7.903     3.8530     5.5063    167.895    172.076       9477          3  0.000e+00
   58.25088 -136.94238    200.338    101.377    100.411     7.5288    31.8933  1025.3666    24.9023     7.5194     56.596    94.5074     0.0874      7.903     3.8527     5.5059    167.880    172.061       9478          3  0.000e+00
   58.25088 -136.94238    199.263    101.402    100.435     7.5286    31.8936  1025.3670    24.9026     7.5193     56.591    94.5074     0.0874      7.903     3.8524     5.5054    167.866    172.046       9479          3  0.000e+00
   58.25088 -136.94238    199.058    101.491    100.523     7.5280    31.8934  1025.3673    24.9025     7.5187     56.587    94.5074     0.0874      7.903     3.8522     5.5051    167.857    172.037       9480          3  0.000e+00
   58.25088 -136.94238    199.195    101.580    100.611     7.5277    31.8938  1025.3681    24.9029     7.5183     56.584    94.5074     0.0874      7.903     3.8519     5.5048    167.847    172.027       9481          3  0.000e+00
   58.25088 -136.94238    199.195    101.555    100.587     7.5273    31.8943  1025.3684    24.9033     7.5179     56.580    94.5074     0.0874      7.903     3.8517     5.5044    167.836    172.016       9482          3  0.000e+00
   58.25088 -136.94238    199.300    101.636    100.667     7.5273    31.8943  1025.3687    24.9033     7.5179     56.577    94.5074     0.0874      7.903     3.8515     5.5041    167.827    172.006       9483          3  0.000e+00
   58.25088 -136.94238    199.396    101.733    100.763     7.5275    31.8940  1025.3690    24.9030     7.5181     56.574    94.5074     0.0874      7.903     3.8513     5.5038    167.818    171.998       9484          3  0.000e+00
   58.25088 -136.94238    199.420    101.757    100.788     7.5273    31.8944  1025.3694    24.9034     7.5179     56.563    94.5074     0.0874      7.903     3.8506     5.5028    167.788    171.966       9485          3  0.000e+00
   58.25088 -136.94238    199.516    101.855    100.884     7.5272    31.8942  1025.3697    24.9032     7.5178     56.553    94.5074     0.0874      7.903     3.8499     5.5019    167.759    171.936       9486          3  0.000e+00
   58.25088 -136.94238    199.596    101.935    100.964     7.5270    31.8941  1025.3700    24.9032     7.5176     56.543    94.5074     0.1167      7.903     3.8492     5.5009    167.729    171.906       9487          3  0.000e+00
   58.25088 -136.94238    199.636    101.976    101.004     7.5265    31.8945  1025.3706    24.9036     7.5171     56.541    94.5074     0.1167      7.903     3.8491     5.5007    167.723    171.900       9488          3  0.000e+00
   58.25088 -136.94238    199.636    102.000    101.028     7.5265    31.8947  1025.3709    24.9037     7.5171     56.538    94.5074     0.1167      7.903     3.8489     5.5004    167.715    171.891       9489          3  0.000e+00
   58.25088 -136.94238    199.812    102.154    101.180     7.5264    31.8951  1025.3719    24.9040     7.5170     56.537    94.5074     0.1167      7.903     3.8488     5.5003    167.711    171.888       9490          3  0.000e+00
   58.25088 -136.94238    199.893    102.235    101.260     7.5264    31.8945  1025.3718    24.9036     7.5170     56.535    94.5074     0.1167      7.903     3.8487     5.5002    167.707    171.884       9491          3  0.000e+00
   58.25088 -136.94238    199.836    102.178    101.204     7.5259    31.8948  1025.3718    24.9038     7.5165     56.533    94.4794     0.1167      7.903     3.8486     5.5000    167.702    171.879       9492          3  0.000e+00
   58.25088 -136.94238    199.925    102.267    101.292     7.5257    31.8949  1025.3724    24.9040     7.5163     56.532    94.4514     0.1167      7.903     3.8486     5.5000    167.700    171.877       9493          3  0.000e+00
   58.25088 -136.94238    200.013    102.356    101.380     7.5260    31.8945  1025.3724    24.9036     7.5166     56.531    94.4234     0.1167      7.903     3.8485     5.4999    167.697    171.874       9494          3  0.000e+00
   58.25088 -136.94238    200.045    102.388    101.412     7.5260    31.8945  1025.3725    24.9036     7.5166     56.531    94.4234     0.1167      7.903     3.8484     5.4998    167.695    171.872       9495          3  0.000e+00
   58.25088 -136.94238    200.013    102.356    101.380     7.5255    31.8946  1025.3725    24.9038     7.5161     56.530    94.4234     0.1167      7.903     3.8484     5.4998    167.695    171.871       9496          3  0.000e+00
   58.25088 -136.94238    199.989    102.332    101.356     7.5255    31.8949  1025.3727    24.9040     7.5161     56.529    94.4234     0.1167      7.903     3.8484     5.4997    167.693    171.869       9497          3  0.000e+00
   58.25088 -136.94238    200.013    102.356    101.380     7.5254    31.8951  1025.3730    24.9042     7.5160     56.530    94.4234     0.1167      7.903     3.8484     5.4998    167.694    171.870       9498          3  0.000e+00
   58.25088 -136.94238    199.989    102.332    101.356     7.5249    31.8950  1025.3728    24.9042     7.5155     56.474    94.4234     0.1167      7.903     3.8447     5.4944    167.530    171.702       9499          3  0.000e+00
   58.25088 -136.94238    200.013    102.356    101.380     7.5247    31.8952  1025.3731    24.9043     7.5153     56.524    94.4234     0.1167      7.903     3.8481     5.4993    167.679    171.855       9500          3  0.000e+00
   58.25088 -136.94238    200.045    102.388    101.412     7.5246    31.8951  1025.3732    24.9043     7.5152     56.525    94.4234     0.1167      7.903     3.8482     5.4994    167.683    171.859       9501          3  0.000e+00
   58.25088 -136.94238    190.953    102.356    101.380     7.5246    31.8953  1025.3732    24.9044     7.5151     56.526    94.4234     0.1167      7.903     3.8483     5.4996    167.687    171.863       9502          3  0.000e+00
   58.25088 -136.94238    160.135    102.356    101.380     7.5244    31.8955  1025.3734    24.9046     7.5150     56.528    94.4234     0.1167      7.903     3.8484     5.4997    167.693    171.869       9503          3  0.000e+00
   58.25088 -136.94238    148.396    102.388    101.412     7.5246    31.8957  1025.3737    24.9048     7.5152     56.531    94.4234     0.1167      7.903     3.8485     5.4999    167.699    171.875       9504          3  0.000e+00
   58.25088 -136.94238    147.991    102.299    101.324     7.5249    31.8952  1025.3728    24.9043     7.5155     56.532    94.4234     0.1167      7.903     3.8486     5.5001    167.704    171.880       9505          3  0.000e+00
   58.25088 -136.94238    149.317    102.332    101.356     7.5249    31.8955  1025.3732    24.9045     7.5155     56.535    94.4234     0.1167      7.903     3.8488     5.5004    167.712    171.889       9506          3  0.000e+00
   58.25088 -136.94238    149.660    102.235    101.260     7.5244    31.8957  1025.3730    24.9048     7.5150     56.538    94.4234     0.1167      7.903     3.8490     5.5007    167.721    171.898       9507          3  0.000e+00
   58.25088 -136.94238    149.717    102.267    101.292     7.5238    31.8963  1025.3737    24.9054     7.5144     56.541    94.4234     0.0874      7.903     3.8493     5.5011    167.734    171.911       9508          3  0.000e+00
   58.25088 -136.94238    149.524    102.121    101.148     7.5238    31.8962  1025.3730    24.9053     7.5144     56.488    94.4234     0.0874      7.903     3.8457     5.4959    167.575    171.749       9509          3  0.000e+00
   58.25088 -136.94238    149.644    102.267    101.292     7.5239    31.8960  1025.3734    24.9051     7.5145     56.542    94.4234     0.0874      7.903     3.8494     5.5011    167.735    171.913       9510          3  0.000e+00
   58.25088 -136.94238    149.499    102.121    101.148     7.5238    31.8964  1025.3731    24.9054     7.5144     56.546    94.4234     0.0874      7.903     3.8496     5.5015    167.746    171.924       9511          3  0.000e+00
   58.25088 -136.94238    149.580    102.154    101.180     7.5238    31.8962  1025.3731    24.9053     7.5144     56.551    94.4514     0.0874      7.903     3.8500     5.5020    167.761    171.939       9512          3  0.000e+00
   58.25088 -136.94238    149.597    102.121    101.148     7.5241    31.8959  1025.3727    24.9049     7.5147     56.556    94.6192     0.0874      7.903     3.8503     5.5024    167.775    171.954       9513          3  0.000e+00
   58.25088 -136.94238    149.501    102.000    101.028     7.5239    31.8959  1025.3722    24.9050     7.5145     56.560    94.6752     0.0874      7.903     3.8506     5.5029    167.790    171.968       9514          3  0.000e+00
