EcoFOCI/data/1_SampleCollection/2022_GOA-OA_CruiseData/CTD_raw_BottleFile_RC0083/RC0083_075.cnv
* Sea-Bird SBE 9 Data File:
* FileName = C:\Data\RC0083ctd\RC0083_075.hex
* Software Version Seasave V 7.26.7.107
* Temperature SN = 2060
* Conductivity SN = 1084
* Number of Bytes Per Scan = 31
* Number of Voltage Words = 4
* Number of Scans Averaged by the Deck Unit = 1
* NMEA Latitude = 58 29.33 N
* NMEA Longitude = 136 03.82 W
* NMEA UTC (Time) = Aug 21 2022  03:18:24
* NMEA baud rate = 4800
** Ship: R/V Rachel Carson
** Cruise ID: RC0083
** Tech: McHugh/Nomura
** Chief Scientist: Cross
** Station: GB02
** Cast:  CTD075
# nquan = 19
# nvalues = 8662                                  
# units = specified
# name 0 = latitude: Latitude [deg]
# name 1 = longitude: Longitude [deg]
# name 2 = sfdSM: Seafloor depth [salt water, m]
# name 3 = prDM: Pressure, Digiquartz [db]
# name 4 = depSM: Depth [salt water, m]
# name 5 = t090C: Temperature [ITS-90, deg C]
# name 6 = sal00: Salinity, Practical [PSU]
# name 7 = density00: Density [density, kg/m^3]
# name 8 = sigma-é00: Density [sigma-theta, kg/m^3]
# name 9 = potemp090C: Potential Temperature [ITS-90, deg C]
# name 10 = sbeox0PS: Oxygen, SBE 43 [% saturation]
# name 11 = CStarTr0: Beam Transmission, WET Labs C-Star [%]
# name 12 = flECO-AFL: Fluorescence, WET Labs ECO-AFL/FL [mg/m^3]
# name 13 = ph: pH
# name 14 = sbeox0ML/L: Oxygen, SBE 43 [ml/l]
# name 15 = sbeox0Mg/L: Oxygen, SBE 43 [mg/l]
# name 16 = sbox0Mm/Kg: Oxygen, SBE 43 [umol/kg]
# name 17 = sbeox0Mm/L: Oxygen, SBE 43 [umol/l]
# name 18 = flag:  0.000e+00
# span 0 =   58.48766,   58.48878                 
# span 1 = -136.06362, -136.06326                 
# span 2 =      7.434,    113.439                 
# span 3 =      2.017,     78.954                 
# span 4 =      1.998,     78.204                 
# span 5 =     7.8280,     9.6412                 
# span 6 =    21.3996,    30.9524                 
# span 7 =  1016.4194,  1024.4805                 
# span 8 =    16.4067,    24.1194                 
# span 9 =     7.8241,     9.6410                 
# span 10 =     58.868,    108.720                
# span 11 =    59.1266,    89.8365                
# span 12 =     0.2925,     6.2998                
# span 13 =      7.907,      8.320                
# span 14 =     4.0037,     7.5039                
# span 15 =     5.7216,    10.7238                
# span 16 =    174.593,    329.244                
# span 17 =    178.803,    335.123                
# span 18 = 0.0000e+00, 0.0000e+00                
# interval = seconds: 0.0416667
# start_time = Aug 21 2022 03:18:24 [NMEA time, header]
# bad_flag = -9.990e-29
*END*
[from data line 4191]
   58.48788 -136.06330     88.453     67.973     67.330     7.8447    30.8598  1024.3581    24.0466     7.8384     59.711    89.6687     0.3511      7.916     4.0629     5.8063    177.187    181.448  0.000e+00
   58.48788 -136.06330     88.517     68.038     67.394     7.8446    30.8616  1024.3598    24.0481     7.8383     59.709    89.6407     0.3511      7.916     4.0628     5.8061    177.182    181.442  0.000e+00
   58.48788 -136.06330     88.501     68.046     67.402     7.8445    30.8639  1024.3617    24.0499     7.8382     59.708    89.6687     0.3511      7.916     4.0626     5.8059    177.176    181.438  0.000e+00
   58.48788 -136.06330     88.444     68.038     67.394     7.8444    30.8637  1024.3615    24.0497     7.8381     59.757    89.6687     0.3511      7.916     4.0659     5.8106    177.320    181.585  0.000e+00
   58.48788 -136.06330     88.419     68.038     67.394     7.8447    30.8631  1024.3610    24.0492     7.8384     59.701    89.6967     0.3511      7.916     4.0621     5.8052    177.154    181.415  0.000e+00
   58.48788 -136.06330     88.355     67.973     67.330     7.8447    30.8636  1024.3611    24.0496     7.8384     59.694    89.6967     0.3511      7.911     4.0616     5.8045    177.133    181.393  0.000e+00
   58.48788 -136.06330     88.419     68.038     67.394     7.8447    30.8632  1024.3611    24.0493     7.8384     59.688    89.6687     0.3511      7.916     4.0613     5.8040    177.117    181.376  0.000e+00
   58.48788 -136.06330     88.475     68.095     67.450     7.8446    30.8618  1024.3602    24.0482     7.8383     59.683    89.6967     0.3511      7.916     4.0610     5.8036    177.105    181.364  0.000e+00
   58.48788 -136.06330     88.435     68.103     67.458     7.8447    30.8598  1024.3587    24.0467     7.8384     59.679    89.6687     0.3511      7.916     4.0607     5.8032    177.093    181.351  0.000e+00
   58.48788 -136.06330     88.371     68.038     67.394     7.8446    30.8585  1024.3574    24.0456     7.8383     59.674    89.6687     0.3511      7.916     4.0604     5.8028    177.081    181.339  0.000e+00
   58.48788 -136.06330     88.371     68.038     67.394     7.8446    30.8576  1024.3567    24.0450     7.8383     59.615    89.6687     0.3511      7.916     4.0564     5.7971    176.907    181.160  0.000e+00
   58.48788 -136.06330     88.427     68.095     67.450     7.8447    30.8566  1024.3561    24.0441     7.8384     59.605    89.6687     0.3511      7.916     4.0558     5.7962    176.879    181.132  0.000e+00
   58.48788 -136.06330     88.378     68.095     67.450     7.8446    30.8551  1024.3550    24.0430     7.8383     59.596    89.6687     0.3511      7.916     4.0553     5.7954    176.855    181.108  0.000e+00
   58.48788 -136.06330     88.353     68.095     67.450     7.8447    30.8538  1024.3539    24.0419     7.8384     59.588    89.6687     0.3511      7.911     4.0547     5.7946    176.833    181.084  0.000e+00
   58.48788 -136.06330     88.353     68.095     67.450     7.8447    30.8528  1024.3532    24.0412     7.8384     59.581    89.6687     0.3511      7.916     4.0543     5.7939    176.813    181.063  0.000e+00
   58.48788 -136.06330     88.425     68.167     67.522     7.8445    30.8524  1024.3532    24.0409     7.8382     59.576    89.6687     0.3511      7.911     4.0539     5.7934    176.797    181.047  0.000e+00
   58.48788 -136.06330     88.353     68.095     67.450     7.8447    30.8512  1024.3519    24.0399     7.8384     59.570    89.6687     0.3511      7.916     4.0535     5.7929    176.780    181.030  0.000e+00
   58.48788 -136.06330     88.417     68.159     67.514     7.8447    30.8516  1024.3525    24.0402     7.8384     59.558    89.6687     0.3511      7.911     4.0527     5.7918    176.746    180.995  0.000e+00
   58.48788 -136.06330     88.378     68.095     67.450     7.8447    30.8532  1024.3535    24.0415     7.8384     59.554    89.6687     0.3511      7.911     4.0524     5.7913    176.731    180.980  0.000e+00
   58.48788 -136.06330     88.442     68.159     67.514     7.8446    30.8541  1024.3545    24.0422     7.8383     59.551    89.6687     0.3511      7.916     4.0522     5.7910    176.723    180.972  0.000e+00
   58.48788 -136.06330     88.442     68.159     67.514     7.8449    30.8536  1024.3541    24.0418     7.8385     59.549    89.6687     0.3511      7.911     4.0520     5.7908    176.716    180.965  0.000e+00
   58.48788 -136.06330     88.450     68.167     67.522     7.8445    30.8543  1024.3547    24.0423     7.8382     59.548    89.6687     0.3511      7.911     4.0520     5.7907    176.713    180.962  0.000e+00
   58.48788 -136.06330     88.353     68.095     67.450     7.8447    30.8541  1024.3542    24.0422     7.8384     59.547    89.6407     0.3511      7.911     4.0519     5.7906    176.710    180.959  0.000e+00
   58.48788 -136.06330     88.473     68.216     67.570     7.8447    30.8543  1024.3549    24.0424     7.8384     59.549    89.6128     0.3511      7.916     4.0520     5.7907    176.714    180.963  0.000e+00
   58.48788 -136.06330     88.473     68.216     67.570     7.8447    30.8555  1024.3558    24.0432     7.8384     59.495    89.6128     0.3511      7.911     4.0483     5.7854    176.552    180.797  0.000e+00
   58.48788 -136.06330     88.353     68.095     67.450     7.8446    30.8590  1024.3581    24.0461     7.8383     59.489    89.6128     0.3511      7.916     4.0479     5.7848    176.532    180.777  0.000e+00
   58.48788 -136.06330     88.473     68.216     67.570     7.8447    30.8641  1024.3626    24.0500     7.8384     59.487    89.6128     0.3511      7.911     4.0475     5.7843    176.518    180.763  0.000e+00
   58.48788 -136.06330     88.378     68.095     67.450     7.8445    30.8685  1024.3655    24.0535     7.8382     59.484    89.6128     0.3511      7.916     4.0472     5.7839    176.504    180.750  0.000e+00
   58.48788 -136.06330     88.562     68.281     67.634     7.8444    30.8705  1024.3679    24.0551     7.8380     59.540    89.6128     0.3511      7.916     4.0510     5.7893    176.669    180.919  0.000e+00
   58.48788 -136.06330     88.498     68.216     67.570     7.8446    30.8716  1024.3685    24.0560     7.8383     59.491    89.5848     0.3511      7.916     4.0476     5.7845    176.521    180.768  0.000e+00
   58.48788 -136.06330     88.498     68.216     67.570     7.8447    30.8725  1024.3692    24.0566     7.8384     59.485    89.6128     0.3511      7.911     4.0472     5.7838    176.501    180.747  0.000e+00
   58.48788 -136.06330     88.417     68.159     67.514     7.8446    30.8732  1024.3695    24.0572     7.8383     59.486    89.6128     0.3511      7.916     4.0473     5.7840    176.506    180.752  0.000e+00
   58.48788 -136.06330     88.449     68.216     67.570     7.8446    30.8742  1024.3705    24.0579     7.8383     59.490    89.6128     0.3511      7.911     4.0475     5.7843    176.515    180.762  0.000e+00
   58.48788 -136.06330     88.449     68.216     67.570     7.8446    30.8758  1024.3718    24.0592     7.8383     59.495    89.6128     0.3511      7.911     4.0478     5.7847    176.527    180.774  0.000e+00
   58.48788 -136.06330     88.513     68.281     67.634     7.8445    30.8759  1024.3722    24.0594     7.8382     59.501    89.6128     0.3511      7.911     4.0482     5.7853    176.545    180.793  0.000e+00
   58.48788 -136.06330     88.449     68.216     67.570     7.8447    30.8746  1024.3708    24.0583     7.8384     59.500    89.6128     0.3511      7.916     4.0481     5.7852    176.543    180.790  0.000e+00
   58.48788 -136.06330     88.449     68.216     67.570     7.8449    30.8732  1024.3697    24.0571     7.8385     59.500    89.6128     0.3511      7.916     4.0482     5.7853    176.545    180.792  0.000e+00
   58.48788 -136.06330     88.569     68.337     67.690     7.8445    30.8713  1024.3688    24.0557     7.8382     59.502    89.6128     0.3511      7.911     4.0484     5.7856    176.555    180.802  0.000e+00
   58.48788 -136.06330     88.449     68.216     67.570     7.8446    30.8695  1024.3668    24.0543     7.8383     59.503    89.6128     0.3511      7.916     4.0485     5.7858    176.560    180.808  0.000e+00
   58.48788 -136.06330     88.505     68.272     67.626     7.8447    30.8681  1024.3660    24.0532     7.8384     59.507    89.6128     0.3511      7.911     4.0488     5.7861    176.572    180.819  0.000e+00
   58.48788 -136.06330     88.505     68.272     67.626     7.8444    30.8681  1024.3661    24.0532     7.8380     59.511    89.6128     0.3511      7.911     4.0491     5.7865    176.585    180.832  0.000e+00
   58.48788 -136.06330     88.513     68.281     67.634     7.8447    30.8683  1024.3661    24.0533     7.8384     59.515    89.6128     0.3511      7.911     4.0494     5.7870    176.597    180.845  0.000e+00
   58.48788 -136.06330     88.545     68.337     67.690     7.8449    30.8690  1024.3670    24.0539     7.8385     59.522    89.6407     0.3511      7.911     4.0498     5.7875    176.614    180.862  0.000e+00
   58.48788 -136.06330     88.456     68.272     67.626     7.8447    30.8713  1024.3685    24.0557     7.8384     59.528    89.6687     0.3511      7.911     4.0501     5.7880    176.630    180.879  0.000e+00
   58.48788 -136.06330     88.456     68.272     67.626     7.8446    30.8730  1024.3698    24.0570     7.8382     59.535    89.6687     0.3511      7.911     4.0506     5.7887    176.650    180.900  0.000e+00
   58.48788 -136.06330     88.545     68.337     67.690     7.8449    30.8734  1024.3704    24.0573     7.8385     59.544    89.6687     0.3511      7.911     4.0512     5.7895    176.675    180.925  0.000e+00
   58.48788 -136.06330     88.520     68.337     67.690     7.8445    30.8713  1024.3688    24.0557     7.8382     59.553    89.6687     0.3511      7.911     4.0519     5.7905    176.706    180.957  0.000e+00
   58.48788 -136.06330     88.496     68.337     67.690     7.8446    30.8679  1024.3662    24.0531     7.8382     59.563    89.6687     0.3511      7.911     4.0527     5.7917    176.740    180.992  0.000e+00
   58.48788 -136.06330     88.384     68.224     67.578     7.8447    30.8669  1024.3648    24.0522     7.8384     59.566    89.6687     0.3511      7.911     4.0529     5.7919    176.749    181.000  0.000e+00
   58.48788 -136.06330     88.552     68.394     67.746     7.8446    30.8670  1024.3657    24.0523     7.8382     59.516    89.6687     0.3511      7.911     4.0495     5.7871    176.601    180.849  0.000e+00
   58.48788 -136.06330     88.471     68.337     67.690     7.8449    30.8667  1024.3652    24.0521     7.8385     59.513    89.6687     0.3511      7.911     4.0493     5.7868    176.593    180.840  0.000e+00
   58.48788 -136.06330     88.423     68.337     67.690     7.8447    30.8665  1024.3650    24.0519     7.8384     59.568    89.6687     0.3511      7.911     4.0530     5.7921    176.755    181.006  0.000e+00
   58.48788 -136.06330     88.454     68.394     67.746     7.8447    30.8689  1024.3671    24.0538     7.8384     59.582    89.6687     0.3511      7.911     4.0539     5.7934    176.795    181.047  0.000e+00
   58.48788 -136.06330     88.398     68.337     67.690     7.8445    30.8715  1024.3690    24.0559     7.8382     59.589    89.6687     0.3511      7.911     4.0543     5.7940    176.813    181.067  0.000e+00
   58.48786 -136.06330     88.462     68.402     67.754     7.8446    30.8731  1024.3705    24.0571     7.8382     59.542    89.6687     0.3511      7.911     4.0511     5.7894    176.671    180.921  0.000e+00
   58.48786 -136.06330     88.430     68.394     67.746     7.8447    30.8744  1024.3715    24.0581     7.8384     59.544    89.6687     0.3511      7.911     4.0512     5.7895    176.674    180.924  0.000e+00
   58.48786 -136.06330     88.325     68.337     67.690     7.8449    30.8752  1024.3719    24.0588     7.8385     59.546    89.6687     0.3511      7.911     4.0513     5.7897    176.679    180.930  0.000e+00
   58.48786 -136.06330     88.381     68.394     67.746     7.8447    30.8761  1024.3728    24.0595     7.8384     59.550    89.6687     0.3511      7.911     4.0515     5.7900    176.690    180.941  0.000e+00
   58.48786 -136.06330     88.469     68.458     67.810     7.8447    30.8775  1024.3742    24.0606     7.8384     59.555    89.6687     0.3511      7.911     4.0518     5.7905    176.703    180.955  0.000e+00
   58.48786 -136.06330     88.381     68.394     67.746     7.8447    30.8784  1024.3746    24.0612     7.8384     59.553    89.6687     0.3511      7.911     4.0516     5.7902    176.695    180.946  0.000e+00
   58.48786 -136.06330     88.405     68.394     67.746     7.8446    30.8792  1024.3753    24.0619     7.8382     59.551    89.6687     0.3511      7.911     4.0515     5.7900    176.690    180.941  0.000e+00
   58.48786 -136.06330     88.438     68.402     67.754     7.8446    30.8796  1024.3756    24.0622     7.8382     59.550    89.6687     0.3511      7.911     4.0515     5.7899    176.687    180.938  0.000e+00
   58.48786 -136.06330     88.494     68.458     67.810     7.8449    30.8796  1024.3758    24.0622     7.8385     59.550    89.6128     0.3511      7.911     4.0514     5.7899    176.686    180.937  0.000e+00
   58.48786 -136.06330     88.494     68.458     67.810     7.8447    30.8804  1024.3765    24.0628     7.8384     59.551    89.5848     0.3511      7.911     4.0515     5.7899    176.686    180.938  0.000e+00
   58.48786 -136.06330     88.494     68.458     67.810     7.8447    30.8810  1024.3770    24.0633     7.8384     59.552    89.5848     0.3511      7.911     4.0515     5.7900    176.688    180.940  0.000e+00
   58.48786 -136.06330     88.421     68.458     67.810     7.8444    30.8821  1024.3778    24.0642     7.8380     59.553    89.5848     0.3511      7.911     4.0516     5.7902    176.693    180.945  0.000e+00
   58.48786 -136.06330     88.396     68.458     67.810     7.8446    30.8827  1024.3783    24.0646     7.8382     59.555    89.5848     0.3511      7.911     4.0517     5.7903    176.697    180.949  0.000e+00
   58.48786 -136.06330     88.428     68.515     67.866     7.8446    30.8828  1024.3787    24.0648     7.8382     59.558    89.5848     0.3511      7.911     4.0519     5.7906    176.706    180.959  0.000e+00
   58.48786 -136.06330     88.460     68.523     67.874     7.8444    30.8826  1024.3786    24.0646     7.8380     59.562    89.5848     0.3511      7.911     4.0522     5.7910    176.717    180.970  0.000e+00
   58.48786 -136.06330     88.452     68.515     67.866     7.8449    30.8809  1024.3771    24.0632     7.8385     59.565    89.5848     0.3511      7.911     4.0524     5.7913    176.729    180.982  0.000e+00
   58.48786 -136.06330     88.403     68.515     67.866     7.8446    30.8799  1024.3764    24.0625     7.8382     59.570    89.5848     0.3511      7.911     4.0528     5.7918    176.745    180.998  0.000e+00
   58.48786 -136.06330     88.403     68.515     67.866     7.8447    30.8795  1024.3760    24.0621     7.8384     59.575    89.5848     0.3511      7.911     4.0531     5.7923    176.760    181.013  0.000e+00
   58.48786 -136.06330     88.459     68.572     67.922     7.8445    30.8787  1024.3757    24.0615     7.8382     59.581    89.5848     0.3511      7.911     4.0536     5.7930    176.780    181.033  0.000e+00
   58.48786 -136.06330     88.403     68.515     67.866     7.8446    30.8785  1024.3753    24.0614     7.8382     59.579    89.5848     0.3511      7.911     4.0535     5.7928    176.775    181.028  0.000e+00
   58.48786 -136.06330     88.459     68.572     67.922     7.8447    30.8784  1024.3754    24.0613     7.8384     59.579    89.5848     0.3511      7.911     4.0534     5.7928    176.773    181.026  0.000e+00
