EcoFOCI/data/1_SampleCollection/2022_GOA-OA_CruiseData/CTD_raw_BottleFile_RC0083/RC0083_009.ros
* Sea-Bird SBE 9 Data File:
* FileName = C:\Data\RC0083ctd\RC0083_009.hex
* Software Version Seasave V 7.26.7.107
* Temperature SN = 2060
* Conductivity SN = 1084
* Number of Bytes Per Scan = 31
* Number of Voltage Words = 4
* Number of Scans Averaged by the Deck Unit = 1
* NMEA Latitude = 55 12.86 N
* NMEA Longitude = 135 21.01 W
* NMEA UTC (Time) = Aug 12 2022  22:34:59
* NMEA baud rate = 4800
** Ship: R/V Rachel Carson
** Cruise ID: RC0083 RC0083
** Tech: McHugh/Nomura
** Chief Scientist: Cross Cross
** Station: POW8
** Cast:  009
# nquan = 21
# nvalues = 588                                   
# units = specified
# name 0 = latitude: Latitude [deg]
# name 1 = longitude: Longitude [deg]
# name 2 = sfdSM: Seafloor depth [salt water, m]
# name 3 = prDM: Pressure, Digiquartz [db]
# name 4 = depSM: Depth [salt water, m]
# name 5 = t090C: Temperature [ITS-90, deg C]
# name 6 = sal00: Salinity, Practical [PSU]
# name 7 = density00: Density [density, kg/m^3]
# name 8 = sigma-é00: Density [sigma-theta, kg/m^3]
# name 9 = potemp090C: Potential Temperature [ITS-90, deg C]
# name 10 = sbeox0PS: Oxygen, SBE 43 [% saturation]
# name 11 = CStarTr0: Beam Transmission, WET Labs C-Star [%]
# name 12 = flECO-AFL: Fluorescence, WET Labs ECO-AFL/FL [mg/m^3]
# name 13 = ph: pH
# name 14 = sbeox0ML/L: Oxygen, SBE 43 [ml/l]
# name 15 = sbeox0Mg/L: Oxygen, SBE 43 [mg/l]
# name 16 = sbox0Mm/Kg: Oxygen, SBE 43 [umol/kg]
# name 17 = sbeox0Mm/L: Oxygen, SBE 43 [umol/l]
# name 18 = scan: Scan Count
# name 19 = nbf: Bottles Fired
# name 20 = flag:  0.000e+00
# interval = seconds: 0.0416667
# start_time = Aug 12 2022 22:34:59 [NMEA time, header]
# bad_flag = -9.990e-29
*END*
[from data line 138]
   55.21638 -135.35156    849.086    758.680    750.454     3.8316    34.2320  1030.7040    27.1978     3.7770      4.194   106.8976    -0.0884      7.619     0.3067     0.4382     13.333     13.695      54927          3  0.000e+00
   55.21638 -135.35156    849.022    758.615    750.389     3.8316    34.2322  1030.7039    27.1980     3.7770      4.249   106.8976    -0.0884      7.619     0.3107     0.4441     13.510     13.877      54928          3  0.000e+00
   55.21638 -135.35156    849.102    758.697    750.470     3.8319    34.2323  1030.7043    27.1980     3.7772      4.240   106.8976    -0.0884      7.619     0.3100     0.4431     13.479     13.846      54929          3  0.000e+00
   55.21638 -135.35156    849.062    758.680    750.454     3.8318    34.2324  1030.7044    27.1982     3.7771      4.241   106.8696    -0.0884      7.619     0.3101     0.4432     13.483     13.850      54930          3  0.000e+00
   55.21638 -135.35156    849.143    758.738    750.510     3.8316    34.2321  1030.7044    27.1980     3.7770      4.243   106.8976    -0.0884      7.619     0.3102     0.4433     13.488     13.855      54931          3  0.000e+00
   55.21638 -135.35156    849.103    758.697    750.470     3.8316    34.2320  1030.7042    27.1979     3.7769      4.244   106.8976    -0.0884      7.619     0.3103     0.4435     13.492     13.859      54932          3  0.000e+00
   55.21638 -135.35156    849.022    758.615    750.389     3.8313    34.2326  1030.7043    27.1984     3.7766      4.245   106.8976    -0.0884      7.619     0.3104     0.4436     13.497     13.864      54933          3  0.000e+00
   55.21638 -135.35156    849.321    758.918    750.688     3.8316    34.2319  1030.7051    27.1978     3.7769      4.247   106.8976    -0.1177      7.619     0.3105     0.4438     13.501     13.869      54934          3  0.000e+00
   55.21638 -135.35156    849.103    758.697    750.470     3.8313    34.2323  1030.7044    27.1981     3.7767      4.248   106.8976    -0.0884      7.619     0.3106     0.4439     13.505     13.873      54935          3  0.000e+00
   55.21694 -135.35206    599.617    506.169    500.984     4.3836    34.0771  1029.3548    27.0158     4.3460      9.700   107.0095    -0.1177      7.637     0.7006     1.0013     30.467     31.290      65053          4  0.000e+00
   55.21694 -135.35206    599.231    505.779    500.598     4.3839    34.0769  1029.3528    27.0156     4.3464      9.691   107.0095    -0.0884      7.637     0.6999     1.0003     30.437     31.259      65054          4  0.000e+00
   55.21694 -135.35206    599.174    505.722    500.542     4.3839    34.0773  1029.3529    27.0160     4.3463      9.743   107.0095    -0.1177      7.637     0.7037     1.0057     30.602     31.429      65055          4  0.000e+00
   55.21694 -135.35206    599.319    505.868    500.687     4.3841    34.0765  1029.3529    27.0153     4.3466      9.682   106.9815    -0.0884      7.637     0.6993     0.9994     30.410     31.232      65056          4  0.000e+00
   55.21694 -135.35206    599.231    505.779    500.598     4.3837    34.0774  1029.3532    27.0160     4.3462      9.673   107.0095    -0.0884      7.637     0.6986     0.9984     30.380     31.201      65057          4  0.000e+00
   55.21694 -135.35206    599.295    505.844    500.663     4.3839    34.0769  1029.3531    27.0156     4.3464      9.725   107.0095    -0.0884      7.637     0.7024     1.0038     30.545     31.370      65058          4  0.000e+00
   55.21694 -135.35206    599.134    505.681    500.502     4.3837    34.0769  1029.3523    27.0156     4.3462      9.725   107.0095    -0.1177      7.637     0.7024     1.0038     30.544     31.370      65059          4  0.000e+00
   55.21694 -135.35206    599.054    505.600    500.421     4.3839    34.0768  1029.3519    27.0156     4.3464      9.735   107.0095    -0.0884      7.637     0.7031     1.0048     30.575     31.401      65060          4  0.000e+00
   55.21694 -135.35206    599.174    505.722    500.542     4.3837    34.0768  1029.3525    27.0156     4.3462      9.745   107.0095    -0.0884      7.637     0.7038     1.0058     30.606     31.433      65061          4  0.000e+00
   55.21694 -135.35206    599.319    505.868    500.687     4.3838    34.0766  1029.3530    27.0154     4.3463      9.755   107.0095    -0.0884      7.637     0.7045     1.0069     30.637     31.465      65062          4  0.000e+00
   55.21694 -135.35206    599.110    505.657    500.478     4.3837    34.0767  1029.3521    27.0155     4.3462      9.764   106.9815    -0.0884      7.637     0.7052     1.0079     30.667     31.496      65063          4  0.000e+00
   55.21694 -135.35206    598.933    505.478    500.300     4.3838    34.0765  1029.3511    27.0154     4.3463      9.763   106.9815    -0.0884      7.637     0.7052     1.0078     30.665     31.494      65064          4  0.000e+00
   55.21694 -135.35206    599.199    505.746    500.566     4.3840    34.0764  1029.3522    27.0152     4.3465      9.763   106.9815    -0.0884      7.637     0.7052     1.0077     30.664     31.492      65065          4  0.000e+00
   55.21694 -135.35206    598.989    505.535    500.357     4.3838    34.0766  1029.3514    27.0154     4.3463      9.761   106.9815    -0.0884      7.637     0.7050     1.0076     30.659     31.487      65066          4  0.000e+00
   55.21694 -135.35206    599.134    505.681    500.502     4.3842    34.0765  1029.3520    27.0153     4.3466      9.760   106.9815    -0.0884      7.637     0.7049     1.0074     30.654     31.482      65067          4  0.000e+00
   55.21694 -135.35206    599.054    505.600    500.421     4.3843    34.0765  1029.3516    27.0153     4.3468      9.758   106.9815    -0.0884      7.637     0.7048     1.0072     30.647     31.475      65068          4  0.000e+00
   55.21694 -135.35206    598.877    505.421    500.244     4.3842    34.0765  1029.3508    27.0153     4.3467      9.755   106.9815    -0.0884      7.637     0.7046     1.0069     30.639     31.467      65069          4  0.000e+00
   55.21694 -135.35206    599.134    505.681    500.502     4.3841    34.0760  1029.3516    27.0149     4.3466      9.763   106.9815    -0.0884      7.637     0.7051     1.0077     30.664     31.492      65070          4  0.000e+00
   55.21694 -135.35206    598.933    505.478    500.301     4.3843    34.0761  1029.3508    27.0150     4.3468      9.770   106.9815    -0.0884      7.637     0.7057     1.0085     30.686     31.515      65071          4  0.000e+00
   55.21694 -135.35206    598.933    505.478    500.301     4.3846    34.0762  1029.3508    27.0150     4.3471      9.777   106.9815    -0.0884      7.637     0.7062     1.0092     30.708     31.538      65072          4  0.000e+00
   55.21694 -135.35206    598.957    505.502    500.325     4.3845    34.0761  1029.3508    27.0149     4.3470      9.785   106.9815    -0.0884      7.637     0.7067     1.0100     30.732     31.562      65073          4  0.000e+00
   55.21694 -135.35206    598.933    505.478    500.301     4.3848    34.0760  1029.3506    27.0148     4.3473      9.792   106.9815    -0.0884      7.637     0.7072     1.0107     30.754     31.585      65074          4  0.000e+00
   55.21694 -135.35206    598.877    505.421    500.244     4.3847    34.0762  1029.3505    27.0150     4.3472      9.789   106.9815    -0.0884      7.637     0.7070     1.0104     30.745     31.576      65075          4  0.000e+00
   55.21694 -135.35206    598.893    505.437    500.261     4.3848    34.0759  1029.3503    27.0147     4.3473      9.786   106.9815    -0.0884      7.637     0.7068     1.0101     30.735     31.565      65076          4  0.000e+00
   55.21694 -135.35206    598.813    505.356    500.180     4.3848    34.0762  1029.3502    27.0150     4.3473      9.782   106.9815    -0.0884      7.637     0.7065     1.0097     30.723     31.553      65077          4  0.000e+00
   55.21694 -135.35206    598.837    505.380    500.204     4.3848    34.0762  1029.3503    27.0150     4.3473      9.788   106.9815    -0.0884      7.637     0.7070     1.0103     30.742     31.573      65078          4  0.000e+00
   55.21694 -135.35206    598.813    505.356    500.180     4.3845    34.0766  1029.3506    27.0153     4.3470      9.784   106.9815    -0.1177      7.637     0.7067     1.0099     30.730     31.560      65079          4  0.000e+00
   55.21694 -135.35206    598.756    505.299    500.124     4.3849    34.0763  1029.3500    27.0151     4.3474      9.779   106.9815    -0.0884      7.637     0.7063     1.0094     30.715     31.545      65080          4  0.000e+00
   55.21694 -135.35206    598.893    505.437    500.261     4.3850    34.0761  1029.3505    27.0149     4.3475      9.775   106.9815    -0.0884      7.637     0.7060     1.0089     30.700     31.530      65081          4  0.000e+00
   55.21694 -135.35206    598.636    505.177    500.003     4.3849    34.0762  1029.3493    27.0149     4.3474      9.769   106.9815    -0.0884      7.637     0.7056     1.0084     30.683     31.511      65082          4  0.000e+00
   55.21694 -135.35206    598.756    505.299    500.124     4.3851    34.0760  1029.3498    27.0148     4.3476      9.774   106.9815    -0.0884      7.637     0.7059     1.0088     30.697     31.526      65083          4  0.000e+00
   55.21694 -135.35206    598.837    505.380    500.204     4.3848    34.0760  1029.3502    27.0148     4.3473      9.778   107.0095    -0.0884      7.637     0.7063     1.0093     30.712     31.541      65084          4  0.000e+00
   55.21694 -135.35206    598.636    505.177    500.003     4.3847    34.0765  1029.3496    27.0152     4.3472      9.783   107.0095    -0.0884      7.637     0.7066     1.0097     30.725     31.555      65085          4  0.000e+00
   55.21694 -135.35206    598.877    505.421    500.245     4.3848    34.0764  1029.3507    27.0152     4.3473      9.787   107.0095    -0.0884      7.637     0.7069     1.0102     30.740     31.570      65086          4  0.000e+00
   55.21694 -135.35206    598.716    505.258    500.084     4.3847    34.0762  1029.3497    27.0149     4.3472      9.792   107.0095    -0.0884      7.637     0.7072     1.0107     30.754     31.584      65087          4  0.000e+00
   55.21694 -135.35206    598.571    505.112    499.939     4.3848    34.0762  1029.3491    27.0150     4.3473      9.796   107.0095    -0.0884      7.637     0.7075     1.0111     30.767     31.598      65088          4  0.000e+00
   55.21694 -135.35206    598.837    505.380    500.204     4.3847    34.0762  1029.3504    27.0150     4.3472      9.739   107.0095    -0.0884      7.637     0.7034     1.0053     30.589     31.415      65089          4  0.000e+00
   55.21694 -135.35206    598.692    505.234    500.060     4.3848    34.0760  1029.3495    27.0148     4.3473      9.796   107.0095    -0.0884      7.637     0.7075     1.0111     30.766     31.597      65090          4  0.000e+00
   55.21694 -135.35206    598.756    505.299    500.124     4.3845    34.0761  1029.3499    27.0149     4.3470      9.801   107.0095    -0.0884      7.637     0.7079     1.0116     30.782     31.614      65091          4  0.000e+00
   55.21694 -135.35206    598.716    505.258    500.084     4.3845    34.0765  1029.3500    27.0152     4.3470      9.806   107.0095    -0.0884      7.637     0.7082     1.0121     30.797     31.629      65092          4  0.000e+00
   55.21694 -135.35206    598.692    505.234    500.060     4.3847    34.0763  1029.3497    27.0151     4.3472      9.749   107.0095    -0.0884      7.637     0.7041     1.0063     30.619     31.446      65093          4  0.000e+00
   55.21694 -135.35206    598.636    505.177    500.003     4.3845    34.0763  1029.3495    27.0151     4.3470      9.796   107.0095    -0.0884      7.637     0.7075     1.0111     30.766     31.597      65094          4  0.000e+00
   55.21694 -135.35206    598.837    505.381    500.205     4.3843    34.0761  1029.3503    27.0149     4.3468      9.729   107.0095    -0.0884      7.637     0.7027     1.0042     30.557     31.382      65095          4  0.000e+00
   55.21694 -135.35206    598.571    505.112    499.939     4.3845    34.0767  1029.3495    27.0154     4.3470      9.724   107.0095    -0.0884      7.637     0.7023     1.0037     30.540     31.365      65096          4  0.000e+00
   55.21694 -135.35206    598.757    505.299    500.124     4.3842    34.0764  1029.3502    27.0152     4.3467      9.709   107.0095    -0.0884      7.637     0.7013     1.0022     30.495     31.319      65097          4  0.000e+00
   55.21694 -135.35206    598.894    505.438    500.261     4.3841    34.0769  1029.3512    27.0156     4.3466      9.756   107.0095    -0.0884      7.637     0.7047     1.0071     30.643     31.471      65098          4  0.000e+00
   55.21694 -135.35206    598.692    505.234    500.060     4.3843    34.0765  1029.3499    27.0152     4.3468      9.751   107.0095    -0.1177      7.637     0.7043     1.0065     30.626     31.453      65099          4  0.000e+00
   55.21694 -135.35206    598.894    505.438    500.261     4.3841    34.0767  1029.3511    27.0154     4.3466      9.745   107.0095    -0.0884      7.637     0.7039     1.0059     30.609     31.435      65100          4  0.000e+00
   55.21694 -135.35206    598.813    505.356    500.181     4.3845    34.0762  1029.3502    27.0150     4.3470      9.739   107.0095    -0.0884      7.637     0.7034     1.0053     30.589     31.415      65101          4  0.000e+00
   55.21734 -135.35244    349.709    253.521    251.076     5.4618    33.8430  1027.8748    26.7067     5.4415     27.378   106.9815    -0.0884      7.736     1.9303     2.7586     83.966     86.209      74876          5  0.000e+00
   55.21734 -135.35244    349.974    253.788    251.341     5.4618    33.8424  1027.8756    26.7061     5.4414     27.438   106.9535    -0.0884      7.731     1.9346     2.7647     84.150     86.397      74877          5  0.000e+00
   55.21734 -135.35244    349.653    253.464    251.020     5.4610    33.8431  1027.8747    26.7068     5.4407     27.446   106.9815    -0.0884      7.731     1.9351     2.7655     84.175     86.423      74878          5  0.000e+00
   55.21734 -135.35244    349.854    253.667    251.221     5.4602    33.8428  1027.8755    26.7066     5.4399     27.397   106.9815    -0.0884      7.731     1.9317     2.7606     84.027     86.271      74879          5  0.000e+00
   55.21734 -135.35244    349.829    253.642    251.197     5.4593    33.8432  1027.8758    26.7071     5.4389     27.398   106.9815    -0.0884      7.731     1.9318     2.7608     84.031     86.275      74880          5  0.000e+00
   55.21734 -135.35244    349.773    253.586    251.141     5.4580    33.8440  1027.8764    26.7079     5.4376     27.399   106.9815    -0.0884      7.731     1.9319     2.7609     84.036     86.280      74881          5  0.000e+00
   55.21734 -135.35244    349.974    253.788    251.342     5.4580    33.8444  1027.8776    26.7082     5.4376     27.459   106.9535    -0.0884      7.731     1.9362     2.7670     84.222     86.471      74882          5  0.000e+00
   55.21734 -135.35244    349.709    253.521    251.077     5.4585    33.8448  1027.8767    26.7084     5.4381     27.468   106.9535    -0.0884      7.731     1.9368     2.7679     84.248     86.498      74883          5  0.000e+00
   55.21734 -135.35244    349.974    253.788    251.342     5.4601    33.8438  1027.8769    26.7075     5.4397     27.479   106.9535    -0.0884      7.736     1.9375     2.7689     84.279     86.530      74884          5  0.000e+00
   55.21734 -135.35244    349.709    253.521    251.077     5.4614    33.8439  1027.8756    26.7074     5.4410     27.488   106.9535    -0.0884      7.731     1.9381     2.7697     84.303     86.555      74885          5  0.000e+00
