EcoFOCI/data/1_SampleCollection/2022_GOA-OA_CruiseData/CTD_raw_BottleFile_RC0083/RC0083_053.ros
* Sea-Bird SBE 9 Data File:
* FileName = C:\Data\RC0083ctd\RC0083_053.hex
* Software Version Seasave V 7.26.7.107
* Temperature SN = 2060
* Conductivity SN = 1084
* Number of Bytes Per Scan = 31
* Number of Voltage Words = 4
* Number of Scans Averaged by the Deck Unit = 1
* NMEA Latitude = 58 19.84 N
* NMEA Longitude = 136 06.98 W
* NMEA UTC (Time) = Aug 19 2022  13:35:11
* NMEA baud rate = 4800
** Ship: R/V Rachel Carson
** Cruise ID: RC0083
** Tech: McHugh/Nomura
** Chief Scientist: Cross
** Station: GB24
** Cast:  CTD053
# nquan = 21
# nvalues = 245                                   
# units = specified
# name 0 = latitude: Latitude [deg]
# name 1 = longitude: Longitude [deg]
# name 2 = sfdSM: Seafloor depth [salt water, m]
# name 3 = prDM: Pressure, Digiquartz [db]
# name 4 = depSM: Depth [salt water, m]
# name 5 = t090C: Temperature [ITS-90, deg C]
# name 6 = sal00: Salinity, Practical [PSU]
# name 7 = density00: Density [density, kg/m^3]
# name 8 = sigma-é00: Density [sigma-theta, kg/m^3]
# name 9 = potemp090C: Potential Temperature [ITS-90, deg C]
# name 10 = sbeox0PS: Oxygen, SBE 43 [% saturation]
# name 11 = CStarTr0: Beam Transmission, WET Labs C-Star [%]
# name 12 = flECO-AFL: Fluorescence, WET Labs ECO-AFL/FL [mg/m^3]
# name 13 = ph: pH
# name 14 = sbeox0ML/L: Oxygen, SBE 43 [ml/l]
# name 15 = sbeox0Mg/L: Oxygen, SBE 43 [mg/l]
# name 16 = sbox0Mm/Kg: Oxygen, SBE 43 [umol/kg]
# name 17 = sbeox0Mm/L: Oxygen, SBE 43 [umol/l]
# name 18 = scan: Scan Count
# name 19 = nbf: Bottles Fired
# name 20 = flag:  0.000e+00
# interval = seconds: 0.0416667
# start_time = Aug 19 2022 13:35:11 [NMEA time, header]
# bad_flag = -9.990e-29
*END*
   58.33150 -136.11310    134.204    125.863    124.655     7.3504    32.1350  1025.6936    25.1170     7.3389     52.511    83.2358     0.1167      7.884     3.5836     5.1213    156.121    160.042       5714          1  0.000e+00
   58.33150 -136.11310    134.027    125.685    124.479     7.3504    32.1352  1025.6929    25.1172     7.3389     52.502    83.2358     0.1167      7.884     3.5829     5.1203    156.091    160.012       5715          1  0.000e+00
   58.33150 -136.11310    134.148    125.807    124.599     7.3505    32.1355  1025.6937    25.1174     7.3391     52.494    83.2358     0.1460      7.884     3.5823     5.1195    156.067    159.987       5716          1  0.000e+00
   58.33150 -136.11310    134.228    125.863    124.655     7.3504    32.1351  1025.6937    25.1171     7.3389     52.542    83.2358     0.1460      7.884     3.5856     5.1242    156.210    160.134       5717          1  0.000e+00
   58.33150 -136.11310    134.116    125.750    124.543     7.3502    32.1352  1025.6932    25.1172     7.3387     52.539    83.2358     0.1460      7.884     3.5855     5.1240    156.204    160.128       5718          1  0.000e+00
   58.33150 -136.11310    134.172    125.807    124.599     7.3504    32.1354  1025.6936    25.1173     7.3389     52.546    83.2358     0.1460      7.879     3.5859     5.1246    156.222    160.146       5719          1  0.000e+00
   58.33150 -136.11310    134.172    125.807    124.599     7.3502    32.1355  1025.6937    25.1174     7.3387     52.552    83.2358     0.1753      7.879     3.5863     5.1252    156.240    160.165       5720          1  0.000e+00
   58.33150 -136.11310    134.172    125.807    124.599     7.3504    32.1354  1025.6937    25.1173     7.3389     52.557    83.2358     0.1753      7.884     3.5867     5.1257    156.257    160.182       5721          1  0.000e+00
   58.33150 -136.11310    134.172    125.807    124.599     7.3509    32.1352  1025.6934    25.1171     7.3394     52.507    83.2358     0.1753      7.884     3.5832     5.1208    156.105    160.026       5722          1  0.000e+00
   58.33150 -136.11310    134.172    125.807    124.599     7.3505    32.1350  1025.6933    25.1170     7.3391     52.506    83.2358     0.1753      7.884     3.5832     5.1207    156.103    160.024       5723          1  0.000e+00
   58.33150 -136.11310    134.172    125.807    124.599     7.3504    32.1351  1025.6934    25.1171     7.3389     52.553    83.2358     0.1753      7.884     3.5864     5.1254    156.245    160.170       5724          1  0.000e+00
   58.33150 -136.11310    134.228    125.863    124.655     7.3509    32.1347  1025.6933    25.1167     7.3394     52.496    83.2358     0.1753      7.879     3.5825     5.1197    156.073    159.993       5725          1  0.000e+00
   58.33150 -136.11310    134.116    125.750    124.543     7.3507    32.1352  1025.6932    25.1171     7.3392     52.542    83.2358     0.1753      7.879     3.5857     5.1243    156.212    160.135       5726          1  0.000e+00
   58.33150 -136.11310    134.252    125.863    124.655     7.3502    32.1355  1025.6940    25.1174     7.3387     52.549    83.2358     0.1753      7.884     3.5861     5.1250    156.233    160.157       5727          1  0.000e+00
   58.33150 -136.11310    134.196    125.807    124.599     7.3505    32.1353  1025.6935    25.1172     7.3391     52.555    83.2358     0.1753      7.884     3.5865     5.1255    156.248    160.173       5728          1  0.000e+00
   58.33150 -136.11310    134.196    125.807    124.599     7.3504    32.1355  1025.6937    25.1174     7.3389     52.561    83.2358     0.1753      7.884     3.5869     5.1260    156.266    160.191       5729          1  0.000e+00
   58.33150 -136.11310    134.196    125.807    124.599     7.3504    32.1353  1025.6936    25.1172     7.3389     52.567    83.2358     0.1753      7.879     3.5873     5.1266    156.284    160.210       5730          1  0.000e+00
   58.33150 -136.11310    134.196    125.807    124.599     7.3502    32.1354  1025.6937    25.1174     7.3387     52.516    83.3198     0.1753      7.884     3.5839     5.1217    156.135    160.057       5731          1  0.000e+00
   58.33150 -136.11310    134.252    125.863    124.655     7.3505    32.1355  1025.6939    25.1174     7.3390     52.564    83.5155     0.1753      7.884     3.5871     5.1263    156.275    160.200       5732          1  0.000e+00
   58.33150 -136.11310    134.221    125.807    124.599     7.3505    32.1354  1025.6936    25.1173     7.3391     52.513    83.5715     0.1753      7.884     3.5836     5.1214    156.124    160.046       5733          1  0.000e+00
   58.33150 -136.11310    134.196    125.807    124.599     7.3502    32.1353  1025.6936    25.1172     7.3387     52.512    83.5715     0.1753      7.884     3.5836     5.1213    156.122    160.043       5734          1  0.000e+00
   58.33150 -136.11310    134.221    125.807    124.599     7.3504    32.1351  1025.6934    25.1171     7.3389     52.511    83.5715     0.1753      7.884     3.5835     5.1212    156.119    160.040       5735          1  0.000e+00
   58.33150 -136.11308    134.301    125.863    124.655     7.3503    32.1353  1025.6939    25.1173     7.3388     52.503    83.5715     0.1753      7.884     3.5830     5.1204    156.095    160.016       5736          1  0.000e+00
   58.33150 -136.11308    134.301    125.863    124.655     7.3504    32.1354  1025.6939    25.1173     7.3389     52.494    83.5715     0.1753      7.884     3.5824     5.1196    156.069    159.989       5737          1  0.000e+00
   58.33150 -136.11308    134.245    125.806    124.599     7.3504    32.1351  1025.6934    25.1171     7.3389     52.493    83.5715     0.1753      7.879     3.5823     5.1195    156.067    159.987       5738          1  0.000e+00
   58.33150 -136.11308    134.245    125.806    124.599     7.3500    32.1355  1025.6938    25.1174     7.3386     52.493    83.5715     0.1753      7.884     3.5823     5.1195    156.067    159.987       5739          1  0.000e+00
   58.33150 -136.11308    134.301    125.863    124.655     7.3504    32.1352  1025.6937    25.1172     7.3389     52.493    83.5715     0.1460      7.879     3.5823     5.1195    156.067    159.987       5740          1  0.000e+00
   58.33150 -136.11308    134.245    125.806    124.599     7.3502    32.1350  1025.6934    25.1170     7.3387     52.493    83.5715     0.1460      7.884     3.5823     5.1195    156.068    159.988       5741          1  0.000e+00
   58.33150 -136.11308    134.301    125.863    124.655     7.3504    32.1353  1025.6938    25.1172     7.3389     52.487    83.5715     0.1460      7.879     3.5819     5.1188    156.046    159.966       5742          1  0.000e+00
   58.33150 -136.11308    134.245    125.806    124.599     7.3504    32.1353  1025.6936    25.1172     7.3389     52.487    83.5715     0.1167      7.884     3.5819     5.1189    156.047    159.967       5743          1  0.000e+00
   58.33150 -136.11308    134.301    125.863    124.655     7.3504    32.1354  1025.6939    25.1173     7.3389     52.488    83.5715     0.1460      7.884     3.5820     5.1190    156.051    159.971       5744          1  0.000e+00
   58.33150 -136.11308    134.301    125.863    124.655     7.3505    32.1349  1025.6935    25.1169     7.3390     52.482    83.5715     0.1460      7.884     3.5815     5.1183    156.032    159.951       5745          1  0.000e+00
   58.33150 -136.11308    134.245    125.806    124.599     7.3504    32.1354  1025.6936    25.1173     7.3389     52.531    83.5715     0.1460      7.884     3.5849     5.1232    156.179    160.101       5746          1  0.000e+00
   58.33150 -136.11308    134.245    125.806    124.599     7.3505    32.1352  1025.6934    25.1171     7.3391     52.475    83.5715     0.1460      7.884     3.5811     5.1177    156.013    159.931       5747          1  0.000e+00
   58.33150 -136.11308    134.301    125.863    124.655     7.3503    32.1355  1025.6940    25.1174     7.3388     52.469    83.5715     0.1460      7.884     3.5807     5.1171    155.994    159.912       5748          1  0.000e+00
   58.33150 -136.11308    134.301    125.863    124.655     7.3504    32.1355  1025.6940    25.1174     7.3389     52.462    83.5715     0.1460      7.884     3.5802     5.1164    155.973    159.891       5749          1  0.000e+00
   58.33150 -136.11308    134.245    125.806    124.599     7.3502    32.1351  1025.6934    25.1171     7.3387     52.463    83.5715     0.1460      7.884     3.5802     5.1165    155.976    159.894       5750          1  0.000e+00
   58.33150 -136.11308    134.301    125.863    124.655     7.3505    32.1351  1025.6937    25.1171     7.3390     52.464    83.5435     0.1167      7.884     3.5803     5.1166    155.979    159.897       5751          1  0.000e+00
   58.33150 -136.11308    134.301    125.863    124.655     7.3502    32.1352  1025.6938    25.1172     7.3387     52.466    83.4037     0.1167      7.884     3.5805     5.1168    155.985    159.903       5752          1  0.000e+00
   58.33150 -136.11308    134.301    125.863    124.655     7.3503    32.1350  1025.6936    25.1171     7.3388     52.468    83.3198     0.1460      7.884     3.5806     5.1170    155.991    159.909       5753          1  0.000e+00
   58.33150 -136.11308    134.373    125.936    124.727     7.3500    32.1358  1025.6946    25.1177     7.3385     52.470    83.3198     0.1460      7.884     3.5808     5.1173    155.999    159.917       5754          1  0.000e+00
   58.33150 -136.11308    134.341    125.928    124.719     7.3505    32.1352  1025.6940    25.1171     7.3390     52.465    83.3477     0.1167      7.884     3.5804     5.1167    155.982    159.899       5755          1  0.000e+00
   58.33150 -136.11308    134.252    125.863    124.655     7.3502    32.1356  1025.6941    25.1175     7.3387     52.459    83.3477     0.1460      7.884     3.5800     5.1162    155.966    159.883       5756          1  0.000e+00
   58.33150 -136.11308    134.252    125.863    124.655     7.3504    32.1353  1025.6938    25.1172     7.3389     52.454    83.3477     0.1460      7.884     3.5796     5.1157    155.949    159.866       5757          1  0.000e+00
   58.33150 -136.11308    134.277    125.863    124.655     7.3505    32.1353  1025.6938    25.1172     7.3390     52.449    83.3477     0.1460      7.879     3.5793     5.1151    155.933    159.850       5758          1  0.000e+00
   58.33150 -136.11308    134.316    125.928    124.719     7.3504    32.1354  1025.6942    25.1173     7.3389     52.452    83.3198     0.1460      7.884     3.5795     5.1154    155.942    159.859       5759          1  0.000e+00
   58.33150 -136.11308    134.252    125.863    124.655     7.3504    32.1355  1025.6940    25.1174     7.3389     52.454    83.3477     0.1167      7.884     3.5796     5.1156    155.949    159.866       5760          1  0.000e+00
   58.33150 -136.11308    134.252    125.863    124.655     7.3504    32.1353  1025.6938    25.1172     7.3389     52.457    83.3477     0.1753      7.884     3.5798     5.1160    155.959    159.876       5761          1  0.000e+00
   58.33150 -136.11308    134.316    125.928    124.719     7.3505    32.1348  1025.6937    25.1168     7.3390     52.461    83.3477     0.1753      7.884     3.5801     5.1163    155.970    159.888       5762          1  0.000e+00
   58.33166 -136.11216    133.158    101.279    100.313     7.3640    32.1282  1025.5735    25.1095     7.3547     52.546    84.8581     0.2046      7.884     3.5850     5.1233    156.184    160.106       7787          2  0.000e+00
   58.33166 -136.11216    133.367    101.490    100.522     7.3643    32.1281  1025.5744    25.1094     7.3551     52.544    84.8581     0.1753      7.884     3.5848     5.1231    156.177    160.098       7788          2  0.000e+00
   58.33166 -136.11216    133.278    101.401    100.434     7.3640    32.1280  1025.5740    25.1094     7.3548     52.548    84.8581     0.1753      7.884     3.5851     5.1235    156.189    160.111       7789          2  0.000e+00
   58.33166 -136.11216    133.343    101.465    100.498     7.3646    32.1273  1025.5736    25.1087     7.3554     52.553    84.8581     0.1753      7.884     3.5854     5.1239    156.203    160.125       7790          2  0.000e+00
   58.33166 -136.11216    133.335    101.433    100.466     7.3643    32.1278  1025.5739    25.1091     7.3551     52.558    84.8581     0.2046      7.884     3.5858     5.1244    156.217    160.140       7791          2  0.000e+00
   58.33166 -136.11216    133.327    101.401    100.434     7.3643    32.1279  1025.5739    25.1092     7.3551     52.555    84.8581     0.1753      7.884     3.5856     5.1241    156.209    160.131       7792          2  0.000e+00
   58.33166 -136.11216    133.359    101.433    100.466     7.3643    32.1277  1025.5738    25.1091     7.3551     52.553    84.8860     0.1753      7.884     3.5854     5.1239    156.203    160.125       7793          2  0.000e+00
   58.33166 -136.11216    133.327    101.401    100.433     7.3642    32.1284  1025.5742    25.1096     7.3549     52.550    84.9140     0.2046      7.884     3.5852     5.1237    156.194    160.116       7794          2  0.000e+00
   58.33166 -136.11216    133.359    101.433    100.466     7.3643    32.1280  1025.5741    25.1093     7.3551     52.548    84.9140     0.1753      7.884     3.5851     5.1234    156.188    160.109       7795          2  0.000e+00
   58.33166 -136.11216    133.391    101.465    100.498     7.3645    32.1276  1025.5738    25.1089     7.3552     52.546    84.9140     0.1753      7.884     3.5849     5.1232    156.181    160.102       7796          2  0.000e+00
   58.33166 -136.11216    133.359    101.433    100.466     7.3641    32.1278  1025.5739    25.1092     7.3549     52.543    84.9140     0.2046      7.884     3.5848     5.1230    156.174    160.095       7797          2  0.000e+00
   58.33166 -136.11216    133.327    101.401    100.433     7.3641    32.1278  1025.5738    25.1092     7.3549     52.548    84.9140     0.2046      7.884     3.5851     5.1235    156.189    160.111       7798          2  0.000e+00
   58.33166 -136.11216    133.359    101.433    100.466     7.3642    32.1284  1025.5744    25.1096     7.3549     52.554    84.9140     0.2046      7.884     3.5855     5.1240    156.205    160.127       7799          2  0.000e+00
   58.33166 -136.11214    133.391    101.465    100.498     7.3643    32.1278  1025.5741    25.1092     7.3551     52.560    84.9140     0.1753      7.884     3.5859     5.1246    156.223    160.146       7800          2  0.000e+00
   58.33166 -136.11214    133.359    101.433    100.465     7.3645    32.1275  1025.5736    25.1089     7.3552     52.566    84.9140     0.1753      7.884     3.5863     5.1252    156.241    160.164       7801          2  0.000e+00
   58.33166 -136.11214    133.327    101.401    100.433     7.3643    32.1278  1025.5738    25.1092     7.3551     52.572    84.9140     0.1753      7.884     3.5867     5.1258    156.260    160.183       7802          2  0.000e+00
   58.33166 -136.11214    133.359    101.433    100.465     7.3641    32.1281  1025.5742    25.1094     7.3549     52.523    84.9140     0.1753      7.884     3.5834     5.1210    156.114    160.034       7803          2  0.000e+00
   58.33166 -136.11214    133.391    101.465    100.498     7.3645    32.1281  1025.5743    25.1094     7.3553     52.515    84.9140     0.2046      7.884     3.5828     5.1202    156.090    160.010       7804          2  0.000e+00
   58.33166 -136.11214    133.359    101.433    100.465     7.3643    32.1283  1025.5743    25.1095     7.3551     52.508    84.9140     0.2339      7.884     3.5823     5.1195    156.068    159.987       7805          2  0.000e+00
