EcoFOCI/data/1_SampleCollection/2022_GOA-OA_CruiseData/CTD_raw_BottleFile_RC0083/RC0083_040.ros
* Sea-Bird SBE 9 Data File:
* FileName = C:\Data\RC0083ctd\RC0083_040.hex
* Software Version Seasave V 7.26.7.107
* Temperature SN = 2060
* Conductivity SN = 1084
* Number of Bytes Per Scan = 31
* Number of Voltage Words = 4
* Number of Scans Averaged by the Deck Unit = 1
* NMEA Latitude = 58 15.27 N
* NMEA Longitude = 135 26.59 W
* NMEA UTC (Time) = Aug 18 2022  13:05:02
* NMEA baud rate = 4800
** Ship: R/V Rachel Carson
** Cruise ID: RC0083
** Tech: McHugh/Nomura
** Chief Scientist: Cross
** Station: ISC
** Cast:  CTD040
# nquan = 21
# nvalues = 196                                   
# units = specified
# name 0 = latitude: Latitude [deg]
# name 1 = longitude: Longitude [deg]
# name 2 = sfdSM: Seafloor depth [salt water, m]
# name 3 = prDM: Pressure, Digiquartz [db]
# name 4 = depSM: Depth [salt water, m]
# name 5 = t090C: Temperature [ITS-90, deg C]
# name 6 = sal00: Salinity, Practical [PSU]
# name 7 = density00: Density [density, kg/m^3]
# name 8 = sigma-é00: Density [sigma-theta, kg/m^3]
# name 9 = potemp090C: Potential Temperature [ITS-90, deg C]
# name 10 = sbeox0PS: Oxygen, SBE 43 [% saturation]
# name 11 = CStarTr0: Beam Transmission, WET Labs C-Star [%]
# name 12 = flECO-AFL: Fluorescence, WET Labs ECO-AFL/FL [mg/m^3]
# name 13 = ph: pH
# name 14 = sbeox0ML/L: Oxygen, SBE 43 [ml/l]
# name 15 = sbeox0Mg/L: Oxygen, SBE 43 [mg/l]
# name 16 = sbox0Mm/Kg: Oxygen, SBE 43 [umol/kg]
# name 17 = sbeox0Mm/L: Oxygen, SBE 43 [umol/l]
# name 18 = scan: Scan Count
# name 19 = nbf: Bottles Fired
# name 20 = flag:  0.000e+00
# interval = seconds: 0.0416667
# start_time = Aug 18 2022 13:05:02 [NMEA time, header]
# bad_flag = -9.990e-29
*END*
   58.25426 -135.44362    264.392    257.344    254.795     5.3698    33.3925  1027.5481    26.3608     5.3495     26.662    86.6481    -0.0298      7.664     1.8896     2.7004     82.222     84.389       9924          1  0.000e+00
   58.25426 -135.44362    264.127    257.076    254.530     5.3698    33.3926  1027.5470    26.3609     5.3495     26.666    86.6481    -0.0298      7.664     1.8899     2.7008     82.233     84.401       9925          1  0.000e+00
   58.25426 -135.44362    264.328    257.279    254.731     5.3697    33.3927  1027.5480    26.3610     5.3494     26.663    86.6481    -0.0298      7.664     1.8896     2.7005     82.223     84.391       9926          1  0.000e+00
   58.25426 -135.44362    264.248    257.198    254.651     5.3700    33.3928  1027.5477    26.3611     5.3497     26.658    86.6481    -0.0298      7.664     1.8893     2.7000     82.210     84.377       9927          1  0.000e+00
   58.25426 -135.44362    264.248    257.198    254.651     5.3697    33.3926  1027.5476    26.3610     5.3494     26.663    86.6481    -0.0298      7.664     1.8897     2.7006     82.226     84.394       9928          1  0.000e+00
   58.25426 -135.44362    264.247    257.222    254.675     5.3700    33.3925  1027.5475    26.3608     5.3497     26.669    86.6481    -0.0298      7.664     1.8901     2.7011     82.242     84.410       9929          1  0.000e+00
   58.25426 -135.44362    264.279    257.255    254.707     5.3698    33.3930  1027.5481    26.3613     5.3495     26.675    86.6481    -0.0298      7.664     1.8905     2.7017     82.260     84.429       9930          1  0.000e+00
   58.25426 -135.44362    264.223    257.198    254.651     5.3702    33.3925  1027.5474    26.3608     5.3499     26.680    86.6481    -0.0298      7.664     1.8909     2.7023     82.278     84.447       9931          1  0.000e+00
   58.25426 -135.44362    264.247    257.222    254.675     5.3697    33.3929  1027.5479    26.3611     5.3494     26.737    86.6481    -0.0298      7.664     1.8949     2.7080     82.452     84.626       9932          1  0.000e+00
   58.25426 -135.44362    264.223    257.198    254.651     5.3700    33.3929  1027.5477    26.3611     5.3497     26.693    86.6481    -0.0298      7.664     1.8918     2.7035     82.316     84.486       9933          1  0.000e+00
   58.25426 -135.44362    264.223    257.198    254.651     5.3700    33.3927  1027.5476    26.3610     5.3497     26.690    86.6481    -0.0298      7.664     1.8916     2.7033     82.308     84.478       9934          1  0.000e+00
   58.25426 -135.44362    264.303    257.279    254.731     5.3698    33.3927  1027.5480    26.3610     5.3495     26.697    86.6481    -0.0298      7.664     1.8921     2.7039     82.329     84.500       9935          1  0.000e+00
   58.25426 -135.44362    264.223    257.198    254.651     5.3699    33.3928  1027.5476    26.3610     5.3496     26.703    86.6481    -0.0298      7.664     1.8925     2.7046     82.349     84.520       9936          1  0.000e+00
   58.25426 -135.44362    264.247    257.222    254.675     5.3698    33.3931  1027.5480    26.3613     5.3495     26.702    86.6481    -0.0591      7.664     1.8924     2.7044     82.344     84.515       9937          1  0.000e+00
   58.25426 -135.44362    264.223    257.198    254.651     5.3698    33.3925  1027.5474    26.3608     5.3495     26.700    86.6481    -0.0591      7.664     1.8923     2.7043     82.339     84.509       9938          1  0.000e+00
   58.25426 -135.44362    264.279    257.255    254.707     5.3700    33.3925  1027.5476    26.3608     5.3497     26.698    86.6481    -0.0591      7.664     1.8922     2.7041     82.333     84.504       9939          1  0.000e+00
   58.25426 -135.44362    264.247    257.222    254.675     5.3698    33.3932  1027.5481    26.3614     5.3495     26.755    86.6481    -0.0591      7.664     1.8962     2.7098     82.508     84.683       9940          1  0.000e+00
   58.25426 -135.44362    264.223    257.198    254.651     5.3700    33.3928  1027.5476    26.3610     5.3497     26.761    86.6481    -0.0591      7.664     1.8966     2.7105     82.528     84.703       9941          1  0.000e+00
   58.25426 -135.44362    264.223    257.198    254.651     5.3699    33.3930  1027.5478    26.3612     5.3496     26.767    86.6481    -0.0591      7.664     1.8971     2.7111     82.546     84.722       9942          1  0.000e+00
   58.25426 -135.44362    264.247    257.222    254.675     5.3698    33.3929  1027.5479    26.3612     5.3495     26.773    86.7879    -0.0591      7.664     1.8975     2.7117     82.565     84.741       9943          1  0.000e+00
   58.25426 -135.44362    264.279    257.255    254.707     5.3700    33.3927  1027.5478    26.3610     5.3497     26.720    86.8718    -0.0591      7.664     1.8937     2.7063     82.400     84.573       9944          1  0.000e+00
   58.25426 -135.44362    264.223    257.198    254.651     5.3700    33.3927  1027.5475    26.3609     5.3497     26.717    86.8718    -0.0591      7.664     1.8935     2.7059     82.390     84.562       9945          1  0.000e+00
   58.25426 -135.44362    264.247    257.222    254.675     5.3698    33.3928  1027.5478    26.3611     5.3495     26.714    86.8718    -0.0591      7.664     1.8932     2.7056     82.381     84.552       9946          1  0.000e+00
   58.25426 -135.44362    264.223    257.198    254.651     5.3698    33.3929  1027.5477    26.3611     5.3495     26.710    86.8718    -0.0591      7.664     1.8930     2.7053     82.370     84.542       9947          1  0.000e+00
   58.25426 -135.44362    264.279    257.255    254.707     5.3697    33.3931  1027.5482    26.3613     5.3494     26.707    86.8718    -0.0591      7.664     1.8928     2.7050     82.361     84.532       9948          1  0.000e+00
   58.25426 -135.44362    264.191    257.165    254.618     5.3698    33.3933  1027.5479    26.3614     5.3495     26.704    86.8718    -0.0591      7.664     1.8925     2.7046     82.350     84.521       9949          1  0.000e+00
   58.25426 -135.44362    264.223    257.198    254.651     5.3698    33.3934  1027.5481    26.3615     5.3495     26.759    86.8718    -0.0591      7.664     1.8965     2.7102     82.521     84.696       9950          1  0.000e+00
   58.25426 -135.44362    264.247    257.222    254.675     5.3697    33.3933  1027.5482    26.3615     5.3494     26.706    86.8718    -0.0591      7.664     1.8927     2.7048     82.356     84.527       9951          1  0.000e+00
   58.25426 -135.44362    264.279    257.255    254.707     5.3700    33.3931  1027.5482    26.3613     5.3497     26.711    86.8718    -0.0591      7.664     1.8931     2.7054     82.373     84.544       9952          1  0.000e+00
   58.25426 -135.44362    264.223    257.198    254.651     5.3698    33.3932  1027.5480    26.3614     5.3495     26.766    86.8718    -0.0591      7.664     1.8970     2.7110     82.543     84.719       9953          1  0.000e+00
   58.25426 -135.44362    264.191    257.165    254.618     5.3697    33.3936  1027.5482    26.3617     5.3494     26.771    86.8718    -0.0591      7.664     1.8973     2.7115     82.558     84.735       9954          1  0.000e+00
   58.25426 -135.44362    264.279    257.255    254.707     5.3697    33.3935  1027.5485    26.3616     5.3494     26.776    86.8718    -0.0591      7.664     1.8977     2.7120     82.574     84.750       9955          1  0.000e+00
   58.25426 -135.44362    264.223    257.198    254.651     5.3698    33.3930  1027.5478    26.3612     5.3495     26.722    86.8718    -0.0591      7.664     1.8938     2.7065     82.406     84.578       9956          1  0.000e+00
   58.25426 -135.44362    264.191    257.165    254.618     5.3698    33.3933  1027.5479    26.3615     5.3495     26.717    86.8718    -0.0591      7.664     1.8935     2.7060     82.392     84.564       9957          1  0.000e+00
   58.25426 -135.44362    264.223    257.198    254.651     5.3699    33.3933  1027.5480    26.3614     5.3496     26.713    86.8718    -0.0591      7.664     1.8932     2.7056     82.379     84.551       9958          1  0.000e+00
   58.25426 -135.44362    264.279    257.255    254.707     5.3697    33.3935  1027.5485    26.3617     5.3493     26.709    86.8718    -0.0591      7.664     1.8929     2.7052     82.367     84.538       9959          1  0.000e+00
   58.25426 -135.44362    264.247    257.222    254.675     5.3697    33.3936  1027.5484    26.3617     5.3494     26.705    86.8718    -0.0591      7.664     1.8926     2.7047     82.353     84.524       9960          1  0.000e+00
   58.25426 -135.44362    264.167    257.141    254.594     5.3696    33.3937  1027.5481    26.3618     5.3493     26.700    86.8718    -0.0591      7.664     1.8923     2.7043     82.339     84.510       9961          1  0.000e+00
   58.25426 -135.44362    264.223    257.198    254.651     5.3698    33.3934  1027.5482    26.3616     5.3495     26.705    86.8718    -0.0591      7.664     1.8926     2.7047     82.354     84.525       9962          1  0.000e+00
   58.25426 -135.44362    264.272    257.222    254.675     5.3697    33.3935  1027.5483    26.3616     5.3494     26.760    86.7320    -0.0591      7.664     1.8965     2.7103     82.523     84.698       9963          1  0.000e+00
   58.25426 -135.44362    264.248    257.198    254.651     5.3697    33.3935  1027.5482    26.3616     5.3494     26.705    86.5642    -0.0591      7.664     1.8927     2.7048     82.355     84.526       9964          1  0.000e+00
   58.25426 -135.44362    264.272    257.222    254.675     5.3698    33.3930  1027.5479    26.3612     5.3495     26.710    86.5362    -0.0591      7.664     1.8930     2.7053     82.370     84.541       9965          1  0.000e+00
   58.25426 -135.44362    264.191    257.141    254.594     5.3698    33.3931  1027.5476    26.3613     5.3495     26.706    86.5642    -0.0591      7.664     1.8927     2.7048     82.356     84.528       9966          1  0.000e+00
   58.25426 -135.44362    264.248    257.198    254.651     5.3697    33.3933  1027.5481    26.3615     5.3494     26.702    86.5642    -0.0591      7.664     1.8924     2.7045     82.345     84.516       9967          1  0.000e+00
   58.25426 -135.44362    264.272    257.222    254.675     5.3697    33.3935  1027.5484    26.3617     5.3494     26.698    86.5642    -0.0591      7.664     1.8922     2.7041     82.333     84.504       9968          1  0.000e+00
   58.25426 -135.44362    264.248    257.198    254.651     5.3694    33.3939  1027.5486    26.3620     5.3491     26.703    86.5642    -0.0591      7.664     1.8925     2.7046     82.349     84.520       9969          1  0.000e+00
   58.25426 -135.44362    264.248    257.198    254.651     5.3697    33.3933  1027.5481    26.3615     5.3494     26.758    86.5642    -0.0591      7.664     1.8964     2.7101     82.518     84.693       9970          1  0.000e+00
   58.25426 -135.44362    264.216    257.165    254.618     5.3695    33.3935  1027.5481    26.3616     5.3492     26.704    86.5642    -0.0591      7.664     1.8926     2.7047     82.352     84.523       9971          1  0.000e+00
   58.25426 -135.44362    264.248    257.198    254.651     5.3697    33.3934  1027.5482    26.3616     5.3494     26.700    86.5642    -0.0591      7.664     1.8923     2.7043     82.340     84.510       9972          1  0.000e+00
   58.25450 -135.44416    198.925    101.258    100.293     5.9109    32.3961  1025.9746    25.5073     5.9027     41.457    89.4729    -0.0005      7.754     2.9202     4.1732    127.171    130.415      16081          2  0.000e+00
   58.25450 -135.44416    198.597    100.926     99.964     5.9111    32.3964  1025.9733    25.5075     5.9030     41.451    89.4729    -0.0005      7.754     2.9197     4.1726    127.152    130.396      16082          2  0.000e+00
   58.25450 -135.44416    198.813    101.145    100.181     5.9111    32.3964  1025.9743    25.5075     5.9029     41.448    89.4729    -0.0005      7.754     2.9195     4.1723    127.143    130.386      16083          2  0.000e+00
   58.25450 -135.44416    198.837    101.169    100.205     5.9111    32.3965  1025.9745    25.5076     5.9029     41.451    89.4729    -0.0005      7.754     2.9198     4.1727    127.154    130.398      16084          2  0.000e+00
   58.25450 -135.44416    198.629    100.958     99.996     5.9111    32.3964  1025.9735    25.5075     5.9030     41.446    89.4729    -0.0005      7.754     2.9194     4.1721    127.137    130.379      16085          2  0.000e+00
   58.25450 -135.44416    198.837    101.169    100.205     5.9111    32.3965  1025.9745    25.5075     5.9029     41.442    89.4729    -0.0005      7.754     2.9191     4.1717    127.125    130.367      16086          2  0.000e+00
   58.25450 -135.44416    198.813    101.145    100.181     5.9109    32.3964  1025.9744    25.5075     5.9027     41.436    89.4729    -0.0005      7.754     2.9187     4.1712    127.109    130.351      16087          2  0.000e+00
   58.25450 -135.44416    198.837    101.169    100.205     5.9111    32.3964  1025.9745    25.5075     5.9029     41.431    89.4170    -0.0005      7.754     2.9183     4.1706    127.091    130.333      16088          2  0.000e+00
   58.25450 -135.44416    198.749    101.080    100.117     5.9109    32.3964  1025.9740    25.5075     5.9027     41.424    89.2772    -0.0005      7.754     2.9179     4.1700    127.072    130.314      16089          2  0.000e+00
   58.25450 -135.44416    198.781    101.112    100.149     5.9107    32.3969  1025.9746    25.5079     5.9026     41.418    89.2212    -0.0005      7.754     2.9175     4.1694    127.053    130.294      16090          2  0.000e+00
   58.25450 -135.44416    198.813    101.145    100.181     5.9111    32.3962  1025.9741    25.5073     5.9029     41.420    89.2212    -0.0005      7.754     2.9176     4.1695    127.059    130.299      16091          2  0.000e+00
   58.25450 -135.44416    198.781    101.112    100.149     5.9111    32.3964  1025.9742    25.5075     5.9029     41.422    89.2212    -0.0005      7.754     2.9177     4.1697    127.063    130.304      16092          2  0.000e+00
   58.25450 -135.44416    198.629    100.958     99.996     5.9109    32.3963  1025.9734    25.5074     5.9027     41.423    89.2212    -0.0005      7.754     2.9178     4.1698    127.066    130.307      16093          2  0.000e+00
   58.25450 -135.44416    198.837    101.169    100.205     5.9112    32.3960  1025.9741    25.5072     5.9031     41.417    89.2212    -0.0005      7.754     2.9174     4.1692    127.048    130.289      16094          2  0.000e+00
   58.25450 -135.44416    198.813    101.145    100.181     5.9109    32.3967  1025.9746    25.5077     5.9027     41.418    89.2212    -0.0005      7.754     2.9175     4.1693    127.053    130.293      16095          2  0.000e+00
   58.25450 -135.44416    198.893    101.225    100.261     5.9111    32.3965  1025.9748    25.5076     5.9029     41.420    89.2212    -0.0005      7.754     2.9176     4.1695    127.058    130.298      16096          2  0.000e+00
   58.25450 -135.44416    198.693    101.023    100.060     5.9111    32.3961  1025.9735    25.5072     5.9030     41.412    89.2212    -0.0005      7.754     2.9170     4.1687    127.033    130.274      16097          2  0.000e+00
   58.25450 -135.44416    198.813    101.169    100.205     5.9112    32.3956  1025.9738    25.5068     5.9031     41.405    89.2212    -0.0005      7.754     2.9165     4.1680    127.013    130.253      16098          2  0.000e+00
   58.25450 -135.44416    198.749    101.080    100.117     5.9109    32.3961  1025.9738    25.5073     5.9027     41.397    89.2212    -0.0005      7.754     2.9160     4.1672    126.989    130.228      16099          2  0.000e+00
