EcoFOCI/data/1_SampleCollection/2022_GOA-OA_CruiseData/CTD_raw_BottleFile_RC0083/RC0083_122.cnv
* Sea-Bird SBE 9 Data File:
* FileName = C:\Data\RC0083ctd\RC0083_122.hex
* Software Version Seasave V 7.26.7.107
* Temperature SN = 2060
* Conductivity SN = 2881
* Number of Bytes Per Scan = 31
* Number of Voltage Words = 4
* Number of Scans Averaged by the Deck Unit = 1
* NMEA Latitude = 56 51.28 N
* NMEA Longitude = 134 26.13 W
* NMEA UTC (Time) = Aug 24 2022  01:21:28
* NMEA baud rate = 4800
** Ship: R/V Rachel Carson
** Cruise ID: RC0083
** Tech: McHugh/Nomura
** Chief Scientist: Cross
** Station: FSW1
** Cast:  CTD122
# nquan = 19
# nvalues = 8951                                  
# units = specified
# name 0 = latitude: Latitude [deg]
# name 1 = longitude: Longitude [deg]
# name 2 = sfdSM: Seafloor depth [salt water, m]
# name 3 = prDM: Pressure, Digiquartz [db]
# name 4 = depSM: Depth [salt water, m]
# name 5 = t090C: Temperature [ITS-90, deg C]
# name 6 = sal00: Salinity, Practical [PSU]
# name 7 = density00: Density [density, kg/m^3]
# name 8 = sigma-é00: Density [sigma-theta, kg/m^3]
# name 9 = potemp090C: Potential Temperature [ITS-90, deg C]
# name 10 = sbeox0PS: Oxygen, SBE 43 [% saturation]
# name 11 = CStarTr0: Beam Transmission, WET Labs C-Star [%]
# name 12 = flECO-AFL: Fluorescence, WET Labs ECO-AFL/FL [mg/m^3]
# name 13 = ph: pH
# name 14 = sbeox0ML/L: Oxygen, SBE 43 [ml/l]
# name 15 = sbeox0Mg/L: Oxygen, SBE 43 [mg/l]
# name 16 = sbox0Mm/Kg: Oxygen, SBE 43 [umol/kg]
# name 17 = sbeox0Mm/L: Oxygen, SBE 43 [umol/l]
# name 18 = flag:  0.000e+00
# span 0 =   56.85444,   56.85466                 
# span 1 = -134.43544, -134.43440                 
# span 2 =      6.176,    152.743                 
# span 3 =      1.701,    120.946                 
# span 4 =      1.685,    119.802                 
# span 5 =     6.2613,    11.5573                 
# span 6 =    28.6311,    32.7433                 
# span 7 =  1021.7368,  1026.2939                 
# span 8 =    21.7276,    25.7385                 
# span 9 =     6.2512,    11.5571                 
# span 10 =     37.207,     91.732                
# span 11 =    88.7457,   104.8559                
# span 12 =    -0.0591,     3.3694                
# span 13 =      7.772,      8.202                
# span 14 =     2.5929,     5.8347                
# span 15 =     3.7056,     8.3383                
# span 16 =    112.896,    255.031                
# span 17 =    115.800,    260.576                
# span 18 = 0.0000e+00, 0.0000e+00                
# interval = seconds: 0.0416667
# start_time = Aug 24 2022 01:21:28 [NMEA time, header]
# bad_flag = -9.990e-29
*END*
[from data line 305]
   56.85462 -134.43538    110.337     11.911     11.802     9.2583    30.0743  1023.2792    23.2249     9.2570     74.041    96.6330     2.1094      8.088     4.9052     7.0100    214.094    219.067  0.000e+00
   56.85462 -134.43538    110.272     11.847     11.738     9.2583    30.0745  1023.2791    23.2252     9.2571     74.045    96.6330     2.1094      8.088     4.9055     7.0104    214.106    219.078  0.000e+00
   56.85462 -134.43538    110.304     11.879     11.770     9.2581    30.0749  1023.2796    23.2255     9.2568     74.050    96.6330     2.1094      8.088     4.9058     7.0109    214.120    219.093  0.000e+00
   56.85462 -134.43538    110.248     11.847     11.738     9.2584    30.0746  1023.2792    23.2252     9.2572     74.055    96.6330     2.2266      8.088     4.9061     7.0113    214.132    219.105  0.000e+00
   56.85460 -134.43538    110.272     11.847     11.738     9.2583    30.0744  1023.2790    23.2250     9.2571     74.059    96.6330     2.3145      8.088     4.9064     7.0117    214.146    219.120  0.000e+00
   56.85460 -134.43538    110.272     11.847     11.738     9.2585    30.0747  1023.2793    23.2253     9.2573     74.058    96.5771     2.3438      8.088     4.9063     7.0116    214.141    219.115  0.000e+00
   56.85460 -134.43538    110.304     11.879     11.770     9.2594    30.0735  1023.2783    23.2242     9.2582     74.057    96.3813     2.3438      8.088     4.9062     7.0114    214.136    219.109  0.000e+00
   56.85460 -134.43538    110.272     11.847     11.738     9.2604    30.0729  1023.2776    23.2236     9.2592     74.055    96.2974     2.3438      8.088     4.9059     7.0111    214.126    219.098  0.000e+00
   56.85460 -134.43538    110.272     11.847     11.738     9.2607    30.0729  1023.2775    23.2235     9.2595     74.114    96.2974     2.3438      8.088     4.9098     7.0166    214.296    219.273  0.000e+00
   56.85460 -134.43538    110.272     11.847     11.738     9.2607    30.0726  1023.2772    23.2232     9.2595     74.118    96.2974     2.3438      8.088     4.9101     7.0170    214.307    219.283  0.000e+00
   56.85460 -134.43538    110.224     11.822     11.714     9.2608    30.0729  1023.2774    23.2235     9.2596     74.071    96.2974     2.3438      8.088     4.9069     7.0125    214.170    219.144  0.000e+00
   56.85460 -134.43538    110.248     11.847     11.738     9.2607    30.0729  1023.2775    23.2235     9.2595     74.075    96.2974     2.3145      8.088     4.9072     7.0129    214.181    219.155  0.000e+00
   56.85460 -134.43538    110.272     11.847     11.738     9.2602    30.0730  1023.2777    23.2237     9.2590     74.072    96.2974     2.3438      8.088     4.9071     7.0127    214.176    219.150  0.000e+00
   56.85460 -134.43538    110.224     11.822     11.714     9.2602    30.0732  1023.2777    23.2238     9.2590     74.069    96.2974     2.3145      8.088     4.9069     7.0124    214.167    219.141  0.000e+00
   56.85460 -134.43538    110.272     11.847     11.738     9.2594    30.0737  1023.2784    23.2244     9.2582     74.128    96.2974     2.3438      8.088     4.9108     7.0181    214.340    219.317  0.000e+00
   56.85460 -134.43538    110.272     11.847     11.738     9.2585    30.0748  1023.2793    23.2253     9.2573     74.080    96.2974     2.3438      8.088     4.9078     7.0137    214.205    219.180  0.000e+00
   56.85460 -134.43538    110.272     11.847     11.738     9.2584    30.0751  1023.2796    23.2256     9.2572     74.083    96.2974     2.3145      8.088     4.9079     7.0139    214.213    219.188  0.000e+00
   56.85460 -134.43538    110.248     11.822     11.714     9.2583    30.0752  1023.2796    23.2257     9.2571     74.085    96.2974     2.3145      8.088     4.9081     7.0142    214.220    219.196  0.000e+00
   56.85460 -134.43538    110.272     11.847     11.738     9.2584    30.0749  1023.2794    23.2254     9.2572     74.088    96.2974     2.3438      8.088     4.9083     7.0144    214.228    219.204  0.000e+00
   56.85460 -134.43538    110.272     11.847     11.738     9.2581    30.0755  1023.2799    23.2259     9.2568     74.091    96.2974     2.3145      8.088     4.9085     7.0147    214.236    219.212  0.000e+00
   56.85460 -134.43538    110.248     11.822     11.714     9.2569    30.0767  1023.2809    23.2270     9.2557     74.149    96.2974     2.3438      8.088     4.9124     7.0203    214.408    219.388  0.000e+00
   56.85460 -134.43538    110.216     11.790     11.682     9.2568    30.0773  1023.2812    23.2275     9.2555     74.151    96.2974     2.3438      8.088     4.9125     7.0205    214.413    219.393  0.000e+00
   56.85460 -134.43538    110.272     11.847     11.738     9.2566    30.0777  1023.2819    23.2279     9.2554     74.097    96.2974     2.3145      8.088     4.9090     7.0154    214.259    219.235  0.000e+00
   56.85460 -134.43538    110.272     11.847     11.738     9.2563    30.0776  1023.2819    23.2279     9.2551     74.093    96.2974     2.2852      8.088     4.9088     7.0151    214.248    219.225  0.000e+00
   56.85460 -134.43538    110.248     11.822     11.713     9.2561    30.0778  1023.2819    23.2280     9.2549     74.094    96.2974     2.2266      8.088     4.9088     7.0152    214.252    219.229  0.000e+00
   56.85460 -134.43538    110.192     11.790     11.681     9.2564    30.0775  1023.2815    23.2277     9.2552     74.095    96.2974     2.2266      8.088     4.9089     7.0153    214.254    219.231  0.000e+00
   56.85460 -134.43538    110.272     11.846     11.737     9.2564    30.0771  1023.2815    23.2275     9.2552     74.097    96.2694     2.2266      8.088     4.9090     7.0155    214.261    219.237  0.000e+00
   56.85460 -134.43538    110.248     11.822     11.713     9.2566    30.0774  1023.2815    23.2276     9.2554     74.098    96.2974     2.2266      8.088     4.9091     7.0156    214.263    219.239  0.000e+00
   56.85460 -134.43536    110.272     11.846     11.737     9.2577    30.0759  1023.2803    23.2263     9.2565     74.100    96.2974     2.2266      8.088     4.9091     7.0156    214.264    219.241  0.000e+00
   56.85460 -134.43536    110.216     11.790     11.681     9.2587    30.0748  1023.2790    23.2253     9.2575     74.101    96.2974     2.2266      8.088     4.9091     7.0156    214.263    219.239  0.000e+00
   56.85460 -134.43536    110.248     11.846     11.737     9.2592    30.0744  1023.2789    23.2249     9.2580     74.158    96.2974     2.2266      8.088     4.9128     7.0209    214.427    219.407  0.000e+00
   56.85460 -134.43536    110.248     11.822     11.713     9.2589    30.0745  1023.2789    23.2250     9.2577     74.165    96.2974     2.2266      8.088     4.9133     7.0216    214.448    219.428  0.000e+00
   56.85460 -134.43536    110.272     11.846     11.737     9.2589    30.0741  1023.2787    23.2247     9.2577     74.116    96.2974     2.2266      8.088     4.9101     7.0170    214.307    219.285  0.000e+00
   56.85460 -134.43536    110.216     11.790     11.681     9.2592    30.0736  1023.2780    23.2243     9.2580     74.116    96.2974     2.2266      8.088     4.9101     7.0170    214.308    219.285  0.000e+00
   56.85460 -134.43536    110.272     11.846     11.737     9.2589    30.0745  1023.2790    23.2250     9.2577     74.167    96.2974     2.2266      8.088     4.9135     7.0219    214.456    219.437  0.000e+00
   56.85460 -134.43536    110.248     11.822     11.713     9.2594    30.0739  1023.2783    23.2245     9.2582     74.112    96.2974     2.2266      8.088     4.9098     7.0166    214.294    219.271  0.000e+00
   56.85460 -134.43536    110.216     11.790     11.681     9.2600    30.0731  1023.2775    23.2238     9.2588     74.106    96.2974     2.2266      8.088     4.9093     7.0159    214.274    219.251  0.000e+00
   56.85460 -134.43536    110.248     11.846     11.737     9.2603    30.0726  1023.2773    23.2233     9.2591     74.101    96.2974     2.2266      8.088     4.9090     7.0154    214.258    219.234  0.000e+00
   56.85460 -134.43536     97.696     11.822     11.713     9.2608    30.0724  1023.2770    23.2231     9.2596     74.094    96.2974     2.2266      8.088     4.9085     7.0147    214.238    219.213  0.000e+00
   56.85460 -134.43536     77.354     11.846     11.737     9.2609    30.0719  1023.2767    23.2227     9.2597     74.144    96.2974     2.2266      8.088     4.9118     7.0194    214.381    219.360  0.000e+00
   56.85460 -134.43536     71.510     11.790     11.681     9.2610    30.0717  1023.2762    23.2225     9.2598     74.142    96.2974     2.2266      8.088     4.9117     7.0192    214.376    219.354  0.000e+00
   56.85460 -134.43536     72.030     11.846     11.737     9.2611    30.0714  1023.2762    23.2222     9.2599     74.196    96.2974     2.2266      8.088     4.9152     7.0244    214.533    219.515  0.000e+00
   56.85460 -134.43536     72.837     11.822     11.713     9.2620    30.0712  1023.2759    23.2220     9.2608     74.199    96.2974     2.2266      8.088     4.9153     7.0245    214.538    219.520  0.000e+00
   56.85460 -134.43536     73.024     11.790     11.681     9.2621    30.0711  1023.2756    23.2219     9.2609     74.201    96.2974     2.2852      8.088     4.9155     7.0247    214.544    219.526  0.000e+00
   56.85460 -134.43536     73.056     11.846     11.737     9.2614    30.0717  1023.2764    23.2225     9.2601     74.210    96.2974     2.4024      8.088     4.9161     7.0256    214.571    219.554  0.000e+00
   56.85460 -134.43536     72.983     11.822     11.713     9.2610    30.0720  1023.2766    23.2227     9.2598     74.217    96.2694     2.4610      8.088     4.9166     7.0263    214.592    219.576  0.000e+00
   56.85460 -134.43536     73.007     11.846     11.737     9.2608    30.0717  1023.2766    23.2226     9.2596     74.224    96.1855     2.4610      8.088     4.9171     7.0270    214.614    219.598  0.000e+00
   56.85460 -134.43536     73.007     11.846     11.737     9.2607    30.0723  1023.2770    23.2231     9.2595     74.169    96.1296     2.4610      8.088     4.9135     7.0218    214.454    219.435  0.000e+00
   56.85460 -134.43536     72.951     11.790     11.681     9.2610    30.0721  1023.2765    23.2228     9.2598     74.169    96.1016     2.4610      8.088     4.9134     7.0217    214.453    219.433  0.000e+00
   56.85460 -134.43536     73.039     11.879     11.769     9.2610    30.0720  1023.2769    23.2227     9.2598     74.169    96.1016     2.4610      8.088     4.9135     7.0218    214.455    219.435  0.000e+00
   56.85460 -134.43536     72.951     11.790     11.681     9.2614    30.0715  1023.2761    23.2223     9.2602     74.168    96.1016     2.4610      8.088     4.9134     7.0217    214.451    219.431  0.000e+00
   56.85460 -134.43536     73.007     11.846     11.737     9.2615    30.0715  1023.2763    23.2223     9.2603     74.168    96.1016     2.4610      8.088     4.9134     7.0217    214.450    219.431  0.000e+00
   56.85460 -134.43536     72.983     11.822     11.713     9.2623    30.0709  1023.2756    23.2217     9.2611     74.167    96.1016     2.4610      8.088     4.9132     7.0215    214.445    219.424  0.000e+00
   56.85460 -134.43536     73.764     11.846     11.737     9.2635    30.0697  1023.2745    23.2205     9.2623     74.111    96.1016     2.4610      8.088     4.9094     7.0160    214.278    219.254  0.000e+00
   56.85460 -134.43536     96.172     11.911     11.801     9.2646    30.0685  1023.2737    23.2194     9.2634     74.105    96.1016     2.4610      8.088     4.9089     7.0153    214.257    219.232  0.000e+00
   56.85460 -134.43536    109.857     11.846     11.737     9.2657    30.0667  1023.2719    23.2179     9.2645     74.153    96.1016     2.4610      8.088     4.9120     7.0198    214.393    219.371  0.000e+00
   56.85460 -134.43536    111.713     11.822     11.713     9.2658    30.0671  1023.2721    23.2182     9.2646     74.152    96.1016     2.4610      8.088     4.9119     7.0196    214.388    219.366  0.000e+00
   56.85460 -134.43536    110.873     11.911     11.801     9.2649    30.0681  1023.2734    23.2191     9.2637     74.157    96.1016     2.4610      8.088     4.9123     7.0202    214.407    219.385  0.000e+00
   56.85460 -134.43536    110.272     11.846     11.737     9.2637    30.0692  1023.2741    23.2201     9.2625     74.161    96.1016     2.4610      8.088     4.9127     7.0207    214.423    219.401  0.000e+00
   56.85460 -134.43536    110.086     11.757     11.649     9.2627    30.0704  1023.2749    23.2213     9.2615     74.159    96.1016     2.4610      8.088     4.9126     7.0207    214.419    219.398  0.000e+00
   56.85460 -134.43536    110.368     11.967     11.857     9.2618    30.0717  1023.2770    23.2224     9.2606     74.215    96.1016     2.4610      8.088     4.9164     7.0260    214.583    219.566  0.000e+00
   56.85460 -134.43536    110.311     11.911     11.801     9.2605    30.0732  1023.2781    23.2238     9.2593     74.218    96.1016     2.4610      8.088     4.9167     7.0265    214.596    219.580  0.000e+00
   56.85460 -134.43536    110.336     11.911     11.801     9.2596    30.0745  1023.2792    23.2249     9.2584     74.166    96.1016     2.4610      8.088     4.9133     7.0216    214.447    219.428  0.000e+00
   56.85460 -134.43536    110.304     11.878     11.769     9.2597    30.0746  1023.2791    23.2250     9.2585     74.168    96.1016     2.4610      8.088     4.9135     7.0218    214.454    219.435  0.000e+00
   56.85460 -134.43536    110.336     11.911     11.801     9.2609    30.0734  1023.2781    23.2238     9.2597     74.166    96.1016     2.1973      8.088     4.9132     7.0214    214.443    219.423  0.000e+00
   56.85460 -134.43536    110.336     11.911     11.801     9.2621    30.0724  1023.2772    23.2229     9.2609     74.162    96.1016     2.0215      8.088     4.9129     7.0210    214.429    219.409  0.000e+00
   56.85460 -134.43536    110.311     11.911     11.801     9.2623    30.0724  1023.2771    23.2229     9.2611     74.159    96.0736     1.9921      8.088     4.9126     7.0206    214.419    219.398  0.000e+00
   56.85460 -134.43536    110.304     11.878     11.769     9.2618    30.0728  1023.2774    23.2233     9.2606     74.155    96.0456     1.9921      8.088     4.9124     7.0203    214.410    219.389  0.000e+00
   56.85460 -134.43536    110.336     11.911     11.801     9.2614    30.0732  1023.2779    23.2236     9.2601     74.208    96.0177     1.9921      8.088     4.9159     7.0253    214.562    219.545  0.000e+00
   56.85460 -134.43536    110.336     11.911     11.801     9.2605    30.0734  1023.2782    23.2239     9.2593     74.215    96.0456     1.9921      8.088     4.9165     7.0262    214.587    219.571  0.000e+00
   56.85460 -134.43536    110.360     11.935     11.825     9.2600    30.0737  1023.2786    23.2242     9.2588     74.222    96.0456     1.9921      8.088     4.9170     7.0269    214.610    219.594  0.000e+00
   56.85460 -134.43536    110.311     11.911     11.801     9.2585    30.0754  1023.2801    23.2258     9.2573     74.223    96.0456     1.9921      8.088     4.9172     7.0272    214.617    219.602  0.000e+00
   56.85460 -134.43536    110.367     11.967     11.857     9.2568    30.0771  1023.2819    23.2274     9.2555     74.169    96.0177     1.9921      8.088     4.9137     7.0222    214.466    219.448  0.000e+00
   56.85460 -134.43536    110.311     11.911     11.801     9.2563    30.0775  1023.2820    23.2278     9.2551     74.163    96.0177     1.9921      8.088     4.9134     7.0217    214.451    219.432  0.000e+00
   56.85460 -134.43536    110.360     11.935     11.825     9.2566    30.0772  1023.2819    23.2275     9.2554     74.102    96.0177     1.9921      8.088     4.9093     7.0159    214.273    219.250  0.000e+00
