EcoFOCI/data/1_SampleCollection/2022_GOA-OA_CruiseData/CTD_raw_BottleFile_RC0083/RC0083_016.cnv
* Sea-Bird SBE 9 Data File:
* FileName = C:\Data\RC0083ctd\RC0083_016.hex
* Software Version Seasave V 7.26.7.107
* Temperature SN = 2060
* Conductivity SN = 1084
* Number of Bytes Per Scan = 31
* Number of Voltage Words = 4
* Number of Scans Averaged by the Deck Unit = 1
* NMEA Latitude = 56 10.79 N
* NMEA Longitude = 134 19.21 W
* NMEA UTC (Time) = Aug 13 2022  14:56:51
* NMEA baud rate = 4800
** Ship: R/V Rachel Carson
** Cruise ID: RC0083 RC0083
** Tech: McHugh/Nomura
** Chief Scientist: Cross Cross
** Station: CS1
** Cast:  016
# nquan = 19
# nvalues = 19775                                 
# units = specified
# name 0 = latitude: Latitude [deg]
# name 1 = longitude: Longitude [deg]
# name 2 = sfdSM: Seafloor depth [salt water, m]
# name 3 = prDM: Pressure, Digiquartz [db]
# name 4 = depSM: Depth [salt water, m]
# name 5 = t090C: Temperature [ITS-90, deg C]
# name 6 = sal00: Salinity, Practical [PSU]
# name 7 = density00: Density [density, kg/m^3]
# name 8 = sigma-é00: Density [sigma-theta, kg/m^3]
# name 9 = potemp090C: Potential Temperature [ITS-90, deg C]
# name 10 = sbeox0PS: Oxygen, SBE 43 [% saturation]
# name 11 = CStarTr0: Beam Transmission, WET Labs C-Star [%]
# name 12 = flECO-AFL: Fluorescence, WET Labs ECO-AFL/FL [mg/m^3]
# name 13 = ph: pH
# name 14 = sbeox0ML/L: Oxygen, SBE 43 [ml/l]
# name 15 = sbeox0Mg/L: Oxygen, SBE 43 [mg/l]
# name 16 = sbox0Mm/Kg: Oxygen, SBE 43 [umol/kg]
# name 17 = sbeox0Mm/L: Oxygen, SBE 43 [umol/l]
# name 18 = flag:  0.000e+00
# span 0 =   56.17944,   56.18016                 
# span 1 = -134.32264, -134.32016                 
# span 2 =      3.770,    145.792                 
# span 3 =      2.127,    125.548                 
# span 4 =      2.107,    124.366                 
# span 5 =     6.9251,     9.8193                 
# span 6 =    31.6154,    32.8617                 
# span 7 =  1024.3541,  1026.3213                 
# span 8 =    24.3434,    25.7462                 
# span 9 =     6.9139,     9.8190                 
# span 10 =     48.235,     88.290                
# span 11 =    89.0814,   102.2827                
# span 12 =     0.2046,     4.1606                
# span 13 =      7.833,      8.114                
# span 14 =     3.3036,     5.7249                
# span 15 =     4.7212,     8.1815                
# span 16 =    143.842,    249.596                
# span 17 =    147.539,    255.676                
# span 18 = 0.0000e+00, 0.0000e+00                
# interval = seconds: 0.0416667
# start_time = Aug 13 2022 14:56:51 [NMEA time, header]
# bad_flag = -9.990e-29
*END*
[from data line 14172]
   56.17984 -134.32178    134.155     54.882     54.375     7.9433    32.2339  1025.3617    25.1109     7.9381     61.981   101.1640     0.7907      7.940     4.1704     5.9599    181.686    186.249  0.000e+00
   56.17984 -134.32178    134.212     54.890     54.383     7.9433    32.2335  1025.3615    25.1107     7.9380     61.989   101.1640     0.8200      7.940     4.1709     5.9606    181.710    186.273  0.000e+00
   56.17984 -134.32178    134.212     54.890     54.383     7.9431    32.2339  1025.3619    25.1110     7.9379     61.996   101.1640     0.7907      7.940     4.1714     5.9614    181.733    186.296  0.000e+00
   56.17984 -134.32178    134.148     54.826     54.319     7.9434    32.2338  1025.3614    25.1109     7.9382     62.004   101.1640     0.8200      7.940     4.1719     5.9620    181.753    186.316  0.000e+00
   56.17984 -134.32178    134.067     54.769     54.263     7.9433    32.2337  1025.3611    25.1108     7.9381     62.011   101.1640     0.8200      7.940     4.1724     5.9628    181.774    186.339  0.000e+00
   56.17984 -134.32178    134.148     54.826     54.319     7.9431    32.2338  1025.3615    25.1109     7.9379     62.019   101.1640     0.8200      7.940     4.1730     5.9636    181.799    186.364  0.000e+00
   56.17984 -134.32178    134.092     54.769     54.263     7.9435    32.2335  1025.3609    25.1106     7.9382     62.026   101.1640     0.8200      7.940     4.1734     5.9642    181.819    186.384  0.000e+00
   56.17984 -134.32178    134.028     54.705     54.199     7.9436    32.2336  1025.3607    25.1107     7.9384     62.033   101.1640     0.8200      7.940     4.1739     5.9649    181.839    186.405  0.000e+00
   56.17984 -134.32178    134.092     54.769     54.263     7.9438    32.2335  1025.3608    25.1106     7.9386     62.034   101.1640     0.8200      7.940     4.1739     5.9649    181.841    186.407  0.000e+00
   56.17984 -134.32178    134.077     54.705     54.199     7.9437    32.2335  1025.3606    25.1106     7.9385     62.034   101.1640     0.8200      7.940     4.1739     5.9649    181.839    186.406  0.000e+00
   56.17984 -134.32178    134.174     54.705     54.199     7.9438    32.2333  1025.3604    25.1104     7.9386     62.041   101.1640     0.7907      7.940     4.1744     5.9656    181.860    186.427  0.000e+00
   56.17984 -134.32178    134.167     54.648     54.143     7.9436    32.2334  1025.3603    25.1106     7.9384     62.040   101.1640     0.7907      7.940     4.1743     5.9655    181.859    186.425  0.000e+00
   56.17984 -134.32178    134.143     54.648     54.143     7.9434    32.2336  1025.3604    25.1107     7.9382     62.039   101.1640     0.7614      7.940     4.1743     5.9655    181.858    186.424  0.000e+00
   56.17984 -134.32178    134.143     54.648     54.143     7.9438    32.2334  1025.3602    25.1105     7.9386     62.038   101.1640     0.7321      7.940     4.1742     5.9654    181.854    186.420  0.000e+00
   56.17984 -134.32178    134.160     54.591     54.087     7.9436    32.2335  1025.3601    25.1106     7.9384     62.037   101.1640     0.7028      7.940     4.1741     5.9652    181.850    186.416  0.000e+00
   56.17984 -134.32178    134.225     54.583     54.079     7.9440    32.2333  1025.3599    25.1104     7.9387     62.035   101.1640     0.7028      7.940     4.1740     5.9650    181.844    186.410  0.000e+00
   56.17984 -134.32178    134.194     54.527     54.023     7.9436    32.2335  1025.3598    25.1106     7.9384     62.033   101.1640     0.7028      7.940     4.1739     5.9649    181.839    186.405  0.000e+00
   56.17984 -134.32178    134.225     54.583     54.079     7.9440    32.2334  1025.3599    25.1104     7.9387     62.031   101.1640     0.7028      7.940     4.1737     5.9647    181.832    186.398  0.000e+00
   56.17984 -134.32178    134.169     54.527     54.023     7.9441    32.2337  1025.3599    25.1107     7.9389     62.029   101.1360     0.7028      7.940     4.1735     5.9644    181.823    186.389  0.000e+00
   56.17984 -134.32178    134.147     54.405     53.902     7.9438    32.2338  1025.3594    25.1108     7.9386     62.032   101.1640     0.7028      7.940     4.1738     5.9648    181.835    186.401  0.000e+00
   56.17984 -134.32178    134.404     54.591     54.087     7.9441    32.2335  1025.3600    25.1105     7.9389     62.039   101.1640     0.7028      7.940     4.1742     5.9653    181.853    186.419  0.000e+00
   56.17984 -134.32178    134.284     54.470     53.967     7.9440    32.2335  1025.3595    25.1106     7.9387     62.042   101.1640     0.7028      7.940     4.1745     5.9657    181.864    186.431  0.000e+00
   56.17984 -134.32178    134.284     54.470     53.967     7.9439    32.2335  1025.3595    25.1106     7.9387     62.040   101.1640     0.7028      7.940     4.1743     5.9655    181.857    186.423  0.000e+00
   56.17984 -134.32178    134.284     54.470     53.967     7.9440    32.2334  1025.3594    25.1105     7.9387     62.037   101.1640     0.7028      7.940     4.1741     5.9652    181.848    186.414  0.000e+00
   56.17984 -134.32178    134.293     54.405     53.902     7.9440    32.2333  1025.3590    25.1104     7.9388     62.033   101.1640     0.7028      7.940     4.1738     5.9648    181.837    186.403  0.000e+00
   56.17984 -134.32178    134.318     54.405     53.902     7.9441    32.2335  1025.3592    25.1105     7.9389     62.029   101.1640     0.7028      7.940     4.1736     5.9644    181.826    186.392  0.000e+00
   56.17984 -134.32178    134.342     54.405     53.902     7.9440    32.2335  1025.3592    25.1106     7.9388     62.033   101.1360     0.7028      7.940     4.1738     5.9648    181.837    186.403  0.000e+00
   56.17984 -134.32178    134.318     54.405     53.902     7.9439    32.2337  1025.3594    25.1108     7.9387     62.037   101.1360     0.7028      7.940     4.1741     5.9651    181.847    186.414  0.000e+00
   56.17984 -134.32178    134.262     54.349     53.846     7.9438    32.2339  1025.3593    25.1109     7.9386     62.040   101.1640     0.7028      7.940     4.1743     5.9655    181.856    186.423  0.000e+00
   56.17984 -134.32178    134.262     54.349     53.846     7.9439    32.2334  1025.3589    25.1105     7.9387     62.036   101.1640     0.7028      7.940     4.1740     5.9651    181.845    186.412  0.000e+00
   56.17984 -134.32178    134.262     54.349     53.846     7.9441    32.2333  1025.3587    25.1104     7.9389     62.032   101.1640     0.7028      7.940     4.1737     5.9647    181.833    186.398  0.000e+00
   56.17984 -134.32178    134.205     54.292     53.790     7.9442    32.2335  1025.3586    25.1105     7.9390     62.027   101.1360     0.7028      7.940     4.1734     5.9642    181.817    186.383  0.000e+00
   56.17984 -134.32178    134.262     54.349     53.846     7.9441    32.2334  1025.3588    25.1105     7.9389     62.022   101.1640     0.7321      7.940     4.1731     5.9638    181.806    186.371  0.000e+00
   56.17984 -134.32178    134.254     54.292     53.790     7.9442    32.2331  1025.3583    25.1102     7.9390     62.017   101.1640     0.7907      7.940     4.1727     5.9632    181.789    186.354  0.000e+00
   56.17984 -134.32178    134.288     54.228     53.726     7.9444    32.2337  1025.3585    25.1107     7.9392     62.011   101.1360     0.8200      7.940     4.1723     5.9626    181.771    186.335  0.000e+00
   56.17984 -134.32178    134.376     54.292     53.790     7.9441    32.2336  1025.3587    25.1106     7.9389     62.006   101.1640     0.8493      7.940     4.1720     5.9622    181.757    186.321  0.000e+00
   56.17984 -134.32178    134.312     54.228     53.726     7.9442    32.2331  1025.3580    25.1102     7.9391     62.055   101.1360     0.8493      7.940     4.1753     5.9669    181.901    186.469  0.000e+00
   56.17984 -134.32178    134.288     54.228     53.726     7.9442    32.2332  1025.3581    25.1103     7.9391     62.000   101.1360     0.8200      7.940     4.1716     5.9616    181.740    186.304  0.000e+00
   56.17984 -134.32178    134.288     54.228     53.726     7.9444    32.2336  1025.3584    25.1106     7.9392     61.993   101.1360     0.8200      7.940     4.1711     5.9609    181.719    186.282  0.000e+00
   56.17984 -134.32178    134.288     54.228     53.726     7.9442    32.2335  1025.3583    25.1105     7.9391     61.994   101.1360     0.8200      7.940     4.1712     5.9610    181.721    186.284  0.000e+00
   56.17984 -134.32178    134.232     54.171     53.670     7.9444    32.2334  1025.3580    25.1104     7.9392     61.994   101.1360     0.8200      7.940     4.1711     5.9610    181.720    186.283  0.000e+00
   56.17984 -134.32178    134.232     54.171     53.670     7.9442    32.2336  1025.3581    25.1106     7.9391     62.049   101.1360     0.8493      7.940     4.1749     5.9663    181.883    186.451  0.000e+00
   56.17984 -134.32178    134.176     54.114     53.614     7.9441    32.2334  1025.3577    25.1104     7.9389     62.056   101.1360     0.8200      7.940     4.1754     5.9670    181.904    186.471  0.000e+00
   56.17984 -134.32178    134.330     54.171     53.670     7.9444    32.2331  1025.3577    25.1101     7.9393     62.063   101.1360     0.8493      7.940     4.1758     5.9677    181.924    186.492  0.000e+00
   56.17984 -134.32178    134.322     54.114     53.614     7.9444    32.2336  1025.3578    25.1105     7.9393     62.069   101.1360     0.8200      7.940     4.1762     5.9682    181.941    186.510  0.000e+00
   56.17984 -134.32178    134.322     54.114     53.614     7.9449    32.2327  1025.3571    25.1098     7.9397     62.020   101.1360     0.8200      7.940     4.1729     5.9635    181.796    186.361  0.000e+00
   56.17984 -134.32178    134.314     54.106     53.606     7.9452    32.2330  1025.3573    25.1100     7.9400     62.019   101.1360     0.8200      7.940     4.1728     5.9633    181.791    186.356  0.000e+00
   56.17984 -134.32178    134.258     54.050     53.550     7.9451    32.2333  1025.3572    25.1102     7.9399     62.010   101.1360     0.8493      7.940     4.1722     5.9625    181.766    186.330  0.000e+00
   56.17984 -134.32178    134.356     54.050     53.550     7.9456    32.2327  1025.3567    25.1097     7.9404     62.002   101.1360     0.8493      7.940     4.1716     5.9616    181.739    186.303  0.000e+00
   56.17984 -134.32178    134.373     53.993     53.494     7.9458    32.2325  1025.3562    25.1095     7.9407     62.055   101.1360     0.8200      7.940     4.1752     5.9667    181.895    186.462  0.000e+00
   56.17984 -134.32178    134.429     54.050     53.550     7.9456    32.2327  1025.3567    25.1097     7.9404     62.005   101.1360     0.8200      7.940     4.1718     5.9620    181.751    186.314  0.000e+00
   56.17984 -134.32178    134.373     53.993     53.494     7.9451    32.2328  1025.3565    25.1098     7.9399     62.003   101.1360     0.8493      7.940     4.1717     5.9618    181.746    186.310  0.000e+00
   56.17984 -134.32178    134.373     53.993     53.494     7.9449    32.2325  1025.3564    25.1097     7.9398     62.002   101.1360     0.8200      7.940     4.1716     5.9617    181.742    186.305  0.000e+00
   56.17984 -134.32178    134.373     53.993     53.494     7.9456    32.2325  1025.3563    25.1096     7.9404     62.000   101.1360     0.7907      7.940     4.1715     5.9614    181.734    186.297  0.000e+00
   56.17984 -134.32178    134.309     53.929     53.430     7.9451    32.2330  1025.3564    25.1100     7.9399     62.053   101.1360     0.7614      7.940     4.1751     5.9666    181.891    186.459  0.000e+00
   56.17984 -134.32178    134.309     53.929     53.430     7.9451    32.2333  1025.3567    25.1103     7.9399     62.058   101.1360     0.7614      7.940     4.1754     5.9671    181.906    186.473  0.000e+00
   56.17984 -134.32178    134.253     53.872     53.374     7.9447    32.2334  1025.3566    25.1104     7.9396     62.007   101.1360     0.7614      7.940     4.1720     5.9622    181.757    186.321  0.000e+00
   56.17984 -134.32178    134.382     53.929     53.430     7.9454    32.2324  1025.3559    25.1095     7.9403     62.060   101.1360     0.7907      7.940     4.1755     5.9673    181.912    186.480  0.000e+00
   56.17984 -134.32178    134.473     53.872     53.374     7.9452    32.2332  1025.3563    25.1101     7.9401     62.064   101.1360     0.7907      7.940     4.1758     5.9677    181.924    186.492  0.000e+00
   56.17984 -134.32178    134.522     53.872     53.374     7.9449    32.2328  1025.3561    25.1099     7.9398     62.068   101.1360     0.7907      7.940     4.1761     5.9681    181.938    186.506  0.000e+00
   56.17984 -134.32178    134.466     53.815     53.318     7.9447    32.2328  1025.3558    25.1099     7.9396     62.072   101.1360     0.7907      7.940     4.1764     5.9685    181.949    186.517  0.000e+00
   56.17984 -134.32178    134.402     53.751     53.254     7.9444    32.2337  1025.3563    25.1106     7.9393     62.019   101.1360     0.7907      7.940     4.1729     5.9634    181.795    186.360  0.000e+00
   56.17984 -134.32178    134.458     53.807     53.310     7.9446    32.2335  1025.3563    25.1105     7.9394     62.016   101.1360     0.7614      7.940     4.1726     5.9631    181.785    186.350  0.000e+00
   56.17984 -134.32178    134.402     53.751     53.254     7.9447    32.2327  1025.3554    25.1098     7.9396     62.012   101.1360     0.7907      7.940     4.1724     5.9627    181.774    186.339  0.000e+00
   56.17984 -134.32178    134.402     53.751     53.254     7.9446    32.2333  1025.3559    25.1103     7.9394     62.009   101.1360     0.7907      7.940     4.1721     5.9624    181.764    186.328  0.000e+00
   56.17984 -134.32178    134.402     53.751     53.254     7.9447    32.2333  1025.3559    25.1103     7.9396     62.005   101.1360     0.7614      7.940     4.1719     5.9620    181.753    186.316  0.000e+00
   56.17984 -134.32178    134.346     53.694     53.198     7.9449    32.2330  1025.3554    25.1100     7.9398     62.057   101.1360     0.7614      7.940     4.1753     5.9670    181.903    186.471  0.000e+00
   56.17984 -134.32178    134.394     53.694     53.198     7.9456    32.2328  1025.3551    25.1097     7.9404     62.004   101.1360     0.7614      7.940     4.1718     5.9619    181.747    186.311  0.000e+00
   56.17984 -134.32178    134.468     53.694     53.198     7.9461    32.2329  1025.3551    25.1097     7.9409     62.001   101.1360     0.7614      7.940     4.1715     5.9614    181.734    186.297  0.000e+00
   56.17984 -134.32178    134.404     53.630     53.134     7.9458    32.2326  1025.3546    25.1095     7.9407     62.052   101.1360     0.7907      7.940     4.1749     5.9664    181.885    186.452  0.000e+00
   56.17984 -134.32178    134.468     53.694     53.198     7.9459    32.2327  1025.3550    25.1096     7.9408     62.000   101.1360     0.7907      7.940     4.1714     5.9614    181.732    186.295  0.000e+00
   56.17984 -134.32178    134.330     53.630     53.134     7.9461    32.2327  1025.3547    25.1097     7.9409     62.050   101.1360     0.7614      7.940     4.1748     5.9662    181.880    186.447  0.000e+00
   56.17984 -134.32178    133.737     53.573     53.078     7.9454    32.2331  1025.3549    25.1101     7.9403     62.053   101.1360     0.7614      7.940     4.1750     5.9665    181.889    186.456  0.000e+00
   56.17984 -134.32178    133.493     53.573     53.078     7.9452    32.2333  1025.3550    25.1102     7.9401     62.055   101.1360     0.7614      7.940     4.1752     5.9668    181.897    186.464  0.000e+00
   56.17984 -134.32178    133.468     53.573     53.078     7.9452    32.2330  1025.3548    25.1100     7.9401     62.057   101.1360     0.7614      7.940     4.1753     5.9670    181.903    186.471  0.000e+00
