EcoFOCI/data/1_SampleCollection/2022_GOA-OA_CruiseData/CTD_raw_BottleFile_RC0083/RC0083_063.cnv
* Sea-Bird SBE 9 Data File:
* FileName = C:\Data\RC0083ctd\RC0083_063.hex
* Software Version Seasave V 7.26.7.107
* Temperature SN = 2060
* Conductivity SN = 1084
* Number of Bytes Per Scan = 31
* Number of Voltage Words = 4
* Number of Scans Averaged by the Deck Unit = 1
* NMEA Latitude = 58 42.84 N
* NMEA Longitude = 136 06.86 W
* NMEA UTC (Time) = Aug 20 2022  15:08:42
* NMEA baud rate = 4800
** Ship: R/V Rachel Carson
** Cruise ID: RC0083
** Tech: McHugh/Nomura
** Chief Scientist: Cross
** Station: GB13
** Cast:  CTD063
# nquan = 19
# nvalues = 13534                                 
# units = specified
# name 0 = latitude: Latitude [deg]
# name 1 = longitude: Longitude [deg]
# name 2 = sfdSM: Seafloor depth [salt water, m]
# name 3 = prDM: Pressure, Digiquartz [db]
# name 4 = depSM: Depth [salt water, m]
# name 5 = t090C: Temperature [ITS-90, deg C]
# name 6 = sal00: Salinity, Practical [PSU]
# name 7 = density00: Density [density, kg/m^3]
# name 8 = sigma-é00: Density [sigma-theta, kg/m^3]
# name 9 = potemp090C: Potential Temperature [ITS-90, deg C]
# name 10 = sbeox0PS: Oxygen, SBE 43 [% saturation]
# name 11 = CStarTr0: Beam Transmission, WET Labs C-Star [%]
# name 12 = flECO-AFL: Fluorescence, WET Labs ECO-AFL/FL [mg/m^3]
# name 13 = ph: pH
# name 14 = sbeox0ML/L: Oxygen, SBE 43 [ml/l]
# name 15 = sbeox0Mg/L: Oxygen, SBE 43 [mg/l]
# name 16 = sbox0Mm/Kg: Oxygen, SBE 43 [umol/kg]
# name 17 = sbeox0Mm/L: Oxygen, SBE 43 [umol/l]
# name 18 = flag:  0.000e+00
# span 0 =   58.71312,   58.71412                 
# span 1 = -136.11430, -136.11270                 
# span 2 =      2.634,    159.487                 
# span 3 =      1.876,     97.759                 
# span 4 =      1.858,     96.824                 
# span 5 =     6.7809,     9.6489                 
# span 6 =    19.4685,    30.5822                 
# span 7 =  1015.0377,  1024.4190                 
# span 8 =    15.0207,    23.9691                 
# span 9 =     6.7727,     9.6486                 
# span 10 =     67.008,    119.628                
# span 11 =    36.3598,    94.2277                
# span 12 =    -0.0005,     5.6845                
# span 13 =      7.947,      8.420                
# span 14 =     4.6332,     8.3586                
# span 15 =     6.6213,    11.9453                
# span 16 =    202.131,    367.320                
# span 17 =    206.917,    373.296                
# span 18 = 0.0000e+00, 0.0000e+00                
# interval = seconds: 0.0416667
# start_time = Aug 20 2022 15:08:42 [NMEA time, header]
# bad_flag = -9.990e-29
*END*
[from data line 458]
   58.71410 -136.11414    108.599     10.110     10.016     7.8620    29.0799  1022.6939    22.6474     7.8611     75.754    82.8723     1.4647      8.026     5.2127     7.4495    227.644    232.799  0.000e+00
   58.71410 -136.11414    108.680     10.142     10.048     7.8619    29.0798  1022.6939    22.6473     7.8610     75.749    82.8723     1.4647      8.026     5.2123     7.4490    227.628    232.783  0.000e+00
   58.71410 -136.11414    108.736     10.199     10.104     7.8620    29.0796  1022.6941    22.6472     7.8611     75.744    82.8723     1.4940      8.026     5.2120     7.4485    227.613    232.768  0.000e+00
   58.71410 -136.11414    108.648     10.110     10.016     7.8620    29.0803  1022.6941    22.6477     7.8611     75.793    82.8723     1.4940      8.026     5.2153     7.4532    227.759    232.917  0.000e+00
   58.71410 -136.11414    108.680     10.142     10.048     7.8619    29.0807  1022.6946    22.6480     7.8610     75.795    82.8443     1.4940      8.026     5.2155     7.4534    227.765    232.923  0.000e+00
   58.71410 -136.11414    108.680     10.142     10.048     7.8618    29.0807  1022.6946    22.6480     7.8609     75.742    82.7883     1.4940      8.026     5.2118     7.4482    227.605    232.760  0.000e+00
   58.71410 -136.11414    108.648     10.110     10.016     7.8620    29.0803  1022.6941    22.6477     7.8611     75.791    82.7604     1.4940      8.026     5.2152     7.4531    227.754    232.913  0.000e+00
   58.71410 -136.11414    108.680     10.142     10.048     7.8616    29.0799  1022.6940    22.6474     7.8607     75.739    82.7604     1.4940      8.026     5.2117     7.4480    227.599    232.753  0.000e+00
   58.71410 -136.11414    108.680     10.142     10.048     7.8620    29.0791  1022.6933    22.6467     7.8611     75.741    82.7604     1.4940      8.026     5.2118     7.4482    227.606    232.760  0.000e+00
   58.71410 -136.11414    108.648     10.110     10.016     7.8618    29.0787  1022.6930    22.6465     7.8609     75.737    82.7604     1.4940      8.026     5.2116     7.4479    227.594    232.749  0.000e+00
   58.71410 -136.11414    108.680     10.142     10.048     7.8620    29.0784  1022.6928    22.6462     7.8611     75.733    82.7604     1.4940      8.026     5.2113     7.4475    227.583    232.737  0.000e+00
   58.71410 -136.11414    108.680     10.142     10.048     7.8616    29.0783  1022.6928    22.6462     7.8607     75.730    82.7604     1.4940      8.026     5.2111     7.4472    227.575    232.729  0.000e+00
   58.71410 -136.11414    108.648     10.110     10.016     7.8619    29.0783  1022.6926    22.6462     7.8610     75.734    82.7604     1.4940      8.026     5.2113     7.4475    227.585    232.739  0.000e+00
   58.71410 -136.11414    108.624     10.086      9.992     7.8618    29.0786  1022.6927    22.6464     7.8609     75.738    82.7604     1.4940      8.026     5.2117     7.4480    227.598    232.753  0.000e+00
   58.71410 -136.11414    108.680     10.142     10.048     7.8616    29.0787  1022.6931    22.6465     7.8607     75.744    82.7604     1.4940      8.026     5.2121     7.4486    227.616    232.771  0.000e+00
   58.71410 -136.11414    108.648     10.110     10.016     7.8618    29.0786  1022.6928    22.6464     7.8609     75.742    82.7604     1.4940      8.026     5.2119     7.4484    227.610    232.765  0.000e+00
   58.71410 -136.11414    108.680     10.142     10.048     7.8616    29.0787  1022.6931    22.6465     7.8607     75.741    82.7604     1.4940      8.026     5.2119     7.4483    227.609    232.763  0.000e+00
   58.71410 -136.11414    108.624     10.086      9.992     7.8618    29.0782  1022.6924    22.6461     7.8609     75.740    82.7604     1.4940      8.026     5.2118     7.4482    227.604    232.759  0.000e+00
   58.71410 -136.11414    108.648     10.110     10.016     7.8618    29.0781  1022.6925    22.6460     7.8609     75.739    82.7604     1.4940      8.026     5.2118     7.4481    227.603    232.758  0.000e+00
   58.71410 -136.11414    108.680     10.142     10.048     7.8615    29.0781  1022.6927    22.6460     7.8606     75.740    82.7604     1.4940      8.026     5.2118     7.4482    227.605    232.759  0.000e+00
   58.71410 -136.11414    108.624     10.086      9.991     7.8616    29.0782  1022.6924    22.6460     7.8607     75.739    82.7604     1.4940      8.026     5.2118     7.4481    227.602    232.757  0.000e+00
   58.71410 -136.11414    108.648     10.110     10.015     7.8616    29.0784  1022.6927    22.6462     7.8607     75.740    82.7604     1.4940      8.026     5.2118     7.4482    227.604    232.758  0.000e+00
   58.71410 -136.11414    108.680     10.142     10.047     7.8616    29.0786  1022.6930    22.6464     7.8607     75.740    82.7604     1.5233      8.026     5.2118     7.4482    227.606    232.760  0.000e+00
   58.71410 -136.11414    108.624     10.086      9.991     7.8618    29.0780  1022.6923    22.6459     7.8609     75.741    82.7604     1.5526      8.026     5.2119     7.4483    227.607    232.762  0.000e+00
   58.71410 -136.11414    108.648     10.110     10.015     7.8616    29.0782  1022.6925    22.6460     7.8607     75.742    82.7604     1.5819      8.026     5.2120     7.4484    227.612    232.766  0.000e+00
   58.71410 -136.11414    108.680     10.142     10.047     7.8613    29.0781  1022.6927    22.6461     7.8604     75.744    82.7883     1.5819      8.026     5.2121     7.4487    227.619    232.774  0.000e+00
   58.71410 -136.11414    108.648     10.086      9.991     7.8615    29.0778  1022.6922    22.6458     7.8606     75.745    82.7883     1.5819      8.026     5.2122     7.4488    227.622    232.777  0.000e+00
   58.71410 -136.11414    108.648     10.110     10.015     7.8616    29.0773  1022.6919    22.6454     7.8607     75.747    82.7883     1.5819      8.026     5.2124     7.4490    227.629    232.784  0.000e+00
   58.71410 -136.11414    108.680     10.142     10.047     7.8615    29.0769  1022.6917    22.6451     7.8606     75.750    82.7883     1.5819      8.026     5.2126     7.4493    227.639    232.794  0.000e+00
   58.71410 -136.11414    108.624     10.086      9.991     7.8615    29.0768  1022.6914    22.6450     7.8606     75.752    82.7883     1.5819      8.026     5.2127     7.4495    227.645    232.800  0.000e+00
   58.71410 -136.11414    108.648     10.110     10.015     7.8613    29.0768  1022.6915    22.6450     7.8604     75.755    82.7883     1.5819      8.026     5.2130     7.4498    227.656    232.811  0.000e+00
   58.71410 -136.11414    108.680     10.142     10.047     7.8615    29.0765  1022.6914    22.6448     7.8606     75.759    82.7883     1.5819      8.026     5.2132     7.4502    227.666    232.821  0.000e+00
   58.71410 -136.11414    108.624     10.086      9.991     7.8613    29.0767  1022.6913    22.6450     7.8604     75.762    82.7883     1.5819      8.026     5.2134     7.4505    227.675    232.831  0.000e+00
   58.71410 -136.11414    108.704     10.166     10.071     7.8615    29.0765  1022.6915    22.6448     7.8606     75.766    82.7883     1.5819      8.026     5.2137     7.4509    227.688    232.844  0.000e+00
   58.71410 -136.11414    108.624     10.086      9.991     7.8615    29.0769  1022.6915    22.6451     7.8606     75.770    82.7883     1.5819      8.026     5.2139     7.4512    227.698    232.854  0.000e+00
   58.71410 -136.11414    108.648     10.110     10.015     7.8613    29.0769  1022.6916    22.6451     7.8604     75.774    82.7883     1.5819      8.026     5.2143     7.4517    227.713    232.869  0.000e+00
   58.71410 -136.11414     98.839     10.142     10.047     7.8611    29.0759  1022.6909    22.6443     7.8602     75.772    82.7883     1.5819      8.026     5.2142     7.4516    227.708    232.865  0.000e+00
   58.71410 -136.11414     83.039     10.142     10.047     7.8613    29.0749  1022.6901    22.6435     7.8604     75.777    82.7883     1.5819      8.031     5.2145     7.4520    227.723    232.880  0.000e+00
   58.71410 -136.11414     78.538     10.110     10.015     7.8615    29.0749  1022.6900    22.6435     7.8606     75.781    82.7883     1.5819      8.026     5.2148     7.4525    227.736    232.893  0.000e+00
   58.71410 -136.11414     78.961     10.142     10.047     7.8613    29.0754  1022.6906    22.6439     7.8604     75.787    82.7883     1.5819      8.026     5.2152     7.4530    227.753    232.910  0.000e+00
   58.71410 -136.11414     79.540     10.086      9.991     7.8613    29.0751  1022.6901    22.6437     7.8604     75.792    82.7883     1.5819      8.026     5.2155     7.4535    227.769    232.926  0.000e+00
   58.71410 -136.11414     79.791     10.166     10.071     7.8613    29.0755  1022.6907    22.6440     7.8604     75.799    82.7883     1.5819      8.026     5.2160     7.4542    227.788    232.946  0.000e+00
   58.71410 -136.11414     79.686     10.086      9.991     7.8613    29.0755  1022.6904    22.6440     7.8604     75.804    82.7883     1.5819      8.026     5.2164     7.4547    227.804    232.962  0.000e+00
   58.71410 -136.11414     79.718     10.142     10.047     7.8615    29.0757  1022.6907    22.6441     7.8606     75.804    82.7883     1.5526      8.031     5.2163     7.4546    227.802    232.960  0.000e+00
   58.71410 -136.11414     79.742     10.166     10.071     7.8611    29.0755  1022.6908    22.6440     7.8602     75.803    82.7883     1.5526      8.026     5.2163     7.4546    227.802    232.960  0.000e+00
   58.71410 -136.11414     79.718     10.142     10.047     7.8613    29.0740  1022.6895    22.6429     7.8604     75.857    82.6765     1.5526      8.026     5.2201     7.4600    227.966    233.128  0.000e+00
   58.71410 -136.11414     79.662     10.086      9.991     7.8608    29.0726  1022.6882    22.6418     7.8599     75.862    82.5926     1.5526      8.026     5.2205     7.4607    227.987    233.149  0.000e+00
   58.71410 -136.11414     79.742     10.166     10.071     7.8613    29.0713  1022.6874    22.6407     7.8604     75.869    82.5926     1.5526      8.026     5.2209     7.4613    228.005    233.168  0.000e+00
   58.71410 -136.11414     79.718     10.142     10.047     7.8611    29.0724  1022.6882    22.6416     7.8602     75.819    82.5926     1.5526      8.026     5.2175     7.4563    227.854    233.013  0.000e+00
   58.71410 -136.11414     79.718     10.142     10.047     7.8611    29.0737  1022.6893    22.6426     7.8602     75.817    82.5926     1.5526      8.026     5.2173     7.4561    227.846    233.005  0.000e+00
   58.71410 -136.11412     79.686     10.110     10.015     7.8613    29.0742  1022.6894    22.6429     7.8604     75.870    82.5926     1.5526      8.026     5.2209     7.4612    228.004    233.167  0.000e+00
   58.71410 -136.11412     83.918     10.142     10.047     7.8611    29.0751  1022.6903    22.6437     7.8602     75.875    82.5926     1.5526      8.026     5.2213     7.4617    228.019    233.182  0.000e+00
   58.71410 -136.11412    101.915     10.142     10.047     7.8615    29.0750  1022.6902    22.6436     7.8606     75.887    82.5926     1.5526      8.026     5.2221     7.4629    228.053    233.217  0.000e+00
   58.71410 -136.11412    109.363     10.166     10.071     7.8613    29.0756  1022.6908    22.6441     7.8604     75.899    82.5926     1.5526      8.026     5.2229     7.4641    228.090    233.255  0.000e+00
   58.71410 -136.11412    109.681     10.142     10.047     7.8611    29.0752  1022.6904    22.6438     7.8602     75.904    82.5926     1.5526      8.026     5.2232     7.4645    228.105    233.270  0.000e+00
   58.71410 -136.11412    108.924     10.142     10.047     7.8613    29.0750  1022.6902    22.6436     7.8604     75.915    82.5926     1.5526      8.026     5.2240     7.4657    228.140    233.306  0.000e+00
   58.71410 -136.11412    108.679     10.166     10.071     7.8610    29.0750  1022.6904    22.6436     7.8601     75.920    82.5926     1.5526      8.026     5.2244     7.4662    228.155    233.322  0.000e+00
   58.71410 -136.11412    108.575     10.086      9.991     7.8611    29.0752  1022.6902    22.6438     7.8602     75.979    82.5926     1.5526      8.026     5.2284     7.4719    228.330    233.500  0.000e+00
   58.71410 -136.11412    108.736     10.199     10.103     7.8613    29.0754  1022.6908    22.6439     7.8604     75.935    82.5926     1.5526      8.026     5.2254     7.4676    228.198    233.365  0.000e+00
   58.71410 -136.11412    108.648     10.110     10.015     7.8611    29.0762  1022.6910    22.6445     7.8602     75.937    82.5926     1.5526      8.026     5.2255     7.4678    228.205    233.372  0.000e+00
   58.71410 -136.11412    108.680     10.142     10.047     7.8615    29.0762  1022.6912    22.6445     7.8606     75.941    82.5926     1.5526      8.026     5.2257     7.4681    228.212    233.380  0.000e+00
   58.71410 -136.11412    108.680     10.142     10.047     7.8615    29.0759  1022.6909    22.6443     7.8606     75.943    82.5926     1.5526      8.026     5.2259     7.4683    228.221    233.389  0.000e+00
   58.71410 -136.11412    108.648     10.110     10.015     7.8613    29.0763  1022.6911    22.6447     7.8604     75.945    82.5926     1.5526      8.026     5.2260     7.4685    228.227    233.395  0.000e+00
   58.71410 -136.11412    108.736     10.199     10.103     7.8615    29.0761  1022.6913    22.6444     7.8606     75.948    82.5926     1.5233      8.026     5.2262     7.4688    228.235    233.404  0.000e+00
   58.71410 -136.11412    108.680     10.142     10.047     7.8615    29.0766  1022.6915    22.6448     7.8606     75.949    82.5926     1.5233      8.026     5.2263     7.4689    228.238    233.406  0.000e+00
   58.71410 -136.11412    108.648     10.110     10.015     7.8615    29.0776  1022.6921    22.6456     7.8606     75.950    82.5926     1.4940      8.026     5.2263     7.4690    228.240    233.408  0.000e+00
   58.71410 -136.11412    108.680     10.142     10.047     7.8613    29.0780  1022.6926    22.6459     7.8604     75.952    82.6205     1.4940      8.026     5.2265     7.4691    228.245    233.414  0.000e+00
   58.71410 -136.11412    108.680     10.142     10.047     7.8613    29.0776  1022.6923    22.6456     7.8604     75.953    82.6205     1.4940      8.026     5.2265     7.4692    228.248    233.417  0.000e+00
   58.71410 -136.11412    108.648     10.110     10.015     7.8615    29.0779  1022.6923    22.6458     7.8606     75.953    82.6205     1.4940      8.026     5.2265     7.4692    228.247    233.416  0.000e+00
   58.71410 -136.11412    108.680     10.142     10.047     7.8616    29.0772  1022.6919    22.6453     7.8607     75.954    82.6205     1.4940      8.026     5.2266     7.4693    228.249    233.418  0.000e+00
   58.71410 -136.11412    108.680     10.142     10.047     7.8615    29.0774  1022.6921    22.6455     7.8606     75.954    82.6205     1.4940      8.026     5.2266     7.4693    228.250    233.419  0.000e+00
   58.71410 -136.11412    108.704     10.166     10.071     7.8613    29.0779  1022.6926    22.6459     7.8604     75.954    82.6205     1.4940      8.026     5.2266     7.4693    228.250    233.419  0.000e+00
   58.71410 -136.11412    108.680     10.142     10.047     7.8618    29.0776  1022.6922    22.6456     7.8609     76.008    82.6205     1.4940      8.026     5.2303     7.4746    228.411    233.583  0.000e+00
   58.71410 -136.11412    108.680     10.142     10.047     7.8616    29.0784  1022.6929    22.6463     7.8607     76.014    82.6205     1.4940      8.026     5.2307     7.4751    228.428    233.601  0.000e+00
   58.71410 -136.11412    108.648     10.110     10.015     7.8618    29.0790  1022.6932    22.6467     7.8609     75.964    82.6205     1.4940      8.026     5.2272     7.4701    228.275    233.445  0.000e+00
