EcoFOCI/data/1_SampleCollection/2022_GOA-OA_CruiseData/CTD_raw_BottleFile_RC0083/RC0083_150.cnv
* Sea-Bird SBE 9 Data File:
* FileName = C:\Data\RC0083ctd\RC0083_150.hex
* Software Version Seasave V 7.26.7.107
* Temperature SN = 2060
* Conductivity SN = 2881
* Number of Bytes Per Scan = 31
* Number of Voltage Words = 4
* Number of Scans Averaged by the Deck Unit = 1
* NMEA Latitude = 54 56.30 N
* NMEA Longitude = 130 57.81 W
* NMEA UTC (Time) = Aug 28 2022  21:55:30
* NMEA baud rate = 4800
** Ship: R/V Rachel Carson
** Cruise ID: RC0083
** Tech: McHugh/Nomura
** Chief Scientist: Cross
** Station: RC5
** Cast:  CTD150
# nquan = 19
# nvalues = 5195                                  
# units = specified
# name 0 = latitude: Latitude [deg]
# name 1 = longitude: Longitude [deg]
# name 2 = sfdSM: Seafloor depth [salt water, m]
# name 3 = prDM: Pressure, Digiquartz [db]
# name 4 = depSM: Depth [salt water, m]
# name 5 = t090C: Temperature [ITS-90, deg C]
# name 6 = sal00: Salinity, Practical [PSU]
# name 7 = density00: Density [density, kg/m^3]
# name 8 = sigma-é00: Density [sigma-theta, kg/m^3]
# name 9 = potemp090C: Potential Temperature [ITS-90, deg C]
# name 10 = sbeox0PS: Oxygen, SBE 43 [% saturation]
# name 11 = CStarTr0: Beam Transmission, WET Labs C-Star [%]
# name 12 = flECO-AFL: Fluorescence, WET Labs ECO-AFL/FL [mg/m^3]
# name 13 = ph: pH
# name 14 = sbeox0ML/L: Oxygen, SBE 43 [ml/l]
# name 15 = sbeox0Mg/L: Oxygen, SBE 43 [mg/l]
# name 16 = sbox0Mm/Kg: Oxygen, SBE 43 [umol/kg]
# name 17 = sbeox0Mm/L: Oxygen, SBE 43 [umol/l]
# name 18 = flag:  0.000e+00
# span 0 =   54.93826,   54.93830                 
# span 1 = -130.96356, -130.96336                 
# span 2 =     16.563,    127.504                 
# span 3 =      2.155,     66.895                 
# span 4 =      2.135,     66.282                 
# span 5 =     7.4700,    14.0501                 
# span 6 =    26.7677,    32.0459                 
# span 7 =  1019.8385,  1025.3360                 
# span 8 =    19.8259,    25.0298                 
# span 9 =     7.4639,    14.0497                 
# span 10 =     42.574,     94.726                
# span 11 =    76.6352,   102.2827                
# span 12 =    -0.0005,     8.7907                
# span 13 =      7.817,      8.360                
# span 14 =     2.8964,     5.7902                
# span 15 =     4.1392,     8.2747                
# span 16 =    126.195,    253.538                
# span 17 =    129.352,    258.588                
# span 18 = 0.0000e+00, 0.0000e+00                
# interval = seconds: 0.0416667
# start_time = Aug 28 2022 21:55:30 [NMEA time, header]
# bad_flag = -9.990e-29
*END*
[from data line 2134]
   54.93828 -130.96338     79.372     50.603     50.141     7.6737    31.9675  1025.1715    24.9399     7.6690     44.841   100.8004     0.0581      7.850     3.0410     4.3458    132.505    135.809  0.000e+00
   54.93828 -130.96338     79.436     50.668     50.205     7.6758    31.9701  1025.1736    24.9416     7.6711     44.847   100.8004     0.0581      7.845     3.0411     4.3461    132.511    135.816  0.000e+00
   54.93828 -130.96338     79.436     50.668     50.205     7.6831    31.9737  1025.1753    24.9434     7.6784     44.851   100.8004     0.0581      7.850     3.0408     4.3457    132.499    135.804  0.000e+00
   54.93828 -130.96338     79.492     50.725     50.262     7.6902    31.9775  1025.1776    24.9454     7.6855     44.856   100.8283     0.0581      7.850     3.0406     4.3453    132.488    135.793  0.000e+00
   54.93828 -130.96338     79.492     50.725     50.262     7.6957    31.9803  1025.1790    24.9468     7.6910     44.860   100.8004     0.0581      7.850     3.0405     4.3451    132.482    135.787  0.000e+00
   54.93828 -130.96338     79.556     50.789     50.326     7.6996    31.9822  1025.1803    24.9478     7.6949     44.859   100.8004     0.0581      7.850     3.0401     4.3446    132.465    135.769  0.000e+00
   54.93828 -130.96338     79.612     50.846     50.382     7.7020    31.9833  1025.1810    24.9483     7.6973     44.858   100.8004     0.0581      7.845     3.0398     4.3442    132.452    135.757  0.000e+00
   54.93828 -130.96338     79.539     50.846     50.382     7.7038    31.9835  1025.1809    24.9482     7.6990     44.856   100.8004     0.0581      7.850     3.0395     4.3438    132.441    135.745  0.000e+00
   54.93828 -130.96338     79.522     50.902     50.438     7.7041    31.9849  1025.1823    24.9493     7.6994     44.860   100.8004     0.0581      7.850     3.0398     4.3442    132.452    135.757  0.000e+00
   54.93828 -130.96338     79.562     50.967     50.502     7.7043    31.9863  1025.1836    24.9503     7.6995     44.865   100.8004     0.0581      7.850     3.0401     4.3446    132.464    135.769  0.000e+00
   54.93828 -130.96338     79.618     51.024     50.558     7.7046    31.9872  1025.1846    24.9510     7.6999     44.920   100.8004     0.0581      7.850     3.0437     4.3498    132.624    135.933  0.000e+00
   54.93828 -130.96338     79.618     51.024     50.558     7.7056    31.9885  1025.1855    24.9519     7.7009     44.923   100.8004     0.0581      7.850     3.0439     4.3500    132.630    135.939  0.000e+00
   54.93828 -130.96338     79.495     51.024     50.558     7.7063    31.9898  1025.1864    24.9528     7.7015     44.933   100.8004     0.0581      7.850     3.0444     4.3508    132.655    135.965  0.000e+00
   54.93828 -130.96338     79.373     51.024     50.558     7.7070    31.9907  1025.1870    24.9534     7.7023     44.935   100.8004     0.0581      7.850     3.0446     4.3510    132.659    135.970  0.000e+00
   54.93828 -130.96338     79.429     51.080     50.614     7.7074    31.9913  1025.1876    24.9538     7.7026     44.938   100.8843     0.0581      7.850     3.0447     4.3512    132.665    135.976  0.000e+00
   54.93828 -130.96338     79.373     51.024     50.558     7.7069    31.9914  1025.1876    24.9540     7.7021     44.883   100.9122     0.0581      7.850     3.0410     4.3459    132.505    135.811  0.000e+00
   54.93828 -130.96338     79.493     51.145     50.678     7.7066    31.9915  1025.1882    24.9541     7.7018     44.885   100.9122     0.0874      7.850     3.0412     4.3462    132.513    135.820  0.000e+00
   54.93828 -130.96338     79.347     51.145     50.678     7.7067    31.9923  1025.1888    24.9547     7.7020     44.944   100.9122     0.1167      7.850     3.0451     4.3518    132.683    135.995  0.000e+00
   54.93828 -130.96338     79.354     51.201     50.734     7.7072    31.9934  1025.1898    24.9555     7.7025     44.952   100.9122     0.1167      7.850     3.0456     4.3525    132.704    136.016  0.000e+00
   54.93828 -130.96338     79.394     51.266     50.798     7.7079    31.9929  1025.1897    24.9551     7.7031     44.959   100.9122     0.1167      7.850     3.0461     4.3532    132.726    136.038  0.000e+00
   54.93828 -130.96338     79.418     51.266     50.798     7.7084    31.9936  1025.1902    24.9555     7.7036     44.960   100.9122     0.1167      7.850     3.0461     4.3532    132.726    136.038  0.000e+00
   54.93828 -130.96338     79.361     51.258     50.790     7.7087    31.9941  1025.1905    24.9559     7.7039     44.960   100.9122     0.1167      7.850     3.0461     4.3531    132.725    136.037  0.000e+00
   54.93828 -130.96338     79.247     51.266     50.798     7.7080    31.9957  1025.1918    24.9572     7.7032     44.960   100.9122     0.1167      7.850     3.0461     4.3531    132.725    136.037  0.000e+00
   54.93828 -130.96338     79.254     51.323     50.854     7.7077    31.9966  1025.1929    24.9580     7.7029     44.960   100.9122     0.1167      7.854     3.0460     4.3531    132.724    136.036  0.000e+00
   54.93828 -130.96338     79.319     51.387     50.918     7.7077    31.9965  1025.1931    24.9579     7.7029     44.965   100.9122     0.1167      7.850     3.0464     4.3536    132.740    136.053  0.000e+00
   54.93828 -130.96338     79.399     51.444     50.974     7.7070    31.9968  1025.1937    24.9582     7.7022     44.970   100.9122     0.1167      7.850     3.0468     4.3542    132.757    136.071  0.000e+00
   54.93828 -130.96338     79.350     51.444     50.974     7.7063    31.9975  1025.1943    24.9588     7.7015     44.975   100.9122     0.1167      7.850     3.0472     4.3547    132.773    136.087  0.000e+00
   54.93828 -130.96338     79.252     51.444     50.974     7.7059    31.9982  1025.1950    24.9595     7.7011     45.036   100.9122     0.1167      7.854     3.0513     4.3606    132.953    136.271  0.000e+00
   54.93828 -130.96338     79.348     51.565     51.094     7.7050    31.9990  1025.1962    24.9602     7.7002     45.047   100.9122     0.1167      7.854     3.0521     4.3617    132.986    136.306  0.000e+00
   54.93828 -130.96338     79.260     51.500     51.030     7.7041    31.9997  1025.1966    24.9609     7.6993     45.056   100.9122     0.1167      7.850     3.0527     4.3627    133.015    136.335  0.000e+00
   54.93828 -130.96338     79.284     51.500     51.030     7.7034    31.9999  1025.1969    24.9612     7.6986     45.059   100.9122     0.1167      7.854     3.0530     4.3630    133.025    136.346  0.000e+00
   54.93828 -130.96338     79.387     51.678     51.206     7.7009    32.0000  1025.1981    24.9616     7.6961     45.005   100.9122     0.1167      7.854     3.0495     4.3581    132.875    136.192  0.000e+00
   54.93828 -130.96338     79.233     51.622     51.150     7.6961    32.0014  1025.1997    24.9634     7.6912     45.057   100.9122     0.1167      7.854     3.0533     4.3635    133.041    136.362  0.000e+00
   54.93828 -130.96338     79.209     51.622     51.150     7.6927    32.0022  1025.2008    24.9645     7.6879     45.058   100.9122     0.1167      7.854     3.0536     4.3639    133.053    136.375  0.000e+00
   54.93828 -130.96338     79.273     51.686     51.214     7.6910    32.0033  1025.2022    24.9656     7.6862     45.115   100.9682     0.1167      7.850     3.0576     4.3696    133.225    136.551  0.000e+00
   54.93828 -130.96338     79.289     51.678     51.206     7.6897    32.0030  1025.2021    24.9655     7.6849     45.126   100.9682     0.1167      7.850     3.0584     4.3708    133.262    136.589  0.000e+00
   54.93828 -130.96338     79.353     51.743     51.270     7.6868    32.0037  1025.2033    24.9665     7.6820     45.131   100.9682     0.0581      7.850     3.0589     4.3715    133.284    136.612  0.000e+00
   54.93828 -130.96338     79.409     51.799     51.326     7.6842    32.0034  1025.2037    24.9666     7.6794     45.141   100.9682     0.0288      7.854     3.0598     4.3728    133.322    136.651  0.000e+00
   54.93828 -130.96338     79.409     51.799     51.326     7.6823    32.0039  1025.2043    24.9672     7.6774     45.150   100.9682     0.0288      7.854     3.0605     4.3738    133.354    136.684  0.000e+00
   54.93828 -130.96338     79.465     51.856     51.382     7.6808    32.0049  1025.2057    24.9683     7.6760     45.152   100.9682     0.0288      7.850     3.0608     4.3741    133.363    136.693  0.000e+00
   54.93828 -130.96338     79.505     51.921     51.446     7.6794    32.0052  1025.2064    24.9687     7.6745     45.153   100.9962     0.0288      7.854     3.0609     4.3744    133.370    136.701  0.000e+00
   54.93828 -130.96338     79.383     51.921     51.446     7.6783    32.0056  1025.2068    24.9691     7.6735     45.159   100.9682     0.0288      7.850     3.0614     4.3750    133.391    136.722  0.000e+00
   54.93828 -130.96338     79.310     51.921     51.446     7.6776    32.0057  1025.2070    24.9693     7.6727     45.164   100.9682     0.0288      7.850     3.0618     4.3756    133.409    136.740  0.000e+00
   54.93828 -130.96338     79.341     51.977     51.502     7.6768    32.0063  1025.2078    24.9699     7.6719     45.169   100.9682     0.0288      7.854     3.0622     4.3761    133.424    136.756  0.000e+00
   54.93828 -130.96338     79.422     52.034     51.559     7.6764    32.0058  1025.2078    24.9696     7.6716     45.173   100.9682     0.0288      7.850     3.0625     4.3766    133.438    136.770  0.000e+00
   54.93828 -130.96338     79.405     52.042     51.567     7.6759    32.0058  1025.2079    24.9696     7.6711     45.176   100.9682     0.0288      7.850     3.0627     4.3769    133.448    136.780  0.000e+00
   54.93828 -130.96338     79.339     52.098     51.623     7.6752    32.0064  1025.2087    24.9702     7.6703     45.234   100.9682     0.0288      7.854     3.0667     4.3827    133.624    136.960  0.000e+00
   54.93828 -130.96338     79.315     52.098     51.623     7.6740    32.0069  1025.2093    24.9708     7.6692     45.242   100.9682     0.0288      7.854     3.0673     4.3835    133.648    136.985  0.000e+00
   54.93828 -130.96338     79.435     52.220     51.743     7.6732    32.0067  1025.2098    24.9708     7.6683     45.249   100.9682     0.0288      7.854     3.0678     4.3842    133.671    137.009  0.000e+00
   54.93828 -130.96338     79.379     52.163     51.687     7.6727    32.0072  1025.2100    24.9712     7.6678     45.254   100.9682     0.0288      7.850     3.0682     4.3847    133.687    137.025  0.000e+00
   54.93828 -130.96338     79.442     52.276     51.799     7.6713    32.0078  1025.2112    24.9719     7.6664     45.202   100.9682     0.0288      7.850     3.0648     4.3799    133.538    136.873  0.000e+00
   54.93828 -130.96338     79.264     52.220     51.743     7.6697    32.0081  1025.2114    24.9724     7.6648     45.255   100.9682     0.0288      7.850     3.0685     4.3852    133.701    137.039  0.000e+00
   54.93828 -130.96338     79.352     52.333     51.855     7.6683    32.0085  1025.2124    24.9729     7.6635     45.259   100.9682     0.0288      7.850     3.0688     4.3856    133.713    137.053  0.000e+00
   54.93828 -130.96338     79.296     52.276     51.799     7.6681    32.0084  1025.2121    24.9728     7.6632     45.260   100.9682     0.0288      7.850     3.0689     4.3858    133.717    137.057  0.000e+00
   54.93828 -130.96338     79.416     52.397     51.919     7.6676    32.0082  1025.2126    24.9727     7.6627     45.261   101.1080     0.0288      7.850     3.0690     4.3859    133.722    137.061  0.000e+00
   54.93828 -130.96338     79.318     52.397     51.919     7.6669    32.0082  1025.2126    24.9728     7.6621     45.260   101.1919     0.0288      7.850     3.0690     4.3859    133.722    137.061  0.000e+00
   54.93828 -130.96338     79.301     52.454     51.975     7.6655    32.0089  1025.2136    24.9735     7.6606     45.259   101.2199     0.0581      7.850     3.0690     4.3859    133.722    137.061  0.000e+00
   54.93828 -130.96338     79.276     52.454     51.975     7.6653    32.0091  1025.2138    24.9737     7.6604     45.312   101.2199     0.0581      7.850     3.0726     4.3911    133.881    137.224  0.000e+00
   54.93828 -130.96338     79.341     52.519     52.039     7.6643    32.0095  1025.2146    24.9742     7.6594     45.315   101.2199     0.0581      7.850     3.0729     4.3914    133.891    137.235  0.000e+00
   54.93828 -130.96338     79.397     52.575     52.095     7.6645    32.0094  1025.2148    24.9741     7.6596     45.322   101.2199     0.0581      7.850     3.0734     4.3922    133.912    137.257  0.000e+00
   54.93828 -130.96338     79.339     52.640     52.159     7.6646    32.0096  1025.2152    24.9742     7.6597     45.329   101.2199     0.0581      7.850     3.0738     4.3928    133.931    137.276  0.000e+00
   54.93828 -130.96338     79.201     52.575     52.095     7.6648    32.0091  1025.2145    24.9738     7.6599     45.334   101.2199     0.0581      7.850     3.0741     4.3932    133.945    137.290  0.000e+00
   54.93828 -130.96338     79.265     52.640     52.159     7.6640    32.0094  1025.2151    24.9742     7.6591     45.338   101.2199     0.0581      7.850     3.0745     4.3937    133.961    137.306  0.000e+00
   54.93828 -130.96338     79.321     52.696     52.215     7.6630    32.0097  1025.2158    24.9745     7.6581     45.342   101.2199     0.0581      7.850     3.0748     4.3942    133.974    137.320  0.000e+00
   54.93828 -130.96338     79.377     52.753     52.271     7.6626    32.0097  1025.2161    24.9746     7.6577     45.338   101.2199     0.0581      7.850     3.0745     4.3938    133.963    137.309  0.000e+00
   54.93828 -130.96338     79.255     52.753     52.271     7.6612    32.0097  1025.2163    24.9747     7.6563     45.389   101.1919     0.0581      7.850     3.0781     4.3989    134.118    137.468  0.000e+00
   54.93828 -130.96338     79.295     52.818     52.335     7.6596    32.0100  1025.2170    24.9752     7.6547     45.338   101.2199     0.0581      7.850     3.0748     4.3942    133.973    137.319  0.000e+00
   54.93828 -130.96338     79.238     52.810     52.327     7.6583    32.0102  1025.2173    24.9755     7.6534     45.393   101.2199     0.0581      7.850     3.0786     4.3996    134.139    137.489  0.000e+00
   54.93828 -130.96338     79.351     52.874     52.391     7.6567    32.0104  1025.2180    24.9760     7.6518     45.340   101.2199     0.0581      7.850     3.0751     4.3946    133.987    137.334  0.000e+00
   54.93828 -130.96338     79.351     52.874     52.391     7.6559    32.0101  1025.2179    24.9758     7.6510     45.336   101.2199     0.0581      7.850     3.0749     4.3943    133.978    137.325  0.000e+00
   54.93828 -130.96338     79.383     52.931     52.447     7.6538    32.0113  1025.2194    24.9771     7.6488     45.331   101.2199     0.0581      7.850     3.0747     4.3941    133.970    137.316  0.000e+00
   54.93828 -130.96338     79.447     52.995     52.511     7.6520    32.0113  1025.2200    24.9773     7.6471     45.326   101.2199     0.0581      7.850     3.0745     4.3937    133.959    137.305  0.000e+00
   54.93828 -130.96338     79.447     52.995     52.511     7.6505    32.0117  1025.2205    24.9778     7.6456     45.319   101.2199     0.0581      7.850     3.0741     4.3932    133.942    137.288  0.000e+00
   54.93828 -130.96338     79.447     52.995     52.511     7.6496    32.0119  1025.2208    24.9781     7.6447     45.311   101.1919     0.0581      7.850     3.0736     4.3925    133.921    137.266  0.000e+00
   54.93828 -130.96338     79.485     53.109     52.623     7.6488    32.0117  1025.2212    24.9781     7.6438     45.359   101.1640     0.0581      7.850     3.0769     4.3972    134.066    137.414  0.000e+00
