EcoFOCI/data/1_SampleCollection/2022_GOA-OA_CruiseData/CTD_raw_BottleFile_RC0083/RC0083_082.ros
* Sea-Bird SBE 9 Data File:
* FileName = C:\Data\RC0083ctd\RC0083_082.hex
* Software Version Seasave V 7.26.7.107
* Temperature SN = 2060
* Conductivity SN = 2881
* Number of Bytes Per Scan = 31
* Number of Voltage Words = 4
* Number of Scans Averaged by the Deck Unit = 1
* NMEA Latitude = 58 10.76 N
* NMEA Longitude = 134 16.75 W
* NMEA UTC (Time) = Aug 22 2022  02:20:40
* NMEA baud rate = 4800
** Ship: R/V Rachel Carson
** Cruise ID: RC0083
** Tech: McHugh/Nomura
** Chief Scientist: Cross
** Station: SPA
** Cast:  CTD082
# nquan = 21
# nvalues = 196                                   
# units = specified
# name 0 = latitude: Latitude [deg]
# name 1 = longitude: Longitude [deg]
# name 2 = sfdSM: Seafloor depth [salt water, m]
# name 3 = prDM: Pressure, Digiquartz [db]
# name 4 = depSM: Depth [salt water, m]
# name 5 = t090C: Temperature [ITS-90, deg C]
# name 6 = sal00: Salinity, Practical [PSU]
# name 7 = density00: Density [density, kg/m^3]
# name 8 = sigma-é00: Density [sigma-theta, kg/m^3]
# name 9 = potemp090C: Potential Temperature [ITS-90, deg C]
# name 10 = sbeox0PS: Oxygen, SBE 43 [% saturation]
# name 11 = CStarTr0: Beam Transmission, WET Labs C-Star [%]
# name 12 = flECO-AFL: Fluorescence, WET Labs ECO-AFL/FL [mg/m^3]
# name 13 = ph: pH
# name 14 = sbeox0ML/L: Oxygen, SBE 43 [ml/l]
# name 15 = sbeox0Mg/L: Oxygen, SBE 43 [mg/l]
# name 16 = sbox0Mm/Kg: Oxygen, SBE 43 [umol/kg]
# name 17 = sbeox0Mm/L: Oxygen, SBE 43 [umol/l]
# name 18 = scan: Scan Count
# name 19 = nbf: Bottles Fired
# name 20 = flag:  0.000e+00
# interval = seconds: 0.0416667
# start_time = Aug 22 2022 02:20:40 [NMEA time, header]
# bad_flag = -9.990e-29
*END*
   58.17930 -134.27926     96.652     87.199     86.371     5.5093    32.7296  1026.2216    25.8184     5.5025     24.979    80.8865     0.1167      7.576     1.7723     2.5328     77.158     79.150       4882          1  0.000e+00
   58.17930 -134.27926     96.620     87.166     86.339     5.5090    32.7297  1026.2215    25.8185     5.5022     24.976    80.8865     0.1167      7.576     1.7721     2.5325     77.151     79.143       4883          1  0.000e+00
   58.17930 -134.27926     96.620     87.166     86.339     5.5088    32.7298  1026.2217    25.8186     5.5020     24.974    80.8865     0.1167      7.576     1.7720     2.5323     77.144     79.136       4884          1  0.000e+00
   58.17930 -134.27926     96.652     87.199     86.371     5.5090    32.7293  1026.2214    25.8182     5.5022     24.972    80.9144     0.1167      7.576     1.7718     2.5321     77.137     79.129       4885          1  0.000e+00
   58.17930 -134.27926     96.620     87.166     86.339     5.5090    32.7294  1026.2213    25.8182     5.5022     24.969    80.9144     0.1167      7.576     1.7716     2.5318     77.130     79.121       4886          1  0.000e+00
   58.17930 -134.27926     96.620     87.166     86.339     5.5090    32.7291  1026.2210    25.8180     5.5022     24.967    80.8865     0.1167      7.572     1.7715     2.5316     77.123     79.114       4887          1  0.000e+00
   58.17930 -134.27926     96.620     87.166     86.339     5.5090    32.7290  1026.2210    25.8180     5.5022     24.965    80.9144     0.1167      7.576     1.7713     2.5314     77.116     79.107       4888          1  0.000e+00
   58.17930 -134.27926     96.596     87.142     86.315     5.5092    32.7286  1026.2205    25.8176     5.5024     24.970    80.9144     0.1167      7.576     1.7716     2.5319     77.130     79.122       4889          1  0.000e+00
   58.17930 -134.27926     96.620     87.166     86.339     5.5093    32.7281  1026.2202    25.8172     5.5025     25.033    80.9144     0.1167      7.576     1.7761     2.5382     77.325     79.321       4890          1  0.000e+00
   58.17930 -134.27926     96.676     87.223     86.395     5.5093    32.7277  1026.2202    25.8169     5.5025     25.045    80.9424     0.1167      7.576     1.7770     2.5395     77.363     79.361       4891          1  0.000e+00
   58.17930 -134.27926     96.620     87.166     86.339     5.5093    32.7283  1026.2204    25.8173     5.5025     25.057    80.9144     0.1167      7.576     1.7778     2.5407     77.400     79.398       4892          1  0.000e+00
   58.17930 -134.27926     96.596     87.142     86.315     5.5093    32.7279  1026.2199    25.8170     5.5025     25.069    80.9424     0.1167      7.576     1.7787     2.5419     77.437     79.436       4893          1  0.000e+00
   58.17930 -134.27926     96.620     87.166     86.339     5.5094    32.7280  1026.2202    25.8171     5.5027     25.023    80.9424     0.1167      7.576     1.7754     2.5373     77.296     79.291       4894          1  0.000e+00
   58.17930 -134.27926     96.620     87.166     86.339     5.5094    32.7277  1026.2199    25.8169     5.5027     25.021    80.9424     0.1167      7.576     1.7753     2.5371     77.291     79.286       4895          1  0.000e+00
   58.17930 -134.27926     96.620     87.166     86.339     5.5098    32.7274  1026.2196    25.8166     5.5030     24.962    80.9144     0.1460      7.576     1.7711     2.5311     77.107     79.097       4896          1  0.000e+00
   58.17930 -134.27926     96.652     87.199     86.371     5.5094    32.7280  1026.2203    25.8171     5.5027     24.954    80.9144     0.1753      7.576     1.7705     2.5303     77.081     79.071       4897          1  0.000e+00
   58.17930 -134.27926     96.620     87.166     86.339     5.5094    32.7282  1026.2203    25.8172     5.5027     24.946    80.9144     0.1753      7.576     1.7699     2.5294     77.056     79.046       4898          1  0.000e+00
   58.17930 -134.27926     96.620     87.166     86.339     5.5093    32.7288  1026.2208    25.8177     5.5025     24.996    80.9144     0.1753      7.576     1.7735     2.5345     77.210     79.204       4899          1  0.000e+00
   58.17930 -134.27926     96.620     87.166     86.339     5.5088    32.7295  1026.2214    25.8184     5.5020     25.052    80.9144     0.1753      7.576     1.7775     2.5403     77.387     79.385       4900          1  0.000e+00
   58.17930 -134.27926     96.652     87.199     86.371     5.5090    32.7291  1026.2212    25.8180     5.5022     25.001    80.9144     0.1753      7.576     1.7738     2.5350     77.226     79.220       4901          1  0.000e+00
   58.17930 -134.27926     96.620     87.166     86.339     5.5090    32.7292  1026.2212    25.8181     5.5022     25.057    80.9144     0.1753      7.572     1.7779     2.5407     77.401     79.399       4902          1  0.000e+00
   58.17930 -134.27926     96.620     87.166     86.339     5.5090    32.7291  1026.2210    25.8180     5.5022     25.063    80.9144     0.1753      7.576     1.7782     2.5413     77.418     79.416       4903          1  0.000e+00
   58.17930 -134.27926     96.620     87.166     86.339     5.5086    32.7294  1026.2213    25.8183     5.5019     25.068    80.9144     0.1753      7.576     1.7786     2.5418     77.434     79.433       4904          1  0.000e+00
   58.17930 -134.27926     96.596     87.142     86.315     5.5086    32.7296  1026.2214    25.8184     5.5019     25.015    80.9144     0.1753      7.576     1.7749     2.5365     77.271     79.266       4905          1  0.000e+00
   58.17930 -134.27926     96.676     87.223     86.395     5.5088    32.7295  1026.2216    25.8183     5.5020     25.013    80.9144     0.1753      7.576     1.7747     2.5363     77.265     79.260       4906          1  0.000e+00
   58.17930 -134.27926     96.556     87.102     86.275     5.5090    32.7295  1026.2211    25.8184     5.5022     25.011    80.9144     0.1753      7.576     1.7746     2.5360     77.257     79.252       4907          1  0.000e+00
   58.17930 -134.27926     96.652     87.199     86.371     5.5088    32.7302  1026.2221    25.8189     5.5020     25.009    80.9144     0.1753      7.576     1.7744     2.5359     77.252     79.246       4908          1  0.000e+00
   58.17930 -134.27926     96.620     87.166     86.339     5.5092    32.7296  1026.2214    25.8184     5.5024     25.065    81.1661     0.1753      7.576     1.7784     2.5415     77.423     79.422       4909          1  0.000e+00
   58.17930 -134.27926     96.620     87.166     86.339     5.5090    32.7296  1026.2215    25.8184     5.5022     25.011    81.5018     0.1753      7.576     1.7746     2.5361     77.259     79.254       4910          1  0.000e+00
   58.17930 -134.27926     96.620     87.166     86.339     5.5088    32.7303  1026.2220    25.8190     5.5020     25.002    81.6136     0.1753      7.576     1.7739     2.5351     77.230     79.224       4911          1  0.000e+00
   58.17930 -134.27926     96.596     87.142     86.315     5.5090    32.7293  1026.2211    25.8182     5.5022     24.999    81.5857     0.1753      7.576     1.7738     2.5349     77.222     79.216       4912          1  0.000e+00
   58.17930 -134.27926     96.620     87.166     86.339     5.5088    32.7294  1026.2213    25.8183     5.5020     24.997    81.5857     0.1753      7.576     1.7736     2.5346     77.215     79.208       4913          1  0.000e+00
   58.17930 -134.27926     96.676     87.223     86.395     5.5086    32.7297  1026.2218    25.8185     5.5019     25.002    81.5857     0.1753      7.576     1.7739     2.5351     77.230     79.224       4914          1  0.000e+00
   58.17930 -134.27926     96.556     87.102     86.275     5.5090    32.7293  1026.2209    25.8182     5.5022     25.006    81.5857     0.1753      7.576     1.7742     2.5356     77.243     79.237       4915          1  0.000e+00
   58.17930 -134.27926     96.596     87.142     86.315     5.5093    32.7290  1026.2208    25.8179     5.5025     25.004    81.5577     0.1460      7.576     1.7741     2.5354     77.237     79.231       4916          1  0.000e+00
   58.17930 -134.27926     96.676     87.223     86.395     5.5088    32.7293  1026.2215    25.8182     5.5020     25.060    81.5857     0.0874      7.576     1.7781     2.5411     77.411     79.409       4917          1  0.000e+00
   58.17930 -134.27926     96.620     87.166     86.339     5.5090    32.7292  1026.2211    25.8181     5.5022     25.065    81.5857     0.0581      7.576     1.7784     2.5415     77.424     79.423       4918          1  0.000e+00
   58.17930 -134.27926     96.556     87.102     86.275     5.5090    32.7294  1026.2210    25.8182     5.5022     25.011    81.5857     0.0581      7.576     1.7746     2.5361     77.258     79.253       4919          1  0.000e+00
   58.17930 -134.27926     96.596     87.142     86.315     5.5094    32.7287  1026.2206    25.8176     5.5027     24.958    81.5857     0.0581      7.576     1.7708     2.5307     77.094     79.084       4920          1  0.000e+00
   58.17930 -134.27926     96.676     87.223     86.395     5.5093    32.7294  1026.2215    25.8182     5.5025     25.014    81.5577     0.0581      7.576     1.7748     2.5364     77.268     79.263       4921          1  0.000e+00
   58.17930 -134.27926     96.556     87.102     86.275     5.5093    32.7294  1026.2210    25.8183     5.5025     25.019    81.5857     0.0581      7.576     1.7752     2.5369     77.283     79.279       4922          1  0.000e+00
   58.17930 -134.27926     96.620     87.166     86.339     5.5092    32.7297  1026.2215    25.8185     5.5024     25.083    81.5857     0.0581      7.576     1.7797     2.5433     77.480     79.481       4923          1  0.000e+00
   58.17930 -134.27926     96.596     87.142     86.315     5.5090    32.7302  1026.2218    25.8189     5.5022     25.031    81.5857     0.0581      7.576     1.7760     2.5380     77.319     79.315       4924          1  0.000e+00
   58.17930 -134.27926     96.620     87.166     86.339     5.5086    32.7305  1026.2222    25.8191     5.5019     25.029    81.5857     0.0581      7.572     1.7759     2.5379     77.315     79.311       4925          1  0.000e+00
   58.17930 -134.27926     96.556     87.102     86.275     5.5088    32.7305  1026.2219    25.8191     5.5020     25.020    81.5857     0.0581      7.576     1.7753     2.5370     77.287     79.283       4926          1  0.000e+00
   58.17930 -134.27926     96.620     87.166     86.339     5.5088    32.7307  1026.2224    25.8193     5.5020     25.019    81.5857     0.0581      7.576     1.7751     2.5369     77.282     79.278       4927          1  0.000e+00
   58.17930 -134.27926     96.596     87.142     86.315     5.5090    32.7309  1026.2223    25.8194     5.5022     25.010    81.5857     0.0581      7.576     1.7745     2.5359     77.254     79.249       4928          1  0.000e+00
   58.17930 -134.27926     96.620     87.166     86.339     5.5088    32.7314  1026.2229    25.8199     5.5020     25.059    81.5018     0.0581      7.576     1.7779     2.5409     77.404     79.403       4929          1  0.000e+00
   58.17930 -134.27926     96.556     87.101     86.275     5.5085    32.7316  1026.2228    25.8200     5.5017     25.063    81.2501     0.0581      7.576     1.7782     2.5413     77.418     79.417       4930          1  0.000e+00
   58.17926 -134.27960     30.853     25.598     25.359     8.7305    30.0975  1023.4393    23.3224     8.7280     70.099    97.6958     0.4390      8.037     4.6984     6.7145    205.050    209.832       7650          2  0.000e+00
   58.17926 -134.27960     30.853     25.598     25.359     8.7304    30.0977  1023.4394    23.3225     8.7279     70.047    97.6958     0.5269      8.037     4.6950     6.7096    204.898    209.677       7651          2  0.000e+00
   58.17926 -134.27960     30.853     25.598     25.359     8.7301    30.0979  1023.4396    23.3227     8.7276     70.107    97.6958     0.5562      8.037     4.6990     6.7153    205.074    209.857       7652          2  0.000e+00
   58.17926 -134.27960     30.797     25.541     25.303     8.7304    30.0977  1023.4392    23.3225     8.7279     70.111    97.6958     0.5562      8.037     4.6992     6.7156    205.083    209.866       7653          2  0.000e+00
   58.17926 -134.27960     30.917     25.662     25.423     8.7299    30.0978  1023.4399    23.3226     8.7274     70.115    97.6958     0.5562      8.037     4.6996     6.7161    205.099    209.883       7654          2  0.000e+00
   58.17926 -134.27960     30.853     25.598     25.359     8.7298    30.0979  1023.4397    23.3227     8.7273     70.118    97.6958     0.5269      8.037     4.6998     6.7164    205.108    209.892       7655          2  0.000e+00
   58.17926 -134.27960     30.853     25.598     25.359     8.7296    30.0980  1023.4398    23.3228     8.7271     70.121    97.6958     0.5562      8.037     4.7000     6.7168    205.118    209.901       7656          2  0.000e+00
   58.17926 -134.27960     30.853     25.598     25.359     8.7298    30.0979  1023.4397    23.3227     8.7273     70.124    97.6958     0.5562      8.037     4.7002     6.7170    205.125    209.910       7657          2  0.000e+00
   58.17926 -134.27960     30.917     25.662     25.423     8.7293    30.0980  1023.4401    23.3229     8.7268     70.134    97.6958     0.5562      8.037     4.7008     6.7180    205.155    209.940       7658          2  0.000e+00
   58.17926 -134.27960     63.520     25.541     25.303     8.7289    30.0983  1023.4399    23.3232     8.7264     70.141    97.7238     0.5562      8.037     4.7014     6.7187    205.178    209.964       7659          2  0.000e+00
   58.17926 -134.27960     99.537     25.662     25.423     8.7285    30.0984  1023.4406    23.3233     8.7259     70.151    97.7238     0.5562      8.037     4.7021     6.7198    205.209    209.995       7660          2  0.000e+00
   58.17926 -134.27960    107.703     25.598     25.359     8.7275    30.0992  1023.4410    23.3241     8.7250     70.159    97.7238     0.5562      8.037     4.7027     6.7207    205.236    210.023       7661          2  0.000e+00
   58.17926 -134.27960    106.238     25.598     25.359     8.7270    30.0997  1023.4415    23.3245     8.7245     70.162    97.7238     0.5269      8.032     4.7029     6.7210    205.246    210.033       7662          2  0.000e+00
   58.17926 -134.27960    104.837     25.662     25.423     8.7267    30.0996  1023.4417    23.3245     8.7242     70.165    97.7238     0.5269      8.037     4.7032     6.7213    205.256    210.044       7663          2  0.000e+00
   58.17926 -134.27960    104.479     25.598     25.359     8.7268    30.0997  1023.4416    23.3246     8.7243     70.167    97.7238     0.5562      8.037     4.7033     6.7214    205.260    210.048       7664          2  0.000e+00
   58.17926 -134.27960    104.592     25.662     25.423     8.7268    30.0995  1023.4417    23.3244     8.7243     70.169    97.7238     0.5269      8.037     4.7034     6.7217    205.268    210.056       7665          2  0.000e+00
   58.17926 -134.27960    104.602     25.598     25.359     8.7269    30.0997  1023.4415    23.3245     8.7244     70.170    97.7238     0.5269      8.037     4.7035     6.7218    205.271    210.058       7666          2  0.000e+00
   58.17926 -134.27960    104.602     25.598     25.359     8.7267    30.0997  1023.4415    23.3246     8.7241     70.116    97.7238     0.5269      8.037     4.6999     6.7166    205.113    209.897       7667          2  0.000e+00
   58.17926 -134.27960    104.722     25.719     25.479     8.7270    30.0993  1023.4417    23.3242     8.7245     70.113    97.7238     0.5562      8.037     4.6996     6.7163    205.102    209.886       7668          2  0.000e+00
