EcoFOCI/data/1_SampleCollection/2022_GOA-OA_CruiseData/CTD_raw_BottleFile_RC0083/RC0083_079.ros
* Sea-Bird SBE 9 Data File:
* FileName = C:\Data\RC0083ctd\RC0083_079.hex
* Software Version Seasave V 7.26.7.107
* Temperature SN = 2060
* Conductivity SN = 2881
* Number of Bytes Per Scan = 31
* Number of Voltage Words = 4
* Number of Scans Averaged by the Deck Unit = 1
* NMEA Latitude = 58 18.48 N
* NMEA Longitude = 134 43.12 W
* NMEA UTC (Time) = Aug 21 2022  23:54:28
* NMEA baud rate = 4800
** Ship: R/V Rachel Carson
** Cruise ID: RC0083
** Tech: McHugh/Nomura
** Chief Scientist: Cross
** Station: SPD
** Cast:  CTD079
# nquan = 21
# nvalues = 196                                   
# units = specified
# name 0 = latitude: Latitude [deg]
# name 1 = longitude: Longitude [deg]
# name 2 = sfdSM: Seafloor depth [salt water, m]
# name 3 = prDM: Pressure, Digiquartz [db]
# name 4 = depSM: Depth [salt water, m]
# name 5 = t090C: Temperature [ITS-90, deg C]
# name 6 = sal00: Salinity, Practical [PSU]
# name 7 = density00: Density [density, kg/m^3]
# name 8 = sigma-é00: Density [sigma-theta, kg/m^3]
# name 9 = potemp090C: Potential Temperature [ITS-90, deg C]
# name 10 = sbeox0PS: Oxygen, SBE 43 [% saturation]
# name 11 = CStarTr0: Beam Transmission, WET Labs C-Star [%]
# name 12 = flECO-AFL: Fluorescence, WET Labs ECO-AFL/FL [mg/m^3]
# name 13 = ph: pH
# name 14 = sbeox0ML/L: Oxygen, SBE 43 [ml/l]
# name 15 = sbeox0Mg/L: Oxygen, SBE 43 [mg/l]
# name 16 = sbox0Mm/Kg: Oxygen, SBE 43 [umol/kg]
# name 17 = sbeox0Mm/L: Oxygen, SBE 43 [umol/l]
# name 18 = scan: Scan Count
# name 19 = nbf: Bottles Fired
# name 20 = flag:  0.000e+00
# interval = seconds: 0.0416667
# start_time = Aug 21 2022 23:54:28 [NMEA time, header]
# bad_flag = -9.990e-29
*END*
[from data line 138]
   58.30744 -134.71844    113.186     14.691     14.554     9.8214    29.1488  1022.4826    22.4158     9.8199     78.874    96.6889     1.2888      8.133     5.1914     7.4190    226.764    231.847       9575          3  0.000e+00
   58.30744 -134.71844    113.218     14.723     14.586     9.8216    29.1491  1022.4830    22.4160     9.8200     78.928    96.6889     1.2888      8.133     5.1949     7.4241    226.920    232.006       9576          3  0.000e+00
   58.30744 -134.71844    113.218     14.723     14.586     9.8216    29.1489  1022.4828    22.4158     9.8200     78.932    96.6889     1.2888      8.133     5.1952     7.4245    226.932    232.019       9577          3  0.000e+00
   58.30744 -134.71844    113.218     14.723     14.586     9.8229    29.1481  1022.4820    22.4150     9.8213     78.876    96.6889     1.2888      8.133     5.1914     7.4190    226.764    231.847       9578          3  0.000e+00
   58.30744 -134.71844    113.218     14.723     14.586     9.8237    29.1474  1022.4813    22.4143     9.8221     78.869    96.6889     1.2888      8.133     5.1908     7.4182    226.741    231.823       9579          3  0.000e+00
   58.30744 -134.71844    113.218     14.723     14.586     9.8239    29.1475  1022.4813    22.4143     9.8224     78.862    96.6889     1.2888      8.133     5.1904     7.4176    226.720    231.802       9580          3  0.000e+00
   58.30744 -134.71844    113.250     14.755     14.618     9.8260    29.1455  1022.4796    22.4125     9.8245     78.916    96.6889     1.2888      8.133     5.1938     7.4224    226.869    231.953       9581          3  0.000e+00
   58.30744 -134.71844    113.218     14.723     14.586     9.8263    29.1450  1022.4790    22.4120     9.8248     78.920    96.6889     1.2888      8.133     5.1940     7.4227    226.879    231.964       9582          3  0.000e+00
   58.30744 -134.71844    113.218     14.723     14.586     9.8268    29.1445  1022.4785    22.4115     9.8253     78.924    96.6889     1.2888      8.133     5.1942     7.4231    226.890    231.975       9583          3  0.000e+00
   58.30738 -134.71844    101.186      2.578      2.554    13.6137    16.2978  1011.8635    11.8518    13.6134     97.866    62.0354     0.7907      8.367     6.4343     9.1953    283.990    287.356      10621          4  0.000e+00
   58.30738 -134.71844    101.442      2.836      2.810    13.6176    16.3105  1011.8738    11.8608    13.6173     97.815    62.1752     0.7907      8.367     6.4300     9.1890    283.796    287.162      10622          4  0.000e+00
   58.30738 -134.71844    101.482      2.877      2.850    13.6208    16.3209  1011.8814    11.8683    13.6205     97.812    62.2591     0.7907      8.367     6.4289     9.1875    283.745    287.113      10623          4  0.000e+00
   58.30738 -134.71844    101.418      2.812      2.786    13.6226    16.3285  1011.8866    11.8738    13.6223     97.811    62.2871     0.7614      8.366     6.4283     9.1866    283.718    287.087      10624          4  0.000e+00
   58.30738 -134.71844    101.386      2.780      2.754    13.6235    16.3369  1011.8928    11.8801    13.6232     97.811    62.2591     0.7614      8.366     6.4278     9.1860    283.695    287.065      10625          4  0.000e+00
   58.30738 -134.71844    101.418      2.812      2.786    13.6237    16.3449  1011.8991    11.8863    13.6234     97.811    62.2591     0.7907      8.366     6.4275     9.1855    283.679    287.051      10626          4  0.000e+00
   58.30738 -134.71844    101.442      2.836      2.810    13.6236    16.3488  1011.9022    11.8893    13.6232     97.811    62.2591     0.7614      8.366     6.4273     9.1853    283.672    287.045      10627          4  0.000e+00
   58.30738 -134.71844    101.482      2.877      2.850    13.6225    16.3499  1011.9035    11.8903    13.6221     97.811    62.2591     0.7614      8.366     6.4275     9.1855    283.677    287.050      10628          4  0.000e+00
   58.30738 -134.71844    101.418      2.812      2.786    13.6216    16.3536  1011.9061    11.8933    13.6213     97.805    62.2591     0.7907      8.371     6.4270     9.1849    283.658    287.031      10629          4  0.000e+00
   58.30738 -134.71844    101.442      2.836      2.810    13.6216    16.3695  1011.9185    11.9055    13.6212     97.805    62.2591     0.7614      8.371     6.4264     9.1839    283.625    287.002      10630          4  0.000e+00
   58.30738 -134.71844    101.482      2.877      2.850    13.6180    16.3966  1011.9401    11.9269    13.6176     97.804    62.2591     0.7907      8.371     6.4258     9.1831    283.592    286.974      10631          4  0.000e+00
   58.30738 -134.71844    101.442      2.836      2.810    13.6137    16.4224  1011.9605    11.9475    13.6134     97.857    62.2591     0.7907      8.371     6.4288     9.1873    283.719    287.109      10632          4  0.000e+00
   58.30738 -134.71844    101.482      2.877      2.850    13.6112    16.4490  1011.9815    11.9684    13.6109     97.861    62.2591     0.7614      8.371     6.4283     9.1867    283.692    287.087      10633          4  0.000e+00
   58.30738 -134.71844    101.442      2.836      2.810    13.6063    16.4711  1011.9991    11.9862    13.6060     97.809    62.2591     0.7907      8.371     6.4247     9.1815    283.527    286.926      10634          4  0.000e+00
   58.30738 -134.71844    101.538      2.933      2.906    13.6013    16.4834  1012.0100    11.9966    13.6009     97.808    62.2591     0.7907      8.371     6.4248     9.1817    283.531    286.933      10635          4  0.000e+00
   58.30738 -134.71844    101.482      2.877      2.850    13.5976    16.4899  1012.0153    12.0021    13.5972     97.805    62.2591     0.7907      8.371     6.4249     9.1818    283.533    286.936      10636          4  0.000e+00
   58.30738 -134.71844    101.442      2.836      2.810    13.5950    16.4978  1012.0216    12.0087    13.5947     97.802    62.2591     0.7907      8.371     6.4247     9.1816    283.523    286.928      10637          4  0.000e+00
   58.30738 -134.71844    101.538      2.933      2.906    13.5959    16.5044  1012.0270    12.0136    13.5955     97.747    62.2591     0.7614      8.371     6.4207     9.1758    283.344    286.748      10638          4  0.000e+00
   58.30738 -134.71844    101.498      2.893      2.866    13.5976    16.5062  1012.0279    12.0147    13.5972     97.739    62.2591     0.7614      8.371     6.4199     9.1746    283.307    286.711      10639          4  0.000e+00
   58.30738 -134.71844    101.482      2.877      2.850    13.5969    16.5051  1012.0270    12.0139    13.5966     97.731    62.2591     0.7907      8.371     6.4195     9.1741    283.291    286.694      10640          4  0.000e+00
   58.30738 -134.71844    101.562      2.958      2.930    13.5964    16.5060  1012.0282    12.0147    13.5961     97.725    62.2591     0.7907      8.371     6.4191     9.1735    283.274    286.677      10641          4  0.000e+00
   58.30738 -134.71844    101.482      2.877      2.850    13.5962    16.5072  1012.0288    12.0157    13.5959     97.716    62.6507     0.7614      8.371     6.4185     9.1727    283.248    286.652      10642          4  0.000e+00
   58.30738 -134.71844    101.539      2.933      2.906    13.5931    16.5057  1012.0284    12.0151    13.5927     97.710    63.0143     0.7907      8.371     6.4186     9.1728    283.251    286.655      10643          4  0.000e+00
   58.30738 -134.71844    101.499      2.893      2.866    13.5949    16.4956  1012.0202    12.0070    13.5946     97.702    63.0702     0.7614      8.371     6.4182     9.1723    283.237    286.638      10644          4  0.000e+00
   58.30738 -134.71844    101.539      2.933      2.906    13.5976    16.4830  1012.0103    11.9969    13.5972     97.695    63.0422     0.7907      8.371     6.4179     9.1718    283.225    286.623      10645          4  0.000e+00
   58.30738 -134.71844    101.563      2.958      2.930    13.6038    16.4787  1012.0060    11.9925    13.6035     97.687    63.0422     0.7907      8.371     6.4167     9.1701    283.174    286.570      10646          4  0.000e+00
   58.30738 -134.71844    101.539      2.933      2.906    13.6071    16.4898  1012.0139    12.0005    13.6068     97.679    63.0422     0.7907      8.371     6.4153     9.1681    283.109    286.507      10647          4  0.000e+00
   58.30738 -134.71844    101.483      2.877      2.850    13.6071    16.5016  1012.0227    12.0095    13.6068     97.671    63.0422     0.7907      8.371     6.4143     9.1667    283.063    286.462      10648          4  0.000e+00
   58.30738 -134.71844    101.563      2.958      2.930    13.6054    16.5040  1012.0252    12.0117    13.6051     97.665    63.0422     0.7614      8.371     6.4140     9.1663    283.050    286.450      10649          4  0.000e+00
   58.30738 -134.71844    101.539      2.933      2.906    13.6036    16.4992  1012.0217    12.0083    13.6033     97.662    63.0422     0.7907      8.371     6.4143     9.1666    283.062    286.461      10650          4  0.000e+00
   58.30738 -134.71844    101.499      2.893      2.866    13.6045    16.4927  1012.0164    12.0032    13.6042     97.659    63.0422     0.7614      8.371     6.4142     9.1665    283.061    286.458      10651          4  0.000e+00
   58.30738 -134.71844    101.539      2.933      2.906    13.6064    16.4860  1012.0110    11.9976    13.6060     97.657    63.0422     0.7907      8.371     6.4141     9.1664    283.057    286.453      10652          4  0.000e+00
   58.30738 -134.71844    101.563      2.958      2.930    13.6093    16.4773  1012.0040    11.9905    13.6090     97.650    63.0422     0.7907      8.371     6.4136     9.1657    283.037    286.431      10653          4  0.000e+00
   58.30738 -134.71844    101.539      2.933      2.906    13.6114    16.4687  1011.9969    11.9835    13.6111     97.643    63.0422     0.7907      8.371     6.4132     9.1651    283.021    286.412      10654          4  0.000e+00
   58.30738 -134.71844    101.539      2.933      2.906    13.6117    16.4650  1011.9940    11.9806    13.6114     97.641    63.0422     0.7614      8.371     6.4131     9.1650    283.020    286.411      10655          4  0.000e+00
   58.30738 -134.71844    101.563      2.958      2.930    13.6108    16.4672  1011.9960    11.9825    13.6104     97.639    63.0422     0.7907      8.371     6.4131     9.1649    283.017    286.408      10656          4  0.000e+00
   58.30738 -134.71844    101.483      2.877      2.850    13.6092    16.4738  1012.0009    11.9878    13.6089     97.583    63.0422     0.7907      8.371     6.4093     9.1595    282.849    286.240      10657          4  0.000e+00
   58.30738 -134.71844    101.563      2.958      2.930    13.6073    16.4778  1012.0047    11.9912    13.6070     97.578    63.0422     0.7907      8.371     6.4091     9.1592    282.839    286.230      10658          4  0.000e+00
   58.30738 -134.71844    101.539      2.933      2.906    13.6069    16.4775  1012.0044    11.9910    13.6065     97.626    63.0422     0.7614      8.371     6.4123     9.1639    282.982    286.375      10659          4  0.000e+00
   58.30738 -134.71844    101.539      2.933      2.906    13.6073    16.4759  1012.0031    11.9897    13.6070     97.625    63.0422     0.7321      8.371     6.4123     9.1638    282.980    286.373      10660          4  0.000e+00
   58.30738 -134.71844    101.499      2.893      2.866    13.6065    16.4747  1012.0021    11.9889    13.6062     97.624    63.0422     0.7028      8.371     6.4124     9.1639    282.985    286.377      10661          4  0.000e+00
   58.30738 -134.71844    101.539      2.933      2.906    13.6045    16.4746  1012.0026    11.9892    13.6042     97.625    63.2660     0.7028      8.371     6.4127     9.1644    282.998    286.390      10662          4  0.000e+00
   58.30738 -134.71844    101.499      2.893      2.866    13.6069    16.4709  1011.9992    11.9860    13.6066     97.624    63.6016     0.7028      8.371     6.4124     9.1640    282.988    286.380      10663          4  0.000e+00
   58.30738 -134.71844    101.539      2.933      2.906    13.6085    16.4624  1011.9925    11.9791    13.6082     97.678    63.6855     0.7028      8.371     6.4161     9.1693    283.153    286.545      10664          4  0.000e+00
   58.30738 -134.71844    101.499      2.893      2.866    13.6079    16.4531  1011.9853    11.9721    13.6075     97.682    63.6855     0.7028      8.371     6.4169     9.1703    283.187    286.577      10665          4  0.000e+00
   58.30738 -134.71844    101.483      2.877      2.850    13.6071    16.4478  1011.9813    11.9681    13.6068     97.633    63.6576     0.7321      8.371     6.4139     9.1661    283.058    286.445      10666          4  0.000e+00
   58.30738 -134.71844    101.539      2.934      2.906    13.6062    16.4445  1011.9792    11.9658    13.6059     97.634    63.6576     0.7028      8.371     6.4142     9.1666    283.072    286.460      10667          4  0.000e+00
   58.30738 -134.71844    101.499      2.893      2.866    13.6067    16.4377  1011.9737    11.9605    13.6064     97.634    63.6576     0.7028      8.371     6.4144     9.1669    283.083    286.468      10668          4  0.000e+00
   58.30738 -134.71844    101.483      2.877      2.850    13.6063    16.4307  1011.9683    11.9551    13.6060     97.639    63.6576     0.7028      8.371     6.4151     9.1678    283.114    286.498      10669          4  0.000e+00
