EcoFOCI/data/1_SampleCollection/2022_GOA-OA_CruiseData/CTD_raw_BottleFile_RC0083/RC0083_107.cnv
* Sea-Bird SBE 9 Data File:
* FileName = C:\Data\RC0083ctd\RC0083_107.hex
* Software Version Seasave V 7.26.7.107
* Temperature SN = 2060
* Conductivity SN = 2881
* Number of Bytes Per Scan = 31
* Number of Voltage Words = 4
* Number of Scans Averaged by the Deck Unit = 1
* NMEA Latitude = 56 12.48 N
* NMEA Longitude = 132 46.22 W
* NMEA UTC (Time) = Aug 23 2022  05:23:20
* NMEA baud rate = 4800
** Ship: R/V Rachel Carson
** Cruise ID: RC0083
** Tech: McHugh/Nomura
** Chief Scientist: Cross
** Station: UCLS2
** Cast:  CTD107
# nquan = 19
# nvalues = 13884                                 
# units = specified
# name 0 = latitude: Latitude [deg]
# name 1 = longitude: Longitude [deg]
# name 2 = sfdSM: Seafloor depth [salt water, m]
# name 3 = prDM: Pressure, Digiquartz [db]
# name 4 = depSM: Depth [salt water, m]
# name 5 = t090C: Temperature [ITS-90, deg C]
# name 6 = sal00: Salinity, Practical [PSU]
# name 7 = density00: Density [density, kg/m^3]
# name 8 = sigma-é00: Density [sigma-theta, kg/m^3]
# name 9 = potemp090C: Potential Temperature [ITS-90, deg C]
# name 10 = sbeox0PS: Oxygen, SBE 43 [% saturation]
# name 11 = CStarTr0: Beam Transmission, WET Labs C-Star [%]
# name 12 = flECO-AFL: Fluorescence, WET Labs ECO-AFL/FL [mg/m^3]
# name 13 = ph: pH
# name 14 = sbeox0ML/L: Oxygen, SBE 43 [ml/l]
# name 15 = sbeox0Mg/L: Oxygen, SBE 43 [mg/l]
# name 16 = sbox0Mm/Kg: Oxygen, SBE 43 [umol/kg]
# name 17 = sbeox0Mm/L: Oxygen, SBE 43 [umol/l]
# name 18 = flag:  0.000e+00
# span 0 =   56.20804,   56.20856                 
# span 1 = -132.77100, -132.77036                 
# span 2 =      4.170,    209.179                 
# span 3 =      2.505,    192.007                 
# span 4 =      2.482,    190.168                 
# span 5 =     5.8347,    14.2101                 
# span 6 =    27.8627,    33.5452                 
# span 7 =  1020.6872,  1027.3092                 
# span 8 =    20.6742,    26.4255                 
# span 9 =     5.8189,    14.2097                 
# span 10 =     20.450,    113.363                
# span 11 =    19.1869,   103.0659                
# span 12 =    -0.0884,    13.9189                
# span 13 =      7.633,      8.420                
# span 14 =     1.4318,     6.8977                
# span 15 =     2.0461,     9.8574                
# span 16 =     62.297,    301.679                
# span 17 =     63.942,    308.050                
# span 18 = 0.0000e+00, 0.0000e+00                
# interval = seconds: 0.0416667
# start_time = Aug 23 2022 05:23:20 [NMEA time, header]
# bad_flag = -9.990e-29
*END*
[from data line 458]
   56.20808 -132.77046    110.075     11.548     11.443    13.0149    28.2963  1021.2554    21.2035    13.0135    101.426    79.0125     7.9116      8.332     6.2671     8.9563    274.076    279.888  0.000e+00
   56.20808 -132.77046    110.099     11.573     11.467    13.0153    28.2965  1021.2556    21.2037    13.0138    101.419    78.9286     7.9409      8.332     6.2666     8.9556    274.056    279.867  0.000e+00
   56.20808 -132.77046    110.051     11.548     11.443    13.0160    28.2961  1021.2551    21.2032    13.0146    101.466    78.9286     7.9409      8.332     6.2694     8.9596    274.179    279.992  0.000e+00
   56.20808 -132.77046    110.075     11.548     11.443    13.0174    28.2955  1021.2543    21.2025    13.0159    101.468    78.9286     7.9409      8.332     6.2694     8.9596    274.178    279.992  0.000e+00
   56.20808 -132.77046    110.075     11.548     11.443    13.0193    28.2947  1021.2533    21.2015    13.0178    101.470    78.9286     7.9409      8.332     6.2693     8.9595    274.175    279.988  0.000e+00
   56.20808 -132.77046    110.099     11.573     11.467    13.0201    28.2944  1021.2531    21.2011    13.0186    101.527    78.9286     7.9409      8.332     6.2727     8.9644    274.325    280.141  0.000e+00
   56.20808 -132.77046    110.051     11.548     11.443    13.0186    28.2955  1021.2540    21.2022    13.0171    101.480    78.9286     7.9409      8.332     6.2700     8.9604    274.203    280.016  0.000e+00
   56.20808 -132.77046    110.075     11.548     11.443    13.0170    28.2963  1021.2550    21.2032    13.0155    101.482    78.9286     7.9409      8.332     6.2703     8.9608    274.216    280.030  0.000e+00
   56.20808 -132.77046    110.075     11.548     11.443    13.0158    28.2965  1021.2554    21.2035    13.0143    101.484    78.9286     7.9409      8.332     6.2706     8.9613    274.229    280.044  0.000e+00
   56.20808 -132.77046    110.099     11.573     11.467    13.0159    28.2960  1021.2551    21.2031    13.0144    101.482    78.9286     7.9409      8.332     6.2704     8.9611    274.223    280.037  0.000e+00
   56.20808 -132.77046    110.075     11.548     11.443    13.0159    28.2961  1021.2550    21.2032    13.0144    101.483    78.9286     7.9409      8.332     6.2705     8.9612    274.227    280.041  0.000e+00
   56.20808 -132.77046    110.075     11.548     11.443    13.0159    28.2962  1021.2551    21.2033    13.0144    101.485    78.9286     7.9409      8.332     6.2706     8.9614    274.232    280.047  0.000e+00
   56.20808 -132.77046    109.955     11.451     11.347    13.0162    28.2962  1021.2546    21.2032    13.0148    101.432    78.9286     7.9409      8.332     6.2673     8.9566    274.085    279.897  0.000e+00
   56.20808 -132.77046    110.251     11.726     11.619    13.0171    28.2956  1021.2552    21.2026    13.0156    101.433    78.9286     7.9409      8.332     6.2672     8.9565    274.084    279.895  0.000e+00
   56.20808 -132.77046    109.955     11.427     11.323    13.0158    28.2960  1021.2544    21.2031    13.0143    101.481    78.9286     7.9409      8.332     6.2704     8.9610    274.221    280.035  0.000e+00
   56.20808 -132.77046    110.075     11.548     11.443    13.0142    28.2965  1021.2557    21.2038    13.0127    101.480    78.9286     7.9409      8.332     6.2705     8.9612    274.227    280.041  0.000e+00
   56.20808 -132.77046    110.099     11.573     11.467    13.0132    28.2969  1021.2562    21.2043    13.0118    101.478    78.9286     7.9702      8.332     6.2705     8.9612    274.225    280.040  0.000e+00
   56.20808 -132.77046    109.929     11.548     11.443    13.0130    28.2970  1021.2563    21.2044    13.0115    101.479    78.9286     8.1753      8.332     6.2706     8.9613    274.231    280.046  0.000e+00
   56.20808 -132.77046    109.831     11.548     11.443    13.0123    28.2969  1021.2563    21.2045    13.0108    101.427    79.0125     8.3218      8.332     6.2675     8.9569    274.094    279.906  0.000e+00
   56.20808 -132.77046    109.743     11.484     11.379    13.0118    28.2970  1021.2562    21.2047    13.0103    101.478    79.0685     8.3218      8.332     6.2707     8.9615    274.234    280.049  0.000e+00
   56.20808 -132.77046    109.855     11.573     11.467    13.0114    28.2975  1021.2571    21.2051    13.0100    101.476    79.0685     8.3218      8.332     6.2706     8.9614    274.231    280.046  0.000e+00
   56.20808 -132.77046    109.831     11.548     11.443    13.0118    28.2969  1021.2564    21.2045    13.0103    101.419    79.0685     8.3218      8.332     6.2670     8.9562    274.074    279.886  0.000e+00
   56.20808 -132.77046    109.831     11.548     11.443    13.0118    28.2972  1021.2567    21.2048    13.0103    101.416    79.0685     8.3218      8.332     6.2669     8.9560    274.067    279.878  0.000e+00
   56.20808 -132.77046    109.807     11.548     11.443    13.0114    28.2971  1021.2567    21.2048    13.0100    101.414    79.0685     8.3218      8.332     6.2668     8.9558    274.062    279.873  0.000e+00
   56.20808 -132.77046    109.799     11.516     11.411    13.0112    28.2972  1021.2566    21.2049    13.0098    101.411    79.0685     8.3218      8.332     6.2666     8.9556    274.055    279.867  0.000e+00
   56.20808 -132.77046    109.831     11.548     11.443    13.0112    28.2972  1021.2567    21.2049    13.0098    101.463    79.0685     8.3218      8.332     6.2699     8.9603    274.198    280.012  0.000e+00
   56.20808 -132.77046    109.831     11.548     11.443    13.0112    28.2970  1021.2566    21.2048    13.0097    101.520    79.0685     8.3218      8.332     6.2734     8.9653    274.352    280.170  0.000e+00
   56.20808 -132.77046    109.799     11.516     11.411    13.0114    28.2964  1021.2560    21.2043    13.0100    101.473    79.0685     8.3218      8.332     6.2704     8.9611    274.223    280.037  0.000e+00
   56.20808 -132.77046    109.831     11.548     11.443    13.0111    28.2969  1021.2565    21.2047    13.0096    101.475    79.0685     8.3218      8.332     6.2706     8.9614    274.231    280.046  0.000e+00
   56.20808 -132.77046    109.767     11.484     11.379    13.0111    28.2972  1021.2565    21.2049    13.0096    101.477    79.0685     8.3218      8.332     6.2707     8.9615    274.235    280.050  0.000e+00
   56.20808 -132.77046    109.807     11.548     11.443    13.0115    28.2970  1021.2566    21.2047    13.0100    101.534    79.0685     8.3218      8.332     6.2742     8.9665    274.388    280.206  0.000e+00
   56.20808 -132.77046    109.848     11.516     11.411    13.0121    28.2966  1021.2560    21.2043    13.0106    101.541    79.0685     8.3218      8.332     6.2745     8.9670    274.403    280.221  0.000e+00
   56.20808 -132.77046    110.026     11.548     11.443    13.0129    28.2963  1021.2558    21.2039    13.0114    101.543    79.0685     8.3218      8.332     6.2746     8.9670    274.404    280.223  0.000e+00
   56.20808 -132.77046    110.011     11.484     11.379    13.0132    28.2960  1021.2552    21.2036    13.0118    101.548    79.0685     8.3218      8.332     6.2749     8.9674    274.417    280.236  0.000e+00
   56.20808 -132.77046    110.075     11.548     11.443    13.0144    28.2955  1021.2548    21.2030    13.0129    101.555    79.0685     8.3218      8.332     6.2752     8.9678    274.430    280.249  0.000e+00
   56.20808 -132.77046    110.043     11.516     11.411    13.0150    28.2954  1021.2545    21.2028    13.0135    101.501    79.0685     8.3218      8.332     6.2718     8.9630    274.282    280.097  0.000e+00
   56.20808 -132.77046    110.011     11.484     11.379    13.0153    28.2957  1021.2545    21.2030    13.0138    101.497    79.0685     8.3218      8.332     6.2715     8.9625    274.268    280.083  0.000e+00
   56.20808 -132.77046    110.075     11.548     11.443    13.0156    28.2956  1021.2547    21.2029    13.0141    101.494    79.0125     8.9665      8.332     6.2712     8.9622    274.257    280.072  0.000e+00
   56.20808 -132.77046    109.987     11.484     11.379    13.0154    28.2960  1021.2547    21.2032    13.0139    101.548    77.8938     9.6112      8.332     6.2746     8.9670    274.404    280.222  0.000e+00
   56.20808 -132.77046    110.043     11.516     11.411    13.0156    28.2957  1021.2546    21.2029    13.0141    101.499    77.2225     9.7870      8.332     6.2715     8.9626    274.271    280.087  0.000e+00
   56.20808 -132.77046    110.011     11.484     11.379    13.0157    28.2957  1021.2545    21.2029    13.0142    101.499    77.1386     9.7870      8.332     6.2715     8.9626    274.270    280.086  0.000e+00
   56.20808 -132.77046    110.075     11.548     11.443    13.0159    28.2957  1021.2547    21.2029    13.0144    101.500    77.1945     9.7577      8.332     6.2716     8.9627    274.273    280.088  0.000e+00
   56.20808 -132.77046    110.043     11.516     11.411    13.0173    28.2953  1021.2540    21.2023    13.0158    101.500    77.2225     9.7284      8.332     6.2714     8.9624    274.265    280.080  0.000e+00
   56.20808 -132.77046    110.011     11.484     11.379    13.0191    28.2950  1021.2533    21.2018    13.0176    101.500    77.2225     9.7284      8.332     6.2711     8.9621    274.255    280.070  0.000e+00
   56.20808 -132.77046    110.075     11.548     11.443    13.0201    28.2946  1021.2531    21.2012    13.0186    101.555    77.2225     9.7284      8.332     6.2745     8.9668    274.400    280.218  0.000e+00
   56.20808 -132.77046    110.011     11.484     11.379    13.0206    28.2947  1021.2528    21.2012    13.0191    101.559    77.2225     9.7284      8.332     6.2746     8.9671    274.408    280.225  0.000e+00
   56.20808 -132.77046    110.043     11.516     11.411    13.0205    28.2951  1021.2533    21.2016    13.0190    101.510    77.2225     9.7284      8.332     6.2716     8.9627    274.275    280.090  0.000e+00
   56.20808 -132.77046    110.011     11.484     11.379    13.0206    28.2955  1021.2534    21.2018    13.0191    101.509    77.2225     9.7284      8.332     6.2715     8.9627    274.272    280.087  0.000e+00
   56.20808 -132.77046    110.051     11.549     11.443    13.0211    28.2954  1021.2535    21.2017    13.0196    101.560    77.2225     9.7284      8.332     6.2746     8.9670    274.405    280.223  0.000e+00
   56.20808 -132.77046    109.987     11.484     11.379    13.0209    28.2952  1021.2531    21.2016    13.0194    101.504    77.2225     9.7284      8.332     6.2712     8.9621    274.256    280.070  0.000e+00
   56.20808 -132.77046    110.043     11.516     11.411    13.0206    28.2951  1021.2532    21.2015    13.0191    101.499    77.2225     9.7284      8.332     6.2709     8.9618    274.244    280.059  0.000e+00
   56.20808 -132.77046    110.075     11.549     11.443    13.0201    28.2956  1021.2539    21.2020    13.0186    101.553    77.2225     9.7284      8.332     6.2743     8.9666    274.392    280.210  0.000e+00
   56.20808 -132.77046    110.011     11.484     11.379    13.0194    28.2962  1021.2542    21.2026    13.0179    101.610    77.2225     9.7284      8.332     6.2779     8.9717    274.549    280.371  0.000e+00
   56.20808 -132.77046    110.075     11.549     11.443    13.0196    28.2958  1021.2541    21.2023    13.0181    101.565    77.2225     9.7284      8.332     6.2751     8.9677    274.426    280.245  0.000e+00
   56.20808 -132.77046    110.043     11.516     11.411    13.0223    28.2946  1021.2526    21.2009    13.0208    101.572    77.2225     9.7284      8.332     6.2752     8.9679    274.433    280.251  0.000e+00
   56.20808 -132.77046    110.075     11.549     11.443    13.0241    28.2943  1021.2521    21.2003    13.0226    101.575    77.2225     9.7284      8.332     6.2752     8.9679    274.433    280.251  0.000e+00
   56.20808 -132.77046    110.011     11.484     11.379    13.0223    28.2949  1021.2526    21.2011    13.0208    101.578    77.2225     9.7284      8.332     6.2756     8.9684    274.448    280.266  0.000e+00
   56.20808 -132.77046    110.043     11.516     11.411    13.0191    28.2957  1021.2540    21.2023    13.0176    101.581    77.2225     9.7284      8.332     6.2762     8.9693    274.474    280.293  0.000e+00
   56.20808 -132.77046    110.075     11.549     11.443    13.0173    28.2960  1021.2547    21.2028    13.0158    101.584    77.4742     9.7284      8.332     6.2766     8.9699    274.492    280.312  0.000e+00
   56.20808 -132.77046    110.075     11.549     11.443    13.0177    28.2961  1021.2547    21.2028    13.0163    101.587    77.6700     9.7284      8.332     6.2767     8.9700    274.496    280.316  0.000e+00
   56.20808 -132.77046    110.011     11.484     11.379    13.0203    28.2953  1021.2533    21.2018    13.0188    101.588    77.7260     9.7284      8.332     6.2764     8.9696    274.486    280.305  0.000e+00
   56.20808 -132.77046    110.099     11.573     11.467    13.0224    28.2950  1021.2531    21.2011    13.0209    101.586    77.6980     9.7284      8.332     6.2760     8.9691    274.469    280.288  0.000e+00
   56.20808 -132.77046    110.011     11.484     11.379    13.0231    28.2949  1021.2524    21.2009    13.0216    101.581    77.6980     9.7284      8.332     6.2757     8.9685    274.452    280.271  0.000e+00
   56.20808 -132.77046    110.075     11.549     11.443    13.0214    28.2959  1021.2538    21.2020    13.0200    101.583    77.6980     9.7284      8.332     6.2760     8.9690    274.466    280.285  0.000e+00
   56.20808 -132.77046    110.075     11.549     11.443    13.0206    28.2964  1021.2544    21.2026    13.0191    101.584    77.6980     9.7284      8.332     6.2761     8.9692    274.473    280.292  0.000e+00
   56.20808 -132.77046    110.043     11.516     11.411    13.0219    28.2960  1021.2536    21.2019    13.0205    101.639    77.6980     9.7284      8.332     6.2793     8.9738    274.613    280.435  0.000e+00
   56.20808 -132.77046    110.075     11.549     11.443    13.0226    28.2955  1021.2533    21.2015    13.0211    101.590    77.6980     9.7284      8.332     6.2763     8.9694    274.478    280.298  0.000e+00
   56.20808 -132.77046    110.011     11.484     11.379    13.0211    28.2962  1021.2538    21.2023    13.0196    101.639    77.6980     9.7284      8.332     6.2794     8.9740    274.618    280.440  0.000e+00
   56.20808 -132.77046    110.075     11.549     11.443    13.0201    28.2964  1021.2545    21.2026    13.0186    101.644    77.6980     9.7284      8.332     6.2799     8.9746    274.637    280.460  0.000e+00
   56.20808 -132.77046    110.019     11.516     11.411    13.0184    28.2966  1021.2548    21.2031    13.0170    101.648    77.6980     9.7284      8.332     6.2803     8.9752    274.656    280.480  0.000e+00
   56.20808 -132.77046    110.075     11.549     11.443    13.0177    28.2966  1021.2551    21.2033    13.0163    101.647    77.6980     9.7284      8.332     6.2804     8.9753    274.658    280.481  0.000e+00
   56.20808 -132.77046    110.075     11.549     11.443    13.0176    28.2962  1021.2548    21.2030    13.0161    101.645    77.6980     9.7284      8.332     6.2803     8.9752    274.654    280.477  0.000e+00
   56.20808 -132.77046    110.043     11.516     11.411    13.0179    28.2961  1021.2545    21.2028    13.0165    101.642    77.6980     9.7284      8.332     6.2801     8.9748    274.644    280.468  0.000e+00
   56.20808 -132.77046    110.075     11.549     11.443    13.0177    28.2961  1021.2547    21.2028    13.0163    101.639    77.6980     9.7284      8.332     6.2799     8.9746    274.638    280.461  0.000e+00
   56.20808 -132.77046    110.011     11.484     11.379    13.0191    28.2948  1021.2531    21.2016    13.0176    101.640    77.6700     9.7284      8.332     6.2798     8.9745    274.633    280.456  0.000e+00
