EcoFOCI/data/1_SampleCollection/2022_GOA-OA_CruiseData/CTD_raw_BottleFile_RC0083/RC0083_105.cnv
* Sea-Bird SBE 9 Data File:
* FileName = C:\Data\RC0083ctd\RC0083_105.hex
* Software Version Seasave V 7.26.7.107
* Temperature SN = 2060
* Conductivity SN = 2881
* Number of Bytes Per Scan = 31
* Number of Voltage Words = 4
* Number of Scans Averaged by the Deck Unit = 1
* NMEA Latitude = 56 27.76 N
* NMEA Longitude = 132 24.79 W
* NMEA UTC (Time) = Aug 23 2022  02:09:40
* NMEA baud rate = 4800
** Ship: R/V Rachel Carson
** Cruise ID: RC0083
** Tech: McHugh/Nomura
** Chief Scientist: Cross
** Station: WI1
** Cast:  CTD105
# nquan = 19
# nvalues = 9056                                  
# units = specified
# name 0 = latitude: Latitude [deg]
# name 1 = longitude: Longitude [deg]
# name 2 = sfdSM: Seafloor depth [salt water, m]
# name 3 = prDM: Pressure, Digiquartz [db]
# name 4 = depSM: Depth [salt water, m]
# name 5 = t090C: Temperature [ITS-90, deg C]
# name 6 = sal00: Salinity, Practical [PSU]
# name 7 = density00: Density [density, kg/m^3]
# name 8 = sigma-é00: Density [sigma-theta, kg/m^3]
# name 9 = potemp090C: Potential Temperature [ITS-90, deg C]
# name 10 = sbeox0PS: Oxygen, SBE 43 [% saturation]
# name 11 = CStarTr0: Beam Transmission, WET Labs C-Star [%]
# name 12 = flECO-AFL: Fluorescence, WET Labs ECO-AFL/FL [mg/m^3]
# name 13 = ph: pH
# name 14 = sbeox0ML/L: Oxygen, SBE 43 [ml/l]
# name 15 = sbeox0Mg/L: Oxygen, SBE 43 [mg/l]
# name 16 = sbox0Mm/Kg: Oxygen, SBE 43 [umol/kg]
# name 17 = sbeox0Mm/L: Oxygen, SBE 43 [umol/l]
# name 18 = flag:  0.000e+00
# span 0 =   56.46226,   56.46260                 
# span 1 = -132.41318, -132.41074                 
# span 2 =      2.214,    183.827                 
# span 3 =      1.613,    113.156                 
# span 4 =      1.598,    112.092                 
# span 5 =     6.1267,    14.3893                 
# span 6 =     2.1118,    33.1219                 
# span 7 =  1001.1357,  1026.5747                 
# span 8 =     1.1276,    26.0542                 
# span 9 =     6.1173,    14.3889                 
# span 10 =     26.124,    109.922                
# span 11 =     0.0001,    97.8916                
# span 12 =    -0.0591,     3.5160                
# span 13 =      7.657,      8.628                
# span 14 =     1.8220,     7.7868                
# span 15 =     2.6039,    11.1281                
# span 16 =     79.306,    347.240                
# span 17 =     81.372,    347.759                
# span 18 = 0.0000e+00, 0.0000e+00                
# interval = seconds: 0.0416667
# start_time = Aug 23 2022 02:09:40 [NMEA time, header]
# bad_flag = -9.990e-29
*END*
[from data line 3429]
   56.46244 -132.41198    166.928     68.961     68.320     6.5771    32.4864  1025.8125    25.4953     6.5712     32.694    88.4101     0.0288      7.704     2.2660     3.2384     98.686    101.202  0.000e+00
   56.46244 -132.41198    166.808     68.840     68.200     6.5763    32.4876  1025.8130    25.4964     6.5704     32.690    88.3821     0.0288      7.704     2.2658     3.2381     98.675    101.191  0.000e+00
   56.46244 -132.41198    167.048     69.083     68.440     6.5756    32.4891  1025.8154    25.4976     6.5697     32.632    88.3821     0.0288      7.704     2.2618     3.2324     98.501    101.013  0.000e+00
   56.46244 -132.41198    166.928     68.961     68.320     6.5751    32.4899  1025.8155    25.4983     6.5692     32.682    88.4101     0.0288      7.704     2.2653     3.2373     98.652    101.167  0.000e+00
   56.46244 -132.41198    167.048     69.083     68.440     6.5747    32.4900  1025.8162    25.4984     6.5688     32.684    88.4101     0.0288      7.704     2.2654     3.2375     98.658    101.173  0.000e+00
   56.46244 -132.41198    166.992     69.026     68.384     6.5746    32.4901  1025.8160    25.4985     6.5687     32.686    88.4101     0.0288      7.704     2.2656     3.2377     98.664    101.180  0.000e+00
   56.46244 -132.41198    167.056     69.091     68.448     6.5743    32.4907  1025.8168    25.4990     6.5684     32.690    88.4101     0.0288      7.704     2.2659     3.2381     98.677    101.193  0.000e+00
   56.46244 -132.41198    167.048     69.083     68.440     6.5742    32.4904  1025.8166    25.4988     6.5683     32.695    88.4101     0.0288      7.704     2.2662     3.2387     98.693    101.210  0.000e+00
   56.46244 -132.41198    167.224     69.261     68.616     6.5740    32.4906  1025.8176    25.4990     6.5681     32.646    88.4940     0.0288      7.704     2.2628     3.2337     98.543    101.056  0.000e+00
   56.46244 -132.41198    167.104     69.139     68.496     6.5739    32.4907  1025.8172    25.4991     6.5680     32.640    88.7737     0.0288      7.704     2.2624     3.2332     98.526    101.038  0.000e+00
   56.46244 -132.41198    167.224     69.261     68.616     6.5732    32.4917  1025.8186    25.5000     6.5673     32.637    88.8576     0.0288      7.704     2.2622     3.2329     98.517    101.029  0.000e+00
   56.46244 -132.41198    167.224     69.261     68.616     6.5721    32.4931  1025.8198    25.5012     6.5661     32.634    88.8576     0.0288      7.704     2.2621     3.2327     98.512    101.024  0.000e+00
   56.46244 -132.41198    167.288     69.325     68.680     6.5700    32.4968  1025.8233    25.5044     6.5641     32.634    88.8576     0.0288      7.704     2.2621     3.2327     98.511    101.024  0.000e+00
   56.46244 -132.41198    167.288     69.325     68.680     6.5656    32.5045  1025.8299    25.5110     6.5597     32.634    88.8576     0.0288      7.704     2.2622     3.2329     98.518    101.031  0.000e+00
   56.46244 -132.41198    167.296     69.333     68.688     6.5598    32.5157  1025.8396    25.5206     6.5539     32.636    88.8296     0.0288      7.704     2.2625     3.2333     98.529    101.043  0.000e+00
   56.46244 -132.41198    167.344     69.382     68.736     6.5538    32.5260  1025.8486    25.5295     6.5479     32.640    88.8296     0.0288      7.704     2.2629     3.2339     98.546    101.062  0.000e+00
   56.46244 -132.41198    167.344     69.382     68.736     6.5488    32.5339  1025.8556    25.5364     6.5429     32.702    88.8296     0.0288      7.704     2.2673     3.2403     98.738    101.260  0.000e+00
   56.46244 -132.41198    167.520     69.560     68.912     6.5449    32.5395  1025.8612    25.5413     6.5390     32.658    88.8576     0.0288      7.704     2.2644     3.2361     98.610    101.128  0.000e+00
   56.46244 -132.41198    167.464     69.503     68.856     6.5418    32.5438  1025.8648    25.5451     6.5359     32.600    88.8296     0.0288      7.704     2.2605     3.2305     98.441    100.956  0.000e+00
   56.46244 -132.41198    165.078     69.560     68.912     6.5403    32.5461  1025.8671    25.5471     6.5343     32.596    88.8576     0.0288      7.704     2.2603     3.2301     98.428    100.943  0.000e+00
   56.46244 -132.41198    110.085     69.560     68.912     6.5385    32.5481  1025.8689    25.5489     6.5326     32.592    88.8296     0.0288      7.704     2.2601     3.2299     98.420    100.934  0.000e+00
   56.46244 -132.41198     77.508     69.560     68.912     6.5372    32.5493  1025.8700    25.5500     6.5313     32.647    88.8576     0.0288      7.704     2.2639     3.2354     98.587    101.106  0.000e+00
   56.46244 -132.41198     73.282     69.681     69.032     6.5362    32.5509  1025.8719    25.5514     6.5302     32.652    88.8576     0.0288      7.704     2.2643     3.2360     98.606    101.125  0.000e+00
   56.46244 -132.41198     75.627     69.632     68.984     6.5352    32.5526  1025.8732    25.5528     6.5292     32.601    88.8296     0.0288      7.704     2.2608     3.2310     98.453    100.969  0.000e+00
   56.46244 -132.41198     76.905     69.616     68.968     6.5340    32.5542  1025.8745    25.5542     6.5280     32.603    88.8576     0.0288      7.704     2.2609     3.2311     98.458    100.974  0.000e+00
   56.46244 -132.41198     77.236     69.802     69.153     6.5336    32.5545  1025.8757    25.5545     6.5277     32.599    88.8296     0.0288      7.704     2.2607     3.2308     98.448    100.964  0.000e+00
   56.46244 -132.41198     77.049     69.738     69.089     6.5330    32.5554  1025.8762    25.5553     6.5270     32.602    88.8296     0.0288      7.704     2.2610     3.2311     98.459    100.975  0.000e+00
   56.46244 -132.41198     76.945     69.681     69.032     6.5327    32.5562  1025.8766    25.5560     6.5267     32.664    88.8296     0.0288      7.704     2.2653     3.2373     98.645    101.166  0.000e+00
   56.46244 -132.41198     77.241     69.980     69.329     6.5310    32.5578  1025.8795    25.5575     6.5251     32.621    88.8017     0.0288      7.704     2.2623     3.2331     98.517    101.035  0.000e+00
   56.46244 -132.41198     77.065     69.802     69.153     6.5291    32.5602  1025.8808    25.5597     6.5231     32.685    88.6059    -0.0005      7.704     2.2668     3.2395     98.713    101.236  0.000e+00
   56.46244 -132.41198     77.065     69.802     69.153     6.5269    32.5633  1025.8835    25.5624     6.5209     32.700    88.5220     0.0288      7.704     2.2679     3.2411     98.761    101.286  0.000e+00
   56.46244 -132.41198     77.297     70.037     69.385     6.5234    32.5681  1025.8888    25.5666     6.5175     32.717    88.5220     0.0288      7.704     2.2692     3.2430     98.818    101.344  0.000e+00
   56.46244 -132.41198     77.241     69.980     69.329     6.5196    32.5744  1025.8940    25.5720     6.5136     32.728    88.5500     0.0288      7.704     2.2701     3.2442     98.854    101.381  0.000e+00
   56.46244 -132.41198     77.129     69.867     69.217     6.5163    32.5784  1025.8970    25.5756     6.5104     32.738    88.5500     0.0288      7.704     2.2709     3.2454     98.891    101.420  0.000e+00
   56.46244 -132.41198     77.361     70.101     69.449     6.5140    32.5813  1025.9007    25.5782     6.5080     32.695    88.5500     0.0288      7.704     2.2680     3.2412     98.762    101.288  0.000e+00
   56.46244 -132.41198     77.241     69.980     69.329     6.5122    32.5838  1025.9024    25.5804     6.5062     32.701    88.5500     0.0288      7.704     2.2685     3.2419     98.782    101.309  0.000e+00
   56.46244 -132.41198     77.361     70.101     69.449     6.5110    32.5851  1025.9041    25.5815     6.5051     32.652    88.5500     0.0288      7.704     2.2651     3.2371     98.636    101.160  0.000e+00
   56.46244 -132.41198    117.131     70.215     69.561     6.5100    32.5862  1025.9056    25.5825     6.5041     32.705    88.5500     0.0288      7.704     2.2688     3.2424     98.799    101.326  0.000e+00
   56.46244 -132.41198    161.625     70.215     69.561     6.5096    32.5867  1025.9061    25.5830     6.5036     32.651    88.5220     0.0288      7.704     2.2651     3.2371     98.636    101.160  0.000e+00
   56.46244 -132.41198    169.449     70.101     69.449     6.5088    32.5883  1025.9069    25.5844     6.5028     32.648    88.5500     0.0288      7.704     2.2649     3.2368     98.628    101.152  0.000e+00
   56.46244 -132.41198    169.625     70.279     69.625     6.5085    32.5882  1025.9077    25.5844     6.5025     32.705    88.5500     0.0288      7.704     2.2689     3.2424     98.800    101.327  0.000e+00
   56.46244 -132.41196    168.333     70.158     69.505     6.5081    32.5890  1025.9078    25.5850     6.5021     32.710    88.5500     0.0288      7.704     2.2693     3.2430     98.817    101.345  0.000e+00
   56.46244 -132.41196    168.174     70.392     69.737     6.5075    32.5898  1025.9096    25.5857     6.5015     32.661    88.5500     0.0288      7.704     2.2659     3.2381     98.669    101.193  0.000e+00
   56.46244 -132.41196    168.224     70.344     69.689     6.5065    32.5914  1025.9108    25.5871     6.5005     32.662    88.5500     0.0288      7.704     2.2660     3.2383     98.673    101.198  0.000e+00
   56.46244 -132.41196    168.321     70.392     69.737     6.5054    32.5934  1025.9127    25.5888     6.4994     32.658    88.5220     0.0288      7.704     2.2657     3.2379     98.662    101.187  0.000e+00
   56.46244 -132.41196    168.233     70.279     69.625     6.5047    32.5941  1025.9128    25.5895     6.4988     32.661    88.5500     0.0288      7.704     2.2659     3.2383     98.672    101.197  0.000e+00
   56.46244 -132.41196    168.409     70.457     69.801     6.5040    32.5946  1025.9141    25.5900     6.4980     32.666    88.5500     0.0288      7.704     2.2663     3.2388     98.689    101.214  0.000e+00
   56.46244 -132.41196    168.529     70.578     69.921     6.5040    32.5948  1025.9149    25.5901     6.4979     32.729    88.5500     0.0288      7.704     2.2707     3.2451     98.879    101.410  0.000e+00
   56.46244 -132.41196    168.345     70.392     69.737     6.5032    32.5962  1025.9152    25.5913     6.4972     32.677    88.5779     0.0288      7.704     2.2671     3.2400     98.723    101.250  0.000e+00
   56.46244 -132.41196    168.586     70.635     69.977     6.5032    32.5960  1025.9162    25.5912     6.4971     32.679    89.4729    -0.0005      7.704     2.2672     3.2401     98.727    101.254  0.000e+00
   56.46244 -132.41196    168.529     70.578     69.921     6.5031    32.5962  1025.9161    25.5914     6.4971     32.679    90.0323     0.0288      7.704     2.2673     3.2402     98.730    101.257  0.000e+00
   56.46244 -132.41196    168.586     70.635     69.977     6.5028    32.5966  1025.9167    25.5917     6.4968     32.675    90.0883     0.0288      7.704     2.2670     3.2397     98.716    101.243  0.000e+00
   56.46244 -132.41196    168.465     70.514     69.857     6.5028    32.5962  1025.9158    25.5914     6.4968     32.677    90.0603     0.0288      7.704     2.2671     3.2399     98.723    101.249  0.000e+00
   56.46244 -132.41196    168.658     70.708     70.050     6.5028    32.5962  1025.9167    25.5914     6.4968     32.624    90.0323     0.0288      7.704     2.2634     3.2347     98.562    101.085  0.000e+00
   56.46244 -132.41196    168.706     70.756     70.098     6.5026    32.5966  1025.9173    25.5918     6.4966     32.622    90.0323    -0.0005      7.704     2.2633     3.2345     98.557    101.079  0.000e+00
   56.46244 -132.41196    168.642     70.692     70.034     6.5023    32.5971  1025.9174    25.5921     6.4963     32.620    90.0323     0.0288      7.704     2.2632     3.2344     98.553    101.075  0.000e+00
   56.46244 -132.41196    168.826     70.878     70.218     6.5019    32.5971  1025.9183    25.5922     6.4958     32.621    90.0323     0.0288      7.704     2.2633     3.2345     98.556    101.079  0.000e+00
   56.46244 -132.41196    168.642     70.692     70.034     6.5015    32.5975  1025.9178    25.5926     6.4955     32.672    90.0323     0.0288      7.704     2.2668     3.2395     98.710    101.236  0.000e+00
   56.46244 -132.41196    168.882     70.934     70.274     6.5006    32.5983  1025.9196    25.5933     6.4945     32.617    90.0323     0.0288      7.704     2.2631     3.2341     98.546    101.068  0.000e+00
   56.46244 -132.41196    168.826     70.878     70.218     6.4997    32.5993  1025.9203    25.5942     6.4937     32.613    90.0323     0.0288      7.704     2.2628     3.2337     98.534    101.056  0.000e+00
   56.46244 -132.41196    168.882     70.934     70.274     6.4987    32.6004  1025.9216    25.5953     6.4926     32.609    90.0323     0.0288      7.704     2.2626     3.2335     98.526    101.047  0.000e+00
   56.46244 -132.41196    168.882     70.934     70.274     6.4964    32.6031  1025.9240    25.5976     6.4903     32.607    90.0323     0.0288      7.699     2.2625     3.2333     98.521    101.043  0.000e+00
   56.46244 -132.41196    168.938     70.991     70.330     6.4928    32.6088  1025.9292    25.6026     6.4868     32.663    90.0323     0.0288      7.704     2.2665     3.2390     98.693    101.220  0.000e+00
   56.46244 -132.41196    168.938     70.991     70.330     6.4875    32.6189  1025.9379    25.6113     6.4814     32.668    90.0323     0.0288      7.704     2.2670     3.2397     98.715    101.243  0.000e+00
   56.46244 -132.41196    145.712     71.112     70.450     6.4828    32.6274  1025.9457    25.6185     6.4768     32.618    90.0323     0.0288      7.704     2.2636     3.2349     98.567    101.092  0.000e+00
   56.46244 -132.41196    117.533     71.063     70.402     6.4791    32.6334  1025.9507    25.6237     6.4730     32.625    90.0323     0.0288      7.704     2.2642     3.2357     98.592    101.118  0.000e+00
   56.46244 -132.41196    110.743     71.112     70.450     6.4774    32.6360  1025.9532    25.6260     6.4713     32.626    90.0323     0.0288      7.704     2.2643     3.2359     98.598    101.125  0.000e+00
   56.46244 -132.41196    111.857     71.177     70.514     6.4757    32.6380  1025.9553    25.6278     6.4697     32.621    90.0323     0.0288      7.704     2.2641     3.2356     98.587    101.113  0.000e+00
   56.46244 -132.41196    112.941     71.112     70.450     6.4744    32.6398  1025.9566    25.6294     6.4684     32.617    90.0323     0.0288      7.704     2.2638     3.2352     98.575    101.101  0.000e+00
   56.46244 -132.41196    113.249     71.177     70.514     6.4734    32.6411  1025.9580    25.6305     6.4674     32.671    90.4239     0.0288      7.704     2.2676     3.2406     98.738    101.269  0.000e+00
   56.46244 -132.41196    113.376     71.355     70.690     6.4729    32.6417  1025.9594    25.6311     6.4668     32.624    90.8154     0.0288      7.704     2.2643     3.2360     98.598    101.126  0.000e+00
   56.46244 -132.41196    113.328     71.355     70.690     6.4721    32.6429  1025.9605    25.6321     6.4660     32.628    90.8994     0.0288      7.704     2.2647     3.2364     98.612    101.140  0.000e+00
   56.46244 -132.41196    113.264     71.290     70.626     6.4712    32.6442  1025.9613    25.6332     6.4651     32.626    90.8714     0.0288      7.704     2.2645     3.2363     98.607    101.134  0.000e+00
   56.46244 -132.41196    113.328     71.355     70.690     6.4711    32.6288  1025.9495    25.6212     6.4650     32.625    90.8434     0.0288      7.704     2.2647     3.2365     98.615    101.141  0.000e+00
   56.46244 -132.41196    113.384     71.411     70.746     6.4703    32.6293  1025.9503    25.6217     6.4642     32.567    90.8434     0.0288      7.704     2.2607     3.2308     98.442    100.964  0.000e+00
