EcoFOCI/data/1_SampleCollection/2022_GOA-OA_CruiseData/CTD_raw_BottleFile_RC0083/RC0083_103.cnv
* Sea-Bird SBE 9 Data File:
* FileName = C:\Data\RC0083ctd\RC0083_103.hex
* Software Version Seasave V 7.26.7.107
* Temperature SN = 2060
* Conductivity SN = 2881
* Number of Bytes Per Scan = 31
* Number of Voltage Words = 4
* Number of Scans Averaged by the Deck Unit = 1
* NMEA Latitude = 56 27.06 N
* NMEA Longitude = 132 32.11 W
* NMEA UTC (Time) = Aug 23 2022  01:18:26
* NMEA baud rate = 4800
** Ship: R/V Rachel Carson
** Cruise ID: RC0083
** Tech: McHugh/Nomura
** Chief Scientist: Cross
** Station: WI3
** Cast:  CTD103
# nquan = 19
# nvalues = 10130                                 
# units = specified
# name 0 = latitude: Latitude [deg]
# name 1 = longitude: Longitude [deg]
# name 2 = sfdSM: Seafloor depth [salt water, m]
# name 3 = prDM: Pressure, Digiquartz [db]
# name 4 = depSM: Depth [salt water, m]
# name 5 = t090C: Temperature [ITS-90, deg C]
# name 6 = sal00: Salinity, Practical [PSU]
# name 7 = density00: Density [density, kg/m^3]
# name 8 = sigma-é00: Density [sigma-theta, kg/m^3]
# name 9 = potemp090C: Potential Temperature [ITS-90, deg C]
# name 10 = sbeox0PS: Oxygen, SBE 43 [% saturation]
# name 11 = CStarTr0: Beam Transmission, WET Labs C-Star [%]
# name 12 = flECO-AFL: Fluorescence, WET Labs ECO-AFL/FL [mg/m^3]
# name 13 = ph: pH
# name 14 = sbeox0ML/L: Oxygen, SBE 43 [ml/l]
# name 15 = sbeox0Mg/L: Oxygen, SBE 43 [mg/l]
# name 16 = sbox0Mm/Kg: Oxygen, SBE 43 [umol/kg]
# name 17 = sbeox0Mm/L: Oxygen, SBE 43 [umol/l]
# name 18 = flag:  0.000e+00
# span 0 =   56.45092,   56.45106                 
# span 1 = -132.53610, -132.53512                 
# span 2 =      5.404,    207.046                 
# span 3 =      3.306,    148.044                 
# span 4 =      3.276,    146.639                 
# span 5 =     6.0138,    12.1481                 
# span 6 =    15.2387,    33.3036                 
# span 7 =  1011.2872,  1026.8930                 
# span 8 =    11.2715,    26.2120                 
# span 9 =     6.0016,    12.1478                 
# span 10 =     21.580,     97.586                
# span 11 =     8.1951,    92.3258                
# span 12 =    -0.0591,    13.3035                
# span 13 =      7.614,      8.416                
# span 14 =     1.5072,     6.4509                
# span 15 =     2.1539,     9.2189                
# span 16 =     65.591,    284.480                
# span 17 =     67.309,    288.096                
# span 18 = 0.0000e+00, 0.0000e+00                
# interval = seconds: 0.0416667
# start_time = Aug 23 2022 01:18:26 [NMEA time, header]
# bad_flag = -9.990e-29
*END*
[from data line 9372]
   56.45094 -132.53604    116.964     18.502     18.332     9.5414    29.5114  1022.8264    22.7422     9.5395     55.067    91.1231     1.8749      7.958     3.6385     5.1997    158.880    162.493  0.000e+00
   56.45094 -132.53604    116.964     18.502     18.332     9.5499    29.5061  1022.8210    22.7367     9.5479     55.169    91.1231     1.7284      7.963     3.6447     5.2086    159.152    162.771  0.000e+00
   56.45094 -132.53604    116.964     18.502     18.332     9.5584    29.5020  1022.8164    22.7322     9.5565     55.223    91.1231     1.6991      7.963     3.6476     5.2128    159.281    162.902  0.000e+00
   56.45094 -132.53604    116.844     18.380     18.212     9.5624    29.4988  1022.8128    22.7291     9.5605     55.283    91.1231     1.6698      7.963     3.6513     5.2181    159.444    163.068  0.000e+00
   56.45094 -132.53604    116.908     18.445     18.276     9.5635    29.4963  1022.8110    22.7270     9.5616     55.290    91.1231     1.6991      7.963     3.6518     5.2188    159.465    163.089  0.000e+00
   56.45094 -132.53604    116.788     18.324     18.156     9.5700    29.4901  1022.8046    22.7211     9.5681     55.396    90.8994     1.6991      7.963     3.6584     5.2283    159.756    163.386  0.000e+00
   56.45094 -132.53604    116.820     18.356     18.188     9.5794    29.4829  1022.7977    22.7141     9.5775     55.454    90.2840     1.6991      7.968     3.6617     5.2329    159.898    163.530  0.000e+00
   56.45094 -132.53604    116.724     18.259     18.092     9.5841    29.4825  1022.7962    22.7130     9.5822     55.513    90.0603     1.6991      7.968     3.6652     5.2379    160.051    163.686  0.000e+00
   56.45094 -132.53604    116.724     18.259     18.092     9.5954    29.4832  1022.7950    22.7118     9.5935     55.628    90.0603     1.6991      7.967     3.6718     5.2474    160.340    163.982  0.000e+00
   56.45094 -132.53604    116.612     18.146     17.980     9.6172    29.4800  1022.7885    22.7059     9.6153     55.745    90.0883     1.6991      7.967     3.6779     5.2560    160.607    164.254  0.000e+00
   56.45094 -132.53604    116.788     18.324     18.156     9.6416    29.4729  1022.7801    22.6966     9.6396     55.760    90.0883     1.6991      7.972     3.6770     5.2548    160.571    164.216  0.000e+00
   56.45094 -132.53604    116.668     18.203     18.036     9.6494    29.4729  1022.7783    22.6954     9.6475     55.826    90.1162     1.6991      7.972     3.6807     5.2601    160.734    164.382  0.000e+00
   56.45094 -132.53604    116.668     18.203     18.036     9.6491    29.4757  1022.7805    22.6976     9.6472     55.890    90.0883     1.6991      7.972     3.6849     5.2661    160.915    164.567  0.000e+00
   56.45094 -132.53604    116.580     18.114     17.948     9.6529    29.4755  1022.7794    22.6969     9.6510     55.952    90.0883     1.6991      7.972     3.6887     5.2715    161.082    164.738  0.000e+00
   56.45094 -132.53604    116.524     18.082     17.916     9.6657    29.4696  1022.7726    22.6903     9.6638     55.958    90.0883     1.6991      7.972     3.6882     5.2708    161.061    164.716  0.000e+00
   56.45094 -132.53604    116.524     18.082     17.916     9.6807    29.4608  1022.7634    22.6811     9.6789     56.015    90.1162     1.6991      7.977     3.6909     5.2747    161.181    164.837  0.000e+00
   56.45094 -132.53604    116.492     18.025     17.860     9.6902    29.4539  1022.7563    22.6742     9.6883     56.123    90.0883     1.6991      7.977     3.6974     5.2840    161.466    165.127  0.000e+00
   56.45094 -132.53604    116.492     18.025     17.860     9.6927    29.4506  1022.7533    22.6712     9.6908     56.188    90.1162     1.6991      7.977     3.7016     5.2900    161.649    165.314  0.000e+00
   56.45094 -132.53604    116.428     17.960     17.796     9.6919    29.4516  1022.7539    22.6722     9.6900     56.249    90.0883     1.6991      7.977     3.7056     5.2957    161.824    165.493  0.000e+00
   56.45094 -132.53604    116.428     17.960     17.796     9.6920    29.4525  1022.7546    22.6728     9.6901     56.365    90.0883     1.6991      7.981     3.7133     5.3066    162.157    165.834  0.000e+00
   56.45094 -132.53604    116.404     17.936     17.772     9.6928    29.4532  1022.7549    22.6732     9.6909     56.431    90.0883     1.6698      7.981     3.7175     5.3127    162.344    166.025  0.000e+00
   56.45094 -132.53604    116.316     17.847     17.683     9.6947    29.4527  1022.7538    22.6726     9.6928     56.496    90.0883     1.6698      7.981     3.7217     5.3187    162.526    166.211  0.000e+00
   56.45094 -132.53604    116.316     17.847     17.684     9.6931    29.4533  1022.7546    22.6733     9.6912     56.557    90.0883     1.6698      7.981     3.7258     5.3246    162.706    166.395  0.000e+00
   56.45094 -132.53604    116.316     17.847     17.684     9.6881    29.4562  1022.7576    22.6763     9.6862     56.563    90.0883     1.6698      7.981     3.7266     5.3256    162.738    166.428  0.000e+00
   56.45094 -132.53604    116.252     17.783     17.619     9.6833    29.4587  1022.7600    22.6790     9.6815     56.619    90.0883     1.6698      7.986     3.7305     5.3313    162.911    166.606  0.000e+00
   56.45094 -132.53604    116.252     17.783     17.619     9.6702    29.4675  1022.7689    22.6879     9.6684     56.682    90.0883     1.6698      7.986     3.7356     5.3385    163.130    166.831  0.000e+00
   56.45094 -132.53604    116.252     17.783     17.619     9.6562    29.4764  1022.7780    22.6971     9.6544     56.746    90.1162     1.6698      7.986     3.7407     5.3459    163.353    167.061  0.000e+00
   56.45094 -132.53604    116.172     17.702     17.539     9.6544    29.4774  1022.7787    22.6981     9.6525     56.856    90.1162     1.6405      7.986     3.7481     5.3565    163.677    167.392  0.000e+00
   56.45094 -132.53604    116.140     17.670     17.507     9.6556    29.4780  1022.7788    22.6984     9.6537     56.972    90.1162     1.6405      7.986     3.7557     5.3672    164.005    167.728  0.000e+00
   56.45094 -132.53604    116.140     17.670     17.507     9.6693    29.4735  1022.7731    22.6927     9.6675     57.035    90.1162     1.6405      7.991     3.7588     5.3717    164.142    167.867  0.000e+00
   56.45094 -132.53604    115.956     17.484     17.323     9.7084    29.4508  1022.7485    22.6690     9.7065     57.097    90.1162     1.6405      7.991     3.7601     5.3736    164.205    167.928  0.000e+00
   56.45094 -132.53604    116.196     17.726     17.564     9.7537    29.4142  1022.7140    22.6333     9.7519     57.160    90.1162     1.6698      7.991     3.7614     5.3755    164.267    167.985  0.000e+00
   56.45094 -132.53604    116.020     17.549     17.387     9.7745    29.3896  1022.6908    22.6109     9.7727     57.164    90.1162     1.6405      7.991     3.7605     5.3742    164.232    167.946  0.000e+00
   56.45094 -132.53604    116.020     17.549     17.387     9.7804    29.3686  1022.6734    22.5935     9.7786     57.277    90.1162     1.6405      7.991     3.7680     5.3849    164.561    168.279  0.000e+00
   56.45094 -132.53604    115.988     17.516     17.355     9.7875    29.3552  1022.6617    22.5820     9.7856     57.334    90.1162     1.6698      7.991     3.7715     5.3898    164.714    168.434  0.000e+00
   56.45094 -132.53604    115.956     17.484     17.323     9.7909    29.3554  1022.6612    22.5816     9.7891     57.446    90.1162     1.6405      7.995     3.7785     5.3999    165.023    168.750  0.000e+00
   56.45094 -132.53604    115.956     17.484     17.323     9.7860    29.3560  1022.6624    22.5829     9.7842     57.564    90.1162     1.6405      7.995     3.7867     5.4116    165.381    169.116  0.000e+00
   56.45094 -132.53604    115.844     17.371     17.211     9.7811    29.3467  1022.6555    22.5764     9.7792     57.686    90.1162     1.6698      7.995     3.7954     5.4240    165.761    169.503  0.000e+00
   56.45094 -132.53604    115.844     17.371     17.211     9.7819    29.3341  1022.6455    22.5665     9.7800     57.701    90.1162     1.6698      7.995     3.7967     5.4258    165.817    169.558  0.000e+00
   56.45094 -132.53604    115.724     17.250     17.091     9.7909    29.3235  1022.6352    22.5567     9.7891     57.763    90.1162     1.6405      7.995     3.8002     5.4308    165.972    169.716  0.000e+00
   56.45094 -132.53604    115.956     17.484     17.323     9.7956    29.3082  1022.6237    22.5441     9.7938     57.826    90.1162     1.6405      7.995     3.8043     5.4368    166.156    169.902  0.000e+00
   56.45094 -132.53604    115.756     17.282     17.123     9.7893    29.2849  1022.6056    22.5269     9.7875     57.888    90.1162     1.6991      7.995     3.8095     5.4442    166.384    170.132  0.000e+00
   56.45094 -132.53604    115.780     17.306     17.147     9.7866    29.2703  1022.5947    22.5160     9.7848     57.949    90.1162     1.7577      7.995     3.8141     5.4508    166.588    170.339  0.000e+00
   56.45094 -132.53604    115.724     17.250     17.091     9.7785    29.2624  1022.5896    22.5110     9.7767     58.010    90.1162     1.7870      7.995     3.8190     5.4577    166.802    170.557  0.000e+00
   56.45094 -132.53604    115.668     17.193     17.035     9.7616    29.2593  1022.5896    22.5113     9.7598     58.127    90.1162     1.7870      7.995     3.8282     5.4709    167.203    170.967  0.000e+00
   56.45094 -132.53604    115.668     17.193     17.035     9.7478    29.2590  1022.5915    22.5132     9.7460     58.187    90.0883     1.7577      7.995     3.8333     5.4782    167.426    171.195  0.000e+00
   56.45094 -132.53604    115.484     17.007     16.851     9.7308    29.2591  1022.5934    22.5160     9.7290     58.244    89.9764     1.7870      7.996     3.8385     5.4856    167.653    171.428  0.000e+00
   56.45094 -132.53604    115.692     17.217     17.059     9.7177    29.2617  1022.5984    22.5200     9.7159     58.357    89.8925     1.7577      7.996     3.8470     5.4978    168.025    171.809  0.000e+00
   56.45094 -132.53604    115.604     17.129     16.971     9.7108    29.2653  1022.6019    22.5239     9.7090     58.471    89.8925     1.7577      7.996     3.8550     5.5092    168.373    172.165  0.000e+00
   56.45094 -132.53604    115.548     17.072     16.915     9.7020    29.2671  1022.6044    22.5266     9.7002     58.588    89.8925     1.7577      7.996     3.8635     5.5213    168.741    172.542  0.000e+00
   56.45094 -132.53604    115.484     17.007     16.851     9.6976    29.2699  1022.6070    22.5295     9.6958     58.658    89.8925     1.7577      7.996     3.8684     5.5283    168.956    172.763  0.000e+00
   56.45094 -132.53604    115.252     16.773     16.619     9.7032    29.2778  1022.6112    22.5348     9.7014     58.723    89.8925     1.7870      7.996     3.8720     5.5334    169.111    172.922  0.000e+00
   56.45094 -132.53604    115.668     17.193     17.035     9.7154    29.2792  1022.6123    22.5340     9.7136     58.844    89.8925     1.7577      7.996     3.8789     5.5433    169.414    173.232  0.000e+00
   56.45094 -132.53604    115.460     16.983     16.827     9.7146    29.2767  1022.6095    22.5322     9.7128     58.961    89.8925     1.7870      7.996     3.8867     5.5545    169.757    173.582  0.000e+00
   56.45094 -132.53604    115.428     16.951     16.795     9.7105    29.2733  1022.6073    22.5301     9.7087     59.089    89.8925     1.7870      7.991     3.8956     5.5672    170.143    173.977  0.000e+00
   56.45094 -132.53604    115.308     16.830     16.675     9.7045    29.2647  1022.6010    22.5244     9.7027     59.163    89.8925     1.7870      7.996     3.9012     5.5752    170.391    174.229  0.000e+00
   56.45094 -132.53604    115.252     16.773     16.619     9.6948    29.2575  1022.5967    22.5203     9.6930     59.292    89.8925     1.7870      7.996     3.9107     5.5888    170.806    174.653  0.000e+00
   56.45094 -132.53604    115.428     16.951     16.795     9.6976    29.2530  1022.5935    22.5163     9.6958     59.428    89.8925     1.7577      7.996     3.9196     5.6014    171.193    175.048  0.000e+00
   56.45094 -132.53604    115.308     16.830     16.675     9.7010    29.2477  1022.5883    22.5117     9.6993     59.514    89.8925     1.7870      7.991     3.9251     5.6093    171.435    175.294  0.000e+00
   56.45094 -132.53604    115.220     16.741     16.587     9.7089    29.2393  1022.5801    22.5039     9.7071     59.646    89.8925     1.7577      7.991     3.9333     5.6211    171.797    175.663  0.000e+00
   56.45094 -132.53604    115.227     16.773     16.619     9.7181    29.2297  1022.5714    22.4950     9.7163     59.726    89.8925     1.7577      7.991     3.9380     5.6279    172.004    175.873  0.000e+00
   56.45094 -132.53604    115.188     16.709     16.555     9.7133    29.2232  1022.5668    22.4907     9.7115     59.805    89.8925     1.8163      7.991     3.9438     5.6362    172.258    176.132  0.000e+00
   56.45094 -132.53604    115.132     16.652     16.499     9.7038    29.2156  1022.5620    22.4862     9.7021     59.993    89.8925     1.8456      7.991     3.9573     5.6553    172.845    176.731  0.000e+00
   56.45094 -132.53604    115.132     16.652     16.499     9.6979    29.2087  1022.5576    22.4817     9.6962     60.071    89.8925     1.8749      7.991     3.9631     5.6637    173.101    176.993  0.000e+00
   56.45094 -132.53604    115.132     16.652     16.499     9.6961    29.2047  1022.5547    22.4789     9.6944     60.200    89.8925     1.8456      7.991     3.9719     5.6762    173.485    177.384  0.000e+00
   56.45094 -132.53604    115.108     16.628     16.475     9.6964    29.1941  1022.5463    22.4706     9.6947     60.336    89.8925     1.8749      7.991     3.9811     5.6893    173.886    177.794  0.000e+00
   56.45094 -132.53604    115.076     16.596     16.443     9.6878    29.1702  1022.5289    22.4533     9.6860     60.474    89.6967     1.8749      7.991     3.9916     5.7044    174.349    178.264  0.000e+00
   56.45094 -132.53604    115.012     16.531     16.379     9.6584    29.1496  1022.5171    22.4418     9.6566     60.508    89.5009     1.8749      7.991     3.9970     5.7121    174.586    178.504  0.000e+00
   56.45094 -132.53604    114.836     16.353     16.203     9.6399    29.1339  1022.5069    22.4324     9.6382     60.646    89.4450     1.8749      7.986     4.0081     5.7279    175.073    179.000  0.000e+00
   56.45094 -132.53604    115.132     16.652     16.499     9.6265    29.1301  1022.5073    22.4315     9.6248     60.676    89.4450     1.8749      7.986     4.0114     5.7327    175.218    179.148  0.000e+00
   56.45094 -132.53604    114.956     16.474     16.323     9.6262    29.1340  1022.5096    22.4346     9.6245     60.857    89.4450     1.8749      7.986     4.0232     5.7496    175.735    179.678  0.000e+00
   56.45094 -132.53604    114.868     16.386     16.235     9.6292    29.1363  1022.5105    22.4359     9.6275     60.933    89.4450     1.8749      7.986     4.0279     5.7563    175.940    179.887  0.000e+00
   56.45094 -132.53604    114.836     16.353     16.203     9.6242    29.1401  1022.5142    22.4397     9.6225     61.057    89.4729     1.8749      7.986     4.0365     5.7685    176.312    180.268  0.000e+00
   56.45094 -132.53604    114.836     16.353     16.203     9.6208    29.1458  1022.5191    22.4446     9.6191     61.125    89.4450     1.8749      7.986     4.0412     5.7752    176.517    180.479  0.000e+00
   56.45094 -132.53604    114.836     16.353     16.203     9.6146    29.1553  1022.5275    22.4530     9.6129     61.246    89.4729     1.8749      7.986     4.0494     5.7871    176.876    180.848  0.000e+00
