EcoFOCI/data/1_SampleCollection/2022_GOA-OA_CruiseData/CTD_raw_BottleFile_RC0083/RC0083_055.ros
* Sea-Bird SBE 9 Data File:
* FileName = C:\Data\RC0083ctd\RC0083_055.hex
* Software Version Seasave V 7.26.7.107
* Temperature SN = 2060
* Conductivity SN = 1084
* Number of Bytes Per Scan = 31
* Number of Voltage Words = 4
* Number of Scans Averaged by the Deck Unit = 1
* NMEA Latitude = 59 01.96 N
* NMEA Longitude = 137 01.04 W
* NMEA UTC (Time) = Aug 20 2022  03:19:15
* NMEA baud rate = 4800
** Ship: R/V Rachel Carson
** Cruise ID: RC0083
** Tech: McHugh/Nomura
** Chief Scientist: Cross
** Station: GB12
** Cast:  CTD055
# nquan = 21
# nvalues = 294                                   
# units = specified
# name 0 = latitude: Latitude [deg]
# name 1 = longitude: Longitude [deg]
# name 2 = sfdSM: Seafloor depth [salt water, m]
# name 3 = prDM: Pressure, Digiquartz [db]
# name 4 = depSM: Depth [salt water, m]
# name 5 = t090C: Temperature [ITS-90, deg C]
# name 6 = sal00: Salinity, Practical [PSU]
# name 7 = density00: Density [density, kg/m^3]
# name 8 = sigma-é00: Density [sigma-theta, kg/m^3]
# name 9 = potemp090C: Potential Temperature [ITS-90, deg C]
# name 10 = sbeox0PS: Oxygen, SBE 43 [% saturation]
# name 11 = CStarTr0: Beam Transmission, WET Labs C-Star [%]
# name 12 = flECO-AFL: Fluorescence, WET Labs ECO-AFL/FL [mg/m^3]
# name 13 = ph: pH
# name 14 = sbeox0ML/L: Oxygen, SBE 43 [ml/l]
# name 15 = sbeox0Mg/L: Oxygen, SBE 43 [mg/l]
# name 16 = sbox0Mm/Kg: Oxygen, SBE 43 [umol/kg]
# name 17 = sbeox0Mm/L: Oxygen, SBE 43 [umol/l]
# name 18 = scan: Scan Count
# name 19 = nbf: Bottles Fired
# name 20 = flag:  0.000e+00
# interval = seconds: 0.0416667
# start_time = Aug 20 2022 03:19:15 [NMEA time, header]
# bad_flag = -9.990e-29
*END*
[from data line 69]
   59.03174 -137.01568    250.651    152.129    150.651     6.0185    30.7092  1024.8664    24.1630     6.0065     77.913     9.0062     0.0581      7.975     5.5359     7.9113    241.400    247.233      15272          2  0.000e+00
   59.03174 -137.01568    250.659    152.137    150.659     6.0185    30.7097  1024.8668    24.1634     6.0065     77.912     9.0062     0.0581      7.975     5.5358     7.9112    241.394    247.227      15273          2  0.000e+00
   59.03174 -137.01568    249.430    152.129    150.651     6.0184    30.7095  1024.8666    24.1632     6.0064     77.910     9.0062     0.0581      7.970     5.5357     7.9110    241.391    247.223      15274          2  0.000e+00
   59.03174 -137.01568    249.081    152.072    150.595     6.0185    30.7097  1024.8665    24.1634     6.0065     77.909     9.0062     0.0581      7.975     5.5355     7.9109    241.385    247.218      15275          2  0.000e+00
   59.03174 -137.01568    249.266    152.186    150.707     6.0185    30.7098  1024.8671    24.1635     6.0065     77.966     9.0062     0.0581      7.975     5.5396     7.9167    241.564    247.401      15276          2  0.000e+00
   59.03174 -137.01568    249.227    152.072    150.595     6.0188    30.7092  1024.8661    24.1629     6.0068     77.973     9.0062     0.0581      7.975     5.5401     7.9173    241.582    247.420      15277          2  0.000e+00
   59.03174 -137.01568    249.284    152.129    150.651     6.0185    30.7093  1024.8665    24.1631     6.0065     77.972     9.0062     0.0581      7.970     5.5401     7.9173    241.583    247.420      15278          2  0.000e+00
   59.03174 -137.01568    249.284    152.129    150.651     6.0185    30.7095  1024.8666    24.1632     6.0065     77.922     9.0062     0.0581      7.975     5.5365     7.9122    241.427    247.260      15279          2  0.000e+00
   59.03174 -137.01568    249.292    152.137    150.659     6.0187    30.7090  1024.8663    24.1628     6.0067     77.921     9.0062     0.0581      7.975     5.5365     7.9122    241.425    247.258      15280          2  0.000e+00
   59.03174 -137.01568    249.284    152.129    150.651     6.0186    30.7096  1024.8666    24.1633     6.0066     77.921     9.0062     0.0581      7.970     5.5364     7.9121    241.423    247.257      15281          2  0.000e+00
   59.03174 -137.01568    249.292    152.137    150.659     6.0185    30.7092  1024.8664    24.1630     6.0065     77.921     9.0062     0.0581      7.975     5.5364     7.9121    241.424    247.258      15282          2  0.000e+00
   59.03174 -137.01568    249.284    152.129    150.651     6.0183    30.7090  1024.8663    24.1629     6.0063     77.921     8.9782     0.0581      7.970     5.5365     7.9122    241.427    247.260      15283          2  0.000e+00
   59.03174 -137.01568    249.292    152.137    150.659     6.0182    30.7089  1024.8662    24.1628     6.0062     77.922     8.8663     0.0581      7.975     5.5366     7.9123    241.430    247.264      15284          2  0.000e+00
   59.03174 -137.01568    249.284    152.129    150.651     6.0179    30.7091  1024.8664    24.1630     6.0059     77.980     8.8104     0.0874      7.970     5.5408     7.9183    241.612    247.450      15285          2  0.000e+00
   59.03174 -137.01568    249.228    152.073    150.595     6.0177    30.7094  1024.8664    24.1633     6.0057     77.981     8.8104     0.0874      7.970     5.5408     7.9183    241.613    247.451      15286          2  0.000e+00
   59.03174 -137.01568    249.284    152.129    150.651     6.0177    30.7093  1024.8665    24.1631     6.0057     77.981     8.8104     0.0874      7.975     5.5408     7.9184    241.616    247.454      15287          2  0.000e+00
   59.03174 -137.01568    249.292    152.137    150.659     6.0176    30.7089  1024.8663    24.1628     6.0056     77.933     8.8104     0.0874      7.975     5.5374     7.9135    241.466    247.300      15288          2  0.000e+00
   59.03174 -137.01568    249.284    152.129    150.651     6.0175    30.7089  1024.8663    24.1629     6.0055     77.933     8.8104     0.0874      7.970     5.5375     7.9136    241.468    247.303      15289          2  0.000e+00
   59.03174 -137.01568    249.228    152.073    150.595     6.0175    30.7093  1024.8663    24.1632     6.0055     77.991     8.8104     0.0874      7.975     5.5415     7.9194    241.646    247.485      15290          2  0.000e+00
   59.03174 -137.01568    249.284    152.129    150.651     6.0175    30.7090  1024.8664    24.1630     6.0055     78.001     8.8104     0.0874      7.970     5.5422     7.9204    241.677    247.516      15291          2  0.000e+00
   59.03174 -137.01568    249.284    152.129    150.651     6.0175    30.7091  1024.8664    24.1630     6.0055     78.010     8.8104     0.0874      7.975     5.5429     7.9213    241.705    247.545      15292          2  0.000e+00
   59.03174 -137.01568    249.292    152.137    150.659     6.0174    30.7095  1024.8668    24.1634     6.0054     78.010     8.8104     0.0874      7.975     5.5429     7.9214    241.707    247.548      15293          2  0.000e+00
   59.03174 -137.01568    249.220    152.065    150.587     6.0175    30.7095  1024.8664    24.1633     6.0055     77.961     8.8104     0.0874      7.975     5.5394     7.9164    241.554    247.390      15294          2  0.000e+00
   59.03174 -137.01568    249.292    152.137    150.659     6.0173    30.7092  1024.8666    24.1631     6.0053     77.963     8.8104     0.0874      7.970     5.5396     7.9166    241.561    247.398      15295          2  0.000e+00
   59.03174 -137.01568    249.284    152.129    150.651     6.0175    30.7093  1024.8666    24.1632     6.0055     77.964     8.8104     0.0874      7.970     5.5396     7.9167    241.563    247.400      15296          2  0.000e+00
   59.03174 -137.01568    249.228    152.073    150.595     6.0175    30.7095  1024.8664    24.1633     6.0055     77.965     8.8104     0.0874      7.975     5.5397     7.9168    241.566    247.403      15297          2  0.000e+00
   59.03174 -137.01568    249.284    152.129    150.651     6.0174    30.7094  1024.8666    24.1633     6.0054     77.959     8.8104     0.0874      7.970     5.5393     7.9162    241.549    247.386      15298          2  0.000e+00
   59.03174 -137.01568    249.292    152.138    150.659     6.0174    30.7093  1024.8666    24.1632     6.0054     78.010     8.8104     0.0874      7.970     5.5429     7.9214    241.708    247.548      15299          2  0.000e+00
   59.03174 -137.01568    249.220    152.065    150.587     6.0177    30.7092  1024.8662    24.1631     6.0057     77.962     8.8104     0.0874      7.975     5.5395     7.9165    241.556    247.393      15300          2  0.000e+00
   59.03162 -137.01548    173.334     75.420     74.702     7.0325    30.3841  1024.1288    23.7815     7.0260     78.721     6.7127     0.0874      8.015     5.4742     7.8232    238.800    244.479      18223          3  0.000e+00
   59.03162 -137.01548    173.398     75.485     74.766     7.0321    30.3847  1024.1296    23.7820     7.0256     78.721     6.7127     0.0874      8.015     5.4742     7.8232    238.799    244.479      18224          3  0.000e+00
   59.03162 -137.01548    173.398     75.485     74.766     7.0347    30.3833  1024.1282    23.7806     7.0283     78.775     6.7127     0.0874      8.015     5.4777     7.8282    238.952    244.635      18225          3  0.000e+00
   59.03162 -137.01548    173.510     75.598     74.878     7.0363    30.3824  1024.1278    23.7797     7.0298     78.782     6.7127     0.0874      8.010     5.4780     7.8286    238.966    244.648      18226          3  0.000e+00
   59.03162 -137.01548    173.398     75.485     74.766     7.0346    30.3828  1024.1278    23.7802     7.0281     78.731     6.7127     0.0874      8.015     5.4747     7.8238    238.819    244.498      18227          3  0.000e+00
   59.03162 -137.01548    173.398     75.485     74.766     7.0330    30.3836  1024.1286    23.7810     7.0266     78.729     6.7127     0.0874      8.015     5.4747     7.8239    238.821    244.501      18228          3  0.000e+00
   59.03162 -137.01548    173.454     75.542     74.822     7.0318    30.3840  1024.1294    23.7815     7.0253     78.728     6.7127     0.0874      8.015     5.4748     7.8240    238.824    244.504      18229          3  0.000e+00
   59.03162 -137.01548    173.398     75.485     74.766     7.0312    30.3845  1024.1296    23.7820     7.0247     78.726     6.7127     0.0874      8.015     5.4747     7.8239    238.819    244.499      18230          3  0.000e+00
   59.03162 -137.01548    173.454     75.542     74.822     7.0307    30.3851  1024.1303    23.7825     7.0242     78.724     6.4889     0.0874      8.015     5.4746     7.8238    238.818    244.497      18231          3  0.000e+00
   59.03162 -137.01548    173.454     75.542     74.822     7.0317    30.3847  1024.1300    23.7821     7.0252     78.715     6.3491     0.0874      8.015     5.4738     7.8227    238.783    244.462      18232          3  0.000e+00
   59.03162 -137.01548    173.398     75.485     74.766     7.0329    30.3841  1024.1291    23.7815     7.0264     78.712     6.3211     0.0874      8.015     5.4735     7.8222    238.768    244.447      18233          3  0.000e+00
   59.03162 -137.01548    173.398     75.485     74.766     7.0340    30.3837  1024.1286    23.7810     7.0275     78.709     6.3211     0.0874      8.015     5.4732     7.8218    238.756    244.434      18234          3  0.000e+00
   59.03162 -137.01548    173.454     75.542     74.822     7.0342    30.3837  1024.1288    23.7810     7.0277     78.708     6.3491     0.0874      8.015     5.4731     7.8216    238.750    244.428      18235          3  0.000e+00
   59.03162 -137.01548    173.454     75.542     74.822     7.0341    30.3835  1024.1287    23.7808     7.0276     78.705     6.3211     0.0874      8.015     5.4729     7.8214    238.744    244.422      18236          3  0.000e+00
   59.03162 -137.01548    173.398     75.485     74.766     7.0330    30.3842  1024.1291    23.7815     7.0266     78.703     6.3211     0.0874      8.015     5.4729     7.8213    238.741    244.419      18237          3  0.000e+00
   59.03162 -137.01548    173.454     75.542     74.822     7.0323    30.3842  1024.1295    23.7816     7.0258     78.701     6.3491     0.0874      8.015     5.4729     7.8213    238.740    244.418      18238          3  0.000e+00
   59.03162 -137.01548    173.398     75.485     74.766     7.0322    30.3847  1024.1296    23.7820     7.0257     78.755     6.3211     0.0874      8.015     5.4766     7.8266    238.902    244.584      18239          3  0.000e+00
   59.03162 -137.01548    173.454     75.542     74.822     7.0324    30.3841  1024.1294    23.7815     7.0259     78.704     6.3211     0.0874      8.015     5.4730     7.8215    238.749    244.426      18240          3  0.000e+00
   59.03162 -137.01548    173.454     75.542     74.822     7.0323    30.3836  1024.1289    23.7811     7.0258     78.702     6.3211     0.0874      8.015     5.4729     7.8213    238.742    244.420      18241          3  0.000e+00
   59.03162 -137.01548    173.398     75.485     74.766     7.0318    30.3843  1024.1293    23.7817     7.0253     78.699     6.3491     0.0874      8.015     5.4727     7.8211    238.735    244.413      18242          3  0.000e+00
   59.03162 -137.01548    173.454     75.542     74.822     7.0320    30.3841  1024.1294    23.7816     7.0255     78.697     6.3211     0.0874      8.015     5.4726     7.8209    238.729    244.406      18243          3  0.000e+00
   59.03162 -137.01548    173.398     75.485     74.766     7.0323    30.3841  1024.1292    23.7816     7.0258     78.694     6.3491     0.0874      8.015     5.4723     7.8205    238.717    244.395      18244          3  0.000e+00
   59.03162 -137.01548    173.454     75.542     74.822     7.0325    30.3842  1024.1295    23.7816     7.0260     78.692     6.3211     0.0874      8.015     5.4722     7.8203    238.710    244.387      18245          3  0.000e+00
   59.03162 -137.01548    173.454     75.542     74.822     7.0328    30.3838  1024.1290    23.7812     7.0263     78.697     6.3491     0.0874      8.015     5.4725     7.8208    238.725    244.403      18246          3  0.000e+00
   59.03162 -137.01548    173.398     75.485     74.766     7.0330    30.3840  1024.1289    23.7814     7.0265     78.694     6.3491     0.0874      8.015     5.4723     7.8204    238.715    244.392      18247          3  0.000e+00
   59.03162 -137.01548    173.454     75.542     74.822     7.0331    30.3837  1024.1290    23.7811     7.0266     78.693     6.3211     0.0874      8.015     5.4722     7.8203    238.710    244.387      18248          3  0.000e+00
   59.03162 -137.01548    173.454     75.542     74.822     7.0332    30.3836  1024.1289    23.7810     7.0268     78.690     6.3211     0.0874      8.015     5.4720     7.8200    238.703    244.379      18249          3  0.000e+00
   59.03162 -137.01548    173.398     75.486     74.766     7.0331    30.3840  1024.1289    23.7813     7.0266     78.695     6.3211     0.0874      8.015     5.4724     7.8205    238.718    244.395      18250          3  0.000e+00
   59.03162 -137.01548    173.455     75.542     74.822     7.0329    30.3839  1024.1291    23.7813     7.0264     78.702     6.5729     0.0874      8.015     5.4728     7.8212    238.739    244.417      18251          3  0.000e+00
   59.03162 -137.01548    173.398     75.486     74.766     7.0328    30.3836  1024.1286    23.7810     7.0263     78.652     6.8246     0.0874      8.015     5.4694     7.8163    238.587    244.261      18252          3  0.000e+00
   59.03162 -137.01548    173.455     75.542     74.822     7.0326    30.3840  1024.1293    23.7814     7.0261     78.700     6.8805     0.0874      8.015     5.4727     7.8211    238.734    244.412      18253          3  0.000e+00
   59.03162 -137.01548    173.399     75.486     74.766     7.0326    30.3843  1024.1292    23.7816     7.0261     78.642     6.8805     0.0874      8.015     5.4687     7.8153    238.559    244.232      18254          3  0.000e+00
   59.03162 -137.01548    173.455     75.542     74.822     7.0326    30.3844  1024.1296    23.7817     7.0261     78.635     6.8525     0.0874      8.015     5.4682     7.8146    238.536    244.209      18255          3  0.000e+00
   59.03162 -137.01548    173.399     75.486     74.766     7.0323    30.3846  1024.1295    23.7819     7.0259     78.626     6.8525     0.0874      8.010     5.4676     7.8138    238.512    244.184      18256          3  0.000e+00
   59.03162 -137.01548    173.455     75.542     74.822     7.0323    30.3845  1024.1297    23.7818     7.0258     78.620     6.8525     0.0874      8.015     5.4672     7.8131    238.492    244.163      18257          3  0.000e+00
   59.03162 -137.01548    173.455     75.542     74.822     7.0324    30.3846  1024.1297    23.7819     7.0259     78.668     6.8525     0.0874      8.015     5.4705     7.8180    238.639    244.315      18258          3  0.000e+00
   59.03162 -137.01548    173.399     75.486     74.766     7.0323    30.3842  1024.1292    23.7816     7.0259     78.668     6.8525     0.0874      8.015     5.4706     7.8180    238.640    244.315      18259          3  0.000e+00
   59.03162 -137.01548    173.455     75.542     74.822     7.0326    30.3843  1024.1295    23.7816     7.0261     78.669     6.8525     0.0874      8.015     5.4706     7.8180    238.640    244.316      18260          3  0.000e+00
   59.03162 -137.01548    173.399     75.486     74.766     7.0330    30.3840  1024.1289    23.7813     7.0265     78.613     6.8525     0.0874      8.015     5.4666     7.8123    238.468    244.139      18261          3  0.000e+00
