EcoFOCI/data/1_SampleCollection/2022_GOA-OA_CruiseData/CTD_raw_BottleFile_RC0083/RC0083_064.cnv
* Sea-Bird SBE 9 Data File:
* FileName = C:\Data\RC0083ctd\RC0083_064.hex
* Software Version Seasave V 7.26.7.107
* Temperature SN = 2060
* Conductivity SN = 1084
* Number of Bytes Per Scan = 31
* Number of Voltage Words = 4
* Number of Scans Averaged by the Deck Unit = 1
* NMEA Latitude = 58 47.37 N
* NMEA Longitude = 136 06.63 W
* NMEA UTC (Time) = Aug 20 2022  15:57:05
* NMEA baud rate = 4800
** Ship: R/V Rachel Carson
** Cruise ID: RC0083
** Tech: McHugh/Nomura
** Chief Scientist: Cross
** Station: GB14
** Cast:  CTD064
# nquan = 19
# nvalues = 7300                                  
# units = specified
# name 0 = latitude: Latitude [deg]
# name 1 = longitude: Longitude [deg]
# name 2 = sfdSM: Seafloor depth [salt water, m]
# name 3 = prDM: Pressure, Digiquartz [db]
# name 4 = depSM: Depth [salt water, m]
# name 5 = t090C: Temperature [ITS-90, deg C]
# name 6 = sal00: Salinity, Practical [PSU]
# name 7 = density00: Density [density, kg/m^3]
# name 8 = sigma-é00: Density [sigma-theta, kg/m^3]
# name 9 = potemp090C: Potential Temperature [ITS-90, deg C]
# name 10 = sbeox0PS: Oxygen, SBE 43 [% saturation]
# name 11 = CStarTr0: Beam Transmission, WET Labs C-Star [%]
# name 12 = flECO-AFL: Fluorescence, WET Labs ECO-AFL/FL [mg/m^3]
# name 13 = ph: pH
# name 14 = sbeox0ML/L: Oxygen, SBE 43 [ml/l]
# name 15 = sbeox0Mg/L: Oxygen, SBE 43 [mg/l]
# name 16 = sbox0Mm/Kg: Oxygen, SBE 43 [umol/kg]
# name 17 = sbeox0Mm/L: Oxygen, SBE 43 [umol/l]
# name 18 = flag:  0.000e+00
# span 0 =   58.78854,   58.78948                 
# span 1 = -136.11062, -136.11040                 
# span 2 =     20.282,     75.915                 
# span 3 =      2.066,     63.845                 
# span 4 =      2.047,     63.240                 
# span 5 =     6.8855,     8.3829                 
# span 6 =    17.2087,    30.4205                 
# span 7 =  1013.4020,  1024.1227                 
# span 8 =    13.3897,    23.8287                 
# span 9 =     6.8801,     8.3826                 
# span 10 =     68.383,     99.621                
# span 11 =    18.8512,    92.4097                
# span 12 =    -0.0005,     2.4903                
# span 13 =      7.953,      8.290                
# span 14 =     4.7305,     7.4411                
# span 15 =     6.7603,    10.6340                
# span 16 =    206.388,    327.928                
# span 17 =    211.263,    332.318                
# span 18 = 0.0000e+00, 0.0000e+00                
# interval = seconds: 0.0416667
# start_time = Aug 20 2022 15:57:05 [NMEA time, header]
# bad_flag = -9.990e-29
*END*
[from data line 2591]
   58.78922 -136.11048     74.922      5.893      5.838     7.7270    27.3665  1021.3489    21.3217     7.7265     95.938    27.3818     2.4903      8.079     6.6965     9.5699    292.821    299.065  0.000e+00
   58.78922 -136.11048     74.962      5.934      5.878     7.7255    27.4376  1021.4050    21.3776     7.7250     95.613    27.3818     2.4903      8.074     6.6710     9.5335    291.689    297.925  0.000e+00
   58.78922 -136.11048     74.986      5.958      5.902     7.7245    27.4849  1021.4423    21.4148     7.7240     95.332    27.3818     2.4610      8.074     6.6494     9.5027    290.737    296.963  0.000e+00
   58.78922 -136.11048     75.082      6.055      5.998     7.7229    27.5188  1021.4695    21.4416     7.7224     95.047    27.3818     2.4610      8.074     6.6284     9.4726    289.809    296.023  0.000e+00
   58.78922 -136.11048     74.383      6.014      5.958     7.7213    27.5476  1021.4922    21.4644     7.7208     94.813    27.3818     2.4610      8.070     6.6111     9.4479    289.046    295.250  0.000e+00
   58.78922 -136.11048     73.959      6.055      5.998     7.7208    27.5622  1021.5038    21.4759     7.7203     94.537    27.3818     2.4610      8.070     6.5913     9.4196    288.176    294.365  0.000e+00
   58.78922 -136.11048     73.917      6.111      6.054     7.7207    27.5656  1021.5068    21.4786     7.7201     94.205    27.3818     2.4610      8.070     6.5680     9.3863    287.157    293.325  0.000e+00
   58.78922 -136.11048     73.966      6.135      6.078     7.7200    27.5694  1021.5099    21.4816     7.7195     93.921    27.3818     2.4610      8.065     6.5481     9.3578    286.286    292.436  0.000e+00
   58.78922 -136.11048     74.030      6.176      6.118     7.7182    27.5818  1021.5201    21.4916     7.7177     93.630    27.3818     2.4610      8.065     6.5275     9.3285    285.386    291.520  0.000e+00
   58.78922 -136.11048     74.022      6.192      6.134     7.7166    27.5919  1021.5283    21.4998     7.7161     93.348    27.3818     2.4610      8.065     6.5077     9.3001    284.515    290.632  0.000e+00
   58.78922 -136.11048     74.037      6.232      6.174     7.7150    27.5920  1021.5288    21.5000     7.7144     93.013    27.6055     2.4610      8.060     6.4846     9.2671    283.506    289.602  0.000e+00
   58.78922 -136.11048     74.117      6.313      6.254     7.7124    27.5928  1021.5301    21.5010     7.7119     92.731    27.8293     2.4610      8.060     6.4653     9.2395    282.661    288.739  0.000e+00
   58.78922 -136.11048     74.093      6.289      6.230     7.7084    27.6036  1021.5390    21.5100     7.7078     92.397    27.8852     2.4610      8.060     6.4422     9.2065    281.648    287.707  0.000e+00
   58.78922 -136.11048     74.093      6.289      6.230     7.7059    27.6069  1021.5419    21.5129     7.7054     92.110    27.8852     2.4610      8.060     6.4224     9.1782    280.783    286.823  0.000e+00
   58.78922 -136.11048     74.189      6.434      6.374     7.7041    27.6112  1021.5461    21.5165     7.7036     91.776    27.8573     2.4610      8.060     6.3992     9.1450    279.767    285.786  0.000e+00
   58.78922 -136.11048     74.109      6.354      6.294     7.7024    27.6142  1021.5484    21.5191     7.7018     91.433    27.8573     2.4903      8.055     6.3753     9.1110    278.725    284.723  0.000e+00
   58.78922 -136.11048     74.164      6.434      6.374     7.7001    27.6225  1021.5556    21.5259     7.6995     91.141    27.8573     2.4610      8.055     6.3550     9.0819    277.832    283.812  0.000e+00
   58.78922 -136.11048     74.260      6.531      6.470     7.6982    27.6336  1021.5649    21.5348     7.6976     90.795    27.8573     2.4610      8.055     6.3307     9.0472    276.768    282.728  0.000e+00
   58.78922 -136.11048     74.260      6.531      6.470     7.6951    27.6394  1021.5699    21.5397     7.6945     90.451    27.8573     2.2852      8.055     6.3069     9.0132    275.728    281.667  0.000e+00
   58.78922 -136.11048     74.284      6.555      6.494     7.6912    27.6405  1021.5714    21.5411     7.6906     90.104    27.8573     1.8456      8.055     6.2832     8.9794    274.693    280.610  0.000e+00
   58.78922 -136.11048     74.285      6.531      6.470     7.6870    27.6419  1021.5729    21.5428     7.6864     89.755    27.8573     1.6991      8.051     6.2594     8.9453    273.650    279.545  0.000e+00
   58.78922 -136.11048     74.365      6.612      6.550     7.6810    27.6415  1021.5737    21.5432     7.6804     89.460    27.8573     1.6991      8.051     6.2397     8.9172    272.788    278.665  0.000e+00
   58.78922 -136.11048     74.405      6.652      6.590     7.6753    27.6401  1021.5736    21.5429     7.6747     89.115    27.8573     1.6991      8.051     6.2165     8.8841    271.776    277.631  0.000e+00
   58.78922 -136.11048     74.411      6.733      6.670     7.6692    27.6386  1021.5735    21.5425     7.6686     88.715    27.8573     1.6991      8.051     6.1896     8.8456    270.598    276.428  0.000e+00
   58.78922 -136.11048     74.314      6.709      6.646     7.6632    27.6410  1021.5761    21.5451     7.6626     88.364    27.8573     1.6991      8.051     6.1658     8.8116    269.559    275.366  0.000e+00
   58.78922 -136.11048     74.321      6.765      6.702     7.6590    27.6455  1021.5804    21.5492     7.6584     88.071    27.8573     1.6991      8.051     6.1458     8.7829    268.681    274.471  0.000e+00
   58.78922 -136.11048     74.345      6.790      6.726     7.6575    27.6492  1021.5836    21.5523     7.6569     87.732    27.8573     1.6991      8.046     6.1222     8.7492    267.648    273.417  0.000e+00
   58.78922 -136.11048     74.410      6.830      6.766     7.6586    27.6514  1021.5854    21.5539     7.6580     87.396    27.8573     1.7284      8.046     6.0985     8.7154    266.614    272.361  0.000e+00
   58.78922 -136.11048     74.336      6.854      6.790     7.6585    27.6564  1021.5895    21.5578     7.6579     87.065    27.8573     1.6991      8.046     6.0753     8.6822    265.596    271.321  0.000e+00
   58.78922 -136.11048     74.319      6.886      6.822     7.6577    27.6594  1021.5920    21.5603     7.6571     86.684    27.8573     1.6991      8.046     6.0487     8.6442    264.433    270.134  0.000e+00
   58.78922 -136.11048     74.295      6.886      6.822     7.6537    27.6648  1021.5968    21.5650     7.6531     86.357    28.1090     1.6991      8.046     6.0262     8.6121    263.449    269.130  0.000e+00
   58.78922 -136.11048     74.375      6.967      6.902     7.6517    27.6774  1021.6073    21.5752     7.6511     86.039    28.5844     1.6991      8.046     6.0037     8.5800    262.465    268.127  0.000e+00
   58.78922 -136.11048     74.415      7.008      6.942     7.6551    27.7013  1021.6258    21.5935     7.6545     85.721    28.6963     1.6991      8.046     5.9802     8.5463    261.430    267.075  0.000e+00
   58.78922 -136.11048     74.341      7.032      6.966     7.6635    27.7251  1021.6435    21.6111     7.6629     85.413    28.6963     1.6991      8.041     5.9566     8.5126    260.395    266.022  0.000e+00
   58.78922 -136.11048     74.324      7.064      6.998     7.6707    27.7471  1021.6600    21.6274     7.6701     85.107    28.6684     1.6991      8.041     5.9335     8.4795    259.378    264.988  0.000e+00
   58.78922 -136.11048     74.364      7.129      7.062     7.6752    27.7686  1021.6766    21.6437     7.6745     84.757    28.6684     1.6991      8.041     5.9076     8.4425    258.243    263.832  0.000e+00
   58.78922 -136.11048     74.348      7.088      7.022     7.6794    27.7915  1021.6938    21.6611     7.6788     84.457    28.6684     1.6991      8.041     5.8853     8.4106    257.263    262.836  0.000e+00
   58.78922 -136.11048     74.444      7.185      7.118     7.6839    27.8115  1021.7093    21.6762     7.6833     84.172    28.6684     1.6991      8.041     5.8640     8.3802    256.329    261.885  0.000e+00
   58.78922 -136.11048     74.468      7.210      7.142     7.6878    27.8254  1021.7199    21.6866     7.6871     83.835    28.6684     1.6698      8.041     5.8395     8.3452    255.256    260.792  0.000e+00
   58.78922 -136.11048     74.500      7.242      7.174     7.6917    27.8425  1021.7329    21.6995     7.6911     83.554    28.6684     1.4940      8.041     5.8187     8.3155    254.345    259.864  0.000e+00
   58.78922 -136.11048     74.564      7.306      7.238     7.6980    27.8603  1021.7463    21.7126     7.6974     83.280    28.6684     1.4061      8.041     5.7981     8.2861    253.442    258.945  0.000e+00
   58.78922 -136.11048     74.588      7.331      7.262     7.7053    27.8824  1021.7629    21.7291     7.7046     83.014    28.6684     1.4061      8.036     5.7778     8.2571    252.550    258.038  0.000e+00
   58.78922 -136.11048     74.571      7.363      7.294     7.7139    27.8977  1021.7738    21.7399     7.7132     82.702    28.6684     1.4061      8.041     5.7544     8.2236    251.522    256.990  0.000e+00
   58.78922 -136.11048     74.473      7.387      7.318     7.7205    27.9051  1021.7789    21.7449     7.7199     82.446    28.6684     1.4061      8.041     5.7354     8.1965    250.692    256.144  0.000e+00
   58.78922 -136.11048     74.456      7.419      7.350     7.7266    27.9116  1021.7833    21.7491     7.7260     82.200    28.6684     1.4061      8.036     5.7173     8.1705    249.898    255.333  0.000e+00
   58.78922 -136.11048     74.456      7.419      7.350     7.7317    27.9189  1021.7884    21.7542     7.7311     81.902    28.6684     1.4061      8.036     5.6956     8.1395    248.948    254.364  0.000e+00
   58.78922 -136.11048     74.569      7.508      7.438     7.7356    27.9240  1021.7923    21.7577     7.7349     81.655    28.6684     1.4061      8.036     5.6777     8.1140    248.168    253.568  0.000e+00
   58.78922 -136.11048     74.552      7.541      7.470     7.7379    27.9302  1021.7970    21.7623     7.7372     81.412    28.6684     1.4061      8.036     5.6603     8.0891    247.404    252.788  0.000e+00
   58.78922 -136.11048     74.527      7.565      7.494     7.7395    27.9348  1021.8006    21.7657     7.7389     81.132    28.6684     1.4061      8.036     5.6404     8.0608    246.536    251.902  0.000e+00
   58.78920 -136.11048     74.454      7.541      7.470     7.7409    27.9379  1021.8027    21.7679     7.7403     80.905    28.6684     1.4061      8.036     5.6244     8.0378    245.833    251.184  0.000e+00
   58.78920 -136.11048     74.599      7.662      7.590     7.7418    27.9415  1021.8059    21.7706     7.7411     80.677    28.3887     1.4061      8.036     5.6083     8.0148    245.130    250.467  0.000e+00
   58.78920 -136.11048     74.623      7.686      7.614     7.7425    27.9454  1021.8090    21.7736     7.7419     80.399    27.4657     1.4061      8.036     5.5887     7.9869    244.274    249.593  0.000e+00
   58.78920 -136.11048     74.599      7.662      7.590     7.7425    27.9453  1021.8088    21.7735     7.7419     80.175    27.1021     1.4061      8.036     5.5731     7.9646    243.593    248.896  0.000e+00
   58.78920 -136.11048     74.654      7.742      7.670     7.7420    27.9429  1021.8073    21.7716     7.7414     79.965    27.1021     1.4061      8.036     5.5587     7.9439    242.962    248.252  0.000e+00
   58.78920 -136.11048     74.719      7.783      7.710     7.7420    27.9431  1021.8077    21.7718     7.7414     79.762    27.1580     1.4061      8.036     5.5446     7.9238    242.345    247.621  0.000e+00
   58.78920 -136.11048     74.630      7.718      7.646     7.7435    27.9451  1021.8088    21.7732     7.7428     79.559    27.1580     1.4061      8.036     5.5302     7.9032    241.715    246.978  0.000e+00
   58.78920 -136.11048     74.855      7.920      7.846     7.7466    27.9499  1021.8131    21.7765     7.7459     79.310    27.1580     1.4061      8.036     5.5123     7.8777    240.935    246.181  0.000e+00
   58.78920 -136.11048     74.775      7.839      7.766     7.7497    27.9571  1021.8179    21.7818     7.7490     79.115    27.1580     1.4061      8.036     5.4981     7.8574    240.313    245.547  0.000e+00
   58.78920 -136.11048     74.855      7.920      7.846     7.7518    27.9620  1021.8219    21.7854     7.7511     78.930    27.1580     1.4061      8.036     5.4848     7.8383    239.729    244.951  0.000e+00
   58.78920 -136.11048     74.831      7.896      7.822     7.7527    27.9602  1021.8202    21.7839     7.7520     78.744    27.1580     1.4354      8.036     5.4719     7.8198    239.164    244.373  0.000e+00
   58.78920 -136.11048     74.895      7.961      7.886     7.7524    27.9572  1021.8182    21.7815     7.7518     78.567    27.1580     1.4647      8.036     5.4597     7.8025    238.633    243.831  0.000e+00
   58.78920 -136.11048     74.870      7.985      7.910     7.7528    27.9579  1021.8189    21.7821     7.7521     78.392    27.1580     1.4940      8.036     5.4475     7.7850    238.098    243.284  0.000e+00
   58.78920 -136.11048     74.795      8.082      8.006     7.7536    27.9601  1021.8209    21.7837     7.7529     78.226    27.1580     1.4940      8.036     5.4358     7.7683    237.586    242.761  0.000e+00
   58.78920 -136.11048     74.658      8.017      7.942     7.7543    27.9619  1021.8219    21.7850     7.7536     78.006    27.1580     1.4940      8.036     5.4203     7.7461    236.909    242.070  0.000e+00
   58.78920 -136.11048     74.721      8.106      8.030     7.7552    27.9649  1021.8246    21.7872     7.7545     77.892    27.1580     1.4647      8.041     5.4122     7.7345    236.553    241.707  0.000e+00
   58.78920 -136.11048     74.722      8.082      8.006     7.7567    27.9680  1021.8267    21.7894     7.7560     77.738    27.1580     1.4940      8.041     5.4012     7.7188    236.073    241.217  0.000e+00
   58.78920 -136.11048     74.753      8.162      8.086     7.7576    27.9703  1021.8287    21.7911     7.7569     77.587    27.1580     1.4940      8.041     5.3905     7.7035    235.605    240.739  0.000e+00
   58.78920 -136.11048     74.663      8.195      8.118     7.7586    27.9729  1021.8308    21.7930     7.7579     77.438    27.1580     1.4647      8.041     5.3799     7.6884    235.142    240.266  0.000e+00
   58.78920 -136.11048     74.638      8.195      8.118     7.7602    27.9762  1021.8332    21.7954     7.7595     77.290    27.1580     1.4940      8.041     5.3694     7.6733    234.680    239.795  0.000e+00
   58.78920 -136.11048     74.726      8.284      8.206     7.7624    27.9815  1021.8375    21.7993     7.7616     77.146    27.1580     1.4940      8.041     5.3589     7.6584    234.222    239.327  0.000e+00
   58.78920 -136.11048     74.702      8.259      8.182     7.7666    27.9869  1021.8410    21.8030     7.7658     77.011    26.8504     1.4940      8.041     5.3488     7.6439    233.779    238.876  0.000e+00
   58.78920 -136.11048     74.751      8.284      8.206     7.7690    27.9894  1021.8428    21.8046     7.7683     76.878    24.1094     1.4940      8.041     5.3391     7.6302    233.358    238.446  0.000e+00
   58.78920 -136.11048     74.822      8.380      8.302     7.7698    27.9916  1021.8449    21.8063     7.7691     76.795    22.7110     1.4647      8.041     5.3332     7.6217    233.098    238.181  0.000e+00
   58.78920 -136.11048     74.822      8.380      8.302     7.7710    27.9935  1021.8462    21.8075     7.7703     76.665    22.5991     1.4647      8.041     5.3240     7.6085    232.695    237.769  0.000e+00
   58.78920 -136.11048     74.863      8.397      8.318     7.7724    27.9946  1021.8470    21.8083     7.7717     76.544    22.7110     1.4940      8.041     5.3154     7.5962    232.320    237.386  0.000e+00
