EcoFOCI/data/1_SampleCollection/2022_GOA-OA_CruiseData/CTD_raw_BottleFile_RC0083/RC0083_133.ros
* Sea-Bird SBE 9 Data File:
* FileName = C:\Data\RC0083ctd\RC0083_133.hex
* Software Version Seasave V 7.26.7.107
* Temperature SN = 2060
* Conductivity SN = 2881
* Number of Bytes Per Scan = 31
* Number of Voltage Words = 4
* Number of Scans Averaged by the Deck Unit = 1
* NMEA Latitude = 57 55.97 N
* NMEA Longitude = 134 48.98 W
* NMEA UTC (Time) = Aug 24 2022  14:42:32
* NMEA baud rate = 4800
** Ship: R/V Rachel Carson
** Cruise ID: RC0083
** Tech: McHugh/Nomura
** Chief Scientist: Cross
** Station: MCS5B
** Cast:  CTD133
# nquan = 21
# nvalues = 441                                   
# units = specified
# name 0 = latitude: Latitude [deg]
# name 1 = longitude: Longitude [deg]
# name 2 = sfdSM: Seafloor depth [salt water, m]
# name 3 = prDM: Pressure, Digiquartz [db]
# name 4 = depSM: Depth [salt water, m]
# name 5 = t090C: Temperature [ITS-90, deg C]
# name 6 = sal00: Salinity, Practical [PSU]
# name 7 = density00: Density [density, kg/m^3]
# name 8 = sigma-é00: Density [sigma-theta, kg/m^3]
# name 9 = potemp090C: Potential Temperature [ITS-90, deg C]
# name 10 = sbeox0PS: Oxygen, SBE 43 [% saturation]
# name 11 = CStarTr0: Beam Transmission, WET Labs C-Star [%]
# name 12 = flECO-AFL: Fluorescence, WET Labs ECO-AFL/FL [mg/m^3]
# name 13 = ph: pH
# name 14 = sbeox0ML/L: Oxygen, SBE 43 [ml/l]
# name 15 = sbeox0Mg/L: Oxygen, SBE 43 [mg/l]
# name 16 = sbox0Mm/Kg: Oxygen, SBE 43 [umol/kg]
# name 17 = sbeox0Mm/L: Oxygen, SBE 43 [umol/l]
# name 18 = scan: Scan Count
# name 19 = nbf: Bottles Fired
# name 20 = flag:  0.000e+00
# interval = seconds: 0.0416667
# start_time = Aug 24 2022 14:42:32 [NMEA time, header]
# bad_flag = -9.990e-29
*END*
[from data line 345]
   57.93954 -134.81126    108.750     10.335     10.239    12.5747    28.2560  1021.3006    21.2541    12.5734    103.088    79.5160     5.3621      8.386     6.4305     9.1898    281.210    287.186      49184          8  0.000e+00
   57.93954 -134.81126    108.830     10.392     10.295    12.5743    28.2560  1021.3009    21.2541    12.5730    103.087    79.5160     5.3621      8.386     6.4305     9.1899    281.210    287.187      49185          8  0.000e+00
   57.93954 -134.81126    108.718     10.303     10.207    12.5744    28.2557  1021.3002    21.2539    12.5731    103.085    79.4880     5.3621      8.386     6.4304     9.1897    281.204    287.181      49186          8  0.000e+00
   57.93954 -134.81126    108.774     10.335     10.239    12.5742    28.2556  1021.3004    21.2539    12.5729    103.085    79.4321     5.3621      8.386     6.4304     9.1897    281.204    287.181      49187          8  0.000e+00
   57.93954 -134.81126    108.806     10.392     10.295    12.5742    28.2555  1021.3005    21.2538    12.5729    103.084    79.3482     5.3621      8.386     6.4304     9.1896    281.204    287.181      49188          8  0.000e+00
   57.93954 -134.81126    108.806     10.392     10.295    12.5741    28.2562  1021.3011    21.2543    12.5728    103.089    79.3482     5.3621      8.386     6.4306     9.1900    281.215    287.192      49189          8  0.000e+00
   57.93954 -134.81126    108.774     10.360     10.263    12.5742    28.2579  1021.3022    21.2556    12.5729    103.088    79.3482     5.3621      8.386     6.4305     9.1898    281.210    287.187      49190          8  0.000e+00
   57.93954 -134.81126    108.806     10.392     10.296    12.5722    28.2607  1021.3049    21.2582    12.5709    103.089    79.3482     5.3621      8.381     6.4307     9.1901    281.218    287.196      49191          8  0.000e+00
   57.93954 -134.81126    108.830     10.392     10.296    12.5716    28.2620  1021.3061    21.2593    12.5703    103.089    79.3482     5.3621      8.386     6.4308     9.1902    281.219    287.198      49192          8  0.000e+00
   57.93954 -134.81126    108.798     10.360     10.264    12.5734    28.2611  1021.3049    21.2582    12.5721    103.089    79.3482     5.3621      8.386     6.4305     9.1899    281.210    287.188      49193          8  0.000e+00
   57.93954 -134.81126    108.830     10.392     10.296    12.5747    28.2606  1021.3044    21.2577    12.5734    103.090    79.3482     5.3621      8.386     6.4304     9.1897    281.206    287.183      49194          8  0.000e+00
   57.93954 -134.81126    108.806     10.392     10.296    12.5757    28.2600  1021.3038    21.2570    12.5744    103.091    79.3482     5.3621      8.386     6.4304     9.1896    281.203    287.180      49195          8  0.000e+00
   57.93954 -134.81126    108.774     10.360     10.264    12.5759    28.2597  1021.3033    21.2567    12.5746    103.091    79.3482     5.3621      8.386     6.4304     9.1897    281.204    287.181      49196          8  0.000e+00
   57.93954 -134.81126    108.830     10.392     10.296    12.5758    28.2596  1021.3035    21.2567    12.5745    103.093    79.3482     5.3621      8.386     6.4305     9.1898    281.209    287.186      49197          8  0.000e+00
   57.93954 -134.81126    108.830     10.392     10.296    12.5759    28.2596  1021.3034    21.2567    12.5746    103.094    79.3482     5.3621      8.386     6.4306     9.1899    281.212    287.190      49198          8  0.000e+00
   57.93954 -134.81126    108.862     10.424     10.328    12.5762    28.2593  1021.3033    21.2564    12.5749    103.096    79.3482     5.3621      8.386     6.4307     9.1901    281.216    287.194      49199          8  0.000e+00
   57.93954 -134.81126    108.806     10.392     10.296    12.5771    28.2580  1021.3020    21.2552    12.5758    103.097    79.3482     5.0984      8.386     6.4307     9.1901    281.217    287.194      49200          8  0.000e+00
   57.93954 -134.81126    108.830     10.392     10.296    12.5773    28.2574  1021.3015    21.2547    12.5760    103.099    79.3482     4.8639      8.386     6.4308     9.1903    281.222    287.199      49201          8  0.000e+00
   57.93954 -134.81126    108.798     10.360     10.264    12.5774    28.2573  1021.3012    21.2546    12.5761    103.101    79.3482     4.8053      8.386     6.4309     9.1904    281.227    287.204      49202          8  0.000e+00
   57.93954 -134.81126    108.831     10.392     10.296    12.5775    28.2571  1021.3011    21.2544    12.5762    103.104    79.3482     4.8053      8.386     6.4311     9.1906    281.234    287.212      49203          8  0.000e+00
   57.93954 -134.81126    108.831     10.392     10.296    12.5773    28.2575  1021.3015    21.2548    12.5760    103.102    79.3482     4.8346      8.386     6.4309     9.1904    281.228    287.205      49204          8  0.000e+00
   57.93954 -134.81126    108.831     10.392     10.296    12.5774    28.2580  1021.3019    21.2552    12.5761    103.104    79.3482     4.8346      8.386     6.4311     9.1906    281.234    287.211      49205          8  0.000e+00
   57.93954 -134.81126    108.774     10.360     10.264    12.5772    28.2592  1021.3027    21.2561    12.5759    103.161    79.3482     4.8053      8.386     6.4346     9.1957    281.387    287.369      49206          8  0.000e+00
   57.93954 -134.81126    108.831     10.392     10.296    12.5773    28.2595  1021.3031    21.2563    12.5760    103.169    79.4321     4.8346      8.386     6.4351     9.1963    281.408    287.390      49207          8  0.000e+00
   57.93956 -134.81126    108.775     10.336     10.240    12.5774    28.2594  1021.3027    21.2562    12.5761    103.171    79.5439     4.8346      8.386     6.4352     9.1965    281.413    287.395      49208          8  0.000e+00
   57.93956 -134.81126    108.863     10.425     10.328    12.5775    28.2594  1021.3031    21.2562    12.5762    103.174    79.5719     4.8346      8.386     6.4354     9.1968    281.422    287.404      49209          8  0.000e+00
   57.93956 -134.81126    108.750     10.336     10.240    12.5777    28.2589  1021.3023    21.2558    12.5764    103.121    79.5439     4.8346      8.386     6.4320     9.1920    281.276    287.254      49210          8  0.000e+00
   57.93956 -134.81126    108.831     10.392     10.296    12.5775    28.2581  1021.3019    21.2552    12.5762    103.119    79.5439     4.8053      8.386     6.4320     9.1919    281.274    287.252      49211          8  0.000e+00
   57.93956 -134.81126    108.743     10.304     10.208    12.5775    28.2582  1021.3016    21.2553    12.5763    103.115    79.5439     4.8053      8.386     6.4317     9.1916    281.263    287.241      49212          8  0.000e+00
   57.93956 -134.81126    108.831     10.392     10.296    12.5777    28.2582  1021.3020    21.2553    12.5764    103.168    79.5439     4.8346      8.386     6.4350     9.1963    281.406    287.388      49213          8  0.000e+00
   57.93956 -134.81126    108.750     10.336     10.240    12.5779    28.2579  1021.3015    21.2550    12.5766    103.170    79.5439     4.8053      8.386     6.4351     9.1964    281.410    287.391      49214          8  0.000e+00
   57.93956 -134.81126    108.799     10.360     10.264    12.5781    28.2581  1021.3017    21.2551    12.5768    103.172    79.5439     4.8346      8.386     6.4352     9.1965    281.414    287.395      49215          8  0.000e+00
   57.93956 -134.81126    108.750     10.336     10.240    12.5782    28.2580  1021.3015    21.2550    12.5769    103.178    79.5439     4.8346      8.386     6.4356     9.1971    281.430    287.412      49216          8  0.000e+00
   57.93956 -134.81126    108.694     10.279     10.184    12.5781    28.2591  1021.3021    21.2558    12.5768    103.184    79.5439     4.8346      8.386     6.4359     9.1975    281.445    287.427      49217          8  0.000e+00
   57.93956 -134.81126    108.799     10.360     10.264    12.5781    28.2594  1021.3027    21.2561    12.5768    103.191    79.5439     4.8053      8.386     6.4364     9.1982    281.465    287.448      49218          8  0.000e+00
   57.93956 -134.81126    108.694     10.279     10.184    12.5777    28.2599  1021.3028    21.2565    12.5765    103.197    79.5439     4.8053      8.386     6.4367     9.1987    281.481    287.465      49219          8  0.000e+00
   57.93956 -134.81126    108.775     10.336     10.240    12.5773    28.2592  1021.3026    21.2561    12.5761    103.199    79.5439     4.8932      8.386     6.4370     9.1991    281.491    287.475      49220          8  0.000e+00
   57.93956 -134.81126    108.679     10.239     10.144    12.5775    28.2583  1021.3014    21.2553    12.5763    103.204    79.5439     4.9812      8.386     6.4373     9.1995    281.506    287.490      49221          8  0.000e+00
   57.93956 -134.81126    108.831     10.393     10.296    12.5774    28.2582  1021.3020    21.2553    12.5761    103.213    79.5439     5.0398      8.386     6.4378     9.2003    281.530    287.514      49222          8  0.000e+00
   57.93956 -134.81126    108.719     10.280     10.184    12.5777    28.2578  1021.3011    21.2549    12.5765    103.218    79.5439     5.0398      8.386     6.4381     9.2007    281.542    287.526      49223          8  0.000e+00
   57.93956 -134.81126    108.694     10.280     10.184    12.5775    28.2576  1021.3011    21.2548    12.5763    103.165    79.5439     5.0105      8.386     6.4348     9.1960    281.399    287.380      49224          8  0.000e+00
   57.93956 -134.81126    108.718     10.304     10.208    12.5777    28.2572  1021.3008    21.2544    12.5765    103.167    79.5439     5.0398      8.386     6.4349     9.1962    281.404    287.385      49225          8  0.000e+00
   57.93956 -134.81126    108.694     10.280     10.184    12.5777    28.2569  1021.3005    21.2542    12.5765    103.222    79.5439     5.0105      8.386     6.4384     9.2012    281.557    287.541      49226          8  0.000e+00
   57.93956 -134.81126    108.751     10.336     10.240    12.5779    28.2565  1021.3004    21.2539    12.5766    103.279    79.5160     5.0105      8.386     6.4420     9.2062    281.712    287.699      49227          8  0.000e+00
   57.93956 -134.81126    108.679     10.239     10.144    12.5777    28.2567  1021.3002    21.2541    12.5765    103.230    79.4321     5.0105      8.386     6.4389     9.2018    281.576    287.561      49228          8  0.000e+00
   57.93956 -134.81126    108.719     10.280     10.184    12.5775    28.2568  1021.3004    21.2542    12.5763    103.231    79.4321     5.0105      8.386     6.4390     9.2020    281.582    287.566      49229          8  0.000e+00
   57.93956 -134.81126    108.751     10.336     10.240    12.5779    28.2562  1021.3002    21.2537    12.5766    103.178    79.4041     5.0105      8.386     6.4357     9.1972    281.436    287.418      49230          8  0.000e+00
   57.93978 -134.81120    101.237      3.443      3.411    14.8937    23.6506  1017.2791    17.2636    14.8932     96.969    94.8989     0.8200      8.435     5.9317     8.4770    260.414    264.910      50503          9  0.000e+00
   57.93978 -134.81120    101.046      3.225      3.195    14.8936    23.6503  1017.2779    17.2634    14.8932     96.912    94.8989     0.8200      8.435     5.9282     8.4720    260.262    264.755      50504          9  0.000e+00
   57.93978 -134.81120    100.990      3.144      3.115    14.8939    23.6501  1017.2773    17.2632    14.8935     96.906    94.8989     0.8200      8.435     5.9279     8.4716    260.247    264.740      50505          9  0.000e+00
   57.93978 -134.81120    101.014      3.168      3.139    14.8933    23.6507  1017.2780    17.2638    14.8928     96.957    94.8989     0.8200      8.435     5.9310     8.4760    260.384    264.879      50506          9  0.000e+00
   57.93978 -134.81120    101.110      3.265      3.235    14.8931    23.6510  1017.2787    17.2641    14.8926     96.958    94.8989     0.8200      8.435     5.9311     8.4762    260.389    264.885      50507          9  0.000e+00
   57.93978 -134.81120    101.070      3.225      3.195    14.8941    23.6497  1017.2774    17.2629    14.8937     96.959    94.8989     0.8200      8.435     5.9311     8.4761    260.387    264.882      50508          9  0.000e+00
   57.93978 -134.81120    101.054      3.208      3.179    14.8950    23.6476  1017.2755    17.2611    14.8945     96.959    94.8989     0.8200      8.435     5.9311     8.4761    260.388    264.882      50509          9  0.000e+00
   57.93978 -134.81120    101.054      3.208      3.179    14.8961    23.6456  1017.2738    17.2594    14.8957     96.960    94.8989     0.8200      8.435     5.9311     8.4761    260.388    264.882      50510          9  0.000e+00
   57.93978 -134.81120    101.070      3.225      3.195    14.8967    23.6436  1017.2721    17.2577    14.8962     97.015    94.8989     0.8493      8.435     5.9345     8.4809    260.537    265.033      50511          9  0.000e+00
   57.93978 -134.81120    100.990      3.144      3.115    14.8974    23.6408  1017.2695    17.2554    14.8970     96.966    94.8989     0.8200      8.435     5.9315     8.4766    260.405    264.899      50512          9  0.000e+00
   57.93978 -134.81120    101.046      3.225      3.195    14.8981    23.6395  1017.2687    17.2543    14.8976     96.969    94.8989     0.8200      8.435     5.9316     8.4768    260.411    264.904      50513          9  0.000e+00
   57.93978 -134.81120    101.054      3.209      3.179    14.8983    23.6401  1017.2691    17.2547    14.8979     96.970    94.8989     0.8200      8.435     5.9316     8.4768    260.412    264.905      50514          9  0.000e+00
   57.93978 -134.81120    101.210      3.168      3.139    14.8978    23.6414  1017.2700    17.2558    14.8974     96.971    94.8989     0.8493      8.435     5.9317     8.4770    260.416    264.910      50515          9  0.000e+00
   57.93978 -134.81120    101.616      3.209      3.179    14.8972    23.6415  1017.2704    17.2560    14.8968     96.974    94.8989     0.8200      8.435     5.9319     8.4773    260.426    264.920      50516          9  0.000e+00
   57.93978 -134.81120    101.754      3.225      3.195    14.8969    23.6411  1017.2702    17.2557    14.8965     96.981    94.8989     0.8200      8.435     5.9324     8.4780    260.446    264.940      50517          9  0.000e+00
   57.93978 -134.81120    101.714      3.209      3.179    14.8967    23.6413  1017.2703    17.2560    14.8962     96.987    94.8989     0.8493      8.435     5.9328     8.4786    260.465    264.960      50518          9  0.000e+00
   57.93978 -134.81120    101.674      3.168      3.139    14.8943    23.6443  1017.2729    17.2587    14.8939     96.936    94.8989     0.8200      8.435     5.9299     8.4744    260.335    264.828      50519          9  0.000e+00
   57.93978 -134.81120    101.714      3.209      3.179    14.8912    23.6483  1017.2767    17.2624    14.8908     96.931    94.8989     0.8200      8.435     5.9298     8.4743    260.331    264.824      50520          9  0.000e+00
   57.93978 -134.81120    101.689      3.209      3.179    14.8900    23.6511  1017.2792    17.2648    14.8896     96.926    94.8989     0.8493      8.435     5.9295     8.4739    260.318    264.812      50521          9  0.000e+00
   57.93978 -134.81120    101.674      3.168      3.139    14.8904    23.6524  1017.2799    17.2657    14.8900     96.920    94.8989     0.8200      8.435     5.9291     8.4732    260.298    264.792      50522          9  0.000e+00
   57.93978 -134.81120    101.714      3.209      3.179    14.8904    23.6540  1017.2813    17.2669    14.8899     96.916    94.8989     0.8200      8.435     5.9287     8.4728    260.283    264.778      50523          9  0.000e+00
