EcoFOCI/data/1_SampleCollection/2022_GOA-OA_CruiseData/CTD_raw_BottleFile_RC0083/RC0083_017.ros
* Sea-Bird SBE 9 Data File:
* FileName = C:\Data\RC0083ctd\RC0083_017.hex
* Software Version Seasave V 7.26.7.107
* Temperature SN = 2060
* Conductivity SN = 1084
* Number of Bytes Per Scan = 31
* Number of Voltage Words = 4
* Number of Scans Averaged by the Deck Unit = 1
* NMEA Latitude = 56 10.75 N
* NMEA Longitude = 134 24.05 W
* NMEA UTC (Time) = Aug 13 2022  15:43:07
* NMEA baud rate = 4800
** Ship: R/V Rachel Carson
** Cruise ID: RC0083 RC0083
** Tech: McHugh/Nomura
** Chief Scientist: Cross Cross
** Station: CS2
** Cast:  017
# nquan = 21
# nvalues = 441                                   
# units = specified
# name 0 = latitude: Latitude [deg]
# name 1 = longitude: Longitude [deg]
# name 2 = sfdSM: Seafloor depth [salt water, m]
# name 3 = prDM: Pressure, Digiquartz [db]
# name 4 = depSM: Depth [salt water, m]
# name 5 = t090C: Temperature [ITS-90, deg C]
# name 6 = sal00: Salinity, Practical [PSU]
# name 7 = density00: Density [density, kg/m^3]
# name 8 = sigma-é00: Density [sigma-theta, kg/m^3]
# name 9 = potemp090C: Potential Temperature [ITS-90, deg C]
# name 10 = sbeox0PS: Oxygen, SBE 43 [% saturation]
# name 11 = CStarTr0: Beam Transmission, WET Labs C-Star [%]
# name 12 = flECO-AFL: Fluorescence, WET Labs ECO-AFL/FL [mg/m^3]
# name 13 = ph: pH
# name 14 = sbeox0ML/L: Oxygen, SBE 43 [ml/l]
# name 15 = sbeox0Mg/L: Oxygen, SBE 43 [mg/l]
# name 16 = sbox0Mm/Kg: Oxygen, SBE 43 [umol/kg]
# name 17 = sbeox0Mm/L: Oxygen, SBE 43 [umol/l]
# name 18 = scan: Scan Count
# name 19 = nbf: Bottles Fired
# name 20 = flag:  0.000e+00
# interval = seconds: 0.0416667
# start_time = Aug 13 2022 15:43:07 [NMEA time, header]
# bad_flag = -9.990e-29
*END*
   56.17670 -134.40468    487.562    481.714    476.769     5.1226    33.8967  1029.0090    26.7909     5.0843     21.136   106.1984    -0.0884      7.679     1.5017     2.1461     65.317     67.067      25037          1  0.000e+00
   56.17670 -134.40468    487.610    481.763    476.817     5.1223    33.8970  1029.0095    26.7912     5.0840     21.132   106.1984    -0.0884      7.679     1.5014     2.1457     65.304     67.054      25038          1  0.000e+00
   56.17670 -134.40468    487.498    481.649    476.704     5.1223    33.8974  1029.0093    26.7915     5.0840     21.128   106.1984    -0.0884      7.679     1.5011     2.1452     65.290     67.039      25039          1  0.000e+00
   56.17670 -134.40468    487.619    481.771    476.825     5.1223    33.8972  1029.0097    26.7913     5.0840     21.133   106.1984    -0.0884      7.679     1.5015     2.1458     65.308     67.057      25040          1  0.000e+00
   56.17670 -134.40468    487.587    481.714    476.769     5.1224    33.8972  1029.0094    26.7913     5.0841     21.129   106.1984    -0.0884      7.683     1.5012     2.1454     65.295     67.044      25041          1  0.000e+00
   56.17670 -134.40468    487.643    481.771    476.825     5.1228    33.8969  1029.0094    26.7910     5.0845     21.126   106.1984    -0.0884      7.679     1.5009     2.1450     65.283     67.032      25042          1  0.000e+00
   56.17670 -134.40468    487.587    481.714    476.769     5.1228    33.8962  1029.0086    26.7905     5.0845     21.131   106.1984    -0.0884      7.679     1.5013     2.1456     65.301     67.050      25043          1  0.000e+00
   56.17670 -134.40468    487.466    481.592    476.648     5.1226    33.8971  1029.0088    26.7912     5.0843     21.137   106.1984    -0.0884      7.679     1.5018     2.1462     65.319     67.069      25044          1  0.000e+00
   56.17670 -134.40468    487.699    481.828    476.881     5.1227    33.8970  1029.0097    26.7911     5.0844     21.135   106.1984    -0.0884      7.679     1.5016     2.1459     65.311     67.061      25045          1  0.000e+00
   56.17670 -134.40468    487.587    481.714    476.769     5.1228    33.8969  1029.0091    26.7910     5.0845     21.131   106.1984    -0.0884      7.679     1.5013     2.1456     65.301     67.050      25046          1  0.000e+00
   56.17670 -134.40468    487.587    481.714    476.769     5.1226    33.8970  1029.0093    26.7912     5.0843     21.189   106.1984    -0.0884      7.679     1.5055     2.1515     65.480     67.234      25047          1  0.000e+00
   56.17670 -134.40468    487.522    481.649    476.704     5.1229    33.8966  1029.0086    26.7907     5.0846     21.134   106.1704    -0.0884      7.679     1.5015     2.1458     65.308     67.058      25048          1  0.000e+00
   56.17670 -134.40468    487.587    481.714    476.769     5.1224    33.8974  1029.0096    26.7915     5.0841     21.130   106.1704    -0.0884      7.679     1.5013     2.1455     65.299     67.048      25049          1  0.000e+00
   56.17670 -134.40468    487.611    481.714    476.769     5.1226    33.8971  1029.0093    26.7912     5.0843     21.127   106.1704    -0.0884      7.679     1.5010     2.1451     65.287     67.037      25050          1  0.000e+00
   56.17670 -134.40468    487.603    481.706    476.761     5.1224    33.8973  1029.0094    26.7914     5.0841     21.123   106.1704    -0.0884      7.679     1.5008     2.1448     65.277     67.026      25051          1  0.000e+00
   56.17670 -134.40468    487.547    481.649    476.704     5.1221    33.8976  1029.0095    26.7917     5.0838     21.120   106.1704    -0.0884      7.679     1.5005     2.1444     65.266     67.014      25052          1  0.000e+00
   56.17670 -134.40468    487.668    481.771    476.825     5.1221    33.8969  1029.0095    26.7911     5.0838     21.117   106.1704    -0.0884      7.679     1.5003     2.1441     65.256     67.005      25053          1  0.000e+00
   56.17670 -134.40468    487.547    481.649    476.704     5.1220    33.8975  1029.0094    26.7916     5.0837     21.113   106.1704    -0.0884      7.679     1.5001     2.1437     65.244     66.992      25054          1  0.000e+00
   56.17670 -134.40468    487.611    481.714    476.769     5.1221    33.8973  1029.0096    26.7915     5.0838     21.109   106.1704    -0.0884      7.679     1.4998     2.1434     65.234     66.982      25055          1  0.000e+00
   56.17670 -134.40468    487.611    481.714    476.769     5.1221    33.8970  1029.0093    26.7912     5.0838     21.116   106.1704    -0.0884      7.679     1.5003     2.1440     65.253     67.002      25056          1  0.000e+00
   56.17670 -134.40468    487.547    481.649    476.704     5.1218    33.8973  1029.0093    26.7915     5.0835     21.122   106.1704    -0.0884      7.679     1.5007     2.1447     65.274     67.023      25057          1  0.000e+00
   56.17670 -134.40468    487.603    481.706    476.761     5.1221    33.8968  1029.0091    26.7910     5.0838     21.120   106.1704    -0.0884      7.679     1.5005     2.1444     65.266     67.014      25058          1  0.000e+00
   56.17670 -134.40468    487.611    481.715    476.769     5.1220    33.8970  1029.0094    26.7912     5.0837     21.117   106.1704    -0.0884      7.679     1.5004     2.1442     65.257     67.006      25059          1  0.000e+00
   56.17670 -134.40468    487.611    481.715    476.769     5.1221    33.8970  1029.0093    26.7912     5.0838     21.114   106.1704    -0.0884      7.679     1.5002     2.1439     65.249     66.997      25060          1  0.000e+00
   56.17670 -134.40468    487.611    481.715    476.769     5.1220    33.8969  1029.0093    26.7911     5.0837     21.111   106.1704    -0.0884      7.679     1.5000     2.1436     65.241     66.988      25061          1  0.000e+00
   56.17670 -134.40468    487.611    481.715    476.769     5.1218    33.8974  1029.0097    26.7916     5.0835     21.109   106.1424    -0.0884      7.679     1.4998     2.1433     65.232     66.980      25062          1  0.000e+00
   56.17670 -134.40468    487.547    481.649    476.704     5.1220    33.8972  1029.0092    26.7914     5.0837     21.106   106.1424    -0.0884      7.679     1.4996     2.1430     65.223     66.970      25063          1  0.000e+00
   56.17670 -134.40468    487.611    481.715    476.769     5.1220    33.8973  1029.0096    26.7915     5.0837     21.103   106.1704    -0.0884      7.679     1.4994     2.1428     65.215     66.962      25064          1  0.000e+00
   56.17670 -134.40468    487.660    481.763    476.817     5.1220    33.8972  1029.0097    26.7913     5.0837     21.101   106.1704    -0.0884      7.679     1.4992     2.1425     65.207     66.954      25065          1  0.000e+00
   56.17670 -134.40468    487.547    481.649    476.704     5.1220    33.8972  1029.0092    26.7913     5.0837     21.098   106.1704    -0.0884      7.679     1.4990     2.1422     65.198     66.944      25066          1  0.000e+00
   56.17670 -134.40468    487.668    481.772    476.825     5.1220    33.8971  1029.0097    26.7913     5.0837     21.095   106.1704    -0.0884      7.679     1.4988     2.1419     65.190     66.937      25067          1  0.000e+00
   56.17670 -134.40468    487.611    481.715    476.769     5.1220    33.8973  1029.0096    26.7915     5.0837     21.092   106.1704    -0.0884      7.679     1.4986     2.1417     65.181     66.928      25068          1  0.000e+00
   56.17670 -134.40468    487.611    481.715    476.769     5.1221    33.8970  1029.0093    26.7912     5.0838     21.090   106.1704    -0.0884      7.679     1.4984     2.1414     65.173     66.919      25069          1  0.000e+00
   56.17670 -134.40468    487.611    481.715    476.769     5.1221    33.8972  1029.0095    26.7913     5.0838     21.087   106.1984    -0.0884      7.679     1.4982     2.1411     65.164     66.910      25070          1  0.000e+00
   56.17670 -134.40468    487.611    481.715    476.769     5.1223    33.8971  1029.0094    26.7913     5.0840     21.094   106.1984    -0.0884      7.683     1.4987     2.1418     65.186     66.932      25071          1  0.000e+00
   56.17670 -134.40468    487.603    481.706    476.761     5.1224    33.8970  1029.0092    26.7911     5.0841     21.091   106.1984    -0.0884      7.679     1.4985     2.1416     65.178     66.924      25072          1  0.000e+00
   56.17670 -134.40468    487.668    481.772    476.825     5.1228    33.8966  1029.0092    26.7908     5.0845     21.099   106.1984    -0.0884      7.679     1.4991     2.1423     65.201     66.948      25073          1  0.000e+00
   56.17670 -134.40468    487.611    481.715    476.769     5.1226    33.8970  1029.0092    26.7911     5.0843     21.107   106.1984    -0.0884      7.679     1.4996     2.1431     65.225     66.972      25074          1  0.000e+00
   56.17670 -134.40468    487.611    481.715    476.769     5.1223    33.8972  1029.0094    26.7913     5.0840     21.115   106.1984    -0.0884      7.679     1.5002     2.1439     65.251     66.999      25075          1  0.000e+00
   56.17670 -134.40468    487.611    481.715    476.769     5.1223    33.8973  1029.0096    26.7914     5.0840     21.114   106.1984    -0.0884      7.679     1.5001     2.1438     65.247     66.995      25076          1  0.000e+00
   56.17670 -134.40468    487.668    481.772    476.825     5.1224    33.8970  1029.0095    26.7912     5.0841     21.113   106.1984    -0.0884      7.679     1.5000     2.1437     65.244     66.992      25077          1  0.000e+00
   56.17670 -134.40468    487.611    481.715    476.769     5.1224    33.8970  1029.0093    26.7911     5.0841     21.111   106.1984    -0.0884      7.679     1.4999     2.1436     65.240     66.988      25078          1  0.000e+00
   56.17670 -134.40468    487.603    481.707    476.761     5.1223    33.8971  1029.0094    26.7913     5.0840     21.110   106.1704    -0.0884      7.683     1.4999     2.1435     65.236     66.984      25079          1  0.000e+00
   56.17670 -134.40468    487.611    481.715    476.769     5.1223    33.8973  1029.0096    26.7914     5.0840     21.109   106.1984    -0.0884      7.679     1.4998     2.1433     65.233     66.980      25080          1  0.000e+00
   56.17670 -134.40468    487.668    481.772    476.825     5.1224    33.8972  1029.0097    26.7913     5.0841     21.108   106.1984    -0.0884      7.679     1.4997     2.1432     65.229     66.977      25081          1  0.000e+00
   56.17670 -134.40468    487.611    481.715    476.769     5.1223    33.8970  1029.0093    26.7912     5.0840     21.107   106.1984    -0.0884      7.679     1.4996     2.1431     65.226     66.973      25082          1  0.000e+00
   56.17670 -134.40468    487.611    481.715    476.769     5.1224    33.8971  1029.0094    26.7913     5.0841     21.115   106.1984    -0.0884      7.679     1.5002     2.1440     65.252     67.000      25083          1  0.000e+00
   56.17670 -134.40468    487.611    481.715    476.769     5.1224    33.8970  1029.0093    26.7912     5.0841     21.124   106.1984    -0.0884      7.679     1.5009     2.1449     65.280     67.029      25084          1  0.000e+00
   56.17670 -134.40468    487.636    481.715    476.769     5.1226    33.8967  1029.0090    26.7909     5.0843     21.185   106.1984    -0.0884      7.679     1.5052     2.1510     65.467     67.221      25085          1  0.000e+00
   56.17602 -134.40510    349.679    253.511    251.046     5.7158    33.6807  1027.7145    26.5477     5.6950     31.868   106.1145    -0.0884      7.754     2.2359     3.1953     97.273     99.856      34024          2  0.000e+00
   56.17602 -134.40510    349.518    253.349    250.886     5.7171    33.6796  1027.7128    26.5467     5.6963     31.876   106.1145    -0.0884      7.754     2.2364     3.1960     97.294     99.877      34025          2  0.000e+00
   56.17602 -134.40510    349.502    253.333    250.870     5.7182    33.6785  1027.7117    26.5457     5.6974     31.884   106.1145    -0.0884      7.754     2.2369     3.1968     97.317     99.901      34026          2  0.000e+00
   56.17602 -134.40510    349.583    253.414    250.950     5.7196    33.6777  1027.7113    26.5449     5.6988     31.826   106.1145    -0.0884      7.754     2.2328     3.1909     97.137     99.716      34027          2  0.000e+00
   56.17602 -134.40510    349.623    253.454    250.990     5.7203    33.6774  1027.7111    26.5445     5.6995     31.818   106.1145    -0.0884      7.754     2.2322     3.1900     97.111     99.689      34028          2  0.000e+00
   56.17602 -134.40510    349.623    253.454    250.990     5.7200    33.6776  1027.7113    26.5447     5.6992     31.810   106.1145    -0.0884      7.754     2.2316     3.1892     97.088     99.665      34029          2  0.000e+00
   56.17602 -134.40510    349.583    253.414    250.950     5.7195    33.6780  1027.7115    26.5451     5.6987     31.802   106.1424    -0.0884      7.754     2.2311     3.1885     97.066     99.643      34030          2  0.000e+00
   56.17602 -134.40510    349.623    253.454    250.990     5.7191    33.6784  1027.7121    26.5455     5.6983     31.796   106.1145    -0.0884      7.754     2.2307     3.1879     97.046     99.622      34031          2  0.000e+00
   56.17602 -134.40510    349.639    253.471    251.006     5.7189    33.6784  1027.7122    26.5455     5.6981     31.789   106.1145    -0.0884      7.754     2.2302     3.1872     97.026     99.602      34032          2  0.000e+00
   56.17602 -134.40510    349.623    253.454    250.990     5.7190    33.6787  1027.7123    26.5457     5.6981     31.783   106.1145    -0.0884      7.754     2.2298     3.1866     97.007     99.582      34033          2  0.000e+00
   56.17602 -134.40510    349.703    253.536    251.071     5.7193    33.6780  1027.7121    26.5452     5.6985     31.777   106.1145    -0.0884      7.754     2.2294     3.1860     96.989     99.563      34034          2  0.000e+00
   56.17602 -134.40510    349.623    253.455    250.990     5.7192    33.6781  1027.7119    26.5453     5.6984     31.771   106.1424    -0.0884      7.754     2.2289     3.1854     96.971     99.545      34035          2  0.000e+00
   56.17602 -134.40510    349.679    253.511    251.047     5.7198    33.6775  1027.7115    26.5447     5.6990     31.766   106.1145    -0.0884      7.754     2.2286     3.1849     96.954     99.528      34036          2  0.000e+00
   56.17602 -134.40510    349.583    253.414    250.950     5.7198    33.6778  1027.7113    26.5450     5.6990     31.761   106.1145    -0.0884      7.754     2.2282     3.1843     96.938     99.511      34037          2  0.000e+00
   56.17602 -134.40510    349.799    253.633    251.167     5.7196    33.6783  1027.7127    26.5454     5.6988     31.757   106.1145    -0.0884      7.754     2.2279     3.1839     96.927     99.500      34038          2  0.000e+00
   56.17602 -134.40510    349.703    253.536    251.071     5.7197    33.6777  1027.7119    26.5449     5.6989     31.752   106.1145    -0.0591      7.754     2.2276     3.1835     96.913     99.486      34039          2  0.000e+00
   56.17602 -134.40510    349.679    253.511    251.047     5.7199    33.6777  1027.7117    26.5449     5.6991     31.748   106.1145    -0.0591      7.754     2.2273     3.1831     96.900     99.473      34040          2  0.000e+00
   56.17602 -134.40510    349.703    253.536    251.071     5.7198    33.6777  1027.7118    26.5449     5.6990     31.687   106.1145    -0.0591      7.754     2.2230     3.1769     96.712     99.279      34041          2  0.000e+00
   56.17602 -134.40510    349.735    253.568    251.103     5.7207    33.6772  1027.7115    26.5444     5.6999     31.675   106.1145    -0.0591      7.754     2.2222     3.1757     96.676     99.242      34042          2  0.000e+00
