EcoFOCI/data/1_SampleCollection/2022_GOA-OA_CruiseData/CTD_raw_BottleFile_RC0083/RC0083_065.cnv
* Sea-Bird SBE 9 Data File:
* FileName = C:\Data\RC0083ctd\RC0083_065.hex
* Software Version Seasave V 7.26.7.107
* Temperature SN = 2060
* Conductivity SN = 1084
* Number of Bytes Per Scan = 31
* Number of Voltage Words = 4
* Number of Scans Averaged by the Deck Unit = 1
* NMEA Latitude = 58 50.77 N
* NMEA Longitude = 136 05.10 W
* NMEA UTC (Time) = Aug 20 2022  16:35:21
* NMEA baud rate = 4800
** Ship: R/V Rachel Carson
** Cruise ID: RC0083
** Tech: McHugh/Nomura
** Chief Scientist: Cross
** Station: GB15
** Cast:  CTD065
# nquan = 19
# nvalues = 18234                                 
# units = specified
# name 0 = latitude: Latitude [deg]
# name 1 = longitude: Longitude [deg]
# name 2 = sfdSM: Seafloor depth [salt water, m]
# name 3 = prDM: Pressure, Digiquartz [db]
# name 4 = depSM: Depth [salt water, m]
# name 5 = t090C: Temperature [ITS-90, deg C]
# name 6 = sal00: Salinity, Practical [PSU]
# name 7 = density00: Density [density, kg/m^3]
# name 8 = sigma-é00: Density [sigma-theta, kg/m^3]
# name 9 = potemp090C: Potential Temperature [ITS-90, deg C]
# name 10 = sbeox0PS: Oxygen, SBE 43 [% saturation]
# name 11 = CStarTr0: Beam Transmission, WET Labs C-Star [%]
# name 12 = flECO-AFL: Fluorescence, WET Labs ECO-AFL/FL [mg/m^3]
# name 13 = ph: pH
# name 14 = sbeox0ML/L: Oxygen, SBE 43 [ml/l]
# name 15 = sbeox0Mg/L: Oxygen, SBE 43 [mg/l]
# name 16 = sbox0Mm/Kg: Oxygen, SBE 43 [umol/kg]
# name 17 = sbeox0Mm/L: Oxygen, SBE 43 [umol/l]
# name 18 = flag:  0.000e+00
# span 0 =   58.84468,   58.84624                 
# span 1 = -136.08546, -136.08500                 
# span 2 =     27.790,    329.149                 
# span 3 =      2.316,    252.936                 
# span 4 =      2.295,    250.421                 
# span 5 =     4.8553,     7.9482                 
# span 6 =    16.5842,    30.9106                 
# span 7 =  1012.9617,  1025.6262                 
# span 8 =    12.9496,    24.4517                 
# span 9 =     4.8374,     7.9473                 
# span 10 =     69.137,     98.120                
# span 11 =    12.8659,    84.6343                
# span 12 =    -0.0591,     2.4903                
# span 13 =      7.916,      8.293                
# span 14 =     4.7681,     7.4242                
# span 15 =     6.8142,    10.6099                
# span 16 =    208.064,    327.157                
# span 17 =    212.945,    331.565                
# span 18 = 0.0000e+00, 0.0000e+00                
# interval = seconds: 0.0416667
# start_time = Aug 20 2022 16:35:21 [NMEA time, header]
# bad_flag = -9.990e-29
*END*
[from data line 4039]
   58.84596 -136.08502    163.787     65.780     65.155     6.9313    30.3965  1024.1071    23.8041     6.9258     71.858    54.3998    -0.0005      7.972     5.0082     7.1573    218.468    223.668  0.000e+00
   58.84596 -136.08502    163.844     65.836     65.211     6.9307    30.3967  1024.1077    23.8043     6.9251     71.865    54.3998    -0.0005      7.967     5.0088     7.1581    218.492    223.694  0.000e+00
   58.84596 -136.08502    163.844     65.836     65.211     6.9312    30.3967  1024.1076    23.8042     6.9256     71.870    54.3998    -0.0005      7.972     5.0091     7.1586    218.507    223.708  0.000e+00
   58.84596 -136.08502    163.908     65.901     65.275     6.9306    30.3976  1024.1086    23.8050     6.9250     71.876    54.3998    -0.0005      7.967     5.0096     7.1592    218.525    223.727  0.000e+00
   58.84596 -136.08502    163.908     65.901     65.275     6.9311    30.3970  1024.1082    23.8045     6.9255     71.879    54.3998    -0.0005      7.972     5.0098     7.1595    218.534    223.737  0.000e+00
   58.84596 -136.08502    163.964     65.957     65.331     6.9311    30.3972  1024.1086    23.8047     6.9255     71.883    54.3998    -0.0005      7.972     5.0100     7.1598    218.544    223.747  0.000e+00
   58.84596 -136.08502    164.020     66.014     65.387     6.9308    30.3976  1024.1092    23.8050     6.9252     71.885    54.3998    -0.0005      7.972     5.0102     7.1601    218.552    223.755  0.000e+00
   58.84596 -136.08502    164.020     66.014     65.387     6.9306    30.3981  1024.1096    23.8054     6.9249     71.886    54.3998    -0.0005      7.967     5.0103     7.1602    218.556    223.759  0.000e+00
   58.84596 -136.08502    164.028     66.022     65.395     6.9305    30.3984  1024.1099    23.8057     6.9249     71.886    54.5397    -0.0005      7.967     5.0103     7.1602    218.556    223.759  0.000e+00
   58.84596 -136.08502    164.140     66.135     65.507     6.9301    30.3992  1024.1111    23.8064     6.9244     71.886    54.9033    -0.0005      7.972     5.0103     7.1602    218.557    223.760  0.000e+00
   58.84596 -136.08502    164.084     66.079     65.451     6.9296    30.3988  1024.1106    23.8061     6.9239     71.884    55.0151    -0.0005      7.972     5.0102     7.1601    218.553    223.756  0.000e+00
   58.84596 -136.08502    164.204     66.200     65.571     6.9289    30.3988  1024.1112    23.8062     6.9233     71.883    55.0151    -0.0005      7.967     5.0102     7.1601    218.552    223.755  0.000e+00
   58.84596 -136.08502    164.204     66.200     65.571     6.9284    30.3992  1024.1116    23.8066     6.9228     71.935    55.0151    -0.0005      7.967     5.0139     7.1653    218.713    223.920  0.000e+00
   58.84596 -136.08502    164.204     66.200     65.571     6.9284    30.3988  1024.1113    23.8063     6.9228     71.937    54.9872    -0.0005      7.972     5.0141     7.1656    218.721    223.928  0.000e+00
   58.84596 -136.08502    164.260     66.256     65.627     6.9278    30.3994  1024.1121    23.8068     6.9222     71.883    54.9872    -0.0005      7.967     5.0103     7.1603    218.559    223.762  0.000e+00
   58.84596 -136.08502    164.316     66.313     65.683     6.9271    30.3994  1024.1125    23.8069     6.9215     71.877    54.9872    -0.0005      7.972     5.0100     7.1597    218.542    223.745  0.000e+00
   58.84596 -136.08502    164.316     66.313     65.683     6.9270    30.3995  1024.1126    23.8070     6.9214     71.925    54.9872    -0.0005      7.967     5.0133     7.1645    218.689    223.895  0.000e+00
   58.84596 -136.08502    164.268     66.265     65.635     6.9261    30.4002  1024.1130    23.8076     6.9205     71.874    54.9872    -0.0005      7.972     5.0099     7.1596    218.539    223.742  0.000e+00
   58.84596 -136.08502    164.500     66.499     65.868     6.9261    30.3998  1024.1138    23.8074     6.9205     71.874    54.9872    -0.0005      7.972     5.0099     7.1596    218.539    223.742  0.000e+00
   58.84596 -136.08502    164.436     66.434     65.803     6.9254    30.4007  1024.1142    23.8081     6.9197     71.863    54.9872    -0.0005      7.972     5.0092     7.1586    218.508    223.710  0.000e+00
   58.84596 -136.08502    164.500     66.499     65.868     6.9257    30.4000  1024.1139    23.8075     6.9201     71.852    54.9872     0.0288      7.972     5.0084     7.1575    218.474    223.675  0.000e+00
   58.84596 -136.08502    164.500     66.499     65.868     6.9252    30.4003  1024.1142    23.8078     6.9196     71.840    54.9872     0.0288      7.972     5.0076     7.1563    218.438    223.639  0.000e+00
   58.84596 -136.08502    164.500     66.499     65.868     6.9246    30.4007  1024.1147    23.8083     6.9189     71.890    54.9872     0.0288      7.972     5.0112     7.1615    218.595    223.799  0.000e+00
   58.84596 -136.08502    164.612     66.612     65.980     6.9242    30.4005  1024.1150    23.8081     6.9186     71.892    55.0151     0.0288      7.972     5.0114     7.1617    218.603    223.807  0.000e+00
   58.84596 -136.08502    164.556     66.556     65.924     6.9234    30.4008  1024.1152    23.8085     6.9178     71.884    54.9872     0.0288      7.972     5.0109     7.1610    218.581    223.786  0.000e+00
   58.84596 -136.08502    164.676     66.677     66.044     6.9231    30.4006  1024.1156    23.8084     6.9174     71.876    54.9872     0.0288      7.972     5.0104     7.1603    218.560    223.763  0.000e+00
   58.84596 -136.08502    164.612     66.612     65.980     6.9219    30.4011  1024.1159    23.8089     6.9163     71.873    54.9872     0.0288      7.967     5.0103     7.1602    218.556    223.759  0.000e+00
   58.84596 -136.08502    164.740     66.741     66.108     6.9210    30.4012  1024.1166    23.8091     6.9154     71.871    54.9872     0.0288      7.972     5.0102     7.1601    218.554    223.758  0.000e+00
   58.84596 -136.08502    164.732     66.733     66.100     6.9204    30.4012  1024.1167    23.8092     6.9147     71.811    55.0151     0.0288      7.972     5.0061     7.1542    218.374    223.573  0.000e+00
   58.84596 -136.08502    164.788     66.790     66.156     6.9199    30.4013  1024.1170    23.8093     6.9142     71.863    55.1830     0.0288      7.972     5.0098     7.1595    218.534    223.737  0.000e+00
   58.84596 -136.08502    164.788     66.790     66.156     6.9195    30.4009  1024.1168    23.8090     6.9139     71.809    55.2669     0.0288      7.972     5.0061     7.1542    218.373    223.572  0.000e+00
   58.84596 -136.08502    164.877     66.855     66.220     6.9189    30.4014  1024.1176    23.8096     6.9132     71.804    55.2669     0.0288      7.972     5.0058     7.1538    218.360    223.560  0.000e+00
   58.84596 -136.08502    164.860     66.863     66.228     6.9181    30.4016  1024.1179    23.8098     6.9124     71.799    55.2669     0.0288      7.967     5.0055     7.1534    218.347    223.545  0.000e+00
   58.84596 -136.08502    164.908     66.911     66.276     6.9175    30.4013  1024.1180    23.8097     6.9118     71.849    55.2669     0.0288      7.967     5.0091     7.1585    218.503    223.706  0.000e+00
   58.84596 -136.08502    164.972     66.976     66.340     6.9169    30.4020  1024.1189    23.8103     6.9112     71.850    55.2669     0.0288      7.972     5.0092     7.1587    218.509    223.712  0.000e+00
   58.84596 -136.08502    164.972     66.976     66.340     6.9162    30.4020  1024.1189    23.8103     6.9105     71.843    55.2669     0.0288      7.967     5.0088     7.1580    218.490    223.692  0.000e+00
   58.84596 -136.08502    165.028     67.032     66.396     6.9147    30.4022  1024.1196    23.8107     6.9090     71.842    55.2669     0.0288      7.972     5.0089     7.1583    218.496    223.699  0.000e+00
   58.84596 -136.08504    165.092     67.097     66.460     6.9131    30.4024  1024.1202    23.8111     6.9074     71.842    55.2669     0.0288      7.967     5.0091     7.1584    218.502    223.705  0.000e+00
   58.84596 -136.08504    165.084     67.089     66.452     6.9113    30.4028  1024.1207    23.8116     6.9056     71.840    55.2669    -0.0005      7.967     5.0091     7.1585    218.504    223.707  0.000e+00
   58.84596 -136.08504    165.084     67.089     66.452     6.9100    30.4029  1024.1210    23.8118     6.9043     71.837    55.2669    -0.0005      7.967     5.0091     7.1585    218.503    223.706  0.000e+00
   58.84596 -136.08504    165.204     67.210     66.572     6.9083    30.4037  1024.1224    23.8127     6.9026     71.835    55.2389    -0.0005      7.967     5.0091     7.1585    218.504    223.707  0.000e+00
   58.84596 -136.08504    165.204     67.210     66.572     6.9065    30.4035  1024.1225    23.8128     6.9008     71.775    55.2669    -0.0005      7.967     5.0052     7.1529    218.331    223.531  0.000e+00
   58.84596 -136.08504    165.212     67.218     66.580     6.9045    30.4042  1024.1233    23.8136     6.8988     71.820    55.2669    -0.0005      7.967     5.0085     7.1576    218.476    223.679  0.000e+00
   58.84596 -136.08504    165.269     67.275     66.636     6.9034    30.4048  1024.1242    23.8142     6.8977     71.760    55.2669    -0.0005      7.967     5.0044     7.1518    218.297    223.496  0.000e+00
   58.84596 -136.08504    165.268     67.275     66.636     6.9021    30.4053  1024.1247    23.8147     6.8964     71.803    55.2669    -0.0005      7.967     5.0076     7.1563    218.435    223.637  0.000e+00
   58.84596 -136.08504    165.325     67.332     66.692     6.9000    30.4058  1024.1257    23.8154     6.8943     71.798    55.2669    -0.0005      7.967     5.0074     7.1561    218.429    223.631  0.000e+00
   58.84596 -136.08504    165.381     67.388     66.748     6.8983    30.4062  1024.1265    23.8159     6.8926     71.736    55.2669    -0.0005      7.967     5.0033     7.1502    218.249    223.447  0.000e+00
   58.84596 -136.08504    165.389     67.396     66.756     6.8966    30.4068  1024.1272    23.8166     6.8909     71.730    55.2669    -0.0005      7.967     5.0030     7.1498    218.238    223.436  0.000e+00
   58.84596 -136.08504    165.445     67.453     66.812     6.8955    30.4073  1024.1280    23.8171     6.8897     71.724    55.2669    -0.0005      7.967     5.0028     7.1494    218.225    223.423  0.000e+00
   58.84596 -136.08504    165.445     67.453     66.812     6.8948    30.4067  1024.1276    23.8167     6.8891     71.718    55.6864    -0.0005      7.967     5.0024     7.1489    218.210    223.407  0.000e+00
   58.84596 -136.08504    165.501     67.509     66.868     6.8934    30.4077  1024.1288    23.8177     6.8877     71.712    55.9661    -0.0005      7.967     5.0021     7.1485    218.198    223.395  0.000e+00
   58.84596 -136.08504    165.557     67.566     66.924     6.8926    30.4079  1024.1294    23.8180     6.8869     71.762    55.9941    -0.0005      7.967     5.0057     7.1537    218.354    223.555  0.000e+00
   58.84596 -136.08504    165.509     67.517     66.876     6.8921    30.4080  1024.1293    23.8181     6.8864     71.762    55.9661    -0.0005      7.967     5.0058     7.1538    218.357    223.558  0.000e+00
   58.84596 -136.08504    165.621     67.631     66.988     6.8916    30.4077  1024.1296    23.8180     6.8859     71.708    55.9661    -0.0005      7.967     5.0020     7.1484    218.194    223.391  0.000e+00
   58.84596 -136.08504    165.621     67.631     66.988     6.8910    30.4083  1024.1302    23.8185     6.8852     71.701    55.9661    -0.0005      7.967     5.0016     7.1478    218.175    223.371  0.000e+00
   58.84596 -136.08504    165.677     67.687     67.044     6.8889    30.4088  1024.1311    23.8191     6.8832     71.694    55.9661    -0.0005      7.967     5.0014     7.1475    218.165    223.362  0.000e+00
   58.84596 -136.08504    165.677     67.687     67.044     6.8866    30.4095  1024.1320    23.8200     6.8809     71.688    55.9661    -0.0005      7.967     5.0011     7.1471    218.155    223.351  0.000e+00
   58.84596 -136.08504    165.741     67.752     67.108     6.8843    30.4105  1024.1333    23.8211     6.8786     71.681    55.9381    -0.0005      7.967     5.0009     7.1469    218.146    223.342  0.000e+00
   58.84596 -136.08504    165.805     67.817     67.172     6.8841    30.4102  1024.1334    23.8209     6.8783     71.731    55.9661    -0.0005      7.967     5.0044     7.1518    218.298    223.498  0.000e+00
   58.84596 -136.08504    165.797     67.808     67.164     6.8831    30.4105  1024.1338    23.8213     6.8773     71.675    55.9661     0.0288      7.967     5.0006     7.1464    218.133    223.329  0.000e+00
   58.84596 -136.08504    165.797     67.808     67.164     6.8818    30.4110  1024.1343    23.8218     6.8760     71.668    55.9381     0.0288      7.967     5.0003     7.1459    218.116    223.312  0.000e+00
   58.84596 -136.08504    165.917     67.930     67.284     6.8806    30.4114  1024.1353    23.8223     6.8749     71.725    55.9661     0.0288      7.967     5.0044     7.1518    218.297    223.497  0.000e+00
   58.84596 -136.08504    165.853     67.865     67.220     6.8799    30.4110  1024.1348    23.8220     6.8741     71.733    55.9661     0.0288      7.967     5.0050     7.1527    218.324    223.525  0.000e+00
   58.84596 -136.08504    165.981     67.994     67.349     6.8790    30.4116  1024.1360    23.8226     6.8733     71.734    55.9661     0.0288      7.967     5.0052     7.1529    218.331    223.532  0.000e+00
   58.84596 -136.08504    165.973     67.986     67.341     6.8785    30.4115  1024.1359    23.8226     6.8728     71.678    55.9661     0.0288      7.967     5.0013     7.1474    218.162    223.359  0.000e+00
   58.84596 -136.08504    165.973     67.986     67.340     6.8769    30.4121  1024.1366    23.8233     6.8712     71.734    55.9661     0.0288      7.967     5.0054     7.1532    218.341    223.542  0.000e+00
   58.84596 -136.08504    166.037     68.051     67.405     6.8750    30.4121  1024.1372    23.8235     6.8693     71.735    55.9661     0.0288      7.967     5.0057     7.1536    218.352    223.554  0.000e+00
   58.84596 -136.08504    166.093     68.108     67.461     6.8732    30.4130  1024.1384    23.8245     6.8675     71.735    55.9381     0.0288      7.967     5.0059     7.1539    218.360    223.562  0.000e+00
   58.84596 -136.08504    166.093     68.108     67.461     6.8722    30.4135  1024.1389    23.8250     6.8665     71.734    55.9381     0.0288      7.967     5.0059     7.1540    218.362    223.565  0.000e+00
   58.84596 -136.08504    166.157     68.172     67.525     6.8716    30.4137  1024.1394    23.8252     6.8658     71.733    55.8542     0.0288      7.967     5.0060     7.1540    218.363    223.566  0.000e+00
   58.84596 -136.08504    166.149     68.164     67.517     6.8717    30.4133  1024.1390    23.8249     6.8660     71.676    55.7703     0.0288      7.967     5.0019     7.1482    218.187    223.386  0.000e+00
   58.84596 -136.08504    166.213     68.229     67.581     6.8716    30.4131  1024.1392    23.8248     6.8658     71.731    55.7703     0.0288      7.967     5.0058     7.1538    218.357    223.560  0.000e+00
   58.84596 -136.08504    166.269     68.285     67.637     6.8713    30.4130  1024.1394    23.8247     6.8655     71.738    55.7703     0.0288      7.967     5.0063     7.1545    218.380    223.582  0.000e+00
   58.84596 -136.08504    166.269     68.285     67.637     6.8708    30.4136  1024.1400    23.8253     6.8650     71.744    55.7703     0.0288      7.967     5.0068     7.1552    218.400    223.604  0.000e+00
   58.84596 -136.08504    166.269     68.285     67.637     6.8707    30.4138  1024.1402    23.8254     6.8649     71.751    55.7703     0.0288      7.967     5.0073     7.1559    218.420    223.624  0.000e+00
