EcoFOCI/data/1_SampleCollection/2022_GOA-OA_CruiseData/CTD_raw_BottleFile_RC0083/RC0083_099.cnv
* Sea-Bird SBE 9 Data File:
* FileName = C:\Data\RC0083ctd\RC0083_099.hex
* Software Version Seasave V 7.26.7.107
* Temperature SN = 2060
* Conductivity SN = 2881
* Number of Bytes Per Scan = 31
* Number of Voltage Words = 4
* Number of Scans Averaged by the Deck Unit = 1
* NMEA Latitude = 56 29.51 N
* NMEA Longitude = 132 43.97 W
* NMEA UTC (Time) = Aug 22 2022  23:31:32
* NMEA baud rate = 4800
** Ship: R/V Rachel Carson
** Cruise ID: RC0083
** Tech: McHugh/Nomura
** Chief Scientist: Cross
** Station: FWI7
** Cast:  CTD099
# nquan = 19
# nvalues = 9763                                  
# units = specified
# name 0 = latitude: Latitude [deg]
# name 1 = longitude: Longitude [deg]
# name 2 = sfdSM: Seafloor depth [salt water, m]
# name 3 = prDM: Pressure, Digiquartz [db]
# name 4 = depSM: Depth [salt water, m]
# name 5 = t090C: Temperature [ITS-90, deg C]
# name 6 = sal00: Salinity, Practical [PSU]
# name 7 = density00: Density [density, kg/m^3]
# name 8 = sigma-é00: Density [sigma-theta, kg/m^3]
# name 9 = potemp090C: Potential Temperature [ITS-90, deg C]
# name 10 = sbeox0PS: Oxygen, SBE 43 [% saturation]
# name 11 = CStarTr0: Beam Transmission, WET Labs C-Star [%]
# name 12 = flECO-AFL: Fluorescence, WET Labs ECO-AFL/FL [mg/m^3]
# name 13 = ph: pH
# name 14 = sbeox0ML/L: Oxygen, SBE 43 [ml/l]
# name 15 = sbeox0Mg/L: Oxygen, SBE 43 [mg/l]
# name 16 = sbox0Mm/Kg: Oxygen, SBE 43 [umol/kg]
# name 17 = sbeox0Mm/L: Oxygen, SBE 43 [umol/l]
# name 18 = flag:  0.000e+00
# span 0 =   56.49138,   56.49186                 
# span 1 = -132.73392, -132.73278                 
# span 2 =      3.031,    145.229                 
# span 3 =      2.324,    133.803                 
# span 4 =      2.303,    132.536                 
# span 5 =   -98.9762,    98.9762                 
# span 6 =     7.0813,    51.9669                 
# span 7 =   797.5634,  1026.0901                 
# span 8 =  -202.1064,    25.4768                 
# span 9 =   -98.9456,    98.9623                 
# span 10 =     -2.282,   1299.010                
# span 11 =    18.4597,    92.0740                
# span 12 =     0.0581,     8.7321                
# span 13 =      7.645,      8.589                
# span 14 = -1286.0198,     8.0288                
# span 15 = -1837.8509,    11.4740                
# span 16 = -71981.584,    355.499                
# span 17 = -57433.645,    358.568                
# span 18 = 0.0000e+00, 0.0000e+00                
# interval = seconds: 0.0416667
# start_time = Aug 22 2022 23:31:32 [NMEA time, header]
# bad_flag = -9.990e-29
*END*
[from data line 9372]
   56.49140 -132.73386    103.351      4.786      4.743    10.8162    28.1663  1021.5126    21.4909    10.8157     80.155    84.8021     3.5160      8.086     5.1946     7.4235    227.108    231.989  0.000e+00
   56.49140 -132.73386    103.351      4.786      4.743    10.7756    28.2053  1021.5496    21.5279    10.7751     80.138    84.8021     3.4280      8.087     5.1968     7.4267    227.197    232.088  0.000e+00
   56.49140 -132.73386    103.399      4.811      4.767    10.7381    28.2392  1021.5822    21.5604    10.7376     80.122    84.8021     3.3987      8.087     5.1988     7.4297    227.280    232.180  0.000e+00
   56.49140 -132.73386    103.311      4.722      4.679    10.7072    28.2620  1021.6047    21.5832    10.7067     80.098    84.8021     3.3987      8.087     5.2001     7.4314    227.328    232.234  0.000e+00
   56.49140 -132.73386    103.351      4.786      4.743    10.6882    28.2744  1021.6177    21.5959    10.6877     80.130    84.8021     3.3987      8.087     5.2039     7.4368    227.491    232.404  0.000e+00
   56.49140 -132.73386    103.255      4.689      4.647    10.6735    28.2859  1021.6286    21.6073    10.6730     80.111    84.8021     3.3987      8.087     5.2039     7.4369    227.489    232.405  0.000e+00
   56.49140 -132.73386    103.287      4.722      4.679    10.6711    28.2891  1021.6316    21.6102    10.6706     80.086    84.7182     3.3987      8.092     5.2024     7.4348    227.426    232.340  0.000e+00
   56.49140 -132.73386    103.255      4.689      4.647    10.6786    28.2834  1021.6258    21.6045    10.6781     80.060    83.9910     3.3987      8.092     5.2001     7.4314    227.324    232.235  0.000e+00
   56.49140 -132.73386    103.287      4.722      4.679    10.6821    28.2828  1021.6249    21.6035    10.6816     80.036    83.6554     3.3987      8.092     5.1981     7.4287    227.240    232.149  0.000e+00
   56.49140 -132.73386    103.255      4.665      4.623    10.6755    28.2909  1021.6321    21.6109    10.6750     79.954    83.6274     3.3987      8.092     5.1933     7.4217    227.026    231.932  0.000e+00
   56.49140 -132.73386    103.215      4.625      4.583    10.6654    28.2997  1021.6403    21.6193    10.6649     79.918    83.6554     3.3987      8.092     5.1918     7.4196    226.959    231.866  0.000e+00
   56.49140 -132.73386    103.231      4.665      4.623    10.6662    28.2989  1021.6398    21.6186    10.6657     79.883    83.6554     3.3987      8.092     5.1895     7.4163    226.857    231.762  0.000e+00
   56.49140 -132.73386    103.175      4.609      4.567    10.6755    28.2918  1021.6325    21.6115    10.6750     79.842    83.6554     3.3987      8.096     5.1860     7.4113    226.707    231.606  0.000e+00
   56.49140 -132.73386    103.135      4.568      4.527    10.6874    28.2843  1021.6245    21.6038    10.6869     79.808    83.6554     3.3987      8.096     5.1827     7.4066    226.564    231.459  0.000e+00
   56.49140 -132.73386    103.199      4.609      4.567    10.6943    28.2821  1021.6218    21.6009    10.6938     79.778    83.6554     3.3987      8.096     5.1800     7.4028    226.448    231.340  0.000e+00
   56.49140 -132.73386    103.135      4.568      4.527    10.6991    28.2814  1021.6203    21.5996    10.6986     79.755    83.6554     3.3987      8.096     5.1780     7.3999    226.361    231.250  0.000e+00
   56.49140 -132.73386    103.175      4.609      4.567    10.6828    28.2971  1021.6354    21.6145    10.6823     79.733    83.6554     3.3987      8.096     5.1779     7.3998    226.354    231.246  0.000e+00
   56.49140 -132.73386    103.015      4.423      4.382    10.6646    28.3153  1021.6516    21.6316    10.6641     79.701    83.6554     3.3987      8.096     5.1773     7.3989    226.323    231.219  0.000e+00
   56.49140 -132.73386    102.807      4.213      4.174    10.6567    28.3249  1021.6595    21.6404    10.6562     79.725    83.6554     3.3987      8.097     5.1794     7.4020    226.415    231.314  0.000e+00
   56.49140 -132.73386    103.351      4.786      4.743    10.6580    28.3262  1021.6629    21.6411    10.6575     79.649    83.6554     3.3987      8.101     5.1743     7.3945    226.188    231.083  0.000e+00
   56.49140 -132.73386    103.231      4.665      4.623    10.6595    28.3297  1021.6648    21.6436    10.6590     79.557    83.6554     3.3987      8.101     5.1680     7.3856    225.914    230.804  0.000e+00
   56.49140 -132.73386    102.959      4.391      4.350    10.6493    28.3425  1021.6752    21.6553    10.6488     79.518    83.6554     3.5160      8.097     5.1662     7.3830    225.833    230.723  0.000e+00
   56.49140 -132.73386    103.079      4.488      4.446    10.6447    28.3474  1021.6802    21.6599    10.6442     79.485    83.6554     3.6332      8.101     5.1645     7.3805    225.755    230.645  0.000e+00
   56.49140 -132.73386     91.235      4.512      4.470    10.6422    28.3493  1021.6822    21.6617    10.6417     79.394    83.6554     3.6332      8.101     5.1588     7.3724    225.506    230.391  0.000e+00
   56.49140 -132.73386     36.737      4.544      4.502    10.6547    28.3374  1021.6711    21.6504    10.6542     79.355    83.6554     3.6332      8.106     5.1552     7.3673    225.353    230.232  0.000e+00
   56.49140 -132.73386     13.677      4.488      4.446    10.6795    28.3162  1021.6502    21.6299    10.6790     79.263    83.6554     3.6332      8.106     5.1471     7.3558    225.004    229.871  0.000e+00
   56.49140 -132.73386     12.360      4.391      4.350    10.6862    28.3062  1021.6409    21.6210    10.6857     79.221    83.6274     3.6332      8.106     5.1440     7.3513    224.869    229.731  0.000e+00
   56.49140 -132.73386     14.688      4.423      4.382    10.6933    28.2941  1021.6305    21.6104    10.6928     79.240    79.9914     3.6332      8.106     5.1448     7.3524    224.906    229.767  0.000e+00
   56.49140 -132.73386     15.559      4.391      4.350    10.7046    28.2805  1021.6179    21.5980    10.7041     79.151    77.4742     3.6332      8.106     5.1383     7.3431    224.623    229.475  0.000e+00
   56.49140 -132.73386     15.560      4.366      4.326    10.7186    28.2684  1021.6061    21.5863    10.7181     79.117    77.0827     3.6332      8.106     5.1349     7.3382    224.478    229.323  0.000e+00
   56.49140 -132.73386     15.462      4.366      4.326    10.7245    28.2635  1021.6013    21.5815    10.7240     79.029    77.2505     3.6332      8.106     5.1286     7.3293    224.206    229.045  0.000e+00
   56.49140 -132.73386     15.317      4.270      4.230    10.7171    28.2634  1021.6020    21.5826    10.7167     78.996    77.3624     3.6332      8.110     5.1273     7.3274    224.148    228.985  0.000e+00
   56.49140 -132.73386     15.357      4.310      4.270    10.7124    28.2593  1021.5998    21.5803    10.7119     78.963    77.3624     3.6332      8.111     5.1259     7.3254    224.085    228.921  0.000e+00
   56.49140 -132.73386     15.357      4.310      4.270    10.7099    28.2595  1021.6004    21.5808    10.7094     78.930    77.3624     3.6332      8.111     5.1240     7.3227    224.003    228.837  0.000e+00
   56.49140 -132.73386     15.342      4.269      4.230    10.7169    28.2533  1021.5942    21.5749    10.7165     78.846    77.3624     3.6332      8.110     5.1179     7.3140    223.739    228.566  0.000e+00
   56.49140 -132.73386     15.382      4.310      4.270    10.7142    28.2523  1021.5941    21.5745    10.7137     78.753    77.3624     3.6332      8.111     5.1122     7.3059    223.490    228.312  0.000e+00
   56.49140 -132.73388     15.317      4.269      4.230    10.6986    28.2611  1021.6032    21.5839    10.6982     78.716    77.3344     3.6332      8.111     5.1113     7.3045    223.446    228.269  0.000e+00
   56.49140 -132.73388     15.357      4.310      4.270    10.6927    28.2646  1021.6071    21.5876    10.6922     78.624    77.3624     3.6332      8.111     5.1058     7.2968    223.208    228.027  0.000e+00
   56.49140 -132.73388     15.293      4.245      4.206    10.6886    28.2665  1021.6090    21.5897    10.6881     78.586    77.3344     3.6332      8.115     5.1038     7.2939    223.119    227.936  0.000e+00
   56.49140 -132.73388     15.261      4.213      4.174    10.6821    28.2700  1021.6127    21.5936    10.6816     78.490    77.3624     3.6332      8.115     5.0982     7.2858    222.871    227.684  0.000e+00
   56.49140 -132.73388     18.541      4.245      4.206    10.6689    28.2794  1021.6223    21.6030    10.6685     78.451    77.3624     3.6332      8.115     5.0968     7.2838    222.810    227.623  0.000e+00
   56.49140 -132.73388     72.233      4.213      4.174    10.6498    28.2924  1021.6353    21.6162    10.6493     78.364    77.3344     3.6625      8.115     5.0928     7.2781    222.633    227.445  0.000e+00
   56.49140 -132.73388    102.450      4.124      4.086    10.6484    28.2897  1021.6331    21.6143    10.6480     78.380    77.3624     3.8090      8.116     5.0941     7.2800    222.690    227.504  0.000e+00
   56.49140 -132.73388    104.150      4.189      4.150    10.6552    28.2773  1021.6226    21.6036    10.6548     78.299    77.3344     3.8383      8.115     5.0885     7.2720    222.448    227.254  0.000e+00
   56.49140 -132.73388    103.891      4.148      4.110    10.6610    28.2547  1021.6039    21.5851    10.6605     78.209    77.3624     3.8383      8.115     5.0827     7.2637    222.198    226.995  0.000e+00
   56.49140 -132.73388    102.694      4.124      4.086    10.6580    28.2203  1021.5776    21.5588    10.6576     78.176    77.3624     3.8383      8.120     5.0820     7.2627    222.174    226.964  0.000e+00
   56.49140 -132.73388    102.492      4.068      4.030    10.6410    28.1766  1021.5461    21.5276    10.6406     78.097    77.3344     3.8383      8.120     5.0802     7.2601    222.100    226.881  0.000e+00
   56.49140 -132.73388    102.614      4.092      4.054    10.6218    28.1258  1021.5098    21.4912    10.6213     78.071    75.1528     3.8383      8.120     5.0823     7.2630    222.198    226.973  0.000e+00
   56.49140 -132.73388    102.694      4.124      4.086    10.6091    28.0270  1021.4353    21.4165    10.6086     77.991    72.6915     3.8383      8.120     5.0817     7.2622    222.190    226.948  0.000e+00
   56.49140 -132.73388    102.662      4.092      4.054    10.5980    27.8217  1021.2773    21.2587    10.5976     77.963    72.1042     3.8383      8.120     5.0878     7.2709    222.489    227.219  0.000e+00
   56.49140 -132.73388    102.638      4.068      4.030    10.5992    27.6455  1021.1400    21.1215    10.5987     77.882    72.2161     3.8383      8.120     5.0880     7.2713    222.532    227.232  0.000e+00
   56.49140 -132.73388    102.638      4.068      4.030    10.6021    27.5254  1021.0462    21.0277    10.6017     77.854    72.3279     3.8383      8.120     5.0897     7.2738    222.627    227.308  0.000e+00
   56.49140 -132.73388    102.662      4.092      4.054    10.6109    27.4853  1021.0136    20.9950    10.6104     77.718    72.3559     3.8383      8.120     5.0812     7.2615    222.260    226.926  0.000e+00
   56.49140 -132.73388    102.582      4.011      3.974    10.6176    27.5101  1021.0315    21.0133    10.6172     77.690    72.3559     3.8383      8.120     5.0778     7.2567    222.107    226.774  0.000e+00
   56.49140 -132.73388    102.606      4.035      3.998    10.6233    27.4781  1021.0058    20.9874    10.6228     77.611    72.3559     3.8383      8.125     5.0730     7.2499    221.905    226.562  0.000e+00
   56.49140 -132.73388    102.518      3.946      3.910    10.6354    27.3581  1020.9102    20.8922    10.6350     77.584    72.3559     3.8383      8.125     5.0738     7.2510    221.959    226.596  0.000e+00
   56.49140 -132.73388    102.582      4.011      3.974    10.6409    27.3108  1020.8728    20.8546    10.6405     77.508    72.3559     3.8383      8.125     5.0698     7.2452    221.790    226.415  0.000e+00
   56.49140 -132.73388    102.542      3.971      3.934    10.6427    27.2699  1020.8405    20.8225    10.6423     77.429    72.3559     3.8383      8.125     5.0658     7.2395    221.622    226.237  0.000e+00
   56.49140 -132.73388    102.518      3.946      3.910    10.6410    27.2451  1020.8214    20.8034    10.6406     77.400    72.3559     3.8383      8.130     5.0648     7.2381    221.585    226.195  0.000e+00
   56.49140 -132.73388    102.486      3.914      3.878    10.6365    27.2550  1020.8298    20.8120    10.6360     77.320    72.3559     3.8383      8.130     5.0598     7.2309    221.362    225.969  0.000e+00
   56.49140 -132.73388    102.518      3.946      3.910    10.6392    27.2125  1020.7964    20.7784    10.6388     77.239    72.3559     3.8383      8.130     5.0555     7.2248    221.183    225.779  0.000e+00
   56.49140 -132.73388    102.518      3.946      3.910    10.6484    27.0921  1020.7013    20.6833    10.6480     77.211    72.3559     3.9262      8.130     5.0565     7.2263    221.249    225.825  0.000e+00
   56.49140 -132.73388    102.486      3.914      3.878    10.6750    26.8454  1020.5052    20.4874    10.6746     77.131    72.3559     4.3072      8.130     5.0563     7.2260    221.281    225.815  0.000e+00
   56.49140 -132.73388    102.462      3.890      3.854    10.6991    26.6139  1020.3213    20.3036    10.6987     77.105    72.3559     4.4830      8.134     5.0594     7.2304    221.458    225.954  0.000e+00
   56.49140 -132.73388    102.430      3.858      3.822    10.7079    26.4851  1020.2198    20.2022    10.7074     77.031    72.3559     4.5123      8.134     5.0577     7.2280    221.404    225.877  0.000e+00
   56.49140 -132.73388    102.462      3.890      3.854    10.7214    26.3648  1020.1243    20.1066    10.7210     76.956    72.3559     4.4830      8.134     5.0552     7.2243    221.314    225.764  0.000e+00
   56.49140 -132.73388    102.406      3.833      3.798    10.7343    26.2467  1020.0301    20.0127    10.7339     76.935    72.3559     4.4830      8.134     5.0562     7.2258    221.378    225.808  0.000e+00
   56.49140 -132.73388    102.430      3.858      3.822    10.7525    26.1673  1019.9657    19.9482    10.7520     76.870    67.7970     4.4537      8.139     5.0525     7.2205    221.229    225.642  0.000e+00
   56.49140 -132.73388     97.473      3.833      3.798    10.7564    26.2168  1020.0034    19.9859    10.7560     76.800    59.4622     4.4830      8.139     5.0458     7.2110    220.932    225.347  0.000e+00
   56.49140 -132.73388     76.823      3.769      3.734    10.7554    26.1731  1019.9693    19.9521    10.7550     76.725    56.9730     4.4830      8.139     5.0424     7.2061    220.790    225.195  0.000e+00
   56.49140 -132.73388     68.422      3.793      3.758    10.7687    25.9525  1019.7960    19.7787    10.7683     76.596    57.1688     4.4830      8.143     5.0395     7.2020    220.699    225.064  0.000e+00
   56.49140 -132.73388     68.096      3.833      3.798    10.8041    25.7630  1019.6434    19.6259    10.8037     76.570    57.5044     4.4830      8.143     5.0400     7.2027    220.755    225.087  0.000e+00
   56.49140 -132.73388     68.911      3.793      3.758    10.8227    25.7479  1019.6285    19.6112    10.8222     76.545    57.6163     4.4830      8.148     5.0368     7.1981    220.618    224.945  0.000e+00
   56.49140 -132.73388     69.148      3.712      3.678    10.8441    25.6777  1019.5702    19.5533    10.8437     76.471    57.6163     4.4830      8.148     5.0318     7.1910    220.411    224.721  0.000e+00
   56.49140 -132.73388     69.229      3.769      3.734    10.8729    25.4910  1019.4209    19.4037    10.8725     76.393    57.5883     4.4830      8.152     5.0295     7.1876    220.341    224.616  0.000e+00
