EcoFOCI/data/1_SampleCollection/2022_GOA-OA_CruiseData/CTD_raw_BottleFile_RC0083/RC0083_013.cnv
* Sea-Bird SBE 9 Data File:
* FileName = C:\Data\RC0083ctd\RC0083_013.hex
* Software Version Seasave V 7.26.7.107
* Temperature SN = 2060
* Conductivity SN = 1084
* Number of Bytes Per Scan = 31
* Number of Voltage Words = 4
* Number of Scans Averaged by the Deck Unit = 1
* NMEA Latitude = 55 43.96 N
* NMEA Longitude = 134 28.39 W
* NMEA UTC (Time) = Aug 13 2022  05:59:07
* NMEA baud rate = 4800
** Ship: R/V Rachel Carson
** Cruise ID: RC0083 RC0083
** Tech: McHugh/Nomura
** Chief Scientist: Cross Cross
** Station: POW4
** Cast:  013
# nquan = 19
# nvalues = 19001                                 
# units = specified
# name 0 = latitude: Latitude [deg]
# name 1 = longitude: Longitude [deg]
# name 2 = sfdSM: Seafloor depth [salt water, m]
# name 3 = prDM: Pressure, Digiquartz [db]
# name 4 = depSM: Depth [salt water, m]
# name 5 = t090C: Temperature [ITS-90, deg C]
# name 6 = sal00: Salinity, Practical [PSU]
# name 7 = density00: Density [density, kg/m^3]
# name 8 = sigma-é00: Density [sigma-theta, kg/m^3]
# name 9 = potemp090C: Potential Temperature [ITS-90, deg C]
# name 10 = sbeox0PS: Oxygen, SBE 43 [% saturation]
# name 11 = CStarTr0: Beam Transmission, WET Labs C-Star [%]
# name 12 = flECO-AFL: Fluorescence, WET Labs ECO-AFL/FL [mg/m^3]
# name 13 = ph: pH
# name 14 = sbeox0ML/L: Oxygen, SBE 43 [ml/l]
# name 15 = sbeox0Mg/L: Oxygen, SBE 43 [mg/l]
# name 16 = sbox0Mm/Kg: Oxygen, SBE 43 [umol/kg]
# name 17 = sbeox0Mm/L: Oxygen, SBE 43 [umol/l]
# name 18 = flag:  0.000e+00
# span 0 =   55.73262,   55.73536                 
# span 1 = -134.47316, -134.47222                 
# span 2 =      3.152,    220.919                 
# span 3 =      2.218,    170.310                 
# span 4 =      2.198,    168.695                 
# span 5 =     5.9763,    10.4611                 
# span 6 =    30.9938,    33.6433                 
# span 7 =  1023.7675,  1027.2659                 
# span 8 =    23.7558,    26.4853                 
# span 9 =     5.9621,    10.4609                 
# span 10 =     33.843,    110.031                
# span 11 =    75.5444,   105.1635                
# span 12 =    -0.1177,    12.4244                
# span 13 =      7.734,      8.241                
# span 14 =     2.3603,     7.1047                
# span 15 =     3.3730,    10.1533                
# span 16 =    102.690,    309.891                
# span 17 =    105.409,    317.295                
# span 18 = 0.0000e+00, 0.0000e+00                
# interval = seconds: 0.0416667
# start_time = Aug 13 2022 05:59:07 [NMEA time, header]
# bad_flag = -9.990e-29
*END*
[from data line 15239]
   55.73472 -134.47224    125.154     26.766     26.521     8.5837    31.6667  1024.6945    24.5724     8.5810     64.745   100.7444     0.5856      7.966     4.3098     6.1592    187.860    192.476  0.000e+00
   55.73472 -134.47224    125.154     26.766     26.521     8.5839    31.6665  1024.6943    24.5722     8.5813     64.729   100.7444     0.5856      7.966     4.3087     6.1576    187.811    192.426  0.000e+00
   55.73472 -134.47224    125.154     26.766     26.521     8.5848    31.6660  1024.6938    24.5717     8.5821     64.715   100.7444     0.5856      7.966     4.3077     6.1562    187.769    192.383  0.000e+00
   55.73472 -134.47224    125.154     26.766     26.521     8.5853    31.6657  1024.6934    24.5713     8.5826     64.649   100.7444     0.5856      7.966     4.3033     6.1498    187.576    192.185  0.000e+00
   55.73472 -134.47224    125.090     26.702     26.457     8.5890    31.6635  1024.6909    24.5691     8.5863     64.634   100.7444     0.5856      7.966     4.3020     6.1480    187.519    192.126  0.000e+00
   55.73472 -134.47224    125.090     26.702     26.457     8.5929    31.6615  1024.6887    24.5670     8.5902     64.629   100.7444     0.5856      7.966     4.3014     6.1471    187.492    192.099  0.000e+00
   55.73472 -134.47224    125.090     26.702     26.457     8.5950    31.6613  1024.6883    24.5665     8.5924     64.621   100.7444     0.5856      7.966     4.3006     6.1460    187.460    192.065  0.000e+00
   55.73472 -134.47224    125.034     26.645     26.401     8.5972    31.6634  1024.6893    24.5678     8.5945     64.616   100.7444     0.5856      7.966     4.3000     6.1451    187.433    192.037  0.000e+00
   55.73472 -134.47224    125.090     26.702     26.457     8.6068    31.6591  1024.6847    24.5630     8.6041     64.614   100.7444     0.5856      7.971     4.2990     6.1438    187.393    191.996  0.000e+00
   55.73472 -134.47224    125.090     26.702     26.457     8.6138    31.6561  1024.6814    24.5596     8.6111     64.559   100.7444     0.6149      7.966     4.2949     6.1378    187.211    191.808  0.000e+00
   55.73472 -134.47224    125.034     26.645     26.401     8.6198    31.6533  1024.6780    24.5565     8.6171     64.557   100.7444     0.6735      7.971     4.2942     6.1368    187.181    191.777  0.000e+00
   55.73472 -134.47224    125.034     26.645     26.401     8.6242    31.6493  1024.6742    24.5527     8.6216     64.558   100.7444     0.7028      7.971     4.2939     6.1364    187.171    191.766  0.000e+00
   55.73472 -134.47224    125.034     26.645     26.401     8.6159    31.6502  1024.6761    24.5546     8.6133     64.556   100.7444     0.7028      7.971     4.2946     6.1374    187.200    191.796  0.000e+00
   55.73472 -134.47224    125.034     26.645     26.401     8.5988    31.6566  1024.6837    24.5622     8.5961     64.565   100.7444     0.7028      7.971     4.2967     6.1404    187.289    191.890  0.000e+00
   55.73472 -134.47224    125.034     26.645     26.401     8.5827    31.6645  1024.6924    24.5708     8.5800     64.516   100.7444     0.7028      7.971     4.2947     6.1376    187.203    191.802  0.000e+00
   55.73472 -134.47224    125.034     26.645     26.401     8.5712    31.6713  1024.6993    24.5778     8.5686     64.573   100.7444     0.7028      7.971     4.2994     6.1443    187.406    192.012  0.000e+00
   55.73472 -134.47224    125.034     26.645     26.401     8.5667    31.6745  1024.7025    24.5810     8.5640     64.529   100.7444     0.7028      7.971     4.2969     6.1406    187.293    191.897  0.000e+00
   55.73472 -134.47224    125.034     26.645     26.401     8.5654    31.6756  1024.7036    24.5821     8.5628     64.536   100.7444     0.7028      7.971     4.2974     6.1415    187.319    191.924  0.000e+00
   55.73472 -134.47224    125.090     26.702     26.457     8.5651    31.6754  1024.7038    24.5820     8.5624     64.493   100.6326     0.7028      7.971     4.2946     6.1374    187.194    191.795  0.000e+00
   55.73472 -134.47224    125.034     26.645     26.401     8.5641    31.6758  1024.7039    24.5824     8.5614     64.500   100.5487     0.7028      7.971     4.2951     6.1382    187.219    191.821  0.000e+00
   55.73472 -134.47224    125.034     26.645     26.401     8.5635    31.6760  1024.7042    24.5827     8.5608     64.504   100.5207     0.7028      7.971     4.2955     6.1387    187.233    191.836  0.000e+00
   55.73472 -134.47224    125.090     26.702     26.457     8.5642    31.6762  1024.7045    24.5827     8.5616     64.512   100.5207     0.7028      7.971     4.2959     6.1393    187.253    191.857  0.000e+00
   55.73472 -134.47224    125.090     26.702     26.457     8.5660    31.6756  1024.7037    24.5820     8.5634     64.523   100.5207     0.7028      7.971     4.2965     6.1401    187.278    191.882  0.000e+00
   55.73472 -134.47224    125.090     26.702     26.457     8.5694    31.6736  1024.7017    24.5799     8.5668     64.530   100.5207     0.7028      7.971     4.2967     6.1404    187.288    191.891  0.000e+00
   55.73472 -134.47224    125.090     26.702     26.457     8.5732    31.6719  1024.6998    24.5780     8.5705     64.548   100.5207     0.7028      7.971     4.2975     6.1416    187.324    191.929  0.000e+00
   55.73472 -134.47224    125.090     26.702     26.457     8.5753    31.6705  1024.6984    24.5766     8.5727     64.507   100.5487     0.7028      7.976     4.2946     6.1375    187.198    191.799  0.000e+00
   55.73472 -134.47224    125.154     26.766     26.522     8.5773    31.6697  1024.6978    24.5757     8.5746     64.510   100.5207     0.7028      7.971     4.2947     6.1376    187.202    191.802  0.000e+00
   55.73472 -134.47224    125.114     26.726     26.481     8.5802    31.6681  1024.6959    24.5740     8.5775     64.516   100.5207     0.7028      7.976     4.2949     6.1378    187.209    191.810  0.000e+00
   55.73472 -134.47224    125.154     26.766     26.522     8.5786    31.6670  1024.6955    24.5734     8.5759     64.581   100.5487     0.7028      7.976     4.2994     6.1443    187.406    192.011  0.000e+00
   55.73472 -134.47224    125.154     26.766     26.522     8.5649    31.6718  1024.7013    24.5792     8.5623     64.602   100.5487     0.7028      7.976     4.3019     6.1479    187.516    192.125  0.000e+00
   55.73472 -134.47224    125.210     26.823     26.578     8.5426    31.6827  1024.7133    24.5910     8.5399     64.626   100.5487     0.9372      7.976     4.3054     6.1529    187.666    192.281  0.000e+00
   55.73472 -134.47224    125.210     26.823     26.578     8.5276    31.6904  1024.7216    24.5993     8.5250     64.653   100.5207     1.0544      7.976     4.3084     6.1572    187.795    192.414  0.000e+00
   55.73472 -134.47224    125.154     26.766     26.522     8.5224    31.6926  1024.7239    24.6018     8.5198     64.674   100.5487     1.0837      7.976     4.3103     6.1598    187.874    192.496  0.000e+00
   55.73472 -134.47224    125.274     26.887     26.642     8.5210    31.6929  1024.7248    24.6022     8.5183     64.691   100.5487     1.0837      7.976     4.3115     6.1616    187.930    192.554  0.000e+00
   55.73472 -134.47224    125.210     26.823     26.578     8.5222    31.6911  1024.7230    24.6006     8.5196     64.709   100.5487     1.0837      7.976     4.3127     6.1632    187.979    192.604  0.000e+00
   55.73472 -134.47224    125.274     26.887     26.642     8.5178    31.6936  1024.7259    24.6032     8.5152     64.731   100.5487     1.0837      7.976     4.3145     6.1658    188.057    192.684  0.000e+00
   55.73472 -134.47224    125.274     26.887     26.642     8.5206    31.6925  1024.7246    24.6020     8.5180     64.753   100.5207     1.0837      7.976     4.3157     6.1676    188.113    192.741  0.000e+00
   55.73472 -134.47224    125.274     26.887     26.642     8.5257    31.6901  1024.7220    24.5993     8.5230     64.771   100.5207     1.0837      7.976     4.3165     6.1687    188.147    192.775  0.000e+00
   55.73472 -134.47224    125.274     26.887     26.642     8.5260    31.6903  1024.7221    24.5994     8.5233     64.791   100.5487     1.0837      7.976     4.3178     6.1706    188.204    192.834  0.000e+00
   55.73472 -134.47224    125.330     26.944     26.698     8.5274    31.6900  1024.7219    24.5990     8.5247     64.814   100.5487     1.0837      7.976     4.3192     6.1726    188.264    192.895  0.000e+00
   55.73472 -134.47224    125.330     26.944     26.698     8.5315    31.6876  1024.7194    24.5965     8.5289     64.831   100.5487     1.0837      7.976     4.3200     6.1737    188.298    192.930  0.000e+00
   55.73472 -134.47224    125.330     26.944     26.698     8.5347    31.6846  1024.7166    24.5937     8.5320     64.849   100.5487     1.0544      7.976     4.3210     6.1751    188.343    192.975  0.000e+00
   55.73472 -134.47224    125.330     26.944     26.698     8.5287    31.6880  1024.7201    24.5972     8.5261     64.925   100.5487     1.0837      7.976     4.3265     6.1830    188.584    193.223  0.000e+00
   55.73472 -134.47224    125.330     26.944     26.698     8.5222    31.6933  1024.7253    24.6024     8.5196     64.955   100.5487     1.0837      7.976     4.3290     6.1865    188.690    193.332  0.000e+00
   55.73472 -134.47224    125.386     27.000     26.754     8.5205    31.6947  1024.7268    24.6037     8.5178     64.985   100.5487     1.0837      7.976     4.3312     6.1897    188.785    193.430  0.000e+00
   55.73472 -134.47224    125.330     26.944     26.698     8.5250    31.6912  1024.7232    24.6003     8.5223     65.009   100.5487     1.0837      7.976     4.3324     6.1914    188.839    193.485  0.000e+00
   55.73472 -134.47224    125.386     27.000     26.754     8.5258    31.6903  1024.7226    24.5995     8.5232     65.035   100.5487     1.0544      7.981     4.3341     6.1938    188.912    193.559  0.000e+00
   55.73472 -134.47224    125.330     26.944     26.698     8.5247    31.6913  1024.7233    24.6004     8.5221     65.109   100.5487     1.0837      7.981     4.3391     6.2010    189.131    193.784  0.000e+00
   55.73472 -134.47224    125.386     27.000     26.754     8.5278    31.6900  1024.7221    24.5989     8.5251     65.136   100.5487     1.0837      7.981     4.3406     6.2032    189.199    193.853  0.000e+00
   55.73472 -134.47224    125.386     27.000     26.754     8.5343    31.6853  1024.7174    24.5943     8.5316     65.163   100.5487     1.0837      7.981     4.3419     6.2051    189.256    193.911  0.000e+00
   55.73472 -134.47224    125.330     26.944     26.698     8.5351    31.6842  1024.7162    24.5933     8.5325     65.191   100.5487     1.0251      7.981     4.3437     6.2076    189.334    193.991  0.000e+00
   55.73472 -134.47224    125.386     27.000     26.754     8.5302    31.6877  1024.7200    24.5968     8.5275     65.221   100.5487     0.9958      7.981     4.3461     6.2110    189.437    194.096  0.000e+00
   55.73472 -134.47224    125.330     26.944     26.698     8.5272    31.6892  1024.7213    24.5984     8.5245     65.243   100.5487     0.9958      7.981     4.3478     6.2135    189.512    194.174  0.000e+00
   55.73472 -134.47224    125.386     27.000     26.754     8.5260    31.6899  1024.7223    24.5992     8.5233     65.321   100.5487     0.9958      7.981     4.3531     6.2210    189.743    194.410  0.000e+00
   55.73472 -134.47224    125.330     26.944     26.698     8.5240    31.6914  1024.7235    24.6006     8.5214     65.350   100.5487     0.9958      7.981     4.3552     6.2240    189.833    194.503  0.000e+00
   55.73472 -134.47224    125.330     26.944     26.698     8.5215    31.6929  1024.7250    24.6021     8.5188     65.380   100.5487     0.9958      7.981     4.3574     6.2271    189.928    194.601  0.000e+00
   55.73474 -134.47224    125.330     26.944     26.698     8.5192    31.6941  1024.7263    24.6034     8.5165     65.464   100.5487     0.9958      7.981     4.3632     6.2355    190.182    194.861  0.000e+00
   55.73474 -134.47224    125.274     26.887     26.642     8.5177    31.6948  1024.7269    24.6042     8.5150     65.500   100.5487     0.9958      7.981     4.3657     6.2390    190.291    194.973  0.000e+00
   55.73474 -134.47224    125.330     26.944     26.698     8.5166    31.6950  1024.7275    24.6045     8.5139     65.529   100.6046     0.9958      7.981     4.3678     6.2420    190.380    195.064  0.000e+00
   55.73474 -134.47224    125.210     26.823     26.578     8.5153    31.6959  1024.7278    24.6054     8.5126     65.556   100.7165     0.9958      7.981     4.3697     6.2447    190.463    195.149  0.000e+00
   55.73474 -134.47224    125.274     26.887     26.642     8.5140    31.6970  1024.7291    24.6064     8.5113     65.584   100.7444     0.9958      7.981     4.3716     6.2475    190.548    195.237  0.000e+00
   55.73474 -134.47224    125.210     26.823     26.578     8.5131    31.6979  1024.7297    24.6073     8.5105     65.665   100.7444     0.9958      7.981     4.3771     6.2553    190.787    195.481  0.000e+00
   55.73474 -134.47224    125.210     26.823     26.578     8.5133    31.6980  1024.7297    24.6074     8.5107     65.698   100.7444     0.9958      7.981     4.3793     6.2584    190.881    195.578  0.000e+00
   55.73474 -134.47224    125.154     26.766     26.522     8.5136    31.6979  1024.7293    24.6072     8.5110     65.777   100.7444     0.9958      7.981     4.3845     6.2659    191.110    195.813  0.000e+00
   55.73474 -134.47224    125.090     26.702     26.457     8.5154    31.6972  1024.7282    24.6064     8.5128     65.814   100.7444     0.9958      7.981     4.3868     6.2692    191.209    195.914  0.000e+00
   55.73474 -134.47224    125.154     26.766     26.522     8.5193    31.6947  1024.7260    24.6039     8.5167     65.843   100.7444     0.9958      7.981     4.3884     6.2715    191.281    195.987  0.000e+00
   55.73474 -134.47224    125.090     26.702     26.457     8.5229    31.6917  1024.7228    24.6010     8.5203     65.869   100.7444     0.9958      7.981     4.3899     6.2736    191.347    196.054  0.000e+00
   55.73474 -134.47224    125.034     26.645     26.401     8.5274    31.6894  1024.7200    24.5985     8.5248     65.887   100.7165     0.9958      7.981     4.3907     6.2748    191.383    196.091  0.000e+00
   55.73474 -134.47224    125.034     26.645     26.401     8.5356    31.6851  1024.7155    24.5939     8.5330     65.904   100.7444     0.9958      7.981     4.3911     6.2754    191.401    196.108  0.000e+00
   55.73474 -134.47224    124.994     26.605     26.361     8.5435    31.6814  1024.7112    24.5899     8.5409     65.918   100.7444     0.9958      7.981     4.3914     6.2758    191.414    196.121  0.000e+00
   55.73474 -134.47224    124.978     26.588     26.345     8.5546    31.6762  1024.7054    24.5842     8.5520     65.985   100.7444     0.9372      7.981     4.3949     6.2808    191.569    196.278  0.000e+00
   55.73474 -134.47224    124.694     26.524     26.281     8.5657    31.6693  1024.6981    24.5771     8.5631     66.002   100.7444     0.8200      7.985     4.3952     6.2811    191.580    196.288  0.000e+00
   55.73474 -134.47224    124.499     26.524     26.281     8.5675    31.6670  1024.6960    24.5751     8.5649     66.018   100.7444     0.7614      7.985     4.3962     6.2825    191.623    196.332  0.000e+00
   55.73474 -134.47224    124.394     26.467     26.225     8.5603    31.6693  1024.6986    24.5779     8.5577     66.034   100.7444     0.7614      7.985     4.3978     6.2849    191.695    196.406  0.000e+00
   55.73474 -134.47224    124.418     26.467     26.225     8.5508    31.6742  1024.7039    24.5832     8.5481     66.041   100.7444     0.7614      7.985     4.3991     6.2867    191.749    196.463  0.000e+00
