EcoFOCI/data/1_SampleCollection/2022_GOA-OA_CruiseData/CTD_raw_BottleFile_RC0083/RC0083_107.cnv
* Sea-Bird SBE 9 Data File:
* FileName = C:\Data\RC0083ctd\RC0083_107.hex
* Software Version Seasave V 7.26.7.107
* Temperature SN = 2060
* Conductivity SN = 2881
* Number of Bytes Per Scan = 31
* Number of Voltage Words = 4
* Number of Scans Averaged by the Deck Unit = 1
* NMEA Latitude = 56 12.48 N
* NMEA Longitude = 132 46.22 W
* NMEA UTC (Time) = Aug 23 2022  05:23:20
* NMEA baud rate = 4800
** Ship: R/V Rachel Carson
** Cruise ID: RC0083
** Tech: McHugh/Nomura
** Chief Scientist: Cross
** Station: UCLS2
** Cast:  CTD107
# nquan = 19
# nvalues = 13884                                 
# units = specified
# name 0 = latitude: Latitude [deg]
# name 1 = longitude: Longitude [deg]
# name 2 = sfdSM: Seafloor depth [salt water, m]
# name 3 = prDM: Pressure, Digiquartz [db]
# name 4 = depSM: Depth [salt water, m]
# name 5 = t090C: Temperature [ITS-90, deg C]
# name 6 = sal00: Salinity, Practical [PSU]
# name 7 = density00: Density [density, kg/m^3]
# name 8 = sigma-é00: Density [sigma-theta, kg/m^3]
# name 9 = potemp090C: Potential Temperature [ITS-90, deg C]
# name 10 = sbeox0PS: Oxygen, SBE 43 [% saturation]
# name 11 = CStarTr0: Beam Transmission, WET Labs C-Star [%]
# name 12 = flECO-AFL: Fluorescence, WET Labs ECO-AFL/FL [mg/m^3]
# name 13 = ph: pH
# name 14 = sbeox0ML/L: Oxygen, SBE 43 [ml/l]
# name 15 = sbeox0Mg/L: Oxygen, SBE 43 [mg/l]
# name 16 = sbox0Mm/Kg: Oxygen, SBE 43 [umol/kg]
# name 17 = sbeox0Mm/L: Oxygen, SBE 43 [umol/l]
# name 18 = flag:  0.000e+00
# span 0 =   56.20804,   56.20856                 
# span 1 = -132.77100, -132.77036                 
# span 2 =      4.170,    209.179                 
# span 3 =      2.505,    192.007                 
# span 4 =      2.482,    190.168                 
# span 5 =     5.8347,    14.2101                 
# span 6 =    27.8627,    33.5452                 
# span 7 =  1020.6872,  1027.3092                 
# span 8 =    20.6742,    26.4255                 
# span 9 =     5.8189,    14.2097                 
# span 10 =     20.450,    113.363                
# span 11 =    19.1869,   103.0659                
# span 12 =    -0.0884,    13.9189                
# span 13 =      7.633,      8.420                
# span 14 =     1.4318,     6.8977                
# span 15 =     2.0461,     9.8574                
# span 16 =     62.297,    301.679                
# span 17 =     63.942,    308.050                
# span 18 = 0.0000e+00, 0.0000e+00                
# interval = seconds: 0.0416667
# start_time = Aug 23 2022 05:23:20 [NMEA time, header]
# bad_flag = -9.990e-29
*END*
[from data line 3124]
   56.20816 -132.77080    158.896     60.827     60.264     6.8623    32.1730  1025.4908    25.2113     6.8570     37.736    97.7797     0.0874      7.756     2.6037     3.7209    113.420    116.280  0.000e+00
   56.20816 -132.77080    158.816     60.771     60.208     6.8618    32.1737  1025.4912    25.2119     6.8565     37.746    97.9196     0.0874      7.756     2.6044     3.7219    113.451    116.311  0.000e+00
   56.20816 -132.77080    158.960     60.892     60.328     6.8613    32.1739  1025.4920    25.2121     6.8560     37.757    97.9196     0.0874      7.756     2.6052     3.7230    113.485    116.346  0.000e+00
   56.20816 -132.77080    159.016     60.948     60.384     6.8605    32.1755  1025.4936    25.2135     6.8552     37.761    97.8916     0.0874      7.756     2.6055     3.7235    113.499    116.361  0.000e+00
   56.20816 -132.77080    159.072     61.005     60.440     6.8597    32.1765  1025.4948    25.2144     6.8544     37.766    97.8916     0.0874      7.756     2.6058     3.7240    113.513    116.375  0.000e+00
   56.20816 -132.77080    159.048     61.005     60.440     6.8588    32.1770  1025.4953    25.2149     6.8535     37.827    97.8916     0.0874      7.761     2.6101     3.7300    113.698    116.565  0.000e+00
   56.20816 -132.77080    159.136     61.070     60.504     6.8588    32.1771  1025.4957    25.2150     6.8535     37.837    97.8916     0.0874      7.756     2.6108     3.7311    113.730    116.597  0.000e+00
   56.20816 -132.77080    159.257     61.191     60.624     6.8587    32.1778  1025.4968    25.2156     6.8534     37.791    97.8916     0.0874      7.756     2.6076     3.7265    113.590    116.454  0.000e+00
   56.20816 -132.77080    158.992     60.948     60.384     6.8581    32.1785  1025.4963    25.2162     6.8527     37.793    97.8916     0.0874      7.756     2.6078     3.7268    113.598    116.463  0.000e+00
   56.20816 -132.77080    159.224     61.183     60.616     6.8577    32.1788  1025.4977    25.2165     6.8524     37.798    97.8916     0.0874      7.756     2.6081     3.7272    113.613    116.478  0.000e+00
   56.20816 -132.77080    159.176     61.134     60.568     6.8577    32.1792  1025.4977    25.2168     6.8524     37.858    97.8916     0.0874      7.756     2.6122     3.7332    113.793    116.663  0.000e+00
   56.20816 -132.77080    159.224     61.183     60.616     6.8573    32.1794  1025.4982    25.2170     6.8519     37.868    97.8916     0.0874      7.761     2.6129     3.7342    113.824    116.694  0.000e+00
   56.20816 -132.77080    159.313     61.248     60.680     6.8571    32.1795  1025.4986    25.2171     6.8517     37.934    97.8916     0.0874      7.756     2.6175     3.7407    114.024    116.900  0.000e+00
   56.20816 -132.77080    159.313     61.248     60.680     6.8564    32.1799  1025.4990    25.2175     6.8511     37.950    97.8916     0.0874      7.756     2.6186     3.7423    114.072    116.948  0.000e+00
   56.20816 -132.77080    159.497     61.433     60.864     6.8568    32.1796  1025.4995    25.2172     6.8514     37.965    97.8916     0.0874      7.756     2.6197     3.7438    114.118    116.996  0.000e+00
   56.20816 -132.77080    159.224     61.183     60.616     6.8561    32.1806  1025.4993    25.2181     6.8508     37.978    97.8916     0.0874      7.756     2.6206     3.7451    114.158    117.037  0.000e+00
   56.20816 -132.77080    159.344     61.304     60.736     6.8554    32.1816  1025.5008    25.2190     6.8500     37.993    97.8916     0.0874      7.756     2.6216     3.7466    114.202    117.082  0.000e+00
   56.20816 -132.77080    159.545     61.482     60.912     6.8550    32.1822  1025.5021    25.2195     6.8496     38.000    97.8916     0.0874      7.756     2.6221     3.7473    114.224    117.105  0.000e+00
   56.20816 -132.77080    159.497     61.434     60.864     6.8542    32.1831  1025.5027    25.2203     6.8489     38.005    97.8916     0.0874      7.756     2.6226     3.7479    114.242    117.123  0.000e+00
   56.20816 -132.77080    159.489     61.425     60.856     6.8529    32.1848  1025.5041    25.2218     6.8476     38.010    97.9196     0.0874      7.756     2.6229     3.7484    114.259    117.141  0.000e+00
   56.20816 -132.77080    159.633     61.547     60.976     6.8514    32.1867  1025.5064    25.2235     6.8461     38.015    98.1153     0.0874      7.761     2.6233     3.7490    114.275    117.158  0.000e+00
   56.20816 -132.77080    159.569     61.482     60.912     6.8500    32.1885  1025.5077    25.2251     6.8446     38.018    98.2552     0.0874      7.761     2.6236     3.7494    114.287    117.170  0.000e+00
   56.20816 -132.77080    159.633     61.547     60.976     6.8490    32.1897  1025.5091    25.2262     6.8436     38.021    98.2832     0.0874      7.756     2.6238     3.7497    114.297    117.180  0.000e+00
   56.20816 -132.77080    159.689     61.603     61.033     6.8481    32.1911  1025.5106    25.2275     6.8427     38.023    98.2832     0.0874      7.756     2.6240     3.7500    114.304    117.188  0.000e+00
   56.20816 -132.77080    159.665     61.603     61.033     6.8477    32.1917  1025.5110    25.2279     6.8424     38.024    98.2552     0.0874      7.761     2.6241     3.7501    114.307    117.191  0.000e+00
   56.20816 -132.77080    159.053     61.725     61.153     6.8471    32.1920  1025.5119    25.2282     6.8417     38.024    98.2552     0.0874      7.761     2.6241     3.7502    114.310    117.194  0.000e+00
   56.20816 -132.77080    158.653     61.789     61.217     6.8459    32.1931  1025.5133    25.2293     6.8406     38.024    98.2552     0.0581      7.756     2.6242     3.7502    114.311    117.195  0.000e+00
   56.20816 -132.77080    158.371     61.603     61.033     6.8444    32.1958  1025.5147    25.2316     6.8390     38.022    98.2552     0.0581      7.756     2.6241     3.7500    114.306    117.190  0.000e+00
   56.20816 -132.77080    158.571     61.781     61.209     6.8425    32.1981  1025.5176    25.2336     6.8371     38.077    98.2552     0.0581      7.761     2.6280     3.7556    114.476    117.365  0.000e+00
   56.20816 -132.77080    158.596     61.781     61.209     6.8402    32.2015  1025.5206    25.2367     6.8348     38.087    98.2552     0.0581      7.756     2.6287     3.7567    114.509    117.399  0.000e+00
   56.20816 -132.77080    158.604     61.789     61.217     6.8382    32.2042  1025.5230    25.2390     6.8329     38.096    98.2552     0.0581      7.756     2.6294     3.7577    114.539    117.430  0.000e+00
   56.20816 -132.77080    158.716     61.902     61.329     6.8365    32.2065  1025.5255    25.2410     6.8311     38.105    98.2552     0.0581      7.756     2.6301     3.7587    114.568    117.460  0.000e+00
   56.20816 -132.77080    158.660     61.846     61.273     6.8352    32.2081  1025.5267    25.2425     6.8298     38.055    98.2552     0.0581      7.756     2.6267     3.7538    114.420    117.309  0.000e+00
   56.20816 -132.77080    158.716     61.902     61.329     6.8340    32.2090  1025.5279    25.2434     6.8287     38.049    98.2552     0.0581      7.756     2.6263     3.7533    114.405    117.293  0.000e+00
   56.20816 -132.77080    158.780     61.967     61.393     6.8333    32.2101  1025.5291    25.2443     6.8279     38.049    98.2552     0.0581      7.756     2.6264     3.7533    114.405    117.293  0.000e+00
   56.20816 -132.77080    158.772     61.959     61.385     6.8328    32.2108  1025.5297    25.2449     6.8274     38.048    98.2552     0.0581      7.756     2.6263     3.7533    114.403    117.291  0.000e+00
   56.20816 -132.77080    158.892     62.080     61.505     6.8329    32.2103  1025.5299    25.2445     6.8275     38.097    98.2552     0.0581      7.756     2.6297     3.7581    114.551    117.443  0.000e+00
   56.20816 -132.77080    158.836     62.024     61.449     6.8329    32.2109  1025.5301    25.2450     6.8275     38.044    98.2552     0.0581      7.756     2.6260     3.7528    114.390    117.277  0.000e+00
   56.20816 -132.77080    159.020     62.210     61.633     6.8323    32.2117  1025.5317    25.2457     6.8268     38.098    98.2552     0.0581      7.756     2.6298     3.7583    114.555    117.447  0.000e+00
   56.20816 -132.77080    159.089     61.959     61.385     6.8316    32.2122  1025.5309    25.2462     6.8262     38.099    98.2552     0.0581      7.756     2.6299     3.7584    114.560    117.452  0.000e+00
   56.20816 -132.77080    159.982     62.145     61.569     6.8316    32.2120  1025.5317    25.2460     6.8262     38.102    98.5629     0.0581      7.761     2.6301     3.7587    114.568    117.460  0.000e+00
   56.20816 -132.77080    160.226     62.145     61.569     6.8313    32.2123  1025.5319    25.2463     6.8259     38.103    98.8705     0.0581      7.756     2.6302     3.7588    114.571    117.463  0.000e+00
   56.20816 -132.77080    160.290     62.210     61.633     6.8311    32.2127  1025.5325    25.2466     6.8257     38.103    98.9265     0.0581      7.756     2.6302     3.7588    114.572    117.465  0.000e+00
   56.20816 -132.77080    160.314     62.258     61.681     6.8306    32.2130  1025.5331    25.2470     6.8252     38.160    98.8985     0.0581      7.756     2.6341     3.7644    114.743    117.640  0.000e+00
   56.20816 -132.77080    160.289     62.258     61.681     6.8303    32.2136  1025.5336    25.2475     6.8249     38.107    98.8985     0.0581      7.756     2.6305     3.7593    114.586    117.479  0.000e+00
   56.20816 -132.77080    160.289     62.258     61.681     6.8297    32.2142  1025.5342    25.2480     6.8243     38.105    98.8985     0.0581      7.756     2.6304     3.7590    114.579    117.472  0.000e+00
   56.20816 -132.77080    160.498     62.444     61.865     6.8298    32.2141  1025.5350    25.2480     6.8244     38.095    98.8985     0.0581      7.756     2.6297     3.7581    114.551    117.443  0.000e+00
   56.20816 -132.77080    160.314     62.258     61.681     6.8293    32.2145  1025.5345    25.2483     6.8239     38.090    98.8985     0.0874      7.756     2.6294     3.7576    114.535    117.427  0.000e+00
   56.20816 -132.77080    160.434     62.379     61.801     6.8289    32.2150  1025.5355    25.2488     6.8235     38.142    98.8985     0.0874      7.756     2.6330     3.7628    114.693    117.589  0.000e+00
   56.20816 -132.77080    160.409     62.379     61.801     6.8287    32.2153  1025.5357    25.2490     6.8233     38.142    98.8985     0.0874      7.756     2.6330     3.7628    114.693    117.589  0.000e+00
   56.20816 -132.77080    160.562     62.509     61.929     6.8287    32.2155  1025.5365    25.2492     6.8233     38.142    98.8985     0.0874      7.756     2.6330     3.7628    114.692    117.588  0.000e+00
   56.20816 -132.77080    160.498     62.444     61.865     6.8286    32.2155  1025.5362    25.2492     6.8231     38.139    98.8985     0.0874      7.756     2.6328     3.7625    114.685    117.581  0.000e+00
   56.20816 -132.77080    160.674     62.622     62.042     6.8286    32.2158  1025.5373    25.2494     6.8231     38.137    98.8985     0.0874      7.756     2.6326     3.7623    114.678    117.573  0.000e+00
   56.20818 -132.77082    160.473     62.444     61.865     6.8281    32.2163  1025.5369    25.2499     6.8226     38.132    98.8985     0.0874      7.756     2.6323     3.7618    114.663    117.559  0.000e+00
   56.20818 -132.77082    160.674     62.622     62.042     6.8278    32.2164  1025.5378    25.2500     6.8223     38.134    98.8985     0.0874      7.756     2.6325     3.7621    114.671    117.566  0.000e+00
   56.20818 -132.77082    160.730     62.679     62.098     6.8273    32.2168  1025.5385    25.2504     6.8218     38.135    98.8985     0.0874      7.756     2.6326     3.7622    114.674    117.570  0.000e+00
   56.20818 -132.77082    160.610     62.557     61.978     6.8273    32.2174  1025.5384    25.2508     6.8218     38.127    98.8985     0.0874      7.756     2.6320     3.7614    114.651    117.546  0.000e+00
   56.20818 -132.77082    160.730     62.679     62.098     6.8271    32.2174  1025.5389    25.2509     6.8217     38.120    98.8985     0.0874      7.756     2.6315     3.7607    114.629    117.524  0.000e+00
   56.20818 -132.77082    160.858     62.808     62.226     6.8273    32.2169  1025.5392    25.2505     6.8218     38.111    98.8985     0.0874      7.756     2.6309     3.7599    114.604    117.497  0.000e+00
   56.20818 -132.77082    160.762     62.735     62.154     6.8271    32.2172  1025.5391    25.2507     6.8217     38.108    98.8985     0.0874      7.756     2.6307     3.7595    114.592    117.486  0.000e+00
   56.20818 -132.77082    160.674     62.622     62.042     6.8268    32.2175  1025.5388    25.2510     6.8213     38.103    99.0383     0.0874      7.756     2.6304     3.7590    114.579    117.472  0.000e+00
   56.20818 -132.77082    160.850     62.800     62.218     6.8267    32.2170  1025.5393    25.2507     6.8212     38.105    99.2900     0.0874      7.756     2.6305     3.7593    114.587    117.480  0.000e+00
   56.20818 -132.77082    160.914     62.865     62.282     6.8269    32.2172  1025.5397    25.2508     6.8214     38.107    99.3740     0.0874      7.756     2.6306     3.7594    114.590    117.483  0.000e+00
   56.20818 -132.77082    160.850     62.800     62.218     6.8265    32.2178  1025.5400    25.2513     6.8210     38.164    99.3460     0.0874      7.756     2.6346     3.7651    114.763    117.660  0.000e+00
   56.20818 -132.77082    160.970     62.921     62.338     6.8263    32.2183  1025.5409    25.2517     6.8208     38.171    99.3460     0.0874      7.756     2.6351     3.7658    114.783    117.682  0.000e+00
   56.20818 -132.77082    160.970     62.921     62.338     6.8260    32.2184  1025.5410    25.2518     6.8205     38.176    99.3460     0.0874      7.756     2.6354     3.7663    114.800    117.699  0.000e+00
   56.20818 -132.77082    161.026     62.978     62.394     6.8258    32.2186  1025.5415    25.2520     6.8204     38.181    99.3460     0.0874      7.756     2.6358     3.7668    114.815    117.714  0.000e+00
   56.20818 -132.77082    161.034     62.986     62.402     6.8256    32.2189  1025.5418    25.2523     6.8202     38.242    99.3460     0.0874      7.756     2.6400     3.7728    114.998    117.902  0.000e+00
   56.20818 -132.77082    161.002     62.978     62.394     6.8255    32.2190  1025.5418    25.2524     6.8200     38.251    99.3460     0.0874      7.756     2.6406     3.7737    115.025    117.930  0.000e+00
   56.20818 -132.77082    161.147     63.099     62.514     6.8250    32.2194  1025.5428    25.2528     6.8195     38.259    99.3460     0.0874      7.756     2.6412     3.7746    115.052    117.958  0.000e+00
   56.20818 -132.77082    161.083     63.034     62.450     6.8242    32.2204  1025.5434    25.2536     6.8187     38.209    99.3460     0.0874      7.756     2.6378     3.7697    114.903    117.804  0.000e+00
   56.20818 -132.77082    161.186     63.164     62.578     6.8241    32.2201  1025.5438    25.2535     6.8186     38.210    99.3460     0.0874      7.756     2.6378     3.7697    114.904    117.806  0.000e+00
   56.20818 -132.77082    161.267     63.220     62.634     6.8242    32.2203  1025.5441    25.2535     6.8187     38.209    99.3460     0.0874      7.756     2.6378     3.7696    114.902    117.803  0.000e+00
   56.20818 -132.77082    161.122     63.099     62.514     6.8237    32.2205  1025.5438    25.2538     6.8182     38.206    99.3460     0.0874      7.756     2.6376     3.7694    114.895    117.797  0.000e+00
   56.20818 -132.77082    161.242     63.220     62.634     6.8242    32.2201  1025.5439    25.2534     6.8187     38.261    99.3460     0.0874      7.756     2.6414     3.7748    115.059    117.965  0.000e+00
   56.20818 -132.77082    161.211     63.164     62.578     6.8248    32.2193  1025.5430    25.2527     6.8194     38.263    99.3460     0.0874      7.756     2.6415     3.7750    115.065    117.971  0.000e+00
