EcoFOCI/data/1_SampleCollection/2022_GOA-OA_CruiseData/CTD_raw_BottleFile_RC0083/RC0083_147.cnv
* Sea-Bird SBE 9 Data File:
* FileName = C:\Data\RC0083ctd\RC0083_147.hex
* Software Version Seasave V 7.26.7.107
* Temperature SN = 2060
* Conductivity SN = 2881
* Number of Bytes Per Scan = 31
* Number of Voltage Words = 4
* Number of Scans Averaged by the Deck Unit = 1
* NMEA Latitude = 54 55.91 N
* NMEA Longitude = 131 07.10 W
* NMEA UTC (Time) = Aug 28 2022  20:23:40
* NMEA baud rate = 4800
** Ship: R/V Rachel Carson
** Cruise ID: RC0083
** Tech: McHugh/Nomura
** Chief Scientist: Cross
** Station: RC2
** Cast:  CTD147
# nquan = 19
# nvalues = 13177                                 
# units = specified
# name 0 = latitude: Latitude [deg]
# name 1 = longitude: Longitude [deg]
# name 2 = sfdSM: Seafloor depth [salt water, m]
# name 3 = prDM: Pressure, Digiquartz [db]
# name 4 = depSM: Depth [salt water, m]
# name 5 = t090C: Temperature [ITS-90, deg C]
# name 6 = sal00: Salinity, Practical [PSU]
# name 7 = density00: Density [density, kg/m^3]
# name 8 = sigma-é00: Density [sigma-theta, kg/m^3]
# name 9 = potemp090C: Potential Temperature [ITS-90, deg C]
# name 10 = sbeox0PS: Oxygen, SBE 43 [% saturation]
# name 11 = CStarTr0: Beam Transmission, WET Labs C-Star [%]
# name 12 = flECO-AFL: Fluorescence, WET Labs ECO-AFL/FL [mg/m^3]
# name 13 = ph: pH
# name 14 = sbeox0ML/L: Oxygen, SBE 43 [ml/l]
# name 15 = sbeox0Mg/L: Oxygen, SBE 43 [mg/l]
# name 16 = sbox0Mm/Kg: Oxygen, SBE 43 [umol/kg]
# name 17 = sbeox0Mm/L: Oxygen, SBE 43 [umol/l]
# name 18 = flag:  0.000e+00
# span 0 =   54.93186,   54.93524                 
# span 1 = -131.11942, -131.11838                 
# span 2 =     84.561,    288.623                 
# span 3 =      3.169,    199.958                 
# span 4 =      3.140,    198.061                 
# span 5 =     5.9487,    13.2614                 
# span 6 =    27.7053,    33.3859                 
# span 7 =  1020.7170,  1027.2036                 
# span 8 =    20.7007,    26.2856                 
# span 9 =     5.9322,    13.2610                 
# span 10 =     26.094,     92.420                
# span 11 =    84.0190,   103.7931                
# span 12 =    -0.1177,     4.9812                
# span 13 =      7.681,      8.312                
# span 14 =     1.8243,     5.7025                
# span 15 =     2.6071,     8.1494                
# span 16 =     79.387,    249.507                
# span 17 =     81.474,    254.673                
# span 18 = 0.0000e+00, 0.0000e+00                
# interval = seconds: 0.0416667
# start_time = Aug 28 2022 20:23:40 [NMEA time, header]
# bad_flag = -9.990e-29
*END*
[from data line 12267]
   54.93500 -131.11932    121.145     22.817     22.610     8.9202    30.4436  1023.6690    23.5649     8.9179     54.406   100.3808     0.5856      7.898     3.6230     5.1776    158.078    161.804  0.000e+00
   54.93500 -131.11932    121.025     22.696     22.490     8.9240    30.4417  1023.6664    23.5628     8.9218     54.403   100.4088     0.6442      7.898     3.6225     5.1770    158.058    161.782  0.000e+00
   54.93500 -131.11932    120.969     22.639     22.434     8.9262    30.4414  1023.6655    23.5622     8.9239     54.405   100.4088     0.6442      7.898     3.6225     5.1769    158.056    161.780  0.000e+00
   54.93500 -131.11932    120.880     22.574     22.370     8.9289    30.4410  1023.6645    23.5615     8.9267     54.405   100.4088     0.6149      7.898     3.6223     5.1766    158.047    161.771  0.000e+00
   54.93500 -131.11932    120.880     22.574     22.370     8.9330    30.4394  1023.6626    23.5597     8.9307     54.398   100.4088     0.6442      7.898     3.6215     5.1755    158.014    161.737  0.000e+00
   54.93500 -131.11932    120.729     22.397     22.194     8.9361    30.4383  1023.6605    23.5583     8.9339     54.388   100.3808     0.6149      7.898     3.6206     5.1743    157.977    161.698  0.000e+00
   54.93500 -131.11932    120.672     22.340     22.138     8.9390    30.4366  1023.6585    23.5566     8.9368     54.384   100.3808     0.6442      7.898     3.6202     5.1736    157.955    161.676  0.000e+00
   54.93500 -131.11932    120.584     22.276     22.074     8.9418    30.4350  1023.6565    23.5549     8.9396     54.433   100.3808     0.6442      7.898     3.6233     5.1780    158.091    161.815  0.000e+00
   54.93500 -131.11932    120.552     22.219     22.018     8.9437    30.4344  1023.6555    23.5541     8.9415     54.432   100.4088     0.6442      7.898     3.6230     5.1776    158.080    161.804  0.000e+00
   54.93500 -131.11932    120.432     22.098     21.898     8.9451    30.4337  1023.6542    23.5534     8.9429     54.428   100.3808     0.6149      7.903     3.6227     5.1771    158.065    161.788  0.000e+00
   54.93500 -131.11932    120.352     22.017     21.818     8.9470    30.4342  1023.6539    23.5535     8.9448     54.478   100.3808     0.6149      7.898     3.6258     5.1817    158.204    161.930  0.000e+00
   54.93500 -131.11932    120.376     22.041     21.842     8.9527    30.4323  1023.6517    23.5511     8.9505     54.477   100.4088     0.6149      7.903     3.6253     5.1810    158.183    161.908  0.000e+00
   54.93500 -131.11932    120.200     21.864     21.665     8.9593    30.4292  1023.6475    23.5478     8.9571     54.472   100.3808     0.6149      7.898     3.6246     5.1799    158.150    161.874  0.000e+00
   54.93500 -131.11932    120.112     21.799     21.601     8.9645    30.4271  1023.6448    23.5453     8.9623     54.473   100.3808     0.6149      7.898     3.6242     5.1794    158.135    161.858  0.000e+00
   54.93500 -131.11932    120.000     21.686     21.489     8.9694    30.4254  1023.6422    23.5433     8.9672     54.471   100.3808     0.6442      7.898     3.6238     5.1787    158.115    161.838  0.000e+00
   54.93500 -131.11932    120.080     21.742     21.545     8.9746    30.4238  1023.6404    23.5412     8.9724     54.469   100.3808     0.6149      7.903     3.6232     5.1780    158.092    161.814  0.000e+00
   54.93500 -131.11932    119.816     21.500     21.305     8.9834    30.4203  1023.6352    23.5372     8.9813     54.463   100.4088     0.6149      7.903     3.6222     5.1765    158.047    161.767  0.000e+00
   54.93500 -131.11932    119.840     21.500     21.305     8.9941    30.4144  1023.6290    23.5309     8.9919     54.456   100.4088     0.6442      7.903     3.6210     5.1748    157.998    161.716  0.000e+00
   54.93500 -131.11932    119.816     21.500     21.305     9.0023    30.4092  1023.6237    23.5256     9.0002     54.448   100.4088     0.6442      7.903     3.6200     5.1733    157.952    161.668  0.000e+00
   54.93500 -131.11932    119.544     21.201     21.009     9.0076    30.4062  1023.6191    23.5225     9.0054     54.443   100.3808     0.6149      7.903     3.6193     5.1723    157.922    161.637  0.000e+00
   54.93500 -131.11932    119.784     21.443     21.249     9.0115    30.4040  1023.6179    23.5201     9.0093     54.440   100.2969     0.6442      7.903     3.6188     5.1717    157.903    161.617  0.000e+00
   54.93500 -131.11932    119.519     21.201     21.009     9.0143    30.4022  1023.6150    23.5183     9.0121     54.489   100.2690     0.6442      7.898     3.6218     5.1760    158.035    161.751  0.000e+00
   54.93500 -131.11932    119.519     21.201     21.009     9.0163    30.4010  1023.6138    23.5171     9.0141     54.487   100.2690     0.6442      7.903     3.6216     5.1756    158.024    161.741  0.000e+00
   54.93500 -131.11932    119.432     21.088     20.897     9.0215    30.3974  1023.6097    23.5135     9.0194     54.488   100.2690     0.6442      7.903     3.6214     5.1753    158.014    161.730  0.000e+00
   54.93500 -131.11932    119.408     21.064     20.873     9.0274    30.3936  1023.6057    23.5096     9.0252     54.483   100.2690     0.6442      7.903     3.6206     5.1742    157.983    161.697  0.000e+00
   54.93500 -131.11932    119.368     21.023     20.833     9.0331    30.3913  1023.6029    23.5070     9.0310     54.482   100.2690     0.6442      7.903     3.6201     5.1735    157.962    161.675  0.000e+00
   54.93500 -131.11932    119.312     20.967     20.777     9.0502    30.3856  1023.5955    23.4999     9.0481     54.478   100.2690     0.6442      7.903     3.6186     5.1714    157.897    161.607  0.000e+00
   54.93500 -131.11932    119.192     20.846     20.657     9.0972    30.3583  1023.5666    23.4715     9.0951     54.469   100.2690     0.6442      7.902     3.6149     5.1660    157.737    161.439  0.000e+00
   54.93500 -131.11932    119.192     20.846     20.657     9.1715    30.3066  1023.5148    23.4198     9.1693     54.462   100.2690     0.6442      7.902     3.6096     5.1585    157.517    161.206  0.000e+00
   54.93500 -131.11932    118.991     20.668     20.481     9.2357    30.2587  1023.4668    23.3726     9.2336     54.509   100.2690     0.6735      7.902     3.6087     5.1572    157.485    161.166  0.000e+00
   54.93500 -131.11932    119.192     20.846     20.657     9.2803    30.2249  1023.4344    23.3394     9.2782     54.510   100.2690     0.6442      7.902     3.6060     5.1533    157.371    161.044  0.000e+00
   54.93500 -131.11932    118.991     20.668     20.481     9.3173    30.1973  1023.4063    23.3121     9.3152     54.452   100.2690     0.6442      7.902     3.5999     5.1446    157.107    160.770  0.000e+00
   54.93500 -131.11932    119.016     20.668     20.481     9.3472    30.1751  1023.3843    23.2902     9.3451     54.501   100.2690     0.6442      7.902     3.6012     5.1465    157.169    160.829  0.000e+00
   54.93500 -131.11932    119.016     20.668     20.481     9.3668    30.1618  1023.3709    23.2768     9.3647     54.499   100.2690     0.6442      7.902     3.5998     5.1445    157.111    160.768  0.000e+00
   54.93500 -131.11932    118.960     20.611     20.425     9.3884    30.1493  1023.3576    23.2637     9.3862     54.495   100.2690     0.6442      7.902     3.5981     5.1421    157.040    160.693  0.000e+00
   54.93500 -131.11932    118.847     20.523     20.337     9.4005    30.1421  1023.3497    23.2562     9.3984     54.491   100.2690     0.6442      7.902     3.5971     5.1406    156.994    160.645  0.000e+00
   54.93500 -131.11932    118.839     20.490     20.305     9.4059    30.1391  1023.3464    23.2531     9.4038     54.542   100.2690     0.6442      7.902     3.6001     5.1449    157.125    160.779  0.000e+00
   54.93500 -131.11932    118.839     20.490     20.305     9.4100    30.1390  1023.3457    23.2524     9.4079     54.542   100.2690     0.6442      7.901     3.5997     5.1444    157.111    160.764  0.000e+00
   54.93500 -131.11932    118.783     20.434     20.249     9.4270    30.1347  1023.3394    23.2463     9.4249     54.483   100.2690     0.6442      7.901     3.5946     5.1370    156.887    160.534  0.000e+00
   54.93500 -131.11932    118.839     20.490     20.305     9.4532    30.1297  1023.3317    23.2384     9.4511     54.533   100.2690     0.6442      7.901     3.5959     5.1389    156.947    160.594  0.000e+00
   54.93500 -131.11932    118.719     20.369     20.185     9.5039    30.1195  1023.3153    23.2226     9.5018     54.578   100.1571     0.6735      7.901     3.5951     5.1378    156.913    160.557  0.000e+00
   54.93500 -131.11932    118.719     20.369     20.185     9.6047    30.0837  1023.2716    23.1790     9.6025     54.567   100.1011     0.7614      7.901     3.5872     5.1265    156.575    160.204  0.000e+00
   54.93500 -131.11932    118.719     20.369     20.185     9.6756    30.0597  1023.2418    23.1491     9.6735     54.569   100.1011     0.7614      7.901     3.5822     5.1194    156.363    159.983  0.000e+00
   54.93500 -131.11932    118.783     20.434     20.249     9.7445    30.0328  1023.2102    23.1173     9.7424     54.570   100.1011     0.7907      7.900     3.5775     5.1126    156.161    159.771  0.000e+00
   54.93500 -131.11932    118.663     20.313     20.129     9.8317    29.9898  1023.1623    23.0700     9.8296     54.561   100.1011     0.7614      7.900     3.5710     5.1033    155.885    159.481  0.000e+00
   54.93500 -131.11932    118.639     20.288     20.105     9.9081    29.9495  1023.1185    23.0264     9.9060     54.607   100.1291     0.7614      7.900     3.5690     5.1004    155.803    159.390  0.000e+00
   54.93500 -131.11932    118.719     20.369     20.185     9.9519    29.9263  1023.0939    23.0013     9.9497     54.612   100.1011     0.7614      7.900     3.5664     5.0967    155.693    159.274  0.000e+00
   54.93500 -131.11932    118.663     20.313     20.129     9.9792    29.9122  1023.0782    22.9860     9.9771     54.560   100.1011     0.7614      7.900     3.5612     5.0893    155.468    159.042  0.000e+00
   54.93500 -131.11932    118.663     20.313     20.129     9.9979    29.9021  1023.0674    22.9751     9.9957     54.608   100.1011     0.7614      7.900     3.5631     5.0920    155.553    159.126  0.000e+00
   54.93500 -131.11932    118.663     20.313     20.129    10.0087    29.8963  1023.0611    22.9689    10.0065     54.610   100.1011     0.7614      7.900     3.5625     5.0912    155.530    159.102  0.000e+00
   54.93500 -131.11932    118.719     20.369     20.185    10.0147    29.8931  1023.0579    22.9654    10.0125     54.668   100.1011     0.7614      7.900     3.5658     5.0959    155.675    159.251  0.000e+00
   54.93500 -131.11932    118.663     20.313     20.129    10.0184    29.8920  1023.0562    22.9639    10.0162     54.672   100.1011     0.7614      7.900     3.5659     5.0960    155.678    159.253  0.000e+00
   54.93500 -131.11932    118.695     20.369     20.185    10.0206    29.8914  1023.0556    22.9631    10.0184     54.677   100.1011     0.7614      7.900     3.5660     5.0962    155.683    159.258  0.000e+00
   54.93500 -131.11932    118.663     20.313     20.129    10.0216    29.8915  1023.0553    22.9630    10.0194     54.678   100.1011     0.7614      7.900     3.5660     5.0962    155.684    159.258  0.000e+00
   54.93500 -131.11932    118.719     20.369     20.185    10.0227    29.8915  1023.0553    22.9628    10.0205     54.734   100.1011     0.7614      7.900     3.5696     5.1013    155.839    159.417  0.000e+00
   54.93500 -131.11932    118.719     20.369     20.185    10.0233    29.8919  1023.0556    22.9631    10.0211     54.737   100.1011     0.7614      7.900     3.5698     5.1015    155.847    159.425  0.000e+00
   54.93500 -131.11932    118.695     20.345     20.161    10.0239    29.8922  1023.0556    22.9632    10.0217     54.800   100.1011     0.7614      7.900     3.5738     5.1073    156.022    159.604  0.000e+00
   54.93500 -131.11932    118.695     20.369     20.185    10.0241    29.8925  1023.0559    22.9634    10.0219     54.811   100.1011     0.7907      7.900     3.5744     5.1082    156.051    159.634  0.000e+00
   54.93500 -131.11932    118.719     20.369     20.185    10.0237    29.8932  1023.0565    22.9640    10.0215     54.874   100.1011     0.7614      7.900     3.5786     5.1142    156.234    159.821  0.000e+00
   54.93500 -131.11932    118.783     20.434     20.249    10.0235    29.8942  1023.0576    22.9648    10.0213     54.892   100.1011     0.7614      7.900     3.5798     5.1159    156.284    159.874  0.000e+00
   54.93500 -131.11932    118.719     20.369     20.185    10.0235    29.8946  1023.0577    22.9652    10.0213     54.963   100.3249     0.7614      7.900     3.5844     5.1224    156.484    160.078  0.000e+00
   54.93500 -131.11932    118.759     20.434     20.249    10.0228    29.8956  1023.0588    22.9660    10.0206     54.982   100.4647     0.7321      7.900     3.5856     5.1242    156.539    160.134  0.000e+00
   54.93500 -131.11932    118.783     20.434     20.249    10.0226    29.8965  1023.0596    22.9668    10.0204     55.109   100.4927     0.7028      7.904     3.5939     5.1360    156.900    160.504  0.000e+00
   54.93500 -131.11932    118.783     20.434     20.249    10.0224    29.8975  1023.0604    22.9676    10.0202     55.133   100.4927     0.7028      7.904     3.5955     5.1383    156.970    160.575  0.000e+00
   54.93500 -131.11932    118.840     20.490     20.305    10.0220    29.8987  1023.0616    22.9686    10.0198     55.155   100.4647     0.7028      7.904     3.5969     5.1404    157.033    160.640  0.000e+00
   54.93500 -131.11932    118.783     20.434     20.249    10.0218    29.8993  1023.0619    22.9691    10.0196     55.229   100.4927     0.7028      7.900     3.6018     5.1473    157.243    160.855  0.000e+00
   54.93500 -131.11932    118.816     20.466     20.281    10.0213    29.9002  1023.0628    22.9699    10.0191     55.306   100.4927     0.7028      7.900     3.6068     5.1545    157.463    161.080  0.000e+00
   54.93500 -131.11932    118.815     20.490     20.305    10.0211    29.9007  1023.0634    22.9703    10.0189     55.385   100.4647     0.7028      7.904     3.6120     5.1619    157.689    161.311  0.000e+00
   54.93500 -131.11932    118.840     20.490     20.305    10.0207    29.9011  1023.0637    22.9707    10.0185     55.467   100.4647     0.7028      7.900     3.6173     5.1695    157.921    161.549  0.000e+00
   54.93500 -131.11932    118.815     20.490     20.305    10.0201    29.9013  1023.0640    22.9709    10.0179     55.550   100.4927     0.7028      7.900     3.6228     5.1773    158.159    161.792  0.000e+00
   54.93500 -131.11932    118.896     20.547     20.361    10.0195    29.9016  1023.0646    22.9713    10.0172     55.640   100.4647     0.7028      7.904     3.6287     5.1858    158.419    162.058  0.000e+00
   54.93500 -131.11932    118.896     20.547     20.361    10.0188    29.9021  1023.0650    22.9717    10.0166     55.677   100.4647     0.7028      7.904     3.6311     5.1892    158.525    162.166  0.000e+00
   54.93500 -131.11932    118.840     20.490     20.305    10.0184    29.9024  1023.0651    22.9721    10.0162     55.764   100.4927     0.7028      7.904     3.6369     5.1974    158.775    162.422  0.000e+00
   54.93500 -131.11932    118.896     20.547     20.361    10.0180    29.9029  1023.0658    22.9725    10.0158     55.854   100.4647     0.7028      7.904     3.6427     5.2058    159.031    162.685  0.000e+00
   54.93500 -131.11932    118.896     20.547     20.361    10.0183    29.9032  1023.0660    22.9727    10.0161     55.944   100.4927     0.7028      7.904     3.6486     5.2142    159.287    162.946  0.000e+00
