EcoFOCI/data/1_SampleCollection/2022_GOA-OA_CruiseData/CTD_raw_BottleFile_RC0083/RC0083_023.ros
* Sea-Bird SBE 9 Data File:
* FileName = C:\Data\RC0083ctd\RC0083_023.hex
* Software Version Seasave V 7.26.7.107
* Temperature SN = 2060
* Conductivity SN = 1084
* Number of Bytes Per Scan = 31
* Number of Voltage Words = 4
* Number of Scans Averaged by the Deck Unit = 1
* NMEA Latitude = 56 41.50 N
* NMEA Longitude = 135 44.84 W
* NMEA UTC (Time) = Aug 14 2022  21:02:40
* NMEA baud rate = 4800
** Ship: R/V Rachel Carson
** Cruise ID: RC0083
** Tech: McHugh/Nomura
** Chief Scientist: Cross
** Station: SEC03
** Cast:  CTD023
# nquan = 21
# nvalues = 392                                   
# units = specified
# name 0 = latitude: Latitude [deg]
# name 1 = longitude: Longitude [deg]
# name 2 = sfdSM: Seafloor depth [salt water, m]
# name 3 = prDM: Pressure, Digiquartz [db]
# name 4 = depSM: Depth [salt water, m]
# name 5 = t090C: Temperature [ITS-90, deg C]
# name 6 = sal00: Salinity, Practical [PSU]
# name 7 = density00: Density [density, kg/m^3]
# name 8 = sigma-é00: Density [sigma-theta, kg/m^3]
# name 9 = potemp090C: Potential Temperature [ITS-90, deg C]
# name 10 = sbeox0PS: Oxygen, SBE 43 [% saturation]
# name 11 = CStarTr0: Beam Transmission, WET Labs C-Star [%]
# name 12 = flECO-AFL: Fluorescence, WET Labs ECO-AFL/FL [mg/m^3]
# name 13 = ph: pH
# name 14 = sbeox0ML/L: Oxygen, SBE 43 [ml/l]
# name 15 = sbeox0Mg/L: Oxygen, SBE 43 [mg/l]
# name 16 = sbox0Mm/Kg: Oxygen, SBE 43 [umol/kg]
# name 17 = sbeox0Mm/L: Oxygen, SBE 43 [umol/l]
# name 18 = scan: Scan Count
# name 19 = nbf: Bottles Fired
# name 20 = flag:  0.000e+00
# interval = seconds: 0.0416667
# start_time = Aug 14 2022 21:02:40 [NMEA time, header]
# bad_flag = -9.990e-29
*END*
[from data line 276]
   56.69746 -135.75148    125.161     26.775     26.528    10.6412    31.3504  1024.1182    23.9972    10.6382     88.272    96.8847     1.1130      8.130     5.6271     8.0417    245.418    251.307      18637          6  0.000e+00
   56.69746 -135.75148    125.161     26.775     26.528    10.6305    31.3514  1024.1208    23.9998    10.6274     88.281    96.9127     1.1130      8.130     5.6290     8.0443    245.497    251.389      18638          6  0.000e+00
   56.69746 -135.75148    125.281     26.896     26.648    10.6215    31.3501  1024.1219    24.0004    10.6184     88.287    96.9127     1.1130      8.130     5.6305     8.0465    245.562    251.456      18639          6  0.000e+00
   56.69746 -135.75148    125.225     26.840     26.592    10.6025    31.3513  1024.1258    24.0045    10.5994     88.348    96.9127     1.1130      8.125     5.6366     8.0553    245.831    251.732      18640          6  0.000e+00
   56.69746 -135.75148    125.361     26.977     26.728    10.5834    31.3540  1024.1317    24.0098    10.5803     88.359    96.9127     1.1130      8.125     5.6396     8.0595    245.958    251.863      18641          6  0.000e+00
   56.69746 -135.75148    125.401     27.018     26.768    10.5778    31.3536  1024.1325    24.0104    10.5747     88.363    96.9127     1.1130      8.125     5.6405     8.0609    245.999    251.905      18642          6  0.000e+00
   56.69746 -135.75148    125.401     27.018     26.768    10.5724    31.3552  1024.1347    24.0126    10.5693     88.362    96.9127     1.1130      8.125     5.6410     8.0616    246.021    251.929      18643          6  0.000e+00
   56.69746 -135.75148    125.513     27.131     26.880    10.5698    31.3528  1024.1338    24.0112    10.5667     88.357    96.9127     1.1130      8.125     5.6411     8.0617    246.026    251.933      18644          6  0.000e+00
   56.69746 -135.75148    125.513     27.131     26.880    10.5677    31.3516  1024.1332    24.0106    10.5646     88.407    96.9127     1.1130      8.125     5.6446     8.0667    246.178    252.089      18645          6  0.000e+00
   56.69746 -135.75148    125.577     27.195     26.945    10.5577    31.3549  1024.1378    24.0149    10.5546     88.407    96.9127     1.1130      8.125     5.6457     8.0683    246.224    252.137      18646          6  0.000e+00
   56.69746 -135.75148    125.633     27.252     27.001    10.5475    31.3560  1024.1406    24.0175    10.5444     88.456    96.9127     1.1130      8.125     5.6501     8.0745    246.414    252.332      18647          6  0.000e+00
   56.69746 -135.75148    125.697     27.317     27.065    10.5424    31.3579  1024.1433    24.0198    10.5393     88.452    96.9127     1.1130      8.125     5.6504     8.0750    246.427    252.346      18648          6  0.000e+00
   56.69746 -135.75148    125.697     27.317     27.065    10.5569    31.3497  1024.1344    24.0109    10.5538     88.446    96.9127     1.1130      8.121     5.6485     8.0723    246.348    252.263      18649          6  0.000e+00
   56.69746 -135.75148    125.753     27.373     27.121    10.5500    31.3512  1024.1370    24.0133    10.5468     88.494    96.9127     1.1130      8.121     5.6524     8.0778    246.516    252.436      18650          6  0.000e+00
   56.69746 -135.75148    125.809     27.430     27.177    10.5368    31.3627  1024.1485    24.0245    10.5337     88.443    96.9127     1.1130      8.121     5.6503     8.0748    246.422    252.342      18651          6  0.000e+00
   56.69746 -135.75148    125.809     27.430     27.177    10.5502    31.3604  1024.1444    24.0204    10.5471     88.430    96.9127     1.1130      8.121     5.6479     8.0715    246.320    252.237      18652          6  0.000e+00
   56.69746 -135.75148    125.809     27.430     27.177    10.5599    31.3609  1024.1431    24.0192    10.5567     88.414    96.9127     1.1130      8.121     5.6457     8.0683    246.224    252.138      18653          6  0.000e+00
   56.69746 -135.75148    125.873     27.494     27.241    10.5753    31.3526  1024.1344    24.0101    10.5722     88.455    96.9127     1.0544      8.121     5.6467     8.0697    246.269    252.182      18654          6  0.000e+00
   56.69790 -135.75170    110.224     11.699     11.592    13.4642    31.3204  1023.5054    23.4533    13.4627    108.340    72.9712     6.5636      8.311     6.5083     9.3010    283.999    290.660      20019          7  0.000e+00
   56.69790 -135.75170    110.104     11.578     11.472    13.4661    31.3191  1023.5035    23.4519    13.4645    108.332    72.9712     6.5636      8.311     6.5076     9.3000    283.971    290.630      20020          7  0.000e+00
   56.69790 -135.75170    110.168     11.643     11.536    13.4674    31.3186  1023.5032    23.4512    13.4658    108.327    72.9712     6.5636      8.311     6.5072     9.2994    283.950    290.609      20021          7  0.000e+00
   56.69790 -135.75170    110.072     11.546     11.440    13.4689    31.3182  1023.5021    23.4506    13.4674    108.319    72.9712     6.5636      8.311     6.5065     9.2985    283.923    290.581      20022          7  0.000e+00
   56.69790 -135.75170    110.048     11.522     11.416    13.4709    31.3171  1023.5008    23.4494    13.4694    108.313    72.9712     6.5636      8.311     6.5059     9.2976    283.896    290.553      20023          7  0.000e+00
   56.69790 -135.75170    110.048     11.522     11.416    13.4723    31.3168  1023.5003    23.4489    13.4707    108.306    72.9712     6.5636      8.311     6.5054     9.2968    283.873    290.530      20024          7  0.000e+00
   56.69790 -135.75170    109.928     11.401     11.296    13.4735    31.3157  1023.4986    23.4478    13.4719    108.299    72.9712     6.5636      8.311     6.5048     9.2960    283.848    290.504      20025          7  0.000e+00
   56.69790 -135.75170    109.960     11.433     11.328    13.4738    31.3157  1023.4987    23.4477    13.4722    108.293    72.9712     6.5636      8.311     6.5044     9.2954    283.832    290.487      20026          7  0.000e+00
   56.69790 -135.75170    109.872     11.344     11.240    13.4741    31.3156  1023.4982    23.4476    13.4726    108.291    72.9712     6.5636      8.311     6.5043     9.2952    283.826    290.481      20027          7  0.000e+00
   56.69790 -135.75170    109.808     11.280     11.176    13.4755    31.3155  1023.4976    23.4473    13.4739    108.290    72.9712     6.5636      8.311     6.5040     9.2949    283.815    290.469      20028          7  0.000e+00
   56.69790 -135.75170    109.840     11.312     11.208    13.4771    31.3149  1023.4969    23.4464    13.4756    108.344    72.9712     6.5636      8.311     6.5070     9.2992    283.947    290.604      20029          7  0.000e+00
   56.69790 -135.75170    109.752     11.223     11.120    13.4778    31.3141  1023.4957    23.4457    13.4763    108.295    72.9712     6.5636      8.311     6.5040     9.2949    283.816    290.470      20030          7  0.000e+00
   56.69790 -135.75170    109.632     11.102     11.000    13.4780    31.3140  1023.4951    23.4456    13.4765    108.346    72.8314     6.5636      8.311     6.5071     9.2993    283.950    290.608      20031          7  0.000e+00
   56.69790 -135.75170    109.696     11.166     11.064    13.4787    31.3137  1023.4950    23.4452    13.4772    108.353    72.7195     6.5636      8.311     6.5074     9.2998    283.964    290.621      20032          7  0.000e+00
   56.69790 -135.75170    109.600     11.070     10.968    13.4794    31.3132  1023.4941    23.4447    13.4779    108.304    72.6915     6.5343      8.311     6.5044     9.2954    283.832    290.487      20033          7  0.000e+00
   56.69790 -135.75170    109.632     11.102     11.000    13.4793    31.3135  1023.4944    23.4449    13.4778    108.305    72.7195     6.5343      8.311     6.5045     9.2955    283.835    290.489      20034          7  0.000e+00
   56.69790 -135.75170    109.512     10.981     10.880    13.4788    31.3138  1023.4942    23.4453    13.4773    108.309    72.7195     6.5343      8.311     6.5048     9.2960    283.849    290.504      20035          7  0.000e+00
   56.69790 -135.75170    109.480     10.948     10.848    13.4790    31.3138  1023.4940    23.4452    13.4775    108.316    72.7195     6.5343      8.311     6.5051     9.2965    283.865    290.520      20036          7  0.000e+00
   56.69790 -135.75170    109.456     10.924     10.824    13.4791    31.3137  1023.4939    23.4452    13.4777    108.323    72.7195     6.5343      8.311     6.5055     9.2971    283.882    290.537      20037          7  0.000e+00
   56.69790 -135.75170    109.456     10.924     10.824    13.4798    31.3132  1023.4933    23.4446    13.4784    108.325    72.7195     6.5343      8.311     6.5056     9.2971    283.884    290.540      20038          7  0.000e+00
   56.69790 -135.75170    109.400     10.868     10.768    13.4808    31.3128  1023.4925    23.4441    13.4793    108.326    72.7195     6.5343      8.311     6.5056     9.2971    283.883    290.538      20039          7  0.000e+00
   56.69790 -135.75170    109.368     10.835     10.736    13.4802    31.3133  1023.4929    23.4446    13.4787    108.328    72.7195     6.5343      8.311     6.5057     9.2974    283.891    290.547      20040          7  0.000e+00
   56.69790 -135.75170    109.336     10.803     10.704    13.4797    31.3136  1023.4931    23.4450    13.4782    108.330    72.7195     6.5343      8.311     6.5059     9.2976    283.899    290.555      20041          7  0.000e+00
   56.69790 -135.75170    109.280     10.747     10.648    13.4790    31.3136  1023.4930    23.4451    13.4776    108.338    72.7195     6.5343      8.311     6.5065     9.2984    283.923    290.580      20042          7  0.000e+00
   56.69790 -135.75170    109.304     10.771     10.672    13.4790    31.3138  1023.4932    23.4452    13.4776    108.289    72.7195     6.5343      8.311     6.5035     9.2942    283.793    290.447      20043          7  0.000e+00
   56.69790 -135.75170    109.280     10.747     10.648    13.4782    31.3142  1023.4936    23.4457    13.4767    108.340    72.7195     6.5343      8.311     6.5067     9.2987    283.932    290.589      20044          7  0.000e+00
   56.69790 -135.75170    109.224     10.690     10.592    13.4778    31.3139  1023.4932    23.4456    13.4764    108.290    72.7195     6.5343      8.311     6.5038     9.2945    283.804    290.458      20045          7  0.000e+00
   56.69790 -135.75170    109.248     10.714     10.616    13.4777    31.3142  1023.4935    23.4458    13.4762    108.290    72.7195     6.5343      8.311     6.5037     9.2945    283.803    290.457      20046          7  0.000e+00
   56.69790 -135.75170    109.224     10.690     10.592    13.4777    31.3147  1023.4938    23.4462    13.4762    108.289    72.7195     6.5343      8.311     6.5037     9.2944    283.800    290.454      20047          7  0.000e+00
   56.69790 -135.75170    109.224     10.690     10.592    13.4785    31.3141  1023.4932    23.4456    13.4770    108.236    72.7195     6.5343      8.311     6.5004     9.2897    283.657    290.307      20048          7  0.000e+00
   56.69790 -135.75170    109.160     10.625     10.528    13.4787    31.3136  1023.4925    23.4451    13.4772    108.230    72.7195     6.5343      8.311     6.5000     9.2892    283.642    290.292      20049          7  0.000e+00
   56.69790 -135.75170    109.192     10.658     10.560    13.4782    31.3143  1023.4933    23.4457    13.4767    108.221    72.7195     6.5343      8.311     6.4995     9.2885    283.620    290.269      20050          7  0.000e+00
   56.69792 -135.75172    109.160     10.625     10.528    13.4775    31.3142  1023.4932    23.4458    13.4760    108.211    72.6356     6.5343      8.311     6.4991     9.2878    283.599    290.248      20051          7  0.000e+00
   56.69792 -135.75172    109.160     10.625     10.528    13.4768    31.3144  1023.4935    23.4461    13.4754    108.203    72.4958     6.5343      8.311     6.4986     9.2872    283.579    290.228      20052          7  0.000e+00
   56.69792 -135.75172    109.192     10.658     10.560    13.4765    31.3149  1023.4941    23.4465    13.4751    108.142    72.4678     6.6808      8.311     6.4950     9.2820    283.421    290.066      20053          7  0.000e+00
   56.69792 -135.75172    109.160     10.625     10.528    13.4767    31.3150  1023.4940    23.4466    13.4753    108.128    72.4678     6.7980      8.311     6.4941     9.2808    283.384    290.028      20054          7  0.000e+00
   56.69792 -135.75172    109.224     10.690     10.592    13.4775    31.3148  1023.4940    23.4463    13.4760    108.064    72.4678     6.8273      8.311     6.4902     9.2751    283.211    289.851      20055          7  0.000e+00
   56.69792 -135.75172    109.224     10.690     10.592    13.4783    31.3145  1023.4935    23.4459    13.4769    108.047    72.4678     6.8273      8.311     6.4891     9.2735    283.162    289.801      20056          7  0.000e+00
   56.69792 -135.75172    109.192     10.658     10.560    13.4783    31.3142  1023.4932    23.4456    13.4769    107.977    72.4678     6.8273      8.311     6.4849     9.2676    282.981    289.616      20057          7  0.000e+00
   56.69792 -135.75172    109.200     10.690     10.592    13.4782    31.3141  1023.4933    23.4456    13.4767    107.958    72.4678     6.8273      8.311     6.4837     9.2659    282.930    289.564      20058          7  0.000e+00
   56.69792 -135.75172    109.224     10.690     10.592    13.4778    31.3144  1023.4935    23.4459    13.4764    107.939    72.4678     6.8273      8.311     6.4826     9.2643    282.882    289.514      20059          7  0.000e+00
   56.69792 -135.75172    109.248     10.714     10.616    13.4782    31.3147  1023.4938    23.4461    13.4767    107.921    72.4678     6.8273      8.311     6.4815     9.2627    282.833    289.464      20060          7  0.000e+00
   56.69792 -135.75172    109.224     10.690     10.592    13.4773    31.3150  1023.4941    23.4465    13.4759    107.904    72.4958     6.8273      8.311     6.4806     9.2614    282.793    289.423      20061          7  0.000e+00
   56.69792 -135.75172    109.280     10.747     10.648    13.4768    31.3152  1023.4946    23.4467    13.4754    107.836    72.4678     6.8273      8.311     6.4766     9.2557    282.617    289.243      20062          7  0.000e+00
   56.69792 -135.75172    109.304     10.771     10.672    13.4780    31.3144  1023.4939    23.4459    13.4765    107.817    72.4678     6.8273      8.311     6.4753     9.2538    282.561    289.186      20063          7  0.000e+00
   56.69792 -135.75172    109.336     10.803     10.704    13.4790    31.3140  1023.4936    23.4454    13.4775    107.799    72.4678     6.8273      8.311     6.4741     9.2521    282.509    289.132      20064          7  0.000e+00
   56.69792 -135.75172    109.336     10.803     10.704    13.4795    31.3138  1023.4933    23.4451    13.4781    107.782    72.4678     6.8273      8.311     6.4730     9.2506    282.462    289.084      20065          7  0.000e+00
   56.69792 -135.75172    109.336     10.803     10.704    13.4795    31.3138  1023.4933    23.4451    13.4781    107.766    72.4678     6.8273      8.311     6.4721     9.2492    282.421    289.042      20066          7  0.000e+00
   56.69792 -135.75172    109.425     10.892     10.792    13.4787    31.3142  1023.4942    23.4456    13.4772    107.753    72.4678     6.8273      8.311     6.4714     9.2482    282.390    289.011      20067          7  0.000e+00
   56.69826 -135.75190     14.663      2.846      2.819    13.4938    31.3122  1023.4535    23.4408    13.4934    109.215    71.8804     6.3584      8.320     6.5572     9.3710    286.139    292.846      21195          8  0.000e+00
