EcoFOCI/data/1_SampleCollection/2022_GOA-OA_CruiseData/CTD_raw_BottleFile_RC0083/RC0083_029.cnv
* Sea-Bird SBE 9 Data File:
* FileName = C:\Data\RC0083ctd\RC0083_029.hex
* Software Version Seasave V 7.26.7.107
* Temperature SN = 2060
* Conductivity SN = 1084
* Number of Bytes Per Scan = 31
* Number of Voltage Words = 4
* Number of Scans Averaged by the Deck Unit = 1
* NMEA Latitude = 58 37.53 N
* NMEA Longitude = 134 57.12 W
* NMEA UTC (Time) = Aug 18 2022  01:04:29
* NMEA baud rate = 4800
** Ship: R/V Rachel Carson
** Cruise ID: RC0083
** Tech: McHugh/Nomura
** Chief Scientist: Cross
** Station: JH1
** Cast:  CTD029
# nquan = 19
# nvalues = 9661                                  
# units = specified
# name 0 = latitude: Latitude [deg]
# name 1 = longitude: Longitude [deg]
# name 2 = sfdSM: Seafloor depth [salt water, m]
# name 3 = prDM: Pressure, Digiquartz [db]
# name 4 = depSM: Depth [salt water, m]
# name 5 = t090C: Temperature [ITS-90, deg C]
# name 6 = sal00: Salinity, Practical [PSU]
# name 7 = density00: Density [density, kg/m^3]
# name 8 = sigma-é00: Density [sigma-theta, kg/m^3]
# name 9 = potemp090C: Potential Temperature [ITS-90, deg C]
# name 10 = sbeox0PS: Oxygen, SBE 43 [% saturation]
# name 11 = CStarTr0: Beam Transmission, WET Labs C-Star [%]
# name 12 = flECO-AFL: Fluorescence, WET Labs ECO-AFL/FL [mg/m^3]
# name 13 = ph: pH
# name 14 = sbeox0ML/L: Oxygen, SBE 43 [ml/l]
# name 15 = sbeox0Mg/L: Oxygen, SBE 43 [mg/l]
# name 16 = sbox0Mm/Kg: Oxygen, SBE 43 [umol/kg]
# name 17 = sbeox0Mm/L: Oxygen, SBE 43 [umol/l]
# name 18 = flag:  0.000e+00
# span 0 =   58.62556,   58.62602                 
# span 1 = -134.95206, -134.95186                 
# span 2 =      5.562,    103.329                 
# span 3 =      3.146,     51.446                 
# span 4 =      3.116,     50.960                 
# span 5 =     7.7705,    12.9186                 
# span 6 =    14.6751,    30.7015                 
# span 7 =  1010.7441,  1024.1676                 
# span 8 =    10.7288,    23.9325                 
# span 9 =     7.7658,    12.9182                 
# span 10 =     70.792,    106.756                
# span 11 =    31.9967,   100.1291                
# span 12 =     0.1167,     2.6075                
# span 13 =      7.954,      8.403                
# span 14 =     4.8279,     7.1277                
# span 15 =     6.8996,    10.1861                
# span 16 =    210.580,    314.556                
# span 17 =    215.616,    318.321                
# span 18 = 0.0000e+00, 0.0000e+00                
# interval = seconds: 0.0416667
# start_time = Aug 18 2022 01:04:29 [NMEA time, header]
# bad_flag = -9.990e-29
*END*
[from data line 686]
   58.62556 -134.95196     41.284      7.705      7.633    12.4656    16.6641  1012.3574    12.3221    12.4647    105.179    76.0478     0.7028      8.391     7.0717    10.1062    311.978    315.822  0.000e+00
   58.62556 -134.95196     41.642      7.673      7.601    12.4652    16.6588  1012.3532    12.3181    12.4644    105.224    76.0478     0.7028      8.391     7.0750    10.1109    312.126    315.970  0.000e+00
   58.62556 -134.95196     41.936      7.648      7.577    12.4648    16.6526  1012.3484    12.3133    12.4640    105.167    76.0478     0.7028      8.391     7.0716    10.1060    311.974    315.816  0.000e+00
   58.62556 -134.95196     42.009      7.648      7.577    12.4644    16.6385  1012.3376    12.3026    12.4636    105.158    76.0478     0.7028      8.391     7.0717    10.1061    311.982    315.820  0.000e+00
   58.62556 -134.95196     41.953      7.616      7.545    12.4641    16.6190  1012.3224    12.2875    12.4632    105.149    76.0478     0.7028      8.391     7.0719    10.1065    311.998    315.832  0.000e+00
   58.62556 -134.95196     41.960      7.648      7.577    12.4639    16.6054  1012.3121    12.2771    12.4630    105.139    76.0478     0.7028      8.391     7.0719    10.1065    312.001    315.832  0.000e+00
   58.62556 -134.95196     41.904      7.592      7.521    12.4641    16.5996  1012.3074    12.2726    12.4632    105.128    76.0478     0.7028      8.391     7.0714    10.1057    311.980    315.808  0.000e+00
   58.62556 -134.95196     41.928      7.616      7.545    12.4641    16.5962  1012.3049    12.2700    12.4632    105.118    76.0478     0.7028      8.391     7.0708    10.1049    311.956    315.784  0.000e+00
   58.62556 -134.95196     41.904      7.592      7.521    12.4643    16.5895  1012.2996    12.2648    12.4634    105.112    76.0199     0.7028      8.391     7.0707    10.1048    311.952    315.778  0.000e+00
   58.62556 -134.95196     41.904      7.592      7.521    12.4647    16.5802  1012.2923    12.2575    12.4639    105.106    76.0478     0.7028      8.391     7.0707    10.1047    311.953    315.777  0.000e+00
   58.62556 -134.95196     41.808      7.495      7.425    12.4647    16.5722  1012.2857    12.2513    12.4639    105.105    76.0478     0.7028      8.391     7.0709    10.1051    311.967    315.789  0.000e+00
   58.62556 -134.95196     41.840      7.527      7.457    12.4649    16.5665  1012.2814    12.2469    12.4641    105.100    76.0478     0.7028      8.391     7.0708    10.1049    311.962    315.782  0.000e+00
   58.62556 -134.95196     41.840      7.527      7.457    12.4645    16.5624  1012.2783    12.2438    12.4637    105.094    76.0478     0.7028      8.391     7.0706    10.1047    311.955    315.775  0.000e+00
   58.62556 -134.95196     50.959      7.438      7.369    12.4647    16.5603  1012.2763    12.2422    12.4639    105.092    76.0478     0.7028      8.391     7.0706    10.1046    311.953    315.772  0.000e+00
   58.62556 -134.95196     59.269      7.471      7.401    12.4647    16.5591  1012.2755    12.2413    12.4639    105.086    76.0478     0.7028      8.391     7.0702    10.1041    311.939    315.757  0.000e+00
   58.62556 -134.95196     60.897      7.438      7.369    12.4647    16.5555  1012.2726    12.2385    12.4639    105.026    76.0478     0.7028      8.391     7.0663    10.0985    311.767    315.583  0.000e+00
   58.62556 -134.95196     60.514      7.470      7.401    12.4652    16.5487  1012.2674    12.2332    12.4644    105.020    76.0478     0.7028      8.391     7.0662    10.0983    311.761    315.575  0.000e+00
   58.62556 -134.95196     60.197      7.470      7.401    12.4657    16.5396  1012.2603    12.2261    12.4649    105.014    76.0478     0.7028      8.391     7.0661    10.0981    311.760    315.571  0.000e+00
   58.62556 -134.95196     60.092      7.438      7.369    12.4662    16.5296  1012.2524    12.2183    12.4654    104.954    76.0199     0.6149      8.391     7.0624    10.0929    311.601    315.408  0.000e+00
   58.62556 -134.95196     60.084      7.406      7.337    12.4667    16.5147  1012.2407    12.2067    12.4659    104.942    75.8800     0.5269      8.391     7.0622    10.0927    311.596    315.400  0.000e+00
   58.62556 -134.95196     60.028      7.349      7.281    12.4673    16.4907  1012.2218    12.1881    12.4665    104.925    74.8731     0.4976      8.391     7.0621    10.0924    311.594    315.391  0.000e+00
   58.62556 -134.95196     60.076      7.373      7.305    12.4684    16.4629  1012.2003    12.1665    12.4676    104.915    74.3697     0.4976      8.391     7.0624    10.0929    311.617    315.408  0.000e+00
   58.62556 -134.95196     59.996      7.293      7.225    12.4696    16.4326  1012.1764    12.1429    12.4688    104.904    74.3417     0.5269      8.391     7.0628    10.0935    311.642    315.427  0.000e+00
   58.62556 -134.95196     60.148      7.470      7.401    12.4743    16.3821  1012.1375    12.1032    12.4735    104.897    74.3697     0.5269      8.391     7.0639    10.0950    311.700    315.472  0.000e+00
   58.62556 -134.95196     60.020      7.317      7.249    12.4787    16.3243  1012.0915    12.0580    12.4779    104.885    74.3976     0.4976      8.391     7.0650    10.0966    311.763    315.523  0.000e+00
   58.62556 -134.95196     60.108      7.406      7.337    12.4803    16.2940  1012.0683    12.0343    12.4795    104.878    74.3976     0.5269      8.391     7.0656    10.0974    311.797    315.549  0.000e+00
   58.62556 -134.95196     59.996      7.293      7.225    12.4778    16.2993  1012.0723    12.0388    12.4770    104.869    74.3976     0.5269      8.391     7.0651    10.0967    311.774    315.528  0.000e+00
   58.62556 -134.95196     60.020      7.317      7.249    12.4764    16.3067  1012.0783    12.0448    12.4756    104.862    74.3976     0.4976      8.391     7.0645    10.0959    311.746    315.501  0.000e+00
   58.62556 -134.95196     60.077      7.349      7.281    12.4777    16.2969  1012.0707    12.0370    12.4769    104.855    74.3976     0.4976      8.391     7.0643    10.0956    311.740    315.492  0.000e+00
   58.62556 -134.95196     60.021      7.293      7.225    12.4798    16.2753  1012.0534    12.0200    12.4791    104.848    74.3976     0.5269      8.391     7.0644    10.0958    311.750    315.497  0.000e+00
   58.62556 -134.95196     60.005      7.252      7.184    12.4820    16.2528  1012.0356    12.0023    12.4812    104.841    74.3976     0.4976      8.391     7.0646    10.0961    311.765    315.507  0.000e+00
   58.62556 -134.95196     59.957      7.228      7.160    12.4832    16.2399  1012.0253    11.9922    12.4824    104.835    74.3976     0.4976      8.395     7.0646    10.0961    311.767    315.506  0.000e+00
   58.62556 -134.95196     59.981      7.252      7.184    12.4832    16.2366  1012.0229    11.9896    12.4824    104.836    74.3976     0.4976      8.391     7.0648    10.0964    311.777    315.516  0.000e+00
   58.62556 -134.95196     59.901      7.171      7.104    12.4828    16.2365  1012.0225    11.9896    12.4820    104.836    74.3976     0.5269      8.391     7.0649    10.0965    311.781    315.520  0.000e+00
   58.62556 -134.95196     59.932      7.228      7.160    12.4823    16.2367  1012.0230    11.9898    12.4815    104.839    74.3976     0.5269      8.395     7.0652    10.0968    311.793    315.531  0.000e+00
   58.62556 -134.95196     59.900      7.196      7.128    12.4818    16.2375  1012.0235    11.9905    12.4810    104.836    74.3976     0.4976      8.395     7.0650    10.0966    311.784    315.523  0.000e+00
   58.62556 -134.95196     59.876      7.171      7.104    12.4823    16.2348  1012.0213    11.9883    12.4816    104.833    74.3976     0.4976      8.395     7.0648    10.0964    311.778    315.516  0.000e+00
   58.62556 -134.95196     59.803      7.171      7.104    12.4828    16.2309  1012.0182    11.9853    12.4820    104.830    74.3976     0.4976      8.391     7.0648    10.0963    311.777    315.514  0.000e+00
   58.62556 -134.95196     59.722      7.139      7.072    12.4828    16.2306  1012.0178    11.9851    12.4821    104.834    74.3976     0.5269      8.391     7.0651    10.0967    311.788    315.525  0.000e+00
   58.62556 -134.95196     59.674      7.115      7.048    12.4820    16.2379  1012.0235    11.9908    12.4812    104.833    74.3697     0.5562      8.395     7.0648    10.0963    311.775    315.513  0.000e+00
   58.62556 -134.95196     59.698      7.115      7.048    12.4795    16.2537  1012.0361    12.0034    12.4787    104.833    72.8873     0.5856      8.396     7.0644    10.0958    311.756    315.498  0.000e+00
   58.62556 -134.95196     59.722      7.139      7.072    12.4780    16.2694  1012.0485    12.0157    12.4772    104.833    71.8804     0.5856      8.391     7.0640    10.0952    311.733    315.479  0.000e+00
   58.62556 -134.95196     59.722      7.115      7.048    12.4773    16.2762  1012.0537    12.0211    12.4765    104.833    71.7406     0.5856      8.396     7.0638    10.0949    311.723    315.471  0.000e+00
   58.62556 -134.95196     59.683      7.050      6.984    12.4773    16.2717  1012.0499    12.0176    12.4765    104.887    71.7965     0.5562      8.396     7.0676    10.1004    311.892    315.641  0.000e+00
   58.62556 -134.95196     59.731      7.074      7.008    12.4765    16.2657  1012.0456    12.0131    12.4757    104.894    71.8525     0.5856      8.396     7.0685    10.1016    311.932    315.679  0.000e+00
   58.62556 -134.95196     59.683      7.050      6.984    12.4770    16.2641  1012.0442    12.0118    12.4762    104.847    71.8525     0.5856      8.396     7.0654    10.0971    311.794    315.539  0.000e+00
   58.62556 -134.95196     59.707      7.074      7.008    12.4777    16.2642  1012.0442    12.0118    12.4769    104.849    71.8525     0.5856      8.396     7.0654    10.0971    311.795    315.540  0.000e+00
   58.62556 -134.95196     59.627      6.993      6.928    12.4775    16.2662  1012.0455    12.0134    12.4767    104.904    71.8525     0.5562      8.396     7.0690    10.1023    311.954    315.702  0.000e+00
   58.62556 -134.95196     59.627      6.993      6.928    12.4781    16.2649  1012.0443    12.0123    12.4774    104.912    71.8525     0.5856      8.396     7.0695    10.1030    311.977    315.725  0.000e+00
   58.62556 -134.95196     59.587      6.953      6.888    12.4806    16.2525  1012.0342    12.0023    12.4799    104.920    71.8525     0.5856      8.396     7.0702    10.1040    312.010    315.755  0.000e+00
   58.62556 -134.95196     59.563      6.929      6.864    12.4813    16.2356  1012.0209    11.9891    12.4806    104.934    71.8525     0.5856      8.395     7.0718    10.1063    312.085    315.826  0.000e+00
   58.62556 -134.95196     59.563      6.929      6.864    12.4808    16.2148  1012.0050    11.9732    12.4801    104.943    71.8525     0.5562      8.396     7.0734    10.1086    312.161    315.899  0.000e+00
   58.62556 -134.95196     59.531      6.897      6.832    12.4840    16.1821  1011.9791    11.9474    12.4833    104.952    71.8525     0.5562      8.395     7.0750    10.1108    312.237    315.968  0.000e+00
   58.62556 -134.95196     59.563      6.929      6.864    12.4976    16.1223  1011.9310    11.8992    12.4968    104.961    71.8525     0.5562      8.395     7.0761    10.1125    312.304    316.020  0.000e+00
   58.62556 -134.95196     59.507      6.872      6.808    12.5145    16.0288  1011.8560    11.8245    12.5138    104.969    71.8525     0.5856      8.395     7.0782    10.1154    312.418    316.112  0.000e+00
   58.62556 -134.95196     52.915      6.775      6.712    12.5282    15.9215  1011.7707    11.7396    12.5275    104.977    71.8525     0.5562      8.395     7.0814    10.1200    312.584    316.253  0.000e+00
   58.62556 -134.95196     37.775      6.751      6.688    12.5426    15.8133  1011.6849    11.6539    12.5419    104.985    71.8525     0.5856      8.395     7.0845    10.1245    312.751    316.396  0.000e+00
   58.62556 -134.95196     32.744      6.775      6.712    12.5530    15.7493  1011.6341    11.6030    12.5523    104.995    71.8525     0.5856      8.395     7.0865    10.1272    312.851    316.481  0.000e+00
   58.62556 -134.95196     32.842      6.751      6.688    12.5571    15.7411  1011.6269    11.5960    12.5564    105.005    71.8525     0.5856      8.395     7.0869    10.1279    312.872    316.500  0.000e+00
   58.62556 -134.95196     33.452      6.751      6.688    12.5601    15.7350  1011.6218    11.5908    12.5594    105.016    71.8525     0.6149      8.395     7.0874    10.1286    312.897    316.524  0.000e+00
   58.62556 -134.95196     33.616      6.719      6.656    12.5626    15.7202  1011.6098    11.5790    12.5618    105.080    71.7965     0.6149      8.395     7.0920    10.1352    313.103    316.729  0.000e+00
   58.62556 -134.95196     33.536      6.638      6.576    12.5601    15.7313  1011.6184    11.5880    12.5594    105.096    71.7686     0.6149      8.395     7.0930    10.1365    313.143    316.772  0.000e+00
   58.62556 -134.95196     33.511      6.638      6.576    12.5586    15.7561  1011.6378    11.6073    12.5579    105.060    71.7406     0.6149      8.395     7.0896    10.1318    312.990    316.623  0.000e+00
   58.62556 -134.95196     33.447      6.598      6.536    12.5599    15.7728  1011.6503    11.6200    12.5592    105.070    71.7406     0.6149      8.395     7.0894    10.1315    312.977    316.613  0.000e+00
   58.62556 -134.95196     33.487      6.638      6.576    12.5631    15.7728  1011.6499    11.6195    12.5624    105.077    71.7686     0.6149      8.395     7.0893    10.1314    312.973    316.610  0.000e+00
   58.62556 -134.95196     33.447      6.597      6.536    12.5666    15.7538  1011.6345    11.6042    12.5658    105.135    71.7686     0.6149      8.395     7.0936    10.1374    313.166    316.800  0.000e+00
   58.62556 -134.95196     33.423      6.573      6.512    12.5693    15.7247  1011.6116    11.5814    12.5686    105.146    71.7406     0.6149      8.395     7.0952    10.1397    313.243    316.870  0.000e+00
   58.62556 -134.95196     33.367      6.517      6.456    12.5779    15.6846  1011.5791    11.5491    12.5772    105.149    71.7686     0.6149      8.395     7.0959    10.1407    313.284    316.902  0.000e+00
   58.62556 -134.95196     33.447      6.597      6.536    12.5887    15.6393  1011.5428    11.5125    12.5880    105.101    71.7406     0.6149      8.395     7.0930    10.1365    313.166    316.771  0.000e+00
   58.62556 -134.95196     33.367      6.517      6.456    12.5962    15.6094  1011.5182    11.4883    12.5955    105.151    71.7406     0.6149      8.395     7.0965    10.1417    313.332    316.931  0.000e+00
   58.62556 -134.95196     35.980      6.517      6.456    12.5990    15.6027  1011.5126    11.4827    12.5983    105.155    71.7406     0.6149      8.395     7.0966    10.1418    313.338    316.936  0.000e+00
   58.62556 -134.95196     52.301      6.476      6.416    12.5952    15.6165  1011.5236    11.4939    12.5945    105.105    71.7686     0.6149      8.395     7.0932    10.1370    313.185    316.784  0.000e+00
   58.62556 -134.95196     59.774      6.452      6.392    12.5890    15.6413  1011.5436    11.5140    12.5883    105.103    71.7406     0.6149      8.395     7.0929    10.1365    313.165    316.771  0.000e+00
   58.62556 -134.95196     60.360      6.452      6.392    12.5866    15.6585  1011.5573    11.5277    12.5859    105.100    71.7686     0.6149      8.395     7.0924    10.1357    313.137    316.746  0.000e+00
   58.62556 -134.95196     59.700      6.476      6.416    12.5854    15.6632  1011.5612    11.5315    12.5847    105.151    71.7686     0.6149      8.395     7.0958    10.1406    313.287    316.899  0.000e+00
