EcoFOCI/data/1_SampleCollection/2022_GOA-OA_CruiseData/CTD_raw_BottleFile_RC0083/RC0083_002.ros
* Sea-Bird SBE 9 Data File:
* FileName = C:\Data\RC0083ctd\RC0083_002.hex
* Software Version Seasave V 7.26.7.107
* Temperature SN = 2060
* Conductivity SN = 1084
* Number of Bytes Per Scan = 31
* Number of Voltage Words = 4
* Number of Scans Averaged by the Deck Unit = 1
* NMEA Latitude = 54 40.91 N
* NMEA Longitude = 132 54.84 W
* NMEA UTC (Time) = Aug 12 2022  04:38:53
* NMEA baud rate = 4800
** Ship: R/V Rachel Carson
** Cruise ID: RC0083 RC0083
** Tech: McHugh/Nomura
** Chief Scientist: Cross Cross
** Station: DE2
** Cast:  002
# nquan = 21
# nvalues = 294                                   
# units = specified
# name 0 = latitude: Latitude [deg]
# name 1 = longitude: Longitude [deg]
# name 2 = sfdSM: Seafloor depth [salt water, m]
# name 3 = prDM: Pressure, Digiquartz [db]
# name 4 = depSM: Depth [salt water, m]
# name 5 = t090C: Temperature [ITS-90, deg C]
# name 6 = sal00: Salinity, Practical [PSU]
# name 7 = density00: Density [density, kg/m^3]
# name 8 = sigma-é00: Density [sigma-theta, kg/m^3]
# name 9 = potemp090C: Potential Temperature [ITS-90, deg C]
# name 10 = sbeox0PS: Oxygen, SBE 43 [% saturation]
# name 11 = CStarTr0: Beam Transmission, WET Labs C-Star [%]
# name 12 = flECO-AFL: Fluorescence, WET Labs ECO-AFL/FL [mg/m^3]
# name 13 = ph: pH
# name 14 = sbeox0ML/L: Oxygen, SBE 43 [ml/l]
# name 15 = sbeox0Mg/L: Oxygen, SBE 43 [mg/l]
# name 16 = sbox0Mm/Kg: Oxygen, SBE 43 [umol/kg]
# name 17 = sbeox0Mm/L: Oxygen, SBE 43 [umol/l]
# name 18 = scan: Scan Count
# name 19 = nbf: Bottles Fired
# name 20 = flag:  0.000e+00
# interval = seconds: 0.0416667
# start_time = Aug 12 2022 04:38:53 [NMEA time, header]
# bad_flag = -9.990e-29
*END*
[from data line 207]
   54.68380 -132.91098    110.003     11.474     11.371    12.3138    29.9798  1022.6878    22.6363    12.3124     94.690    84.6623     2.5489      8.203     5.8753     8.3964    256.583    262.391      21001          5  0.000e+00
   54.68380 -132.91098    109.939     11.410     11.307    12.3143    29.9799  1022.6875    22.6363    12.3128     94.638    84.6623     2.5782      8.203     5.8720     8.3917    256.439    262.244      21002          5  0.000e+00
   54.68380 -132.91098    109.971     11.442     11.339    12.3151    29.9793  1022.6871    22.6357    12.3137     94.634    84.6623     2.5489      8.203     5.8717     8.3912    256.424    262.228      21003          5  0.000e+00
   54.68380 -132.91098    110.003     11.474     11.371    12.3164    29.9785  1022.6863    22.6348    12.3150     94.628    84.6623     2.5782      8.203     5.8712     8.3905    256.403    262.207      21004          5  0.000e+00
   54.68380 -132.91098    110.003     11.474     11.371    12.3160    29.9787  1022.6866    22.6350    12.3145     94.627    84.6623     2.5782      8.203     5.8712     8.3905    256.402    262.206      21005          5  0.000e+00
   54.68380 -132.91098    110.003     11.474     11.371    12.3150    29.9792  1022.6872    22.6356    12.3135     94.619    84.6623     2.5489      8.203     5.8708     8.3899    256.385    262.188      21006          5  0.000e+00
   54.68380 -132.91098    109.971     11.442     11.339    12.3140    29.9800  1022.6878    22.6364    12.3126     94.556    84.9420     2.5489      8.203     5.8669     8.3845    256.218    262.018      21007          5  0.000e+00
   54.68380 -132.91098    109.906     11.474     11.371    12.3123    29.9805  1022.6887    22.6371    12.3109     94.541    85.1377     2.5489      8.203     5.8662     8.3834    256.185    261.984      21008          5  0.000e+00
   54.68380 -132.91098    109.833     11.474     11.371    12.3113    29.9810  1022.6893    22.6377    12.3099     94.578    85.1657     2.5782      8.203     5.8686     8.3868    256.289    262.090      21009          5  0.000e+00
   54.68380 -132.91098    109.808     11.474     11.371    12.3108    29.9809  1022.6893    22.6377    12.3093     94.512    85.1657     2.5489      8.203     5.8646     8.3810    256.114    261.911      21010          5  0.000e+00
   54.68380 -132.91098    109.801     11.442     11.339    12.3103    29.9813  1022.6895    22.6381    12.3088     94.546    85.1657     2.5782      8.203     5.8667     8.3842    256.208    262.008      21011          5  0.000e+00
   54.68380 -132.91098    109.833     11.474     11.371    12.3101    29.9816  1022.6899    22.6384    12.3087     94.532    85.1657     2.5782      8.203     5.8659     8.3829    256.170    261.970      21012          5  0.000e+00
   54.68380 -132.91098    109.833     11.474     11.371    12.3110    29.9814  1022.6896    22.6381    12.3095     94.463    85.1657     2.5196      8.203     5.8615     8.3766    255.979    261.774      21013          5  0.000e+00
   54.68380 -132.91098    109.801     11.442     11.339    12.3124    29.9810  1022.6889    22.6375    12.3110     94.446    85.1657     2.4610      8.203     5.8603     8.3749    255.926    261.720      21014          5  0.000e+00
   54.68380 -132.91098    109.833     11.474     11.371    12.3143    29.9801  1022.6880    22.6365    12.3128     94.429    85.1657     2.4610      8.203     5.8590     8.3732    255.873    261.665      21015          5  0.000e+00
   54.68380 -132.91098    109.833     11.474     11.371    12.3150    29.9799  1022.6877    22.6361    12.3135     94.411    85.1377     2.4317      8.203     5.8579     8.3715    255.821    261.612      21016          5  0.000e+00
   54.68380 -132.91098    109.769     11.410     11.307    12.3139    29.9800  1022.6877    22.6365    12.3125     94.339    85.1657     2.4610      8.203     5.8535     8.3652    255.630    261.416      21017          5  0.000e+00
   54.68380 -132.91098    109.801     11.442     11.339    12.3131    29.9798  1022.6878    22.6364    12.3117     94.368    85.1657     2.4610      8.203     5.8554     8.3680    255.714    261.502      21018          5  0.000e+00
   54.68380 -132.91098    109.833     11.474     11.371    12.3123    29.9803  1022.6885    22.6369    12.3109     94.349    85.1657     2.4610      8.203     5.8543     8.3664    255.666    261.453      21019          5  0.000e+00
   54.68382 -132.91098    109.769     11.410     11.307    12.3120    29.9807  1022.6886    22.6374    12.3105     94.334    85.1657     2.4610      8.203     5.8534     8.3651    255.625    261.412      21020          5  0.000e+00
   54.68382 -132.91098    109.737     11.378     11.275    12.3118    29.9808  1022.6885    22.6374    12.3103     94.319    85.1657     2.4610      8.203     5.8525     8.3637    255.585    261.371      21021          5  0.000e+00
   54.68382 -132.91098    109.817     11.410     11.307    12.3111    29.9806  1022.6887    22.6374    12.3097     94.250    85.1657     2.4610      8.203     5.8483     8.3578    255.403    261.185      21022          5  0.000e+00
   54.68382 -132.91098    109.915     11.410     11.307    12.3106    29.9810  1022.6891    22.6378    12.3092     94.229    85.1657     2.4610      8.203     5.8470     8.3560    255.348    261.128      21023          5  0.000e+00
   54.68382 -132.91098    109.884     11.353     11.251    12.3103    29.9805  1022.6885    22.6375    12.3088     94.207    85.1657     2.4610      8.203     5.8457     8.3541    255.291    261.070      21024          5  0.000e+00
   54.68382 -132.91098    109.851     11.321     11.219    12.3080    29.9816  1022.6896    22.6388    12.3065     94.185    85.1657     2.4610      8.203     5.8446     8.3525    255.241    261.020      21025          5  0.000e+00
   54.68382 -132.91098    109.884     11.353     11.251    12.3070    29.9818  1022.6901    22.6391    12.3056     94.163    85.1657     2.4610      8.203     5.8434     8.3508    255.188    260.965      21026          5  0.000e+00
   54.68382 -132.91098    109.884     11.353     11.251    12.3068    29.9819  1022.6902    22.6392    12.3054     94.141    85.2776     2.4610      8.203     5.8420     8.3488    255.128    260.904      21027          5  0.000e+00
   54.68382 -132.91098    109.819     11.289     11.187    12.3068    29.9821  1022.6901    22.6394    12.3054     94.124    85.4454     2.4610      8.203     5.8409     8.3473    255.081    260.856      21028          5  0.000e+00
   54.68382 -132.91098    109.852     11.321     11.219    12.3078    29.9815  1022.6896    22.6387    12.3063     94.108    85.4734     2.4610      8.203     5.8398     8.3457    255.033    260.806      21029          5  0.000e+00
   54.68382 -132.91098    109.739     11.232     11.131    12.3083    29.9816  1022.6892    22.6387    12.3069     94.096    85.4734     2.4610      8.203     5.8390     8.3446    254.998    260.771      21030          5  0.000e+00
   54.68382 -132.91098    109.763     11.232     11.131    12.3080    29.9818  1022.6894    22.6389    12.3066     94.085    85.4454     2.4610      8.203     5.8384     8.3437    254.971    260.744      21031          5  0.000e+00
   54.68382 -132.91098    109.796     11.265     11.163    12.3070    29.9817  1022.6897    22.6391    12.3056     94.082    85.4454     2.4610      8.203     5.8383     8.3435    254.966    260.739      21032          5  0.000e+00
   54.68382 -132.91098    109.683     11.176     11.075    12.3068    29.9817  1022.6892    22.6390    12.3054     94.071    85.4454     2.4317      8.203     5.8377     8.3426    254.938    260.710      21033          5  0.000e+00
   54.68382 -132.91098    109.763     11.232     11.131    12.3068    29.9821  1022.6898    22.6393    12.3054     94.068    85.4454     2.3438      8.203     5.8375     8.3423    254.930    260.701      21034          5  0.000e+00
   54.68382 -132.91098    109.643     11.111     11.011    12.3074    29.9819  1022.6890    22.6391    12.3060     94.063    85.4454     2.3145      8.203     5.8371     8.3418    254.914    260.685      21035          5  0.000e+00
   54.68382 -132.91098    109.675     11.143     11.043    12.3078    29.9821  1022.6892    22.6392    12.3064     94.008    85.4454     2.2852      8.203     5.8336     8.3368    254.761    260.529      21036          5  0.000e+00
   54.68382 -132.91098    109.619     11.111     11.011    12.3083    29.9822  1022.6891    22.6392    12.3069     94.006    85.4454     2.3145      8.203     5.8334     8.3365    254.753    260.520      21037          5  0.000e+00
   54.68382 -132.91098    109.643     11.111     11.011    12.3095    29.9823  1022.6890    22.6391    12.3081     93.999    85.4454     2.3145      8.203     5.8328     8.3357    254.728    260.495      21038          5  0.000e+00
   54.68410 -132.91068    101.708      3.103      3.075    14.0659    29.2759  1021.7691    21.7553    14.0654    106.692    76.3555     3.1057      8.280     6.4115     9.1627    280.243    286.339      22805          6  0.000e+00
   54.68410 -132.91068    101.804      3.200      3.171    14.0669    29.2753  1021.7689    21.7546    14.0665    106.676    76.1317     3.0764      8.280     6.4104     9.1612    280.195    286.291      22806          6  0.000e+00
   54.68410 -132.91068    101.948      3.345      3.315    14.0677    29.2748  1021.7690    21.7541    14.0673    106.666    75.9919     3.0764      8.280     6.4098     9.1602    280.166    286.261      22807          6  0.000e+00
   54.68410 -132.91068    101.628      3.022      2.995    14.0689    29.2749  1021.7674    21.7539    14.0685    106.651    75.9639     3.0764      8.280     6.4087     9.1587    280.120    286.214      22808          6  0.000e+00
   54.68410 -132.91068    101.739      3.160      3.131    14.0696    29.2744  1021.7674    21.7533    14.0691    106.696    75.9919     3.1057      8.280     6.4114     9.1625    280.235    286.331      22809          6  0.000e+00
   54.68410 -132.91068    101.748      3.143      3.115    14.0704    29.2746  1021.7674    21.7534    14.0700    106.692    75.9919     3.0764      8.280     6.4110     9.1619    280.219    286.315      22810          6  0.000e+00
   54.68410 -132.91068    101.588      2.982      2.955    14.0709    29.2741  1021.7662    21.7528    14.0705    106.686    75.9919     3.0764      8.280     6.4106     9.1614    280.203    286.298      22811          6  0.000e+00
   54.68410 -132.91068    101.628      3.022      2.995    14.0711    29.2745  1021.7666    21.7531    14.0707    106.684    75.9919     3.0764      8.280     6.4105     9.1612    280.196    286.291      22812          6  0.000e+00
   54.68410 -132.91068    101.572      2.966      2.939    14.0714    29.2743  1021.7661    21.7529    14.0710    106.682    75.9919     3.0764      8.280     6.4103     9.1609    280.187    286.282      22813          6  0.000e+00
   54.68410 -132.91068    101.563      2.982      2.955    14.0723    29.2740  1021.7658    21.7525    14.0719    106.681    75.9919     3.0764      8.280     6.4101     9.1607    280.180    286.275      22814          6  0.000e+00
   54.68410 -132.91068    101.508      2.901      2.875    14.0724    29.2742  1021.7656    21.7527    14.0720    106.679    75.9919     3.0764      8.280     6.4100     9.1605    280.174    286.269      22815          6  0.000e+00
   54.68410 -132.91068    101.532      2.925      2.899    14.0725    29.2741  1021.7656    21.7525    14.0721    106.679    75.9919     3.0764      8.280     6.4100     9.1605    280.175    286.270      22816          6  0.000e+00
   54.68410 -132.91068    101.508      2.901      2.875    14.0724    29.2742  1021.7656    21.7527    14.0720    106.679    75.9919     3.1643      8.280     6.4100     9.1605    280.176    286.270      22817          6  0.000e+00
   54.68410 -132.91068    101.532      2.925      2.899    14.0728    29.2742  1021.7656    21.7525    14.0724    106.681    75.9919     3.3987      8.280     6.4100     9.1606    280.178    286.273      22818          6  0.000e+00
   54.68410 -132.91068    101.572      2.966      2.939    14.0750    29.2735  1021.7648    21.7515    14.0746    106.683    75.9919     3.4867      8.280     6.4099     9.1604    280.173    286.267      22819          6  0.000e+00
   54.68410 -132.91066    101.532      2.925      2.899    14.0758    29.2727  1021.7638    21.7508    14.0754    106.686    75.9919     3.4867      8.280     6.4100     9.1605    280.176    286.270      22820          6  0.000e+00
   54.68410 -132.91066    101.508      2.901      2.875    14.0758    29.2728  1021.7638    21.7509    14.0754    106.688    75.9919     3.4867      8.280     6.4101     9.1607    280.183    286.277      22821          6  0.000e+00
   54.68410 -132.91066    101.572      2.966      2.939    14.0750    29.2734  1021.7647    21.7515    14.0745    106.693    75.9919     3.4867      8.280     6.4105     9.1613    280.199    286.294      22822          6  0.000e+00
   54.68410 -132.91066    101.532      2.925      2.899    14.0740    29.2739  1021.7651    21.7521    14.0736    106.697    75.9919     3.4867      8.280     6.4109     9.1618    280.214    286.310      22823          6  0.000e+00
   54.68410 -132.91066    101.572      2.966      2.939    14.0739    29.2739  1021.7653    21.7521    14.0735    106.650    75.9919     3.4867      8.280     6.4081     9.1577    280.091    286.184      22824          6  0.000e+00
   54.68410 -132.91066    101.588      2.982      2.955    14.0727    29.2741  1021.7658    21.7525    14.0722    106.657    75.9919     3.4867      8.280     6.4086     9.1585    280.115    286.208      22825          6  0.000e+00
   54.68410 -132.91066    101.572      2.966      2.939    14.0702    29.2751  1021.7670    21.7538    14.0698    106.664    75.9359     3.4867      8.280     6.4093     9.1596    280.146    286.240      22826          6  0.000e+00
   54.68410 -132.91066    101.588      2.982      2.955    14.0704    29.2753  1021.7672    21.7539    14.0700    106.673    75.9080     3.4867      8.280     6.4098     9.1603    280.167    286.262      22827          6  0.000e+00
   54.68410 -132.91066    101.628      3.022      2.995    14.0711    29.2750  1021.7670    21.7536    14.0706    106.683    75.9080     3.4867      8.280     6.4103     9.1610    280.190    286.286      22828          6  0.000e+00
   54.68410 -132.91066    101.652      3.047      3.019    14.0711    29.2755  1021.7675    21.7539    14.0707    106.694    75.9080     3.4867      8.280     6.4110     9.1619    280.218    286.314      22829          6  0.000e+00
   54.68410 -132.91066    101.628      3.022      2.995    14.0714    29.2751  1021.7670    21.7535    14.0710    106.705    75.9080     3.4867      8.280     6.4116     9.1629    280.247    286.343      22830          6  0.000e+00
   54.68410 -132.91066    101.628      3.022      2.995    14.0711    29.2752  1021.7672    21.7537    14.0707    106.718    75.9080     3.4867      8.280     6.4124     9.1640    280.282    286.379      22831          6  0.000e+00
   54.68410 -132.91066    101.708      3.103      3.075    14.0709    29.2753  1021.7677    21.7538    14.0705    106.733    75.9080     3.4867      8.280     6.4134     9.1653    280.322    286.420      22832          6  0.000e+00
   54.68410 -132.91066    100.927      3.079      3.051    14.0702    29.2757  1021.7680    21.7542    14.0698    106.748    75.9080     3.4867      8.280     6.4143     9.1667    280.364    286.463      22833          6  0.000e+00
   54.68410 -132.91066     44.401      3.160      3.131    14.0701    29.2757  1021.7684    21.7543    14.0697    106.818    75.9080     3.4867      8.280     6.4185     9.1727    280.549    286.652      22834          6  0.000e+00
