EcoFOCI/data/1_SampleCollection/2022_GOA-OA_CruiseData/CTD_raw_BottleFile_RC0083/RC0083_003.ros
* Sea-Bird SBE 9 Data File:
* FileName = C:\Data\RC0083ctd\RC0083_003.hex
* Software Version Seasave V 7.26.7.107
* Temperature SN = 2060
* Conductivity SN = 1084
* Number of Bytes Per Scan = 31
* Number of Voltage Words = 4
* Number of Scans Averaged by the Deck Unit = 1
* NMEA Latitude = 54 40.38 N
* NMEA Longitude = 133 02.47 W
* NMEA UTC (Time) = Aug 12 2022  05:42:01
* NMEA baud rate = 4800
** Ship: R/V Rachel Carson
** Cruise ID: RC0083 RC0083
** Tech: McHugh/Nomura
** Chief Scientist: Cross Cross
** Station: DE3
** Cast:  003
# nquan = 21
# nvalues = 343                                   
# units = specified
# name 0 = latitude: Latitude [deg]
# name 1 = longitude: Longitude [deg]
# name 2 = sfdSM: Seafloor depth [salt water, m]
# name 3 = prDM: Pressure, Digiquartz [db]
# name 4 = depSM: Depth [salt water, m]
# name 5 = t090C: Temperature [ITS-90, deg C]
# name 6 = sal00: Salinity, Practical [PSU]
# name 7 = density00: Density [density, kg/m^3]
# name 8 = sigma-é00: Density [sigma-theta, kg/m^3]
# name 9 = potemp090C: Potential Temperature [ITS-90, deg C]
# name 10 = sbeox0PS: Oxygen, SBE 43 [% saturation]
# name 11 = CStarTr0: Beam Transmission, WET Labs C-Star [%]
# name 12 = flECO-AFL: Fluorescence, WET Labs ECO-AFL/FL [mg/m^3]
# name 13 = ph: pH
# name 14 = sbeox0ML/L: Oxygen, SBE 43 [ml/l]
# name 15 = sbeox0Mg/L: Oxygen, SBE 43 [mg/l]
# name 16 = sbox0Mm/Kg: Oxygen, SBE 43 [umol/kg]
# name 17 = sbeox0Mm/L: Oxygen, SBE 43 [umol/l]
# name 18 = scan: Scan Count
# name 19 = nbf: Bottles Fired
# name 20 = flag:  0.000e+00
# interval = seconds: 0.0416667
# start_time = Aug 12 2022 05:42:01 [NMEA time, header]
# bad_flag = -9.990e-29
*END*
[from data line 207]
   54.67360 -133.03656    149.303     51.137     50.671     7.4813    32.5684  1025.6729    25.4388     7.4766     61.023   105.8348    -0.0298      7.936     4.1402     5.9168    180.316    184.903      20742          5  0.000e+00
   54.67360 -133.03656    149.295     51.128     50.663     7.4817    32.5680  1025.6725    25.4384     7.4770     60.976   105.8348    -0.0298      7.936     4.1370     5.9122    180.176    184.759      20743          5  0.000e+00
   54.67360 -133.03656    149.303     51.137     50.671     7.4823    32.5676  1025.6721    25.4380     7.4776     61.035   105.8348    -0.0298      7.936     4.1409     5.9178    180.346    184.934      20744          5  0.000e+00
   54.67360 -133.03656    149.239     51.072     50.607     7.4827    32.5675  1025.6717    25.4379     7.4780     60.989   105.8348    -0.0298      7.936     4.1378     5.9133    180.211    184.795      20745          5  0.000e+00
   54.67360 -133.03656    149.239     51.072     50.607     7.4831    32.5673  1025.6715    25.4377     7.4783     60.994   105.8348    -0.0298      7.936     4.1381     5.9138    180.224    184.808      20746          5  0.000e+00
   54.67360 -133.03656    149.295     51.128     50.663     7.4835    32.5671  1025.6715    25.4374     7.4788     61.049   105.8348    -0.0298      7.936     4.1418     5.9190    180.383    184.972      20747          5  0.000e+00
   54.67360 -133.03656    149.239     51.072     50.607     7.4836    32.5669  1025.6711    25.4373     7.4788     60.999   105.8348    -0.0298      7.936     4.1384     5.9142    180.236    184.821      20748          5  0.000e+00
   54.67360 -133.03656    149.239     51.072     50.607     7.4835    32.5671  1025.6713    25.4375     7.4788     60.999   105.8348    -0.0298      7.936     4.1384     5.9142    180.236    184.821      20749          5  0.000e+00
   54.67360 -133.03656    149.239     51.072     50.607     7.4829    32.5673  1025.6715    25.4377     7.4782     61.056   105.8348    -0.0298      7.936     4.1423     5.9197    180.406    184.995      20750          5  0.000e+00
   54.67360 -133.03656    149.183     51.015     50.551     7.4824    32.5679  1025.6718    25.4382     7.4776     61.064   105.8348    -0.0298      7.936     4.1429     5.9206    180.432    185.022      20751          5  0.000e+00
   54.67360 -133.03656    149.239     51.072     50.607     7.4833    32.5679  1025.6719    25.4381     7.4786     61.018   105.8348    -0.0298      7.936     4.1397     5.9160    180.292    184.879      20752          5  0.000e+00
   54.67360 -133.03656    149.239     51.072     50.607     7.4877    32.5653  1025.6692    25.4354     7.4830     61.020   105.8348    -0.0298      7.936     4.1395     5.9158    180.285    184.871      20753          5  0.000e+00
   54.67360 -133.03656    149.239     51.072     50.607     7.4920    32.5629  1025.6668    25.4330     7.4873     61.072   105.8348    -0.0298      7.936     4.1427     5.9203    180.423    185.011      20754          5  0.000e+00
   54.67360 -133.03656    149.183     51.015     50.551     7.4940    32.5617  1025.6653    25.4318     7.4893     61.020   105.8068    -0.0298      7.936     4.1390     5.9150    180.261    184.846      20755          5  0.000e+00
   54.67360 -133.03656    149.239     51.072     50.607     7.4941    32.5619  1025.6657    25.4319     7.4894     61.017   105.7789    -0.0298      7.936     4.1388     5.9147    180.254    184.838      20756          5  0.000e+00
   54.67360 -133.03656    149.239     51.072     50.607     7.4943    32.5620  1025.6658    25.4320     7.4896     61.015   105.7789    -0.0298      7.936     4.1386     5.9145    180.247    184.831      20757          5  0.000e+00
   54.67360 -133.03656    149.239     51.072     50.607     7.4958    32.5611  1025.6649    25.4311     7.4910     61.013   105.7789    -0.0298      7.936     4.1384     5.9142    180.237    184.820      20758          5  0.000e+00
   54.67360 -133.03656    149.239     51.072     50.607     7.4943    32.5612  1025.6651    25.4313     7.4896     61.013   105.7789    -0.0298      7.936     4.1385     5.9143    180.241    184.824      20759          5  0.000e+00
   54.67360 -133.03656    149.239     51.072     50.607     7.4838    32.5676  1025.6716    25.4378     7.4790     61.014   105.7789    -0.0298      7.936     4.1394     5.9156    180.278    184.864      20760          5  0.000e+00
   54.67360 -133.03656    149.239     51.072     50.607     7.4796    32.5696  1025.6738    25.4400     7.4749     61.015   105.7789    -0.0298      7.936     4.1398     5.9161    180.295    184.881      20761          5  0.000e+00
   54.67360 -133.03656    149.239     51.072     50.607     7.4782    32.5701  1025.6744    25.4405     7.4735     61.016   105.7789    -0.0298      7.936     4.1400     5.9164    180.303    184.890      20762          5  0.000e+00
   54.67360 -133.03656    149.239     51.072     50.607     7.4752    32.5719  1025.6762    25.4424     7.4704     60.962   105.7789    -0.0298      7.936     4.1365     5.9115    180.154    184.738      20763          5  0.000e+00
   54.67360 -133.03656    149.295     51.129     50.663     7.4748    32.5714  1025.6761    25.4421     7.4701     60.958   105.7789    -0.0298      7.936     4.1363     5.9112    180.144    184.727      20764          5  0.000e+00
   54.67360 -133.03656    149.239     51.072     50.607     7.4776    32.5702  1025.6746    25.4407     7.4728     60.953   105.7789    -0.0298      7.936     4.1357     5.9104    180.120    184.702      20765          5  0.000e+00
   54.67360 -133.03656    149.295     51.129     50.663     7.4788    32.5695  1025.6741    25.4400     7.4741     61.006   105.7789    -0.0298      7.936     4.1392     5.9154    180.272    184.858      20766          5  0.000e+00
   54.67360 -133.03656    149.303     51.137     50.671     7.4784    32.5697  1025.6743    25.4402     7.4737     61.011   105.7789    -0.0298      7.936     4.1396     5.9159    180.288    184.875      20767          5  0.000e+00
   54.67360 -133.03656    149.295     51.129     50.663     7.4761    32.5712  1025.6758    25.4417     7.4714     61.016   105.7789    -0.0298      7.936     4.1402     5.9167    180.312    184.900      20768          5  0.000e+00
   54.67360 -133.03656    149.359     51.193     50.727     7.4737    32.5721  1025.6772    25.4428     7.4689     61.023   105.7789    -0.0298      7.936     4.1408     5.9177    180.341    184.930      20769          5  0.000e+00
   54.67360 -133.03656    149.295     51.129     50.663     7.4713    32.5732  1025.6781    25.4440     7.4666     61.030   105.7789    -0.0298      7.936     4.1415     5.9186    180.369    184.958      20770          5  0.000e+00
   54.67360 -133.03656    149.359     51.193     50.727     7.4675    32.5754  1025.6806    25.4462     7.4627     61.038   105.7789    -0.0298      7.936     4.1423     5.9198    180.406    184.996      20771          5  0.000e+00
   54.67360 -133.03656    149.359     51.193     50.727     7.4649    32.5771  1025.6823    25.4479     7.4601     61.046   105.7789    -0.0298      7.936     4.1431     5.9209    180.438    185.030      20772          5  0.000e+00
   54.67360 -133.03656    149.359     51.193     50.727     7.4644    32.5769  1025.6822    25.4478     7.4597     61.055   105.7789    -0.0298      7.936     4.1437     5.9218    180.465    185.058      20773          5  0.000e+00
   54.67360 -133.03656    149.415     51.250     50.783     7.4639    32.5773  1025.6828    25.4482     7.4591     61.001   105.7789    -0.0298      7.936     4.1401     5.9166    180.309    184.897      20774          5  0.000e+00
   54.67360 -133.03656    149.415     51.250     50.783     7.4642    32.5772  1025.6827    25.4481     7.4595     60.996   105.8348    -0.0298      7.936     4.1397     5.9161    180.292    184.880      20775          5  0.000e+00
   54.67360 -133.03656    149.175     51.007     50.543     7.4639    32.5770  1025.6815    25.4480     7.4592     61.045   105.8348    -0.0298      7.936     4.1431     5.9209    180.439    185.031      20776          5  0.000e+00
   54.67360 -133.03656    149.656     51.492     51.023     7.4629    32.5774  1025.6842    25.4484     7.4581     61.052   105.8348    -0.0298      7.937     4.1437     5.9217    180.464    185.056      20777          5  0.000e+00
   54.67360 -133.03656    149.359     51.193     50.727     7.4644    32.5770  1025.6823    25.4479     7.4597     61.053   105.8348    -0.0298      7.936     4.1436     5.9216    180.460    185.052      20778          5  0.000e+00
   54.67360 -133.03656    149.536     51.371     50.903     7.4668    32.5759  1025.6819    25.4467     7.4620     61.057   105.8348    -0.0298      7.936     4.1437     5.9218    180.466    185.058      20779          5  0.000e+00
   54.67370 -133.03584    111.635     25.960     25.725     9.5372    31.7068  1024.5746    24.4568     9.5344     74.828   100.8004     0.8786      8.068     4.8753     6.9673    212.532    217.730      22803          6  0.000e+00
   54.67370 -133.03584    111.875     26.203     25.966     9.5378    31.7062  1024.5752    24.4562     9.5350     74.830   100.8004     0.8786      8.068     4.8753     6.9674    212.535    217.733      22804          6  0.000e+00
   54.67370 -133.03584    111.811     26.138     25.902     9.5384    31.7063  1024.5749    24.4562     9.5356     74.774   100.8004     0.8786      8.068     4.8717     6.9621    212.374    217.568      22805          6  0.000e+00
   54.67370 -133.03584    111.755     26.082     25.846     9.5379    31.7065  1024.5749    24.4565     9.5351     74.767   100.8004     0.8786      8.068     4.8712     6.9615    212.355    217.549      22806          6  0.000e+00
   54.67370 -133.03584    111.875     26.203     25.966     9.5382    31.7062  1024.5751    24.4562     9.5354     74.761   100.8004     0.8786      8.068     4.8709     6.9609    212.339    217.532      22807          6  0.000e+00
   54.67370 -133.03584    113.350     26.138     25.902     9.5391    31.7059  1024.5745    24.4559     9.5363     74.754   100.8004     0.8786      8.068     4.8703     6.9602    212.316    217.508      22808          6  0.000e+00
   54.67370 -133.03584    121.255     26.082     25.846     9.5392    31.7066  1024.5748    24.4564     9.5364     74.748   100.8004     0.8786      8.068     4.8698     6.9595    212.295    217.487      22809          6  0.000e+00
   54.67370 -133.03584    124.722     26.082     25.846     9.5395    31.7062  1024.5743    24.4560     9.5367     74.797   100.8004     0.8786      8.068     4.8730     6.9640    212.433    217.629      22810          6  0.000e+00
   54.67370 -133.03584    124.974     26.138     25.902     9.5397    31.7059  1024.5744    24.4558     9.5369     74.798   100.8004     0.8786      8.068     4.8731     6.9641    212.437    217.632      22811          6  0.000e+00
   54.67370 -133.03584    124.600     26.082     25.846     9.5395    31.7062  1024.5744    24.4560     9.5367     74.798   100.8004     0.8493      8.068     4.8731     6.9642    212.438    217.633      22812          6  0.000e+00
   54.67370 -133.03584    124.454     26.082     25.846     9.5399    31.7056  1024.5738    24.4555     9.5371     74.799   100.8004     0.8786      8.068     4.8731     6.9642    212.439    217.635      22813          6  0.000e+00
   54.67370 -133.03584    124.390     26.017     25.782     9.5395    31.7061  1024.5740    24.4559     9.5367     74.751   100.8004     0.8786      8.068     4.8701     6.9598    212.306    217.498      22814          6  0.000e+00
   54.67370 -133.03584    124.478     26.082     25.846     9.5395    31.7062  1024.5744    24.4560     9.5367     74.747   100.8283     0.8786      8.068     4.8698     6.9594    212.292    217.484      22815          6  0.000e+00
   54.67370 -133.03584    124.478     26.082     25.846     9.5388    31.7069  1024.5750    24.4567     9.5361     74.742   100.8563     0.8786      8.068     4.8695     6.9590    212.281    217.472      22816          6  0.000e+00
   54.67370 -133.03584    124.438     26.041     25.806     9.5398    31.7061  1024.5741    24.4559     9.5370     74.737   100.8563     0.8786      8.068     4.8691     6.9584    212.263    217.454      22817          6  0.000e+00
   54.67370 -133.03584    124.478     26.082     25.846     9.5400    31.7061  1024.5742    24.4558     9.5372     74.740   100.8563     0.8786      8.068     4.8693     6.9587    212.270    217.461      22818          6  0.000e+00
   54.67370 -133.03584    124.414     26.017     25.782     9.5400    31.7062  1024.5740    24.4559     9.5372     74.735   100.8563     0.8786      8.068     4.8690     6.9582    212.257    217.448      22819          6  0.000e+00
   54.67370 -133.03584    124.414     26.017     25.782     9.5408    31.7057  1024.5735    24.4554     9.5381     74.732   100.8563     0.8786      8.068     4.8687     6.9578    212.244    217.434      22820          6  0.000e+00
   54.67370 -133.03584    124.414     26.017     25.782     9.5408    31.7062  1024.5739    24.4558     9.5380     74.729   100.8563     0.8493      8.068     4.8684     6.9575    212.234    217.425      22821          6  0.000e+00
   54.67370 -133.03582    124.414     26.017     25.782     9.5410    31.7059  1024.5736    24.4555     9.5383     74.726   100.8563     0.9079      8.068     4.8682     6.9572    212.225    217.415      22822          6  0.000e+00
   54.67370 -133.03582    124.414     26.017     25.782     9.5413    31.7059  1024.5735    24.4554     9.5385     74.723   100.8563     0.9372      8.068     4.8680     6.9569    212.216    217.406      22823          6  0.000e+00
   54.67370 -133.03582    124.358     25.960     25.726     9.5425    31.7050  1024.5724    24.4546     9.5398     74.720   100.8563     0.9665      8.068     4.8677     6.9564    212.203    217.392      22824          6  0.000e+00
   54.67370 -133.03582    124.414     26.017     25.782     9.5430    31.7047  1024.5723    24.4543     9.5402     74.718   100.8563     0.9665      8.068     4.8676     6.9562    212.197    217.386      22825          6  0.000e+00
   54.67370 -133.03582    124.358     25.960     25.726     9.5425    31.7051  1024.5725    24.4547     9.5397     74.722   100.8563     0.9665      8.068     4.8679     6.9567    212.211    217.400      22826          6  0.000e+00
   54.67370 -133.03582    124.414     26.017     25.782     9.5425    31.7049  1024.5726    24.4545     9.5398     74.728   100.8563     0.9665      8.068     4.8683     6.9573    212.227    217.417      22827          6  0.000e+00
   54.67370 -133.03582    124.358     25.960     25.726     9.5427    31.7047  1024.5721    24.4543     9.5399     74.727   100.8563     0.9665      8.068     4.8682     6.9571    212.223    217.413      22828          6  0.000e+00
   54.67370 -133.03582    124.414     26.017     25.782     9.5425    31.7046  1024.5724    24.4543     9.5397     74.734   100.8563     0.9372      8.068     4.8686     6.9578    212.244    217.434      22829          6  0.000e+00
   54.67370 -133.03582    124.358     25.960     25.726     9.5420    31.7046  1024.5722    24.4544     9.5392     74.733   100.8563     0.9665      8.068     4.8687     6.9578    212.244    217.435      22830          6  0.000e+00
   54.67370 -133.03582    124.358     25.960     25.726     9.5416    31.7048  1024.5724    24.4546     9.5388     74.734   100.8563     0.9665      8.068     4.8687     6.9579    212.247    217.437      22831          6  0.000e+00
   54.67370 -133.03582    124.358     25.960     25.726     9.5408    31.7048  1024.5725    24.4547     9.5381     74.734   100.8563     0.9372      8.068     4.8688     6.9581    212.252    217.443      22832          6  0.000e+00
