EcoFOCI/data/1_SampleCollection/2022_GOA-OA_CruiseData/CTD_raw_BottleFile_RC0083/RC0083_060.ros
* Sea-Bird SBE 9 Data File:
* FileName = C:\Data\RC0083ctd\RC0083_060.hex
* Software Version Seasave V 7.26.7.107
* Temperature SN = 2060
* Conductivity SN = 1084
* Number of Bytes Per Scan = 31
* Number of Voltage Words = 4
* Number of Scans Averaged by the Deck Unit = 1
* NMEA Latitude = 58 48.70 N
* NMEA Longitude = 136 28.46 W
* NMEA UTC (Time) = Aug 20 2022  07:32:43
* NMEA baud rate = 4800
** Ship: R/V Rachel Carson
** Cruise ID: RC0083
** Tech: McHugh/Nomura
** Chief Scientist: Cross
** Station: GB07
** Cast:  CTD060
# nquan = 21
# nvalues = 294                                   
# units = specified
# name 0 = latitude: Latitude [deg]
# name 1 = longitude: Longitude [deg]
# name 2 = sfdSM: Seafloor depth [salt water, m]
# name 3 = prDM: Pressure, Digiquartz [db]
# name 4 = depSM: Depth [salt water, m]
# name 5 = t090C: Temperature [ITS-90, deg C]
# name 6 = sal00: Salinity, Practical [PSU]
# name 7 = density00: Density [density, kg/m^3]
# name 8 = sigma-é00: Density [sigma-theta, kg/m^3]
# name 9 = potemp090C: Potential Temperature [ITS-90, deg C]
# name 10 = sbeox0PS: Oxygen, SBE 43 [% saturation]
# name 11 = CStarTr0: Beam Transmission, WET Labs C-Star [%]
# name 12 = flECO-AFL: Fluorescence, WET Labs ECO-AFL/FL [mg/m^3]
# name 13 = ph: pH
# name 14 = sbeox0ML/L: Oxygen, SBE 43 [ml/l]
# name 15 = sbeox0Mg/L: Oxygen, SBE 43 [mg/l]
# name 16 = sbox0Mm/Kg: Oxygen, SBE 43 [umol/kg]
# name 17 = sbeox0Mm/L: Oxygen, SBE 43 [umol/l]
# name 18 = scan: Scan Count
# name 19 = nbf: Bottles Fired
# name 20 = flag:  0.000e+00
# interval = seconds: 0.0416667
# start_time = Aug 20 2022 07:32:43 [NMEA time, header]
# bad_flag = -9.990e-29
*END*
[from data line 69]
   58.80992 -136.47040    399.071    303.492    300.439     4.7677    31.0196  1025.9575    24.5476     4.7463     77.179   103.2337    -0.0591      7.917     5.6378     8.0570    245.754    251.786      19303          2  0.000e+00
   58.80992 -136.47040    399.007    303.427    300.374     4.7676    31.0198  1025.9574    24.5478     4.7462     77.174   103.2337    -0.0591      7.917     5.6375     8.0565    245.737    251.770      19304          2  0.000e+00
   58.80992 -136.47040    399.071    303.492    300.439     4.7676    31.0199  1025.9577    24.5478     4.7462     77.171   103.2337    -0.0591      7.917     5.6372     8.0561    245.726    251.758      19305          2  0.000e+00
   58.80992 -136.47040    399.063    303.484    300.431     4.7675    31.0197  1025.9576    24.5477     4.7461     77.167   103.2337    -0.0591      7.917     5.6370     8.0558    245.715    251.746      19306          2  0.000e+00
   58.80992 -136.47040    399.007    303.427    300.374     4.7676    31.0198  1025.9574    24.5478     4.7462     77.163   103.2337    -0.0591      7.917     5.6367     8.0553    245.702    251.733      19307          2  0.000e+00
   58.80992 -136.47040    399.063    303.484    300.431     4.7676    31.0199  1025.9577    24.5478     4.7462     77.220   103.2337    -0.0591      7.917     5.6408     8.0613    245.883    251.919      19308          2  0.000e+00
   58.80992 -136.47040    399.127    303.549    300.495     4.7675    31.0199  1025.9580    24.5478     4.7461     77.227   103.2616    -0.0591      7.917     5.6413     8.0620    245.905    251.941      19309          2  0.000e+00
   58.80992 -136.47040    399.007    303.427    300.374     4.7676    31.0197  1025.9573    24.5477     4.7462     77.172   103.2896    -0.0591      7.917     5.6373     8.0563    245.730    251.762      19310          2  0.000e+00
   58.80992 -136.47040    399.007    303.427    300.374     4.7676    31.0196  1025.9572    24.5476     4.7462     77.169   103.2896    -0.0591      7.917     5.6371     8.0560    245.722    251.754      19311          2  0.000e+00
   58.80992 -136.47040    399.071    303.492    300.439     4.7675    31.0197  1025.9575    24.5476     4.7461     77.168   103.2896    -0.0591      7.917     5.6370     8.0559    245.718    251.749      19312          2  0.000e+00
   58.80992 -136.47040    399.063    303.484    300.431     4.7676    31.0198  1025.9576    24.5477     4.7462     77.166   103.2616    -0.0591      7.917     5.6369     8.0556    245.711    251.742      19313          2  0.000e+00
   58.80992 -136.47040    399.007    303.427    300.374     4.7676    31.0197  1025.9573    24.5476     4.7462     77.164   103.2896    -0.0591      7.917     5.6367     8.0554    245.704    251.736      19314          2  0.000e+00
   58.80992 -136.47040    399.063    303.484    300.431     4.7677    31.0196  1025.9574    24.5475     4.7463     77.163   103.2896    -0.0591      7.917     5.6367     8.0554    245.702    251.734      19315          2  0.000e+00
   58.80992 -136.47040    399.007    303.427    300.374     4.7676    31.0196  1025.9572    24.5476     4.7462     77.162   103.2896    -0.0591      7.917     5.6366     8.0552    245.698    251.730      19316          2  0.000e+00
   58.80992 -136.47040    399.063    303.484    300.431     4.7676    31.0198  1025.9576    24.5477     4.7462     77.221   103.2896    -0.0591      7.917     5.6409     8.0615    245.888    251.924      19317          2  0.000e+00
   58.80992 -136.47040    399.071    303.492    300.439     4.7677    31.0198  1025.9576    24.5477     4.7463     77.171   103.2896    -0.0591      7.917     5.6372     8.0561    245.726    251.758      19318          2  0.000e+00
   58.80992 -136.47040    399.007    303.427    300.374     4.7676    31.0197  1025.9573    24.5476     4.7462     77.230   103.2616    -0.0591      7.917     5.6415     8.0623    245.914    251.950      19319          2  0.000e+00
   58.80992 -136.47040    399.007    303.427    300.374     4.7675    31.0198  1025.9574    24.5477     4.7461     77.179   103.2896    -0.0591      7.917     5.6379     8.0571    245.754    251.787      19320          2  0.000e+00
   58.80992 -136.47040    399.063    303.484    300.431     4.7675    31.0201  1025.9578    24.5479     4.7461     77.180   103.2896    -0.0591      7.917     5.6379     8.0571    245.756    251.789      19321          2  0.000e+00
   58.80992 -136.47040    399.071    303.492    300.439     4.7676    31.0200  1025.9578    24.5478     4.7462     77.181   103.2896    -0.0884      7.917     5.6380     8.0572    245.758    251.791      19322          2  0.000e+00
   58.80992 -136.47040    399.007    303.427    300.374     4.7675    31.0202  1025.9577    24.5481     4.7460     77.241   103.2896    -0.0884      7.917     5.6423     8.0635    245.950    251.987      19323          2  0.000e+00
   58.80992 -136.47040    399.071    303.492    300.439     4.7677    31.0199  1025.9577    24.5478     4.7463     77.252   103.2896    -0.0884      7.917     5.6431     8.0646    245.983    252.021      19324          2  0.000e+00
   58.80992 -136.47040    399.007    303.427    300.374     4.7678    31.0200  1025.9575    24.5479     4.7463     77.261   103.2896    -0.0884      7.917     5.6438     8.0655    246.013    252.052      19325          2  0.000e+00
   58.80992 -136.47040    399.007    303.427    300.374     4.7676    31.0206  1025.9579    24.5483     4.7462     77.271   103.2896    -0.0884      7.917     5.6445     8.0666    246.045    252.085      19326          2  0.000e+00
   58.80992 -136.47040    399.127    303.549    300.495     4.7677    31.0198  1025.9579    24.5477     4.7463     77.282   103.2896    -0.0884      7.917     5.6454     8.0678    246.082    252.122      19327          2  0.000e+00
   58.80992 -136.47040    399.007    303.427    300.374     4.7678    31.0195  1025.9571    24.5475     4.7463     77.232   103.2616    -0.0884      7.917     5.6417     8.0625    245.921    251.958      19328          2  0.000e+00
   58.80992 -136.47040    399.007    303.427    300.374     4.7675    31.0195  1025.9571    24.5475     4.7461     77.293   103.2337    -0.0884      7.917     5.6462     8.0689    246.116    252.158      19329          2  0.000e+00
   58.80992 -136.47040    399.063    303.484    300.431     4.7678    31.0194  1025.9573    24.5474     4.7463     77.304   103.2057    -0.0884      7.917     5.6469     8.0701    246.150    252.193      19330          2  0.000e+00
   58.80992 -136.47040    399.071    303.492    300.439     4.7678    31.0197  1025.9575    24.5476     4.7463     77.314   103.2057    -0.0884      7.917     5.6477     8.0711    246.183    252.227      19331          2  0.000e+00
   58.80960 -136.46962    299.166    202.522    200.533     5.2490    30.9417  1025.3736    24.4341     5.2341     74.674   102.7862    -0.0591      7.920     5.3951     7.7101    235.197    240.944      23520          3  0.000e+00
   58.80960 -136.46962    299.182    202.538    200.550     5.2491    30.9420  1025.3739    24.4344     5.2343     74.730   102.8141    -0.0591      7.920     5.3991     7.7158    235.372    241.123      23521          3  0.000e+00
   58.80960 -136.46962    299.286    202.644    200.654     5.2501    30.9416  1025.3740    24.4339     5.2352     74.688   102.7862    -0.0591      7.920     5.3959     7.7113    235.234    240.982      23522          3  0.000e+00
   58.80960 -136.46962    299.302    202.660    200.670     5.2499    30.9419  1025.3743    24.4342     5.2350     74.686   102.7862    -0.0591      7.920     5.3958     7.7111    235.228    240.976      23523          3  0.000e+00
   58.80960 -136.46962    299.342    202.700    200.710     5.2502    30.9416  1025.3742    24.4339     5.2353     74.742   102.7862    -0.0591      7.920     5.3998     7.7169    235.404    241.156      23524          3  0.000e+00
   58.80960 -136.46962    299.302    202.660    200.670     5.2499    30.9419  1025.3743    24.4342     5.2350     74.690   102.7862    -0.0591      7.920     5.3961     7.7115    235.240    240.988      23525          3  0.000e+00
   58.80960 -136.46962    299.230    202.587    200.598     5.2501    30.9420  1025.3740    24.4342     5.2352     74.686   102.7862    -0.0591      7.920     5.3958     7.7112    235.229    240.977      23526          3  0.000e+00
   58.80960 -136.46962    299.302    202.660    200.670     5.2499    30.9401  1025.3729    24.4328     5.2350     74.618   102.7862    -0.0591      7.920     5.3909     7.7042    235.017    240.759      23527          3  0.000e+00
   58.80960 -136.46962    299.286    202.644    200.654     5.2490    30.9405  1025.3732    24.4332     5.2341     74.723   102.8141    -0.0591      7.920     5.3987     7.7152    235.353    241.104      23528          3  0.000e+00
   58.80960 -136.46962    299.302    202.660    200.670     5.2489    30.9414  1025.3740    24.4339     5.2340     74.671   102.7862    -0.0591      7.920     5.3949     7.7098    235.188    240.934      23529          3  0.000e+00
   58.80960 -136.46962    299.286    202.644    200.654     5.2493    30.9412  1025.3737    24.4337     5.2344     74.726   102.7862    -0.0591      7.920     5.3988     7.7154    235.359    241.110      23530          3  0.000e+00
   58.80960 -136.46962    299.246    202.603    200.614     5.2489    30.9413  1025.3737    24.4339     5.2340     74.731   102.7862    -0.0591      7.920     5.3992     7.7160    235.377    241.128      23531          3  0.000e+00
   58.80960 -136.46962    299.286    202.644    200.654     5.2486    30.9419  1025.3743    24.4343     5.2337     74.687   102.7862    -0.0591      7.920     5.3960     7.7115    235.239    240.987      23532          3  0.000e+00
   58.80960 -136.46962    299.302    202.660    200.670     5.2486    30.9420  1025.3745    24.4344     5.2337     74.733   102.7862    -0.0591      7.920     5.3994     7.7163    235.385    241.136      23533          3  0.000e+00
   58.80960 -136.46962    299.286    202.644    200.654     5.2487    30.9419  1025.3744    24.4344     5.2338     74.688   102.7862    -0.0591      7.920     5.3961     7.7116    235.243    240.991      23534          3  0.000e+00
   58.80960 -136.46962    299.302    202.660    200.670     5.2490    30.9417  1025.3742    24.4341     5.2341     74.734   102.7862    -0.0591      7.920     5.3994     7.7163    235.386    241.138      23535          3  0.000e+00
   58.80960 -136.46962    299.286    202.644    200.654     5.2489    30.9414  1025.3739    24.4339     5.2340     74.689   102.7862    -0.0591      7.920     5.3962     7.7117    235.245    240.993      23536          3  0.000e+00
   58.80960 -136.46962    299.246    202.603    200.614     5.2490    30.9412  1025.3736    24.4337     5.2341     74.685   102.7862    -0.0591      7.920     5.3959     7.7112    235.231    240.979      23537          3  0.000e+00
   58.80960 -136.46962    299.286    202.644    200.654     5.2485    30.9416  1025.3742    24.4341     5.2336     74.739   102.7862    -0.0591      7.920     5.3999     7.7169    235.406    241.158      23538          3  0.000e+00
   58.80960 -136.46962    299.302    202.660    200.670     5.2486    30.9410  1025.3738    24.4336     5.2337     74.677   102.7862    -0.0591      7.920     5.3954     7.7105    235.209    240.956      23539          3  0.000e+00
   58.80960 -136.46962    299.286    202.644    200.654     5.2477    30.9411  1025.3739    24.4338     5.2328     74.730   102.7862    -0.0591      7.920     5.3993     7.7162    235.383    241.134      23540          3  0.000e+00
   58.80960 -136.46962    299.246    202.603    200.614     5.2478    30.9414  1025.3739    24.4340     5.2329     74.667   102.7862    -0.0591      7.920     5.3947     7.7096    235.181    240.927      23541          3  0.000e+00
   58.80960 -136.46962    299.342    202.700    200.710     5.2479    30.9411  1025.3741    24.4338     5.2330     74.662   102.7862    -0.0591      7.920     5.3944     7.7091    235.167    240.913      23542          3  0.000e+00
   58.80960 -136.46962    299.246    202.603    200.614     5.2478    30.9416  1025.3741    24.4342     5.2329     74.656   102.7862    -0.0591      7.920     5.3939     7.7085    235.147    240.893      23543          3  0.000e+00
   58.80960 -136.46962    299.286    202.644    200.654     5.2477    30.9412  1025.3739    24.4339     5.2328     74.660   102.7862    -0.0591      7.920     5.3942     7.7089    235.161    240.906      23544          3  0.000e+00
   58.80960 -136.46962    299.302    202.660    200.670     5.2477    30.9414  1025.3742    24.4341     5.2328     74.664   102.7862    -0.0591      7.920     5.3945     7.7093    235.173    240.919      23545          3  0.000e+00
   58.80960 -136.46962    299.246    202.603    200.614     5.2478    30.9415  1025.3740    24.4341     5.2329     74.601   102.7862    -0.0591      7.920     5.3899     7.7027    234.973    240.714      23546          3  0.000e+00
   58.80960 -136.46962    299.286    202.644    200.654     5.2479    30.9414  1025.3740    24.4340     5.2330     74.713   102.7862    -0.0591      7.920     5.3981     7.7144    235.328    241.078      23547          3  0.000e+00
   58.80960 -136.46962    299.302    202.660    200.670     5.2472    30.9418  1025.3745    24.4344     5.2323     74.602   102.7862    -0.0591      7.920     5.3901     7.7029    234.979    240.720      23548          3  0.000e+00
   58.80960 -136.46962    299.286    202.644    200.654     5.2472    30.9413  1025.3741    24.4340     5.2324     74.531   102.7862    -0.0591      7.920     5.3850     7.6957    234.757    240.493      23549          3  0.000e+00
   58.80960 -136.46962    299.302    202.660    200.670     5.2471    30.9411  1025.3740    24.4339     5.2322     74.627   102.7862    -0.0591      7.920     5.3920     7.7056    235.061    240.805      23550          3  0.000e+00
   58.80960 -136.46962    299.286    202.644    200.654     5.2468    30.9411  1025.3739    24.4339     5.2319     74.624   102.7862    -0.0591      7.920     5.3918     7.7054    235.053    240.796      23551          3  0.000e+00
   58.80960 -136.46962    299.246    202.603    200.614     5.2469    30.9416  1025.3741    24.4343     5.2320     74.571   102.8141    -0.0884      7.920     5.3879     7.6999    234.885    240.624      23552          3  0.000e+00
   58.80960 -136.46962    299.286    202.644    200.654     5.2471    30.9415  1025.3743    24.4342     5.2322     74.677   102.8141    -0.0884      7.920     5.3955     7.7107    235.216    240.964      23553          3  0.000e+00
   58.80960 -136.46962    299.302    202.660    200.670     5.2472    30.9408  1025.3737    24.4336     5.2324     74.566   102.8421    -0.0884      7.920     5.3875     7.6993    234.869    240.607      23554          3  0.000e+00
   58.80960 -136.46962    299.286    202.644    200.654     5.2466    30.9412  1025.3741    24.4340     5.2317     74.564   102.8421    -0.0884      7.920     5.3875     7.6992    234.865    240.604      23555          3  0.000e+00
   58.80960 -136.46962    299.302    202.660    200.670     5.2462    30.9408  1025.3738    24.4337     5.2313     74.670   102.8421    -0.0884      7.920     5.3952     7.7103    235.203    240.950      23556          3  0.000e+00
   58.80960 -136.46962    299.230    202.587    200.598     5.2458    30.9405  1025.3733    24.4335     5.2309     74.560   102.8421    -0.0884      7.920     5.3873     7.6990    234.857    240.596      23557          3  0.000e+00
   58.80960 -136.46962    299.302    202.660    200.670     5.2453    30.9406  1025.3738    24.4336     5.2305     74.483   102.8141    -0.0884      7.920     5.3818     7.6911    234.619    240.351      23558          3  0.000e+00
