EcoFOCI/data/1_SampleCollection/2022_GOA-OA_CruiseData/CTD_raw_BottleFile_RC0083/RC0083_010.ros
* Sea-Bird SBE 9 Data File:
* FileName = C:\Data\RC0083ctd\RC0083_010.hex
* Software Version Seasave V 7.26.7.107
* Temperature SN = 2060
* Conductivity SN = 1084
* Number of Bytes Per Scan = 31
* Number of Voltage Words = 4
* Number of Scans Averaged by the Deck Unit = 1
* NMEA Latitude = 55 22.64 N
* NMEA Longitude = 135 05.29 W
* NMEA UTC (Time) = Aug 13 2022  01:11:18
* NMEA baud rate = 4800
** Ship: R/V Rachel Carson
** Cruise ID: RC0083 RC0083
** Tech: McHugh/Nomura
** Chief Scientist: Cross Cross
** Station: POW7
** Cast:  010
# nquan = 21
# nvalues = 490                                   
# units = specified
# name 0 = latitude: Latitude [deg]
# name 1 = longitude: Longitude [deg]
# name 2 = sfdSM: Seafloor depth [salt water, m]
# name 3 = prDM: Pressure, Digiquartz [db]
# name 4 = depSM: Depth [salt water, m]
# name 5 = t090C: Temperature [ITS-90, deg C]
# name 6 = sal00: Salinity, Practical [PSU]
# name 7 = density00: Density [density, kg/m^3]
# name 8 = sigma-é00: Density [sigma-theta, kg/m^3]
# name 9 = potemp090C: Potential Temperature [ITS-90, deg C]
# name 10 = sbeox0PS: Oxygen, SBE 43 [% saturation]
# name 11 = CStarTr0: Beam Transmission, WET Labs C-Star [%]
# name 12 = flECO-AFL: Fluorescence, WET Labs ECO-AFL/FL [mg/m^3]
# name 13 = ph: pH
# name 14 = sbeox0ML/L: Oxygen, SBE 43 [ml/l]
# name 15 = sbeox0Mg/L: Oxygen, SBE 43 [mg/l]
# name 16 = sbox0Mm/Kg: Oxygen, SBE 43 [umol/kg]
# name 17 = sbeox0Mm/L: Oxygen, SBE 43 [umol/l]
# name 18 = scan: Scan Count
# name 19 = nbf: Bottles Fired
# name 20 = flag:  0.000e+00
# interval = seconds: 0.0416667
# start_time = Aug 13 2022 01:11:18 [NMEA time, header]
# bad_flag = -9.990e-29
*END*
[from data line 138]
   55.38072 -135.09074    348.572    252.375    249.939     5.6254    33.8314  1027.8398    26.6779     5.6048     31.873   107.0095    -0.0884      7.745     2.2388     3.1994     97.385     99.983      29727          3  0.000e+00
   55.38072 -135.09074    348.596    252.400    249.964     5.6254    33.8320  1027.8404    26.6784     5.6048     31.873   107.0095    -0.0884      7.745     2.2387     3.1994     97.384     99.982      29728          3  0.000e+00
   55.38072 -135.09074    348.692    252.497    250.060     5.6255    33.8319  1027.8407    26.6782     5.6049     31.873   107.0095    -0.0884      7.745     2.2387     3.1994     97.384     99.982      29729          3  0.000e+00
   55.38072 -135.09074    348.652    252.457    250.020     5.6255    33.8316  1027.8403    26.6780     5.6049     31.872   107.0095    -0.0884      7.745     2.2387     3.1993     97.382     99.980      29730          3  0.000e+00
   55.38072 -135.09074    348.692    252.497    250.060     5.6254    33.8316  1027.8405    26.6780     5.6048     31.872   107.0095    -0.0884      7.745     2.2387     3.1993     97.382     99.980      29731          3  0.000e+00
   55.38072 -135.09074    348.692    252.497    250.060     5.6249    33.8321  1027.8410    26.6785     5.6043     31.872   107.0095    -0.0884      7.745     2.2387     3.1993     97.382     99.980      29732          3  0.000e+00
   55.38072 -135.09074    348.773    252.578    250.140     5.6249    33.8317  1027.8410    26.6781     5.6043     31.930   106.9815    -0.0884      7.745     2.2428     3.2052     97.561    100.164      29733          3  0.000e+00
   55.38072 -135.09074    348.749    252.554    250.116     5.6242    33.8318  1027.8410    26.6783     5.6036     31.880   107.0095    -0.0884      7.745     2.2393     3.2001     97.407    100.006      29734          3  0.000e+00
   55.38072 -135.09074    348.829    252.635    250.196     5.6240    33.8315  1027.8412    26.6781     5.6034     31.879   106.9815    -0.0884      7.740     2.2393     3.2001     97.407    100.006      29735          3  0.000e+00
   55.38100 -135.09104    299.318    202.617    200.685     6.0086    33.7585  1027.5042    26.5727     5.9915     38.768   107.0095    -0.0884      7.792     2.7000     3.8586    117.462    120.583      32475          4  0.000e+00
   55.38100 -135.09104    299.302    202.601    200.669     6.0082    33.7584  1027.5041    26.5726     5.9911     38.763   107.0095    -0.0884      7.792     2.6997     3.8582    117.448    120.569      32476          4  0.000e+00
   55.38100 -135.09104    299.197    202.495    200.565     6.0086    33.7581  1027.5033    26.5724     5.9915     38.758   107.0095    -0.0884      7.792     2.6993     3.8576    117.431    120.552      32477          4  0.000e+00
   55.38100 -135.09104    299.181    202.479    200.549     6.0084    33.7585  1027.5036    26.5727     5.9914     38.753   107.0095    -0.0884      7.792     2.6990     3.8571    117.417    120.537      32478          4  0.000e+00
   55.38100 -135.09104    299.254    202.552    200.621     6.0086    33.7580  1027.5035    26.5723     5.9915     38.749   107.0095    -0.0884      7.792     2.6987     3.8567    117.403    120.523      32479          4  0.000e+00
   55.38100 -135.09104    299.181    202.479    200.549     6.0086    33.7584  1027.5035    26.5726     5.9915     38.801   107.0375    -0.0884      7.792     2.7023     3.8619    117.562    120.686      32480          4  0.000e+00
   55.38100 -135.09104    299.141    202.439    200.509     6.0086    33.7585  1027.5034    26.5727     5.9915     38.746   107.0095    -0.0884      7.792     2.6985     3.8564    117.396    120.516      32481          4  0.000e+00
   55.38100 -135.09104    299.141    202.439    200.509     6.0086    33.7585  1027.5034    26.5727     5.9915     38.741   107.0095    -0.0884      7.792     2.6982     3.8559    117.381    120.500      32482          4  0.000e+00
   55.38100 -135.09104    299.125    202.422    200.493     6.0088    33.7580  1027.5028    26.5722     5.9918     38.736   107.0375    -0.0884      7.792     2.6978     3.8554    117.364    120.483      32483          4  0.000e+00
   55.38100 -135.09104    299.077    202.374    200.445     6.0088    33.7579  1027.5026    26.5722     5.9918     38.731   107.0375    -0.0884      7.792     2.6974     3.8549    117.348    120.466      32484          4  0.000e+00
   55.38100 -135.09104    299.069    202.366    200.437     6.0088    33.7581  1027.5027    26.5724     5.9918     38.726   107.0095    -0.0884      7.792     2.6970     3.8544    117.332    120.450      32485          4  0.000e+00
   55.38100 -135.09104    299.021    202.317    200.389     6.0088    33.7582  1027.5026    26.5724     5.9918     38.720   107.0095    -0.0884      7.792     2.6967     3.8538    117.316    120.434      32486          4  0.000e+00
   55.38100 -135.09104    299.005    202.301    200.372     6.0088    33.7588  1027.5029    26.5729     5.9918     38.781   107.0095    -0.0884      7.792     2.7009     3.8599    117.501    120.623      32487          4  0.000e+00
   55.38100 -135.09104    299.021    202.317    200.389     6.0092    33.7581  1027.5024    26.5723     5.9922     38.793   107.0095    -0.0884      7.792     2.7017     3.8610    117.536    120.659      32488          4  0.000e+00
   55.38100 -135.09104    298.949    202.244    200.316     6.0088    33.7583  1027.5023    26.5725     5.9918     38.804   107.0095    -0.0884      7.792     2.7025     3.8622    117.571    120.695      32489          4  0.000e+00
   55.38100 -135.09104    298.957    202.252    200.324     6.0092    33.7581  1027.5021    26.5723     5.9922     38.807   107.0095    -0.0884      7.792     2.7027     3.8625    117.579    120.703      32490          4  0.000e+00
   55.38100 -135.09104    298.957    202.252    200.324     6.0092    33.7582  1027.5022    26.5724     5.9922     38.810   107.0375    -0.0884      7.792     2.7029     3.8627    117.587    120.712      32491          4  0.000e+00
   55.38100 -135.09104    298.885    202.179    200.252     6.0092    33.7582  1027.5019    26.5724     5.9922     38.754   107.0095    -0.0884      7.792     2.6990     3.8572    117.418    120.538      32492          4  0.000e+00
   55.38100 -135.09104    298.901    202.196    200.268     6.0092    33.7583  1027.5020    26.5725     5.9922     38.749   107.0095    -0.0884      7.792     2.6986     3.8566    117.401    120.521      32493          4  0.000e+00
   55.38100 -135.09104    298.885    202.179    200.252     6.0095    33.7580  1027.5017    26.5722     5.9925     38.743   107.0095    -0.0884      7.792     2.6982     3.8560    117.383    120.502      32494          4  0.000e+00
   55.38100 -135.09104    298.845    202.139    200.212     6.0095    33.7580  1027.5015    26.5721     5.9925     38.737   107.0095    -0.0884      7.792     2.6978     3.8554    117.364    120.483      32495          4  0.000e+00
   55.38100 -135.09104    298.829    202.123    200.196     6.0096    33.7583  1027.5016    26.5724     5.9926     38.731   107.0095    -0.0884      7.792     2.6974     3.8548    117.346    120.464      32496          4  0.000e+00
   55.38100 -135.09104    298.845    202.139    200.212     6.0099    33.7582  1027.5016    26.5723     5.9928     38.725   107.0375    -0.0884      7.792     2.6969     3.8542    117.328    120.446      32497          4  0.000e+00
   55.38100 -135.09104    298.708    202.001    200.076     6.0100    33.7581  1027.5009    26.5722     5.9930     38.719   107.0095    -0.0884      7.792     2.6965     3.8535    117.308    120.425      32498          4  0.000e+00
   55.38100 -135.09104    298.845    202.139    200.212     6.0101    33.7578  1027.5013    26.5720     5.9931     38.771   107.0095    -0.0884      7.792     2.7001     3.8588    117.467    120.589      32499          4  0.000e+00
   55.38100 -135.09104    298.781    202.074    200.148     6.0100    33.7583  1027.5014    26.5723     5.9930     38.715   107.0095    -0.0884      7.792     2.6962     3.8532    117.298    120.414      32500          4  0.000e+00
   55.38100 -135.09104    298.772    202.066    200.140     6.0103    33.7579  1027.5010    26.5720     5.9933     38.709   107.0095    -0.0884      7.792     2.6958     3.8526    117.278    120.395      32501          4  0.000e+00
   55.38100 -135.09104    298.724    202.017    200.092     6.0101    33.7580  1027.5008    26.5721     5.9931     38.703   107.0095    -0.0884      7.792     2.6954     3.8520    117.259    120.375      32502          4  0.000e+00
   55.38100 -135.09104    298.773    202.066    200.140     6.0101    33.7580  1027.5010    26.5721     5.9931     38.697   107.0095    -0.0884      7.792     2.6950     3.8514    117.242    120.357      32503          4  0.000e+00
   55.38100 -135.09104    298.724    202.017    200.092     6.0101    33.7575  1027.5005    26.5717     5.9931     38.690   107.0095    -0.0884      7.792     2.6945     3.8507    117.223    120.337      32504          4  0.000e+00
   55.38100 -135.09104    298.708    202.001    200.076     6.0100    33.7581  1027.5008    26.5722     5.9930     38.684   107.0095    -0.0884      7.792     2.6941     3.8501    117.204    120.318      32505          4  0.000e+00
   55.38100 -135.09104    298.724    202.017    200.092     6.0100    33.7580  1027.5008    26.5721     5.9930     38.678   107.0095    -0.0884      7.792     2.6937     3.8495    117.185    120.299      32506          4  0.000e+00
   55.38100 -135.09104    298.708    202.001    200.076     6.0101    33.7577  1027.5005    26.5719     5.9931     38.680   107.0095    -0.0884      7.792     2.6938     3.8497    117.192    120.306      32507          4  0.000e+00
   55.38100 -135.09104    298.660    201.953    200.028     6.0100    33.7579  1027.5005    26.5720     5.9930     38.683   107.0095    -0.0884      7.792     2.6940     3.8500    117.200    120.314      32508          4  0.000e+00
   55.38100 -135.09104    298.660    201.953    200.028     6.0104    33.7579  1027.5004    26.5720     5.9934     38.686   107.0095    -0.0884      7.792     2.6942     3.8503    117.208    120.323      32509          4  0.000e+00
   55.38100 -135.09104    298.708    202.001    200.076     6.0106    33.7578  1027.5005    26.5719     5.9936     38.681   107.0095    -0.0884      7.792     2.6938     3.8498    117.193    120.307      32510          4  0.000e+00
   55.38100 -135.09104    298.660    201.953    200.028     6.0111    33.7579  1027.5004    26.5719     5.9941     38.676   107.0095    -0.0884      7.792     2.6934     3.8492    117.175    120.289      32511          4  0.000e+00
   55.38100 -135.09104    298.652    201.945    200.020     6.0113    33.7576  1027.5000    26.5716     5.9943     38.679   107.0095    -0.0884      7.792     2.6937     3.8495    117.185    120.299      32512          4  0.000e+00
   55.38100 -135.09104    298.724    202.018    200.092     6.0114    33.7575  1027.5003    26.5715     5.9944     38.675   107.0095    -0.0884      7.792     2.6933     3.8491    117.171    120.285      32513          4  0.000e+00
   55.38100 -135.09104    298.652    201.945    200.020     6.0116    33.7572  1027.4997    26.5713     5.9946     38.669   107.0095    -0.0884      7.792     2.6930     3.8485    117.155    120.268      32514          4  0.000e+00
   55.38100 -135.09104    298.725    202.018    200.092     6.0116    33.7569  1027.4998    26.5711     5.9946     38.674   107.0095    -0.0884      7.792     2.6933     3.8490    117.168    120.281      32515          4  0.000e+00
   55.38100 -135.09104    298.652    201.945    200.020     6.0114    33.7575  1027.4999    26.5715     5.9944     38.677   107.0095    -0.0884      7.792     2.6935     3.8493    117.179    120.293      32516          4  0.000e+00
   55.38100 -135.09104    298.660    201.953    200.028     6.0114    33.7575  1027.5000    26.5715     5.9944     38.739   107.0095    -0.0884      7.792     2.6979     3.8555    117.368    120.487      32517          4  0.000e+00
   55.38100 -135.09104    298.725    202.018    200.092     6.0113    33.7572  1027.5001    26.5713     5.9943     38.752   107.0095    -0.0884      7.792     2.6988     3.8568    117.408    120.527      32518          4  0.000e+00
   55.38100 -135.09104    298.709    202.001    200.076     6.0111    33.7578  1027.5005    26.5718     5.9941     38.707   106.9535    -0.0884      7.792     2.6956     3.8523    117.271    120.387      32519          4  0.000e+00
   55.38100 -135.09104    298.725    202.018    200.092     6.0109    33.7574  1027.5003    26.5715     5.9939     38.712   106.9535    -0.0884      7.792     2.6960     3.8528    117.286    120.403      32520          4  0.000e+00
   55.38100 -135.09104    298.709    202.001    200.076     6.0108    33.7578  1027.5005    26.5718     5.9938     38.717   106.9535    -0.0884      7.792     2.6963     3.8533    117.302    120.419      32521          4  0.000e+00
   55.38100 -135.09104    298.781    202.074    200.148     6.0106    33.7578  1027.5009    26.5719     5.9936     38.714   106.9535    -0.0884      7.792     2.6962     3.8531    117.294    120.411      32522          4  0.000e+00
   55.38100 -135.09104    298.773    202.066    200.140     6.0108    33.7577  1027.5008    26.5718     5.9938     38.769   106.9535    -0.0884      7.792     2.7000     3.8585    117.459    120.580      32523          4  0.000e+00
   55.38124 -135.09128    248.021    150.808    149.389     6.4959    33.3798  1026.9035    26.2111     6.4828     51.135   107.2612    -0.0884      7.868     3.5300     5.0447    153.622    157.648      35359          5  0.000e+00
   55.38124 -135.09128    248.326    151.116    149.694     6.4957    33.3801  1026.9052    26.2115     6.4826     51.137   107.2612    -0.0884      7.872     3.5301     5.0449    153.628    157.655      35360          5  0.000e+00
   55.38124 -135.09128    248.262    151.051    149.630     6.4959    33.3802  1026.9049    26.2115     6.4827     51.137   107.2612    -0.0884      7.872     3.5301     5.0449    153.627    157.654      35361          5  0.000e+00
   55.38124 -135.09128    248.270    151.059    149.638     6.4954    33.3802  1026.9050    26.2115     6.4823     51.129   107.2612    -0.0884      7.868     3.5296     5.0442    153.606    157.633      35362          5  0.000e+00
   55.38124 -135.09128    248.374    151.164    149.742     6.4954    33.3804  1026.9057    26.2117     6.4823     51.131   107.2332    -0.0884      7.868     3.5297     5.0443    153.610    157.637      35363          5  0.000e+00
   55.38124 -135.09128    248.270    151.059    149.638     6.4952    33.3804  1026.9052    26.2117     6.4821     51.131   107.2332    -0.0884      7.872     3.5297     5.0444    153.612    157.638      35364          5  0.000e+00
   55.38124 -135.09128    248.262    151.051    149.630     6.4949    33.3805  1026.9053    26.2118     6.4818     51.067   107.2332    -0.0884      7.868     3.5254     5.0381    153.421    157.442      35365          5  0.000e+00
   55.38124 -135.09128    248.326    151.116    149.694     6.4949    33.3805  1026.9056    26.2118     6.4818     51.118   107.2332    -0.0884      7.868     3.5289     5.0431    153.575    157.600      35366          5  0.000e+00
   55.38124 -135.09128    248.374    151.164    149.742     6.4949    33.3802  1026.9056    26.2116     6.4818     51.121   107.2332    -0.0884      7.872     3.5291     5.0434    153.582    157.608      35367          5  0.000e+00
   55.38124 -135.09128    248.326    151.116    149.694     6.4948    33.3808  1026.9058    26.2121     6.4816     51.123   107.2612    -0.0884      7.868     3.5292     5.0436    153.588    157.614      35368          5  0.000e+00
