EcoFOCI/data/1_SampleCollection/2022_GOA-OA_CruiseData/CTD_raw_BottleFile_RC0083/RC0083_146.cnv
* Sea-Bird SBE 9 Data File:
* FileName = C:\Data\RC0083ctd\RC0083_146.hex
* Software Version Seasave V 7.26.7.107
* Temperature SN = 2060
* Conductivity SN = 2881
* Number of Bytes Per Scan = 31
* Number of Voltage Words = 4
* Number of Scans Averaged by the Deck Unit = 1
* NMEA Latitude = 54 55.77 N
* NMEA Longitude = 131 10.41 W
* NMEA UTC (Time) = Aug 28 2022  19:58:30
* NMEA baud rate = 4800
** Ship: R/V Rachel Carson
** Cruise ID: RC0083
** Tech: McHugh/Nomura
** Chief Scientist: Cross
** Station: RC1
** Cast:  CTD146
# nquan = 19
# nvalues = 9999                                  
# units = specified
# name 0 = latitude: Latitude [deg]
# name 1 = longitude: Longitude [deg]
# name 2 = sfdSM: Seafloor depth [salt water, m]
# name 3 = prDM: Pressure, Digiquartz [db]
# name 4 = depSM: Depth [salt water, m]
# name 5 = t090C: Temperature [ITS-90, deg C]
# name 6 = sal00: Salinity, Practical [PSU]
# name 7 = density00: Density [density, kg/m^3]
# name 8 = sigma-é00: Density [sigma-theta, kg/m^3]
# name 9 = potemp090C: Potential Temperature [ITS-90, deg C]
# name 10 = sbeox0PS: Oxygen, SBE 43 [% saturation]
# name 11 = CStarTr0: Beam Transmission, WET Labs C-Star [%]
# name 12 = flECO-AFL: Fluorescence, WET Labs ECO-AFL/FL [mg/m^3]
# name 13 = ph: pH
# name 14 = sbeox0ML/L: Oxygen, SBE 43 [ml/l]
# name 15 = sbeox0Mg/L: Oxygen, SBE 43 [mg/l]
# name 16 = sbox0Mm/Kg: Oxygen, SBE 43 [umol/kg]
# name 17 = sbeox0Mm/L: Oxygen, SBE 43 [umol/l]
# name 18 = flag:  0.000e+00
# span 0 =   54.92946,   54.93238                 
# span 1 = -131.17448, -131.17346                 
# span 2 =      7.458,    173.200                 
# span 3 =      2.420,    132.031                 
# span 4 =      2.398,    130.800                 
# span 5 =     6.2119,    12.4353                 
# span 6 =    28.8418,    33.0886                 
# span 7 =  1021.7472,  1026.6216                 
# span 8 =    21.7327,    26.0174                 
# span 9 =     6.2009,    12.4349                 
# span 10 =     29.971,     83.423                
# span 11 =    91.5706,   103.6532                
# span 12 =    -0.0591,     2.8127                
# span 13 =      7.695,      8.208                
# span 14 =     2.0863,     5.2033                
# span 15 =     2.9815,     7.4361                
# span 16 =     90.811,    227.436                
# span 17 =     93.173,    232.381                
# span 18 = 0.0000e+00, 0.0000e+00                
# interval = seconds: 0.0416667
# start_time = Aug 28 2022 19:58:30 [NMEA time, header]
# bad_flag = -9.990e-29
*END*
[from data line 3658]
   54.93046 -131.17390    141.775     71.467     70.811     6.7103    32.6506  1025.9359    25.6075     6.7040     38.061   103.2057    -0.0005      7.756     2.6271     3.7543    114.395    117.325  0.000e+00
   54.93046 -131.17390    141.800     71.467     70.811     6.7095    32.6510  1025.9363    25.6079     6.7033     38.057   103.1777    -0.0005      7.756     2.6268     3.7539    114.383    117.312  0.000e+00
   54.93046 -131.17390    141.800     71.467     70.811     6.7089    32.6514  1025.9367    25.6083     6.7027     38.051   103.1777    -0.0005      7.756     2.6264     3.7534    114.367    117.296  0.000e+00
   54.93046 -131.17390    141.808     71.475     70.819     6.7093    32.6509  1025.9363    25.6078     6.7030     38.050   103.1777    -0.0005      7.756     2.6263     3.7533    114.364    117.293  0.000e+00
   54.93048 -131.17390    141.735     71.402     70.746     6.7097    32.6506  1025.9357    25.6076     6.7035     37.997   103.0379    -0.0005      7.756     2.6227     3.7480    114.204    117.128  0.000e+00
   54.93048 -131.17390    141.735     71.402     70.746     6.7105    32.6501  1025.9352    25.6071     6.7043     37.936   102.9820    -0.0005      7.756     2.6184     3.7420    114.020    116.940  0.000e+00
   54.93048 -131.17390    141.462     71.224     70.570     6.7121    32.6486  1025.9330    25.6057     6.7059     37.924   102.9540    -0.0005      7.756     2.6175     3.7407    113.980    116.899  0.000e+00
   54.93048 -131.17390    141.264     71.345     70.690     6.7140    32.6471  1025.9321    25.6043     6.7078     37.861   102.9820    -0.0005      7.756     2.6131     3.7344    113.788    116.701  0.000e+00
   54.93048 -131.17390    141.142     71.345     70.690     6.7155    32.6462  1025.9312    25.6034     6.7093     37.861   102.9540    -0.0005      7.756     2.6130     3.7342    113.783    116.696  0.000e+00
   54.93048 -131.17390    141.022     71.224     70.570     6.7183    32.6440  1025.9285    25.6013     6.7121     37.801   102.9820    -0.0005      7.756     2.6088     3.7282    113.599    116.507  0.000e+00
   54.93048 -131.17390    141.046     71.224     70.570     6.7193    32.6432  1025.9278    25.6005     6.7131     37.799   102.9820    -0.0005      7.756     2.6085     3.7279    113.590    116.497  0.000e+00
   54.93048 -131.17390    141.037     71.289     70.634     6.7196    32.6428  1025.9277    25.6001     6.7134     37.745   102.9820    -0.0005      7.756     2.6048     3.7226    113.428    116.332  0.000e+00
   54.93048 -131.17390    140.771     71.167     70.514     6.7201    32.6427  1025.9270    25.6000     6.7139     37.741   102.9820    -0.0005      7.756     2.6045     3.7221    113.413    116.317  0.000e+00
   54.93048 -131.17390    140.658     71.103     70.450     6.7215    32.6421  1025.9260    25.5993     6.7154     37.678   102.9820    -0.0005      7.756     2.6001     3.7158    113.222    116.120  0.000e+00
   54.93048 -131.17390    140.658     71.103     70.450     6.7235    32.6408  1025.9247    25.5980     6.7174     37.672   102.9820    -0.0005      7.756     2.5996     3.7151    113.200    116.098  0.000e+00
   54.93048 -131.17390    140.722     71.167     70.514     6.7307    32.6353  1025.9198    25.5928     6.7246     37.665   102.9820    -0.0005      7.756     2.5988     3.7139    113.165    116.061  0.000e+00
   54.93048 -131.17390    140.553     71.046     70.394     6.7400    32.6279  1025.9122    25.5857     6.7338     37.612   102.9820    -0.0005      7.756     2.5947     3.7081    112.988    115.879  0.000e+00
   54.93048 -131.17390    140.456     70.998     70.346     6.7474    32.6219  1025.9062    25.5800     6.7413     37.616   102.9820    -0.0005      7.756     2.5946     3.7080    112.986    115.876  0.000e+00
   54.93048 -131.17390    140.423     70.990     70.338     6.7500    32.6198  1025.9042    25.5780     6.7438     37.563   102.9820    -0.0005      7.756     2.5908     3.7026    112.821    115.706  0.000e+00
   54.93048 -131.17390    140.479     71.046     70.394     6.7492    32.6202  1025.9049    25.5785     6.7430     37.560   102.9820    -0.0005      7.756     2.5906     3.7023    112.813    115.698  0.000e+00
   54.93048 -131.17390    140.359     70.925     70.274     6.7447    32.6238  1025.9078    25.5819     6.7386     37.562   102.9820    -0.0005      7.756     2.5910     3.7028    112.827    115.713  0.000e+00
   54.93048 -131.17390    140.528     71.046     70.394     6.7415    32.6267  1025.9110    25.5846     6.7353     37.506   102.9820    -0.0005      7.756     2.5873     3.6975    112.667    115.549  0.000e+00
   54.93048 -131.17390    140.553     71.046     70.394     6.7412    32.6271  1025.9114    25.5850     6.7350     37.450   102.9820    -0.0005      7.756     2.5834     3.6919    112.497    115.375  0.000e+00
   54.93048 -131.17390    140.497     70.989     70.338     6.7388    32.6290  1025.9129    25.5868     6.7326     37.449   102.9820    -0.0005      7.756     2.5835     3.6921    112.500    115.378  0.000e+00
   54.93048 -131.17390    140.609     71.103     70.450     6.7378    32.6299  1025.9143    25.5876     6.7316     37.392   102.9540    -0.0005      7.756     2.5796     3.6864    112.329    115.203  0.000e+00
   54.93048 -131.17390    140.497     70.989     70.338     6.7400    32.6277  1025.9118    25.5856     6.7338     37.332   102.9540    -0.0005      7.756     2.5754     3.6805    112.147    115.016  0.000e+00
   54.93048 -131.17390    140.455     71.046     70.394     6.7404    32.6270  1025.9114    25.5849     6.7342     37.267   102.9540    -0.0005      7.756     2.5709     3.6740    111.950    114.815  0.000e+00
   54.93048 -131.17392    140.382     71.046     70.394     6.7373    32.6296  1025.9139    25.5874     6.7311     37.258   102.9540    -0.0005      7.756     2.5704     3.6733    111.930    114.794  0.000e+00
   54.93048 -131.17392    140.438     71.103     70.450     6.7352    32.6310  1025.9155    25.5888     6.7291     37.256   102.9540    -0.0005      7.756     2.5703     3.6733    111.927    114.791  0.000e+00
   54.93048 -131.17392    140.438     71.103     70.450     6.7317    32.6336  1025.9180    25.5913     6.7255     37.253   102.9540    -0.0005      7.756     2.5703     3.6732    111.924    114.789  0.000e+00
   54.93048 -131.17392    140.365     71.054     70.402     6.7277    32.6374  1025.9214    25.5949     6.7215     37.255   102.9260    -0.0005      7.756     2.5706     3.6737    111.939    114.804  0.000e+00
   54.93048 -131.17392    140.404     71.167     70.514     6.7273    32.6376  1025.9220    25.5950     6.7211     37.201   102.9540    -0.0005      7.756     2.5669     3.6683    111.776    114.637  0.000e+00
   54.93048 -131.17392    140.380     71.167     70.514     6.7297    32.6362  1025.9206    25.5936     6.7235     37.145   102.9540    -0.0005      7.756     2.5629     3.6627    111.604    114.460  0.000e+00
   54.93048 -131.17392    140.436     71.224     70.570     6.7320    32.6341  1025.9189    25.5916     6.7258     37.146   102.9540    -0.0005      7.756     2.5629     3.6626    111.603    114.459  0.000e+00
   54.93048 -131.17392    140.500     71.289     70.634     6.7296    32.6356  1025.9207    25.5931     6.7234     37.147   102.9540    -0.0005      7.756     2.5631     3.6629    111.611    114.467  0.000e+00
   54.93048 -131.17392    140.500     71.289     70.634     6.7252    32.6386  1025.9237    25.5961     6.7190     37.097   102.9540    -0.0005      7.756     2.5598     3.6582    111.468    114.321  0.000e+00
   54.93048 -131.17392    140.500     71.289     70.634     6.7207    32.6423  1025.9271    25.5996     6.7146     37.039   102.9540    -0.0005      7.756     2.5561     3.6529    111.304    114.153  0.000e+00
   54.93048 -131.17392    140.612     71.402     70.746     6.7166    32.6454  1025.9307    25.6026     6.7104     37.039   102.9540    -0.0005      7.756     2.5562     3.6531    111.312    114.161  0.000e+00
   54.93048 -131.17392    140.612     71.402     70.746     6.7132    32.6476  1025.9329    25.6048     6.7070     37.095   102.9540    -0.0005      7.756     2.5603     3.6589    111.486    114.341  0.000e+00
   54.93048 -131.17392    140.676     71.466     70.810     6.7115    32.6487  1025.9342    25.6058     6.7053     37.049   102.9540    -0.0005      7.756     2.5572     3.6544    111.352    114.203  0.000e+00
   54.93048 -131.17392    140.708     71.523     70.866     6.7110    32.6491  1025.9349    25.6062     6.7048     37.003   102.9540    -0.0005      7.756     2.5540     3.6499    111.213    114.061  0.000e+00
   54.93048 -131.17392    140.747     71.588     70.930     6.7095    32.6496  1025.9358    25.6068     6.7033     37.006   102.9540    -0.0005      7.756     2.5543     3.6504    111.227    114.075  0.000e+00
   54.93048 -131.17392    140.747     71.588     70.930     6.7081    32.6512  1025.9372    25.6082     6.7019     36.952   102.9540    -0.0005      7.756     2.5506     3.6451    111.065    113.910  0.000e+00
   54.93048 -131.17392    140.747     71.588     70.930     6.7068    32.6521  1025.9381    25.6091     6.7006     36.947   102.9540    -0.0005      7.756     2.5503     3.6447    111.054    113.898  0.000e+00
   54.93048 -131.17392    140.859     71.701     71.043     6.7063    32.6523  1025.9388    25.6093     6.7001     36.891   102.9260    -0.0005      7.756     2.5465     3.6392    110.887    113.727  0.000e+00
   54.93048 -131.17392    140.809     71.774     71.115     6.7058    32.6523  1025.9393    25.6094     6.6996     36.835   102.8980    -0.0005      7.756     2.5426     3.6337    110.719    113.554  0.000e+00
   54.93048 -131.17392    140.728     71.765     71.107     6.7057    32.6525  1025.9394    25.6096     6.6994     36.835   102.8980    -0.0005      7.756     2.5426     3.6337    110.719    113.554  0.000e+00
   54.93048 -131.17392    140.760     71.822     71.163     6.7055    32.6526  1025.9398    25.6097     6.6993     36.841   102.8980    -0.0005      7.756     2.5431     3.6343    110.739    113.575  0.000e+00
   54.93048 -131.17392    140.760     71.822     71.163     6.7053    32.6532  1025.9402    25.6102     6.6991     36.790   102.8980    -0.0005      7.756     2.5396     3.6293    110.584    113.416  0.000e+00
   54.93048 -131.17392    140.960     72.000     71.339     6.7052    32.6528  1025.9407    25.6099     6.6989     36.789   102.8980    -0.0005      7.756     2.5395     3.6292    110.583    113.415  0.000e+00
   54.93048 -131.17392    140.929     71.943     71.283     6.7055    32.6526  1025.9403    25.6097     6.6993     36.794   102.8980    -0.0005      7.756     2.5398     3.6296    110.596    113.428  0.000e+00
   54.93050 -131.17394    140.985     72.000     71.339     6.7055    32.6527  1025.9406    25.6098     6.6993     36.747   102.8980     0.0288      7.756     2.5366     3.6251    110.457    113.285  0.000e+00
   54.93050 -131.17394    141.049     72.065     71.403     6.7052    32.6529  1025.9411    25.6099     6.6989     36.701   102.8980     0.0288      7.756     2.5334     3.6205    110.318    113.143  0.000e+00
   54.93050 -131.17394    141.185     72.178     71.515     6.7052    32.6526  1025.9414    25.6097     6.6989     36.705   102.8980     0.0288      7.756     2.5337     3.6209    110.330    113.155  0.000e+00
   54.93050 -131.17394    141.210     72.178     71.515     6.7050    32.6529  1025.9417    25.6100     6.6988     36.708   102.8980     0.0288      7.756     2.5339     3.6212    110.339    113.165  0.000e+00
   54.93050 -131.17394    141.445     72.242     71.579     6.7050    32.6530  1025.9420    25.6101     6.6988     36.660   102.8980     0.0288      7.756     2.5306     3.6165    110.195    113.017  0.000e+00
   54.93050 -131.17394    141.518     72.242     71.579     6.7052    32.6524  1025.9415    25.6096     6.6989     36.662   102.8980     0.0288      7.756     2.5307     3.6167    110.201    113.023  0.000e+00
   54.93050 -131.17394    141.638     72.364     71.699     6.7053    32.6524  1025.9421    25.6096     6.6990     36.670   102.8980     0.0288      7.756     2.5313     3.6175    110.226    113.049  0.000e+00
   54.93050 -131.17394    141.638     72.364     71.699     6.7053    32.6524  1025.9421    25.6096     6.6990     36.677   102.8980     0.0288      7.756     2.5318     3.6182    110.247    113.070  0.000e+00
   54.93050 -131.17394    141.750     72.477     71.811     6.7049    32.6531  1025.9433    25.6102     6.6986     36.690   102.8980     0.0288      7.756     2.5327     3.6195    110.287    113.112  0.000e+00
   54.93050 -131.17394    141.824     72.477     71.811     6.7049    32.6529  1025.9431    25.6100     6.6986     36.645   102.8980     0.0288      7.752     2.5296     3.6150    110.151    112.972  0.000e+00
   54.93050 -131.17394    141.944     72.598     71.932     6.7050    32.6525  1025.9433    25.6097     6.6987     36.656   102.8980     0.0288      7.752     2.5304     3.6162    110.185    113.007  0.000e+00
   54.93050 -131.17394    141.944     72.598     71.932     6.7049    32.6528  1025.9436    25.6100     6.6986     36.609   102.8980     0.0288      7.756     2.5271     3.6115    110.043    112.861  0.000e+00
   54.93050 -131.17394    142.000     72.655     71.988     6.7050    32.6528  1025.9438    25.6099     6.6987     36.675   102.8980     0.0288      7.756     2.5317     3.6180    110.241    113.065  0.000e+00
   54.93050 -131.17394    142.039     72.719     72.052     6.7052    32.6528  1025.9441    25.6099     6.6989     36.639   102.8980     0.0288      7.756     2.5292     3.6145    110.133    112.953  0.000e+00
   54.93050 -131.17394    142.063     72.792     72.124     6.7050    32.6528  1025.9444    25.6099     6.6987     36.596   102.8701     0.0288      7.752     2.5262     3.6102    110.003    112.820  0.000e+00
   54.93050 -131.17394    142.086     72.841     72.172     6.7049    32.6531  1025.9449    25.6102     6.6986     36.609   102.8701     0.0288      7.752     2.5271     3.6114    110.041    112.859  0.000e+00
   54.93050 -131.17394    142.142     72.897     72.228     6.7053    32.6522  1025.9444    25.6094     6.6990     36.563   102.8701     0.0288      7.752     2.5239     3.6069    109.904    112.718  0.000e+00
   54.93050 -131.17394    142.223     72.954     72.284     6.7049    32.6524  1025.9449    25.6097     6.6986     36.574   102.8701     0.0288      7.752     2.5247     3.6080    109.937    112.753  0.000e+00
   54.93050 -131.17394    142.263     73.019     72.348     6.7049    32.6529  1025.9456    25.6100     6.6986     36.533   102.8701     0.0288      7.752     2.5219     3.6040    109.815    112.627  0.000e+00
   54.93050 -131.17394    142.343     73.075     72.404     6.7047    32.6528  1025.9458    25.6100     6.6983     36.542   102.8701     0.0288      7.752     2.5225     3.6049    109.843    112.656  0.000e+00
   54.93050 -131.17394    142.383     73.140     72.468     6.7047    32.6531  1025.9463    25.6102     6.6983     36.494   102.8701    -0.0005      7.752     2.5191     3.6001    109.696    112.505  0.000e+00
   54.93050 -131.17394    142.463     73.196     72.524     6.7043    32.6533  1025.9468    25.6104     6.6979     36.501   102.8701    -0.0005      7.752     2.5197     3.6009    109.719    112.529  0.000e+00
   54.93050 -131.17394    142.439     73.196     72.524     6.7049    32.6527  1025.9462    25.6098     6.6985     36.507   102.8701    -0.0005      7.752     2.5201     3.6014    109.735    112.546  0.000e+00
   54.93050 -131.17394    142.510     73.318     72.644     6.7049    32.6528  1025.9469    25.6100     6.6985     36.512   102.8701    -0.0005      7.752     2.5204     3.6019    109.751    112.561  0.000e+00
