EcoFOCI/data/1_SampleCollection/2022_GOA-OA_CruiseData/CTD_raw_BottleFile_RC0083/RC0083_122.cnv
* Sea-Bird SBE 9 Data File:
* FileName = C:\Data\RC0083ctd\RC0083_122.hex
* Software Version Seasave V 7.26.7.107
* Temperature SN = 2060
* Conductivity SN = 2881
* Number of Bytes Per Scan = 31
* Number of Voltage Words = 4
* Number of Scans Averaged by the Deck Unit = 1
* NMEA Latitude = 56 51.28 N
* NMEA Longitude = 134 26.13 W
* NMEA UTC (Time) = Aug 24 2022  01:21:28
* NMEA baud rate = 4800
** Ship: R/V Rachel Carson
** Cruise ID: RC0083
** Tech: McHugh/Nomura
** Chief Scientist: Cross
** Station: FSW1
** Cast:  CTD122
# nquan = 19
# nvalues = 8951                                  
# units = specified
# name 0 = latitude: Latitude [deg]
# name 1 = longitude: Longitude [deg]
# name 2 = sfdSM: Seafloor depth [salt water, m]
# name 3 = prDM: Pressure, Digiquartz [db]
# name 4 = depSM: Depth [salt water, m]
# name 5 = t090C: Temperature [ITS-90, deg C]
# name 6 = sal00: Salinity, Practical [PSU]
# name 7 = density00: Density [density, kg/m^3]
# name 8 = sigma-é00: Density [sigma-theta, kg/m^3]
# name 9 = potemp090C: Potential Temperature [ITS-90, deg C]
# name 10 = sbeox0PS: Oxygen, SBE 43 [% saturation]
# name 11 = CStarTr0: Beam Transmission, WET Labs C-Star [%]
# name 12 = flECO-AFL: Fluorescence, WET Labs ECO-AFL/FL [mg/m^3]
# name 13 = ph: pH
# name 14 = sbeox0ML/L: Oxygen, SBE 43 [ml/l]
# name 15 = sbeox0Mg/L: Oxygen, SBE 43 [mg/l]
# name 16 = sbox0Mm/Kg: Oxygen, SBE 43 [umol/kg]
# name 17 = sbeox0Mm/L: Oxygen, SBE 43 [umol/l]
# name 18 = flag:  0.000e+00
# span 0 =   56.85444,   56.85466                 
# span 1 = -134.43544, -134.43440                 
# span 2 =      6.176,    152.743                 
# span 3 =      1.701,    120.946                 
# span 4 =      1.685,    119.802                 
# span 5 =     6.2613,    11.5573                 
# span 6 =    28.6311,    32.7433                 
# span 7 =  1021.7368,  1026.2939                 
# span 8 =    21.7276,    25.7385                 
# span 9 =     6.2512,    11.5571                 
# span 10 =     37.207,     91.732                
# span 11 =    88.7457,   104.8559                
# span 12 =    -0.0591,     3.3694                
# span 13 =      7.772,      8.202                
# span 14 =     2.5929,     5.8347                
# span 15 =     3.7056,     8.3383                
# span 16 =    112.896,    255.031                
# span 17 =    115.800,    260.576                
# span 18 = 0.0000e+00, 0.0000e+00                
# interval = seconds: 0.0416667
# start_time = Aug 24 2022 01:21:28 [NMEA time, header]
# bad_flag = -9.990e-29
*END*
[from data line 5258]
   56.85444 -134.43450    127.547    114.662    113.579     6.3153    32.6836  1026.2123    25.6846     6.3057     37.803   104.7160    -0.0005      7.777     2.6327     3.7624    114.631    117.576  0.000e+00
   56.85444 -134.43450    127.409    114.646    113.563     6.3158    32.6826  1026.2114    25.6837     6.3062     37.806   104.7160    -0.0005      7.772     2.6329     3.7626    114.640    117.584  0.000e+00
   56.85444 -134.43450    127.425    114.662    113.579     6.3165    32.6815  1026.2105    25.6828     6.3068     37.808   104.7160    -0.0005      7.777     2.6330     3.7628    114.646    117.590  0.000e+00
   56.85444 -134.43450    127.313    114.549    113.467     6.3168    32.6814  1026.2099    25.6827     6.3071     37.809   104.7160    -0.0005      7.777     2.6330     3.7629    114.648    117.592  0.000e+00
   56.85444 -134.43450    127.411    114.549    113.467     6.3170    32.6811  1026.2096    25.6824     6.3073     37.809   104.6881    -0.0005      7.777     2.6331     3.7629    114.649    117.593  0.000e+00
   56.85444 -134.43450    127.646    114.589    113.507     6.3171    32.6806  1026.2094    25.6820     6.3075     37.809   104.6601    -0.0005      7.777     2.6331     3.7629    114.649    117.593  0.000e+00
   56.85444 -134.43450    127.615    114.484    113.403     6.3173    32.6804  1026.2088    25.6818     6.3076     37.757   104.6601    -0.0005      7.772     2.6294     3.7577    114.490    117.430  0.000e+00
   56.85444 -134.43450    127.559    114.427    113.346     6.3173    32.6805  1026.2085    25.6819     6.3076     37.748   104.6881    -0.0005      7.777     2.6288     3.7569    114.464    117.404  0.000e+00
   56.85444 -134.43450    127.535    114.427    113.346     6.3175    32.6804  1026.2084    25.6818     6.3079     37.740   104.6881    -0.0005      7.777     2.6282     3.7560    114.437    117.376  0.000e+00
   56.85444 -134.43450    127.657    114.427    113.346     6.3176    32.6802  1026.2083    25.6816     6.3080     37.737   104.6601    -0.0005      7.777     2.6281     3.7558    114.431    117.369  0.000e+00
   56.85444 -134.43450    127.747    114.346    113.266     6.3174    32.6804  1026.2080    25.6818     6.3078     37.792   104.6881    -0.0005      7.777     2.6319     3.7612    114.597    117.540  0.000e+00
   56.85444 -134.43450    127.732    114.306    113.226     6.3171    32.6812  1026.2085    25.6824     6.3075     37.796   104.6601    -0.0005      7.777     2.6321     3.7616    114.608    117.551  0.000e+00
   56.85444 -134.43450    127.732    114.306    113.226     6.3160    32.6824  1026.2097    25.6836     6.3063     37.799   104.6601    -0.0005      7.777     2.6324     3.7620    114.619    117.563  0.000e+00
   56.85444 -134.43450    127.732    114.306    113.226     6.3158    32.6830  1026.2102    25.6841     6.3062     37.794   104.6601    -0.0298      7.777     2.6321     3.7615    114.606    117.549  0.000e+00
   56.85444 -134.43450    127.798    114.249    113.170     6.3152    32.6839  1026.2107    25.6848     6.3056     37.789   104.6601    -0.0298      7.777     2.6317     3.7610    114.590    117.533  0.000e+00
   56.85444 -134.43450    127.840    114.168    113.090     6.3145    32.6848  1026.2111    25.6856     6.3049     37.782   104.6881    -0.0298      7.777     2.6313     3.7604    114.571    117.514  0.000e+00
   56.85444 -134.43450    127.880    114.185    113.106     6.3134    32.6862  1026.2124    25.6869     6.3038     37.776   104.6601    -0.0298      7.777     2.6309     3.7598    114.552    117.495  0.000e+00
   56.85444 -134.43450    127.824    114.128    113.050     6.3129    32.6868  1026.2126    25.6874     6.3033     37.825   104.6601    -0.0298      7.777     2.6343     3.7647    114.703    117.650  0.000e+00
   56.85444 -134.43450    127.824    114.128    113.050     6.3126    32.6871  1026.2130    25.6877     6.3030     37.823   104.6881    -0.0298      7.777     2.6342     3.7645    114.697    117.644  0.000e+00
   56.85444 -134.43450    127.866    114.047    112.970     6.3131    32.6867  1026.2122    25.6873     6.3035     37.769   104.6881    -0.0298      7.777     2.6304     3.7591    114.531    117.473  0.000e+00
   56.85444 -134.43450    127.980    114.063    112.986     6.3121    32.6876  1026.2131    25.6881     6.3025     37.765   104.6881    -0.0298      7.777     2.6302     3.7588    114.523    117.465  0.000e+00
   56.85444 -134.43450    127.924    114.006    112.930     6.3126    32.6866  1026.2120    25.6873     6.3030     37.761   104.6601    -0.0298      7.777     2.6299     3.7583    114.509    117.450  0.000e+00
   56.85444 -134.43450    127.867    113.950    112.874     6.3155    32.6825  1026.2082    25.6837     6.3059     37.813   104.6601    -0.0298      7.777     2.6334     3.7634    114.663    117.608  0.000e+00
   56.85444 -134.43450    127.892    113.950    112.873     6.3178    32.6791  1026.2052    25.6807     6.3082     37.814   104.6601    -0.0298      7.777     2.6334     3.7634    114.662    117.607  0.000e+00
   56.85444 -134.43450    127.990    113.925    112.849     6.3184    32.6783  1026.2043    25.6800     6.3088     37.821   104.7160    -0.0298      7.777     2.6339     3.7640    114.683    117.628  0.000e+00
   56.85444 -134.43450    128.023    113.885    112.809     6.3183    32.6782  1026.2041    25.6799     6.3087     37.770   104.7440    -0.0298      7.777     2.6303     3.7590    114.528    117.470  0.000e+00
   56.85444 -134.43450    128.023    113.885    112.809     6.3182    32.6786  1026.2044    25.6803     6.3086     37.770   104.7440    -0.0298      7.777     2.6303     3.7589    114.527    117.469  0.000e+00
   56.85444 -134.43450    127.967    113.828    112.753     6.3180    32.6788  1026.2043    25.6804     6.3085     37.769   104.7440    -0.0298      7.777     2.6302     3.7589    114.525    117.466  0.000e+00
   56.85444 -134.43450    127.936    113.747    112.673     6.3186    32.6777  1026.2031    25.6795     6.3090     37.832   104.7440    -0.0298      7.777     2.6346     3.7652    114.717    117.663  0.000e+00
   56.85444 -134.43450    128.057    113.772    112.697     6.3195    32.6767  1026.2022    25.6786     6.3099     37.838   104.7440    -0.0298      7.777     2.6350     3.7657    114.732    117.678  0.000e+00
   56.85444 -134.43450    128.042    113.707    112.633     6.3202    32.6755  1026.2009    25.6776     6.3106     37.842   104.7440    -0.0298      7.777     2.6353     3.7661    114.745    117.692  0.000e+00
   56.85444 -134.43450    128.042    113.707    112.633     6.3205    32.6756  1026.2009    25.6776     6.3109     37.847   104.7440    -0.0298      7.777     2.6356     3.7665    114.758    117.705  0.000e+00
   56.85444 -134.43450    127.986    113.650    112.577     6.3203    32.6755  1026.2006    25.6775     6.3107     37.901   104.7440    -0.0298      7.777     2.6394     3.7719    114.923    117.874  0.000e+00
   56.85444 -134.43450    128.011    113.626    112.553     6.3206    32.6750  1026.2001    25.6771     6.3111     37.903   104.7440    -0.0005      7.777     2.6395     3.7721    114.930    117.881  0.000e+00
   56.85444 -134.43450    128.132    113.650    112.577     6.3213    32.6738  1026.1992    25.6761     6.3117     37.854   104.7440    -0.0005      7.777     2.6361     3.7672    114.780    117.727  0.000e+00
   56.85444 -134.43450    128.037    113.529    112.457     6.3226    32.6727  1026.1976    25.6751     6.3130     37.854   104.7440    -0.0005      7.777     2.6360     3.7672    114.779    117.726  0.000e+00
   56.85444 -134.43450    128.068    113.585    112.513     6.3233    32.6721  1026.1973    25.6745     6.3137     37.848   104.7440    -0.0005      7.777     2.6356     3.7665    114.758    117.705  0.000e+00
   56.85444 -134.43450    127.932    113.448    112.377     6.3226    32.6733  1026.1977    25.6756     6.3130     37.840   104.7440    -0.0005      7.777     2.6350     3.7657    114.735    117.681  0.000e+00
   56.85444 -134.43450    128.110    113.529    112.457     6.3222    32.6733  1026.1981    25.6756     6.3127     37.897   104.7440    -0.0005      7.777     2.6390     3.7714    114.909    117.859  0.000e+00
   56.85444 -134.43450    128.063    113.407    112.336     6.3221    32.6738  1026.1980    25.6760     6.3125     37.844   104.7440    -0.0005      7.777     2.6353     3.7661    114.747    117.693  0.000e+00
   56.85444 -134.43450    128.087    113.407    112.336     6.3226    32.6733  1026.1975    25.6755     6.3130     37.841   104.7440    -0.0005      7.777     2.6351     3.7658    114.738    117.684  0.000e+00
   56.85444 -134.43450    128.071    113.391    112.320     6.3224    32.6734  1026.1976    25.6757     6.3128     37.896   104.7440    -0.0005      7.777     2.6389     3.7713    114.904    117.854  0.000e+00
   56.85444 -134.43450    128.031    113.351    112.280     6.3225    32.6733  1026.1973    25.6756     6.3130     37.898   104.7440    -0.0005      7.777     2.6391     3.7715    114.911    117.862  0.000e+00
   56.85444 -134.43450    128.065    113.286    112.216     6.3229    32.6725  1026.1962    25.6748     6.3133     37.900   104.7440    -0.0005      7.777     2.6392     3.7717    114.916    117.866  0.000e+00
   56.85444 -134.43450    128.114    113.286    112.216     6.3249    32.6695  1026.1937    25.6723     6.3154     37.901   104.7440    -0.0005      7.777     2.6392     3.7717    114.916    117.866  0.000e+00
   56.85444 -134.43450    128.082    113.229    112.160     6.3278    32.6664  1026.1906    25.6694     6.3183     37.901   104.7440    -0.0005      7.777     2.6390     3.7714    114.910    117.859  0.000e+00
   56.85444 -134.43450    128.041    113.213    112.144     6.3312    32.6625  1026.1870    25.6659     6.3217     37.900   104.7160    -0.0005      7.777     2.6388     3.7711    114.901    117.850  0.000e+00
   56.85444 -134.43450    128.026    113.173    112.104     6.3341    32.6594  1026.1840    25.6631     6.3245     37.898   104.7440    -0.0005      7.777     2.6386     3.7708    114.890    117.839  0.000e+00
   56.85444 -134.43450    128.059    113.108    112.040     6.3353    32.6580  1026.1824    25.6618     6.3258     37.902   104.7440    -0.0005      7.777     2.6388     3.7711    114.901    117.850  0.000e+00
   56.85444 -134.43450    128.108    113.108    112.040     6.3351    32.6583  1026.1827    25.6621     6.3255     37.906   104.7160    -0.0005      7.777     2.6391     3.7716    114.914    117.863  0.000e+00
   56.85444 -134.43450    128.092    113.092    112.024     6.3347    32.6590  1026.1832    25.6627     6.3252     37.910   104.7440    -0.0005      7.777     2.6394     3.7719    114.926    117.875  0.000e+00
   56.85444 -134.43450    128.052    113.051    111.984     6.3339    32.6598  1026.1838    25.6635     6.3244     37.913   104.7440    -0.0005      7.777     2.6396     3.7723    114.936    117.886  0.000e+00
   56.85444 -134.43450    128.037    112.987    111.920     6.3336    32.6601  1026.1838    25.6637     6.3241     37.915   104.7160    -0.0005      7.777     2.6398     3.7725    114.943    117.893  0.000e+00
   56.85444 -134.43450    128.134    112.987    111.920     6.3354    32.6583  1026.1821    25.6621     6.3258     37.917   104.7440    -0.0005      7.777     2.6398     3.7726    114.945    117.895  0.000e+00
   56.85444 -134.43450    128.143    112.970    111.904     6.3386    32.6546  1026.1787    25.6587     6.3291     37.918   104.7160    -0.0005      7.777     2.6398     3.7725    114.943    117.892  0.000e+00
   56.85444 -134.43450    128.103    112.930    111.863     6.3416    32.6513  1026.1755    25.6558     6.3321     37.969   104.7440    -0.0005      7.777     2.6432     3.7774    115.092    118.045  0.000e+00
   56.85444 -134.43450    128.047    112.873    111.807     6.3436    32.6494  1026.1735    25.6540     6.3340     37.910   104.7440    -0.0005      7.777     2.6390     3.7714    114.911    117.859  0.000e+00
   56.85444 -134.43450    128.096    112.873    111.807     6.3448    32.6479  1026.1722    25.6527     6.3353     37.959   104.7440    -0.0005      7.777     2.6424     3.7763    115.058    118.010  0.000e+00
   56.85444 -134.43450    128.145    112.849    111.783     6.3446    32.6486  1026.1726    25.6533     6.3350     37.899   104.7440    -0.0005      7.777     2.6382     3.7703    114.876    117.823  0.000e+00
   56.85444 -134.43450    128.129    112.808    111.743     6.3450    32.6484  1026.1722    25.6531     6.3355     37.953   104.7440    -0.0005      7.777     2.6420     3.7756    115.040    117.991  0.000e+00
   56.85444 -134.43450    128.073    112.752    111.687     6.3460    32.6475  1026.1711    25.6522     6.3365     37.956   104.7440    -0.0005      7.777     2.6421     3.7758    115.045    117.996  0.000e+00
   56.85444 -134.43450    128.073    112.752    111.687     6.3461    32.6473  1026.1710    25.6521     6.3366     37.958   104.7160    -0.0005      7.777     2.6422     3.7760    115.051    118.002  0.000e+00
   56.85444 -134.43450    128.130    112.736    111.671     6.3434    32.6512  1026.1743    25.6554     6.3339     37.959   104.7440    -0.0005      7.777     2.6424     3.7763    115.059    118.010  0.000e+00
   56.85444 -134.43450    128.099    112.630    111.567     6.3395    32.6559  1026.1781    25.6597     6.3300     37.959   104.7160    -0.0005      7.777     2.6426     3.7765    115.066    118.018  0.000e+00
   56.85444 -134.43450    128.163    112.695    111.631     6.3370    32.6584  1026.1806    25.6619     6.3275     37.959   104.7160    -0.0005      7.777     2.6427     3.7767    115.070    118.023  0.000e+00
   56.85444 -134.43450    128.099    112.630    111.567     6.3349    32.6614  1026.1830    25.6646     6.3254     37.958   104.6881    -0.0005      7.777     2.6427     3.7766    115.069    118.022  0.000e+00
   56.85444 -134.43450    128.019    112.549    111.487     6.3344    32.6617  1026.1829    25.6649     6.3249     37.962   104.6601    -0.0005      7.777     2.6430     3.7771    115.083    118.037  0.000e+00
   56.85444 -134.43450    128.043    112.574    111.511     6.3352    32.6606  1026.1820    25.6639     6.3257     37.966   104.6601    -0.0005      7.777     2.6433     3.7775    115.095    118.048  0.000e+00
   56.85444 -134.43450    127.979    112.509    111.447     6.3362    32.6592  1026.1805    25.6627     6.3267     37.963   104.6881    -0.0005      7.777     2.6430     3.7771    115.082    118.035  0.000e+00
   56.85444 -134.43450    127.979    112.509    111.447     6.3377    32.6573  1026.1788    25.6610     6.3282     37.958   104.6601    -0.0005      7.777     2.6426     3.7766    115.066    118.019  0.000e+00
   56.85444 -134.43450    127.963    112.493    111.431     6.3372    32.6576  1026.1790    25.6613     6.3278     37.953   104.6601    -0.0005      7.777     2.6423     3.7761    115.052    118.004  0.000e+00
   56.85444 -134.43450    127.891    112.396    111.334     6.3374    32.6574  1026.1784    25.6611     6.3280     37.954   104.6601    -0.0005      7.777     2.6423     3.7761    115.053    118.006  0.000e+00
   56.85444 -134.43450    128.094    112.452    111.391     6.3368    32.6582  1026.1794    25.6618     6.3273     37.955   104.6601    -0.0005      7.777     2.6424     3.7763    115.057    118.010  0.000e+00
   56.85444 -134.43450    127.927    112.210    111.150     6.3357    32.6598  1026.1796    25.6632     6.3263     37.954   104.6601    -0.0005      7.777     2.6424     3.7762    115.055    118.008  0.000e+00
   56.85444 -134.43450    128.232    112.493    111.431     6.3364    32.6591  1026.1803    25.6626     6.3269     37.948   104.6601    -0.0298      7.777     2.6419     3.7756    115.035    117.988  0.000e+00
