EcoFOCI/data/1_SampleCollection/2022_GOA-OA_CruiseData/CTD_raw_BottleFile_RC0083/RC0083_148.cnv
* Sea-Bird SBE 9 Data File:
* FileName = C:\Data\RC0083ctd\RC0083_148.hex
* Software Version Seasave V 7.26.7.107
* Temperature SN = 2060
* Conductivity SN = 2881
* Number of Bytes Per Scan = 31
* Number of Voltage Words = 4
* Number of Scans Averaged by the Deck Unit = 1
* NMEA Latitude = 54 56.05 N
* NMEA Longitude = 131 03.67 W
* NMEA UTC (Time) = Aug 28 2022  20:53:48
* NMEA baud rate = 4800
** Ship: R/V Rachel Carson
** Cruise ID: RC0083
** Tech: McHugh/Nomura
** Chief Scientist: Cross
** Station: RC3
** Cast:  CTD148
# nquan = 19
# nvalues = 17428                                 
# units = specified
# name 0 = latitude: Latitude [deg]
# name 1 = longitude: Longitude [deg]
# name 2 = sfdSM: Seafloor depth [salt water, m]
# name 3 = prDM: Pressure, Digiquartz [db]
# name 4 = depSM: Depth [salt water, m]
# name 5 = t090C: Temperature [ITS-90, deg C]
# name 6 = sal00: Salinity, Practical [PSU]
# name 7 = density00: Density [density, kg/m^3]
# name 8 = sigma-é00: Density [sigma-theta, kg/m^3]
# name 9 = potemp090C: Potential Temperature [ITS-90, deg C]
# name 10 = sbeox0PS: Oxygen, SBE 43 [% saturation]
# name 11 = CStarTr0: Beam Transmission, WET Labs C-Star [%]
# name 12 = flECO-AFL: Fluorescence, WET Labs ECO-AFL/FL [mg/m^3]
# name 13 = ph: pH
# name 14 = sbeox0ML/L: Oxygen, SBE 43 [ml/l]
# name 15 = sbeox0Mg/L: Oxygen, SBE 43 [mg/l]
# name 16 = sbox0Mm/Kg: Oxygen, SBE 43 [umol/kg]
# name 17 = sbeox0Mm/L: Oxygen, SBE 43 [umol/l]
# name 18 = flag:  0.000e+00
# span 0 =   54.93412,   54.93888                 
# span 1 = -131.06158, -131.06122                 
# span 2 =     29.623,    317.817                 
# span 3 =      2.000,    228.369                 
# span 4 =      1.982,    226.187                 
# span 5 =     5.8962,    13.8517                 
# span 6 =    27.1484,    33.4466                 
# span 7 =  1020.1719,  1027.3907                 
# span 8 =    20.1583,    26.3404                 
# span 9 =     5.8772,    13.8513                 
# span 10 =     25.739,     96.563                
# span 11 =    84.4105,   103.7091                
# span 12 =    -0.1177,     5.7431                
# span 13 =      7.686,      8.356                
# span 14 =     1.8009,     5.9067                
# span 15 =     2.5737,     8.4412                
# span 16 =     78.366,    258.577                
# span 17 =     80.430,    263.792                
# span 18 = 0.0000e+00, 0.0000e+00                
# interval = seconds: 0.0416667
# start_time = Aug 28 2022 20:53:48 [NMEA time, header]
# bad_flag = -9.990e-29
*END*
[from data line 10972]
   54.93710 -131.06148    277.864    181.039    179.329     6.0310    33.3059  1027.0451    26.2121     6.0159     27.908   100.4927    -0.0591      7.700     1.9485     2.7846     84.797     87.019  0.000e+00
   54.93710 -131.06148    277.720    180.893    179.185     6.0310    33.3059  1027.0445    26.2121     6.0159     27.855   100.4927    -0.0591      7.700     1.9448     2.7793     84.635     86.853  0.000e+00
   54.93710 -131.06148    277.808    180.982    179.273     6.0311    33.3058  1027.0447    26.2120     6.0161     27.853   100.4927    -0.0591      7.700     1.9447     2.7791     84.631     86.849  0.000e+00
   54.93710 -131.06148    277.631    180.804    179.097     6.0310    33.3058  1027.0440    26.2120     6.0159     27.910   100.4927    -0.0591      7.700     1.9486     2.7848     84.802     87.025  0.000e+00
   54.93710 -131.06148    277.840    181.039    179.329     6.0310    33.3060  1027.0452    26.2122     6.0159     27.865   100.4927    -0.0591      7.700     1.9455     2.7803     84.665     86.884  0.000e+00
   54.93710 -131.06148    277.688    180.861    179.153     6.0309    33.3064  1027.0448    26.2125     6.0158     27.870   100.4927    -0.0591      7.700     1.9458     2.7808     84.681     86.901  0.000e+00
   54.93710 -131.06148    277.631    180.804    179.097     6.0309    33.3060  1027.0441    26.2122     6.0158     27.869   100.4927    -0.0591      7.700     1.9457     2.7806     84.677     86.897  0.000e+00
   54.93710 -131.06148    277.688    180.861    179.153     6.0314    33.3050  1027.0435    26.2113     6.0163     27.926   100.4647    -0.0591      7.700     1.9497     2.7864     84.851     87.075  0.000e+00
   54.93710 -131.06148    277.631    180.828    179.121     6.0318    33.3048  1027.0432    26.2111     6.0167     27.866   100.4927    -0.0591      7.700     1.9455     2.7803     84.667     86.886  0.000e+00
   54.93710 -131.06148    277.567    180.739    179.032     6.0322    33.3045  1027.0425    26.2109     6.0171     27.856   100.5487    -0.0591      7.700     1.9448     2.7794     84.638     86.857  0.000e+00
   54.93710 -131.06148    277.511    180.682    178.976     6.0322    33.3046  1027.0423    26.2109     6.0171     27.905   100.5487    -0.0591      7.700     1.9483     2.7843     84.787     87.009  0.000e+00
   54.93710 -131.06148    277.567    180.739    179.032     6.0322    33.3045  1027.0425    26.2109     6.0171     27.910   100.5766    -0.0591      7.700     1.9486     2.7847     84.801     87.023  0.000e+00
   54.93710 -131.06148    277.511    180.682    178.976     6.0324    33.3041  1027.0419    26.2105     6.0174     27.914   100.5487    -0.0591      7.700     1.9488     2.7851     84.812     87.035  0.000e+00
   54.93710 -131.06148    277.455    180.626    178.920     6.0326    33.3041  1027.0416    26.2105     6.0175     27.975   100.5487    -0.0591      7.700     1.9531     2.7912     85.000     87.228  0.000e+00
   54.93712 -131.06148    277.391    180.561    178.856     6.0329    33.3039  1027.0411    26.2103     6.0178     27.927   100.5487    -0.0591      7.700     1.9498     2.7864     84.852     87.076  0.000e+00
   54.93712 -131.06148    277.391    180.561    178.856     6.0335    33.3033  1027.0406    26.2098     6.0184     27.930   100.5766    -0.0591      7.700     1.9499     2.7866     84.860     87.084  0.000e+00
   54.93712 -131.06148    277.391    180.561    178.856     6.0337    33.3033  1027.0406    26.2097     6.0187     27.932   100.5487    -0.0591      7.700     1.9501     2.7869     84.867     87.091  0.000e+00
   54.93712 -131.06148    277.247    180.415    178.712     6.0349    33.3023  1027.0390    26.2088     6.0198     27.934   100.5487    -0.0591      7.700     1.9502     2.7870     84.871     87.095  0.000e+00
   54.93712 -131.06148    277.271    180.439    178.736     6.0368    33.3003  1027.0372    26.2069     6.0217     27.936   100.5487    -0.0591      7.700     1.9503     2.7871     84.874     87.098  0.000e+00
   54.93712 -131.06148    277.070    180.261    178.559     6.0389    33.2989  1027.0350    26.2055     6.0239     27.937   100.5487    -0.0591      7.700     1.9502     2.7871     84.874     87.098  0.000e+00
   54.93712 -131.06148    277.271    180.439    178.736     6.0405    33.2972  1027.0343    26.2040     6.0255     27.939   100.5487    -0.0591      7.700     1.9503     2.7872     84.877     87.102  0.000e+00
   54.93712 -131.06148    277.070    180.261    178.559     6.0424    33.2956  1027.0320    26.2025     6.0274     27.932   100.5487    -0.0591      7.700     1.9498     2.7864     84.854     87.077  0.000e+00
   54.93712 -131.06148    277.070    180.261    178.559     6.0437    33.2942  1027.0307    26.2013     6.0287     27.925   100.5487    -0.0591      7.700     1.9493     2.7857     84.832     87.054  0.000e+00
   54.93712 -131.06148    277.038    180.205    178.503     6.0451    33.2929  1027.0292    26.2001     6.0301     27.918   100.5487    -0.0591      7.700     1.9487     2.7849     84.807     87.029  0.000e+00
   54.93712 -131.06148    276.974    180.140    178.439     6.0457    33.2923  1027.0284    26.1995     6.0306     27.910   100.5487    -0.0591      7.700     1.9481     2.7840     84.782     87.003  0.000e+00
   54.93712 -131.06148    277.006    180.172    178.471     6.0464    33.2919  1027.0282    26.1991     6.0314     27.909   100.5487    -0.0591      7.700     1.9480     2.7839     84.777     86.998  0.000e+00
   54.93712 -131.06148    276.862    180.026    178.327     6.0467    33.2914  1027.0270    26.1987     6.0317     27.907   100.5766    -0.0591      7.700     1.9479     2.7837     84.771     86.991  0.000e+00
   54.93712 -131.06148    276.862    180.026    178.327     6.0469    33.2915  1027.0271    26.1987     6.0319     27.905   100.5487    -0.0591      7.700     1.9477     2.7835     84.765     86.985  0.000e+00
   54.93712 -131.06148    276.677    179.840    178.142     6.0476    33.2906  1027.0254    26.1980     6.0326     27.844   100.5487    -0.0591      7.700     1.9434     2.7774     84.578     86.794  0.000e+00
   54.93712 -131.06148    276.797    179.962    178.263     6.0477    33.2906  1027.0259    26.1979     6.0326     27.835   100.5487    -0.0591      7.700     1.9428     2.7765     84.552     86.768  0.000e+00
   54.93712 -131.06148    276.741    179.905    178.206     6.0488    33.2896  1027.0248    26.1970     6.0338     27.884   100.5487    -0.0591      7.700     1.9462     2.7814     84.700     86.919  0.000e+00
   54.93712 -131.06148    276.621    179.783    178.086     6.0496    33.2891  1027.0237    26.1965     6.0346     27.882   100.5487    -0.0591      7.700     1.9460     2.7810     84.690     86.909  0.000e+00
   54.93712 -131.06148    276.621    179.783    178.086     6.0501    33.2885  1027.0231    26.1959     6.0351     27.937   100.5766    -0.0591      7.700     1.9499     2.7866     84.859     87.082  0.000e+00
   54.93712 -131.06148    276.565    179.727    178.030     6.0501    33.2884  1027.0228    26.1959     6.0351     27.941   100.5487    -0.0591      7.700     1.9501     2.7869     84.870     87.093  0.000e+00
   54.93712 -131.06148    276.477    179.638    177.942     6.0506    33.2882  1027.0222    26.1957     6.0356     27.944   100.5487    -0.0591      7.700     1.9503     2.7872     84.877     87.101  0.000e+00
   54.93712 -131.06148    276.445    179.605    177.910     6.0506    33.2881  1027.0219    26.1955     6.0356     27.888   100.5487    -0.0591      7.700     1.9464     2.7816     84.708     86.927  0.000e+00
   54.93712 -131.06148    276.324    179.484    177.789     6.0513    33.2876  1027.0209    26.1951     6.0363     27.883   100.5487    -0.0591      7.700     1.9460     2.7811     84.691     86.910  0.000e+00
   54.93712 -131.06148    276.380    179.540    177.846     6.0517    33.2870  1027.0207    26.1946     6.0367     27.936   100.5487    -0.0591      7.700     1.9498     2.7864     84.853     87.076  0.000e+00
   54.93712 -131.06148    276.268    179.427    177.733     6.0519    33.2868  1027.0200    26.1944     6.0369     27.937   100.5487    -0.0591      7.700     1.9498     2.7865     84.856     87.079  0.000e+00
   54.93712 -131.06148    276.268    179.427    177.733     6.0521    33.2871  1027.0201    26.1946     6.0372     27.945   100.5487    -0.0591      7.700     1.9504     2.7873     84.880     87.104  0.000e+00
   54.93712 -131.06148    276.204    179.362    177.669     6.0522    33.2870  1027.0197    26.1945     6.0372     27.953   100.5487    -0.0591      7.700     1.9509     2.7880     84.903     87.127  0.000e+00
   54.93712 -131.06148    276.148    179.305    177.613     6.0522    33.2866  1027.0192    26.1942     6.0372     27.902   100.5487    -0.0591      7.700     1.9473     2.7829     84.748     86.968  0.000e+00
   54.93712 -131.06148    276.084    179.241    177.549     6.0519    33.2869  1027.0192    26.1945     6.0370     27.895   100.5487    -0.0591      7.700     1.9469     2.7823     84.728     86.947  0.000e+00
   54.93712 -131.06148    276.003    179.184    177.493     6.0521    33.2867  1027.0187    26.1943     6.0372     27.953   100.5487    -0.0591      7.700     1.9509     2.7881     84.905     87.129  0.000e+00
   54.93712 -131.06148    275.971    179.127    177.437     6.0521    33.2868  1027.0186    26.1944     6.0371     27.960   100.5487    -0.0591      7.700     1.9514     2.7888     84.926     87.150  0.000e+00
   54.93712 -131.06148    275.939    179.095    177.405     6.0527    33.2864  1027.0180    26.1940     6.0378     27.967   100.5487    -0.0591      7.700     1.9518     2.7894     84.944     87.169  0.000e+00
   54.93712 -131.06148    275.851    179.006    177.316     6.0529    33.2864  1027.0176    26.1940     6.0379     27.973   100.5487    -0.0591      7.700     1.9523     2.7900     84.962     87.188  0.000e+00
   54.93712 -131.06148    275.851    179.006    177.316     6.0530    33.2863  1027.0175    26.1938     6.0381     27.979   100.5766    -0.0591      7.700     1.9527     2.7906     84.980     87.206  0.000e+00
   54.93712 -131.06148    275.731    178.884    177.196     6.0531    33.2860  1027.0167    26.1936     6.0381     27.984   100.5487    -0.0591      7.700     1.9530     2.7911     84.997     87.223  0.000e+00
   54.93712 -131.06148    275.610    178.763    177.076     6.0530    33.2863  1027.0163    26.1938     6.0381     27.989   100.6046    -0.0591      7.700     1.9534     2.7916     85.012     87.239  0.000e+00
   54.93712 -131.06148    275.787    178.941    177.252     6.0527    33.2861  1027.0170    26.1937     6.0378     27.988   100.6326    -0.0591      7.700     1.9533     2.7915     85.009     87.235  0.000e+00
   54.93712 -131.06148    275.610    178.763    177.076     6.0530    33.2859  1027.0161    26.1936     6.0381     27.984   100.6326    -0.0591      7.700     1.9531     2.7911     84.998     87.225  0.000e+00
   54.93712 -131.06148    275.554    178.706    177.020     6.0530    33.2861  1027.0159    26.1937     6.0381     28.047   100.6326    -0.0591      7.700     1.9574     2.7973     85.187     87.418  0.000e+00
   54.93712 -131.06148    275.490    178.641    176.955     6.0529    33.2859  1027.0155    26.1936     6.0380     27.991   100.6326    -0.0591      7.700     1.9536     2.7918     85.019     87.246  0.000e+00
   54.93712 -131.06148    275.434    178.585    176.899     6.0532    33.2861  1027.0153    26.1936     6.0383     27.987   100.6326    -0.0591      7.700     1.9532     2.7914     85.004     87.231  0.000e+00
   54.93712 -131.06148    275.378    178.528    176.843     6.0530    33.2860  1027.0150    26.1936     6.0381     27.982   100.6326    -0.0591      7.700     1.9529     2.7909     84.989     87.216  0.000e+00
   54.93712 -131.06148    275.346    178.496    176.811     6.0534    33.2857  1027.0146    26.1933     6.0385     27.983   100.6326    -0.0591      7.700     1.9530     2.7910     84.994     87.220  0.000e+00
   54.93712 -131.06148    275.314    178.463    176.779     6.0533    33.2854  1027.0143    26.1931     6.0384     27.977   100.6326    -0.0591      7.700     1.9526     2.7904     84.976     87.202  0.000e+00
   54.93712 -131.06148    275.258    178.406    176.723     6.0535    33.2853  1027.0139    26.1930     6.0386     27.971   100.6326    -0.0591      7.700     1.9521     2.7898     84.956     87.181  0.000e+00
   54.93712 -131.06148    275.193    178.342    176.659     6.0534    33.2858  1027.0140    26.1934     6.0385     27.971   100.6326    -0.0591      7.700     1.9521     2.7898     84.956     87.181  0.000e+00
   54.93712 -131.06148    275.081    178.228    176.546     6.0535    33.2856  1027.0133    26.1932     6.0386     27.970   100.6326    -0.0591      7.700     1.9521     2.7897     84.955     87.180  0.000e+00
   54.93712 -131.06148    275.137    178.285    176.603     6.0535    33.2855  1027.0134    26.1931     6.0386     27.970   100.6326    -0.0591      7.700     1.9521     2.7897     84.954     87.180  0.000e+00
   54.93712 -131.06148    274.841    177.985    176.306     6.0536    33.2855  1027.0121    26.1932     6.0387     27.976   100.6326    -0.0591      7.700     1.9525     2.7903     84.971     87.197  0.000e+00
   54.93712 -131.06148    275.137    178.285    176.603     6.0535    33.2857  1027.0136    26.1933     6.0386     27.976   100.6326    -0.0591      7.700     1.9525     2.7903     84.973     87.198  0.000e+00
   54.93712 -131.06148    274.872    178.042    176.362     6.0537    33.2855  1027.0123    26.1931     6.0388     27.975   100.6326    -0.0591      7.700     1.9524     2.7901     84.967     87.193  0.000e+00
   54.93712 -131.06148    274.872    178.042    176.362     6.0538    33.2853  1027.0122    26.1930     6.0389     27.973   100.6326    -0.0591      7.700     1.9523     2.7900     84.963     87.189  0.000e+00
   54.93712 -131.06148    274.816    177.985    176.306     6.0538    33.2850  1027.0117    26.1928     6.0389     27.972   100.6326    -0.0591      7.700     1.9522     2.7898     84.959     87.184  0.000e+00
   54.93712 -131.06148    274.784    177.929    176.250     6.0541    33.2852  1027.0115    26.1928     6.0392     28.028   100.6326    -0.0591      7.700     1.9561     2.7954     85.129     87.359  0.000e+00
   54.93712 -131.06148    274.784    177.929    176.250     6.0538    33.2857  1027.0119    26.1933     6.0389     28.033   100.6326    -0.0884      7.700     1.9564     2.7959     85.143     87.374  0.000e+00
   54.93712 -131.06148    274.720    177.864    176.186     6.0540    33.2852  1027.0113    26.1929     6.0392     27.978   100.5766    -0.0884      7.700     1.9526     2.7905     84.978     87.203  0.000e+00
   54.93712 -131.06148    274.520    177.661    175.985     6.0540    33.2853  1027.0104    26.1929     6.0392     27.974   100.5487    -0.0884      7.700     1.9523     2.7901     84.966     87.191  0.000e+00
   54.93712 -131.06148    274.720    177.864    176.186     6.0541    33.2848  1027.0109    26.1925     6.0392     27.972   100.5487    -0.0884      7.700     1.9521     2.7898     84.958     87.183  0.000e+00
   54.93712 -131.06148    274.544    177.686    176.009     6.0542    33.2850  1027.0102    26.1927     6.0393     28.026   100.5487    -0.0884      7.700     1.9559     2.7952     85.121     87.351  0.000e+00
   54.93712 -131.06148    274.544    177.686    176.009     6.0542    33.2848  1027.0101    26.1925     6.0393     28.028   100.5487    -0.0884      7.700     1.9561     2.7954     85.129     87.359  0.000e+00
   54.93712 -131.06148    274.488    177.629    175.953     6.0540    33.2849  1027.0099    26.1926     6.0392     27.972   100.5487    -0.0884      7.700     1.9522     2.7898     84.958     87.183  0.000e+00
