EcoFOCI/data/1_SampleCollection/2022_GOA-OA_CruiseData/CTD_raw_BottleFile_RC0083/RC0083_003.ros
* Sea-Bird SBE 9 Data File:
* FileName = C:\Data\RC0083ctd\RC0083_003.hex
* Software Version Seasave V 7.26.7.107
* Temperature SN = 2060
* Conductivity SN = 1084
* Number of Bytes Per Scan = 31
* Number of Voltage Words = 4
* Number of Scans Averaged by the Deck Unit = 1
* NMEA Latitude = 54 40.38 N
* NMEA Longitude = 133 02.47 W
* NMEA UTC (Time) = Aug 12 2022  05:42:01
* NMEA baud rate = 4800
** Ship: R/V Rachel Carson
** Cruise ID: RC0083 RC0083
** Tech: McHugh/Nomura
** Chief Scientist: Cross Cross
** Station: DE3
** Cast:  003
# nquan = 21
# nvalues = 343                                   
# units = specified
# name 0 = latitude: Latitude [deg]
# name 1 = longitude: Longitude [deg]
# name 2 = sfdSM: Seafloor depth [salt water, m]
# name 3 = prDM: Pressure, Digiquartz [db]
# name 4 = depSM: Depth [salt water, m]
# name 5 = t090C: Temperature [ITS-90, deg C]
# name 6 = sal00: Salinity, Practical [PSU]
# name 7 = density00: Density [density, kg/m^3]
# name 8 = sigma-é00: Density [sigma-theta, kg/m^3]
# name 9 = potemp090C: Potential Temperature [ITS-90, deg C]
# name 10 = sbeox0PS: Oxygen, SBE 43 [% saturation]
# name 11 = CStarTr0: Beam Transmission, WET Labs C-Star [%]
# name 12 = flECO-AFL: Fluorescence, WET Labs ECO-AFL/FL [mg/m^3]
# name 13 = ph: pH
# name 14 = sbeox0ML/L: Oxygen, SBE 43 [ml/l]
# name 15 = sbeox0Mg/L: Oxygen, SBE 43 [mg/l]
# name 16 = sbox0Mm/Kg: Oxygen, SBE 43 [umol/kg]
# name 17 = sbeox0Mm/L: Oxygen, SBE 43 [umol/l]
# name 18 = scan: Scan Count
# name 19 = nbf: Bottles Fired
# name 20 = flag:  0.000e+00
# interval = seconds: 0.0416667
# start_time = Aug 12 2022 05:42:01 [NMEA time, header]
# bad_flag = -9.990e-29
*END*
   54.67360 -133.03902    217.187    208.617    206.638     6.1651    33.4331  1027.2548    26.2961     6.1474     37.924   105.5831    -0.0591      7.758     2.6373     3.7689    114.763    117.780      10405          1  0.000e+00
   54.67360 -133.03902    217.212    208.617    206.638     6.1647    33.4336  1027.2553    26.2965     6.1470     37.924   105.5831    -0.0591      7.753     2.6373     3.7689    114.762    117.780      10406          1  0.000e+00
   54.67360 -133.03902    217.260    208.666    206.686     6.1646    33.4336  1027.2555    26.2965     6.1469     37.924   105.5831    -0.0591      7.758     2.6373     3.7690    114.763    117.781      10407          1  0.000e+00
   54.67360 -133.03902    217.212    208.617    206.638     6.1642    33.4337  1027.2554    26.2966     6.1465     37.924   105.5831    -0.0591      7.758     2.6373     3.7690    114.765    117.783      10408          1  0.000e+00
   54.67360 -133.03902    217.268    208.674    206.694     6.1640    33.4338  1027.2558    26.2968     6.1462     37.925   105.5831    -0.0591      7.758     2.6374     3.7691    114.768    117.786      10409          1  0.000e+00
   54.67360 -133.03902    217.284    208.666    206.686     6.1634    33.4343  1027.2563    26.2973     6.1457     37.926   105.5271    -0.0591      7.753     2.6375     3.7692    114.772    117.791      10410          1  0.000e+00
   54.67360 -133.03902    217.357    208.739    206.758     6.1633    33.4342  1027.2565    26.2972     6.1456     37.928   105.4992    -0.0591      7.753     2.6376     3.7694    114.778    117.796      10411          1  0.000e+00
   54.67360 -133.03902    217.533    208.917    206.935     6.1629    33.4344  1027.2576    26.2974     6.1452     37.930   105.4992    -0.0591      7.753     2.6378     3.7697    114.787    117.805      10412          1  0.000e+00
   54.67360 -133.03902    217.228    208.609    206.630     6.1630    33.4345  1027.2562    26.2975     6.1453     37.873   105.5271    -0.0591      7.758     2.6338     3.7640    114.613    117.627      10413          1  0.000e+00
   54.67360 -133.03902    217.413    208.795    206.814     6.1628    33.4348  1027.2573    26.2978     6.1451     37.869   105.5271    -0.0591      7.758     2.6335     3.7636    114.600    117.614      10414          1  0.000e+00
   54.67360 -133.03900    217.477    208.860    206.879     6.1628    33.4344  1027.2573    26.2975     6.1451     37.864   105.5271    -0.0591      7.753     2.6332     3.7632    114.587    117.600      10415          1  0.000e+00
   54.67360 -133.03900    217.324    208.730    206.750     6.1627    33.4345  1027.2568    26.2975     6.1449     37.859   105.5271    -0.0591      7.758     2.6329     3.7627    114.573    117.586      10416          1  0.000e+00
   54.67360 -133.03900    217.629    209.038    207.055     6.1623    33.4349  1027.2586    26.2979     6.1446     37.858   105.4992    -0.0591      7.753     2.6328     3.7625    114.568    117.581      10417          1  0.000e+00
   54.67360 -133.03900    217.509    208.917    206.935     6.1617    33.4354  1027.2585    26.2984     6.1440     37.854   105.5271    -0.0591      7.753     2.6326     3.7623    114.559    117.572      10418          1  0.000e+00
   54.67360 -133.03900    217.565    208.974    206.991     6.1615    33.4357  1027.2590    26.2986     6.1438     37.853   105.4992    -0.0591      7.758     2.6325     3.7621    114.554    117.567      10419          1  0.000e+00
   54.67360 -133.03900    217.597    209.030    207.047     6.1612    33.4356  1027.2593    26.2986     6.1435     37.852   105.4992    -0.0591      7.753     2.6324     3.7620    114.552    117.565      10420          1  0.000e+00
   54.67360 -133.03900    217.580    209.038    207.055     6.1609    33.4360  1027.2596    26.2989     6.1432     37.851   105.5271    -0.0591      7.758     2.6324     3.7620    114.551    117.563      10421          1  0.000e+00
   54.67360 -133.03900    217.580    209.038    207.055     6.1604    33.4363  1027.2600    26.2993     6.1427     37.843   105.4992    -0.0591      7.753     2.6318     3.7612    114.526    117.538      10422          1  0.000e+00
   54.67360 -133.03900    217.628    209.087    207.103     6.1606    33.4361  1027.2600    26.2990     6.1428     37.835   105.4992    -0.0591      7.753     2.6313     3.7604    114.502    117.513      10423          1  0.000e+00
   54.67360 -133.03900    217.701    209.160    207.176     6.1604    33.4362  1027.2604    26.2991     6.1427     37.836   105.5271    -0.0591      7.753     2.6314     3.7605    114.506    117.517      10424          1  0.000e+00
   54.67360 -133.03900    217.652    209.160    207.176     6.1598    33.4366  1027.2608    26.2996     6.1420     37.837   105.4992    -0.0591      7.758     2.6315     3.7607    114.511    117.523      10425          1  0.000e+00
   54.67360 -133.03900    217.675    209.209    207.224     6.1598    33.4365  1027.2609    26.2995     6.1420     37.839   105.4992    -0.0591      7.753     2.6317     3.7609    114.518    117.530      10426          1  0.000e+00
   54.67360 -133.03900    217.740    209.273    207.288     6.1590    33.4372  1027.2619    26.3002     6.1412     37.834   105.5271    -0.0591      7.758     2.6313     3.7604    114.503    117.515      10427          1  0.000e+00
   54.67360 -133.03900    217.740    209.273    207.288     6.1585    33.4373  1027.2621    26.3003     6.1407     37.829   105.4992    -0.0591      7.758     2.6310     3.7599    114.489    117.500      10428          1  0.000e+00
   54.67360 -133.03900    217.804    209.338    207.352     6.1581    33.4377  1027.2627    26.3006     6.1404     37.824   105.4992    -0.0591      7.753     2.6307     3.7595    114.475    117.486      10429          1  0.000e+00
   54.67360 -133.03900    217.722    209.330    207.344     6.1575    33.4383  1027.2633    26.3012     6.1398     37.819   105.5551    -0.0591      7.758     2.6304     3.7590    114.461    117.472      10430          1  0.000e+00
   54.67360 -133.03900    217.762    209.395    207.408     6.1577    33.4382  1027.2634    26.3010     6.1399     37.824   105.5831    -0.0591      7.753     2.6307     3.7595    114.474    117.485      10431          1  0.000e+00
   54.67360 -133.03900    217.826    209.460    207.472     6.1574    33.4386  1027.2641    26.3015     6.1396     37.829   105.5831    -0.0884      7.758     2.6310     3.7600    114.490    117.501      10432          1  0.000e+00
   54.67360 -133.03900    217.810    209.444    207.456     6.1575    33.4380  1027.2635    26.3009     6.1397     37.834   105.5831    -0.0884      7.753     2.6314     3.7605    114.507    117.518      10433          1  0.000e+00
   54.67360 -133.03900    217.858    209.517    207.529     6.1575    33.4385  1027.2643    26.3014     6.1398     37.840   105.5831    -0.0884      7.758     2.6318     3.7612    114.526    117.538      10434          1  0.000e+00
   54.67360 -133.03900    217.785    209.517    207.529     6.1573    33.4384  1027.2642    26.3013     6.1396     37.847   105.5831    -0.0884      7.758     2.6323     3.7619    114.547    117.560      10435          1  0.000e+00
   54.67360 -133.03900    217.809    209.565    207.577     6.1574    33.4381  1027.2641    26.3010     6.1396     37.846   105.5551    -0.0884      7.753     2.6323     3.7618    114.545    117.557      10436          1  0.000e+00
   54.67360 -133.03900    218.001    209.760    207.769     6.1577    33.4381  1027.2650    26.3010     6.1399     37.855   105.5831    -0.0884      7.758     2.6329     3.7626    114.570    117.584      10437          1  0.000e+00
   54.67360 -133.03900    217.729    209.460    207.472     6.1577    33.4382  1027.2637    26.3011     6.1399     37.862   105.5831    -0.0884      7.753     2.6333     3.7633    114.591    117.605      10438          1  0.000e+00
   54.67360 -133.03900    217.856    209.638    207.649     6.1575    33.4380  1027.2644    26.3009     6.1398     37.864   105.5831    -0.0884      7.753     2.6335     3.7635    114.597    117.611      10439          1  0.000e+00
   54.67360 -133.03900    217.775    209.630    207.641     6.1575    33.4382  1027.2645    26.3011     6.1397     37.865   105.5831    -0.0884      7.758     2.6335     3.7636    114.600    117.614      10440          1  0.000e+00
   54.67360 -133.03900    217.839    209.695    207.705     6.1573    33.4385  1027.2651    26.3013     6.1395     37.875   105.5831    -0.0884      7.758     2.6343     3.7646    114.631    117.646      10441          1  0.000e+00
   54.67360 -133.03900    217.839    209.695    207.705     6.1575    33.4382  1027.2649    26.3011     6.1397     37.877   105.5831    -0.0884      7.753     2.6344     3.7648    114.637    117.652      10442          1  0.000e+00
   54.67360 -133.03900    217.831    209.687    207.697     6.1574    33.4385  1027.2651    26.3014     6.1396     37.937   105.5831    -0.0884      7.753     2.6386     3.7708    114.818    117.838      10443          1  0.000e+00
   54.67360 -133.03900    217.790    209.695    207.705     6.1572    33.4386  1027.2652    26.3014     6.1394     37.948   105.5831    -0.0884      7.758     2.6393     3.7718    114.851    117.872      10444          1  0.000e+00
   54.67360 -133.03900    217.766    209.695    207.705     6.1570    33.4382  1027.2649    26.3012     6.1393     37.958   105.5831    -0.0884      7.758     2.6401     3.7729    114.883    117.905      10445          1  0.000e+00
   54.67360 -133.03900    217.790    209.743    207.753     6.1570    33.4385  1027.2653    26.3014     6.1393     37.969   105.5831    -0.0884      7.753     2.6408     3.7740    114.916    117.938      10446          1  0.000e+00
   54.67360 -133.03900    217.862    209.816    207.825     6.1578    33.4374  1027.2647    26.3004     6.1400     37.980   105.5831    -0.0884      7.758     2.6415     3.7750    114.947    117.970      10447          1  0.000e+00
   54.67360 -133.03900    217.590    209.517    207.529     6.1578    33.4376  1027.2635    26.3006     6.1401     37.989   105.5831    -0.0884      7.758     2.6422     3.7759    114.975    117.998      10448          1  0.000e+00
   54.67360 -133.03900    217.717    209.695    207.705     6.1580    33.4375  1027.2642    26.3005     6.1402     37.992   105.5831    -0.0884      7.753     2.6423     3.7762    114.983    118.007      10449          1  0.000e+00
   54.67360 -133.03900    217.685    209.687    207.697     6.1575    33.4377  1027.2644    26.3007     6.1398     37.944   105.5551    -0.0884      7.758     2.6391     3.7715    114.840    117.860      10450          1  0.000e+00
   54.67360 -133.03900    217.668    209.695    207.705     6.1573    33.4378  1027.2645    26.3008     6.1395     37.947   105.5551    -0.0884      7.753     2.6392     3.7717    114.848    117.869      10451          1  0.000e+00
   54.67360 -133.03900    217.637    209.638    207.649     6.1569    33.4383  1027.2647    26.3012     6.1391     37.949   105.5551    -0.0884      7.753     2.6394     3.7720    114.856    117.877      10452          1  0.000e+00
   54.67360 -133.03900    217.604    209.630    207.641     6.1565    33.4388  1027.2651    26.3017     6.1388     37.952   105.5551    -0.0884      7.753     2.6397     3.7723    114.866    117.887      10453          1  0.000e+00
   54.67366 -133.03812    217.230    152.749    151.321     6.4967    33.1360  1026.7203    26.0187     6.4835     43.467   105.3593    -0.0591      7.800     3.0054     4.2951    130.819    134.223      13915          2  0.000e+00
   54.67366 -133.03812    217.174    152.693    151.265     6.4962    33.1366  1026.7205    26.0193     6.4830     43.465   105.3593    -0.0591      7.800     3.0053     4.2949    130.814    134.217      13916          2  0.000e+00
   54.67366 -133.03812    217.334    152.879    151.449     6.4970    33.1355  1026.7205    26.0183     6.4838     43.408   105.3313    -0.0591      7.800     3.0013     4.2892    130.641    134.040      13917          2  0.000e+00
   54.67366 -133.03812    217.125    152.693    151.265     6.4970    33.1357  1026.7198    26.0185     6.4838     43.457   105.3593    -0.0591      7.800     3.0047     4.2940    130.786    134.189      13918          2  0.000e+00
   54.67366 -133.03812    217.310    152.879    151.449     6.4970    33.1357  1026.7206    26.0185     6.4838     43.459   105.3313    -0.0591      7.800     3.0048     4.2942    130.793    134.196      13919          2  0.000e+00
   54.67366 -133.03812    217.182    152.749    151.321     6.4978    33.1354  1026.7197    26.0182     6.4846     43.460   105.3313    -0.0591      7.800     3.0049     4.2943    130.796    134.199      13920          2  0.000e+00
   54.67366 -133.03812    217.350    152.944    151.513     6.4999    33.1335  1026.7188    26.0164     6.4866     43.465   105.3313    -0.0591      7.800     3.0051     4.2946    130.804    134.207      13921          2  0.000e+00
   54.67366 -133.03812    217.084    152.749    151.321     6.5033    33.1313  1026.7157    26.0142     6.4901     43.467   105.3313    -0.0591      7.800     3.0051     4.2946    130.804    134.207      13922          2  0.000e+00
   54.67366 -133.03812    217.396    153.114    151.681     6.5055    33.1291  1026.7154    26.0122     6.4923     43.474   105.3313    -0.0591      7.800     3.0055     4.2951    130.821    134.224      13923          2  0.000e+00
   54.67366 -133.03812    217.227    152.944    151.513     6.5059    33.1288  1026.7143    26.0119     6.4926     43.423   105.3313    -0.0591      7.800     3.0019     4.2900    130.664    134.063      13924          2  0.000e+00
   54.67366 -133.03812    217.211    152.927    151.497     6.5063    33.1286  1026.7140    26.0117     6.4931     43.479   105.3593    -0.0591      7.800     3.0057     4.2955    130.833    134.236      13925          2  0.000e+00
   54.67366 -133.03812    217.284    153.000    151.569     6.5073    33.1276  1026.7135    26.0108     6.4941     43.431   105.3873    -0.0591      7.800     3.0024     4.2907    130.686    134.085      13926          2  0.000e+00
   54.67366 -133.03812    217.211    152.927    151.497     6.5088    33.1267  1026.7122    26.0099     6.4955     43.432   105.3873    -0.0591      7.800     3.0024     4.2907    130.687    134.086      13927          2  0.000e+00
   54.67366 -133.03812    217.404    153.122    151.690     6.5103    33.1255  1026.7120    26.0088     6.4970     43.437   105.3873    -0.0591      7.800     3.0026     4.2910    130.696    134.095      13928          2  0.000e+00
   54.67366 -133.03812    217.332    153.049    151.617     6.5125    33.1237  1026.7099    26.0070     6.4992     43.489   105.3873    -0.0591      7.800     3.0061     4.2960    130.850    134.253      13929          2  0.000e+00
   54.67366 -133.03812    217.428    153.122    151.690     6.5141    33.1224  1026.7090    26.0058     6.5009     43.446   105.3873    -0.0591      7.800     3.0030     4.2916    130.715    134.114      13930          2  0.000e+00
   54.67366 -133.03812    217.307    153.049    151.617     6.5152    33.1214  1026.7077    26.0049     6.5019     43.444   105.3873    -0.0591      7.800     3.0028     4.2913    130.706    134.105      13931          2  0.000e+00
   54.67366 -133.03812    217.379    153.170    151.738     6.5161    33.1205  1026.7075    26.0041     6.5028     43.452   105.3873    -0.0591      7.800     3.0033     4.2921    130.729    134.128      13932          2  0.000e+00
   54.67366 -133.03812    217.331    153.122    151.690     6.5171    33.1202  1026.7068    26.0036     6.5039     43.452   105.3873    -0.0591      7.800     3.0033     4.2920    130.727    134.126      13933          2  0.000e+00
