EcoFOCI/data/1_SampleCollection/2022_GOA-OA_CruiseData/CTD_raw_BottleFile_RC0083/RC0083_016.cnv
* Sea-Bird SBE 9 Data File:
* FileName = C:\Data\RC0083ctd\RC0083_016.hex
* Software Version Seasave V 7.26.7.107
* Temperature SN = 2060
* Conductivity SN = 1084
* Number of Bytes Per Scan = 31
* Number of Voltage Words = 4
* Number of Scans Averaged by the Deck Unit = 1
* NMEA Latitude = 56 10.79 N
* NMEA Longitude = 134 19.21 W
* NMEA UTC (Time) = Aug 13 2022  14:56:51
* NMEA baud rate = 4800
** Ship: R/V Rachel Carson
** Cruise ID: RC0083 RC0083
** Tech: McHugh/Nomura
** Chief Scientist: Cross Cross
** Station: CS1
** Cast:  016
# nquan = 19
# nvalues = 19775                                 
# units = specified
# name 0 = latitude: Latitude [deg]
# name 1 = longitude: Longitude [deg]
# name 2 = sfdSM: Seafloor depth [salt water, m]
# name 3 = prDM: Pressure, Digiquartz [db]
# name 4 = depSM: Depth [salt water, m]
# name 5 = t090C: Temperature [ITS-90, deg C]
# name 6 = sal00: Salinity, Practical [PSU]
# name 7 = density00: Density [density, kg/m^3]
# name 8 = sigma-é00: Density [sigma-theta, kg/m^3]
# name 9 = potemp090C: Potential Temperature [ITS-90, deg C]
# name 10 = sbeox0PS: Oxygen, SBE 43 [% saturation]
# name 11 = CStarTr0: Beam Transmission, WET Labs C-Star [%]
# name 12 = flECO-AFL: Fluorescence, WET Labs ECO-AFL/FL [mg/m^3]
# name 13 = ph: pH
# name 14 = sbeox0ML/L: Oxygen, SBE 43 [ml/l]
# name 15 = sbeox0Mg/L: Oxygen, SBE 43 [mg/l]
# name 16 = sbox0Mm/Kg: Oxygen, SBE 43 [umol/kg]
# name 17 = sbeox0Mm/L: Oxygen, SBE 43 [umol/l]
# name 18 = flag:  0.000e+00
# span 0 =   56.17944,   56.18016                 
# span 1 = -134.32264, -134.32016                 
# span 2 =      3.770,    145.792                 
# span 3 =      2.127,    125.548                 
# span 4 =      2.107,    124.366                 
# span 5 =     6.9251,     9.8193                 
# span 6 =    31.6154,    32.8617                 
# span 7 =  1024.3541,  1026.3213                 
# span 8 =    24.3434,    25.7462                 
# span 9 =     6.9139,     9.8190                 
# span 10 =     48.235,     88.290                
# span 11 =    89.0814,   102.2827                
# span 12 =     0.2046,     4.1606                
# span 13 =      7.833,      8.114                
# span 14 =     3.3036,     5.7249                
# span 15 =     4.7212,     8.1815                
# span 16 =    143.842,    249.596                
# span 17 =    147.539,    255.676                
# span 18 = 0.0000e+00, 0.0000e+00                
# interval = seconds: 0.0416667
# start_time = Aug 13 2022 14:56:51 [NMEA time, header]
# bad_flag = -9.990e-29
*END*
[from data line 19201]
   56.17948 -134.32254    102.134      3.534      3.501     9.7555    31.6310  1024.3783    24.3622     9.7551     87.780    90.8994     3.1350      8.114     5.6945     8.1380    248.268    254.316  0.000e+00
   56.17948 -134.32254    102.158      3.558      3.525     9.7547    31.6316  1024.3790    24.3629     9.7543     87.782    90.8994     3.1350      8.114     5.6947     8.1383    248.278    254.326  0.000e+00
   56.17948 -134.32254    102.198      3.598      3.565     9.7547    31.6311  1024.3788    24.3625     9.7543     87.784    90.8994     3.1350      8.110     5.6949     8.1386    248.285    254.334  0.000e+00
   56.17948 -134.32254    102.278      3.679      3.645     9.7534    31.6310  1024.3793    24.3626     9.7530     87.787    90.8994     3.1350      8.114     5.6952     8.1391    248.301    254.350  0.000e+00
   56.17948 -134.32254    102.022      3.421      3.389     9.7496    31.6327  1024.3800    24.3645     9.7493     87.780    90.8994     3.1350      8.110     5.6952     8.1390    248.297    254.347  0.000e+00
   56.17948 -134.32254    102.158      3.558      3.525     9.7462    31.6342  1024.3824    24.3663     9.7458     87.777    90.8994     3.1350      8.110     5.6954     8.1393    248.305    254.355  0.000e+00
   56.17948 -134.32254    102.134      3.534      3.501     9.7416    31.6374  1024.3856    24.3695     9.7412     87.778    90.8994     3.1350      8.110     5.6959     8.1400    248.328    254.380  0.000e+00
   56.17948 -134.32254    102.198      3.598      3.565     9.7410    31.6381  1024.3865    24.3702     9.7406     87.780    90.8994     3.1350      8.110     5.6961     8.1403    248.337    254.389  0.000e+00
   56.17948 -134.32254    102.278      3.679      3.645     9.7440    31.6360  1024.3847    24.3680     9.7436     87.782    90.8994     3.1350      8.114     5.6959     8.1401    248.329    254.380  0.000e+00
   56.17946 -134.32256    102.078      3.477      3.445     9.7459    31.6356  1024.3832    24.3675     9.7455     87.775    90.8994     3.1057      8.110     5.6952     8.1390    248.298    254.348  0.000e+00
   56.17946 -134.32256    102.278      3.679      3.645     9.7481    31.6339  1024.3825    24.3658     9.7477     87.778    90.8994     2.9885      8.110     5.6952     8.1390    248.297    254.347  0.000e+00
   56.17946 -134.32256    102.022      3.421      3.389     9.7498    31.6320  1024.3795    24.3640     9.7494     87.776    90.8994     2.9592      8.114     5.6949     8.1386    248.286    254.335  0.000e+00
   56.17946 -134.32256    102.214      3.614      3.581     9.7506    31.6307  1024.3792    24.3629     9.7502     87.779    90.8994     2.9592      8.114     5.6951     8.1388    248.293    254.342  0.000e+00
   56.17946 -134.32256    102.134      3.534      3.501     9.7496    31.6314  1024.3795    24.3635     9.7492     87.779    90.8994     2.9592      8.114     5.6952     8.1390    248.297    254.347  0.000e+00
   56.17946 -134.32256    102.214      3.614      3.581     9.7492    31.6313  1024.3799    24.3635     9.7488     87.781    90.8994     2.9885      8.114     5.6954     8.1393    248.306    254.355  0.000e+00
   56.17946 -134.32256     80.342      3.598      3.565     9.7481    31.6309  1024.3797    24.3634     9.7477     87.782    90.8994     2.9592      8.110     5.6956     8.1396    248.315    254.365  0.000e+00
   56.17946 -134.32256     54.113      3.719      3.686     9.7451    31.6320  1024.3816    24.3647     9.7447     87.785    90.8994     2.9592      8.114     5.6961     8.1403    248.337    254.388  0.000e+00
   56.17946 -134.32256     47.298      3.324      3.293     9.7418    31.6340  1024.3819    24.3668     9.7414     87.782    90.8994     2.9592      8.114     5.6963     8.1405    248.343    254.395  0.000e+00
   56.17946 -134.32256     48.667      3.719      3.686     9.7398    31.6356  1024.3853    24.3684     9.7394     87.788    90.8994     2.9592      8.114     5.6968     8.1413    248.367    254.420  0.000e+00
   56.17946 -134.32256     49.638      3.614      3.581     9.7399    31.6355  1024.3847    24.3683     9.7396     87.787    90.8714     2.9592      8.110     5.6968     8.1413    248.367    254.419  0.000e+00
   56.17946 -134.32256     49.841      3.598      3.565     9.7408    31.6349  1024.3840    24.3677     9.7404     87.788    90.8154     2.9885      8.114     5.6968     8.1412    248.365    254.417  0.000e+00
   56.17946 -134.32256     49.953      3.736      3.702     9.7425    31.6336  1024.3834    24.3664     9.7421     87.791    90.8154     2.9885      8.114     5.6968     8.1412    248.365    254.417  0.000e+00
   56.17946 -134.32256     49.704      3.534      3.501     9.7436    31.6334  1024.3821    24.3661     9.7432     87.789    90.8154     2.9885      8.114     5.6965     8.1409    248.356    254.407  0.000e+00
   56.17946 -134.32256     49.904      3.736      3.702     9.7449    31.6330  1024.3825    24.3656     9.7445     87.792    90.8154     2.9885      8.114     5.6966     8.1410    248.358    254.410  0.000e+00
   56.17946 -134.32256     49.648      3.477      3.445     9.7462    31.6318  1024.3802    24.3644     9.7458     87.784    90.8154     2.9885      8.114     5.6959     8.1400    248.329    254.380  0.000e+00
   56.17946 -134.32256     49.800      3.655      3.621     9.7468    31.6306  1024.3800    24.3634     9.7464     87.787    90.8154     2.9885      8.114     5.6961     8.1402    248.336    254.386  0.000e+00
   56.17946 -134.32256     49.824      3.679      3.645     9.7475    31.6313  1024.3805    24.3638     9.7471     87.787    90.8154     2.9592      8.114     5.6960     8.1402    248.333    254.383  0.000e+00
   56.17946 -134.32256     49.864      3.719      3.686     9.7470    31.6322  1024.3815    24.3646     9.7466     87.789    90.8154     2.9592      8.114     5.6961     8.1403    248.338    254.389  0.000e+00
   56.17946 -134.32256     49.728      3.558      3.525     9.7472    31.6315  1024.3802    24.3640     9.7468     87.788    90.8154     2.9592      8.110     5.6961     8.1402    248.335    254.386  0.000e+00
   56.17946 -134.32256     49.800      3.655      3.621     9.7472    31.6323  1024.3812    24.3646     9.7468     87.790    90.8154     2.9592      8.110     5.6961     8.1404    248.339    254.390  0.000e+00
   56.17946 -134.32256     49.848      3.679      3.645     9.7479    31.6317  1024.3808    24.3641     9.7475     87.791    90.8154     2.9592      8.114     5.6961     8.1404    248.339    254.390  0.000e+00
   56.17946 -134.32256     69.507      3.655      3.621     9.7494    31.6313  1024.3801    24.3635     9.7490     87.791    90.8154     2.9885      8.114     5.6960     8.1401    248.333    254.383  0.000e+00
   56.17946 -134.32256     97.101      3.679      3.645     9.7498    31.6312  1024.3800    24.3633     9.7494     87.792    90.7875     2.9592      8.114     5.6960     8.1402    248.334    254.384  0.000e+00
   56.17946 -134.32256    103.621      3.655      3.621     9.7489    31.6319  1024.3806    24.3640     9.7486     87.793    90.8154     2.9885      8.114     5.6961     8.1403    248.339    254.389  0.000e+00
   56.17946 -134.32256    103.612      3.719      3.686     9.7486    31.6319  1024.3810    24.3641     9.7482     87.788    90.8154     2.9885      8.114     5.6958     8.1399    248.326    254.376  0.000e+00
   56.17946 -134.32256    102.569      3.800      3.766     9.7484    31.6324  1024.3818    24.3645     9.7480     87.735    90.8154     2.9592      8.114     5.6924     8.1350    248.177    254.224  0.000e+00
   56.17946 -134.32256    102.036      3.534      3.501     9.7486    31.6324  1024.3805    24.3645     9.7482     87.774    90.8154     2.9885      8.114     5.6949     8.1386    248.286    254.336  0.000e+00
   56.17946 -134.32256    102.285      3.736      3.702     9.7489    31.6325  1024.3815    24.3645     9.7485     87.776    90.8154     2.9592      8.110     5.6951     8.1388    248.292    254.342  0.000e+00
   56.17946 -134.32256    102.230      3.655      3.621     9.7506    31.6313  1024.3799    24.3633     9.7502     87.776    90.8154     2.9592      8.114     5.6949     8.1385    248.284    254.333  0.000e+00
   56.17946 -134.32256    102.334      3.736      3.702     9.7506    31.6316  1024.3805    24.3636     9.7502     87.771    90.8434     2.9592      8.114     5.6945     8.1380    248.268    254.317  0.000e+00
   56.17946 -134.32256    102.318      3.719      3.686     9.7507    31.6322  1024.3809    24.3640     9.7503     87.716    90.9553     2.9592      8.114     5.6910     8.1329    248.113    254.158  0.000e+00
   56.17946 -134.32256    102.398      3.800      3.766     9.7513    31.6324  1024.3813    24.3640     9.7509     87.711    91.0112     2.9592      8.114     5.6906     8.1324    248.096    254.140  0.000e+00
   56.17946 -134.32256    102.198      3.598      3.565     9.7513    31.6327  1024.3806    24.3643     9.7509     87.704    91.0112     2.9592      8.114     5.6900     8.1316    248.073    254.117  0.000e+00
   56.17946 -134.32256    102.318      3.719      3.686     9.7527    31.6324  1024.3807    24.3638     9.7523     87.699    91.0112     2.9592      8.114     5.6896     8.1310    248.054    254.098  0.000e+00
   56.17946 -134.32256    102.398      3.800      3.766     9.7539    31.6314  1024.3801    24.3628     9.7534     87.749    91.0112     2.9885      8.114     5.6927     8.1355    248.191    254.238  0.000e+00
   56.17946 -134.32256    102.198      3.598      3.565     9.7547    31.6309  1024.3786    24.3623     9.7543     87.694    91.0112     2.9885      8.114     5.6891     8.1302    248.031    254.074  0.000e+00
   56.17946 -134.32256    102.398      3.800      3.766     9.7547    31.6309  1024.3796    24.3623     9.7543     87.692    91.0112     2.9885      8.114     5.6889     8.1300    248.024    254.066  0.000e+00
   56.17946 -134.32256    102.198      3.598      3.565     9.7541    31.6312  1024.3790    24.3627     9.7537     87.739    91.0112     2.9885      8.114     5.6920     8.1345    248.161    254.207  0.000e+00
   56.17946 -134.32256    102.454      3.857      3.822     9.7537    31.6314  1024.3804    24.3629     9.7533     87.690    91.0112     2.9592      8.114     5.6889     8.1300    248.023    254.065  0.000e+00
   56.17946 -134.32256    102.198      3.598      3.565     9.7539    31.6322  1024.3798    24.3635     9.7535     87.682    90.9833     2.9592      8.114     5.6884     8.1292    248.000    254.042  0.000e+00
   56.17946 -134.32256    102.278      3.679      3.645     9.7547    31.6319  1024.3798    24.3632     9.7543     87.734    91.0112     2.9592      8.114     5.6916     8.1338    248.141    254.186  0.000e+00
   56.17946 -134.32256    102.318      3.719      3.686     9.7549    31.6316  1024.3797    24.3629     9.7545     87.682    90.9833     2.9885      8.114     5.6882     8.1291    247.995    254.036  0.000e+00
   56.17946 -134.32256    102.318      3.719      3.686     9.7549    31.6319  1024.3799    24.3631     9.7545     87.678    91.0112     2.9592      8.114     5.6880     8.1287    247.984    254.025  0.000e+00
   56.17946 -134.32256    102.334      3.736      3.702     9.7552    31.6313  1024.3795    24.3626     9.7548     87.675    91.0112     2.9592      8.114     5.6877     8.1284    247.973    254.015  0.000e+00
   56.17946 -134.32256    102.198      3.598      3.565     9.7547    31.6318  1024.3793    24.3630     9.7543     87.670    91.0112     2.9885      8.114     5.6875     8.1280    247.962    254.003  0.000e+00
   56.17946 -134.32256    102.398      3.800      3.766     9.7547    31.6315  1024.3800    24.3628     9.7543     87.724    91.0112     2.9592      8.114     5.6910     8.1330    248.114    254.159  0.000e+00
   56.17946 -134.32256    102.318      3.719      3.686     9.7552    31.6320  1024.3800    24.3631     9.7548     87.672    90.9833     2.9592      8.110     5.6875     8.1281    247.964    254.005  0.000e+00
   56.17946 -134.32256    102.278      3.679      3.645     9.7565    31.6318  1024.3794    24.3627     9.7561     87.669    91.0112     2.9885      8.114     5.6872     8.1275    247.948    253.989  0.000e+00
   56.17946 -134.32256    102.318      3.719      3.686     9.7579    31.6303  1024.3782    24.3614     9.7575     87.667    91.0112     2.9592      8.114     5.6869     8.1272    247.937    253.977  0.000e+00
   56.17946 -134.32256    102.454      3.857      3.822     9.7585    31.6299  1024.3784    24.3609     9.7581     87.666    90.9833     2.9885      8.114     5.6868     8.1270    247.933    253.973  0.000e+00
   56.17946 -134.32256    102.134      3.534      3.501     9.7579    31.6300  1024.3771    24.3611     9.7576     87.661    90.9273     2.9592      8.114     5.6865     8.1266    247.921    253.960  0.000e+00
   56.17946 -134.32256    102.318      3.719      3.686     9.7573    31.6304  1024.3784    24.3615     9.7569     87.661    90.9273     2.9592      8.114     5.6866     8.1267    247.925    253.964  0.000e+00
   56.17946 -134.32256    102.334      3.736      3.702     9.7570    31.6305  1024.3786    24.3616     9.7566     87.660    90.8994     2.9592      8.114     5.6866     8.1267    247.923    253.963  0.000e+00
   56.17946 -134.32256    102.318      3.719      3.686     9.7560    31.6315  1024.3795    24.3626     9.7556     87.659    90.9273     2.9592      8.114     5.6866     8.1267    247.923    253.963  0.000e+00
   56.17946 -134.32256    102.278      3.679      3.645     9.7563    31.6310  1024.3788    24.3622     9.7559     87.658    90.9273     2.9592      8.114     5.6865     8.1266    247.919    253.959  0.000e+00
   56.17946 -134.32256    102.318      3.719      3.686     9.7569    31.6308  1024.3788    24.3619     9.7565     87.658    90.9273     2.9885      8.114     5.6864     8.1265    247.916    253.956  0.000e+00
   56.17946 -134.32256    102.278      3.679      3.645     9.7567    31.6310  1024.3788    24.3621     9.7563     87.657    90.8994     2.9592      8.114     5.6864     8.1264    247.915    253.955  0.000e+00
   56.17946 -134.32256    102.318      3.719      3.686     9.7557    31.6317  1024.3797    24.3628     9.7553     87.658    90.9273     2.9885      8.114     5.6865     8.1266    247.920    253.961  0.000e+00
   56.17946 -134.32256    102.374      3.776      3.742     9.7552    31.6323  1024.3804    24.3633     9.7548     87.658    90.9273     2.9592      8.114     5.6866     8.1268    247.925    253.965  0.000e+00
   56.17946 -134.32256    102.334      3.736      3.702     9.7560    31.6318  1024.3798    24.3628     9.7556     87.658    90.8994     2.9592      8.114     5.6865     8.1266    247.921    253.961  0.000e+00
   56.17946 -134.32256    102.198      3.598      3.565     9.7570    31.6315  1024.3788    24.3624     9.7566     87.658    90.9273     2.8713      8.114     5.6864     8.1264    247.914    253.954  0.000e+00
   56.17946 -134.32256    102.334      3.736      3.702     9.7575    31.6319  1024.3796    24.3627     9.7571     87.660    90.9273     2.7541      8.114     5.6865     8.1265    247.918    253.958  0.000e+00
   56.17946 -134.32256     68.008      3.719      3.686     9.7580    31.6322  1024.3797    24.3628     9.7576     87.661    90.9273     2.7247      8.114     5.6865     8.1265    247.918    253.958  0.000e+00
   56.17946 -134.32256     33.460      3.800      3.766     9.7588    31.6317  1024.3795    24.3623     9.7584     87.609    90.9273     2.7247      8.114     5.6830     8.1216    247.768    253.804  0.000e+00
   56.17946 -134.32256     25.690      3.598      3.565     9.7594    31.6311  1024.3781    24.3618     9.7591     87.603    90.9273     2.7247      8.114     5.6825     8.1209    247.746    253.782  0.000e+00
