EcoFOCI/data/1_SampleCollection/2022_GOA-OA_CruiseData/CTD_raw_BottleFile_RC0083/RC0083_047.ros
* Sea-Bird SBE 9 Data File:
* FileName = C:\Data\RC0083ctd\RC0083_047.hex
* Software Version Seasave V 7.26.7.107
* Temperature SN = 2060
* Conductivity SN = 1084
* Number of Bytes Per Scan = 31
* Number of Voltage Words = 4
* Number of Scans Averaged by the Deck Unit = 1
* NMEA Latitude = 58 05.53 N
* NMEA Longitude = 137 29.42 W
* NMEA UTC (Time) = Aug 19 2022  05:56:59
* NMEA baud rate = 4800
** Ship: R/V Rachel Carson
** Cruise ID: RC0083
** Tech: McHugh/Nomura
** Chief Scientist: Cross
** Station: SEM20
** Cast:  CTD047
# nquan = 21
# nvalues = 294                                   
# units = specified
# name 0 = latitude: Latitude [deg]
# name 1 = longitude: Longitude [deg]
# name 2 = sfdSM: Seafloor depth [salt water, m]
# name 3 = prDM: Pressure, Digiquartz [db]
# name 4 = depSM: Depth [salt water, m]
# name 5 = t090C: Temperature [ITS-90, deg C]
# name 6 = sal00: Salinity, Practical [PSU]
# name 7 = density00: Density [density, kg/m^3]
# name 8 = sigma-é00: Density [sigma-theta, kg/m^3]
# name 9 = potemp090C: Potential Temperature [ITS-90, deg C]
# name 10 = sbeox0PS: Oxygen, SBE 43 [% saturation]
# name 11 = CStarTr0: Beam Transmission, WET Labs C-Star [%]
# name 12 = flECO-AFL: Fluorescence, WET Labs ECO-AFL/FL [mg/m^3]
# name 13 = ph: pH
# name 14 = sbeox0ML/L: Oxygen, SBE 43 [ml/l]
# name 15 = sbeox0Mg/L: Oxygen, SBE 43 [mg/l]
# name 16 = sbox0Mm/Kg: Oxygen, SBE 43 [umol/kg]
# name 17 = sbeox0Mm/L: Oxygen, SBE 43 [umol/l]
# name 18 = scan: Scan Count
# name 19 = nbf: Bottles Fired
# name 20 = flag:  0.000e+00
# interval = seconds: 0.0416667
# start_time = Aug 19 2022 05:56:59 [NMEA time, header]
# bad_flag = -9.990e-29
*END*
[from data line 69]
   58.09202 -137.49118    137.950     99.951     99.000     6.3718    32.9247  1026.3273    25.8675     6.3634     49.543   105.3873    -0.0591      7.825     3.4403     4.9165    149.768    153.642       8290          2  0.000e+00
   58.09202 -137.49118    138.222    100.226     99.272     6.3689    32.9280  1026.3315    25.8705     6.3604     49.554   105.3873    -0.0591      7.825     3.4412     4.9178    149.808    153.684       8291          2  0.000e+00
   58.09202 -137.49118    138.183    100.137     99.184     6.3667    32.9308  1026.3336    25.8729     6.3582     49.565   105.3873    -0.0591      7.825     3.4421     4.9191    149.846    153.723       8292          2  0.000e+00
   58.09202 -137.49118    138.202     99.983     99.032     6.3652    32.9318  1026.3339    25.8740     6.3568     49.521   105.3873    -0.0591      7.825     3.4391     4.9149    149.718    153.591       8293          2  0.000e+00
   58.09202 -137.49118    138.483    100.194     99.240     6.3648    32.9321  1026.3351    25.8742     6.3563     49.523   105.3873    -0.0591      7.825     3.4393     4.9151    149.724    153.598       8294          2  0.000e+00
   58.09202 -137.49118    138.395    100.105     99.152     6.3655    32.9317  1026.3343    25.8738     6.3570     49.525   105.3873    -0.0591      7.825     3.4394     4.9152    149.728    153.602       8295          2  0.000e+00
   58.09202 -137.49118    138.283    100.016     99.064     6.3655    32.9318  1026.3340    25.8739     6.3570     49.529   105.3873    -0.0591      7.825     3.4397     4.9156    149.741    153.615       8296          2  0.000e+00
   58.09202 -137.49118    138.564    100.226     99.272     6.3651    32.9318  1026.3350    25.8739     6.3566     49.594   105.3873    -0.0591      7.825     3.4442     4.9221    149.939    153.819       8297          2  0.000e+00
   58.09202 -137.49118    138.598    100.137     99.184     6.3644    32.9327  1026.3354    25.8747     6.3560     49.610   105.3873    -0.0591      7.825     3.4454     4.9238    149.990    153.871       8298          2  0.000e+00
   58.09202 -137.49118    138.671    100.161     99.208     6.3643    32.9331  1026.3358    25.8751     6.3558     49.629   105.3873    -0.0591      7.825     3.4467     4.9257    150.047    153.930       8299          2  0.000e+00
   58.09202 -137.49118    138.503    100.016     99.064     6.3651    32.9323  1026.3344    25.8743     6.3566     49.649   105.3873    -0.0591      7.825     3.4480     4.9276    150.105    153.989       8300          2  0.000e+00
   58.09202 -137.49118    138.767    100.283     99.328     6.3654    32.9312  1026.3347    25.8734     6.3569     49.673   105.3873    -0.0591      7.825     3.4497     4.9300    150.179    154.064       8301          2  0.000e+00
   58.09202 -137.49118    138.696    100.137     99.184     6.3657    32.9312  1026.3340    25.8734     6.3572     49.689   105.3873    -0.0591      7.825     3.4508     4.9315    150.224    154.111       8302          2  0.000e+00
   58.09202 -137.49118    138.857    100.226     99.272     6.3652    32.9317  1026.3349    25.8739     6.3567     49.700   105.3873    -0.0591      7.825     3.4515     4.9326    150.258    154.146       8303          2  0.000e+00
   58.09202 -137.49118    138.705    100.072     99.120     6.3643    32.9329  1026.3352    25.8749     6.3558     49.710   105.3873    -0.0591      7.825     3.4523     4.9337    150.291    154.180       8304          2  0.000e+00
   58.09202 -137.49118    138.913    100.283     99.328     6.3639    32.9334  1026.3367    25.8754     6.3554     49.724   105.3873    -0.0591      7.825     3.4533     4.9351    150.335    154.224       8305          2  0.000e+00
   58.09202 -137.49118    138.769    100.137     99.184     6.3628    32.9348  1026.3372    25.8766     6.3543     49.737   105.4153    -0.0591      7.825     3.4543     4.9365    150.377    154.268       8306          2  0.000e+00
   58.09202 -137.49118    139.026    100.347     99.393     6.3619    32.9363  1026.3396    25.8779     6.3534     49.754   105.3873    -0.0591      7.825     3.4555     4.9382    150.429    154.321       8307          2  0.000e+00
   58.09202 -137.49118    138.778    100.072     99.120     6.3611    32.9375  1026.3393    25.8789     6.3526     49.825   105.4153    -0.0591      7.825     3.4605     4.9454    150.646    154.545       8308          2  0.000e+00
   58.09202 -137.49118    138.987    100.283     99.328     6.3606    32.9379  1026.3406    25.8793     6.3521     49.852   105.3873    -0.0591      7.825     3.4624     4.9481    150.728    154.629       8309          2  0.000e+00
   58.09202 -137.49118    139.131    100.428     99.473     6.3603    32.9382  1026.3416    25.8796     6.3518     49.879   105.3873    -0.0591      7.825     3.4643     4.9508    150.811    154.714       8310          2  0.000e+00
   58.09202 -137.49118    138.930    100.226     99.272     6.3596    32.9393  1026.3416    25.8805     6.3511     49.905   105.4153    -0.0591      7.825     3.4661     4.9534    150.891    154.796       8311          2  0.000e+00
   58.09202 -137.49118    139.003    100.250     99.296     6.3585    32.9405  1026.3428    25.8816     6.3500     49.982   105.4153    -0.0591      7.825     3.4715     4.9611    151.126    155.038       8312          2  0.000e+00
   58.09202 -137.49118    139.420    100.647     99.689     6.3576    32.9418  1026.3458    25.8828     6.3490     50.013   105.3873    -0.0591      7.825     3.4737     4.9643    151.221    155.135       8313          2  0.000e+00
   58.09202 -137.49118    139.148    100.372     99.417     6.3567    32.9426  1026.3453    25.8835     6.3482     50.040   105.3873    -0.0591      7.825     3.4756     4.9670    151.305    155.221       8314          2  0.000e+00
   58.09202 -137.49118    139.236    100.461     99.505     6.3566    32.9426  1026.3457    25.8836     6.3480     50.069   105.4153    -0.0591      7.825     3.4777     4.9699    151.394    155.313       8315          2  0.000e+00
   58.09202 -137.49118    139.148    100.372     99.417     6.3566    32.9426  1026.3453    25.8836     6.3480     50.155   105.3873    -0.0591      7.825     3.4836     4.9784    151.652    155.577       8316          2  0.000e+00
   58.09202 -137.49118    139.381    100.582     99.625     6.3564    32.9428  1026.3465    25.8838     6.3479     50.136   105.4153    -0.0591      7.825     3.4823     4.9766    151.597    155.521       8317          2  0.000e+00
   58.09202 -137.49118    139.228    100.428     99.473     6.3562    32.9432  1026.3461    25.8841     6.3477     50.222   105.4153    -0.0591      7.825     3.4882     4.9851    151.855    155.785       8318          2  0.000e+00
   58.09198 -137.49168    140.592     51.602     51.117     7.0175    32.3584  1025.5735    25.3366     7.0130     87.234   105.8907     0.1167      8.058     5.9901     8.5604    260.906    267.516      10539          3  0.000e+00
   58.09198 -137.49168    140.744     51.780     51.293     7.0181    32.3582  1025.5742    25.3364     7.0135     87.169   105.8907     0.1167      8.058     5.9855     8.5539    260.706    267.312      10540          3  0.000e+00
   58.09198 -137.49168    140.631     51.715     51.229     7.0183    32.3582  1025.5739    25.3364     7.0137     87.049   105.8628     0.1167      8.058     5.9772     8.5421    260.348    266.944      10541          3  0.000e+00
   58.09198 -137.49168    140.551     51.659     51.173     7.0177    32.3586  1025.5740    25.3368     7.0131     86.976   105.8907     0.1167      8.058     5.9723     8.5350    260.131    266.722      10542          3  0.000e+00
   58.09198 -137.49168    140.582     51.715     51.229     7.0174    32.3590  1025.5746    25.3371     7.0128     86.909   105.8907     0.1167      8.058     5.9677     8.5284    259.932    266.517      10543          3  0.000e+00
   58.09198 -137.49168    140.702     51.837     51.349     7.0178    32.3589  1025.5750    25.3370     7.0132     86.792   105.8907     0.1167      8.058     5.9596     8.5169    259.581    266.158      10544          3  0.000e+00
   58.09198 -137.49168    140.582     51.715     51.229     7.0178    32.3589  1025.5745    25.3370     7.0132     86.727   105.8907     0.1167      8.058     5.9552     8.5106    259.387    265.959      10545          3  0.000e+00
   58.09198 -137.49168    140.671     51.780     51.293     7.0175    32.3589  1025.5748    25.3371     7.0130     86.616   105.8907     0.1167      8.058     5.9475     8.4996    259.054    265.617      10546          3  0.000e+00
   58.09198 -137.49168    140.751     51.837     51.349     7.0180    32.3588  1025.5749    25.3370     7.0134     86.551   105.8907     0.1167      8.058     5.9431     8.4932    258.859    265.418      10547          3  0.000e+00
   58.09198 -137.49168    140.671     51.780     51.293     7.0192    32.3594  1025.5749    25.3372     7.0146     86.437   105.8907     0.1167      8.058     5.9350     8.4818    258.509    265.058      10548          3  0.000e+00
   58.09198 -137.49168    140.751     51.837     51.349     7.0201    32.3590  1025.5747    25.3368     7.0155     86.372   105.8907     0.1167      8.058     5.9305     8.4752    258.310    264.855      10549          3  0.000e+00
   58.09198 -137.49168    140.646     51.780     51.293     7.0198    32.3590  1025.5746    25.3369     7.0152     86.314   105.8907     0.1167      8.058     5.9265     8.4696    258.138    264.679      10550          3  0.000e+00
   58.09198 -137.49168    140.629     51.836     51.349     7.0202    32.3588  1025.5746    25.3366     7.0156     86.257   105.8907     0.1167      8.058     5.9226     8.4640    257.967    264.503      10551          3  0.000e+00
   58.09198 -137.49168    140.604     51.836     51.349     7.0214    32.3584  1025.5741    25.3361     7.0168     86.152   105.8907     0.1167      8.058     5.9152     8.4535    257.647    264.174      10552          3  0.000e+00
   58.09198 -137.49168    140.669     51.901     51.413     7.0221    32.3592  1025.5750    25.3367     7.0175     86.105   105.8907     0.1167      8.063     5.9119     8.4486    257.499    264.024      10553          3  0.000e+00
   58.09198 -137.49168    140.669     51.901     51.413     7.0233    32.3591  1025.5747    25.3364     7.0187     86.058   105.8907     0.1167      8.058     5.9085     8.4438    257.352    263.873      10554          3  0.000e+00
   58.09198 -137.49168    140.629     51.836     51.349     7.0244    32.3590  1025.5742    25.3362     7.0198     86.012   105.8907     0.1167      8.058     5.9052     8.4391    257.208    263.725      10555          3  0.000e+00
   58.09198 -137.49168    140.693     51.901     51.413     7.0255    32.3587  1025.5741    25.3358     7.0209     85.920   105.8907     0.1167      8.058     5.8987     8.4299    256.927    263.437      10556          3  0.000e+00
   58.09198 -137.49168    140.749     51.958     51.469     7.0241    32.3591  1025.5749    25.3364     7.0195     85.879   105.8907     0.1167      8.063     5.8961     8.4261    256.812    263.319      10557          3  0.000e+00
   58.09198 -137.49168    140.668     51.901     51.413     7.0227    32.3591  1025.5748    25.3365     7.0181     85.783   105.8907     0.1167      8.063     5.8896     8.4169    256.532    263.031      10558          3  0.000e+00
   58.09198 -137.49168    140.668     51.901     51.413     7.0222    32.3590  1025.5748    25.3366     7.0176     85.745   105.8907     0.1167      8.058     5.8871     8.4133    256.423    262.920      10559          3  0.000e+00
   58.09198 -137.49168    140.749     51.958     51.469     7.0208    32.3587  1025.5750    25.3365     7.0162     85.655   105.8907     0.1167      8.058     5.8811     8.4047    256.162    262.652      10560          3  0.000e+00
   58.09198 -137.49168    140.773     51.958     51.469     7.0197    32.3588  1025.5752    25.3367     7.0151     85.615   105.8907     0.1167      8.058     5.8786     8.4010    256.049    262.536      10561          3  0.000e+00
   58.09198 -137.49168    140.773     51.958     51.469     7.0184    32.3593  1025.5758    25.3373     7.0138     85.586   105.8907     0.1167      8.058     5.8767     8.3984    255.969    262.454      10562          3  0.000e+00
   58.09198 -137.49168    140.837     52.022     51.533     7.0166    32.3597  1025.5767    25.3378     7.0120     85.561   105.8907     0.1167      8.058     5.8752     8.3963    255.903    262.387      10563          3  0.000e+00
   58.09198 -137.49168    140.749     51.958     51.469     7.0162    32.3596  1025.5763    25.3378     7.0116     85.545   105.8907     0.0874      8.058     5.8742     8.3948    255.858    262.340      10564          3  0.000e+00
   58.09198 -137.49168    140.813     52.022     51.533     7.0161    32.3595  1025.5766    25.3378     7.0115     85.533   105.8907     0.0874      8.063     5.8734     8.3937    255.824    262.306      10565          3  0.000e+00
   58.09198 -137.49168    140.837     52.022     51.533     7.0170    32.3595  1025.5764    25.3376     7.0124     85.469   105.9187     0.0874      8.058     5.8688     8.3872    255.626    262.102      10566          3  0.000e+00
   58.09198 -137.49168    140.829     52.014     51.525     7.0185    32.3586  1025.5755    25.3367     7.0139     85.448   105.9187     0.0874      8.058     5.8673     8.3849    255.558    262.032      10567          3  0.000e+00
   58.09198 -137.49168    140.813     52.022     51.533     7.0185    32.3587  1025.5756    25.3367     7.0139     85.376   105.9187     0.0874      8.058     5.8623     8.3778    255.341    261.810      10568          3  0.000e+00
   58.09198 -137.49168    140.869     52.079     51.589     7.0172    32.3580  1025.5755    25.3364     7.0126     85.356   105.9187     0.0874      8.058     5.8612     8.3762    255.291    261.759      10569          3  0.000e+00
   58.09198 -137.49168    140.869     52.079     51.589     7.0148    32.3579  1025.5758    25.3367     7.0102     85.340   105.9187     0.0874      8.058     5.8604     8.3750    255.256    261.724      10570          3  0.000e+00
   58.09198 -137.49168    140.869     52.079     51.589     7.0124    32.3584  1025.5765    25.3374     7.0077     85.327   105.9187     0.0874      8.058     5.8598     8.3743    255.232    261.699      10571          3  0.000e+00
   58.09198 -137.49168    140.869     52.079     51.589     7.0098    32.3589  1025.5772    25.3381     7.0052     85.318   105.9187     0.0874      8.058     5.8595     8.3738    255.220    261.686      10572          3  0.000e+00
   58.09198 -137.49170    140.869     52.079     51.589     7.0075    32.3591  1025.5777    25.3386     7.0029     85.321   105.9187     0.0874      8.058     5.8600     8.3745    255.240    261.708      10573          3  0.000e+00
   58.09198 -137.49170    140.852     52.135     51.645     7.0067    32.3595  1025.5783    25.3390     7.0021     85.320   105.9187     0.0874      8.058     5.8600     8.3746    255.242    261.709      10574          3  0.000e+00
   58.09198 -137.49170    140.730     52.135     51.645     7.0070    32.3589  1025.5778    25.3385     7.0024     85.266   105.9187     0.0874      8.058     5.8563     8.3693    255.080    261.544      10575          3  0.000e+00
   58.09198 -137.49170    140.681     52.135     51.645     7.0060    32.3588  1025.5779    25.3385     7.0013     85.321   105.9187     0.0874      8.058     5.8602     8.3749    255.251    261.718      10576          3  0.000e+00
   58.09198 -137.49170    140.681     52.135     51.645     7.0051    32.3588  1025.5780    25.3386     7.0005     85.331   105.9187     0.0874      8.058     5.8610     8.3760    255.286    261.754      10577          3  0.000e+00
