EcoFOCI/data/1_SampleCollection/2022_GOA-OA_CruiseData/CTD_raw_BottleFile_RC0083/RC0083_010.ros
* Sea-Bird SBE 9 Data File:
* FileName = C:\Data\RC0083ctd\RC0083_010.hex
* Software Version Seasave V 7.26.7.107
* Temperature SN = 2060
* Conductivity SN = 1084
* Number of Bytes Per Scan = 31
* Number of Voltage Words = 4
* Number of Scans Averaged by the Deck Unit = 1
* NMEA Latitude = 55 22.64 N
* NMEA Longitude = 135 05.29 W
* NMEA UTC (Time) = Aug 13 2022  01:11:18
* NMEA baud rate = 4800
** Ship: R/V Rachel Carson
** Cruise ID: RC0083 RC0083
** Tech: McHugh/Nomura
** Chief Scientist: Cross Cross
** Station: POW7
** Cast:  010
# nquan = 21
# nvalues = 490                                   
# units = specified
# name 0 = latitude: Latitude [deg]
# name 1 = longitude: Longitude [deg]
# name 2 = sfdSM: Seafloor depth [salt water, m]
# name 3 = prDM: Pressure, Digiquartz [db]
# name 4 = depSM: Depth [salt water, m]
# name 5 = t090C: Temperature [ITS-90, deg C]
# name 6 = sal00: Salinity, Practical [PSU]
# name 7 = density00: Density [density, kg/m^3]
# name 8 = sigma-é00: Density [sigma-theta, kg/m^3]
# name 9 = potemp090C: Potential Temperature [ITS-90, deg C]
# name 10 = sbeox0PS: Oxygen, SBE 43 [% saturation]
# name 11 = CStarTr0: Beam Transmission, WET Labs C-Star [%]
# name 12 = flECO-AFL: Fluorescence, WET Labs ECO-AFL/FL [mg/m^3]
# name 13 = ph: pH
# name 14 = sbeox0ML/L: Oxygen, SBE 43 [ml/l]
# name 15 = sbeox0Mg/L: Oxygen, SBE 43 [mg/l]
# name 16 = sbox0Mm/Kg: Oxygen, SBE 43 [umol/kg]
# name 17 = sbeox0Mm/L: Oxygen, SBE 43 [umol/l]
# name 18 = scan: Scan Count
# name 19 = nbf: Bottles Fired
# name 20 = flag:  0.000e+00
# interval = seconds: 0.0416667
# start_time = Aug 13 2022 01:11:18 [NMEA time, header]
# bad_flag = -9.990e-29
*END*
[from data line 414]
   55.38226 -135.09232    108.535      9.994      9.903    14.4107    31.3697  1023.3436    23.2992    14.4093    106.023    90.8154     1.8749      8.335     6.2453     8.9252    272.566    278.916      44623          9  0.000e+00
   55.38226 -135.09232    108.504      9.961      9.871    14.4140    31.3697  1023.3428    23.2985    14.4126    106.024    90.8434     1.8749      8.335     6.2450     8.9247    272.552    278.902      44624          9  0.000e+00
   55.38226 -135.09232    108.536      9.994      9.903    14.4165    31.3695  1023.3423    23.2979    14.4151    106.027    90.8434     1.8749      8.335     6.2448     8.9245    272.545    278.894      44625          9  0.000e+00
   55.38226 -135.09232    108.480      9.937      9.847    14.4181    31.3688  1023.3410    23.2969    14.4167    106.022    90.8434     1.8749      8.335     6.2444     8.9238    272.525    278.874      44626          9  0.000e+00
   55.38226 -135.09232    108.504      9.961      9.871    14.4190    31.3675  1023.3400    23.2958    14.4176    106.018    90.8434     1.9042      8.335     6.2441     8.9234    272.512    278.860      44627          9  0.000e+00
   55.38226 -135.09232    108.536      9.994      9.903    14.4150    31.3678  1023.3412    23.2968    14.4135    106.019    90.8434     1.9335      8.335     6.2446     8.9242    272.536    278.885      44628          9  0.000e+00
   55.38226 -135.09232    108.480      9.937      9.847    14.4099    31.3696  1023.3434    23.2993    14.4085    106.018    90.8434     1.9335      8.335     6.2451     8.9249    272.558    278.908      44629          9  0.000e+00
   55.38226 -135.09232    108.504      9.961      9.871    14.4073    31.3699  1023.3443    23.3001    14.4058    106.018    90.8434     1.9335      8.335     6.2455     8.9254    272.571    278.922      44630          9  0.000e+00
   55.38226 -135.09232    108.480      9.937      9.847    14.4053    31.3706  1023.3451    23.3010    14.4039    106.069    90.8434     1.9335      8.335     6.2487     8.9300    272.713    279.068      44631          9  0.000e+00
   55.38226 -135.09232    108.480      9.937      9.847    14.4052    31.3709  1023.3454    23.3013    14.4037    106.067    90.8434     1.9335      8.335     6.2486     8.9299    272.708    279.063      44632          9  0.000e+00
   55.38226 -135.09232    108.504      9.962      9.871    14.4080    31.3705  1023.3446    23.3004    14.4065    106.065    90.8434     1.9335      8.335     6.2481     8.9292    272.687    279.041      44633          9  0.000e+00
   55.38226 -135.09232    108.536      9.994      9.903    14.4101    31.3699  1023.3438    23.2995    14.4086    106.009    90.8434     1.9335      8.335     6.2446     8.9241    272.532    278.882      44634          9  0.000e+00
   55.38226 -135.09232    108.480      9.937      9.847    14.4117    31.3697  1023.3431    23.2990    14.4103    106.057    90.8434     1.9335      8.335     6.2472     8.9279    272.647    278.999      44635          9  0.000e+00
   55.38226 -135.09232    108.504      9.962      9.871    14.4128    31.3696  1023.3429    23.2986    14.4114    106.004    90.8434     1.9335      8.335     6.2440     8.9233    272.507    278.856      44636          9  0.000e+00
   55.38226 -135.09232    108.480      9.937      9.847    14.4134    31.3693  1023.3425    23.2983    14.4120    106.052    90.8434     1.9335      8.335     6.2467     8.9272    272.626    278.978      44637          9  0.000e+00
   55.38226 -135.09232    108.480      9.937      9.847    14.4132    31.3696  1023.3427    23.2986    14.4118    106.051    90.8434     1.9335      8.335     6.2467     8.9271    272.625    278.977      44638          9  0.000e+00
   55.38226 -135.09232    108.536      9.994      9.903    14.4127    31.3703  1023.3436    23.2992    14.4112    106.051    90.8434     1.9335      8.335     6.2467     8.9272    272.626    278.977      44639          9  0.000e+00
   55.38226 -135.09232    108.504      9.962      9.871    14.4132    31.3688  1023.3422    23.2980    14.4118    106.048    90.8434     1.9335      8.335     6.2465     8.9269    272.619    278.970      44640          9  0.000e+00
   55.38226 -135.09232    108.480      9.937      9.847    14.4126    31.3672  1023.3410    23.2968    14.4112    106.051    90.8434     1.9335      8.335     6.2468     8.9273    272.632    278.983      44641          9  0.000e+00
   55.38226 -135.09232    108.536      9.994      9.903    14.4068    31.3689  1023.3437    23.2993    14.4054    106.054    90.8434     1.9335      8.335     6.2477     8.9286    272.669    279.022      44642          9  0.000e+00
   55.38226 -135.09232    108.504      9.962      9.871    14.4003    31.3716  1023.3470    23.3028    14.3988    106.003    90.7595     1.9335      8.335     6.2454     8.9253    272.568    278.920      44643          9  0.000e+00
   55.38226 -135.09232    108.536      9.994      9.903    14.3962    31.3731  1023.3492    23.3048    14.3948    106.053    90.3679     1.9335      8.335     6.2488     8.9302    272.717    279.072      44644          9  0.000e+00
   55.38226 -135.09232    108.480      9.938      9.847    14.3945    31.3740  1023.3500    23.3059    14.3931    106.001    90.2281     1.9335      8.335     6.2459     8.9260    272.590    278.943      44645          9  0.000e+00
   55.38226 -135.09232    108.568     10.026      9.935    14.3945    31.3735  1023.3500    23.3055    14.3931    106.051    90.2001     1.9042      8.335     6.2489     8.9303    272.719    279.075      44646          9  0.000e+00
   55.38226 -135.09232    108.536      9.994      9.903    14.3955    31.3731  1023.3493    23.3050    14.3941    106.051    90.2281     1.8749      8.335     6.2488     8.9301    272.715    279.070      44647          9  0.000e+00
   55.38226 -135.09232    108.536      9.994      9.903    14.3957    31.3732  1023.3494    23.3050    14.3943    105.998    90.2281     1.8456      8.335     6.2456     8.9257    272.578    278.931      44648          9  0.000e+00
   55.38226 -135.09232    108.568     10.026      9.935    14.3950    31.3732  1023.3497    23.3051    14.3936    106.046    90.2561     1.8163      8.335     6.2486     8.9298    272.706    279.061      44649          9  0.000e+00
   55.38242 -135.09250    103.188      4.597      4.555    14.5711    31.3471  1023.2686    23.2482    14.5704    104.197    93.6962     1.0251      8.334     6.1188     8.7443    267.055    273.264      46111         10  0.000e+00
   55.38242 -135.09250    103.036      4.443      4.403    14.5711    31.3473  1023.2680    23.2483    14.5704    104.207    93.6962     1.0251      8.334     6.1194     8.7452    267.082    273.291      46112         10  0.000e+00
   55.38242 -135.09250    103.012      4.419      4.379    14.5711    31.3470  1023.2678    23.2482    14.5704    104.221    93.6962     1.0251      8.334     6.1202     8.7463    267.117    273.327      46113         10  0.000e+00
   55.38242 -135.09250    102.948      4.354      4.315    14.5711    31.3473  1023.2677    23.2484    14.5704    104.235    93.6962     1.0251      8.334     6.1210     8.7475    267.153    273.364      46114         10  0.000e+00
   55.38242 -135.09250    103.148      4.556      4.515    14.5718    31.3468  1023.2681    23.2479    14.5711    104.254    93.6962     1.0251      8.334     6.1220     8.7490    267.198    273.410      46115         10  0.000e+00
   55.38242 -135.09250    102.948      4.355      4.315    14.5713    31.3472  1023.2676    23.2482    14.5706    104.269    93.6962     1.0251      8.334     6.1230     8.7503    267.239    273.452      46116         10  0.000e+00
   55.38242 -135.09250    102.972      4.379      4.339    14.5713    31.3474  1023.2678    23.2484    14.5706    104.283    93.6962     1.0251      8.334     6.1238     8.7515    267.274    273.488      46117         10  0.000e+00
   55.38242 -135.09250    103.012      4.419      4.379    14.5707    31.3476  1023.2683    23.2487    14.5701    104.298    93.6962     1.0251      8.334     6.1247     8.7528    267.315    273.530      46118         10  0.000e+00
   55.38242 -135.09250    102.948      4.355      4.315    14.5706    31.3475  1023.2679    23.2486    14.5699    104.313    93.6683     1.0251      8.334     6.1256     8.7541    267.355    273.570      46119         10  0.000e+00
   55.38242 -135.09250    102.972      4.379      4.339    14.5707    31.3473  1023.2678    23.2484    14.5701    104.383    93.6683     1.0251      8.334     6.1297     8.7600    267.533    273.753      46120         10  0.000e+00
   55.38242 -135.09250    102.892      4.298      4.259    14.5707    31.3473  1023.2675    23.2485    14.5701    104.404    93.6683     1.0251      8.334     6.1310     8.7618    267.588    273.809      46121         10  0.000e+00
   55.38242 -135.09250    102.972      4.379      4.339    14.5702    31.3473  1023.2680    23.2485    14.5696    104.429    93.6683     1.0251      8.334     6.1325     8.7639    267.654    273.877      46122         10  0.000e+00
   55.38242 -135.09250    102.892      4.298      4.259    14.5697    31.3476  1023.2679    23.2488    14.5691    104.447    93.6683     1.0251      8.334     6.1336     8.7655    267.703    273.926      46123         10  0.000e+00
   55.38242 -135.09250    102.916      4.322      4.283    14.5702    31.3476  1023.2680    23.2488    14.5696    104.520    93.6683     1.0251      8.334     6.1378     8.7715    267.886    274.115      46124         10  0.000e+00
   55.38242 -135.09250    102.892      4.298      4.259    14.5714    31.3470  1023.2671    23.2481    14.5708    104.492    93.6683     1.0251      8.334     6.1361     8.7690    267.810    274.036      46125         10  0.000e+00
   55.38242 -135.09250    102.892      4.298      4.259    14.5721    31.3463  1023.2664    23.2474    14.5715    104.507    93.6683     1.0251      8.334     6.1369     8.7702    267.847    274.074      46126         10  0.000e+00
   55.38242 -135.09250    102.852      4.258      4.219    14.5702    31.3468  1023.2670    23.2481    14.5696    104.523    93.6683     1.0251      8.334     6.1380     8.7718    267.896    274.124      46127         10  0.000e+00
   55.38242 -135.09250    102.867      4.298      4.259    14.5695    31.3475  1023.2679    23.2489    14.5689    104.540    93.6683     0.9958      8.334     6.1391     8.7733    267.941    274.171      46128         10  0.000e+00
   55.38242 -135.09250    102.852      4.258      4.219    14.5697    31.3476  1023.2678    23.2489    14.5691    104.556    93.6683     1.0251      8.334     6.1400     8.7747    267.982    274.212      46129         10  0.000e+00
   55.38242 -135.09250    102.836      4.242      4.203    14.5700    31.3473  1023.2674    23.2486    14.5694    104.626    93.6683     1.0251      8.334     6.1441     8.7805    268.159    274.394      46130         10  0.000e+00
   55.38242 -135.09250    102.852      4.258      4.219    14.5695    31.3478  1023.2680    23.2491    14.5689    104.643    93.6683     1.0251      8.334     6.1451     8.7820    268.206    274.441      46131         10  0.000e+00
   55.38242 -135.09250    102.892      4.298      4.259    14.5685    31.3486  1023.2689    23.2499    14.5679    104.661    93.6683     1.0251      8.334     6.1463     8.7836    268.255    274.492      46132         10  0.000e+00
   55.38242 -135.09250    102.836      4.242      4.203    14.5675    31.3498  1023.2698    23.2510    14.5669    104.677    93.6683     1.0251      8.334     6.1473     8.7851    268.301    274.539      46133         10  0.000e+00
   55.38242 -135.09250    102.796      4.201      4.163    14.5675    31.3500  1023.2698    23.2512    14.5669    104.694    93.6683     0.9958      8.334     6.1483     8.7865    268.343    274.582      46134         10  0.000e+00
   55.38242 -135.09250    102.892      4.298      4.259    14.5695    31.3485  1023.2687    23.2496    14.5689    104.712    93.6683     1.0251      8.334     6.1492     8.7878    268.382    274.622      46135         10  0.000e+00
   55.38242 -135.09250    102.771      4.201      4.163    14.5714    31.3471  1023.2668    23.2481    14.5708    104.723    93.6683     1.0251      8.334     6.1496     8.7884    268.402    274.642      46136         10  0.000e+00
   55.38242 -135.09250    102.892      4.298      4.259    14.5714    31.3468  1023.2670    23.2479    14.5708    104.741    93.6683     1.0251      8.334     6.1507     8.7899    268.449    274.690      46137         10  0.000e+00
   55.38242 -135.09250    102.796      4.201      4.163    14.5716    31.3473  1023.2669    23.2483    14.5710    104.757    93.6683     1.0251      8.334     6.1516     8.7912    268.487    274.729      46138         10  0.000e+00
   55.38242 -135.09250    102.836      4.242      4.203    14.5719    31.3480  1023.2676    23.2488    14.5713    104.769    93.6962     1.0251      8.334     6.1522     8.7921    268.515    274.758      46139         10  0.000e+00
   55.38242 -135.09250    102.892      4.298      4.259    14.5725    31.3488  1023.2683    23.2492    14.5718    104.776    93.7522     1.0251      8.334     6.1525     8.7926    268.529    274.772      46140         10  0.000e+00
   55.38242 -135.09250    102.852      4.258      4.219    14.5746    31.3477  1023.2668    23.2479    14.5740    104.834    93.7802     1.0251      8.334     6.1557     8.7971    268.667    274.913      46141         10  0.000e+00
   55.38242 -135.09250    102.836      4.242      4.203    14.5761    31.3475  1023.2662    23.2474    14.5755    104.844    93.7802     1.0251      8.334     6.1561     8.7977    268.685    274.931      46142         10  0.000e+00
   55.38242 -135.09250    102.852      4.258      4.219    14.5778    31.3463  1023.2650    23.2461    14.5772    104.853    93.7802     1.0251      8.334     6.1565     8.7983    268.703    274.950      46143         10  0.000e+00
   55.38242 -135.09250    102.836      4.242      4.203    14.5784    31.3462  1023.2648    23.2460    14.5778    104.862    93.7802     1.0251      8.334     6.1569     8.7989    268.722    274.969      46144         10  0.000e+00
   55.38242 -135.09250    102.852      4.258      4.219    14.5795    31.3460  1023.2645    23.2456    14.5789    104.871    93.7802     1.0251      8.334     6.1573     8.7994    268.738    274.985      46145         10  0.000e+00
   55.38242 -135.09250    102.892      4.298      4.259    14.5805    31.3461  1023.2645    23.2455    14.5799    104.879    93.7522     0.9958      8.334     6.1577     8.7999    268.753    275.001      46146         10  0.000e+00
   55.38242 -135.09250    102.892      4.298      4.259    14.5822    31.3441  1023.2626    23.2436    14.5816    104.933    93.7522     0.9958      8.334     6.1607     8.8043    268.888    275.138      46147         10  0.000e+00
   55.38242 -135.09250    102.852      4.258      4.219    14.5798    31.3442  1023.2630    23.2441    14.5792    104.938    93.7802     0.9958      8.334     6.1613     8.8051    268.914    275.164      46148         10  0.000e+00
   55.38242 -135.09250    102.892      4.298      4.259    14.5721    31.3465  1023.2666    23.2475    14.5715    104.891    93.7802     0.9958      8.334     6.1594     8.8024    268.830    275.080      46149         10  0.000e+00
   55.38242 -135.09250    102.852      4.258      4.219    14.5662    31.3492  1023.2697    23.2508    14.5656    104.942    93.7802     0.9958      8.334     6.1631     8.8076    268.988    275.242      46150         10  0.000e+00
   55.38242 -135.09250    102.892      4.298      4.259    14.5641    31.3497  1023.2707    23.2517    14.5635    104.946    93.7802     0.9958      8.334     6.1635     8.8082    269.007    275.262      46151         10  0.000e+00
