EcoFOCI/data/1_SampleCollection/2022_GOA-OA_CruiseData/CTD_raw_BottleFile_RC0083/RC0083_006.ros
* Sea-Bird SBE 9 Data File:
* FileName = C:\Data\RC0083ctd\RC0083_006.hex
* Software Version Seasave V 7.26.7.107
* Temperature SN = 2060
* Conductivity SN = 1084
* Number of Bytes Per Scan = 31
* Number of Voltage Words = 4
* Number of Scans Averaged by the Deck Unit = 1
* NMEA Latitude = 54 38.07 N
* NMEA Longitude = 133 46.59 W
* NMEA UTC (Time) = Aug 12 2022  11:05:10
* NMEA baud rate = 4800
** Ship: R/V Rachel Carson
** Cruise ID: RC0083 RC0083
** Tech: McHugh/Nomura
** Chief Scientist: Cross Cross
** Station: DE6
** Cast:  006
# nquan = 21
# nvalues = 441                                   
# units = specified
# name 0 = latitude: Latitude [deg]
# name 1 = longitude: Longitude [deg]
# name 2 = sfdSM: Seafloor depth [salt water, m]
# name 3 = prDM: Pressure, Digiquartz [db]
# name 4 = depSM: Depth [salt water, m]
# name 5 = t090C: Temperature [ITS-90, deg C]
# name 6 = sal00: Salinity, Practical [PSU]
# name 7 = density00: Density [density, kg/m^3]
# name 8 = sigma-é00: Density [sigma-theta, kg/m^3]
# name 9 = potemp090C: Potential Temperature [ITS-90, deg C]
# name 10 = sbeox0PS: Oxygen, SBE 43 [% saturation]
# name 11 = CStarTr0: Beam Transmission, WET Labs C-Star [%]
# name 12 = flECO-AFL: Fluorescence, WET Labs ECO-AFL/FL [mg/m^3]
# name 13 = ph: pH
# name 14 = sbeox0ML/L: Oxygen, SBE 43 [ml/l]
# name 15 = sbeox0Mg/L: Oxygen, SBE 43 [mg/l]
# name 16 = sbox0Mm/Kg: Oxygen, SBE 43 [umol/kg]
# name 17 = sbeox0Mm/L: Oxygen, SBE 43 [umol/l]
# name 18 = scan: Scan Count
# name 19 = nbf: Bottles Fired
# name 20 = flag:  0.000e+00
# interval = seconds: 0.0416667
# start_time = Aug 12 2022 11:05:10 [NMEA time, header]
# bad_flag = -9.990e-29
*END*
[from data line 138]
   54.63358 -133.77926    249.961    152.757    151.328     6.1687    33.5331  1027.0763    26.3740     6.1558     40.190   106.7578    -0.0591      7.792     2.7927     3.9911    121.519    124.724      20295          3  0.000e+00
   54.63358 -133.77926    249.977    152.773    151.344     6.1678    33.5334  1027.0768    26.3744     6.1549     40.202   106.7578    -0.0591      7.792     2.7936     3.9924    121.558    124.764      20296          3  0.000e+00
   54.63358 -133.77926    249.961    152.757    151.328     6.1674    33.5339  1027.0771    26.3748     6.1545     40.213   106.7578    -0.0591      7.787     2.7945     3.9936    121.594    124.801      20297          3  0.000e+00
   54.63358 -133.77926    250.274    153.072    151.641     6.1671    33.5339  1027.0786    26.3748     6.1541     40.218   106.7298    -0.0591      7.787     2.7948     3.9941    121.609    124.816      20298          3  0.000e+00
   54.63358 -133.77926    250.201    152.999    151.569     6.1666    33.5348  1027.0790    26.3756     6.1537     40.228   106.7298    -0.0591      7.792     2.7955     3.9951    121.641    124.849      20299          3  0.000e+00
   54.63358 -133.77926    250.274    153.072    151.641     6.1665    33.5345  1027.0792    26.3754     6.1536     40.296   106.7578    -0.0591      7.792     2.8003     4.0019    121.846    125.060      20300          3  0.000e+00
   54.63358 -133.77926    250.258    153.056    151.625     6.1663    33.5346  1027.0792    26.3755     6.1534     40.305   106.7298    -0.0591      7.787     2.8009     4.0028    121.875    125.089      20301          3  0.000e+00
   54.63358 -133.77926    250.554    153.356    151.922     6.1659    33.5348  1027.0808    26.3757     6.1529     40.315   106.7298    -0.0591      7.787     2.8016     4.0038    121.906    125.121      20302          3  0.000e+00
   54.63358 -133.77926    250.626    153.429    151.994     6.1652    33.5355  1027.0818    26.3764     6.1522     40.323   106.7578    -0.0591      7.787     2.8022     4.0046    121.931    125.147      20303          3  0.000e+00
   54.63334 -133.77932    199.610    101.918    100.978     6.7542    32.8922  1026.2604    25.7925     6.7452     60.136   106.8137    -0.0591      7.924     4.1399     5.9163    180.238    184.887      23450          4  0.000e+00
   54.63334 -133.77932    199.642    101.950    101.010     6.7542    32.8925  1026.2608    25.7927     6.7452     60.130   106.8137    -0.0591      7.924     4.1395     5.9157    180.220    184.869      23451          4  0.000e+00
   54.63334 -133.77932    199.666    101.975    101.034     6.7545    32.8923  1026.2607    25.7925     6.7456     60.126   106.8137    -0.0591      7.924     4.1392     5.9153    180.207    184.855      23452          4  0.000e+00
   54.63334 -133.77932    199.642    101.950    101.010     6.7544    32.8921  1026.2604    25.7923     6.7454     60.123   106.8137    -0.0591      7.924     4.1390     5.9151    180.201    184.849      23453          4  0.000e+00
   54.63334 -133.77932    199.666    101.975    101.034     6.7549    32.8912  1026.2597    25.7916     6.7459     60.123   106.8137    -0.0591      7.924     4.1390     5.9150    180.199    184.847      23454          4  0.000e+00
   54.63334 -133.77932    199.642    101.950    101.010     6.7553    32.8903  1026.2589    25.7908     6.7463     60.117   106.8137    -0.0591      7.924     4.1385     5.9143    180.179    184.826      23455          4  0.000e+00
   54.63334 -133.77932    199.610    101.918    100.978     6.7552    32.8911  1026.2594    25.7915     6.7462     60.112   106.8137    -0.0591      7.924     4.1382     5.9138    180.163    184.810      23456          4  0.000e+00
   54.63334 -133.77932    199.586    101.894    100.954     6.7552    32.8910  1026.2592    25.7914     6.7462     60.052   106.8137    -0.0591      7.924     4.1340     5.9080    179.984    184.626      23457          4  0.000e+00
   54.63334 -133.77932    199.610    101.918    100.978     6.7545    32.8917  1026.2599    25.7920     6.7456     60.051   106.8137    -0.0591      7.924     4.1340     5.9080    179.984    184.626      23458          4  0.000e+00
   54.63334 -133.77932    199.586    101.894    100.954     6.7545    32.8916  1026.2597    25.7919     6.7456     60.052   106.8137    -0.0591      7.924     4.1341     5.9081    179.988    184.630      23459          4  0.000e+00
   54.63334 -133.77932    199.610    101.918    100.978     6.7545    32.8915  1026.2598    25.7919     6.7456     60.112   106.8137    -0.0591      7.924     4.1383     5.9140    180.168    184.815      23460          4  0.000e+00
   54.63334 -133.77932    199.522    101.829    100.889     6.7545    32.8915  1026.2594    25.7919     6.7456     60.060   106.8137    -0.0591      7.924     4.1347     5.9089    180.012    184.655      23461          4  0.000e+00
   54.63334 -133.77932    199.554    101.861    100.922     6.7547    32.8916  1026.2596    25.7919     6.7457     60.060   106.8137    -0.0591      7.924     4.1346     5.9088    180.010    184.653      23462          4  0.000e+00
   54.63334 -133.77932    199.490    101.797    100.857     6.7547    32.8913  1026.2590    25.7917     6.7457     60.061   106.8137    -0.0591      7.924     4.1347     5.9089    180.013    184.656      23463          4  0.000e+00
   54.63334 -133.77932    199.522    101.829    100.889     6.7550    32.8908  1026.2587    25.7912     6.7461     60.064   106.8137    -0.0591      7.924     4.1349     5.9092    180.022    184.665      23464          4  0.000e+00
   54.63334 -133.77932    199.490    101.797    100.857     6.7550    32.8908  1026.2586    25.7912     6.7461     60.069   106.8137    -0.0591      7.924     4.1352     5.9097    180.037    184.680      23465          4  0.000e+00
   54.63334 -133.77932    199.466    101.772    100.833     6.7550    32.8906  1026.2583    25.7911     6.7461     60.076   106.8137    -0.0591      7.924     4.1357     5.9104    180.057    184.701      23466          4  0.000e+00
   54.63334 -133.77932    199.490    101.797    100.857     6.7552    32.8906  1026.2584    25.7911     6.7462     60.085   106.8137    -0.0591      7.924     4.1363     5.9112    180.084    184.728      23467          4  0.000e+00
   54.63334 -133.77932    199.466    101.772    100.833     6.7553    32.8899  1026.2577    25.7905     6.7464     60.039   106.8137    -0.0591      7.924     4.1332     5.9067    179.947    184.588      23468          4  0.000e+00
   54.63334 -133.77932    199.378    101.683    100.745     6.7554    32.8898  1026.2573    25.7905     6.7464     60.092   106.8137    -0.0591      7.924     4.1368     5.9120    180.106    184.751      23469          4  0.000e+00
   54.63334 -133.77932    199.410    101.716    100.777     6.7555    32.8898  1026.2574    25.7904     6.7466     60.099   106.8137    -0.0591      7.924     4.1373     5.9126    180.126    184.772      23470          4  0.000e+00
   54.63334 -133.77932    199.378    101.683    100.745     6.7558    32.8895  1026.2570    25.7901     6.7469     60.107   106.8137    -0.0591      7.924     4.1378     5.9134    180.149    184.795      23471          4  0.000e+00
   54.63334 -133.77932    199.410    101.716    100.777     6.7558    32.8895  1026.2571    25.7901     6.7469     60.117   106.8137    -0.0591      7.924     4.1385     5.9144    180.180    184.827      23472          4  0.000e+00
   54.63334 -133.77932    199.314    101.619    100.681     6.7559    32.8892  1026.2564    25.7899     6.7470     60.128   106.8137    -0.0591      7.924     4.1393     5.9154    180.211    184.859      23473          4  0.000e+00
   54.63334 -133.77932    199.346    101.651    100.713     6.7560    32.8892  1026.2566    25.7899     6.7471     60.141   106.8137    -0.0591      7.924     4.1402     5.9167    180.251    184.900      23474          4  0.000e+00
   54.63334 -133.77932    199.314    101.619    100.681     6.7559    32.8896  1026.2567    25.7902     6.7470     60.099   106.8137    -0.0591      7.924     4.1373     5.9126    180.125    184.770      23475          4  0.000e+00
   54.63334 -133.77932    199.290    101.594    100.657     6.7562    32.8893  1026.2563    25.7899     6.7472     60.108   106.8137    -0.0591      7.924     4.1379     5.9134    180.150    184.796      23476          4  0.000e+00
   54.63334 -133.77932    199.314    101.619    100.681     6.7558    32.8900  1026.2570    25.7905     6.7469     60.167   106.8137    -0.0591      7.924     4.1420     5.9193    180.329    184.980      23477          4  0.000e+00
   54.63334 -133.77932    199.226    101.530    100.593     6.7557    32.8901  1026.2567    25.7906     6.7467     60.178   106.8137    -0.0591      7.924     4.1427     5.9204    180.363    185.015      23478          4  0.000e+00
   54.63334 -133.77932    199.258    101.562    100.625     6.7557    32.8902  1026.2570    25.7907     6.7467     60.192   106.8137    -0.0591      7.924     4.1437     5.9217    180.403    185.055      23479          4  0.000e+00
   54.63334 -133.77932    199.226    101.530    100.593     6.7555    32.8902  1026.2569    25.7908     6.7466     60.198   106.8137    -0.0591      7.924     4.1441     5.9223    180.422    185.075      23480          4  0.000e+00
   54.63334 -133.77932    199.193    101.497    100.561     6.7557    32.8902  1026.2567    25.7907     6.7467     60.213   106.8137    -0.0591      7.924     4.1451     5.9238    180.466    185.120      23481          4  0.000e+00
   54.63334 -133.77932    199.113    101.417    100.481     6.7555    32.8900  1026.2562    25.7906     6.7466     60.229   106.8137    -0.0591      7.924     4.1462     5.9254    180.515    185.170      23482          4  0.000e+00
   54.63334 -133.77932    199.258    101.562    100.625     6.7559    32.8897  1026.2565    25.7903     6.7470     60.304   106.8137    -0.0591      7.924     4.1514     5.9327    180.739    185.400      23483          4  0.000e+00
   54.63334 -133.77932    199.137    101.441    100.505     6.7564    32.8889  1026.2552    25.7896     6.7475     60.329   106.8417    -0.0591      7.924     4.1531     5.9352    180.814    185.477      23484          4  0.000e+00
   54.63334 -133.77932    199.113    101.417    100.481     6.7564    32.8889  1026.2552    25.7896     6.7475     60.292   106.8417    -0.0591      7.924     4.1505     5.9315    180.702    185.363      23485          4  0.000e+00
   54.63334 -133.77932    199.137    101.441    100.505     6.7569    32.8886  1026.2549    25.7892     6.7480     60.305   106.8417    -0.0591      7.924     4.1514     5.9327    180.739    185.400      23486          4  0.000e+00
   54.63334 -133.77932    199.049    101.352    100.417     6.7574    32.8879  1026.2539    25.7886     6.7485     60.374   106.8417    -0.0591      7.924     4.1561     5.9395    180.946    185.612      23487          4  0.000e+00
   54.63334 -133.77932    199.137    101.441    100.505     6.7576    32.8878  1026.2543    25.7886     6.7487     60.397   106.8417    -0.0591      7.924     4.1577     5.9417    181.013    185.681      23488          4  0.000e+00
   54.63334 -133.77932    199.113    101.417    100.481     6.7576    32.8880  1026.2543    25.7887     6.7487     60.363   106.8417    -0.0884      7.924     4.1553     5.9384    180.911    185.576      23489          4  0.000e+00
   54.63334 -133.77932    199.017    101.319    100.385     6.7579    32.8872  1026.2532    25.7880     6.7490     60.427   106.8417    -0.0884      7.924     4.1597     5.9446    181.101    185.771      23490          4  0.000e+00
   54.63334 -133.77932    199.049    101.352    100.417     6.7577    32.8875  1026.2536    25.7883     6.7488     60.443   106.8417    -0.0884      7.924     4.1608     5.9462    181.150    185.822      23491          4  0.000e+00
   54.63334 -133.77932    199.081    101.384    100.449     6.7581    32.8872  1026.2534    25.7880     6.7492     60.459   106.8417    -0.0884      7.924     4.1619     5.9478    181.198    185.871      23492          4  0.000e+00
   54.63334 -133.77932    199.113    101.417    100.481     6.7579    32.8872  1026.2536    25.7880     6.7490     60.476   106.8417    -0.0884      7.924     4.1631     5.9495    181.249    185.924      23493          4  0.000e+00
   54.63334 -133.77932    199.017    101.319    100.385     6.7579    32.8873  1026.2533    25.7882     6.7490     60.492   106.8417    -0.0884      7.924     4.1642     5.9510    181.298    185.973      23494          4  0.000e+00
   54.63334 -133.77932    199.049    101.352    100.417     6.7579    32.8872  1026.2533    25.7880     6.7490     60.509   106.8417    -0.0884      7.924     4.1654     5.9528    181.350    186.027      23495          4  0.000e+00
   54.63334 -133.77932    199.017    101.319    100.385     6.7579    32.8871  1026.2531    25.7880     6.7490     60.519   106.8417    -0.0884      7.924     4.1660     5.9537    181.378    186.055      23496          4  0.000e+00
   54.63334 -133.77932    199.049    101.352    100.417     6.7582    32.8870  1026.2531    25.7878     6.7493     60.536   106.8417    -0.0884      7.924     4.1672     5.9554    181.430    186.108      23497          4  0.000e+00
   54.63334 -133.77932    199.081    101.384    100.449     6.7579    32.8874  1026.2536    25.7882     6.7490     60.547   106.8417    -0.0884      7.924     4.1679     5.9564    181.461    186.141      23498          4  0.000e+00
   54.63320 -133.77932    175.142     77.217     76.509     7.6397    32.4689  1025.6921    25.3389     7.6324     68.039   106.0585    -0.0005      7.993     4.6026     6.5775    200.471    205.551      25471          5  0.000e+00
   54.63320 -133.77932    175.142     77.217     76.509     7.6391    32.4697  1025.6927    25.3395     7.6318     67.958   106.0585    -0.0005      7.993     4.5971     6.5698    200.234    205.308      25472          5  0.000e+00
   54.63320 -133.77932    175.142     77.217     76.509     7.6391    32.4695  1025.6926    25.3394     7.6318     67.934   106.0585    -0.0005      7.993     4.5956     6.5675    200.166    205.238      25473          5  0.000e+00
   54.63320 -133.77932    175.198     77.274     76.565     7.6395    32.4689  1025.6923    25.3389     7.6323     67.850   106.0585    -0.0005      7.993     4.5898     6.5593    199.916    204.982      25474          5  0.000e+00
   54.63320 -133.77932    175.182     77.258     76.549     7.6405    32.4682  1025.6916    25.3382     7.6333     67.816   106.0585    -0.0005      7.993     4.5874     6.5559    199.813    204.875      25475          5  0.000e+00
   54.63320 -133.77932    175.262     77.339     76.629     7.6410    32.4676  1025.6914    25.3376     7.6338     67.785   106.0585    -0.0005      7.993     4.5853     6.5529    199.720    204.780      25476          5  0.000e+00
   54.63320 -133.77932    175.198     77.274     76.565     7.6415    32.4675  1025.6909    25.3375     7.6342     67.707   106.0585    -0.0005      7.993     4.5800     6.5452    199.487    204.541      25477          5  0.000e+00
   54.63320 -133.77932    175.198     77.274     76.565     7.6417    32.4673  1025.6907    25.3373     7.6344     67.680   106.0585    -0.0005      7.993     4.5781     6.5426    199.408    204.460      25478          5  0.000e+00
   54.63320 -133.77932    175.318     77.395     76.686     7.6415    32.4669  1025.6910    25.3370     7.6343     67.657   106.0585    -0.0005      7.993     4.5766     6.5405    199.342    204.392      25479          5  0.000e+00
   54.63320 -133.77932    175.262     77.339     76.629     7.6413    32.4676  1025.6913    25.3376     7.6341     67.636   106.0865    -0.0005      7.993     4.5752     6.5384    199.278    204.327      25480          5  0.000e+00
