EcoFOCI/data/1_SampleCollection/2022_GOA-OA_CruiseData/CTD_raw_BottleFile_RC0083/RC0083_145.cnv
* Sea-Bird SBE 9 Data File:
* FileName = C:\Data\RC0083ctd\RC0083_145.hex
* Software Version Seasave V 7.26.7.107
* Temperature SN = 2060
* Conductivity SN = 2881
* Number of Bytes Per Scan = 31
* Number of Voltage Words = 4
* Number of Scans Averaged by the Deck Unit = 1
* NMEA Latitude = 55 01.00 N
* NMEA Longitude = 131 40.33 W
* NMEA UTC (Time) = Aug 28 2022  16:06:26
* NMEA baud rate = 4800
** Ship: R/V Rachel Carson
** Cruise ID: RC0083
** Tech: McHugh/Nomura
** Chief Scientist: Cross
** Station: LCLS5
** Cast:  CTD145
# nquan = 19
# nvalues = 6671                                  
# units = specified
# name 0 = latitude: Latitude [deg]
# name 1 = longitude: Longitude [deg]
# name 2 = sfdSM: Seafloor depth [salt water, m]
# name 3 = prDM: Pressure, Digiquartz [db]
# name 4 = depSM: Depth [salt water, m]
# name 5 = t090C: Temperature [ITS-90, deg C]
# name 6 = sal00: Salinity, Practical [PSU]
# name 7 = density00: Density [density, kg/m^3]
# name 8 = sigma-é00: Density [sigma-theta, kg/m^3]
# name 9 = potemp090C: Potential Temperature [ITS-90, deg C]
# name 10 = sbeox0PS: Oxygen, SBE 43 [% saturation]
# name 11 = CStarTr0: Beam Transmission, WET Labs C-Star [%]
# name 12 = flECO-AFL: Fluorescence, WET Labs ECO-AFL/FL [mg/m^3]
# name 13 = ph: pH
# name 14 = sbeox0ML/L: Oxygen, SBE 43 [ml/l]
# name 15 = sbeox0Mg/L: Oxygen, SBE 43 [mg/l]
# name 16 = sbox0Mm/Kg: Oxygen, SBE 43 [umol/kg]
# name 17 = sbeox0Mm/L: Oxygen, SBE 43 [umol/l]
# name 18 = flag:  0.000e+00
# span 0 =   55.01666,   55.01772                 
# span 1 = -131.67298, -131.67218                 
# span 2 =     12.417,     88.477                 
# span 3 =      2.751,     73.160                 
# span 4 =      2.727,     72.487                 
# span 5 =     6.8215,    14.1386                 
# span 6 =    27.7902,    32.8158                 
# span 7 =  1020.6120,  1026.0586                 
# span 8 =    20.5972,    25.7231                 
# span 9 =     6.8152,    14.1381                 
# span 10 =     37.398,     91.816                
# span 11 =    77.8378,   103.8210                
# span 12 =    -0.0591,     7.0031                
# span 13 =      7.790,      8.364                
# span 14 =     2.5705,     5.5790                
# span 15 =     3.6735,     7.9729                
# span 16 =    111.921,    244.033                
# span 17 =    114.798,    249.157                
# span 18 = 0.0000e+00, 0.0000e+00                
# interval = seconds: 0.0416667
# start_time = Aug 28 2022 16:06:26 [NMEA time, header]
# bad_flag = -9.990e-29
*END*
[from data line 5258]
   55.01746 -131.67298     85.137     51.542     51.071     7.6374    32.2418  1025.3963    25.1604     7.6326     42.364   103.2616     0.0581      7.831     2.8702     4.1018    125.037    128.182  0.000e+00
   55.01746 -131.67298     85.225     51.607     51.135     7.6346    32.2438  1025.3986    25.1624     7.6297     42.362   103.2616     0.0581      7.835     2.8702     4.1018    125.036    128.182  0.000e+00
   55.01746 -131.67298     85.161     51.542     51.071     7.6357    32.2429  1025.3975    25.1615     7.6309     42.413   103.2616     0.0581      7.835     2.8736     4.1067    125.186    128.336  0.000e+00
   55.01746 -131.67298     85.161     51.542     51.071     7.6405    32.2393  1025.3939    25.1580     7.6357     42.413   103.2337     0.0581      7.835     2.8733     4.1063    125.175    128.324  0.000e+00
   55.01746 -131.67298     85.161     51.542     51.071     7.6410    32.2390  1025.3936    25.1577     7.6362     42.412   103.2337     0.0581      7.835     2.8732     4.1061    125.169    128.318  0.000e+00
   55.01746 -131.67298     85.105     51.485     51.015     7.6403    32.2398  1025.3941    25.1585     7.6355     42.409   103.2337     0.0581      7.835     2.8731     4.1059    125.162    128.311  0.000e+00
   55.01746 -131.67298     85.097     51.477     51.007     7.6402    32.2394  1025.3937    25.1581     7.6354     42.411   103.2057     0.0581      7.835     2.8732     4.1061    125.168    128.317  0.000e+00
   55.01746 -131.67298     85.105     51.485     51.015     7.6384    32.2404  1025.3948    25.1592     7.6336     42.412   103.2337     0.0581      7.835     2.8734     4.1063    125.175    128.325  0.000e+00
   55.01746 -131.67298     85.041     51.421     50.951     7.6388    32.2404  1025.3945    25.1591     7.6340     42.411   103.2337     0.0581      7.835     2.8733     4.1062    125.172    128.321  0.000e+00
   55.01746 -131.67298     85.049     51.429     50.959     7.6397    32.2400  1025.3941    25.1587     7.6349     42.409   103.2337     0.0581      7.835     2.8731     4.1060    125.164    128.313  0.000e+00
   55.01746 -131.67298     84.985     51.364     50.895     7.6417    32.2387  1025.3925    25.1574     7.6369     42.468   103.2057     0.0581      7.835     2.8770     4.1115    125.335    128.488  0.000e+00
   55.01746 -131.67298     85.049     51.429     50.959     7.6426    32.2378  1025.3919    25.1565     7.6378     42.483   103.2337     0.0581      7.835     2.8780     4.1129    125.377    128.531  0.000e+00
   55.01746 -131.67298     85.041     51.421     50.951     7.6412    32.2385  1025.3926    25.1573     7.6364     42.497   103.2337     0.0581      7.835     2.8790     4.1144    125.420    128.576  0.000e+00
   55.01746 -131.67298     84.929     51.307     50.838     7.6410    32.2393  1025.3927    25.1579     7.6362     42.509   103.2337     0.0581      7.835     2.8798     4.1155    125.455    128.612  0.000e+00
   55.01746 -131.67298     85.107     51.364     50.895     7.6438    32.2369  1025.3907    25.1557     7.6390     42.514   103.2337     0.0581      7.835     2.8800     4.1158    125.465    128.621  0.000e+00
   55.01746 -131.67298     85.149     51.307     50.838     7.6465    32.2350  1025.3886    25.1538     7.6417     42.574   103.2337     0.0581      7.835     2.8839     4.1214    125.635    128.795  0.000e+00
   55.01746 -131.67298     85.085     51.243     50.774     7.6472    32.2342  1025.3876    25.1531     7.6424     42.519   103.2337     0.0581      7.835     2.8802     4.1160    125.472    128.628  0.000e+00
   55.01746 -131.67298     85.205     51.364     50.894     7.6469    32.2344  1025.3884    25.1533     7.6421     42.570   103.2337     0.0581      7.835     2.8837     4.1211    125.625    128.785  0.000e+00
   55.01746 -131.67298     85.109     51.243     50.774     7.6460    32.2353  1025.3886    25.1541     7.6412     42.575   103.2337     0.0581      7.835     2.8840     4.1216    125.640    128.800  0.000e+00
   55.01746 -131.67298     85.207     51.243     50.774     7.6439    32.2369  1025.3902    25.1556     7.6391     42.579   103.2337     0.0581      7.835     2.8844     4.1221    125.656    128.817  0.000e+00
   55.01746 -131.67298     85.255     51.243     50.774     7.6438    32.2370  1025.3903    25.1557     7.6390     42.587   103.2337     0.0581      7.835     2.8850     4.1229    125.681    128.843  0.000e+00
   55.01746 -131.67298     85.255     51.243     50.774     7.6439    32.2368  1025.3901    25.1556     7.6391     42.588   103.2337     0.0581      7.835     2.8850     4.1230    125.683    128.845  0.000e+00
   55.01746 -131.67298     85.255     51.243     50.774     7.6455    32.2354  1025.3888    25.1542     7.6408     42.637   103.2057     0.0581      7.835     2.8883     4.1276    125.825    128.990  0.000e+00
   55.01746 -131.67298     85.224     51.186     50.718     7.6498    32.2320  1025.3852    25.1509     7.6450     42.640   103.1498     0.0581      7.835     2.8882     4.1276    125.823    128.988  0.000e+00
   55.01746 -131.67298     85.377     51.243     50.774     7.6543    32.2287  1025.3823    25.1477     7.6495     42.647   103.1218     0.0581      7.835     2.8885     4.1280    125.836    129.001  0.000e+00
   55.01746 -131.67298     85.346     51.186     50.718     7.6535    32.2301  1025.3832    25.1489     7.6487     42.654   103.1218     0.0581      7.835     2.8890     4.1286    125.856    129.021  0.000e+00
   55.01746 -131.67298     85.346     51.186     50.718     7.6533    32.2310  1025.3839    25.1497     7.6485     42.602   103.1218     0.0581      7.835     2.8855     4.1236    125.703    128.865  0.000e+00
   55.01746 -131.67298     85.346     51.186     50.718     7.6628    32.2251  1025.3780    25.1437     7.6581     42.598   103.1218     0.0581      7.835     2.8847     4.1225    125.671    128.830  0.000e+00
   55.01746 -131.67298     85.331     51.121     50.654     7.6845    32.2093  1025.3622    25.1283     7.6797     42.592   103.1218     0.0581      7.835     2.8831     4.1203    125.604    128.760  0.000e+00
   55.01746 -131.67298     85.468     51.186     50.718     7.7032    32.1967  1025.3499    25.1157     7.6984     42.585   103.1218     0.0581      7.835     2.8817     4.1182    125.543    128.696  0.000e+00
   55.01746 -131.67298     85.428     51.121     50.654     7.7213    32.1844  1025.3375    25.1036     7.7165     42.633   103.1218     0.0581      7.835     2.8840     4.1215    125.643    128.797  0.000e+00
   55.01746 -131.67298     85.372     51.065     50.598     7.7353    32.1754  1025.3281    25.0945     7.7305     42.686   103.1218     0.0581      7.835     2.8868     4.1255    125.768    128.924  0.000e+00
   55.01746 -131.67298     85.428     51.121     50.654     7.7439    32.1691  1025.3222    25.0883     7.7391     42.688   103.1218     0.0581      7.835     2.8865     4.1251    125.755    128.910  0.000e+00
   55.01748 -131.67298     85.365     51.008     50.542     7.7465    32.1679  1025.3204    25.0870     7.7417     42.744   103.1218     0.0581      7.835     2.8901     4.1303    125.914    129.073  0.000e+00
   55.01748 -131.67298     85.526     51.121     50.654     7.7503    32.1648  1025.3180    25.0841     7.7455     42.692   103.1218     0.0581      7.835     2.8865     4.1250    125.755    128.909  0.000e+00
   55.01748 -131.67298     85.438     51.008     50.542     7.7541    32.1634  1025.3158    25.0825     7.7493     42.688   103.1218     0.0581      7.835     2.8860     4.1243    125.733    128.887  0.000e+00
   55.01748 -131.67298     85.494     51.065     50.598     7.7648    32.1566  1025.3092    25.0756     7.7600     42.689   103.1218     0.0581      7.835     2.8854     4.1236    125.711    128.863  0.000e+00
   55.01748 -131.67298     85.374     50.943     50.478     7.7742    32.1505  1025.3025    25.0695     7.7694     42.681   103.1218     0.0581      7.835     2.8844     4.1221    125.666    128.817  0.000e+00
   55.01748 -131.67298     85.479     51.000     50.534     7.7797    32.1469  1025.2992    25.0659     7.7749     42.679   103.1218     0.0581      7.835     2.8840     4.1215    125.648    128.797  0.000e+00
   55.01748 -131.67298     85.472     50.943     50.478     7.7846    32.1442  1025.2961    25.0630     7.7798     42.738   103.0938     0.0581      7.835     2.8876     4.1267    125.809    128.962  0.000e+00
   55.01748 -131.67298     85.472     50.943     50.478     7.7902    32.1407  1025.2925    25.0595     7.7854     42.688   103.1218     0.0581      7.835     2.8840     4.1215    125.651    128.800  0.000e+00
   55.01748 -131.67298     85.472     50.943     50.478     7.7953    32.1375  1025.2893    25.0563     7.7905     42.688   103.1218     0.0581      7.835     2.8837     4.1211    125.639    128.787  0.000e+00
   55.01748 -131.67298     85.352     50.822     50.358     7.7990    32.1351  1025.2864    25.0539     7.7942     42.679   103.0938     0.0581      7.835     2.8829     4.1200    125.605    128.752  0.000e+00
   55.01748 -131.67298     85.416     50.887     50.422     7.8020    32.1336  1025.2850    25.0523     7.7972     42.671   103.0379     0.0581      7.835     2.8822     4.1189    125.572    128.718  0.000e+00
   55.01748 -131.67298     85.352     50.822     50.358     7.8049    32.1322  1025.2832    25.0508     7.8001     42.659   103.0099     0.0581      7.835     2.8813     4.1176    125.533    128.677  0.000e+00
   55.01748 -131.67298     85.360     50.830     50.366     7.8077    32.1304  1025.2815    25.0490     7.8029     42.654   103.0099     0.0581      7.835     2.8807     4.1168    125.509    128.653  0.000e+00
   55.01748 -131.67298     85.295     50.765     50.302     7.8086    32.1295  1025.2803    25.0481     7.8039     42.703   102.9820     0.0581      7.835     2.8840     4.1215    125.652    128.799  0.000e+00
   55.01748 -131.67298     85.344     50.765     50.302     7.8091    32.1297  1025.2804    25.0482     7.8043     42.700   103.0099     0.0581      7.835     2.8838     4.1212    125.643    128.790  0.000e+00
   55.01748 -131.67298     85.378     50.701     50.237     7.8099    32.1293  1025.2797    25.0478     7.8051     42.696   102.9820     0.0581      7.835     2.8835     4.1208    125.629    128.776  0.000e+00
   55.01748 -131.67298     85.435     50.709     50.245     7.8108    32.1295  1025.2797    25.0478     7.8060     42.691   103.0099     0.0581      7.835     2.8830     4.1202    125.611    128.757  0.000e+00
   55.01748 -131.67298     85.371     50.644     50.181     7.8123    32.1284  1025.2784    25.0467     7.8075     42.683   103.0099     0.0581      7.835     2.8825     4.1193    125.585    128.731  0.000e+00
   55.01748 -131.67298     85.290     50.588     50.125     7.8135    32.1280  1025.2777    25.0463     7.8087     42.681   103.0099     0.0581      7.835     2.8822     4.1190    125.575    128.720  0.000e+00
   55.01748 -131.67298     85.419     50.644     50.181     7.8156    32.1271  1025.2768    25.0452     7.8108     42.734   103.0099     0.0581      7.835     2.8857     4.1240    125.726    128.875  0.000e+00
   55.01748 -131.67298     85.381     50.531     50.069     7.8220    32.1236  1025.2727    25.0416     7.8172     42.734   103.0099     0.0581      7.835     2.8853     4.1234    125.711    128.859  0.000e+00
   55.01748 -131.67298     85.373     50.523     50.061     7.8284    32.1194  1025.2684    25.0374     7.8237     42.733   103.0099     0.0581      7.835     2.8849     4.1229    125.694    128.841  0.000e+00
   55.01748 -131.67298     85.317     50.466     50.005     7.8346    32.1155  1025.2642    25.0334     7.8298     42.730   103.0099     0.0581      7.835     2.8844     4.1221    125.672    128.818  0.000e+00
   55.01748 -131.67298     85.317     50.466     50.005     7.8423    32.1106  1025.2593    25.0285     7.8375     42.783   103.0099     0.0581      7.835     2.8875     4.1266    125.809    128.957  0.000e+00
   55.01748 -131.67298     85.260     50.410     49.949     7.8494    32.1059  1025.2544    25.0238     7.8446     42.783   103.0099     0.0581      7.835     2.8872     4.1260    125.793    128.940  0.000e+00
   55.01748 -131.67298     85.196     50.345     49.885     7.8541    32.1029  1025.2510    25.0208     7.8494     42.781   103.0099     0.0581      7.835     2.8868     4.1255    125.777    128.924  0.000e+00
   55.01748 -131.67298     85.140     50.288     49.829     7.8566    32.1020  1025.2497    25.0197     7.8518     42.784   103.0099     0.0581      7.835     2.8869     4.1256    125.780    128.927  0.000e+00
   55.01748 -131.67298     85.076     50.224     49.765     7.8615    32.0995  1025.2468    25.0171     7.8567     42.786   102.9820     0.0581      7.835     2.8867     4.1254    125.773    128.919  0.000e+00
   55.01748 -131.67298     85.109     50.232     49.773     7.8687    32.0945  1025.2418    25.0121     7.8639     42.786   102.9820     0.0581      7.835     2.8863     4.1248    125.757    128.903  0.000e+00
   55.01748 -131.67298     85.167     50.167     49.709     7.8672    32.0940  1025.2414    25.0119     7.8624     42.841   102.9820     0.0581      7.835     2.8902     4.1303    125.925    129.075  0.000e+00
   55.01748 -131.67298     85.272     50.175     49.717     7.8607    32.0983  1025.2457    25.0163     7.8559     42.845   103.0379     0.0581      7.835     2.8908     4.1312    125.952    129.103  0.000e+00
   55.01748 -131.67298     85.144     50.046     49.589     7.8605    32.0982  1025.2450    25.0162     7.8558     42.853   103.0938     0.0581      7.835     2.8913     4.1320    125.974    129.126  0.000e+00
   55.01748 -131.67298     85.088     49.989     49.533     7.8595    32.0991  1025.2456    25.0170     7.8548     42.909   103.0938     0.0581      7.839     2.8952     4.1375    126.142    129.298  0.000e+00
   55.01748 -131.67298     85.088     49.989     49.533     7.8583    32.1005  1025.2469    25.0183     7.8535     42.920   103.0938     0.0581      7.839     2.8959     4.1386    126.176    129.333  0.000e+00
   55.01748 -131.67298     85.130     49.933     49.477     7.8672    32.0952  1025.2412    25.0128     7.8624     42.927   103.0938     0.0581      7.839     2.8960     4.1386    126.178    129.334  0.000e+00
   55.01748 -131.67298     85.115     49.868     49.412     7.8776    32.0881  1025.2339    25.0058     7.8728     42.877   103.0938     0.0581      7.839     2.8920     4.1330    126.006    129.157  0.000e+00
   55.01748 -131.67298     85.123     49.876     49.420     7.8831    32.0814  1025.2278    24.9998     7.8784     42.932   103.0938     0.0581      7.839     2.8955     4.1380    126.159    129.313  0.000e+00
   55.01748 -131.67298     84.938     49.690     49.236     7.8768    32.0847  1025.2305    25.0033     7.8721     42.936   103.0938     0.0581      7.839     2.8961     4.1388    126.184    129.339  0.000e+00
   55.01748 -131.67298     85.107     49.811     49.356     7.8691    32.0913  1025.2373    25.0096     7.8644     42.945   103.0938     0.0581      7.839     2.8971     4.1403    126.229    129.386  0.000e+00
   55.01748 -131.67298     85.158     49.690     49.236     7.8677    32.0922  1025.2377    25.0105     7.8630     42.952   103.0938     0.0581      7.839     2.8976     4.1410    126.251    129.408  0.000e+00
   55.01748 -131.67298     85.143     49.625     49.172     7.8630    32.0960  1025.2410    25.0141     7.8583     43.014   103.0938     0.0581      7.839     2.9020     4.1473    126.442    129.605  0.000e+00
   55.01748 -131.67298     85.031     49.512     49.060     7.8624    32.0973  1025.2416    25.0152     7.8577     43.023   103.0938     0.0581      7.839     2.9027     4.1482    126.469    129.633  0.000e+00
