EcoFOCI/data/1_SampleCollection/2022_GOA-OA_CruiseData/CTD_raw_BottleFile_RC0083/RC0083_002.ros
* Sea-Bird SBE 9 Data File:
* FileName = C:\Data\RC0083ctd\RC0083_002.hex
* Software Version Seasave V 7.26.7.107
* Temperature SN = 2060
* Conductivity SN = 1084
* Number of Bytes Per Scan = 31
* Number of Voltage Words = 4
* Number of Scans Averaged by the Deck Unit = 1
* NMEA Latitude = 54 40.91 N
* NMEA Longitude = 132 54.84 W
* NMEA UTC (Time) = Aug 12 2022  04:38:53
* NMEA baud rate = 4800
** Ship: R/V Rachel Carson
** Cruise ID: RC0083 RC0083
** Tech: McHugh/Nomura
** Chief Scientist: Cross Cross
** Station: DE2
** Cast:  002
# nquan = 21
# nvalues = 294                                   
# units = specified
# name 0 = latitude: Latitude [deg]
# name 1 = longitude: Longitude [deg]
# name 2 = sfdSM: Seafloor depth [salt water, m]
# name 3 = prDM: Pressure, Digiquartz [db]
# name 4 = depSM: Depth [salt water, m]
# name 5 = t090C: Temperature [ITS-90, deg C]
# name 6 = sal00: Salinity, Practical [PSU]
# name 7 = density00: Density [density, kg/m^3]
# name 8 = sigma-é00: Density [sigma-theta, kg/m^3]
# name 9 = potemp090C: Potential Temperature [ITS-90, deg C]
# name 10 = sbeox0PS: Oxygen, SBE 43 [% saturation]
# name 11 = CStarTr0: Beam Transmission, WET Labs C-Star [%]
# name 12 = flECO-AFL: Fluorescence, WET Labs ECO-AFL/FL [mg/m^3]
# name 13 = ph: pH
# name 14 = sbeox0ML/L: Oxygen, SBE 43 [ml/l]
# name 15 = sbeox0Mg/L: Oxygen, SBE 43 [mg/l]
# name 16 = sbox0Mm/Kg: Oxygen, SBE 43 [umol/kg]
# name 17 = sbeox0Mm/L: Oxygen, SBE 43 [umol/l]
# name 18 = scan: Scan Count
# name 19 = nbf: Bottles Fired
# name 20 = flag:  0.000e+00
# interval = seconds: 0.0416667
# start_time = Aug 12 2022 04:38:53 [NMEA time, header]
# bad_flag = -9.990e-29
*END*
   54.68296 -132.91218    162.776    150.532    149.125     5.8896    33.5780  1027.1374    26.4443     5.8772     33.233   105.1915    -0.0884      7.696     2.3237     3.3209    101.105    103.778      10877          1  0.000e+00
   54.68296 -132.91218    162.840    150.597    149.189     5.8926    33.5756  1027.1354    26.4420     5.8802     33.229   105.1915    -0.0884      7.696     2.3234     3.3203    101.088    103.761      10878          1  0.000e+00
   54.68296 -132.91218    162.712    150.468    149.061     5.8934    33.5753  1027.1345    26.4417     5.8810     33.224   105.1915    -0.0884      7.696     2.3229     3.3197    101.070    103.743      10879          1  0.000e+00
   54.68296 -132.91218    162.808    150.540    149.133     5.8946    33.5734  1027.1331    26.4400     5.8822     33.227   105.1915    -0.0884      7.701     2.3231     3.3200    101.078    103.750      10880          1  0.000e+00
   54.68296 -132.91218    162.809    150.468    149.061     5.8929    33.5748  1027.1341    26.4413     5.8805     33.228   105.1915    -0.0884      7.696     2.3233     3.3202    101.086    103.759      10881          1  0.000e+00
   54.68296 -132.91218    162.842    150.476    149.069     5.8925    33.5755  1027.1348    26.4419     5.8801     33.173   105.1915    -0.0884      7.696     2.3194     3.3147    100.917    103.585      10882          1  0.000e+00
   54.68296 -132.91218    162.802    150.411    149.005     5.8970    33.5726  1027.1316    26.4391     5.8846     33.165   105.2195    -0.0884      7.696     2.3187     3.3136    100.885    103.552      10883          1  0.000e+00
   54.68296 -132.91218    162.786    150.419    149.013     5.9010    33.5703  1027.1293    26.4367     5.8885     33.157   105.2195    -0.0884      7.696     2.3180     3.3126    100.854    103.520      10884          1  0.000e+00
   54.68296 -132.91218    162.802    150.411    149.005     5.9040    33.5682  1027.1272    26.4347     5.8916     33.157   105.2195    -0.0884      7.696     2.3178     3.3124    100.849    103.515      10885          1  0.000e+00
   54.68296 -132.91218    162.859    150.419    149.013     5.9066    33.5667  1027.1258    26.4332     5.8942     33.149   105.2195    -0.0884      7.696     2.3172     3.3115    100.820    103.485      10886          1  0.000e+00
   54.68296 -132.91218    162.755    150.289    148.885     5.9107    33.5635  1027.1221    26.4302     5.8983     33.140   105.2195    -0.0884      7.696     2.3164     3.3103    100.785    103.449      10887          1  0.000e+00
   54.68296 -132.91218    162.932    150.468    149.061     5.9144    33.5605  1027.1201    26.4274     5.9020     33.132   105.2195    -0.0884      7.696     2.3157     3.3093    100.754    103.417      10888          1  0.000e+00
   54.68296 -132.91218    162.827    150.362    148.957     5.9156    33.5598  1027.1189    26.4266     5.9031     33.123   105.2195    -0.0884      7.701     2.3150     3.3083    100.724    103.386      10889          1  0.000e+00
   54.68296 -132.91218    162.924    150.411    149.005     5.9149    33.5605  1027.1198    26.4273     5.9025     33.114   105.2195    -0.0884      7.696     2.3144     3.3075    100.698    103.359      10890          1  0.000e+00
   54.68296 -132.91218    162.901    150.362    148.957     5.9156    33.5602  1027.1192    26.4270     5.9031     33.113   105.2195    -0.0884      7.696     2.3142     3.3073    100.693    103.354      10891          1  0.000e+00
   54.68296 -132.91218    162.973    150.411    149.005     5.9170    33.5592  1027.1185    26.4260     5.9046     33.112   105.2195    -0.0884      7.701     2.3141     3.3071    100.688    103.348      10892          1  0.000e+00
   54.68296 -132.91218    162.981    150.419    149.013     5.9190    33.5577  1027.1171    26.4246     5.9066     33.111   105.2195    -0.0884      7.696     2.3139     3.3069    100.680    103.341      10893          1  0.000e+00
   54.68296 -132.91218    162.909    150.346    148.941     5.9176    33.5589  1027.1179    26.4257     5.9052     33.159   105.2195    -0.0884      7.696     2.3173     3.3117    100.828    103.492      10894          1  0.000e+00
   54.68296 -132.91218    163.006    150.419    149.013     5.9165    33.5601  1027.1193    26.4268     5.9041     33.157   105.2195    -0.0884      7.701     2.3173     3.3116    100.825    103.489      10895          1  0.000e+00
   54.68296 -132.91218    163.046    150.411    149.005     5.9182    33.5585  1027.1178    26.4253     5.9058     33.163   105.2195    -0.0884      7.696     2.3176     3.3121    100.839    103.503      10896          1  0.000e+00
   54.68296 -132.91218    163.054    150.419    149.013     5.9187    33.5582  1027.1175    26.4250     5.9063     33.111   105.2195    -0.0884      7.696     2.3139     3.3068    100.680    103.340      10897          1  0.000e+00
   54.68296 -132.91218    163.046    150.411    149.005     5.9187    33.5580  1027.1173    26.4248     5.9063     33.108   105.2195    -0.0884      7.701     2.3137     3.3066    100.672    103.332      10898          1  0.000e+00
   54.68296 -132.91218    163.054    150.419    149.013     5.9190    33.5579  1027.1172    26.4247     5.9066     33.105   105.2195    -0.0884      7.701     2.3135     3.3063    100.663    103.323      10899          1  0.000e+00
   54.68296 -132.91218    163.127    150.468    149.061     5.9203    33.5570  1027.1166    26.4239     5.9078     33.103   105.2195    -0.0884      7.701     2.3133     3.3060    100.653    103.312      10900          1  0.000e+00
   54.68296 -132.91218    163.079    150.419    149.013     5.9182    33.5584  1027.1177    26.4252     5.9058     33.100   105.2474    -0.0884      7.701     2.3132     3.3058    100.648    103.308      10901          1  0.000e+00
   54.68296 -132.91218    163.127    150.468    149.061     5.9144    33.5608  1027.1204    26.4276     5.9020     33.098   105.2195    -0.0884      7.701     2.3132     3.3058    100.649    103.309      10902          1  0.000e+00
   54.68296 -132.91218    163.135    150.476    149.069     5.9117    33.5623  1027.1219    26.4291     5.8992     33.095   105.2195    -0.0884      7.701     2.3132     3.3058    100.647    103.307      10903          1  0.000e+00
   54.68296 -132.91218    163.191    150.532    149.125     5.9098    33.5639  1027.1237    26.4307     5.8973     33.093   105.2474    -0.0884      7.696     2.3131     3.3057    100.643    103.303      10904          1  0.000e+00
   54.68296 -132.91218    163.159    150.476    149.069     5.9056    33.5668  1027.1262    26.4334     5.8931     33.091   105.2474    -0.0884      7.701     2.3131     3.3057    100.643    103.303      10905          1  0.000e+00
   54.68296 -132.91218    163.216    150.532    149.125     5.9013    33.5705  1027.1299    26.4369     5.8889     33.146   105.2474    -0.0884      7.701     2.3171     3.3114    100.818    103.484      10906          1  0.000e+00
   54.68296 -132.91218    163.280    150.597    149.189     5.8987    33.5723  1027.1320    26.4386     5.8863     33.151   105.2474    -0.0884      7.701     2.3176     3.3121    100.840    103.506      10907          1  0.000e+00
   54.68296 -132.91218    163.216    150.532    149.125     5.8976    33.5733  1027.1326    26.4395     5.8852     33.156   105.2474    -0.0884      7.701     2.3180     3.3127    100.856    103.522      10908          1  0.000e+00
   54.68296 -132.91218    163.280    150.597    149.189     5.8936    33.5760  1027.1355    26.4422     5.8811     33.161   105.2474    -0.0884      7.701     2.3185     3.3134    100.878    103.546      10909          1  0.000e+00
   54.68296 -132.91218    163.328    150.646    149.237     5.8933    33.5758  1027.1357    26.4421     5.8809     33.165   105.2474    -0.0884      7.701     2.3189     3.3139    100.892    103.560      10910          1  0.000e+00
   54.68296 -132.91218    163.272    150.589    149.181     5.8920    33.5763  1027.1360    26.4426     5.8796     33.169   105.2474    -0.0884      7.701     2.3192     3.3143    100.906    103.574      10911          1  0.000e+00
   54.68296 -132.91218    163.344    150.662    149.253     5.8863    33.5810  1027.1407    26.4470     5.8738     33.116   105.2474    -0.0884      7.701     2.3157     3.3094    100.754    103.419      10912          1  0.000e+00
   54.68296 -132.91218    163.328    150.646    149.237     5.8851    33.5819  1027.1415    26.4479     5.8727     33.168   105.2474    -0.0884      7.701     2.3194     3.3147    100.916    103.585      10913          1  0.000e+00
   54.68296 -132.91218    163.344    150.662    149.253     5.8863    33.5812  1027.1409    26.4472     5.8738     33.171   105.2474    -0.0884      7.701     2.3196     3.3149    100.923    103.592      10914          1  0.000e+00
   54.68296 -132.91218    163.448    150.767    149.358     5.8866    33.5808  1027.1410    26.4468     5.8741     33.174   105.2474    -0.0884      7.701     2.3198     3.3152    100.932    103.602      10915          1  0.000e+00
   54.68296 -132.91218    163.400    150.719    149.310     5.8860    33.5817  1027.1416    26.4476     5.8735     33.177   105.2474    -0.0884      7.701     2.3200     3.3155    100.940    103.609      10916          1  0.000e+00
   54.68296 -132.91218    163.448    150.767    149.358     5.8875    33.5806  1027.1408    26.4466     5.8751     33.179   105.2474    -0.0884      7.701     2.3200     3.3156    100.943    103.613      10917          1  0.000e+00
   54.68296 -132.91218    163.456    150.775    149.366     5.8877    33.5800  1027.1403    26.4460     5.8753     33.180   105.2474    -0.0884      7.701     2.3202     3.3157    100.949    103.618      10918          1  0.000e+00
   54.68296 -132.91218    163.488    150.832    149.422     5.8813    33.5844  1027.1449    26.4504     5.8688     33.183   105.2474    -0.0884      7.701     2.3206     3.3164    100.967    103.638      10919          1  0.000e+00
   54.68296 -132.91218    163.471    150.840    149.430     5.8777    33.5871  1027.1475    26.4529     5.8653     33.184   105.2474    -0.0884      7.701     2.3208     3.3167    100.978    103.649      10920          1  0.000e+00
   54.68296 -132.91218    163.519    150.889    149.478     5.8772    33.5875  1027.1481    26.4533     5.8647     33.185   105.2474    -0.0884      7.701     2.3209     3.3168    100.981    103.653      10921          1  0.000e+00
   54.68296 -132.91218    163.527    150.897    149.486     5.8742    33.5897  1027.1502    26.4554     5.8618     33.186   105.2474    -0.0884      7.701     2.3211     3.3171    100.989    103.660      10922          1  0.000e+00
   54.68296 -132.91218    163.576    150.945    149.534     5.8720    33.5909  1027.1517    26.4566     5.8596     33.243   105.2474    -0.0884      7.701     2.3252     3.3230    101.169    103.845      10923          1  0.000e+00
   54.68296 -132.91218    163.543    150.961    149.550     5.8730    33.5900  1027.1509    26.4558     5.8605     33.251   105.2195    -0.0884      7.701     2.3257     3.3237    101.190    103.867      10924          1  0.000e+00
   54.68296 -132.91218    163.502    150.945    149.534     5.8746    33.5884  1027.1494    26.4544     5.8621     33.257   105.2195    -0.0884      7.701     2.3261     3.3243    101.207    103.884      10925          1  0.000e+00
   54.68320 -132.91186    164.379    103.997    103.036     6.5228    33.1340  1026.4911    26.0132     6.5138     45.609   105.5271    -0.0591      7.776     3.1517     4.5040    137.185    140.753      14216          2  0.000e+00
   54.68320 -132.91186    164.203    103.819    102.860     6.5233    33.1333  1026.4897    26.0127     6.5143     45.601   105.5271    -0.0591      7.776     3.1511     4.5032    137.160    140.728      14217          2  0.000e+00
   54.68320 -132.91186    164.179    103.795    102.836     6.5244    33.1325  1026.4887    26.0119     6.5154     45.596   105.5271    -0.0591      7.776     3.1507     4.5027    137.143    140.710      14218          2  0.000e+00
   54.68320 -132.91186    164.316    103.884    102.924     6.5257    33.1309  1026.4878    26.0105     6.5168     45.643   105.5271    -0.0591      7.776     3.1539     4.5072    137.281    140.852      14219          2  0.000e+00
   54.68320 -132.91186    164.252    103.795    102.836     6.5272    33.1302  1026.4866    26.0097     6.5182     45.699   105.5271    -0.0591      7.781     3.1576     4.5126    137.445    141.020      14220          2  0.000e+00
   54.68320 -132.91186    164.276    103.819    102.860     6.5288    33.1288  1026.4854    26.0084     6.5198     45.644   105.5271    -0.0591      7.776     3.1538     4.5070    137.277    140.847      14221          2  0.000e+00
   54.68320 -132.91186    164.276    103.819    102.860     6.5307    33.1271  1026.4838    26.0068     6.5218     45.633   105.5271    -0.0591      7.776     3.1529     4.5057    137.237    140.807      14222          2  0.000e+00
   54.68320 -132.91186    164.252    103.795    102.836     6.5330    33.1248  1026.4816    26.0047     6.5240     45.615   105.5271    -0.0591      7.781     3.1516     4.5039    137.181    140.748      14223          2  0.000e+00
   54.68320 -132.91186    164.227    103.819    102.860     6.5350    33.1232  1026.4801    26.0031     6.5261     45.658   105.5271    -0.0591      7.776     3.1543     4.5079    137.303    140.873      14224          2  0.000e+00
   54.68320 -132.91186    164.203    103.795    102.836     6.5366    33.1220  1026.4789    26.0020     6.5276     45.702   105.5271    -0.0591      7.781     3.1573     4.5121    137.432    141.006      14225          2  0.000e+00
   54.68320 -132.91186    164.227    103.819    102.860     6.5385    33.1203  1026.4774    26.0004     6.5295     45.700   105.5271    -0.0591      7.776     3.1571     4.5118    137.422    140.995      14226          2  0.000e+00
   54.68320 -132.91184    164.147    103.738    102.780     6.5394    33.1198  1026.4765    25.9999     6.5304     45.692   105.5271    -0.0591      7.781     3.1565     4.5109    137.395    140.967      14227          2  0.000e+00
   54.68320 -132.91184    164.171    103.762    102.804     6.5380    33.1211  1026.4778    26.0011     6.5291     45.687   105.5271    -0.0591      7.776     3.1562     4.5106    137.385    140.957      14228          2  0.000e+00
   54.68320 -132.91184    164.179    103.819    102.860     6.5385    33.1208  1026.4778    26.0008     6.5295     45.678   105.5271    -0.0591      7.776     3.1555     4.5096    137.355    140.926      14229          2  0.000e+00
   54.68320 -132.91184    164.099    103.738    102.780     6.5386    33.1205  1026.4772    26.0006     6.5296     45.670   105.5271    -0.0591      7.781     3.1550     4.5088    137.332    140.902      14230          2  0.000e+00
   54.68320 -132.91184    164.123    103.762    102.804     6.5405    33.1186  1026.4756    25.9989     6.5315     45.658   105.5271    -0.0591      7.781     3.1541     4.5075    137.291    140.861      14231          2  0.000e+00
   54.68320 -132.91184    164.155    103.795    102.836     6.5439    33.1157  1026.4730    25.9961     6.5349     45.697   105.5271    -0.0591      7.776     3.1566     4.5111    137.402    140.974      14232          2  0.000e+00
   54.68320 -132.91184    164.123    103.762    102.804     6.5480    33.1121  1026.4695    25.9928     6.5390     45.690   105.5271    -0.0591      7.776     3.1559     4.5101    137.372    140.943      14233          2  0.000e+00
   54.68320 -132.91184    164.098    103.762    102.804     6.5497    33.1110  1026.4683    25.9916     6.5407     45.679   105.5271    -0.0591      7.781     3.1550     4.5088    137.334    140.903      14234          2  0.000e+00
