EcoFOCI/data/1_SampleCollection/2022_GOA-OA_CruiseData/CTD_raw_BottleFile_RC0083/RC0083_100.cnv
* Sea-Bird SBE 9 Data File:
* FileName = C:\Data\RC0083ctd\RC0083_100.hex
* Software Version Seasave V 7.26.7.107
* Temperature SN = 2060
* Conductivity SN = 2881
* Number of Bytes Per Scan = 31
* Number of Voltage Words = 4
* Number of Scans Averaged by the Deck Unit = 1
* NMEA Latitude = 56 27.95 N
* NMEA Longitude = 132 41.97 W
* NMEA UTC (Time) = Aug 22 2022  23:55:31
* NMEA baud rate = 4800
** Ship: R/V Rachel Carson
** Cruise ID: RC0083
** Tech: McHugh/Nomura
** Chief Scientist: Cross
** Station: WI6
** Cast:  CTD100
# nquan = 19
# nvalues = 9447                                  
# units = specified
# name 0 = latitude: Latitude [deg]
# name 1 = longitude: Longitude [deg]
# name 2 = sfdSM: Seafloor depth [salt water, m]
# name 3 = prDM: Pressure, Digiquartz [db]
# name 4 = depSM: Depth [salt water, m]
# name 5 = t090C: Temperature [ITS-90, deg C]
# name 6 = sal00: Salinity, Practical [PSU]
# name 7 = density00: Density [density, kg/m^3]
# name 8 = sigma-é00: Density [sigma-theta, kg/m^3]
# name 9 = potemp090C: Potential Temperature [ITS-90, deg C]
# name 10 = sbeox0PS: Oxygen, SBE 43 [% saturation]
# name 11 = CStarTr0: Beam Transmission, WET Labs C-Star [%]
# name 12 = flECO-AFL: Fluorescence, WET Labs ECO-AFL/FL [mg/m^3]
# name 13 = ph: pH
# name 14 = sbeox0ML/L: Oxygen, SBE 43 [ml/l]
# name 15 = sbeox0Mg/L: Oxygen, SBE 43 [mg/l]
# name 16 = sbox0Mm/Kg: Oxygen, SBE 43 [umol/kg]
# name 17 = sbeox0Mm/L: Oxygen, SBE 43 [umol/l]
# name 18 = flag:  0.000e+00
# span 0 =   56.46564,   56.46580                 
# span 1 = -132.70008, -132.69936                 
# span 2 =      1.964,    147.271                 
# span 3 =      1.861,    134.885                 
# span 4 =      1.844,    133.608                 
# span 5 =     6.6098,    13.1595                 
# span 6 =     7.0250,    32.5682                 
# span 7 =  1004.8015,  1026.1746                 
# span 8 =     4.7926,    25.5563                 
# span 9 =     6.5982,    13.1593                 
# span 10 =     33.637,    106.029                
# span 11 =     7.2161,    91.5147                
# span 12 =     0.0581,    10.3145                
# span 13 =      7.704,      8.479                
# span 14 =     2.3282,     7.3732                
# span 15 =     3.3273,    10.5371                
# span 16 =    101.388,    326.582                
# span 17 =    103.978,    329.287                
# span 18 = 0.0000e+00, 0.0000e+00                
# interval = seconds: 0.0416667
# start_time = Aug 22 2022 23:55:31 [NMEA time, header]
# bad_flag = -9.990e-29
*END*
[from data line 8686]
   56.46566 -132.70004    110.531     12.724     12.607     9.1003    29.8222  1023.1100    23.0519     9.0990     56.004    89.2772     2.6075      7.945     3.7294     5.3297    162.802    166.554  0.000e+00
   56.46566 -132.70004    110.524     12.691     12.575     8.9872    29.9144  1023.1988    23.1409     8.9859     56.096    89.2492     2.5782      7.946     3.7427     5.3487    163.369    167.150  0.000e+00
   56.46566 -132.70004    110.524     12.691     12.575     8.9446    29.9478  1023.2314    23.1734     8.9433     56.173    89.2772     2.5782      7.946     3.7506     5.3600    163.708    167.502  0.000e+00
   56.46566 -132.70004    110.443     12.635     12.519     8.9154    29.9708  1023.2534    23.1957     8.9142     56.296    89.2772     2.5782      7.946     3.7607     5.3744    164.146    167.953  0.000e+00
   56.46566 -132.70004     74.131     12.635     12.519     8.9058    29.9782  1023.2606    23.2029     8.9046     56.426    89.2772     2.5782      7.946     3.7700     5.3877    164.551    168.369  0.000e+00
   56.46566 -132.70004     29.525     12.546     12.431     8.9146    29.9720  1023.2540    23.1968     8.9133     56.500    89.2772     2.5782      7.946     3.7744     5.3940    164.744    168.566  0.000e+00
   56.46566 -132.70004     18.617     12.578     12.463     8.9003    29.9856  1023.2670    23.2096     8.8990     56.630    89.2772     2.5782      7.946     3.7840     5.4077    165.159    168.992  0.000e+00
   56.46566 -132.70004     20.140     12.514     12.399     8.8749    30.0072  1023.2873    23.2302     8.8736     56.705    89.2492     2.5782      7.946     3.7906     5.4171    165.444    169.287  0.000e+00
   56.46566 -132.70004     21.972     12.514     12.399     8.8563    30.0220  1023.3017    23.2445     8.8550     56.777    89.1932     2.5782      7.951     3.7966     5.4257    165.705    169.556  0.000e+00
   56.46566 -132.70004     22.363     12.489     12.375     8.8823    30.0026  1023.2825    23.2255     8.8811     56.892    89.1653     2.5782      7.951     3.8026     5.4343    165.970    169.825  0.000e+00
   56.46566 -132.70004     22.233     12.457     12.343     8.9763    29.9291  1023.2109    23.1541     8.9750     56.997    89.1653     2.5782      7.951     3.8034     5.4354    166.015    169.859  0.000e+00
   56.46566 -132.70004     22.160     12.457     12.343     9.0602    29.8621  1023.1460    23.0891     9.0590     57.107    89.1653     2.5782      7.950     3.8053     5.4381    166.108    169.943  0.000e+00
   56.46566 -132.70004     22.079     12.401     12.287     9.0544    29.8683  1023.1514    23.0948     9.0531     57.186    89.1653     2.5782      7.950     3.8108     5.4461    166.350    170.192  0.000e+00
   56.46566 -132.70004     22.104     12.401     12.287     9.0298    29.8903  1023.1723    23.1157     9.0286     57.267    89.1932     2.5782      7.950     3.8178     5.4560    166.651    170.503  0.000e+00
   56.46566 -132.70004     22.072     12.368     12.255     9.0584    29.8666  1023.1493    23.0929     9.0572     57.444    89.1653     2.6075      7.950     3.8278     5.4703    167.090    170.949  0.000e+00
   56.46566 -132.70004     22.040     12.336     12.223     9.0838    29.8451  1023.1286    23.0723     9.0825     57.514    89.1653     2.5782      7.950     3.8308     5.4746    167.225    171.084  0.000e+00
   56.46566 -132.70004     21.984     12.280     12.167     9.1597    29.7826  1023.0681    23.0121     9.1585     57.625    89.1653     2.5782      7.950     3.8332     5.4781    167.341    171.192  0.000e+00
   56.46566 -132.70004     21.984     12.280     12.167     9.1697    29.7727  1023.0588    23.0028     9.1684     57.698    89.1653     2.5782      7.950     3.8375     5.4842    167.529    171.383  0.000e+00
   56.46566 -132.70004     22.008     12.304     12.191     9.1174    29.8145  1023.0995    23.0433     9.1161     57.839    89.1653     2.6661      7.950     3.8503     5.5025    168.082    171.955  0.000e+00
   56.46566 -132.70004     21.920     12.215     12.103     9.0619    29.8600  1023.1430    23.0872     9.0607     57.982    89.1653     2.7834      7.950     3.8635     5.5213    168.650    172.544  0.000e+00
   56.46566 -132.70004     21.864     12.158     12.047     9.0088    29.9044  1023.1854    23.1299     9.0075     58.023    89.1653     2.8127      7.955     3.8696     5.5301    168.912    172.819  0.000e+00
   56.46566 -132.70004     43.532     12.215     12.103     8.9974    29.9166  1023.1968    23.1411     8.9962     58.156    89.1653     2.8127      7.955     3.8792     5.5438    169.328    173.246  0.000e+00
   56.46566 -132.70004     95.873     12.126     12.015     9.0041    29.9162  1023.1952    23.1398     9.0029     58.230    89.1653     2.8127      7.955     3.8836     5.5501    169.520    173.443  0.000e+00
   56.46566 -132.70004    112.047     12.158     12.047     9.1182    29.8276  1023.1089    23.0535     9.1170     58.332    89.1653     2.8127      7.955     3.8827     5.5488    169.494    173.402  0.000e+00
   56.46566 -132.70004    111.927     12.037     11.927     9.3220    29.6659  1022.9511    22.8963     9.3208     58.412    89.1653     2.8127      7.954     3.8745     5.5370    169.161    173.034  0.000e+00
   56.46566 -132.70004    111.136     12.102     11.991     9.4818    29.5408  1022.8293    22.7742     9.4805     58.451    89.1653     2.8127      7.954     3.8665     5.5256    168.831    172.676  0.000e+00
   56.46566 -132.70004    110.413     12.037     11.927     9.5528    29.4861  1022.7754    22.7205     9.5516     58.562    89.1932     2.8127      7.953     3.8691     5.5293    168.954    172.793  0.000e+00
   56.46566 -132.70004    110.381     12.005     11.895     9.5722    29.4723  1022.7615    22.7068     9.5710     58.577    89.1373     2.7834      7.953     3.8687     5.5288    168.940    172.776  0.000e+00
   56.46566 -132.70004    110.455     11.981     11.871     9.5596    29.4839  1022.7724    22.7178     9.5583     58.706    88.9415     2.8127      7.953     3.8781     5.5421    169.347    173.194  0.000e+00
   56.46566 -132.70004    110.503     11.981     11.871     9.5370    29.5027  1022.7905    22.7359     9.5358     58.840    88.8856     2.8127      7.953     3.8884     5.5569    169.795    173.655  0.000e+00
   56.46566 -132.70004    110.479     11.981     11.871     9.5447    29.4971  1022.7850    22.7304     9.5434     58.969    88.8856     2.8127      7.953     3.8963     5.5683    170.143    174.011  0.000e+00
   56.46566 -132.70004    110.415     11.892     11.783     9.5777    29.4705  1022.7586    22.7045     9.5764     58.980    88.8856     2.8127      7.953     3.8949     5.5663    170.087    173.948  0.000e+00
   56.46566 -132.70004    110.423     11.924     11.815     9.6004    29.4530  1022.7416    22.6873     9.5992     59.097    88.8856     2.8127      7.953     3.9011     5.5751    170.359    174.224  0.000e+00
   56.46566 -132.70004    110.359     11.860     11.751     9.6108    29.4454  1022.7338    22.6798     9.6095     59.217    88.8856     2.8127      7.958     3.9084     5.5855    170.677    174.548  0.000e+00
   56.46566 -132.70004    110.359     11.860     11.751     9.6167    29.4420  1022.7303    22.6762     9.6155     59.285    88.8856     2.8127      7.958     3.9124     5.5912    170.854    174.728  0.000e+00
   56.46566 -132.70004    110.351     11.827     11.719     9.6221    29.4380  1022.7262    22.6723     9.6209     59.404    88.8856     2.8127      7.958     3.9199     5.6019    171.180    175.061  0.000e+00
   56.46566 -132.70004    110.239     11.739     11.631     9.6267    29.4350  1022.7227    22.6693     9.6255     59.529    88.8856     2.7834      7.958     3.9278     5.6132    171.527    175.415  0.000e+00
   56.46568 -132.70004    110.303     11.803     11.695     9.6463    29.4205  1022.7086    22.6549     9.6450     59.597    88.8856     2.8127      7.958     3.9309     5.6177    171.667    175.556  0.000e+00
   56.46568 -132.70004    110.183     11.682     11.575     9.6698    29.4017  1022.6898    22.6366     9.6686     59.652    88.8856     2.8127      7.958     3.9330     5.6206    171.760    175.648  0.000e+00
   56.46568 -132.70004    110.215     11.714     11.607     9.6832    29.3901  1022.6788    22.6254     9.6820     59.706    88.8856     2.8127      7.958     3.9357     5.6245    171.879    175.768  0.000e+00
   56.46568 -132.70004    110.264     11.739     11.631     9.6842    29.3887  1022.6776    22.6241     9.6830     59.764    88.8856     2.8127      7.958     3.9395     5.6299    172.044    175.937  0.000e+00
   56.46568 -132.70004    110.127     11.626     11.519     9.6956    29.3798  1022.6684    22.6155     9.6944     59.869    88.8856     2.8127      7.958     3.9456     5.6387    172.314    176.211  0.000e+00
   56.46568 -132.70004    110.208     11.682     11.575     9.7041    29.3717  1022.6610    22.6078     9.7029     59.977    88.8856     2.8127      7.958     3.9522     5.6481    172.603    176.505  0.000e+00
   56.46568 -132.70004    110.063     11.561     11.455     9.6790    29.3906  1022.6791    22.6265     9.6778     60.043    88.8856     2.8127      7.958     3.9582     5.6567    172.864    176.775  0.000e+00
   56.46568 -132.70004    110.095     11.593     11.487     9.6691    29.3990  1022.6874    22.6346     9.6679     60.151    88.8856     2.8127      7.958     3.9660     5.6678    173.202    177.122  0.000e+00
   56.46568 -132.70004    110.088     11.561     11.455     9.6679    29.4010  1022.6890    22.6363     9.6667     60.206    88.8856     2.8127      7.962     3.9698     5.6732    173.365    177.289  0.000e+00
   56.46568 -132.70004    110.007     11.504     11.399     9.6661    29.4023  1022.6900    22.6376     9.6649     60.313    88.8856     2.8420      7.958     3.9769     5.6834    173.676    177.607  0.000e+00
   56.46568 -132.70004    110.032     11.504     11.399     9.6587    29.4080  1022.6956    22.6432     9.6575     60.371    88.8576     2.8127      7.963     3.9812     5.6896    173.866    177.802  0.000e+00
   56.46568 -132.70004    110.000     11.472     11.367     9.6506    29.4132  1022.7008    22.6485     9.6494     60.480    88.6339     2.8127      7.963     3.9890     5.7007    174.204    178.149  0.000e+00
   56.46568 -132.70004    100.361     11.504     11.399     9.6512    29.4114  1022.6994    22.6470     9.6500     60.526    88.5220     2.8127      7.963     3.9921     5.7050    174.337    178.285  0.000e+00
   56.46568 -132.70004     83.702     11.327     11.223     9.6558    29.4067  1022.6942    22.6427     9.6546     60.564    88.5220     2.8127      7.963     3.9943     5.7082    174.434    178.384  0.000e+00
   56.46568 -132.70004     79.003     11.440     11.335     9.6553    29.4071  1022.6951    22.6431     9.6541     60.601    88.5220     2.8127      7.963     3.9967     5.7117    174.540    178.493  0.000e+00
   56.46568 -132.70004     79.257     11.351     11.247     9.6466    29.4141  1022.7015    22.6498     9.6454     60.637    88.5220     2.8127      7.963     3.9997     5.7160    174.671    178.627  0.000e+00
   56.46568 -132.70004     79.973     11.383     11.279     9.6259    29.4310  1022.7181    22.6662     9.6247     60.734    88.5500     2.8127      7.963     4.0075     5.7271    175.008    178.975  0.000e+00
   56.46568 -132.70004     80.023     11.262     11.159     9.6089    29.4435  1022.7299    22.6786     9.6077     60.663    88.5500     2.8420      7.963     4.0040     5.7221    174.852    178.818  0.000e+00
   56.46568 -132.70004     80.088     11.327     11.223     9.5866    29.4600  1022.7466    22.6950     9.5854     60.695    88.5220     2.8420      7.963     4.0077     5.7273    175.010    178.982  0.000e+00
   56.46568 -132.70004     79.951     11.238     11.135     9.5821    29.4622  1022.7485    22.6973     9.5810     60.717    88.5220     2.8127      7.963     4.0094     5.7299    175.087    179.061  0.000e+00
   56.46568 -132.70004     79.975     11.262     11.159     9.5841    29.4588  1022.7457    22.6944     9.5829     60.733    88.5220     2.8420      7.963     4.0104     5.7313    175.131    179.105  0.000e+00
   56.46568 -132.70004     79.919     11.206     11.103     9.5767    29.4629  1022.7498    22.6988     9.5755     60.808    88.5220     2.8420      7.963     4.0159     5.7391    175.369    179.350  0.000e+00
   56.46568 -132.70004     79.919     11.206     11.103     9.5527    29.4821  1022.7685    22.7175     9.5515     60.783    88.5220     2.9299      7.968     4.0159     5.7391    175.366    179.350  0.000e+00
   56.46568 -132.70004     79.887     11.173     11.071     9.5377    29.4940  1022.7799    22.7290     9.5365     60.807    88.5220     2.9592      7.963     4.0185     5.7429    175.478    179.467  0.000e+00
   56.46568 -132.70004     79.863     11.149     11.047     9.5359    29.4955  1022.7813    22.7305     9.5348     60.879    88.5220     2.9885      7.968     4.0234     5.7498    175.692    179.685  0.000e+00
   56.46568 -132.70004     79.799     11.085     10.983     9.5419    29.4909  1022.7765    22.7260     9.5407     60.895    88.5500     2.9885      7.963     4.0240     5.7508    175.721    179.714  0.000e+00
   56.46568 -132.70004     79.823     11.085     10.983     9.5505    29.4848  1022.7703    22.7198     9.5494     60.863    88.5220     2.9592      7.968     4.0213     5.7469    175.602    179.592  0.000e+00
   56.46568 -132.70004     83.323     11.117     11.015     9.5769    29.4648  1022.7508    22.7001     9.5758     60.873    88.5220     2.9592      7.968     4.0202     5.7452    175.555    179.540  0.000e+00
   56.46568 -132.70004    101.867     11.028     10.927     9.6216    29.4299  1022.7163    22.6661     9.6205     60.825    88.5220     2.9885      7.967     4.0139     5.7363    175.288    179.261  0.000e+00
   56.46568 -132.70004    110.072     11.028     10.927     9.6287    29.4249  1022.7113    22.6610     9.6275     60.834    88.5220     2.9885      7.967     4.0140     5.7364    175.292    179.264  0.000e+00
   56.46568 -132.70004    110.546     10.964     10.863     9.6108    29.4416  1022.7268    22.6769     9.6096     60.850    88.5500     2.9885      7.967     4.0162     5.7396    175.388    179.366  0.000e+00
   56.46568 -132.70004    109.765     10.939     10.839     9.6120    29.4413  1022.7262    22.6764     9.6108     60.811    88.6059     2.9592      7.967     4.0135     5.7357    175.269    179.244  0.000e+00
   56.46568 -132.70004    109.447     10.964     10.863     9.6376    29.4211  1022.7066    22.6567     9.6365     60.807    88.6618     2.9885      7.967     4.0115     5.7329    175.187    179.156  0.000e+00
   56.46568 -132.70004    109.391     10.907     10.807     9.6760    29.3912  1022.6770    22.6274     9.6749     60.804    88.6898     2.9592      7.967     4.0087     5.7288    175.066    179.027  0.000e+00
   56.46568 -132.70004    109.359     10.851     10.751     9.6934    29.3772  1022.6632    22.6138     9.6922     60.803    88.6898     2.9592      7.967     4.0074     5.7270    175.015    178.972  0.000e+00
   56.46568 -132.70004    109.327     10.818     10.719     9.6906    29.3787  1022.6647    22.6154     9.6895     60.810    88.6898     2.9885      7.967     4.0081     5.7280    175.044    179.003  0.000e+00
   56.46568 -132.70004    109.384     10.851     10.751     9.6729    29.3923  1022.6782    22.6287     9.6718     60.770    88.6898     2.9592      7.967     4.0067     5.7260    174.979    178.939  0.000e+00
   56.46568 -132.70004    109.384     10.851     10.751     9.6608    29.4018  1022.6874    22.6380     9.6597     60.776    88.6898     2.9592      7.967     4.0079     5.7277    175.031    178.994  0.000e+00
