EcoFOCI/data/1_SampleCollection/2022_GOA-OA_CruiseData/CTD_raw_BottleFile_RC0083/RC0083_022.ros
* Sea-Bird SBE 9 Data File:
* FileName = C:\Data\RC0083ctd\RC0083_022.hex
* Software Version Seasave V 7.26.7.107
* Temperature SN = 2060
* Conductivity SN = 1084
* Number of Bytes Per Scan = 31
* Number of Voltage Words = 4
* Number of Scans Averaged by the Deck Unit = 1
* NMEA Latitude = 56 44.03 N
* NMEA Longitude = 135 37.02 W
* NMEA UTC (Time) = Aug 14 2022  20:04:00
* NMEA baud rate = 4800
** Ship: R/V Rachel Carson
** Cruise ID: RC0083
** Tech: McHugh/Nomura
** Chief Scientist: Cross
** Station: SEC05
** Cast:  CTD022
# nquan = 21
# nvalues = 294                                   
# units = specified
# name 0 = latitude: Latitude [deg]
# name 1 = longitude: Longitude [deg]
# name 2 = sfdSM: Seafloor depth [salt water, m]
# name 3 = prDM: Pressure, Digiquartz [db]
# name 4 = depSM: Depth [salt water, m]
# name 5 = t090C: Temperature [ITS-90, deg C]
# name 6 = sal00: Salinity, Practical [PSU]
# name 7 = density00: Density [density, kg/m^3]
# name 8 = sigma-é00: Density [sigma-theta, kg/m^3]
# name 9 = potemp090C: Potential Temperature [ITS-90, deg C]
# name 10 = sbeox0PS: Oxygen, SBE 43 [% saturation]
# name 11 = CStarTr0: Beam Transmission, WET Labs C-Star [%]
# name 12 = flECO-AFL: Fluorescence, WET Labs ECO-AFL/FL [mg/m^3]
# name 13 = ph: pH
# name 14 = sbeox0ML/L: Oxygen, SBE 43 [ml/l]
# name 15 = sbeox0Mg/L: Oxygen, SBE 43 [mg/l]
# name 16 = sbox0Mm/Kg: Oxygen, SBE 43 [umol/kg]
# name 17 = sbeox0Mm/L: Oxygen, SBE 43 [umol/l]
# name 18 = scan: Scan Count
# name 19 = nbf: Bottles Fired
# name 20 = flag:  0.000e+00
# interval = seconds: 0.0416667
# start_time = Aug 14 2022 20:04:00 [NMEA time, header]
# bad_flag = -9.990e-29
*END*
[from data line 138]
   56.73730 -135.61870    149.812     51.660     51.180     8.7696    31.8437  1024.9187    24.6834     8.7643     70.624   104.0727     0.0581      7.994     4.6763     6.6828    203.811    208.841      12230          3  0.000e+00
   56.73730 -135.61870    149.628     51.474     50.996     8.7707    31.8432  1024.9173    24.6829     8.7655     70.681   104.0448     0.0581      7.994     4.6799     6.6881    203.971    209.005      12231          3  0.000e+00
   56.73730 -135.61870    149.692     51.538     51.060     8.7707    31.8435  1024.9178    24.6831     8.7655     70.692   104.0448     0.0581      7.994     4.6806     6.6891    204.002    209.038      12232          3  0.000e+00
   56.73730 -135.61870    149.692     51.538     51.060     8.7708    31.8430  1024.9174    24.6827     8.7656     70.702   104.0448     0.0581      7.994     4.6813     6.6901    204.033    209.069      12233          3  0.000e+00
   56.73730 -135.61870    149.636     51.482     51.004     8.7709    31.8430  1024.9172    24.6827     8.7657     70.712   104.0448     0.0581      7.994     4.6820     6.6910    204.061    209.098      12234          3  0.000e+00
   56.73730 -135.61870    149.572     51.417     50.940     8.7705    31.8435  1024.9173    24.6832     8.7653     70.722   104.0448     0.0581      7.994     4.6827     6.6920    204.091    209.129      12235          3  0.000e+00
   56.73730 -135.61870    149.572     51.417     50.940     8.7703    31.8434  1024.9172    24.6831     8.7651     70.678   104.0448     0.0581      7.994     4.6797     6.6878    203.963    208.998      12236          3  0.000e+00
   56.73730 -135.61870    149.628     51.474     50.996     8.7694    31.8435  1024.9177    24.6833     8.7641     70.737   104.0448     0.0581      7.994     4.6838     6.6936    204.140    209.179      12237          3  0.000e+00
   56.73730 -135.61870    149.516     51.361     50.884     8.7669    31.8451  1024.9189    24.6850     8.7617     70.747   104.0448     0.0581      7.994     4.6847     6.6949    204.177    209.217      12238          3  0.000e+00
   56.73806 -135.61880     61.370     27.016     26.767     9.7886    31.5039  1024.3806    24.2581     9.7857     79.045   101.7233     0.4390      8.052     5.1283     7.3289    223.607    229.031      14404          4  0.000e+00
   56.73806 -135.61880     62.430     27.372     27.119     9.7883    31.5037  1024.3822    24.2581     9.7853     79.088   101.8352     0.4390      8.052     5.1311     7.3329    223.729    229.156      14405          4  0.000e+00
   56.73806 -135.61880     62.279     27.194     26.943     9.7879    31.5041  1024.3817    24.2584     9.7850     79.075   101.8632     0.4683      8.052     5.1304     7.3318    223.695    229.122      14406          4  0.000e+00
   56.73806 -135.61880     62.262     27.250     26.999     9.7875    31.5045  1024.3824    24.2588     9.7845     79.070   101.8632     0.4683      8.048     5.1301     7.3314    223.682    229.109      14407          4  0.000e+00
   56.73806 -135.61880     62.237     27.250     26.999     9.7873    31.5042  1024.3822    24.2586     9.7844     79.057   101.8632     0.4390      8.052     5.1292     7.3301    223.645    229.070      14408          4  0.000e+00
   56.73806 -135.61880     62.237     27.250     26.999     9.7870    31.5039  1024.3820    24.2584     9.7840     79.048   101.8632     0.4390      8.048     5.1287     7.3294    223.623    229.048      14409          4  0.000e+00
   56.73806 -135.61880     62.181     27.194     26.943     9.7866    31.5041  1024.3819    24.2586     9.7837     79.038   101.8632     0.4683      8.052     5.1281     7.3285    223.595    229.019      14410          4  0.000e+00
   56.73806 -135.61880     62.181     27.194     26.943     9.7865    31.5041  1024.3820    24.2587     9.7836     79.026   101.8632     0.4390      8.048     5.1273     7.3275    223.564    228.987      14411          4  0.000e+00
   56.73806 -135.61880     62.293     27.307     27.055     9.7861    31.5047  1024.3830    24.2592     9.7831     79.015   101.8632     0.4390      8.048     5.1266     7.3265    223.533    228.955      14412          4  0.000e+00
   56.73806 -135.61880     62.237     27.251     26.999     9.7858    31.5045  1024.3826    24.2590     9.7829     79.000   101.8632     0.4390      8.052     5.1257     7.3252    223.493    228.915      14413          4  0.000e+00
   56.73806 -135.61880     62.181     27.194     26.943     9.7857    31.5044  1024.3823    24.2590     9.7827     78.991   101.8632     0.4683      8.052     5.1252     7.3244    223.468    228.889      14414          4  0.000e+00
   56.73806 -135.61880     62.237     27.251     26.999     9.7857    31.5043  1024.3825    24.2589     9.7827     78.982   101.8632     0.4390      8.048     5.1246     7.3235    223.443    228.863      14415          4  0.000e+00
   56.73806 -135.61880     62.237     27.251     26.999     9.7858    31.5040  1024.3823    24.2587     9.7829     78.917   101.8632     0.4390      8.048     5.1203     7.3175    223.258    228.674      14416          4  0.000e+00
   56.73806 -135.61880     92.860     27.251     26.999     9.7857    31.5043  1024.3825    24.2589     9.7827     78.906   101.8632     0.4683      8.048     5.1196     7.3164    223.226    228.642      14417          4  0.000e+00
   56.73806 -135.61880    122.083     27.194     26.943     9.7858    31.5041  1024.3821    24.2587     9.7829     78.887   101.8632     0.4683      8.048     5.1184     7.3146    223.172    228.586      14418          4  0.000e+00
   56.73806 -135.61880    126.999     27.251     26.999     9.7855    31.5042  1024.3824    24.2589     9.7825     78.929   101.8632     0.4683      8.048     5.1212     7.3186    223.294    228.711      14419          4  0.000e+00
   56.73806 -135.61880    126.901     27.251     26.999     9.7857    31.5040  1024.3823    24.2587     9.7827     78.868   101.8632     0.4683      8.048     5.1171     7.3129    223.119    228.532      14420          4  0.000e+00
   56.73806 -135.61880    125.809     27.331     27.079     9.7855    31.5041  1024.3827    24.2588     9.7825     78.855   101.8632     0.4683      8.048     5.1163     7.3117    223.083    228.495      14421          4  0.000e+00
   56.73806 -135.61880    125.453     27.194     26.943     9.7855    31.5042  1024.3822    24.2589     9.7825     78.839   101.8632     0.4390      8.048     5.1153     7.3103    223.038    228.449      14422          4  0.000e+00
   56.73806 -135.61880    125.639     27.307     27.055     9.7857    31.5039  1024.3824    24.2586     9.7827     78.825   101.8632     0.4390      8.048     5.1144     7.3089    222.998    228.408      14423          4  0.000e+00
   56.73806 -135.61880    125.632     27.251     26.999     9.7853    31.5040  1024.3823    24.2588     9.7824     78.809   101.8912     0.4390      8.048     5.1134     7.3075    222.954    228.363      14424          4  0.000e+00
   56.73806 -135.61880    125.607     27.251     26.999     9.7855    31.5042  1024.3824    24.2589     9.7825     78.799   101.9471     0.4683      8.048     5.1127     7.3066    222.927    228.335      14425          4  0.000e+00
   56.73806 -135.61880    125.632     27.251     26.999     9.7853    31.5040  1024.3823    24.2587     9.7824     78.790   101.9751     0.4683      8.048     5.1121     7.3057    222.900    228.308      14426          4  0.000e+00
   56.73808 -135.61880    125.688     27.307     27.055     9.7851    31.5042  1024.3828    24.2589     9.7822     78.774   101.9751     0.4390      8.048     5.1111     7.3043    222.856    228.262      14427          4  0.000e+00
   56.73808 -135.61880    125.632     27.251     26.999     9.7853    31.5040  1024.3823    24.2588     9.7824     78.763   101.9751     0.4683      8.048     5.1104     7.3032    222.824    228.229      14428          4  0.000e+00
   56.73808 -135.61880    125.688     27.307     27.055     9.7851    31.5044  1024.3830    24.2591     9.7822     78.753   101.9751     0.4390      8.048     5.1097     7.3023    222.795    228.200      14429          4  0.000e+00
   56.73808 -135.61880    125.632     27.251     26.999     9.7851    31.5044  1024.3827    24.2591     9.7822     78.741   101.9751     0.4390      8.048     5.1090     7.3012    222.763    228.167      14430          4  0.000e+00
   56.73808 -135.61880    125.752     27.372     27.119     9.7850    31.5042  1024.3831    24.2589     9.7820     78.677   101.9751     0.4683      8.048     5.1048     7.2953    222.581    227.981      14431          4  0.000e+00
   56.73808 -135.61880    125.632     27.251     26.999     9.7849    31.5044  1024.3827    24.2591     9.7819     78.712   101.9751     0.4390      8.048     5.1071     7.2986    222.682    228.084      14432          4  0.000e+00
   56.73808 -135.61880    125.688     27.307     27.055     9.7850    31.5043  1024.3829    24.2591     9.7820     78.701   101.9751     0.4390      8.048     5.1064     7.2976    222.651    228.052      14433          4  0.000e+00
   56.73808 -135.61880    125.752     27.372     27.119     9.7850    31.5040  1024.3829    24.2588     9.7820     78.690   101.9751     0.4097      8.048     5.1057     7.2965    222.620    228.020      14434          4  0.000e+00
   56.73808 -135.61880    125.632     27.251     26.999     9.7849    31.5044  1024.3827    24.2591     9.7819     78.622   101.9751     0.4097      8.048     5.1013     7.2903    222.428    227.824      14435          4  0.000e+00
   56.73808 -135.61880    125.752     27.372     27.119     9.7847    31.5046  1024.3834    24.2593     9.7817     78.612   101.9751     0.4097      8.048     5.1006     7.2893    222.399    227.794      14436          4  0.000e+00
   56.73808 -135.61880    125.752     27.372     27.119     9.7847    31.5044  1024.3833    24.2592     9.7817     78.600   101.9751     0.4097      8.048     5.0999     7.2882    222.367    227.761      14437          4  0.000e+00
   56.73808 -135.61880    125.632     27.251     26.999     9.7846    31.5045  1024.3828    24.2593     9.7816     78.588   101.9751     0.4097      8.048     5.0991     7.2871    222.331    227.725      14438          4  0.000e+00
   56.73808 -135.61880    125.752     27.372     27.119     9.7849    31.5040  1024.3830    24.2588     9.7819     78.523   101.9751     0.4097      8.048     5.0949     7.2811    222.149    227.538      14439          4  0.000e+00
   56.73808 -135.61880    125.688     27.307     27.055     9.7843    31.5045  1024.3832    24.2594     9.7814     78.506   101.9751     0.4390      8.048     5.0938     7.2796    222.101    227.490      14440          4  0.000e+00
   56.73808 -135.61880    125.752     27.372     27.119     9.7845    31.5047  1024.3835    24.2594     9.7816     78.490   101.9751     0.4097      8.048     5.0928     7.2781    222.056    227.443      14441          4  0.000e+00
   56.73808 -135.61880    125.688     27.307     27.055     9.7845    31.5044  1024.3830    24.2592     9.7816     78.474   101.9751     0.4097      8.048     5.0917     7.2766    222.010    227.395      14442          4  0.000e+00
   56.73808 -135.61880    125.687     27.331     27.079     9.7845    31.5043  1024.3830    24.2591     9.7816     78.465   101.9751     0.4097      8.048     5.0912     7.2758    221.986    227.371      14443          4  0.000e+00
   56.73808 -135.61880    125.688     27.307     27.055     9.7845    31.5046  1024.3832    24.2593     9.7816     78.457   101.9751     0.4097      8.048     5.0906     7.2750    221.963    227.348      14444          4  0.000e+00
   56.73808 -135.61880    125.703     27.372     27.119     9.7849    31.5042  1024.3831    24.2590     9.7819     78.451   102.0590     0.4097      8.048     5.0902     7.2744    221.944    227.328      14445          4  0.000e+00
   56.73808 -135.61880    125.028     27.307     27.055     9.7846    31.5043  1024.3829    24.2591     9.7816     78.390   102.0869     0.4097      8.048     5.0863     7.2688    221.772    227.152      14446          4  0.000e+00
   56.73808 -135.61880    124.687     27.307     27.055     9.7845    31.5047  1024.3832    24.2594     9.7816     78.378   102.0869     0.4097      8.048     5.0855     7.2677    221.739    227.118      14447          4  0.000e+00
   56.73808 -135.61880    124.662     27.307     27.055     9.7845    31.5043  1024.3830    24.2591     9.7816     78.368   102.1149     0.4097      8.048     5.0848     7.2667    221.710    227.089      14448          4  0.000e+00
   56.73808 -135.61880    124.662     27.307     27.055     9.7849    31.5041  1024.3828    24.2589     9.7819     78.304   102.0869     0.4097      8.048     5.0807     7.2608    221.528    226.902      14449          4  0.000e+00
   56.73808 -135.61880    124.751     27.372     27.119     9.7847    31.5040  1024.3830    24.2589     9.7817     78.236   102.0869     0.4097      8.048     5.0763     7.2545    221.336    226.705      14450          4  0.000e+00
   56.73808 -135.61880    124.687     27.307     27.055     9.7850    31.5040  1024.3826    24.2588     9.7820     78.216   102.0869     0.4097      8.048     5.0749     7.2526    221.278    226.646      14451          4  0.000e+00
   56.73808 -135.61880    124.631     27.251     26.999     9.7849    31.5042  1024.3825    24.2590     9.7819     78.252   102.0869     0.4097      8.048     5.0773     7.2559    221.381    226.751      14452          4  0.000e+00
   56.73880 -135.61888    109.966     10.059      9.966    12.4123    31.0466  1023.4894    23.4443    12.4111    103.057    78.9566     3.9848      8.240     6.3386     9.0585    276.597    283.082      16599          5  0.000e+00
   56.73880 -135.61888    109.266     10.091      9.998    12.4127    31.0462  1023.4892    23.4440    12.4114    103.114    78.9566     3.9848      8.240     6.3421     9.0634    276.749    283.237      16600          5  0.000e+00
   56.73880 -135.61888    108.645     10.204     10.110    12.4136    31.0459  1023.4893    23.4435    12.4123    103.070    78.9566     4.0141      8.240     6.3393     9.0595    276.627    283.112      16601          5  0.000e+00
   56.73880 -135.61888    108.621     10.204     10.110    12.4139    31.0456  1023.4890    23.4432    12.4126    103.120    78.9566     4.2193      8.240     6.3423     9.0638    276.759    283.247      16602          5  0.000e+00
   56.73880 -135.61888    108.806     10.293     10.198    12.4136    31.0463  1023.4899    23.4438    12.4123    103.129    78.9566     4.3072      8.240     6.3428     9.0645    276.782    283.271      16603          5  0.000e+00
   56.73880 -135.61888    108.807     10.269     10.174    12.4132    31.0468  1023.4903    23.4443    12.4119    103.135    78.9566     4.3072      8.240     6.3433     9.0652    276.801    283.290      16604          5  0.000e+00
   56.73880 -135.61888    108.863     10.325     10.230    12.4124    31.0477  1023.4915    23.4452    12.4111    103.142    78.9566     4.3072      8.240     6.3438     9.0659    276.823    283.314      16605          5  0.000e+00
   56.73880 -135.61888    108.895     10.358     10.262    12.4115    31.0489  1023.4927    23.4462    12.4102    103.155    78.9566     4.3072      8.240     6.3446     9.0671    276.859    283.351      16606          5  0.000e+00
   56.73880 -135.61888    108.927     10.390     10.294    12.4111    31.0499  1023.4937    23.4471    12.4098    103.167    79.0405     4.3072      8.240     6.3454     9.0682    276.892    283.384      16607          5  0.000e+00
   56.73880 -135.61888    108.983     10.446     10.350    12.4106    31.0504  1023.4944    23.4476    12.4092    103.173    79.1803     4.3072      8.240     6.3458     9.0688    276.910    283.403      16608          5  0.000e+00
