EcoFOCI/data/1_SampleCollection/2022_GOA-OA_CruiseData/CTD_raw_BottleFile_RC0083/RC0083_042.ros
* Sea-Bird SBE 9 Data File:
* FileName = C:\Data\RC0083ctd\RC0083_042.hex
* Software Version Seasave V 7.26.7.107
* Temperature SN = 2060
* Conductivity SN = 1084
* Number of Bytes Per Scan = 31
* Number of Voltage Words = 4
* Number of Scans Averaged by the Deck Unit = 1
* NMEA Latitude = 58 06.53 N
* NMEA Longitude = 136 31.59 W
* NMEA UTC (Time) = Aug 18 2022  21:43:42
* NMEA baud rate = 4800
** Ship: R/V Rachel Carson
** Cruise ID: RC0083
** Tech: McHugh/Nomura
** Chief Scientist: Cross
** Station: XS1
** Cast:  CTD042
# nquan = 21
# nvalues = 245                                   
# units = specified
# name 0 = latitude: Latitude [deg]
# name 1 = longitude: Longitude [deg]
# name 2 = sfdSM: Seafloor depth [salt water, m]
# name 3 = prDM: Pressure, Digiquartz [db]
# name 4 = depSM: Depth [salt water, m]
# name 5 = t090C: Temperature [ITS-90, deg C]
# name 6 = sal00: Salinity, Practical [PSU]
# name 7 = density00: Density [density, kg/m^3]
# name 8 = sigma-é00: Density [sigma-theta, kg/m^3]
# name 9 = potemp090C: Potential Temperature [ITS-90, deg C]
# name 10 = sbeox0PS: Oxygen, SBE 43 [% saturation]
# name 11 = CStarTr0: Beam Transmission, WET Labs C-Star [%]
# name 12 = flECO-AFL: Fluorescence, WET Labs ECO-AFL/FL [mg/m^3]
# name 13 = ph: pH
# name 14 = sbeox0ML/L: Oxygen, SBE 43 [ml/l]
# name 15 = sbeox0Mg/L: Oxygen, SBE 43 [mg/l]
# name 16 = sbox0Mm/Kg: Oxygen, SBE 43 [umol/kg]
# name 17 = sbeox0Mm/L: Oxygen, SBE 43 [umol/l]
# name 18 = scan: Scan Count
# name 19 = nbf: Bottles Fired
# name 20 = flag:  0.000e+00
# interval = seconds: 0.0416667
# start_time = Aug 18 2022 21:43:42 [NMEA time, header]
# bad_flag = -9.990e-29
*END*
   58.10860 -136.52538     78.735     71.449     70.774     8.0770    32.0869  1025.3029    24.9766     8.0701     59.165    94.5913     0.2046      7.949     3.9727     5.6773    173.096    177.420       4153          1  0.000e+00
   58.10860 -136.52538     78.640     71.328     70.654     8.0764    32.0880  1025.3033    24.9776     8.0695     59.218    94.5913     0.2046      7.949     3.9762     5.6824    173.251    177.579       4154          1  0.000e+00
   58.10860 -136.52538     78.704     71.393     70.718     8.0802    32.0869  1025.3023    24.9762     8.0733     59.222    94.5913     0.2046      7.949     3.9762     5.6824    173.252    177.579       4155          1  0.000e+00
   58.10860 -136.52538     78.688     71.328     70.654     8.0827    32.0859  1025.3008    24.9751     8.0758     59.226    94.5913     0.2046      7.949     3.9763     5.6825    173.254    177.581       4156          1  0.000e+00
   58.10860 -136.52538     78.657     71.271     70.598     8.0838    32.0856  1025.3001    24.9746     8.0769     59.230    94.5913     0.2046      7.949     3.9764     5.6827    173.261    177.588       4157          1  0.000e+00
   58.10860 -136.52538     78.593     71.207     70.534     8.0848    32.0849  1025.2991    24.9739     8.0779     59.233    94.5913     0.2046      7.949     3.9766     5.6829    173.267    177.594       4158          1  0.000e+00
   58.10860 -136.52538     78.593     71.207     70.534     8.0837    32.0848  1025.2992    24.9740     8.0768     59.181    94.5633     0.2046      7.949     3.9732     5.6781    173.120    177.443       4159          1  0.000e+00
   58.10860 -136.52538     78.586     71.150     70.478     8.0801    32.0854  1025.3000    24.9750     8.0732     59.177    94.5913     0.2046      7.949     3.9733     5.6782    173.122    177.446       4160          1  0.000e+00
   58.10860 -136.52538     78.603     71.094     70.422     8.0756    32.0864  1025.3011    24.9764     8.0687     59.174    94.6192     0.2046      7.949     3.9734     5.6784    173.129    177.453       4161          1  0.000e+00
   58.10860 -136.52538     78.603     71.094     70.422     8.0702    32.0891  1025.3040    24.9793     8.0633     59.171    94.6192     0.2046      7.949     3.9736     5.6787    173.138    177.463       4162          1  0.000e+00
   58.10860 -136.52538     78.563     71.029     70.358     8.0668    32.0902  1025.3051    24.9807     8.0600     59.223    94.6192     0.2046      7.949     3.9774     5.6841    173.301    177.631       4163          1  0.000e+00
   58.10860 -136.52538     78.563     71.029     70.358     8.0655    32.0911  1025.3060    24.9816     8.0586     59.226    94.6192     0.2046      7.949     3.9777     5.6846    173.315    177.645       4164          1  0.000e+00
   58.10860 -136.52538     78.556     70.972     70.302     8.0665    32.0913  1025.3058    24.9816     8.0596     59.229    94.6192     0.2046      7.949     3.9778     5.6847    173.318    177.648       4165          1  0.000e+00
   58.10860 -136.52538     78.581     70.924     70.254     8.0679    32.0909  1025.3050    24.9811     8.0611     59.175    94.6192     0.2046      7.949     3.9741     5.6794    173.157    177.483       4166          1  0.000e+00
   58.10860 -136.52538     78.573     70.916     70.246     8.0661    32.0914  1025.3056    24.9817     8.0593     59.171    94.6192     0.2339      7.949     3.9739     5.6792    173.151    177.476       4167          1  0.000e+00
   58.10860 -136.52538     78.509     70.851     70.182     8.0637    32.0920  1025.3061    24.9825     8.0568     59.222    94.6192     0.2339      7.949     3.9776     5.6843    173.309    177.638       4168          1  0.000e+00
   58.10860 -136.52538     78.509     70.851     70.182     8.0616    32.0928  1025.3071    24.9835     8.0548     59.169    94.6192     0.2339      7.949     3.9742     5.6795    173.161    177.487       4169          1  0.000e+00
   58.10860 -136.52538     78.551     70.794     70.126     8.0632    32.0929  1025.3066    24.9833     8.0564     59.164    94.6192     0.2339      7.949     3.9737     5.6788    173.139    177.464       4170          1  0.000e+00
   58.10860 -136.52538     78.656     70.851     70.182     8.0674    32.0907  1025.3046    24.9810     8.0606     59.214    94.6192     0.2339      7.949     3.9768     5.6832    173.273    177.602       4171          1  0.000e+00
   58.10860 -136.52538     78.560     70.730     70.062     8.0656    32.0918  1025.3052    24.9821     8.0588     59.216    94.6192     0.2339      7.949     3.9770     5.6835    173.283    177.612       4172          1  0.000e+00
   58.10860 -136.52538     78.535     70.730     70.062     8.0635    32.0926  1025.3061    24.9830     8.0567     59.218    94.6192     0.2339      7.949     3.9773     5.6839    173.296    177.626       4173          1  0.000e+00
   58.10860 -136.52538     78.560     70.730     70.062     8.0599    32.0936  1025.3074    24.9844     8.0531     59.220    94.6192     0.2339      7.949     3.9777     5.6846    173.315    177.645       4174          1  0.000e+00
   58.10860 -136.52538     78.553     70.673     70.006     8.0545    32.0961  1025.3099    24.9871     8.0477     59.221    94.6192     0.2339      7.949     3.9782     5.6853    173.337    177.668       4175          1  0.000e+00
   58.10860 -136.52538     78.601     70.673     70.006     8.0563    32.0950  1025.3088    24.9860     8.0494     59.222    94.6192     0.2339      7.949     3.9781     5.6852    173.333    177.664       4176          1  0.000e+00
   58.10860 -136.52538     78.601     70.673     70.006     8.0597    32.0939  1025.3074    24.9846     8.0529     59.166    94.6192     0.2339      7.949     3.9741     5.6795    173.159    177.485       4177          1  0.000e+00
   58.10860 -136.52538     78.545     70.617     69.950     8.0629    32.0928  1025.3058    24.9833     8.0561     59.159    94.6192     0.2339      7.949     3.9734     5.6784    173.127    177.452       4178          1  0.000e+00
   58.10860 -136.52538     78.570     70.617     69.950     8.0644    32.0914  1025.3045    24.9820     8.0576     59.152    94.6192     0.2339      7.949     3.9728     5.6776    173.103    177.427       4179          1  0.000e+00
   58.10860 -136.52538     78.579     70.552     69.885     8.0621    32.0918  1025.3048    24.9826     8.0553     59.146    94.6192     0.2339      7.949     3.9726     5.6772    173.092    177.416       4180          1  0.000e+00
   58.10860 -136.52538     78.619     70.568     69.901     8.0559    32.0931  1025.3068    24.9845     8.0491     59.196    94.6472     0.2339      7.949     3.9765     5.6828    173.260    177.589       4181          1  0.000e+00
   58.10860 -136.52538     78.603     70.552     69.885     8.0506    32.0946  1025.3087    24.9865     8.0438     59.196    94.6752     0.2339      7.949     3.9770     5.6835    173.281    177.611       4182          1  0.000e+00
   58.10860 -136.52538     78.603     70.552     69.885     8.0475    32.0975  1025.3114    24.9892     8.0407     59.141    94.6472     0.2339      7.949     3.9735     5.6785    173.128    177.455       4183          1  0.000e+00
   58.10860 -136.52538     78.628     70.552     69.885     8.0470    32.0981  1025.3120    24.9898     8.0402     59.142    94.6472     0.2339      7.949     3.9735     5.6786    173.131    177.457       4184          1  0.000e+00
   58.10860 -136.52538     78.645     70.495     69.829     8.0475    32.0978  1025.3114    24.9894     8.0407     59.134    94.6472     0.2339      7.949     3.9730     5.6778    173.108    177.433       4185          1  0.000e+00
   58.10860 -136.52538     78.669     70.495     69.829     8.0477    32.0976  1025.3112    24.9892     8.0409     59.183    94.6752     0.2339      7.949     3.9763     5.6825    173.250    177.579       4186          1  0.000e+00
   58.10860 -136.52538     78.725     70.552     69.885     8.0475    32.0978  1025.3117    24.9894     8.0407     59.128    94.6472     0.2339      7.949     3.9726     5.6772    173.089    177.414       4187          1  0.000e+00
   58.10860 -136.52538     78.605     70.431     69.765     8.0472    32.0985  1025.3118    24.9901     8.0404     59.120    94.6472     0.2339      7.949     3.9720     5.6764    173.066    177.391       4188          1  0.000e+00
   58.10860 -136.52538     78.547     70.495     69.829     8.0499    32.0966  1025.3102    24.9882     8.0431     59.113    94.6752     0.2339      7.949     3.9714     5.6755    173.038    177.361       4189          1  0.000e+00
   58.10860 -136.52538     78.425     70.495     69.829     8.0516    32.0963  1025.3097    24.9877     8.0448     59.106    94.6472     0.2339      7.949     3.9707     5.6746    173.010    177.333       4190          1  0.000e+00
   58.10860 -136.52538     78.401     70.495     69.829     8.0532    32.0964  1025.3095    24.9875     8.0464     59.098    94.6472     0.2339      7.949     3.9701     5.6737    172.982    177.305       4191          1  0.000e+00
   58.10860 -136.52538     78.337     70.431     69.765     8.0607    32.0946  1025.3067    24.9851     8.0539     59.090    94.6472     0.2339      7.949     3.9689     5.6720    172.931    177.252       4192          1  0.000e+00
   58.10860 -136.52538     78.337     70.431     69.765     8.0749    32.0890  1025.3003    24.9786     8.0681     59.081    94.6472     0.2339      7.949     3.9672     5.6695    172.857    177.175       4193          1  0.000e+00
   58.10860 -136.52538     78.523     70.495     69.829     8.0818    32.0869  1025.2979    24.9759     8.0750     59.074    94.6752     0.2339      7.949     3.9661     5.6680    172.812    177.128       4194          1  0.000e+00
   58.10860 -136.52538     78.548     70.447     69.781     8.0837    32.0867  1025.2973    24.9755     8.0769     59.074    94.6472     0.2339      7.949     3.9660     5.6677    172.804    177.120       4195          1  0.000e+00
   58.10860 -136.52538     78.532     70.431     69.765     8.0926    32.0852  1025.2946    24.9730     8.0858     59.073    94.6472     0.2339      7.949     3.9652     5.6666    172.769    177.084       4196          1  0.000e+00
   58.10860 -136.52538     78.532     70.431     69.765     8.1151    32.0835  1025.2901    24.9685     8.1083     59.071    94.6472     0.2339      7.949     3.9631     5.6636    172.679    176.991       4197          1  0.000e+00
   58.10860 -136.52538     78.532     70.431     69.765     8.1486    32.0703  1025.2748    24.9533     8.1418     59.069    94.6472     0.2339      7.949     3.9602     5.6596    172.559    176.865       4198          1  0.000e+00
   58.10860 -136.52538     78.605     70.430     69.765     8.1709    32.0592  1025.2628    24.9413     8.1640     59.012    94.6472     0.2339      7.948     3.9548     5.6517    172.322    176.619       4199          1  0.000e+00
   58.10860 -136.52538     78.654     70.430     69.765     8.1804    32.0540  1025.2573    24.9358     8.1736     59.062    94.6752     0.2339      7.948     3.9573     5.6554    172.435    176.735       4200          1  0.000e+00
   58.10860 -136.52538     78.654     70.430     69.765     8.1853    32.0506  1025.2540    24.9325     8.1785     59.056    94.7591     0.2339      7.948     3.9566     5.6544    172.405    176.703       4201          1  0.000e+00
   58.10854 -136.52504     77.431     51.148     50.667    10.4853    31.4356  1024.3215    24.0904    10.4795     76.314    94.8430     0.7614      8.102     4.8786     6.9720    212.754    217.879       5898          2  0.000e+00
   58.10854 -136.52504     77.424     51.091     50.611    10.4849    31.4363  1024.3218    24.0910    10.4791     76.312    94.8989     0.7614      8.102     4.8785     6.9718    212.747    217.873       5899          2  0.000e+00
   58.10854 -136.52504     77.448     51.091     50.611    10.4849    31.4374  1024.3227    24.0919    10.4791     76.310    94.8989     0.7614      8.102     4.8783     6.9716    212.740    217.865       5900          2  0.000e+00
   58.10854 -136.52502     77.593     51.212     50.731    10.4871    31.4407  1024.3255    24.0941    10.4813     76.309    94.8989     0.7614      8.102     4.8779     6.9710    212.722    217.847       5901          2  0.000e+00
   58.10854 -136.52502     77.328     50.970     50.491    10.4909    31.4451  1024.3271    24.0969    10.4851     76.304    94.8989     0.7614      8.102     4.8771     6.9698    212.684    217.810       5902          2  0.000e+00
   58.10854 -136.52502     77.353     50.970     50.491    10.4944    31.4481  1024.3289    24.0986    10.4886     76.301    94.8989     0.7321      8.102     4.8764     6.9689    212.657    217.782       5903          2  0.000e+00
   58.10854 -136.52502     77.497     51.091     50.611    10.4974    31.4490  1024.3296    24.0988    10.4916     76.307    94.8989     0.7614      8.107     4.8764     6.9689    212.657    217.781       5904          2  0.000e+00
   58.10854 -136.52502     77.377     50.970     50.491    10.4989    31.4491  1024.3289    24.0986    10.4931     76.303    94.8989     0.7614      8.107     4.8761     6.9684    212.641    217.765       5905          2  0.000e+00
   58.10854 -136.52502     77.377     50.970     50.491    10.4998    31.4497  1024.3292    24.0989    10.4940     76.302    94.8989     0.7614      8.102     4.8758     6.9680    212.630    217.755       5906          2  0.000e+00
   58.10854 -136.52502     77.377     50.970     50.491    10.5014    31.4494  1024.3287    24.0984    10.4956     76.245    94.8989     0.7321      8.102     4.8721     6.9627    212.467    217.587       5907          2  0.000e+00
   58.10854 -136.52502     77.402     50.970     50.491    10.5029    31.4489  1024.3281    24.0978    10.4971     76.244    94.8989     0.7321      8.102     4.8718     6.9623    212.457    217.576       5908          2  0.000e+00
   58.10854 -136.52502     77.370     50.913     50.435    10.5014    31.4453  1024.3253    24.0953    10.4956     76.236    94.8989     0.7321      8.107     4.8716     6.9620    212.447    217.566       5909          2  0.000e+00
   58.10854 -136.52502     77.370     50.913     50.435    10.4969    31.4420  1024.3235    24.0934    10.4911     76.229    94.8989     0.7321      8.102     4.8718     6.9622    212.454    217.573       5910          2  0.000e+00
   58.10854 -136.52502     77.306     50.849     50.371    10.4942    31.4401  1024.3221    24.0924    10.4885     76.283    94.8989     0.7028      8.102     4.8755     6.9676    212.619    217.742       5911          2  0.000e+00
   58.10854 -136.52502     77.370     50.913     50.435    10.4932    31.4382  1024.3211    24.0911    10.4874     76.229    94.8989     0.7028      8.102     4.8723     6.9630    212.477    217.596       5912          2  0.000e+00
   58.10854 -136.52502     76.891     50.849     50.371    10.4925    31.4372  1024.3202    24.0904    10.4868     76.222    94.8989     0.7028      8.102     4.8719     6.9625    212.462    217.580       5913          2  0.000e+00
   58.10854 -136.52502     76.395     50.792     50.315    10.4918    31.4362  1024.3193    24.0898    10.4860     76.216    94.8989     0.7321      8.102     4.8716     6.9620    212.449    217.567       5914          2  0.000e+00
   58.10854 -136.52502     76.298     50.792     50.315    10.4911    31.4357  1024.3190    24.0895    10.4853     76.210    94.8989     0.7028      8.102     4.8714     6.9617    212.437    217.555       5915          2  0.000e+00
   58.10854 -136.52502     76.322     50.792     50.315    10.4900    31.4358  1024.3193    24.0898    10.4842     76.205    94.8989     0.7028      8.102     4.8711     6.9613    212.427    217.544       5916          2  0.000e+00
