EcoFOCI/data/1_SampleCollection/2022_GOA-OA_CruiseData/CTD_raw_BottleFile_RC0083/RC0083_044.ros
* Sea-Bird SBE 9 Data File:
* FileName = C:\Data\RC0083ctd\RC0083_044.hex
* Software Version Seasave V 7.26.7.107
* Temperature SN = 2060
* Conductivity SN = 1084
* Number of Bytes Per Scan = 31
* Number of Voltage Words = 4
* Number of Scans Averaged by the Deck Unit = 1
* NMEA Latitude = 58 09.46 N
* NMEA Longitude = 136 34.90 W
* NMEA UTC (Time) = Aug 18 2022  23:17:27
* NMEA baud rate = 4800
** Ship: R/V Rachel Carson
** Cruise ID: RC0083
** Tech: McHugh/Nomura
** Chief Scientist: Cross
** Station: XS3
** Cast:  CTD044
# nquan = 21
# nvalues = 441                                   
# units = specified
# name 0 = latitude: Latitude [deg]
# name 1 = longitude: Longitude [deg]
# name 2 = sfdSM: Seafloor depth [salt water, m]
# name 3 = prDM: Pressure, Digiquartz [db]
# name 4 = depSM: Depth [salt water, m]
# name 5 = t090C: Temperature [ITS-90, deg C]
# name 6 = sal00: Salinity, Practical [PSU]
# name 7 = density00: Density [density, kg/m^3]
# name 8 = sigma-é00: Density [sigma-theta, kg/m^3]
# name 9 = potemp090C: Potential Temperature [ITS-90, deg C]
# name 10 = sbeox0PS: Oxygen, SBE 43 [% saturation]
# name 11 = CStarTr0: Beam Transmission, WET Labs C-Star [%]
# name 12 = flECO-AFL: Fluorescence, WET Labs ECO-AFL/FL [mg/m^3]
# name 13 = ph: pH
# name 14 = sbeox0ML/L: Oxygen, SBE 43 [ml/l]
# name 15 = sbeox0Mg/L: Oxygen, SBE 43 [mg/l]
# name 16 = sbox0Mm/Kg: Oxygen, SBE 43 [umol/kg]
# name 17 = sbeox0Mm/L: Oxygen, SBE 43 [umol/l]
# name 18 = scan: Scan Count
# name 19 = nbf: Bottles Fired
# name 20 = flag:  0.000e+00
# interval = seconds: 0.0416667
# start_time = Aug 18 2022 23:17:27 [NMEA time, header]
# bad_flag = -9.990e-29
*END*
[from data line 276]
   58.15760 -136.57890    148.652     50.494     50.019     8.1406    31.2771  1024.5629    24.3320     8.1358     60.941    77.0267     0.4976      7.958     4.1077     5.8703    179.092    183.449      24311          6  0.000e+00
   58.15760 -136.57890    148.644     50.486     50.011     8.1401    31.2775  1024.5633    24.3325     8.1353     60.941    77.0267     0.5269      7.958     4.1077     5.8703    179.090    183.448      24312          6  0.000e+00
   58.15760 -136.57890    148.708     50.551     50.075     8.1392    31.2788  1024.5647    24.3336     8.1343     60.940    77.0267     0.5269      7.958     4.1077     5.8703    179.090    183.448      24313          6  0.000e+00
   58.15760 -136.57890    148.764     50.607     50.132     8.1379    31.2804  1024.5664    24.3350     8.1331     60.938    77.0267     0.5269      7.958     4.1076     5.8702    179.089    183.447      24314          6  0.000e+00
   58.15760 -136.57890    148.772     50.615     50.140     8.1371    31.2809  1024.5670    24.3355     8.1322     60.936    77.0267     0.5269      7.953     4.1075     5.8701    179.084    183.443      24315          6  0.000e+00
   58.15760 -136.57890    148.764     50.607     50.132     8.1356    31.2827  1024.5686    24.3372     8.1308     60.995    76.9428     0.5269      7.958     4.1116     5.8759    179.263    183.626      24316          6  0.000e+00
   58.15760 -136.57890    148.884     50.729     50.252     8.1338    31.2848  1024.5711    24.3391     8.1289     61.000    76.8869     0.5269      7.958     4.1120     5.8765    179.280    183.644      24317          6  0.000e+00
   58.15760 -136.57890    148.828     50.672     50.196     8.1330    31.2859  1024.5718    24.3401     8.1282     61.002    76.8869     0.5269      7.958     4.1122     5.8768    179.288    183.652      24318          6  0.000e+00
   58.15760 -136.57890    148.948     50.793     50.316     8.1317    31.2871  1024.5734    24.3412     8.1268     61.004    76.8869     0.5269      7.958     4.1125     5.8772    179.299    183.664      24319          6  0.000e+00
   58.15760 -136.57890    148.940     50.785     50.308     8.1309    31.2880  1024.5742    24.3420     8.1261     61.005    76.8869     0.5562      7.958     4.1126     5.8773    179.303    183.668      24320          6  0.000e+00
   58.15760 -136.57890    148.948     50.793     50.316     8.1302    31.2889  1024.5751    24.3428     8.1254     60.949    76.8869     0.5269      7.953     4.1089     5.8720    179.142    183.502      24321          6  0.000e+00
   58.15760 -136.57890    149.004     50.850     50.372     8.1299    31.2891  1024.5756    24.3430     8.1251     60.942    76.8869     0.5269      7.958     4.1084     5.8713    179.121    183.481      24322          6  0.000e+00
   58.15760 -136.57890    149.004     50.850     50.372     8.1296    31.2896  1024.5760    24.3435     8.1247     60.941    76.8869     0.5269      7.953     4.1083     5.8712    179.118    183.478      24323          6  0.000e+00
   58.15760 -136.57890    149.060     50.906     50.428     8.1291    31.2900  1024.5766    24.3438     8.1242     60.933    76.8869     0.5269      7.958     4.1078     5.8705    179.095    183.455      24324          6  0.000e+00
   58.15760 -136.57890    149.124     50.971     50.492     8.1288    31.2907  1024.5776    24.3445     8.1239     60.924    76.8869     0.5269      7.958     4.1072     5.8697    179.070    183.429      24325          6  0.000e+00
   58.15760 -136.57890    149.116     50.963     50.484     8.1286    31.2909  1024.5776    24.3446     8.1237     60.907    76.8869     0.5269      7.953     4.1061     5.8680    179.019    183.378      24326          6  0.000e+00
   58.15760 -136.57890    149.124     50.971     50.492     8.1286    31.2905  1024.5774    24.3443     8.1237     60.896    76.8869     0.5269      7.953     4.1054     5.8670    178.988    183.346      24327          6  0.000e+00
   58.15760 -136.57890    149.180     51.028     50.548     8.1286    31.2906  1024.5778    24.3444     8.1237     60.885    76.8869     0.5269      7.958     4.1046     5.8659    178.956    183.312      24328          6  0.000e+00
   58.15756 -136.57860    124.374     25.984     25.742     9.6903    30.7394  1023.7953    23.6772     9.6875     72.572    85.0538     0.8200      8.057     4.7418     6.7764    206.869    211.767      25836          7  0.000e+00
   58.15756 -136.57860    124.566     26.178     25.934     9.6910    30.7386  1023.7954    23.6765     9.6883     72.514    85.0538     0.8493      8.057     4.7379     6.7709    206.701    211.595      25837          7  0.000e+00
   58.15756 -136.57860    124.374     25.984     25.742     9.6910    30.7385  1023.7945    23.6764     9.6883     72.500    85.0538     0.8200      8.057     4.7370     6.7697    206.662    211.555      25838          7  0.000e+00
   58.15756 -136.57860    124.374     25.984     25.742     9.6908    30.7390  1023.7949    23.6769     9.6881     72.488    85.0538     0.8493      8.057     4.7363     6.7686    206.629    211.521      25839          7  0.000e+00
   58.15756 -136.57860    124.430     26.041     25.798     9.6912    30.7386  1023.7948    23.6765     9.6884     72.531    85.0538     0.8493      8.057     4.7390     6.7726    206.751    211.646      25840          7  0.000e+00
   58.15756 -136.57860    124.374     25.984     25.742     9.6906    30.7397  1023.7955    23.6775     9.6878     72.525    85.0538     0.8493      8.057     4.7387     6.7720    206.734    211.629      25841          7  0.000e+00
   58.15756 -136.57860    124.374     25.984     25.742     9.6900    30.7404  1023.7961    23.6781     9.6872     72.526    85.0538     0.8200      8.057     4.7388     6.7722    206.739    211.634      25842          7  0.000e+00
   58.15756 -136.57860    124.374     25.984     25.742     9.6882    30.7441  1023.7993    23.6813     9.6855     72.527    85.0538     0.8493      8.057     4.7389     6.7724    206.744    211.640      25843          7  0.000e+00
   58.15756 -136.57860    124.310     25.920     25.678     9.6855    30.7506  1023.8045    23.6867     9.6828     72.527    85.0538     0.8200      8.057     4.7390     6.7725    206.748    211.645      25844          7  0.000e+00
   58.15756 -136.57860    124.310     25.920     25.678     9.6796    30.7621  1023.8144    23.6967     9.6768     72.529    85.0538     0.8200      8.058     4.7394     6.7731    206.762    211.661      25845          7  0.000e+00
   58.15756 -136.57860    124.310     25.920     25.678     9.6745    30.7721  1023.8230    23.7053     9.6718     72.476    85.0538     0.8200      8.058     4.7361     6.7684    206.618    211.516      25846          7  0.000e+00
   58.15756 -136.57860    124.310     25.920     25.678     9.6723    30.7760  1023.8264    23.7086     9.6696     72.471    85.0538     0.8200      8.058     4.7359     6.7681    206.607    211.506      25847          7  0.000e+00
   58.15756 -136.57860    124.254     25.863     25.622     9.6708    30.7764  1023.8267    23.7092     9.6680     72.465    85.0538     0.8493      8.058     4.7357     6.7678    206.598    211.497      25848          7  0.000e+00
   58.15756 -136.57860    124.254     25.863     25.622     9.6708    30.7749  1023.8255    23.7080     9.6680     72.460    85.0538     0.8200      8.058     4.7354     6.7674    206.587    211.485      25849          7  0.000e+00
   58.15756 -136.57860    124.254     25.863     25.622     9.6704    30.7746  1023.8253    23.7079     9.6676     72.456    85.0538     0.8493      8.058     4.7352     6.7671    206.576    211.474      25850          7  0.000e+00
   58.15756 -136.57860    124.190     25.799     25.558     9.6716    30.7729  1023.8235    23.7063     9.6689     72.451    85.0538     0.8200      8.058     4.7348     6.7665    206.559    211.456      25851          7  0.000e+00
   58.15756 -136.57860    124.190     25.799     25.558     9.6720    30.7722  1023.8229    23.7057     9.6693     72.447    85.2496     0.8200      8.058     4.7345     6.7661    206.546    211.443      25852          7  0.000e+00
   58.15756 -136.57860    124.134     25.742     25.502     9.6719    30.7731  1023.8234    23.7065     9.6692     72.442    85.4454     0.8200      8.058     4.7342     6.7656    206.533    211.429      25853          7  0.000e+00
   58.15756 -136.57860    124.134     25.742     25.502     9.6721    30.7741  1023.8242    23.7072     9.6693     72.439    85.5013     0.7907      8.058     4.7339     6.7652    206.521    211.417      25854          7  0.000e+00
   58.15756 -136.57860    124.078     25.686     25.446     9.6722    30.7750  1023.8246    23.7079     9.6695     72.435    85.4734     0.8200      8.058     4.7336     6.7648    206.508    211.404      25855          7  0.000e+00
   58.15756 -136.57860    124.134     25.742     25.502     9.6731    30.7731  1023.8232    23.7063     9.6704     72.433    85.4734     0.8200      8.058     4.7334     6.7645    206.500    211.395      25856          7  0.000e+00
   58.15756 -136.57860    124.014     25.621     25.382     9.6753    30.7683  1023.8185    23.7021     9.6726     72.428    85.4734     0.8200      8.058     4.7331     6.7640    206.485    211.379      25857          7  0.000e+00
   58.15756 -136.57860    124.078     25.686     25.446     9.6778    30.7637  1023.8149    23.6982     9.6751     72.372    85.4734     0.8200      8.058     4.7293     6.7586    206.320    211.209      25858          7  0.000e+00
   58.15756 -136.57860    123.958     25.564     25.326     9.6785    30.7622  1023.8131    23.6969     9.6758     72.417    85.4734     0.7907      8.058     4.7322     6.7628    206.447    211.339      25859          7  0.000e+00
   58.15756 -136.57860    124.014     25.621     25.382     9.6791    30.7607  1023.8120    23.6957     9.6764     72.416    85.4734     0.7907      8.058     4.7321     6.7626    206.443    211.335      25860          7  0.000e+00
   58.15756 -136.57860    123.958     25.564     25.326     9.6796    30.7597  1023.8109    23.6948     9.6769     72.414    85.4734     0.7907      8.058     4.7319     6.7624    206.437    211.328      25861          7  0.000e+00
   58.15756 -136.57860    123.870     25.500     25.262     9.6799    30.7591  1023.8101    23.6943     9.6772     72.412    85.4734     0.8200      8.058     4.7318     6.7622    206.431    211.323      25862          7  0.000e+00
   58.15756 -136.57860    123.894     25.500     25.262     9.6806    30.7581  1023.8092    23.6934     9.6779     72.357    85.4734     0.7907      8.058     4.7282     6.7570    206.272    211.159      25863          7  0.000e+00
   58.15756 -136.57860    123.894     25.500     25.262     9.6811    30.7569  1023.8082    23.6924     9.6784     72.350    85.4734     0.8200      8.058     4.7277     6.7564    206.252    211.139      25864          7  0.000e+00
   58.15756 -136.57860    123.838     25.443     25.206     9.6817    30.7560  1023.8071    23.6916     9.6790     72.398    85.4734     0.8200      8.058     4.7308     6.7608    206.387    211.277      25865          7  0.000e+00
   58.15756 -136.57860    123.838     25.443     25.206     9.6824    30.7550  1023.8063    23.6907     9.6797     72.344    85.4734     0.8200      8.058     4.7272     6.7557    206.231    211.117      25866          7  0.000e+00
   58.15756 -136.57860    123.782     25.387     25.150     9.6831    30.7539  1023.8050    23.6897     9.6804     72.338    85.4734     0.7907      8.058     4.7268     6.7550    206.213    211.098      25867          7  0.000e+00
   58.15756 -136.57860    123.782     25.387     25.150     9.6831    30.7542  1023.8053    23.6899     9.6804     72.333    85.4734     0.8200      8.058     4.7265     6.7546    206.199    211.083      25868          7  0.000e+00
   58.15756 -136.57860    123.758     25.363     25.126     9.6827    30.7548  1023.8056    23.6904     9.6800     72.328    85.4734     0.7907      8.058     4.7262     6.7542    206.186    211.071      25869          7  0.000e+00
   58.15756 -136.57860    123.718     25.322     25.086     9.6833    30.7543  1023.8050    23.6900     9.6806     72.324    85.4734     0.7907      8.058     4.7259     6.7537    206.172    211.057      25870          7  0.000e+00
   58.15756 -136.57860    123.718     25.322     25.086     9.6835    30.7536  1023.8044    23.6894     9.6808     72.266    85.4734     0.7907      8.058     4.7221     6.7483    206.008    210.888      25871          7  0.000e+00
   58.15756 -136.57860    123.718     25.322     25.086     9.6842    30.7524  1023.8034    23.6884     9.6815     72.312    85.6132     0.7907      8.058     4.7250     6.7525    206.137    211.020      25872          7  0.000e+00
   58.15756 -136.57860    123.662     25.266     25.030     9.6847    30.7519  1023.8026    23.6879     9.6820     72.309    85.8649     0.7907      8.062     4.7248     6.7523    206.128    211.011      25873          7  0.000e+00
   58.15756 -136.57860    123.606     25.209     24.974     9.6850    30.7512  1023.8018    23.6873     9.6824     72.308    85.9209     0.7907      8.058     4.7247     6.7521    206.122    211.005      25874          7  0.000e+00
   58.15756 -136.57860    123.662     25.266     25.030     9.6857    30.7495  1023.8006    23.6859     9.6830     72.307    85.9209     0.7614      8.057     4.7247     6.7520    206.121    211.003      25875          7  0.000e+00
   58.15756 -136.57860    123.718     25.322     25.086     9.6863    30.7480  1023.7996    23.6846     9.6836     72.307    85.9209     0.7614      8.057     4.7246     6.7520    206.121    211.002      25876          7  0.000e+00
   58.15756 -136.57860    123.422     25.023     24.790     9.6872    30.7464  1023.7969    23.6832     9.6845     72.305    85.8929     0.7614      8.062     4.7244     6.7517    206.112    210.993      25877          7  0.000e+00
   58.15756 -136.57860    123.606     25.209     24.974     9.6882    30.7448  1023.7963    23.6817     9.6856     72.307    85.9209     0.7614      8.057     4.7245     6.7518    206.116    210.997      25878          7  0.000e+00
   58.15756 -136.57860    123.606     25.209     24.974     9.6891    30.7437  1023.7953    23.6808     9.6864     72.254    85.9209     0.7907      8.062     4.7210     6.7468    205.962    210.840      25879          7  0.000e+00
   58.15756 -136.57860    123.542     25.145     24.910     9.6895    30.7429  1023.7943    23.6801     9.6868     72.249    85.9209     0.7614      8.062     4.7207     6.7463    205.948    210.825      25880          7  0.000e+00
   58.15756 -136.57860    123.542     25.145     24.910     9.6899    30.7425  1023.7939    23.6797     9.6872     72.300    85.9209     0.7907      8.057     4.7240     6.7510    206.092    210.972      25881          7  0.000e+00
   58.15756 -136.57860    123.542     25.145     24.910     9.6902    30.7419  1023.7935    23.6792     9.6875     72.249    85.9209     0.7614      8.062     4.7206     6.7462    205.946    210.822      25882          7  0.000e+00
   58.15756 -136.57860    123.486     25.088     24.854     9.6906    30.7414  1023.7927    23.6787     9.6880     72.246    85.8929     0.7614      8.062     4.7204     6.7459    205.937    210.813      25883          7  0.000e+00
   58.15756 -136.57860    123.542     25.145     24.910     9.6912    30.7404  1023.7921    23.6779     9.6885     72.245    85.9209     0.7614      8.062     4.7203     6.7458    205.933    210.809      25884          7  0.000e+00
   58.15752 -136.57846    109.700     11.171     11.067     9.7166    30.6106  1023.6231    23.5723     9.7154     73.075    83.4037     0.7028      8.062     4.7759     6.8252    208.378    213.290      26803          8  0.000e+00
