EcoFOCI/data/1_SampleCollection/2022_GOA-OA_CruiseData/CTD_raw_BottleFile_RC0083/RC0083_067.cnv
* Sea-Bird SBE 9 Data File:
* FileName = C:\Data\RC0083ctd\RC0083_067.hex
* Software Version Seasave V 7.26.7.107
* Temperature SN = 2060
* Conductivity SN = 1084
* Number of Bytes Per Scan = 31
* Number of Voltage Words = 4
* Number of Scans Averaged by the Deck Unit = 1
* NMEA Latitude = 58 58.45 N
* NMEA Longitude = 136 08.18 W
* NMEA UTC (Time) = Aug 20 2022  18:55:28
* NMEA baud rate = 4800
** Ship: R/V Rachel Carson
** Cruise ID: RC0083
** Tech: McHugh/Nomura
** Chief Scientist: Cross
** Station: GB17
** Cast:  CTD067
# nquan = 19
# nvalues = 16999                                 
# units = specified
# name 0 = latitude: Latitude [deg]
# name 1 = longitude: Longitude [deg]
# name 2 = sfdSM: Seafloor depth [salt water, m]
# name 3 = prDM: Pressure, Digiquartz [db]
# name 4 = depSM: Depth [salt water, m]
# name 5 = t090C: Temperature [ITS-90, deg C]
# name 6 = sal00: Salinity, Practical [PSU]
# name 7 = density00: Density [density, kg/m^3]
# name 8 = sigma-é00: Density [sigma-theta, kg/m^3]
# name 9 = potemp090C: Potential Temperature [ITS-90, deg C]
# name 10 = sbeox0PS: Oxygen, SBE 43 [% saturation]
# name 11 = CStarTr0: Beam Transmission, WET Labs C-Star [%]
# name 12 = flECO-AFL: Fluorescence, WET Labs ECO-AFL/FL [mg/m^3]
# name 13 = ph: pH
# name 14 = sbeox0ML/L: Oxygen, SBE 43 [ml/l]
# name 15 = sbeox0Mg/L: Oxygen, SBE 43 [mg/l]
# name 16 = sbox0Mm/Kg: Oxygen, SBE 43 [umol/kg]
# name 17 = sbeox0Mm/L: Oxygen, SBE 43 [umol/l]
# name 18 = flag:  0.000e+00
# span 0 =   58.97364,   58.97422                 
# span 1 = -136.13640, -136.13532                 
# span 2 =      3.476,    246.918                 
# span 3 =      2.843,    190.742                 
# span 4 =      2.816,    188.872                 
# span 5 =     4.7773,     7.4370                 
# span 6 =    11.6679,    30.9032                 
# span 7 =  1009.1931,  1025.3402                 
# span 8 =     9.1780,    24.4533                 
# span 9 =     4.7641,     7.4354                 
# span 10 =     69.479,    100.427                
# span 11 =    17.7045,    95.9338                
# span 12 =    -0.1177,     1.4940                
# span 13 =      7.912,      8.496                
# span 14 =     4.8260,     8.0379                
# span 15 =     6.8969,    11.4869                
# span 16 =    210.576,    355.130                
# span 17 =    215.531,    358.972                
# span 18 = 0.0000e+00, 0.0000e+00                
# interval = seconds: 0.0416667
# start_time = Aug 20 2022 18:55:28 [NMEA time, header]
# bad_flag = -9.990e-29
*END*
[from data line 11734]
   58.97382 -136.13568    187.260    125.935    124.720     4.9912    30.8337  1024.9613    24.3756     4.9823     73.773    93.9759    -0.1177      7.925     5.3668     7.6697    233.978    239.681  0.000e+00
   58.97382 -136.13568    214.359    125.879    124.664     4.9906    30.8341  1024.9614    24.3760     4.9817     73.845    93.9759    -0.0884      7.925     5.3721     7.6773    234.210    239.919  0.000e+00
   58.97382 -136.13568    224.542    125.879    124.664     4.9898    30.8351  1024.9623    24.3769     4.9809     73.868    93.9759    -0.0884      7.925     5.3739     7.6798    234.285    239.996  0.000e+00
   58.97382 -136.13568    224.600    125.814    124.600     4.9888    30.8364  1024.9631    24.3781     4.9799     73.889    93.9759    -0.0884      7.925     5.3755     7.6821    234.357    240.070  0.000e+00
   58.97382 -136.13568    223.494    125.757    124.544     4.9879    30.8368  1024.9632    24.3784     4.9790     73.853    93.9759    -0.0884      7.926     5.3730     7.6785    234.246    239.956  0.000e+00
   58.97382 -136.13568    223.103    125.757    124.544     4.9873    30.8359  1024.9626    24.3778     4.9784     73.923    93.9759    -0.0884      7.926     5.3782     7.6860    234.474    240.190  0.000e+00
   58.97382 -136.13568    223.103    125.757    124.544     4.9868    30.8376  1024.9640    24.3792     4.9779     73.886    93.9759    -0.1177      7.926     5.3755     7.6821    234.356    240.069  0.000e+00
   58.97382 -136.13568    223.096    125.701    124.488     4.9868    30.8378  1024.9639    24.3793     4.9779     73.897    93.9759    -0.0884      7.926     5.3763     7.6832    234.390    240.104  0.000e+00
   58.97382 -136.13568    223.056    125.636    124.424     4.9873    30.8371  1024.9630    24.3787     4.9784     73.965    93.9759    -0.0884      7.926     5.3812     7.6902    234.604    240.324  0.000e+00
   58.97382 -136.13568    223.056    125.636    124.424     4.9887    30.8348  1024.9611    24.3768     4.9798     73.975    93.9759    -0.0884      7.925     5.3818     7.6911    234.632    240.351  0.000e+00
   58.97382 -136.13568    223.000    125.579    124.368     4.9898    30.8337  1024.9598    24.3758     4.9810     73.983    93.8081    -0.0884      7.925     5.3823     7.6918    234.653    240.373  0.000e+00
   58.97382 -136.13568    222.887    125.514    124.304     4.9911    30.8322  1024.9582    24.3745     4.9822     73.990    93.6683    -0.0884      7.925     5.3827     7.6924    234.671    240.391  0.000e+00
   58.97382 -136.13568    223.000    125.579    124.368     4.9914    30.8312  1024.9576    24.3736     4.9825     73.940    93.6403    -0.0884      7.925     5.3791     7.6872    234.513    240.229  0.000e+00
   58.97382 -136.13568    222.880    125.458    124.247     4.9915    30.8319  1024.9576    24.3742     4.9827     73.994    93.6403    -0.1177      7.925     5.3830     7.6928    234.683    240.403  0.000e+00
   58.97382 -136.13568    222.880    125.458    124.247     4.9909    30.8346  1024.9598    24.3764     4.9821     74.000    93.6683    -0.1177      7.925     5.3833     7.6933    234.699    240.420  0.000e+00
   58.97382 -136.13568    222.824    125.401    124.191     4.9904    30.8359  1024.9606    24.3775     4.9816     73.995    93.6403    -0.0884      7.925     5.3830     7.6928    234.683    240.404  0.000e+00
   58.97382 -136.13568    222.824    125.401    124.191     4.9906    30.8362  1024.9608    24.3776     4.9817     73.998    93.6403    -0.0884      7.925     5.3832     7.6931    234.691    240.412  0.000e+00
   58.97382 -136.13568    222.760    125.336    124.127     4.9915    30.8351  1024.9596    24.3767     4.9827     73.999    93.6683    -0.0884      7.925     5.3831     7.6931    234.690    240.411  0.000e+00
   58.97382 -136.13568    222.760    125.336    124.127     4.9923    30.8339  1024.9585    24.3756     4.9835     73.941    93.6683    -0.0884      7.925     5.3789     7.6870    234.507    240.223  0.000e+00
   58.97382 -136.13568    222.704    125.280    124.071     4.9931    30.8326  1024.9571    24.3745     4.9843     73.932    93.6683    -0.0884      7.925     5.3782     7.6860    234.476    240.191  0.000e+00
   58.97382 -136.13568    222.679    125.280    124.071     4.9927    30.8321  1024.9568    24.3742     4.9838     73.923    93.6403    -0.0884      7.925     5.3776     7.6852    234.451    240.165  0.000e+00
   58.97382 -136.13568    222.639    125.215    124.007     4.9903    30.8357  1024.9596    24.3773     4.9814     73.914    93.6683    -0.0884      7.925     5.3771     7.6844    234.427    240.141  0.000e+00
   58.97382 -136.13568    222.639    125.215    124.007     4.9904    30.8365  1024.9602    24.3779     4.9816     73.903    93.6683    -0.1177      7.925     5.3763     7.6833    234.391    240.105  0.000e+00
   58.97382 -136.13568    222.583    125.158    123.951     4.9906    30.8367  1024.9601    24.3781     4.9817     73.891    93.6403    -0.0884      7.925     5.3754     7.6820    234.353    240.066  0.000e+00
   58.97382 -136.13568    222.527    125.102    123.895     4.9917    30.8356  1024.9589    24.3771     4.9829     73.879    93.6403    -0.0884      7.925     5.3744     7.6805    234.308    240.019  0.000e+00
   58.97382 -136.13568    222.583    125.158    123.951     4.9922    30.8346  1024.9583    24.3763     4.9833     73.866    93.6403    -0.0884      7.925     5.3735     7.6792    234.268    239.979  0.000e+00
   58.97382 -136.13568    222.463    125.037    123.831     4.9925    30.8339  1024.9571    24.3756     4.9836     73.852    93.6403    -0.0884      7.925     5.3724     7.6777    234.222    239.931  0.000e+00
   58.97382 -136.13568    222.463    125.037    123.831     4.9927    30.8327  1024.9561    24.3747     4.9839     73.838    93.6403    -0.0884      7.925     5.3714     7.6763    234.178    239.886  0.000e+00
   58.97382 -136.13568    222.431    125.029    123.823     4.9922    30.8341  1024.9573    24.3759     4.9833     73.766    93.6403    -0.0591      7.925     5.3662     7.6688    233.950    239.652  0.000e+00
   58.97382 -136.13568    222.407    124.980    123.775     4.9917    30.8362  1024.9587    24.3775     4.9829     73.742    93.6403    -0.0591      7.925     5.3644     7.6663    233.873    239.575  0.000e+00
   58.97382 -136.13568    222.407    124.980    123.775     4.9903    30.8382  1024.9605    24.3793     4.9814     73.718    93.7802    -0.0591      7.925     5.3628     7.6640    233.804    239.504  0.000e+00
   58.97382 -136.13568    222.343    124.915    123.710     4.9884    30.8396  1024.9615    24.3806     4.9795     73.694    94.0039    -0.0591      7.925     5.3612     7.6618    233.735    239.433  0.000e+00
   58.97382 -136.13568    222.287    124.859    123.654     4.9859    30.8418  1024.9633    24.3826     4.9771     73.670    94.0598    -0.0591      7.926     5.3597     7.6595    233.667    239.364  0.000e+00
   58.97382 -136.13568    222.287    124.859    123.654     4.9831    30.8438  1024.9651    24.3845     4.9743     73.646    94.0598    -0.0591      7.926     5.3582     7.6575    233.603    239.299  0.000e+00
   58.97382 -136.13568    222.287    124.859    123.654     4.9801    30.8455  1024.9668    24.3862     4.9713     73.621    94.0319    -0.0591      7.926     5.3568     7.6554    233.539    239.234  0.000e+00
   58.97382 -136.13568    222.231    124.802    123.598     4.9771    30.8473  1024.9683    24.3879     4.9683     73.604    94.0319    -0.0591      7.926     5.3559     7.6541    233.499    239.194  0.000e+00
   58.97382 -136.13568    222.167    124.737    123.534     4.9752    30.8494  1024.9699    24.3898     4.9664     73.587    94.0319    -0.0591      7.926     5.3548     7.6526    233.452    239.146  0.000e+00
   58.97382 -136.13568    222.167    124.737    123.534     4.9735    30.8505  1024.9709    24.3908     4.9647     73.513    94.0319    -0.0591      7.926     5.3496     7.6451    233.225    238.913  0.000e+00
   58.97382 -136.13568    222.111    124.681    123.478     4.9726    30.8498  1024.9702    24.3903     4.9638     73.488    94.0319    -0.0591      7.926     5.3479     7.6427    233.151    238.838  0.000e+00
   58.97382 -136.13568    222.086    124.681    123.478     4.9718    30.8495  1024.9700    24.3902     4.9630     73.521    94.0319    -0.0591      7.926     5.3505     7.6463    233.262    238.951  0.000e+00
   58.97382 -136.13568    222.111    124.681    123.478     4.9712    30.8487  1024.9695    24.3896     4.9624     73.448    94.0319    -0.0591      7.926     5.3452     7.6388    233.033    238.717  0.000e+00
   58.97382 -136.13568    221.990    124.559    123.358     4.9693    30.8493  1024.9696    24.3903     4.9605     73.423    94.0319    -0.0591      7.926     5.3436     7.6366    232.964    238.646  0.000e+00
   58.97382 -136.13568    221.990    124.559    123.358     4.9684    30.8482  1024.9688    24.3895     4.9596     73.408    94.0319    -0.0591      7.926     5.3427     7.6352    232.924    238.605  0.000e+00
   58.97382 -136.13568    221.990    124.559    123.358     4.9696    30.8463  1024.9672    24.3879     4.9608     73.394    94.0319    -0.0591      7.926     5.3415     7.6336    232.874    238.553  0.000e+00
   58.97382 -136.13568    221.934    124.503    123.302     4.9707    30.8455  1024.9661    24.3871     4.9619     73.379    94.0319    -0.0591      7.926     5.3404     7.6319    232.824    238.502  0.000e+00
   58.97382 -136.13568    221.934    124.503    123.302     4.9720    30.8437  1024.9646    24.3856     4.9632     73.366    94.0319    -0.0591      7.926     5.3393     7.6304    232.778    238.454  0.000e+00
   58.97382 -136.13568    221.870    124.438    123.238     4.9726    30.8422  1024.9630    24.3843     4.9638     73.353    94.0319    -0.0591      7.926     5.3384     7.6290    232.736    238.411  0.000e+00
   58.97382 -136.13568    221.870    124.438    123.238     4.9723    30.8424  1024.9632    24.3845     4.9635     73.341    94.0319    -0.0884      7.926     5.3375     7.6279    232.701    238.375  0.000e+00
   58.97382 -136.13568    221.814    124.381    123.182     4.9716    30.8425  1024.9631    24.3846     4.9629     73.273    94.0319    -0.0884      7.926     5.3326     7.6208    232.486    238.155  0.000e+00
   58.97382 -136.13568    221.758    124.324    123.125     4.9715    30.8418  1024.9623    24.3841     4.9627     73.254    94.0319    -0.0884      7.926     5.3313     7.6190    232.428    238.096  0.000e+00
   58.97382 -136.13568    221.622    124.187    122.989     4.9716    30.8411  1024.9611    24.3836     4.9629     73.244    94.0598    -0.0884      7.926     5.3306     7.6180    232.398    238.065  0.000e+00
   58.97382 -136.13568    221.870    124.438    123.238     4.9718    30.8422  1024.9631    24.3844     4.9630     73.240    94.1158    -0.0884      7.926     5.3302     7.6174    232.381    238.047  0.000e+00
   58.97382 -136.13568    221.574    124.138    122.941     4.9722    30.8425  1024.9619    24.3846     4.9634     73.231    94.1438    -0.0884      7.926     5.3295     7.6164    232.351    238.017  0.000e+00
   58.97382 -136.13568    221.758    124.324    123.125     4.9750    30.8394  1024.9601    24.3819     4.9662     73.277    94.1438    -0.0884      7.926     5.3326     7.6208    232.486    238.154  0.000e+00
   58.97382 -136.13568    221.589    124.203    123.005     4.9771    30.8376  1024.9578    24.3802     4.9683     73.280    94.1438    -0.0884      7.926     5.3327     7.6209    232.488    238.156  0.000e+00
   58.97382 -136.13568    221.574    124.138    122.941     4.9763    30.8384  1024.9582    24.3809     4.9675     73.277    94.1438    -0.0884      7.926     5.3325     7.6207    232.481    238.149  0.000e+00
   58.97382 -136.13568    221.574    124.138    122.941     4.9750    30.8391  1024.9590    24.3816     4.9663     73.218    94.1158    -0.0884      7.926     5.3283     7.6147    232.298    237.962  0.000e+00
   58.97382 -136.13568    221.469    124.082    122.885     4.9755    30.8377  1024.9575    24.3805     4.9668     73.216    94.1438    -0.0884      7.926     5.3282     7.6145    232.293    237.957  0.000e+00
   58.97382 -136.13568    221.461    124.025    122.829     4.9772    30.8374  1024.9568    24.3800     4.9685     73.216    94.1438    -0.1177      7.926     5.3280     7.6142    232.284    237.947  0.000e+00
   58.97382 -136.13568    221.461    124.025    122.829     4.9817    30.8349  1024.9544    24.3776     4.9729     73.217    94.1438    -0.1177      7.926     5.3276     7.6136    232.267    237.930  0.000e+00
   58.97382 -136.13568    221.397    123.960    122.765     4.9890    30.8284  1024.9481    24.3716     4.9803     73.219    94.1438    -0.0884      7.925     5.3270     7.6128    232.242    237.903  0.000e+00
   58.97382 -136.13568    221.397    123.960    122.765     4.9968    30.8213  1024.9417    24.3652     4.9880     73.213    94.1438    -0.0884      7.925     5.3258     7.6112    232.194    237.852  0.000e+00
   58.97382 -136.13568    221.397    123.960    122.765     5.0033    30.8159  1024.9367    24.3603     4.9946     73.218    94.1438    -0.0884      7.925     5.3255     7.6107    232.182    237.838  0.000e+00
   58.97382 -136.13568    221.277    123.839    122.645     5.0070    30.8138  1024.9341    24.3582     4.9982     73.223    94.1438    -0.0884      7.925     5.3255     7.6107    232.183    237.838  0.000e+00
   58.97382 -136.13568    221.277    123.839    122.645     5.0091    30.8138  1024.9339    24.3580     5.0003     73.232    94.1438    -0.0884      7.925     5.3259     7.6112    232.198    237.853  0.000e+00
   58.97382 -136.13568    221.277    123.839    122.645     5.0100    30.8161  1024.9355    24.3597     5.0012     73.242    94.1438    -0.0884      7.925     5.3264     7.6119    232.220    237.877  0.000e+00
   58.97382 -136.13568    221.165    123.726    122.532     5.0115    30.8195  1024.9376    24.3622     5.0027     73.252    94.1438    -0.0884      7.925     5.3268     7.6126    232.238    237.896  0.000e+00
   58.97382 -136.13568    221.221    123.782    122.588     5.0130    30.8214  1024.9392    24.3636     5.0042     73.199    94.1438    -0.0884      7.925     5.3227     7.6067    232.058    237.711  0.000e+00
   58.97382 -136.13568    221.149    123.709    122.516     5.0146    30.8231  1024.9400    24.3647     5.0059     73.252    94.1438    -0.0591      7.925     5.3263     7.6119    232.216    237.874  0.000e+00
   58.97382 -136.13568    221.101    123.661    122.468     5.0167    30.8226  1024.9391    24.3641     5.0079     73.258    94.1438    -0.0591      7.925     5.3265     7.6121    232.224    237.882  0.000e+00
   58.97382 -136.13568    221.101    123.661    122.468     5.0184    30.8219  1024.9384    24.3634     5.0097     73.208    94.1158    -0.0591      7.925     5.3227     7.6066    232.056    237.710  0.000e+00
   58.97382 -136.13568    221.045    123.604    122.412     5.0199    30.8206  1024.9369    24.3622     5.0111     73.208    94.0878    -0.0591      7.925     5.3225     7.6064    232.050    237.703  0.000e+00
   58.97382 -136.13568    220.981    123.539    122.348     5.0213    30.8195  1024.9356    24.3612     5.0125     73.266    94.0598    -0.0591      7.925     5.3266     7.6123    232.230    237.888  0.000e+00
   58.97382 -136.13568    220.981    123.539    122.348     5.0221    30.8203  1024.9361    24.3617     5.0133     73.278    94.0598    -0.0591      7.925     5.3273     7.6133    232.260    237.919  0.000e+00
   58.97382 -136.13568    220.924    123.483    122.292     5.0228    30.8218  1024.9370    24.3629     5.0140     73.290    94.0598    -0.0591      7.925     5.3281     7.6143    232.292    237.951  0.000e+00
