EcoFOCI/data/1_SampleCollection/2022_GOA-OA_CruiseData/CTD_raw_BottleFile_RC0083/RC0083_017.ros
* Sea-Bird SBE 9 Data File:
* FileName = C:\Data\RC0083ctd\RC0083_017.hex
* Software Version Seasave V 7.26.7.107
* Temperature SN = 2060
* Conductivity SN = 1084
* Number of Bytes Per Scan = 31
* Number of Voltage Words = 4
* Number of Scans Averaged by the Deck Unit = 1
* NMEA Latitude = 56 10.75 N
* NMEA Longitude = 134 24.05 W
* NMEA UTC (Time) = Aug 13 2022  15:43:07
* NMEA baud rate = 4800
** Ship: R/V Rachel Carson
** Cruise ID: RC0083 RC0083
** Tech: McHugh/Nomura
** Chief Scientist: Cross Cross
** Station: CS2
** Cast:  017
# nquan = 21
# nvalues = 441                                   
# units = specified
# name 0 = latitude: Latitude [deg]
# name 1 = longitude: Longitude [deg]
# name 2 = sfdSM: Seafloor depth [salt water, m]
# name 3 = prDM: Pressure, Digiquartz [db]
# name 4 = depSM: Depth [salt water, m]
# name 5 = t090C: Temperature [ITS-90, deg C]
# name 6 = sal00: Salinity, Practical [PSU]
# name 7 = density00: Density [density, kg/m^3]
# name 8 = sigma-é00: Density [sigma-theta, kg/m^3]
# name 9 = potemp090C: Potential Temperature [ITS-90, deg C]
# name 10 = sbeox0PS: Oxygen, SBE 43 [% saturation]
# name 11 = CStarTr0: Beam Transmission, WET Labs C-Star [%]
# name 12 = flECO-AFL: Fluorescence, WET Labs ECO-AFL/FL [mg/m^3]
# name 13 = ph: pH
# name 14 = sbeox0ML/L: Oxygen, SBE 43 [ml/l]
# name 15 = sbeox0Mg/L: Oxygen, SBE 43 [mg/l]
# name 16 = sbox0Mm/Kg: Oxygen, SBE 43 [umol/kg]
# name 17 = sbeox0Mm/L: Oxygen, SBE 43 [umol/l]
# name 18 = scan: Scan Count
# name 19 = nbf: Bottles Fired
# name 20 = flag:  0.000e+00
# interval = seconds: 0.0416667
# start_time = Aug 13 2022 15:43:07 [NMEA time, header]
# bad_flag = -9.990e-29
*END*
[from data line 138]
   56.17570 -134.40520    299.887    203.206    201.255     5.8297    33.5959  1027.4016    26.4663     5.8129     33.472   106.0865    -0.0884      7.768     2.3435     3.3491    101.962    104.661      37051          3  0.000e+00
   56.17570 -134.40520    299.895    203.214    201.263     5.8311    33.5949  1027.4008    26.4654     5.8143     33.476   106.1424    -0.0884      7.768     2.3437     3.3494    101.971    104.670      37052          3  0.000e+00
   56.17570 -134.40520    299.943    203.263    201.311     5.8311    33.5947  1027.4008    26.4652     5.8144     33.480   106.1704    -0.0884      7.768     2.3440     3.3498    101.982    104.681      37053          3  0.000e+00
   56.17570 -134.40520    299.895    203.214    201.263     5.8306    33.5954  1027.4012    26.4658     5.8139     33.483   106.1704    -0.0884      7.768     2.3442     3.3501    101.992    104.691      37054          3  0.000e+00
   56.17570 -134.40520    299.887    203.206    201.255     5.8298    33.5958  1027.4016    26.4662     5.8131     33.485   106.1704    -0.0884      7.768     2.3444     3.3504    102.002    104.702      37055          3  0.000e+00
   56.17570 -134.40520    299.959    203.279    201.327     5.8293    33.5961  1027.4022    26.4665     5.8126     33.488   106.1704    -0.0884      7.768     2.3446     3.3507    102.011    104.711      37056          3  0.000e+00
   56.17570 -134.40520    299.895    203.214    201.263     5.8293    33.5966  1027.4023    26.4669     5.8126     33.490   106.1704    -0.0884      7.768     2.3447     3.3509    102.016    104.717      37057          3  0.000e+00
   56.17570 -134.40520    299.943    203.263    201.311     5.8292    33.5962  1027.4023    26.4666     5.8124     33.492   106.1424    -0.0884      7.768     2.3449     3.3511    102.023    104.723      37058          3  0.000e+00
   56.17570 -134.40520    299.895    203.214    201.263     5.8290    33.5964  1027.4022    26.4668     5.8123     33.493   106.1704    -0.0884      7.768     2.3450     3.3512    102.027    104.727      37059          3  0.000e+00
   56.17522 -134.40536    248.567    151.369    149.935     6.3423    33.1834  1026.7717    26.0760     6.3293     41.269   105.3034    -0.0298      7.830     2.8628     4.0913    124.605    127.854      40995          4  0.000e+00
   56.17522 -134.40536    248.800    151.604    150.167     6.3410    33.1846  1026.7739    26.0771     6.3280     41.274   105.3034    -0.0298      7.830     2.8632     4.0918    124.620    127.870      40996          4  0.000e+00
   56.17522 -134.40536    248.680    151.483    150.047     6.3389    33.1864  1026.7750    26.0787     6.3259     41.277   105.3034    -0.0298      7.830     2.8635     4.0922    124.634    127.884      40997          4  0.000e+00
   56.17522 -134.40536    248.744    151.548    150.111     6.3374    33.1878  1026.7766    26.0800     6.3245     41.281   105.3034    -0.0298      7.830     2.8639     4.0927    124.649    127.900      40998          4  0.000e+00
   56.17522 -134.40536    248.736    151.540    150.103     6.3364    33.1882  1026.7770    26.0805     6.3235     41.285   105.3034    -0.0298      7.830     2.8642     4.0932    124.663    127.915      40999          4  0.000e+00
   56.17522 -134.40536    248.688    151.491    150.055     6.3362    33.1887  1026.7772    26.0809     6.3232     41.289   105.3034    -0.0298      7.830     2.8645     4.0936    124.676    127.928      41000          4  0.000e+00
   56.17522 -134.40536    248.736    151.540    150.103     6.3357    33.1893  1026.7779    26.0814     6.3228     41.294   105.3034    -0.0298      7.830     2.8648     4.0941    124.692    127.944      41001          4  0.000e+00
   56.17522 -134.40536    248.744    151.548    150.111     6.3360    33.1888  1026.7775    26.0810     6.3231     41.299   105.3034    -0.0298      7.830     2.8652     4.0946    124.706    127.959      41002          4  0.000e+00
   56.17522 -134.40536    248.736    151.540    150.103     6.3360    33.1889  1026.7776    26.0811     6.3231     41.361   105.3034    -0.0298      7.830     2.8695     4.1008    124.894    128.152      41003          4  0.000e+00
   56.17522 -134.40536    248.808    151.612    150.175     6.3365    33.1885  1026.7775    26.0807     6.3236     41.374   105.3034    -0.0298      7.830     2.8704     4.1021    124.934    128.193      41004          4  0.000e+00
   56.17522 -134.40536    248.736    151.540    150.103     6.3377    33.1874  1026.7762    26.0797     6.3247     41.387   105.3034    -0.0298      7.830     2.8712     4.1033    124.970    128.229      41005          4  0.000e+00
   56.17522 -134.40536    248.864    151.669    150.232     6.3395    33.1860  1026.7755    26.0784     6.3265     41.401   105.3034    -0.0298      7.830     2.8721     4.1045    125.008    128.268      41006          4  0.000e+00
   56.17522 -134.40536    248.680    151.483    150.047     6.3397    33.1862  1026.7747    26.0785     6.3268     41.413   105.3034    -0.0298      7.830     2.8729     4.1057    125.043    128.304      41007          4  0.000e+00
   56.17520 -134.40536    248.808    151.613    150.175     6.3392    33.1867  1026.7758    26.0789     6.3263     41.419   105.3034    -0.0298      7.830     2.8733     4.1063    125.062    128.323      41008          4  0.000e+00
   56.17520 -134.40536    248.800    151.604    150.167     6.3392    33.1867  1026.7757    26.0789     6.3263     41.423   105.3034    -0.0298      7.830     2.8737     4.1067    125.075    128.337      41009          4  0.000e+00
   56.17520 -134.40536    248.808    151.613    150.176     6.3392    33.1867  1026.7758    26.0789     6.3263     41.428   105.3034    -0.0298      7.830     2.8740     4.1072    125.089    128.351      41010          4  0.000e+00
   56.17520 -134.40536    248.856    151.661    150.224     6.3389    33.1866  1026.7759    26.0789     6.3259     41.497   105.3034    -0.0298      7.830     2.8788     4.1141    125.300    128.567      41011          4  0.000e+00
   56.17520 -134.40536    248.864    151.669    150.232     6.3387    33.1868  1026.7762    26.0791     6.3258     41.460   105.2754    -0.0298      7.830     2.8762     4.1104    125.188    128.452      41012          4  0.000e+00
   56.17520 -134.40536    248.800    151.604    150.168     6.3387    33.1869  1026.7759    26.0791     6.3258     41.472   105.2474    -0.0298      7.830     2.8770     4.1116    125.222    128.488      41013          4  0.000e+00
   56.17520 -134.40536    248.864    151.669    150.232     6.3388    33.1868  1026.7762    26.0791     6.3259     41.541   105.2754    -0.0298      7.830     2.8818     4.1184    125.431    128.703      41014          4  0.000e+00
   56.17520 -134.40536    248.912    151.718    150.280     6.3389    33.1869  1026.7765    26.0791     6.3259     41.552   105.2474    -0.0298      7.830     2.8826     4.1196    125.466    128.738      41015          4  0.000e+00
   56.17520 -134.40536    248.864    151.669    150.232     6.3387    33.1869  1026.7763    26.0792     6.3258     41.563   105.2754    -0.0298      7.830     2.8833     4.1206    125.497    128.770      41016          4  0.000e+00
   56.17520 -134.40536    248.912    151.718    150.280     6.3392    33.1866  1026.7761    26.0788     6.3263     41.573   105.2474    -0.0298      7.830     2.8840     4.1216    125.527    128.800      41017          4  0.000e+00
   56.17520 -134.40536    248.912    151.718    150.280     6.3394    33.1865  1026.7761    26.0787     6.3264     41.582   105.2474    -0.0298      7.830     2.8847     4.1225    125.554    128.828      41018          4  0.000e+00
   56.17520 -134.40536    248.928    151.734    150.296     6.3399    33.1862  1026.7759    26.0785     6.3269     41.591   105.2754    -0.0298      7.830     2.8852     4.1233    125.579    128.854      41019          4  0.000e+00
   56.17520 -134.40536    248.912    151.718    150.280     6.3399    33.1863  1026.7758    26.0785     6.3269     41.598   105.2754    -0.0298      7.830     2.8858     4.1240    125.603    128.878      41020          4  0.000e+00
   56.17520 -134.40536    248.984    151.791    150.352     6.3400    33.1857  1026.7758    26.0781     6.3270     41.606   105.2754    -0.0298      7.830     2.8863     4.1248    125.626    128.902      41021          4  0.000e+00
   56.17520 -134.40536    248.912    151.718    150.280     6.3399    33.1859  1026.7756    26.0782     6.3269     41.612   105.2754    -0.0298      7.830     2.8867     4.1254    125.645    128.921      41022          4  0.000e+00
   56.17520 -134.40536    249.041    151.848    150.408     6.3400    33.1856  1026.7759    26.0780     6.3271     41.676   105.2754    -0.0005      7.830     2.8911     4.1317    125.837    129.119      41023          4  0.000e+00
   56.17520 -134.40536    248.977    151.783    150.344     6.3399    33.1857  1026.7757    26.0780     6.3269     41.689   105.2754    -0.0005      7.830     2.8920     4.1330    125.875    129.158      41024          4  0.000e+00
   56.17520 -134.40536    248.985    151.791    150.352     6.3399    33.1857  1026.7757    26.0780     6.3269     41.700   105.2474    -0.0005      7.830     2.8929     4.1342    125.911    129.195      41025          4  0.000e+00
   56.17520 -134.40536    249.033    151.839    150.400     6.3400    33.1853  1026.7756    26.0777     6.3271     41.712   105.2474    -0.0005      7.830     2.8936     4.1353    125.945    129.229      41026          4  0.000e+00
   56.17520 -134.40536    249.041    151.848    150.408     6.3400    33.1854  1026.7758    26.0778     6.3271     41.722   105.2474    -0.0005      7.830     2.8943     4.1363    125.975    129.260      41027          4  0.000e+00
   56.17520 -134.40536    249.033    151.839    150.400     6.3398    33.1855  1026.7758    26.0779     6.3268     41.730   105.2754    -0.0005      7.830     2.8949     4.1372    126.002    129.288      41028          4  0.000e+00
   56.17520 -134.40536    249.041    151.848    150.408     6.3391    33.1859  1026.7763    26.0783     6.3261     41.738   105.2754    -0.0005      7.830     2.8955     4.1380    126.028    129.315      41029          4  0.000e+00
   56.17520 -134.40536    249.033    151.839    150.400     6.3385    33.1863  1026.7766    26.0787     6.3255     41.745   105.2754    -0.0005      7.830     2.8961     4.1388    126.051    129.338      41030          4  0.000e+00
   56.17520 -134.40536    249.105    151.912    150.472     6.3379    33.1871  1026.7776    26.0794     6.3250     41.752   105.2754    -0.0005      7.830     2.8965     4.1394    126.071    129.358      41031          4  0.000e+00
   56.17520 -134.40536    249.033    151.840    150.400     6.3377    33.1875  1026.7777    26.0798     6.3247     41.813   105.3313    -0.0005      7.830     2.9008     4.1455    126.257    129.550      41032          4  0.000e+00
   56.17520 -134.40538    249.105    151.912    150.472     6.3372    33.1878  1026.7783    26.0800     6.3242     41.768   105.3593    -0.0005      7.830     2.8977     4.1411    126.122    129.412      41033          4  0.000e+00
   56.17520 -134.40538    249.097    151.904    150.464     6.3370    33.1878  1026.7783    26.0801     6.3240     41.828   105.3873    -0.0005      7.830     2.9019     4.1470    126.303    129.597      41034          4  0.000e+00
   56.17520 -134.40538    249.041    151.848    150.408     6.3370    33.1879  1026.7781    26.0801     6.3240     41.837   105.3873    -0.0005      7.830     2.9025     4.1479    126.330    129.625      41035          4  0.000e+00
   56.17520 -134.40538    249.153    151.961    150.521     6.3366    33.1882  1026.7789    26.0805     6.3236     41.846   105.3593    -0.0005      7.825     2.9031     4.1488    126.357    129.652      41036          4  0.000e+00
   56.17520 -134.40538    249.097    151.904    150.464     6.3368    33.1881  1026.7785    26.0803     6.3238     41.852   105.3593    -0.0005      7.825     2.9035     4.1494    126.375    129.671      41037          4  0.000e+00
   56.17520 -134.40538    249.105    151.912    150.472     6.3359    33.1887  1026.7792    26.0810     6.3229     41.857   105.3873    -0.0005      7.830     2.9039     4.1500    126.394    129.690      41038          4  0.000e+00
   56.17520 -134.40538    249.097    151.904    150.464     6.3283    33.1945  1026.7847    26.0865     6.3154     41.862   105.3873    -0.0005      7.825     2.9047     4.1511    126.425    129.723      41039          4  0.000e+00
   56.17520 -134.40538    249.105    151.912    150.472     6.3205    33.2005  1026.7905    26.0922     6.3075     41.866   105.3873    -0.0005      7.830     2.9053     4.1520    126.453    129.753      41040          4  0.000e+00
   56.17520 -134.40538    249.097    151.904    150.464     6.3124    33.2072  1026.7968    26.0985     6.2995     41.868   105.3873    -0.0005      7.825     2.9059     4.1528    126.477    129.778      41041          4  0.000e+00
   56.17520 -134.40538    249.105    151.913    150.473     6.3134    33.2064  1026.7961    26.0978     6.3004     41.868   105.3873    -0.0005      7.825     2.9059     4.1528    126.475    129.776      41042          4  0.000e+00
   56.17520 -134.40538    249.097    151.904    150.465     6.3178    33.2038  1026.7934    26.0951     6.3048     41.923   105.3593    -0.0298      7.825     2.9095     4.1579    126.632    129.936      41043          4  0.000e+00
   56.17518 -134.40538    248.915    151.721    150.283     6.3214    33.1993  1026.7885    26.0911     6.3085     40.849   105.3313    -0.0298      7.820     2.8348     4.0512    123.381    126.600      41238          5  0.000e+00
   56.17518 -134.40538    249.228    152.037    150.595     6.3360    33.1864  1026.7779    26.0791     6.3230     40.864   105.3313    -0.0298      7.820     2.8350     4.0516    123.395    126.613      41239          5  0.000e+00
   56.17518 -134.40538    248.859    151.664    150.227     6.3447    33.1791  1026.7693    26.0723     6.3317     40.875   105.3313    -0.0298      7.820     2.8354     4.0521    123.411    126.628      41240          5  0.000e+00
   56.17518 -134.40538    248.987    151.794    150.355     6.3452    33.1796  1026.7703    26.0726     6.3322     40.890   105.3313    -0.0298      7.820     2.8364     4.0535    123.454    126.672      41241          5  0.000e+00
   56.17518 -134.40538    249.035    151.842    150.403     6.3469    33.1784  1026.7693    26.0714     6.3340     40.904   105.3313    -0.0298      7.820     2.8373     4.0547    123.493    126.712      41242          5  0.000e+00
   56.17518 -134.40538    248.987    151.794    150.355     6.3525    33.1739  1026.7648    26.0672     6.3396     40.917   105.3313    -0.0298      7.820     2.8379     4.0557    123.521    126.741      41243          5  0.000e+00
   56.17518 -134.40538    249.035    151.842    150.403     6.3567    33.1708  1026.7620    26.0642     6.3437     40.980   105.3313    -0.0298      7.820     2.8421     4.0616    123.702    126.926      41244          5  0.000e+00
   56.17518 -134.40538    248.987    151.794    150.355     6.3614    33.1672  1026.7583    26.0607     6.3484     40.993   105.3313    -0.0298      7.820     2.8427     4.0625    123.729    126.954      41245          5  0.000e+00
   56.17518 -134.40538    248.979    151.786    150.347     6.3665    33.1628  1026.7541    26.0566     6.3535     41.062   105.3313    -0.0298      7.820     2.8472     4.0689    123.927    127.156      41246          5  0.000e+00
   56.17518 -134.40538    248.987    151.794    150.355     6.3680    33.1615  1026.7530    26.0554     6.3550     41.024   105.3313    -0.0298      7.820     2.8445     4.0651    123.810    127.036      41247          5  0.000e+00
