EcoFOCI/data/1_SampleCollection/2022_GOA-OA_CruiseData/CTD_raw_BottleFile_RC0083/RC0083_039.ros
* Sea-Bird SBE 9 Data File:
* FileName = C:\Data\RC0083ctd\RC0083_039.hex
* Software Version Seasave V 7.26.7.107
* Temperature SN = 2060
* Conductivity SN = 1084
* Number of Bytes Per Scan = 31
* Number of Voltage Words = 4
* Number of Scans Averaged by the Deck Unit = 1
* NMEA Latitude = 58 14.18 N
* NMEA Longitude = 135 29.37 W
* NMEA UTC (Time) = Aug 18 2022  12:25:20
* NMEA baud rate = 4800
** Ship: R/V Rachel Carson
** Cruise ID: RC0083
** Tech: McHugh/Nomura
** Chief Scientist: Cross
** Station: ISB
** Cast:  CTD039
# nquan = 21
# nvalues = 196                                   
# units = specified
# name 0 = latitude: Latitude [deg]
# name 1 = longitude: Longitude [deg]
# name 2 = sfdSM: Seafloor depth [salt water, m]
# name 3 = prDM: Pressure, Digiquartz [db]
# name 4 = depSM: Depth [salt water, m]
# name 5 = t090C: Temperature [ITS-90, deg C]
# name 6 = sal00: Salinity, Practical [PSU]
# name 7 = density00: Density [density, kg/m^3]
# name 8 = sigma-é00: Density [sigma-theta, kg/m^3]
# name 9 = potemp090C: Potential Temperature [ITS-90, deg C]
# name 10 = sbeox0PS: Oxygen, SBE 43 [% saturation]
# name 11 = CStarTr0: Beam Transmission, WET Labs C-Star [%]
# name 12 = flECO-AFL: Fluorescence, WET Labs ECO-AFL/FL [mg/m^3]
# name 13 = ph: pH
# name 14 = sbeox0ML/L: Oxygen, SBE 43 [ml/l]
# name 15 = sbeox0Mg/L: Oxygen, SBE 43 [mg/l]
# name 16 = sbox0Mm/Kg: Oxygen, SBE 43 [umol/kg]
# name 17 = sbeox0Mm/L: Oxygen, SBE 43 [umol/l]
# name 18 = scan: Scan Count
# name 19 = nbf: Bottles Fired
# name 20 = flag:  0.000e+00
# interval = seconds: 0.0416667
# start_time = Aug 18 2022 12:25:20 [NMEA time, header]
# bad_flag = -9.990e-29
*END*
   58.23656 -135.49136    184.362    176.231    174.520     5.4505    33.1827  1026.9983    26.1846     5.4366     30.150    82.9562    -0.0591      7.683     2.1357     3.0522     92.948     95.382       7751          1  0.000e+00
   58.23656 -135.49136    184.482    176.353    174.641     5.4508    33.1826  1026.9987    26.1845     5.4370     30.204    82.9562    -0.0591      7.683     2.1395     3.0576     93.114     95.552       7752          1  0.000e+00
   58.23656 -135.49136    184.418    176.288    174.576     5.4507    33.1823  1026.9982    26.1842     5.4368     30.208    82.9562    -0.0591      7.683     2.1398     3.0580     93.127     95.565       7753          1  0.000e+00
   58.23656 -135.49136    184.418    176.288    174.576     5.4505    33.1825  1026.9984    26.1844     5.4366     30.213    83.0121    -0.0591      7.683     2.1401     3.0585     93.140     95.579       7754          1  0.000e+00
   58.23656 -135.49136    184.362    176.231    174.520     5.4507    33.1828  1026.9984    26.1847     5.4368     30.159    83.0680    -0.0591      7.683     2.1363     3.0530     92.973     95.408       7755          1  0.000e+00
   58.23656 -135.49136    184.457    176.353    174.640     5.4507    33.1827  1026.9988    26.1846     5.4368     30.147    83.0680    -0.0591      7.683     2.1355     3.0518     92.936     95.370       7756          1  0.000e+00
   58.23656 -135.49136    184.393    176.288    174.576     5.4507    33.1826  1026.9985    26.1845     5.4368     30.134    83.0680    -0.0591      7.683     2.1346     3.0505     92.897     95.329       7757          1  0.000e+00
   58.23656 -135.49136    184.393    176.288    174.576     5.4507    33.1822  1026.9981    26.1842     5.4368     30.121    83.0680    -0.0591      7.683     2.1337     3.0492     92.859     95.290       7758          1  0.000e+00
   58.23656 -135.49136    184.393    176.288    174.576     5.4505    33.1827  1026.9986    26.1846     5.4366     30.109    83.0680    -0.0591      7.683     2.1328     3.0480     92.820     95.251       7759          1  0.000e+00
   58.23656 -135.49136    184.457    176.353    174.640     5.4508    33.1825  1026.9986    26.1844     5.4370     30.097    83.0680    -0.0591      7.683     2.1319     3.0467     92.782     95.211       7760          1  0.000e+00
   58.23656 -135.49136    184.369    176.288    174.576     5.4507    33.1824  1026.9983    26.1844     5.4368     30.093    83.0680    -0.0591      7.683     2.1316     3.0463     92.770     95.199       7761          1  0.000e+00
   58.23656 -135.49136    184.369    176.288    174.576     5.4508    33.1820  1026.9980    26.1840     5.4370     30.089    83.0960    -0.0591      7.683     2.1314     3.0460     92.759     95.188       7762          1  0.000e+00
   58.23656 -135.49136    184.433    176.353    174.640     5.4507    33.1825  1026.9986    26.1844     5.4368     30.086    83.0680    -0.0591      7.683     2.1312     3.0457     92.750     95.179       7763          1  0.000e+00
   58.23656 -135.49136    184.369    176.288    174.576     5.4507    33.1826  1026.9985    26.1845     5.4368     30.083    83.0680    -0.0591      7.683     2.1310     3.0454     92.741     95.169       7764          1  0.000e+00
   58.23656 -135.49136    184.433    176.353    174.640     5.4505    33.1826  1026.9988    26.1845     5.4366     30.023    83.0680    -0.0591      7.683     2.1267     3.0393     92.556     94.980       7765          1  0.000e+00
   58.23656 -135.49136    184.369    176.288    174.576     5.4505    33.1824  1026.9983    26.1843     5.4366     30.013    83.0680    -0.0591      7.683     2.1260     3.0383     92.525     94.947       7766          1  0.000e+00
   58.23656 -135.49136    184.433    176.353    174.640     5.4506    33.1824  1026.9986    26.1843     5.4367     30.062    83.0680    -0.0298      7.683     2.1294     3.0432     92.674     95.101       7767          1  0.000e+00
   58.23656 -135.49136    184.369    176.288    174.576     5.4503    33.1827  1026.9986    26.1846     5.4365     30.061    83.0680    -0.0298      7.683     2.1294     3.0431     92.672     95.098       7768          1  0.000e+00
   58.23656 -135.49136    184.433    176.353    174.640     5.4505    33.1825  1026.9987    26.1845     5.4366     30.003    83.0960    -0.0298      7.683     2.1253     3.0372     92.493     94.915       7769          1  0.000e+00
   58.23656 -135.49136    184.313    176.231    174.520     5.4508    33.1825  1026.9981    26.1844     5.4370     30.052    83.0680    -0.0298      7.683     2.1288     3.0422     92.644     95.070       7770          1  0.000e+00
   58.23658 -135.49136    184.497    176.442    174.729     5.4507    33.1819  1026.9986    26.1840     5.4368     29.996    83.0680    -0.0298      7.683     2.1248     3.0365     92.472     94.893       7771          1  0.000e+00
   58.23658 -135.49136    184.344    176.288    174.576     5.4508    33.1823  1026.9982    26.1842     5.4370     29.988    83.0680    -0.0298      7.683     2.1242     3.0357     92.448     94.868       7772          1  0.000e+00
   58.23658 -135.49136    184.408    176.353    174.640     5.4507    33.1824  1026.9986    26.1843     5.4368     29.982    83.0680    -0.0298      7.683     2.1238     3.0351     92.429     94.850       7773          1  0.000e+00
   58.23658 -135.49136    184.344    176.288    174.576     5.4506    33.1825  1026.9984    26.1844     5.4367     29.976    83.0401    -0.0298      7.683     2.1234     3.0346     92.412     94.832       7774          1  0.000e+00
   58.23658 -135.49136    184.408    176.353    174.640     5.4508    33.1822  1026.9984    26.1841     5.4370     29.972    82.9282    -0.0298      7.683     2.1231     3.0341     92.397     94.816       7775          1  0.000e+00
   58.23658 -135.49136    184.344    176.288    174.576     5.4508    33.1818  1026.9978    26.1838     5.4370     29.967    82.9002    -0.0298      7.683     2.1228     3.0336     92.384     94.803       7776          1  0.000e+00
   58.23658 -135.49136    184.408    176.353    174.640     5.4508    33.1816  1026.9979    26.1837     5.4370     29.964    82.9002    -0.0298      7.683     2.1225     3.0333     92.374     94.793       7777          1  0.000e+00
   58.23658 -135.49136    184.408    176.353    174.640     5.4510    33.1815  1026.9978    26.1836     5.4371     29.961    82.9282    -0.0298      7.683     2.1223     3.0330     92.365     94.784       7778          1  0.000e+00
   58.23658 -135.49136    184.344    176.288    174.576     5.4513    33.1812  1026.9973    26.1833     5.4374     29.959    82.9282    -0.0298      7.683     2.1222     3.0328     92.357     94.776       7779          1  0.000e+00
   58.23658 -135.49136    184.384    176.353    174.640     5.4516    33.1806  1026.9970    26.1828     5.4378     29.958    82.9002    -0.0298      7.683     2.1221     3.0326     92.353     94.772       7780          1  0.000e+00
   58.23658 -135.49136    184.320    176.288    174.576     5.4526    33.1790  1026.9953    26.1814     5.4387     29.957    82.9002    -0.0298      7.683     2.1220     3.0325     92.349     94.767       7781          1  0.000e+00
   58.23658 -135.49136    184.384    176.353    174.640     5.4528    33.1781  1026.9949    26.1807     5.4389     29.957    82.9282    -0.0298      7.683     2.1220     3.0325     92.350     94.768       7782          1  0.000e+00
   58.23658 -135.49136    184.320    176.288    174.576     5.4529    33.1775  1026.9941    26.1802     5.4390     29.958    82.9002    -0.0591      7.683     2.1220     3.0326     92.352     94.770       7783          1  0.000e+00
   58.23658 -135.49136    184.320    176.288    174.576     5.4531    33.1778  1026.9943    26.1804     5.4392     29.959    82.9282    -0.0298      7.683     2.1221     3.0327     92.355     94.773       7784          1  0.000e+00
   58.23658 -135.49136    184.320    176.288    174.576     5.4532    33.1774  1026.9940    26.1801     5.4394     29.961    82.9282    -0.0298      7.683     2.1223     3.0329     92.362     94.780       7785          1  0.000e+00
   58.23658 -135.49136    184.320    176.288    174.576     5.4534    33.1776  1026.9941    26.1802     5.4395     29.964    82.9282    -0.0298      7.683     2.1224     3.0332     92.370     94.788       7786          1  0.000e+00
   58.23658 -135.49136    184.384    176.353    174.640     5.4535    33.1769  1026.9939    26.1796     5.4397     29.967    82.9282    -0.0298      7.683     2.1227     3.0336     92.381     94.800       7787          1  0.000e+00
   58.23658 -135.49136    184.264    176.231    174.520     5.4534    33.1769  1026.9933    26.1796     5.4395     29.971    82.9282    -0.0591      7.683     2.1230     3.0339     92.393     94.812       7788          1  0.000e+00
   58.23658 -135.49136    184.320    176.288    174.576     5.4535    33.1770  1026.9937    26.1797     5.4396     29.910    82.9282    -0.0298      7.683     2.1186     3.0277     92.204     94.618       7789          1  0.000e+00
   58.23658 -135.49136    184.320    176.288    174.576     5.4534    33.1771  1026.9938    26.1798     5.4395     29.907    82.9282    -0.0298      7.683     2.1184     3.0274     92.195     94.609       7790          1  0.000e+00
   58.23658 -135.49136    184.320    176.288    174.576     5.4534    33.1769  1026.9936    26.1797     5.4395     29.963    82.9282    -0.0298      7.678     2.1224     3.0331     92.368     94.786       7791          1  0.000e+00
   58.23658 -135.49136    184.264    176.231    174.520     5.4538    33.1764  1026.9929    26.1792     5.4400     29.970    82.9282    -0.0298      7.678     2.1229     3.0338     92.389     94.808       7792          1  0.000e+00
   58.23658 -135.49136    184.320    176.288    174.576     5.4534    33.1773  1026.9939    26.1800     5.4395     29.978    82.9282    -0.0298      7.683     2.1235     3.0347     92.415     94.834       7793          1  0.000e+00
   58.23658 -135.49136    184.264    176.231    174.520     5.4535    33.1771  1026.9935    26.1798     5.4397     29.920    82.9002    -0.0298      7.683     2.1194     3.0288     92.236     94.651       7794          1  0.000e+00
   58.23658 -135.49138    184.320    176.288    174.576     5.4531    33.1781  1026.9946    26.1806     5.4392     29.913    82.8723    -0.0298      7.683     2.1188     3.0280     92.213     94.628       7795          1  0.000e+00
   58.23658 -135.49138    184.320    176.288    174.576     5.4526    33.1788  1026.9952    26.1813     5.4387     29.906    82.8443    -0.0591      7.683     2.1184     3.0274     92.193     94.607       7796          1  0.000e+00
   58.23658 -135.49138    184.264    176.231    174.520     5.4522    33.1797  1026.9957    26.1820     5.4383     29.900    82.8443    -0.0298      7.683     2.1179     3.0267     92.173     94.587       7797          1  0.000e+00
   58.23658 -135.49138    184.264    176.231    174.520     5.4523    33.1797  1026.9957    26.1820     5.4384     29.894    82.8443    -0.0298      7.683     2.1175     3.0262     92.156     94.569       7798          1  0.000e+00
   58.23658 -135.49138    184.320    176.288    174.576     5.4524    33.1793  1026.9956    26.1816     5.4386     29.898    82.8443    -0.0298      7.683     2.1178     3.0266     92.168     94.581       7799          1  0.000e+00
   58.23666 -135.49214    199.504    101.843    100.872     6.1559    32.2271  1025.8136    25.3440     6.1475     41.282    74.9011     0.0288      7.763     2.8945     4.1365    126.071    129.266      11699          2  0.000e+00
   58.23666 -135.49214    199.360    101.697    100.728     6.1555    32.2275  1025.8133    25.3444     6.1471     41.289    74.9011     0.0288      7.763     2.8950     4.1372    126.095    129.291      11700          2  0.000e+00
   58.23666 -135.49214    199.392    101.729    100.760     6.1556    32.2270  1025.8130    25.3440     6.1473     41.298    74.9011     0.0288      7.763     2.8956     4.1381    126.121    129.318      11701          2  0.000e+00
   58.23666 -135.49214    199.360    101.697    100.728     6.1556    32.2272  1025.8130    25.3441     6.1473     41.299    74.9011     0.0288      7.763     2.8956     4.1382    126.123    129.319      11702          2  0.000e+00
   58.23666 -135.49214    199.392    101.729    100.760     6.1551    32.2279  1025.8138    25.3448     6.1467     41.299    74.9011     0.0288      7.763     2.8957     4.1383    126.126    129.323      11703          2  0.000e+00
   58.23666 -135.49214    199.424    101.762    100.792     6.1547    32.2286  1025.8146    25.3454     6.1463     41.300    74.9011     0.0288      7.763     2.8958     4.1384    126.129    129.326      11704          2  0.000e+00
   58.23666 -135.49214    199.328    101.665    100.696     6.1544    32.2289  1025.8144    25.3456     6.1461     41.301    74.9011     0.0288      7.763     2.8958     4.1384    126.130    129.327      11705          2  0.000e+00
   58.23666 -135.49214    199.360    101.697    100.728     6.1540    32.2295  1025.8151    25.3462     6.1457     41.301    74.9011     0.0288      7.763     2.8959     4.1385    126.134    129.331      11706          2  0.000e+00
   58.23668 -135.49214    199.392    101.729    100.760     6.1533    32.2305  1025.8161    25.3470     6.1449     41.302    74.9011     0.0288      7.763     2.8960     4.1387    126.138    129.335      11707          2  0.000e+00
   58.23668 -135.49214    199.360    101.697    100.728     6.1530    32.2308  1025.8162    25.3473     6.1447     41.303    74.9011     0.0288      7.763     2.8960     4.1387    126.140    129.337      11708          2  0.000e+00
   58.23668 -135.49214    199.328    101.665    100.696     6.1527    32.2313  1025.8165    25.3478     6.1444     41.303    74.9011     0.0288      7.763     2.8961     4.1388    126.142    129.339      11709          2  0.000e+00
   58.23668 -135.49214    199.304    101.640    100.672     6.1525    32.2316  1025.8166    25.3480     6.1442     41.247    74.9011     0.0288      7.763     2.8922     4.1332    125.971    129.164      11710          2  0.000e+00
   58.23668 -135.49214    199.448    101.786    100.816     6.1524    32.2318  1025.8175    25.3482     6.1441     41.241    74.9011     0.0288      7.763     2.8917     4.1326    125.952    129.145      11711          2  0.000e+00
   58.23668 -135.49214    199.328    101.665    100.696     6.1525    32.2315  1025.8166    25.3479     6.1442     41.234    74.9011     0.0288      7.763     2.8912     4.1318    125.930    129.122      11712          2  0.000e+00
   58.23668 -135.49214    199.360    101.697    100.728     6.1526    32.2317  1025.8169    25.3480     6.1442     41.228    74.9011     0.0288      7.763     2.8908     4.1312    125.911    129.103      11713          2  0.000e+00
   58.23668 -135.49214    199.328    101.665    100.696     6.1525    32.2317  1025.8168    25.3481     6.1442     41.222    74.9011     0.0581      7.763     2.8904     4.1306    125.893    129.084      11714          2  0.000e+00
   58.23668 -135.49214    199.424    101.762    100.792     6.1520    32.2316  1025.8173    25.3481     6.1436     41.217    74.8172     0.0581      7.763     2.8901     4.1302    125.879    129.070      11715          2  0.000e+00
   58.23668 -135.49214    199.328    101.665    100.696     6.1521    32.2314  1025.8166    25.3479     6.1438     41.211    74.6773     0.0581      7.763     2.8896     4.1296    125.861    129.052      11716          2  0.000e+00
   58.23668 -135.49214    199.360    101.697    100.728     6.1520    32.2317  1025.8170    25.3481     6.1437     41.206    74.6494     0.0581      7.763     2.8893     4.1291    125.847    129.037      11717          2  0.000e+00
