EcoFOCI/data/1_SampleCollection/2022_GOA-OA_CruiseData/CTD_raw_BottleFile_RC0083/RC0083_072.cnv
* Sea-Bird SBE 9 Data File:
* FileName = C:\Data\RC0083ctd\RC0083_072.hex
* Software Version Seasave V 7.26.7.107
* Temperature SN = 2060
* Conductivity SN = 1084
* Number of Bytes Per Scan = 31
* Number of Voltage Words = 4
* Number of Scans Averaged by the Deck Unit = 1
* NMEA Latitude = 59 04.67 N
* NMEA Longitude = 136 21.57 W
* NMEA UTC (Time) = Aug 20 2022  22:10:20
* NMEA baud rate = 4800
** Ship: R/V Rachel Carson
** Cruise ID: RC0083
** Tech: McHugh/Nomura
** Chief Scientist: Cross
** Station: GB23
** Cast:  CTD072
# nquan = 19
# nvalues = 12633                                 
# units = specified
# name 0 = latitude: Latitude [deg]
# name 1 = longitude: Longitude [deg]
# name 2 = sfdSM: Seafloor depth [salt water, m]
# name 3 = prDM: Pressure, Digiquartz [db]
# name 4 = depSM: Depth [salt water, m]
# name 5 = t090C: Temperature [ITS-90, deg C]
# name 6 = sal00: Salinity, Practical [PSU]
# name 7 = density00: Density [density, kg/m^3]
# name 8 = sigma-é00: Density [sigma-theta, kg/m^3]
# name 9 = potemp090C: Potential Temperature [ITS-90, deg C]
# name 10 = sbeox0PS: Oxygen, SBE 43 [% saturation]
# name 11 = CStarTr0: Beam Transmission, WET Labs C-Star [%]
# name 12 = flECO-AFL: Fluorescence, WET Labs ECO-AFL/FL [mg/m^3]
# name 13 = ph: pH
# name 14 = sbeox0ML/L: Oxygen, SBE 43 [ml/l]
# name 15 = sbeox0Mg/L: Oxygen, SBE 43 [mg/l]
# name 16 = sbox0Mm/Kg: Oxygen, SBE 43 [umol/kg]
# name 17 = sbeox0Mm/L: Oxygen, SBE 43 [umol/l]
# name 18 = flag:  0.000e+00
# span 0 =   59.07756,   59.07782                 
# span 1 = -136.35990, -136.35902                 
# span 2 =      5.021,    251.167                 
# span 3 =      2.218,    186.646                 
# span 4 =      2.197,    184.816                 
# span 5 =     3.2836,     7.2488                 
# span 6 =     8.5805,    30.6270                 
# span 7 =  1006.8500,  1025.0351                 
# span 8 =     6.8369,    24.1896                 
# span 9 =     3.2835,     7.2472                 
# span 10 =     77.427,    100.165                
# span 11 =     0.0001,    14.1804                
# span 12 =    -0.0005,     1.5233                
# span 13 =      7.930,      8.548                
# span 14 =     5.4823,     8.6893                
# span 15 =     7.8348,    12.4179                
# span 16 =    239.259,    385.423                
# span 17 =    244.840,    388.066                
# span 18 = 0.0000e+00, 0.0000e+00                
# interval = seconds: 0.0416667
# start_time = Aug 20 2022 22:10:20 [NMEA time, header]
# bad_flag = -9.990e-29
*END*
[from data line 11581]
   59.07760 -136.35910    121.369     22.952     22.736     7.1324    29.8141  1023.4257    23.3199     7.1305     79.086     0.0001     0.2925      8.024     5.5075     7.8707    240.358    245.963  0.000e+00
   59.07760 -136.35910    121.249     22.831     22.616     7.1337    29.8156  1023.4261    23.3209     7.1318     79.027     0.0001     0.2925      8.024     5.5032     7.8646    240.171    245.772  0.000e+00
   59.07760 -136.35910    121.249     22.831     22.616     7.1310    29.8160  1023.4268    23.3216     7.1290     79.075     0.0001     0.2925      8.024     5.5068     7.8698    240.331    245.936  0.000e+00
   59.07760 -136.35910    121.249     22.831     22.616     7.1321    29.8147  1023.4256    23.3204     7.1301     79.082     0.0001     0.2925      8.024     5.5072     7.8703    240.347    245.952  0.000e+00
   59.07760 -136.35910    121.193     22.774     22.560     7.1324    29.8143  1023.4250    23.3201     7.1305     79.081     0.0001     0.2925      8.024     5.5071     7.8702    240.342    245.946  0.000e+00
   59.07760 -136.35910    121.193     22.774     22.560     7.1305    29.8154  1023.4261    23.3211     7.1285     79.088     0.0001     0.2925      8.024     5.5078     7.8712    240.373    245.979  0.000e+00
   59.07760 -136.35910    121.129     22.710     22.496     7.1310    29.8134  1023.4242    23.3195     7.1290     79.094     0.0001     0.2925      8.024     5.5083     7.8719    240.394    246.000  0.000e+00
   59.07760 -136.35910    121.049     22.629     22.416     7.1303    29.8115  1023.4224    23.3181     7.1284     79.157     0.0001     0.2925      8.024     5.5128     7.8783    240.591    246.201  0.000e+00
   59.07760 -136.35910    121.073     22.653     22.440     7.1265    29.8097  1023.4216    23.3172     7.1246     79.110     0.0001     0.2925      8.024     5.5100     7.8744    240.471    246.078  0.000e+00
   59.07760 -136.35910    121.073     22.653     22.440     7.1211    29.8093  1023.4219    23.3175     7.1192     79.110     0.0001     0.2925      8.024     5.5108     7.8755    240.504    246.112  0.000e+00
   59.07760 -136.35910    120.953     22.532     22.320     7.1168    29.8087  1023.4215    23.3176     7.1149     79.110     0.0001     0.2632      8.024     5.5113     7.8762    240.528    246.136  0.000e+00
   59.07760 -136.35910    121.017     22.597     22.384     7.1146    29.8084  1023.4218    23.3177     7.1126     79.111     0.0001     0.2339      8.024     5.5117     7.8768    240.544    246.153  0.000e+00
   59.07760 -136.35910    120.897     22.476     22.264     7.1141    29.8097  1023.4224    23.3187     7.1122     79.110     0.0001     0.2632      8.024     5.5116     7.8767    240.541    246.150  0.000e+00
   59.07760 -136.35910    120.897     22.476     22.264     7.1148    29.8121  1023.4242    23.3206     7.1129     79.110     0.0001     0.2632      8.024     5.5114     7.8764    240.532    246.141  0.000e+00
   59.07760 -136.35910    120.897     22.475     22.264     7.1175    29.8125  1023.4241    23.3205     7.1156     79.109     0.0001     0.2339      8.024     5.5111     7.8759    240.515    246.124  0.000e+00
   59.07760 -136.35910    120.832     22.411     22.200     7.1184    29.8111  1023.4226    23.3193     7.1165     79.108     0.0001     0.2632      8.024     5.5109     7.8757    240.510    246.119  0.000e+00
   59.07760 -136.35910    120.776     22.354     22.144     7.1175    29.8104  1023.4219    23.3189     7.1156     79.108     0.0001     0.2632      8.024     5.5111     7.8759    240.515    246.124  0.000e+00
   59.07760 -136.35910    120.808     22.387     22.176     7.1178    29.8107  1023.4222    23.3190     7.1159     79.108     0.0001     0.2632      8.024     5.5110     7.8758    240.514    246.122  0.000e+00
   59.07760 -136.35910    120.720     22.298     22.088     7.1184    29.8113  1023.4223    23.3195     7.1165     79.107     0.0001     0.2632      8.024     5.5109     7.8756    240.506    246.115  0.000e+00
   59.07760 -136.35910    120.720     22.298     22.088     7.1188    29.8111  1023.4220    23.3192     7.1169     79.107     0.0001     0.2632      8.024     5.5108     7.8755    240.505    246.113  0.000e+00
   59.07760 -136.35910    120.656     22.233     22.024     7.1197    29.8121  1023.4224    23.3200     7.1179     79.162     0.0001     0.2632      8.024     5.5145     7.8807    240.663    246.276  0.000e+00
   59.07760 -136.35910    120.656     22.233     22.024     7.1190    29.8138  1023.4238    23.3213     7.1171     79.169     0.0001     0.2632      8.024     5.5150     7.8815    240.686    246.299  0.000e+00
   59.07760 -136.35910    120.600     22.177     21.968     7.1203    29.8163  1023.4254    23.3232     7.1184     79.175     0.0001     0.2632      8.024     5.5151     7.8817    240.692    246.306  0.000e+00
   59.07760 -136.35910    120.600     22.177     21.968     7.1269    29.8159  1023.4242    23.3220     7.1250     79.125     0.0001     0.2339      8.024     5.5108     7.8755    240.504    246.113  0.000e+00
   59.07760 -136.35910    120.544     22.120     21.912     7.1308    29.8156  1023.4232    23.3213     7.1289     79.123     0.0001     0.2632      8.024     5.5102     7.8746    240.476    246.084  0.000e+00
   59.07760 -136.35910    120.480     22.055     21.848     7.1320    29.8168  1023.4237    23.3221     7.1301     79.121     0.0001     0.2632      8.024     5.5099     7.8741    240.462    246.070  0.000e+00
   59.07760 -136.35910    120.512     22.088     21.880     7.1347    29.8171  1023.4237    23.3219     7.1328     79.120     0.0001     0.2632      8.024     5.5094     7.8735    240.443    246.051  0.000e+00
   59.07760 -136.35910    120.424     21.999     21.792     7.1379    29.8182  1023.4238    23.3224     7.1360     79.117     0.0001     0.2339      8.024     5.5088     7.8726    240.416    246.023  0.000e+00
   59.07760 -136.35910    120.424     21.999     21.792     7.1430    29.8170  1023.4222    23.3208     7.1411     79.115     0.0001     0.2632      8.024     5.5081     7.8716    240.385    245.991  0.000e+00
   59.07760 -136.35910    120.360     21.934     21.728     7.1447    29.8160  1023.4209    23.3198     7.1428     79.114     0.0001     0.2339      8.024     5.5078     7.8712    240.372    245.977  0.000e+00
   59.07760 -136.35910    120.360     21.934     21.728     7.1426    29.8154  1023.4207    23.3196     7.1407     79.113     0.0001     0.2339      8.024     5.5080     7.8715    240.383    245.988  0.000e+00
   59.07760 -136.35910    120.304     21.878     21.672     7.1397    29.8151  1023.4206    23.3197     7.1378     79.168     0.0001     0.2339      8.024     5.5122     7.8775    240.565    246.175  0.000e+00
   59.07760 -136.35910    120.304     21.878     21.672     7.1365    29.8134  1023.4197    23.3188     7.1346     79.119     0.0001     0.2339      8.024     5.5093     7.8733    240.437    246.044  0.000e+00
   59.07760 -136.35910    120.184     21.756     21.552     7.1310    29.8114  1023.4182    23.3179     7.1291     79.117     0.0001     0.2339      8.024     5.5099     7.8743    240.467    246.074  0.000e+00
   59.07760 -136.35910    120.216     21.789     21.584     7.1239    29.8104  1023.4185    23.3180     7.1220     79.118     0.0001     0.2339      8.024     5.5109     7.8756    240.509    246.117  0.000e+00
   59.07760 -136.35910    120.248     21.821     21.616     7.1206    29.8101  1023.4188    23.3182     7.1187     79.117     0.0001     0.2339      8.024     5.5113     7.8762    240.527    246.135  0.000e+00
   59.07760 -136.35910    120.128     21.700     21.496     7.1232    29.8074  1023.4158    23.3158     7.1214     79.114     0.0001     0.2339      8.024     5.5109     7.8756    240.508    246.116  0.000e+00
   59.07760 -136.35910    120.128     21.700     21.496     7.1236    29.8061  1023.4148    23.3147     7.1217     79.113     0.0001     0.2339      8.024     5.5108     7.8755    240.504    246.112  0.000e+00
   59.07760 -136.35910    120.072     21.643     21.440     7.1215    29.8068  1023.4153    23.3155     7.1197     79.167     0.0001     0.2339      8.024     5.5148     7.8812    240.679    246.291  0.000e+00
   59.07760 -136.35910    120.072     21.643     21.440     7.1195    29.8083  1023.4167    23.3170     7.1177     79.118     0.0001     0.2339      8.024     5.5115     7.8766    240.537    246.146  0.000e+00
   59.07760 -136.35910    120.008     21.579     21.376     7.1192    29.8084  1023.4165    23.3171     7.1174     79.116     0.0001     0.2339      8.024     5.5114     7.8764    240.532    246.141  0.000e+00
   59.07760 -136.35910    120.008     21.579     21.376     7.1195    29.8085  1023.4166    23.3171     7.1176     79.114     0.0001     0.2339      8.024     5.5113     7.8762    240.526    246.134  0.000e+00
   59.07760 -136.35910    119.952     21.522     21.320     7.1195    29.8086  1023.4164    23.3172     7.1177     79.112     0.0001     0.2339      8.024     5.5111     7.8760    240.519    246.127  0.000e+00
   59.07760 -136.35910    119.928     21.498     21.296     7.1168    29.8098  1023.4176    23.3185     7.1150     79.055     0.0001     0.2339      8.024     5.5075     7.8707    240.359    245.964  0.000e+00
   59.07760 -136.35910    119.888     21.457     21.255     7.1144    29.8097  1023.4176    23.3187     7.1126     79.047     0.0001     0.2339      8.024     5.5072     7.8703    240.347    245.951  0.000e+00
   59.07760 -136.35910    119.888     21.457     21.255     7.1124    29.8099  1023.4180    23.3191     7.1106     79.039     0.0001     0.2339      8.024     5.5069     7.8699    240.333    245.938  0.000e+00
   59.07760 -136.35910    119.776     21.344     21.143     7.1126    29.8085  1023.4164    23.3180     7.1108     79.030     0.0001     0.2339      8.024     5.5063     7.8690    240.307    245.911  0.000e+00
   59.07760 -136.35910    119.832     21.401     21.199     7.1141    29.8077  1023.4158    23.3172     7.1122     79.022     0.0001     0.2339      8.024     5.5056     7.8681    240.278    245.881  0.000e+00
   59.07760 -136.35910    119.776     21.344     21.143     7.1165    29.8072  1023.4149    23.3165     7.1147     79.014     0.0001     0.2339      8.024     5.5048     7.8668    240.241    245.842  0.000e+00
   59.07760 -136.35910    119.776     21.344     21.143     7.1185    29.8073  1023.4147    23.3163     7.1167     79.007     0.0001     0.2339      8.024     5.5040     7.8657    240.207    245.808  0.000e+00
   59.07760 -136.35910    119.656     21.223     21.023     7.1189    29.8080  1023.4146    23.3168     7.1171     78.991     0.0001     0.2339      8.024     5.5028     7.8641    240.156    245.756  0.000e+00
   59.07760 -136.35910    119.688     21.255     21.055     7.1188    29.8099  1023.4163    23.3183     7.1169     78.985     0.0001     0.2339      8.024     5.5023     7.8634    240.134    245.734  0.000e+00
   59.07760 -136.35910    119.656     21.223     21.023     7.1183    29.8143  1023.4197    23.3219     7.1165     78.978     0.0001     0.2339      8.024     5.5018     7.8626    240.109    245.709  0.000e+00
   59.07760 -136.35910    119.600     21.166     20.967     7.1194    29.8171  1023.4215    23.3239     7.1176     78.971     0.0001     0.2339      8.024     5.5010     7.8615    240.077    245.677  0.000e+00
   59.07760 -136.35910    119.600     21.166     20.967     7.1207    29.8158  1023.4203    23.3227     7.1189     78.965     0.0001     0.2339      8.024     5.5005     7.8608    240.054    245.652  0.000e+00
   59.07760 -136.35910    119.536     21.102     20.903     7.1214    29.8126  1023.4174    23.3201     7.1197     78.959     0.0001     0.2339      8.024     5.5001     7.8602    240.036    245.634  0.000e+00
   59.07760 -136.35910    119.536     21.102     20.903     7.1202    29.8115  1023.4167    23.3194     7.1184     78.962     0.0001     0.2339      8.024     5.5005     7.8607    240.053    245.651  0.000e+00
   59.07760 -136.35910    119.480     21.045     20.847     7.1197    29.8120  1023.4169    23.3199     7.1180     78.957     0.0001     0.2339      8.024     5.5002     7.8603    240.040    245.637  0.000e+00
   59.07760 -136.35910    119.448     21.013     20.815     7.1210    29.8127  1023.4171    23.3202     7.1192     78.952     0.0001     0.2339      8.024     5.4996     7.8595    240.017    245.614  0.000e+00
   59.07760 -136.35910    119.416     20.981     20.783     7.1224    29.8139  1023.4177    23.3210     7.1207     78.947     0.0001     0.2339      8.024     5.4991     7.8588    239.993    245.590  0.000e+00
   59.07760 -136.35910    119.360     20.924     20.727     7.1251    29.8158  1023.4186    23.3221     7.1234     78.887     0.0001     0.2339      8.024     5.4945     7.8522    239.792    245.384  0.000e+00
   59.07760 -136.35910    119.360     20.924     20.727     7.1305    29.8163  1023.4183    23.3218     7.1287     78.931     0.0001     0.2339      8.024     5.4969     7.8556    239.896    245.491  0.000e+00
   59.07760 -136.35910    119.360     20.924     20.727     7.1376    29.8193  1023.4197    23.3233     7.1358     78.872     0.0001     0.2339      8.024     5.4917     7.8482    239.671    245.261  0.000e+00
   59.07760 -136.35910    119.240     20.803     20.607     7.1463    29.8212  1023.4195    23.3236     7.1445     78.915     0.0001     0.2339      8.024     5.4936     7.8509    239.751    245.343  0.000e+00
   59.07760 -136.35910    119.304     20.867     20.671     7.1508    29.8220  1023.4199    23.3237     7.1490     78.858     0.0001     0.2339      8.024     5.4890     7.8443    239.551    245.138  0.000e+00
   59.07760 -136.35910    119.184     20.746     20.551     7.1511    29.8211  1023.4186    23.3229     7.1493     78.904     0.0001     0.2339      8.024     5.4922     7.8488    239.690    245.280  0.000e+00
   59.07760 -136.35910    119.216     20.779     20.583     7.1493    29.8201  1023.4182    23.3224     7.1476     78.848     0.0001     0.2339      8.024     5.4885     7.8437    239.531    245.118  0.000e+00
   59.07760 -136.35910    119.184     20.746     20.551     7.1487    29.8193  1023.4175    23.3218     7.1469     78.840     0.0001     0.2339      8.024     5.4881     7.8430    239.513    245.099  0.000e+00
   59.07760 -136.35910    119.064     20.625     20.431     7.1478    29.8186  1023.4165    23.3214     7.1461     78.832     0.0001     0.2339      8.024     5.4877     7.8424    239.494    245.079  0.000e+00
   59.07760 -136.35910    119.120     20.682     20.487     7.1451    29.8170  1023.4159    23.3205     7.1434     78.834     0.0001     0.2339      8.024     5.4882     7.8432    239.518    245.104  0.000e+00
   59.07760 -136.35910    119.064     20.625     20.431     7.1417    29.8154  1023.4148    23.3197     7.1399     78.836     0.0001     0.2339      8.024     5.4889     7.8441    239.547    245.133  0.000e+00
   59.07760 -136.35910    119.007     20.568     20.375     7.1385    29.8156  1023.4151    23.3203     7.1368     78.839     0.0001     0.2339      8.024     5.4895     7.8450    239.573    245.160  0.000e+00
   59.07760 -136.35910    118.943     20.504     20.311     7.1400    29.8173  1023.4159    23.3214     7.1382     78.835     0.0001     0.2339      8.024     5.4889     7.8442    239.548    245.135  0.000e+00
   59.07760 -136.35910    118.975     20.536     20.343     7.1451    29.8181  1023.4160    23.3214     7.1434     78.831     0.0001     0.2339      8.024     5.4880     7.8429    239.507    245.093  0.000e+00
   59.07760 -136.35910    118.943     20.504     20.311     7.1469    29.8190  1023.4164    23.3219     7.1452     78.773     0.0001     0.2339      8.024     5.4836     7.8367    239.318    244.900  0.000e+00
   59.07760 -136.35910    119.007     20.568     20.375     7.1464    29.8202  1023.4176    23.3228     7.1447     78.820     0.0001     0.2339      8.024     5.4870     7.8414    239.463    245.048  0.000e+00
