EcoFOCI/data/1_SampleCollection/2022_GOA-OA_CruiseData/CTD_raw_BottleFile_RC0083/RC0083_039.ros
* Sea-Bird SBE 9 Data File:
* FileName = C:\Data\RC0083ctd\RC0083_039.hex
* Software Version Seasave V 7.26.7.107
* Temperature SN = 2060
* Conductivity SN = 1084
* Number of Bytes Per Scan = 31
* Number of Voltage Words = 4
* Number of Scans Averaged by the Deck Unit = 1
* NMEA Latitude = 58 14.18 N
* NMEA Longitude = 135 29.37 W
* NMEA UTC (Time) = Aug 18 2022  12:25:20
* NMEA baud rate = 4800
** Ship: R/V Rachel Carson
** Cruise ID: RC0083
** Tech: McHugh/Nomura
** Chief Scientist: Cross
** Station: ISB
** Cast:  CTD039
# nquan = 21
# nvalues = 196                                   
# units = specified
# name 0 = latitude: Latitude [deg]
# name 1 = longitude: Longitude [deg]
# name 2 = sfdSM: Seafloor depth [salt water, m]
# name 3 = prDM: Pressure, Digiquartz [db]
# name 4 = depSM: Depth [salt water, m]
# name 5 = t090C: Temperature [ITS-90, deg C]
# name 6 = sal00: Salinity, Practical [PSU]
# name 7 = density00: Density [density, kg/m^3]
# name 8 = sigma-é00: Density [sigma-theta, kg/m^3]
# name 9 = potemp090C: Potential Temperature [ITS-90, deg C]
# name 10 = sbeox0PS: Oxygen, SBE 43 [% saturation]
# name 11 = CStarTr0: Beam Transmission, WET Labs C-Star [%]
# name 12 = flECO-AFL: Fluorescence, WET Labs ECO-AFL/FL [mg/m^3]
# name 13 = ph: pH
# name 14 = sbeox0ML/L: Oxygen, SBE 43 [ml/l]
# name 15 = sbeox0Mg/L: Oxygen, SBE 43 [mg/l]
# name 16 = sbox0Mm/Kg: Oxygen, SBE 43 [umol/kg]
# name 17 = sbeox0Mm/L: Oxygen, SBE 43 [umol/l]
# name 18 = scan: Scan Count
# name 19 = nbf: Bottles Fired
# name 20 = flag:  0.000e+00
# interval = seconds: 0.0416667
# start_time = Aug 18 2022 12:25:20 [NMEA time, header]
# bad_flag = -9.990e-29
*END*
[from data line 69]
   58.23668 -135.49214    199.360    101.697    100.728     6.1519    32.2317  1025.8171    25.3482     6.1435     41.262    74.6773     0.0581      7.763     2.8932     4.1347    126.017    129.211      11719          2  0.000e+00
   58.23668 -135.49214    199.328    101.665    100.696     6.1521    32.2314  1025.8166    25.3479     6.1438     41.208    74.6773     0.0581      7.763     2.8894     4.1293    125.852    129.042      11720          2  0.000e+00
   58.23668 -135.49214    199.424    101.762    100.792     6.1520    32.2319  1025.8175    25.3483     6.1436     41.204    74.6773     0.0581      7.763     2.8892     4.1289    125.841    129.031      11721          2  0.000e+00
   58.23668 -135.49214    199.328    101.665    100.696     6.1521    32.2315  1025.8167    25.3480     6.1438     41.257    74.6773     0.0581      7.763     2.8928     4.1342    126.000    129.194      11722          2  0.000e+00
   58.23668 -135.49214    199.360    101.697    100.728     6.1520    32.2317  1025.8170    25.3481     6.1437     41.261    74.6773     0.0581      7.763     2.8931     4.1346    126.013    129.207      11723          2  0.000e+00
   58.23668 -135.49214    199.392    101.729    100.760     6.1520    32.2316  1025.8171    25.3480     6.1437     41.208    74.6773     0.0581      7.763     2.8894     4.1293    125.853    129.043      11724          2  0.000e+00
   58.23668 -135.49214    199.360    101.697    100.728     6.1518    32.2321  1025.8174    25.3485     6.1434     41.261    74.6773     0.0581      7.763     2.8932     4.1346    126.015    129.209      11725          2  0.000e+00
   58.23668 -135.49214    199.392    101.729    100.760     6.1522    32.2314  1025.8169    25.3479     6.1439     41.209    74.6773     0.0581      7.763     2.8895     4.1294    125.854    129.044      11726          2  0.000e+00
   58.23668 -135.49214    199.360    101.697    100.728     6.1518    32.2319  1025.8172    25.3483     6.1434     41.205    74.6773     0.0581      7.763     2.8893     4.1290    125.844    129.034      11727          2  0.000e+00
   58.23668 -135.49214    199.392    101.729    100.760     6.1519    32.2323  1025.8177    25.3486     6.1435     41.203    74.6773     0.0581      7.763     2.8891     4.1287    125.835    129.025      11728          2  0.000e+00
   58.23668 -135.49214    199.424    101.762    100.792     6.1516    32.2318  1025.8175    25.3483     6.1433     41.200    74.6773     0.0581      7.763     2.8889     4.1285    125.829    129.019      11729          2  0.000e+00
   58.23668 -135.49214    199.272    101.608    100.640     6.1516    32.2325  1025.8173    25.3488     6.1432     41.197    74.6773     0.0581      7.763     2.8887     4.1282    125.819    129.009      11730          2  0.000e+00
   58.23668 -135.49214    199.480    101.818    100.848     6.1513    32.2327  1025.8185    25.3490     6.1430     41.196    74.6773     0.0581      7.763     2.8886     4.1281    125.817    129.006      11731          2  0.000e+00
   58.23668 -135.49214    199.392    101.729    100.760     6.1512    32.2330  1025.8183    25.3493     6.1429     41.194    74.6773     0.0581      7.763     2.8885     4.1279    125.811    129.000      11732          2  0.000e+00
   58.23668 -135.49214    199.480    101.818    100.848     6.1509    32.2333  1025.8190    25.3495     6.1426     41.193    74.6773     0.0581      7.763     2.8884     4.1279    125.809    128.998      11733          2  0.000e+00
   58.23668 -135.49214    199.392    101.729    100.760     6.1510    32.2333  1025.8186    25.3495     6.1426     41.192    74.6773     0.0581      7.763     2.8883     4.1277    125.804    128.993      11734          2  0.000e+00
   58.23668 -135.49214    199.360    101.697    100.728     6.1509    32.2330  1025.8182    25.3493     6.1426     41.191    74.6494     0.0581      7.763     2.8883     4.1277    125.802    128.991      11735          2  0.000e+00
   58.23668 -135.49214    199.448    101.786    100.816     6.1511    32.2332  1025.8187    25.3494     6.1428     41.191    74.5934     0.0581      7.763     2.8883     4.1276    125.802    128.991      11736          2  0.000e+00
   58.23668 -135.49214    199.392    101.729    100.760     6.1512    32.2332  1025.8184    25.3494     6.1429     41.191    74.5655     0.0581      7.763     2.8883     4.1276    125.801    128.990      11737          2  0.000e+00
   58.23668 -135.49214    199.360    101.697    100.728     6.1510    32.2331  1025.8183    25.3494     6.1426     41.191    74.5655     0.0581      7.763     2.8883     4.1277    125.802    128.991      11738          2  0.000e+00
   58.23668 -135.49214    199.504    101.842    100.872     6.1512    32.2330  1025.8188    25.3492     6.1429     41.192    74.5655     0.0581      7.763     2.8884     4.1278    125.806    128.995      11739          2  0.000e+00
   58.23668 -135.49214    199.424    101.762    100.792     6.1509    32.2336  1025.8189    25.3497     6.1426     41.193    74.5655     0.0581      7.763     2.8884     4.1278    125.808    128.997      11740          2  0.000e+00
   58.23668 -135.49214    199.448    101.786    100.816     6.1510    32.2336  1025.8190    25.3497     6.1426     41.194    74.5655     0.0581      7.763     2.8885     4.1280    125.812    129.001      11741          2  0.000e+00
   58.23668 -135.49214    199.424    101.762    100.792     6.1512    32.2334  1025.8187    25.3495     6.1429     41.196    74.5655     0.0581      7.763     2.8886     4.1281    125.816    129.005      11742          2  0.000e+00
   58.23668 -135.49214    199.448    101.786    100.816     6.1511    32.2328  1025.8184    25.3491     6.1428     41.198    74.5655     0.0581      7.763     2.8888     4.1284    125.823    129.013      11743          2  0.000e+00
   58.23668 -135.49214    199.480    101.818    100.848     6.1512    32.2323  1025.8181    25.3487     6.1429     41.200    74.5655     0.0581      7.763     2.8890     4.1286    125.831    129.021      11744          2  0.000e+00
   58.23668 -135.49214    199.448    101.786    100.816     6.1513    32.2327  1025.8183    25.3490     6.1430     41.203    74.5655     0.0581      7.763     2.8891     4.1288    125.838    129.027      11745          2  0.000e+00
   58.23668 -135.49214    199.424    101.762    100.792     6.1511    32.2332  1025.8186    25.3494     6.1427     41.198    74.5655     0.0581      7.763     2.8887     4.1283    125.822    129.011      11746          2  0.000e+00
   58.23668 -135.49214    199.448    101.786    100.816     6.1513    32.2327  1025.8183    25.3490     6.1430     41.192    74.5655     0.0581      7.763     2.8884     4.1278    125.806    128.995      11747          2  0.000e+00
   58.23678 -135.49284    123.844     25.449     25.211     7.8487    30.0924  1023.5603    23.4435     7.8463     62.721    90.9553     0.4390      7.945     4.2887     6.1290    187.147    191.534      15868          3  0.000e+00
   58.23678 -135.49284    123.844     25.449     25.211     7.8489    30.0922  1023.5601    23.4432     7.8466     62.720    90.9553     0.4390      7.945     4.2886     6.1289    187.144    191.531      15869          3  0.000e+00
   58.23678 -135.49284    123.724     25.328     25.091     7.8487    30.0924  1023.5597    23.4435     7.8464     62.717    90.9553     0.4390      7.945     4.2885     6.1287    187.136    191.523      15870          3  0.000e+00
   58.23678 -135.49284    123.900     25.506     25.267     7.8488    30.0919  1023.5601    23.4430     7.8465     62.716    90.9553     0.4390      7.945     4.2884     6.1285    187.133    191.520      15871          3  0.000e+00
   58.23678 -135.49284    123.844     25.449     25.211     7.8488    30.0920  1023.5600    23.4432     7.8465     62.712    90.9553     0.4390      7.945     4.2881     6.1282    187.121    191.507      15872          3  0.000e+00
   58.23678 -135.49284    123.900     25.506     25.267     7.8487    30.0920  1023.5602    23.4431     7.8464     62.708    90.9553     0.4390      7.945     4.2879     6.1278    187.109    191.496      15873          3  0.000e+00
   58.23678 -135.49284    123.844     25.449     25.211     7.8489    30.0920  1023.5599    23.4431     7.8466     62.702    90.9553     0.4390      7.945     4.2874     6.1272    187.091    191.477      15874          3  0.000e+00
   58.23678 -135.49284    123.844     25.449     25.211     7.8488    30.0925  1023.5603    23.4435     7.8465     62.758    90.9553     0.4390      7.945     4.2913     6.1327    187.259    191.649      15875          3  0.000e+00
   58.23678 -135.49284    123.844     25.449     25.211     7.8492    30.0918  1023.5597    23.4429     7.8469     62.703    90.9553     0.4390      7.945     4.2875     6.1273    187.094    191.480      15876          3  0.000e+00
   58.23678 -135.49284    123.900     25.506     25.267     7.8493    30.0916  1023.5599    23.4428     7.8470     62.751    90.9553     0.4390      7.945     4.2908     6.1319    187.236    191.625      15877          3  0.000e+00
   58.23678 -135.49284    123.844     25.449     25.211     7.8493    30.0916  1023.5596    23.4428     7.8470     62.693    90.9553     0.4390      7.950     4.2868     6.1263    187.064    191.449      15878          3  0.000e+00
   58.23678 -135.49284    123.900     25.506     25.267     7.8497    30.0914  1023.5596    23.4426     7.8474     62.691    90.9833     0.4390      7.945     4.2866     6.1260    187.055    191.440      15879          3  0.000e+00
   58.23678 -135.49284    123.844     25.449     25.211     7.8498    30.0910  1023.5591    23.4422     7.8475     62.687    91.0392     0.4390      7.945     4.2864     6.1257    187.045    191.429      15880          3  0.000e+00
   58.23678 -135.49284    123.900     25.506     25.267     7.8494    30.0912  1023.5595    23.4425     7.8471     62.684    91.0392     0.4390      7.945     4.2862     6.1254    187.036    191.420      15881          3  0.000e+00
   58.23678 -135.49284    123.900     25.506     25.267     7.8489    30.0923  1023.5605    23.4434     7.8465     62.735    91.0392     0.4390      7.950     4.2897     6.1304    187.189    191.577      15882          3  0.000e+00
   58.23678 -135.49286    123.900     25.506     25.267     7.8491    30.0923  1023.5604    23.4433     7.8467     62.681    91.0392     0.4683      7.945     4.2860     6.1251    187.028    191.413      15883          3  0.000e+00
   58.23678 -135.49286    123.900     25.506     25.267     7.8491    30.0925  1023.5606    23.4435     7.8467     62.731    91.0392     0.4390      7.945     4.2894     6.1299    187.175    191.563      15884          3  0.000e+00
   58.23678 -135.49286    123.900     25.506     25.268     7.8491    30.0923  1023.5604    23.4434     7.8467     62.731    91.0392     0.4390      7.945     4.2894     6.1300    187.176    191.564      15885          3  0.000e+00
   58.23678 -135.49286    123.900     25.506     25.268     7.8494    30.0916  1023.5598    23.4428     7.8471     62.675    91.0392     0.4097      7.950     4.2856     6.1245    187.009    191.393      15886          3  0.000e+00
   58.23678 -135.49286    123.900     25.506     25.268     7.8491    30.0921  1023.5603    23.4432     7.8467     62.722    91.0392     0.3804      7.945     4.2888     6.1291    187.150    191.538      15887          3  0.000e+00
   58.23678 -135.49286    123.964     25.571     25.332     7.8494    30.0918  1023.5603    23.4429     7.8470     62.720    91.0392     0.3804      7.945     4.2887     6.1289    187.145    191.532      15888          3  0.000e+00
   58.23678 -135.49286    123.900     25.506     25.268     7.8493    30.0920  1023.5602    23.4431     7.8470     62.772    91.0392     0.3804      7.945     4.2922     6.1340    187.299    191.690      15889          3  0.000e+00
   58.23678 -135.49286    123.900     25.506     25.268     7.8493    30.0923  1023.5604    23.4433     7.8470     62.783    91.0392     0.3804      7.945     4.2929     6.1350    187.330    191.721      15890          3  0.000e+00
   58.23678 -135.49286    123.964     25.571     25.332     7.8491    30.0924  1023.5608    23.4434     7.8467     62.682    91.0392     0.3804      7.945     4.2861     6.1252    187.031    191.415      15891          3  0.000e+00
   58.23678 -135.49286    123.900     25.506     25.268     7.8489    30.0929  1023.5609    23.4438     7.8465     62.669    91.0392     0.3804      7.950     4.2852     6.1240    186.992    191.376      15892          3  0.000e+00
   58.23678 -135.49286    123.964     25.571     25.332     7.8488    30.0929  1023.5612    23.4438     7.8465     62.719    91.0392     0.3804      7.950     4.2886     6.1289    187.142    191.530      15893          3  0.000e+00
   58.23678 -135.49286    123.900     25.506     25.268     7.8489    30.0929  1023.5609    23.4438     7.8466     62.775    91.0392     0.3804      7.945     4.2924     6.1343    187.308    191.699      15894          3  0.000e+00
   58.23678 -135.49286    123.964     25.571     25.332     7.8489    30.0926  1023.5610    23.4436     7.8465     62.727    91.0392     0.3804      7.945     4.2892     6.1296    187.166    191.554      15895          3  0.000e+00
   58.23678 -135.49286    123.964     25.571     25.332     7.8489    30.0924  1023.5608    23.4434     7.8466     62.671    91.0392     0.3804      7.945     4.2853     6.1242    187.000    191.384      15896          3  0.000e+00
   58.23678 -135.49286    123.900     25.506     25.268     7.8488    30.0926  1023.5606    23.4436     7.8465     62.663    91.0392     0.3804      7.945     4.2848     6.1234    186.975    191.358      15897          3  0.000e+00
   58.23678 -135.49286    123.964     25.571     25.332     7.8484    30.0933  1023.5615    23.4442     7.8461     62.711    91.0392     0.3804      7.950     4.2880     6.1280    187.117    191.504      15898          3  0.000e+00
   58.23678 -135.49286    123.964     25.571     25.332     7.8482    30.0940  1023.5621    23.4448     7.8458     62.764    91.0672     0.3804      7.945     4.2917     6.1333    187.277    191.668      15899          3  0.000e+00
   58.23678 -135.49286    123.964     25.571     25.332     7.8478    30.0940  1023.5622    23.4449     7.8455     62.769    91.1511     0.3804      7.945     4.2920     6.1338    187.292    191.683      15900          3  0.000e+00
   58.23678 -135.49286    123.900     25.506     25.268     7.8477    30.0944  1023.5622    23.4451     7.8454     62.716    91.2070     0.3804      7.950     4.2885     6.1287    187.136    191.523      15901          3  0.000e+00
   58.23678 -135.49286    123.964     25.571     25.332     7.8478    30.0944  1023.5625    23.4452     7.8455     62.713    91.2070     0.3804      7.945     4.2882     6.1283    187.125    191.512      15902          3  0.000e+00
   58.23678 -135.49286    123.964     25.571     25.332     7.8478    30.0942  1023.5624    23.4450     7.8455     62.763    91.2070     0.3804      7.945     4.2917     6.1332    187.276    191.666      15903          3  0.000e+00
   58.23678 -135.49286    123.964     25.571     25.332     7.8475    30.0943  1023.5625    23.4451     7.8451     62.710    91.2070     0.3804      7.950     4.2880     6.1280    187.117    191.504      15904          3  0.000e+00
   58.23678 -135.49286    123.900     25.506     25.268     7.8477    30.0944  1023.5623    23.4452     7.8453     62.758    91.2070     0.3804      7.945     4.2913     6.1327    187.261    191.651      15905          3  0.000e+00
   58.23678 -135.49286    123.884     25.490     25.252     7.8475    30.0946  1023.5623    23.4453     7.8451     62.703    91.2070     0.3804      7.945     4.2876     6.1274    187.096    191.483      15906          3  0.000e+00
