EcoFOCI/data/1_SampleCollection/2022_GOA-OA_CruiseData/CTD_raw_BottleFile_RC0083/RC0083_011.ros
* Sea-Bird SBE 9 Data File:
* FileName = C:\Data\RC0083ctd\RC0083_011.hex
* Software Version Seasave V 7.26.7.107
* Temperature SN = 2060
* Conductivity SN = 1084
* Number of Bytes Per Scan = 31
* Number of Voltage Words = 4
* Number of Scans Averaged by the Deck Unit = 1
* NMEA Latitude = 55 30.13 N
* NMEA Longitude = 134 52.04 W
* NMEA UTC (Time) = Aug 13 2022  02:58:15
* NMEA baud rate = 4800
** Ship: R/V Rachel Carson
** Cruise ID: RC0083 RC0083
** Tech: McHugh/Nomura
** Chief Scientist: Cross Cross
** Station: POW6
** Cast:  011
# nquan = 21
# nvalues = 441                                   
# units = specified
# name 0 = latitude: Latitude [deg]
# name 1 = longitude: Longitude [deg]
# name 2 = sfdSM: Seafloor depth [salt water, m]
# name 3 = prDM: Pressure, Digiquartz [db]
# name 4 = depSM: Depth [salt water, m]
# name 5 = t090C: Temperature [ITS-90, deg C]
# name 6 = sal00: Salinity, Practical [PSU]
# name 7 = density00: Density [density, kg/m^3]
# name 8 = sigma-é00: Density [sigma-theta, kg/m^3]
# name 9 = potemp090C: Potential Temperature [ITS-90, deg C]
# name 10 = sbeox0PS: Oxygen, SBE 43 [% saturation]
# name 11 = CStarTr0: Beam Transmission, WET Labs C-Star [%]
# name 12 = flECO-AFL: Fluorescence, WET Labs ECO-AFL/FL [mg/m^3]
# name 13 = ph: pH
# name 14 = sbeox0ML/L: Oxygen, SBE 43 [ml/l]
# name 15 = sbeox0Mg/L: Oxygen, SBE 43 [mg/l]
# name 16 = sbox0Mm/Kg: Oxygen, SBE 43 [umol/kg]
# name 17 = sbeox0Mm/L: Oxygen, SBE 43 [umol/l]
# name 18 = scan: Scan Count
# name 19 = nbf: Bottles Fired
# name 20 = flag:  0.000e+00
# interval = seconds: 0.0416667
# start_time = Aug 13 2022 02:58:15 [NMEA time, header]
# bad_flag = -9.990e-29
*END*
[from data line 138]
   55.50236 -134.86776    292.874    201.167    199.248     5.7415    33.7610  1027.5338    26.6076     5.7250     31.063   106.3382    -0.0884      7.730     2.1770     3.1111     94.703     97.223      16948          3  0.000e+00
   55.50236 -134.86776    292.751    201.215    199.296     5.7417    33.7604  1027.5335    26.6071     5.7252     31.070   106.3382    -0.0884      7.725     2.1774     3.1117     94.722     97.243      16949          3  0.000e+00
   55.50236 -134.86776    292.606    201.167    199.248     5.7415    33.7607  1027.5336    26.6074     5.7250     31.075   106.3382    -0.0884      7.730     2.1778     3.1123     94.740     97.261      16950          3  0.000e+00
   55.50236 -134.86776    292.494    201.029    199.111     5.7416    33.7608  1027.5330    26.6074     5.7251     31.080   106.3382    -0.0884      7.730     2.1781     3.1128     94.755     97.276      16951          3  0.000e+00
   55.50236 -134.86776    292.694    201.232    199.312     5.7415    33.7608  1027.5339    26.6074     5.7250     31.086   106.3382    -0.0884      7.725     2.1786     3.1134     94.773     97.295      16952          3  0.000e+00
   55.50236 -134.86776    292.614    201.151    199.232     5.7414    33.7607  1027.5335    26.6073     5.7249     31.033   106.3382    -0.0884      7.730     2.1748     3.1081     94.611     97.128      16953          3  0.000e+00
   55.50236 -134.86776    292.574    201.110    199.192     5.7414    33.7608  1027.5334    26.6075     5.7249     31.029   106.3382    -0.0884      7.730     2.1746     3.1077     94.600     97.117      16954          3  0.000e+00
   55.50236 -134.86776    292.574    201.110    199.192     5.7414    33.7612  1027.5337    26.6078     5.7249     31.026   106.3382    -0.0884      7.725     2.1743     3.1073     94.589     97.106      16955          3  0.000e+00
   55.50236 -134.86776    292.494    201.029    199.111     5.7414    33.7612  1027.5333    26.6078     5.7249     31.022   106.3382    -0.0884      7.730     2.1741     3.1070     94.577     97.094      16956          3  0.000e+00
   55.50238 -134.86810    248.997    151.794    150.364     6.2882    33.4564  1026.9958    26.2983     6.2752     44.130   106.6179    -0.0884      7.815     3.0596     4.3725    133.142    136.643      21050          4  0.000e+00
   55.50238 -134.86810    248.997    151.794    150.364     6.2886    33.4560  1026.9955    26.2980     6.2756     44.122   106.5900    -0.0884      7.815     3.0591     4.3717    133.117    136.617      21051          4  0.000e+00
   55.50238 -134.86810    248.940    151.738    150.308     6.2889    33.4560  1026.9952    26.2979     6.2759     44.122   106.5900    -0.0884      7.815     3.0590     4.3716    133.115    136.615      21052          4  0.000e+00
   55.50238 -134.86810    248.997    151.794    150.364     6.2903    33.4546  1026.9942    26.2966     6.2773     44.065   106.5900    -0.0884      7.815     3.0550     4.3659    132.940    136.436      21053          4  0.000e+00
   55.50238 -134.86810    249.005    151.802    150.372     6.2907    33.4544  1026.9940    26.2964     6.2778     44.058   106.5900    -0.0884      7.815     3.0544     4.3651    132.916    136.411      21054          4  0.000e+00
   55.50238 -134.86810    248.997    151.794    150.364     6.2905    33.4541  1026.9938    26.2962     6.2775     44.107   106.5900    -0.0884      7.815     3.0579     4.3701    133.067    136.566      21055          4  0.000e+00
   55.50238 -134.86810    249.061    151.859    150.428     6.2907    33.4541  1026.9940    26.2962     6.2777     44.108   106.5900    -0.0884      7.815     3.0580     4.3701    133.070    136.569      21056          4  0.000e+00
   55.50238 -134.86810    249.053    151.851    150.420     6.2917    33.4536  1026.9935    26.2957     6.2788     44.109   106.5900    -0.0884      7.815     3.0579     4.3701    133.068    136.567      21057          4  0.000e+00
   55.50238 -134.86810    249.061    151.859    150.428     6.2917    33.4531  1026.9931    26.2953     6.2788     44.110   106.5900    -0.0884      7.815     3.0580     4.3702    133.071    136.570      21058          4  0.000e+00
   55.50238 -134.86810    249.053    151.851    150.420     6.2929    33.4520  1026.9920    26.2942     6.2799     44.110   106.5900    -0.0884      7.815     3.0580     4.3701    133.070    136.569      21059          4  0.000e+00
   55.50238 -134.86810    249.061    151.859    150.428     6.2934    33.4516  1026.9916    26.2938     6.2804     44.111   106.5900    -0.0884      7.815     3.0580     4.3702    133.071    136.570      21060          4  0.000e+00
   55.50238 -134.86810    249.109    151.908    150.476     6.2940    33.4508  1026.9912    26.2931     6.2810     44.054   106.5900    -0.0884      7.815     3.0541     4.3646    132.900    136.394      21061          4  0.000e+00
   55.50238 -134.86810    249.117    151.916    150.484     6.2950    33.4501  1026.9906    26.2925     6.2820     44.105   106.5900    -0.0884      7.815     3.0575     4.3694    133.049    136.547      21062          4  0.000e+00
   55.50238 -134.86810    249.109    151.908    150.476     6.2953    33.4496  1026.9900    26.2920     6.2823     44.106   106.5900    -0.0884      7.815     3.0575     4.3695    133.051    136.549      21063          4  0.000e+00
   55.50238 -134.86810    249.173    151.972    150.540     6.2951    33.4495  1026.9903    26.2920     6.2821     44.107   106.5900    -0.0884      7.815     3.0576     4.3697    133.056    136.554      21064          4  0.000e+00
   55.50238 -134.86810    249.117    151.916    150.484     6.2953    33.4501  1026.9905    26.2924     6.2823     44.050   106.5900    -0.0884      7.815     3.0537     4.3640    132.884    136.378      21065          4  0.000e+00
   55.50238 -134.86810    249.173    151.972    150.540     6.2954    33.4499  1026.9906    26.2922     6.2824     44.044   106.5900    -0.0884      7.815     3.0533     4.3634    132.865    136.359      21066          4  0.000e+00
   55.50238 -134.86810    249.181    151.980    150.548     6.2954    33.4498  1026.9906    26.2922     6.2824     44.038   106.5900    -0.0884      7.815     3.0528     4.3628    132.846    136.339      21067          4  0.000e+00
   55.50238 -134.86810    249.173    151.972    150.540     6.2954    33.4500  1026.9907    26.2924     6.2824     44.032   106.5900    -0.0884      7.815     3.0524     4.3622    132.828    136.321      21068          4  0.000e+00
   55.50238 -134.86810    249.237    152.037    150.605     6.2956    33.4494  1026.9905    26.2919     6.2826     44.027   106.5900    -0.0884      7.815     3.0520     4.3617    132.812    136.304      21069          4  0.000e+00
   55.50238 -134.86810    249.173    151.972    150.540     6.2951    33.4503  1026.9909    26.2926     6.2821     44.021   106.5900    -0.0884      7.815     3.0517     4.3611    132.796    136.288      21070          4  0.000e+00
   55.50238 -134.86810    249.237    152.037    150.605     6.2954    33.4499  1026.9909    26.2922     6.2824     44.016   106.5900    -0.0884      7.815     3.0513     4.3607    132.782    136.273      21071          4  0.000e+00
   55.50238 -134.86810    249.229    152.029    150.597     6.2956    33.4496  1026.9906    26.2920     6.2826     44.012   106.6179    -0.0884      7.815     3.0510     4.3602    132.767    136.258      21072          4  0.000e+00
   55.50238 -134.86810    249.237    152.037    150.605     6.2958    33.4492  1026.9903    26.2917     6.2828     44.065   106.6179    -0.0884      7.815     3.0547     4.3654    132.926    136.421      21073          4  0.000e+00
   55.50238 -134.86810    249.229    152.029    150.597     6.2956    33.4491  1026.9902    26.2916     6.2826     44.011   106.6179    -0.0884      7.815     3.0510     4.3601    132.766    136.256      21074          4  0.000e+00
   55.50238 -134.86810    249.229    152.029    150.597     6.2954    33.4499  1026.9908    26.2922     6.2824     44.007   106.6179    -0.0884      7.815     3.0507     4.3597    132.754    136.244      21075          4  0.000e+00
   55.50238 -134.86810    249.301    152.102    150.669     6.2954    33.4496  1026.9910    26.2920     6.2824     44.004   106.5900    -0.0884      7.815     3.0505     4.3594    132.744    136.234      21076          4  0.000e+00
   55.50238 -134.86810    249.229    152.029    150.597     6.2954    33.4493  1026.9904    26.2918     6.2824     44.000   106.6179    -0.0884      7.815     3.0502     4.3591    132.733    136.223      21077          4  0.000e+00
   55.50238 -134.86810    249.301    152.102    150.669     6.2951    33.4495  1026.9909    26.2919     6.2821     43.998   106.6179    -0.0884      7.815     3.0501     4.3588    132.726    136.216      21078          4  0.000e+00
   55.50238 -134.86810    249.229    152.029    150.597     6.2951    33.4499  1026.9909    26.2923     6.2821     43.995   106.6179    -0.0884      7.815     3.0498     4.3585    132.717    136.206      21079          4  0.000e+00
   55.50238 -134.86810    249.301    152.102    150.669     6.2951    33.4498  1026.9912    26.2922     6.2821     43.993   106.6179    -0.0884      7.815     3.0497     4.3583    132.711    136.200      21080          4  0.000e+00
   55.50238 -134.86810    249.229    152.029    150.597     6.2951    33.4498  1026.9908    26.2922     6.2821     43.990   106.6179    -0.0884      7.815     3.0495     4.3581    132.704    136.193      21081          4  0.000e+00
   55.50238 -134.86810    249.301    152.102    150.669     6.2951    33.4493  1026.9908    26.2918     6.2821     43.989   106.6179    -0.0884      7.815     3.0495     4.3580    132.700    136.189      21082          4  0.000e+00
   55.50238 -134.86810    249.293    152.094    150.661     6.2951    33.4496  1026.9910    26.2921     6.2821     43.988   106.6179    -0.1177      7.815     3.0494     4.3579    132.696    136.185      21083          4  0.000e+00
   55.50238 -134.86810    249.237    152.037    150.605     6.2950    33.4499  1026.9910    26.2923     6.2820     43.986   106.6179    -0.0884      7.815     3.0493     4.3577    132.692    136.181      21084          4  0.000e+00
   55.50238 -134.86810    249.293    152.094    150.661     6.2943    33.4510  1026.9921    26.2932     6.2813     43.986   106.6179    -0.0884      7.815     3.0493     4.3577    132.692    136.181      21085          4  0.000e+00
   55.50238 -134.86810    249.229    152.029    150.597     6.2935    33.4513  1026.9922    26.2936     6.2805     43.985   106.6179    -0.0884      7.815     3.0493     4.3578    132.693    136.182      21086          4  0.000e+00
   55.50238 -134.86810    249.301    152.102    150.669     6.2925    33.4522  1026.9934    26.2944     6.2795     43.986   106.6179    -0.0884      7.815     3.0494     4.3579    132.696    136.186      21087          4  0.000e+00
   55.50238 -134.86810    249.229    152.029    150.597     6.2919    33.4525  1026.9934    26.2948     6.2789     43.986   106.6179    -0.0884      7.815     3.0494     4.3579    132.698    136.187      21088          4  0.000e+00
   55.50238 -134.86810    249.237    152.037    150.605     6.2921    33.4524  1026.9933    26.2946     6.2791     43.987   106.6179    -0.0884      7.815     3.0495     4.3580    132.700    136.189      21089          4  0.000e+00
   55.50238 -134.86810    249.229    152.029    150.597     6.2921    33.4527  1026.9935    26.2949     6.2791     43.988   106.6179    -0.0884      7.815     3.0495     4.3581    132.702    136.192      21090          4  0.000e+00
   55.50238 -134.86810    249.237    152.037    150.605     6.2920    33.4530  1026.9938    26.2952     6.2790     43.989   106.6179    -0.0884      7.815     3.0496     4.3582    132.706    136.196      21091          4  0.000e+00
   55.50238 -134.86810    249.229    152.029    150.597     6.2917    33.4530  1026.9937    26.2951     6.2788     43.991   106.5900    -0.0884      7.815     3.0497     4.3584    132.712    136.202      21092          4  0.000e+00
   55.50238 -134.86810    249.237    152.037    150.605     6.2916    33.4530  1026.9938    26.2951     6.2786     43.993   106.6179    -0.0884      7.815     3.0499     4.3586    132.719    136.209      21093          4  0.000e+00
   55.50238 -134.86810    249.229    152.029    150.597     6.2916    33.4532  1026.9939    26.2953     6.2786     43.995   106.6179    -0.0884      7.815     3.0501     4.3588    132.725    136.215      21094          4  0.000e+00
   55.50238 -134.86810    249.061    151.859    150.428     6.2913    33.4532  1026.9932    26.2954     6.2783     43.997   106.6179    -0.0884      7.815     3.0502     4.3590    132.731    136.222      21095          4  0.000e+00
   55.50238 -134.86810    249.349    152.150    150.717     6.2914    33.4533  1026.9946    26.2954     6.2784     43.944   106.6179    -0.0884      7.815     3.0465     4.3538    132.573    136.059      21096          4  0.000e+00
   55.50238 -134.86810    249.173    151.972    150.540     6.2915    33.4532  1026.9937    26.2954     6.2785     43.996   106.6179    -0.0884      7.815     3.0501     4.3589    132.729    136.219      21097          4  0.000e+00
   55.50238 -134.86810    249.181    151.980    150.548     6.2919    33.4525  1026.9931    26.2947     6.2789     44.000   106.6179    -0.0884      7.815     3.0504     4.3593    132.740    136.231      21098          4  0.000e+00
   55.50240 -134.86846    199.762    102.080    101.130     6.6563    32.7069  1026.1283    25.6592     6.6475     68.645   106.7298    -0.0884      7.968     4.7422     6.7770    206.487    211.786      25101          5  0.000e+00
   55.50240 -134.86846    199.730    102.047    101.098     6.6567    32.7057  1026.1271    25.6582     6.6479     68.656   106.7298    -0.0884      7.968     4.7429     6.7781    206.521    211.820      25102          5  0.000e+00
   55.50240 -134.86846    199.706    102.023    101.074     6.6578    32.7033  1026.1250    25.6562     6.6490     68.668   106.7298    -0.0884      7.968     4.7437     6.7793    206.555    211.855      25103          5  0.000e+00
   55.50240 -134.86846    199.674    101.991    101.042     6.6589    32.7015  1026.1233    25.6547     6.6500     68.673   106.7298    -0.0884      7.968     4.7440     6.7797    206.568    211.867      25104          5  0.000e+00
   55.50240 -134.86846    199.650    101.966    101.018     6.6609    32.6997  1026.1215    25.6530     6.6520     68.679   106.7298    -0.0884      7.968     4.7442     6.7800    206.578    211.877      25105          5  0.000e+00
   55.50240 -134.86846    199.610    101.926    100.978     6.6660    32.6964  1026.1180    25.6497     6.6572     68.684   106.7298    -0.0884      7.968     4.7442     6.7799    206.575    211.874      25106          5  0.000e+00
   55.50240 -134.86846    199.554    101.869    100.922     6.6721    32.6921  1026.1136    25.6456     6.6633     68.690   106.7298    -0.0884      7.968     4.7440     6.7797    206.570    211.868      25107          5  0.000e+00
   55.50240 -134.86846    199.530    101.845    100.898     6.6772    32.6887  1026.1100    25.6421     6.6684     68.697   106.7298    -0.0884      7.968     4.7440     6.7797    206.572    211.869      25108          5  0.000e+00
   55.50240 -134.86846    199.498    101.813    100.866     6.6797    32.6869  1026.1082    25.6404     6.6709     68.697   106.7298    -0.0884      7.968     4.7438     6.7794    206.563    211.859      25109          5  0.000e+00
   55.50240 -134.86846    199.466    101.780    100.834     6.6810    32.6858  1026.1070    25.6394     6.6721     68.697   106.7298    -0.0884      7.968     4.7438     6.7793    206.560    211.856      25110          5  0.000e+00
