EcoFOCI/data/1_SampleCollection/2022_GOA-OA_CruiseData/CTD_raw_BottleFile_RC0083/RC0083_008.ros
* Sea-Bird SBE 9 Data File:
* FileName = C:\Data\RC0083ctd\RC0083_008.hex
* Software Version Seasave V 7.26.7.107
* Temperature SN = 2060
* Conductivity SN = 1084
* Number of Bytes Per Scan = 31
* Number of Voltage Words = 4
* Number of Scans Averaged by the Deck Unit = 1
* NMEA Latitude = 54 34.38 N
* NMEA Longitude = 134 44.60 W
* NMEA UTC (Time) = Aug 12 2022  15:42:24
* NMEA baud rate = 4800
** Ship: R/V Rachel Carson
** Cruise ID: RC0083 RC0083
** Tech: McHugh/Nomura
** Chief Scientist: Cross Cross
** Station: DE8
** Cast:  008
# nquan = 21
# nvalues = 490                                   
# units = specified
# name 0 = latitude: Latitude [deg]
# name 1 = longitude: Longitude [deg]
# name 2 = sfdSM: Seafloor depth [salt water, m]
# name 3 = prDM: Pressure, Digiquartz [db]
# name 4 = depSM: Depth [salt water, m]
# name 5 = t090C: Temperature [ITS-90, deg C]
# name 6 = sal00: Salinity, Practical [PSU]
# name 7 = density00: Density [density, kg/m^3]
# name 8 = sigma-é00: Density [sigma-theta, kg/m^3]
# name 9 = potemp090C: Potential Temperature [ITS-90, deg C]
# name 10 = sbeox0PS: Oxygen, SBE 43 [% saturation]
# name 11 = CStarTr0: Beam Transmission, WET Labs C-Star [%]
# name 12 = flECO-AFL: Fluorescence, WET Labs ECO-AFL/FL [mg/m^3]
# name 13 = ph: pH
# name 14 = sbeox0ML/L: Oxygen, SBE 43 [ml/l]
# name 15 = sbeox0Mg/L: Oxygen, SBE 43 [mg/l]
# name 16 = sbox0Mm/Kg: Oxygen, SBE 43 [umol/kg]
# name 17 = sbeox0Mm/L: Oxygen, SBE 43 [umol/l]
# name 18 = scan: Scan Count
# name 19 = nbf: Bottles Fired
# name 20 = flag:  0.000e+00
# interval = seconds: 0.0416667
# start_time = Aug 12 2022 15:42:24 [NMEA time, header]
# bad_flag = -9.990e-29
*END*
[from data line 414]
   54.57318 -134.74804    109.403     10.868     10.771    14.9866    32.0551  1023.7539    23.7058    14.9850    102.447    96.7169     2.2559      8.309     5.9400     8.4889    259.138    265.281      48439          9  0.000e+00
   54.57318 -134.74804    109.323     10.812     10.715    14.9866    32.0552  1023.7538    23.7059    14.9850    102.444    96.7169     2.2266      8.309     5.9398     8.4886    259.128    265.271      48440          9  0.000e+00
   54.57318 -134.74804    109.435     10.901     10.803    14.9866    32.0553  1023.7542    23.7060    14.9850    102.443    96.7169     2.2266      8.309     5.9397     8.4885    259.126    265.268      48441          9  0.000e+00
   54.57318 -134.74804    109.403     10.869     10.771    14.9866    32.0551  1023.7539    23.7058    14.9850    102.494    96.7169     2.2266      8.309     5.9427     8.4927    259.255    265.401      48442          9  0.000e+00
   54.57318 -134.74804    109.467     10.933     10.835    14.9864    32.0555  1023.7545    23.7062    14.9848    102.499    96.7449     2.2559      8.309     5.9430     8.4931    259.268    265.414      48443          9  0.000e+00
   54.57318 -134.74804    109.411     10.901     10.803    14.9863    32.0556  1023.7545    23.7063    14.9847    102.504    96.7169     2.2266      8.309     5.9433     8.4936    259.281    265.427      48444          9  0.000e+00
   54.57318 -134.74804    109.403     10.869     10.771    14.9866    32.0555  1023.7542    23.7061    14.9850    102.509    96.7449     2.2266      8.309     5.9436     8.4939    259.292    265.439      48445          9  0.000e+00
   54.57318 -134.74804    109.467     10.933     10.835    14.9866    32.0555  1023.7545    23.7062    14.9850    102.516    96.7449     2.2266      8.309     5.9440     8.4945    259.310    265.457      48446          9  0.000e+00
   54.57318 -134.74804    109.491     10.957     10.859    14.9866    32.0555  1023.7546    23.7062    14.9850    102.523    96.7169     2.2266      8.309     5.9444     8.4951    259.328    265.476      48447          9  0.000e+00
   54.57318 -134.74804    109.499     10.990     10.891    14.9869    32.0554  1023.7546    23.7060    14.9853    102.584    96.7449     2.2266      8.309     5.9479     8.5001    259.480    265.631      48448          9  0.000e+00
   54.57318 -134.74804    109.443     10.933     10.835    14.9869    32.0553  1023.7543    23.7059    14.9853    102.543    96.7449     2.2266      8.309     5.9455     8.4967    259.378    265.526      48449          9  0.000e+00
   54.57318 -134.74804    109.523     10.990     10.891    14.9869    32.0550  1023.7543    23.7057    14.9853    102.605    96.7169     2.2266      8.309     5.9491     8.5019    259.535    265.688      48450          9  0.000e+00
   54.57318 -134.74804    109.547     11.014     10.915    14.9871    32.0552  1023.7546    23.7058    14.9855    102.619    96.7169     2.2266      8.309     5.9499     8.5030    259.570    265.723      48451          9  0.000e+00
   54.57318 -134.74804    109.523     10.990     10.891    14.9875    32.0550  1023.7543    23.7056    14.9858    102.686    96.7169     2.2266      8.309     5.9538     8.5085    259.737    265.895      48452          9  0.000e+00
   54.57318 -134.74804    109.523     10.990     10.891    14.9873    32.0554  1023.7546    23.7060    14.9856    102.653    96.7449     2.2852      8.309     5.9518     8.5058    259.654    265.809      48453          9  0.000e+00
   54.57318 -134.74804    109.611     11.079     10.979    14.9873    32.0554  1023.7550    23.7060    14.9856    102.664    96.7449     2.2852      8.309     5.9525     8.5067    259.682    265.838      48454          9  0.000e+00
   54.57318 -134.74804    109.523     10.990     10.891    14.9874    32.0552  1023.7544    23.7057    14.9858    102.678    96.7449     2.3145      8.309     5.9533     8.5078    259.717    265.874      48455          9  0.000e+00
   54.57318 -134.74804    109.644     11.111     11.011    14.9876    32.0548  1023.7546    23.7054    14.9860    102.695    96.7449     2.3145      8.309     5.9543     8.5092    259.760    265.917      48456          9  0.000e+00
   54.57318 -134.74804    109.612     11.079     10.979    14.9873    32.0552  1023.7548    23.7058    14.9856    102.711    96.7449     2.3145      8.309     5.9552     8.5106    259.801    265.959      48457          9  0.000e+00
   54.57318 -134.74804    109.580     11.047     10.947    14.9873    32.0545  1023.7542    23.7053    14.9856    102.727    96.7169     2.3145      8.309     5.9562     8.5119    259.842    266.002      48458          9  0.000e+00
   54.57318 -134.74804    109.644     11.111     11.011    14.9873    32.0547  1023.7546    23.7054    14.9856    102.739    96.7169     2.3145      8.309     5.9569     8.5130    259.874    266.034      48459          9  0.000e+00
   54.57318 -134.74804    109.644     11.111     11.011    14.9874    32.0552  1023.7549    23.7057    14.9858    102.751    96.7169     2.3145      8.309     5.9575     8.5139    259.902    266.063      48460          9  0.000e+00
   54.57318 -134.74804    109.668     11.135     11.035    14.9871    32.0554  1023.7552    23.7060    14.9854    102.764    96.7449     2.3145      8.309     5.9583     8.5150    259.935    266.097      48461          9  0.000e+00
   54.57318 -134.74804    109.700     11.168     11.067    14.9873    32.0553  1023.7553    23.7059    14.9856    102.776    96.7449     2.3145      8.309     5.9590     8.5160    259.966    266.129      48462          9  0.000e+00
   54.57318 -134.74804    109.700     11.168     11.067    14.9871    32.0556  1023.7555    23.7061    14.9854    102.789    96.7449     2.3145      8.309     5.9597     8.5171    259.998    266.162      48463          9  0.000e+00
   54.57318 -134.74804    109.668     11.135     11.035    14.9868    32.0552  1023.7552    23.7059    14.9851    102.801    96.7449     2.3145      8.309     5.9605     8.5182    260.032    266.196      48464          9  0.000e+00
   54.57318 -134.74804    109.700     11.168     11.067    14.9866    32.0551  1023.7553    23.7059    14.9849    102.815    96.7449     2.3145      8.309     5.9613     8.5193    260.067    266.232      48465          9  0.000e+00
   54.57324 -134.74826    103.152      4.044      4.007    14.9956    32.0565  1023.7227    23.7048    14.9950    102.676    96.8847     1.5819      8.304     5.9521     8.5062    259.666    265.821      50216         10  0.000e+00
   54.57324 -134.74826    103.473      4.367      4.327    14.9957    32.0558  1023.7236    23.7043    14.9951    102.677    96.8847     1.5819      8.304     5.9522     8.5063    259.670    265.825      50217         10  0.000e+00
   54.57324 -134.74826    103.177      4.044      4.007    14.9957    32.0558  1023.7221    23.7042    14.9951    102.670    96.8847     1.6112      8.304     5.9518     8.5057    259.653    265.808      50218         10  0.000e+00
   54.57324 -134.74826    103.201      4.068      4.031    14.9956    32.0561  1023.7225    23.7045    14.9950    102.668    96.8847     1.6112      8.304     5.9517     8.5056    259.649    265.803      50219         10  0.000e+00
   54.57324 -134.74826    103.233      4.100      4.063    14.9957    32.0563  1023.7227    23.7046    14.9951    102.667    96.8847     1.6112      8.304     5.9516     8.5055    259.644    265.799      50220         10  0.000e+00
   54.57324 -134.74826    103.297      4.165      4.127    14.9956    32.0564  1023.7231    23.7047    14.9950    102.667    96.8847     1.6112      8.304     5.9516     8.5054    259.644    265.799      50221         10  0.000e+00
   54.57324 -134.74826    103.233      4.124      4.087    14.9957    32.0561  1023.7227    23.7045    14.9951    102.665    96.8847     1.6112      8.304     5.9515     8.5053    259.640    265.795      50222         10  0.000e+00
   54.57324 -134.74826    103.297      4.165      4.127    14.9957    32.0558  1023.7227    23.7042    14.9951    102.665    96.8847     1.6112      8.304     5.9515     8.5053    259.641    265.796      50223         10  0.000e+00
   54.57324 -134.74826    103.257      4.124      4.087    14.9954    32.0566  1023.7232    23.7049    14.9948    102.660    96.8847     1.6112      8.304     5.9512     8.5049    259.627    265.781      50224         10  0.000e+00
   54.57324 -134.74826    103.233      4.100      4.063    14.9954    32.0562  1023.7227    23.7046    14.9948    102.712    96.8847     1.5819      8.304     5.9543     8.5093    259.760    265.918      50225         10  0.000e+00
   54.57324 -134.74826    103.233      4.124      4.087    14.9959    32.0556  1023.7223    23.7040    14.9953    102.665    96.8847     1.6112      8.304     5.9515     8.5053    259.640    265.795      50226         10  0.000e+00
   54.57324 -134.74826    103.233      4.100      4.063    14.9956    32.0561  1023.7226    23.7044    14.9950    102.666    96.8847     1.6112      8.304     5.9516     8.5054    259.642    265.797      50227         10  0.000e+00
   54.57324 -134.74826    103.233      4.124      4.087    14.9956    32.0561  1023.7228    23.7045    14.9950    102.667    96.8847     1.6112      8.304     5.9517     8.5055    259.646    265.801      50228         10  0.000e+00
   54.57324 -134.74826    103.233      4.100      4.063    14.9957    32.0563  1023.7227    23.7046    14.9951    102.669    96.8847     1.6112      8.304     5.9517     8.5056    259.649    265.804      50229         10  0.000e+00
   54.57324 -134.74826    103.233      4.100      4.063    14.9958    32.0561  1023.7225    23.7044    14.9952    102.671    96.8847     1.5819      8.304     5.9518     8.5058    259.654    265.809      50230         10  0.000e+00
   54.57324 -134.74826    103.257      4.124      4.087    14.9956    32.0563  1023.7229    23.7047    14.9950    102.679    96.8847     1.6112      8.304     5.9523     8.5064    259.675    265.830      50231         10  0.000e+00
   54.57324 -134.74826    103.177      4.044      4.007    14.9956    32.0566  1023.7228    23.7049    14.9950    102.628    96.8847     1.6112      8.304     5.9494     8.5022    259.546    265.699      50232         10  0.000e+00
   54.57324 -134.74826    103.233      4.124      4.087    14.9956    32.0567  1023.7232    23.7049    14.9950    102.628    96.8847     1.6112      8.304     5.9494     8.5022    259.546    265.698      50233         10  0.000e+00
   54.57324 -134.74826    103.177      4.044      4.007    14.9961    32.0561  1023.7223    23.7044    14.9955    102.679    96.8847     1.6112      8.304     5.9523     8.5064    259.673    265.828      50234         10  0.000e+00
   54.57324 -134.74826    103.257      4.124      4.087    14.9957    32.0565  1023.7230    23.7048    14.9951    102.632    96.8847     1.6112      8.304     5.9496     8.5026    259.556    265.708      50235         10  0.000e+00
   54.57324 -134.74826    103.177      4.044      4.007    14.9958    32.0564  1023.7225    23.7046    14.9952    102.632    96.8847     1.6112      8.304     5.9495     8.5025    259.554    265.707      50236         10  0.000e+00
   54.57324 -134.74826    103.153      4.044      4.007    14.9959    32.0560  1023.7222    23.7043    14.9953    102.685    96.8567     1.6405      8.304     5.9527     8.5069    259.690    265.846      50237         10  0.000e+00
   54.57324 -134.74826    103.201      4.068      4.031    14.9959    32.0561  1023.7224    23.7044    14.9953    102.634    96.8847     1.6405      8.304     5.9497     8.5027    259.560    265.713      50238         10  0.000e+00
   54.57324 -134.74826    103.177      4.044      4.007    14.9959    32.0560  1023.7222    23.7043    14.9953    102.636    96.8847     1.6698      8.304     5.9498     8.5028    259.565    265.717      50239         10  0.000e+00
   54.57324 -134.74826    103.137      4.003      3.967    14.9957    32.0563  1023.7223    23.7046    14.9951    102.638    96.8567     1.6405      8.304     5.9499     8.5030    259.570    265.723      50240         10  0.000e+00
   54.57324 -134.74826    103.177      4.044      4.007    14.9956    32.0562  1023.7225    23.7046    14.9950    102.636    96.8288     1.6698      8.304     5.9498     8.5029    259.567    265.720      50241         10  0.000e+00
   54.57324 -134.74826    103.201      4.068      4.031    14.9958    32.0560  1023.7224    23.7044    14.9952    102.635    96.8288     1.6405      8.304     5.9497     8.5028    259.563    265.716      50242         10  0.000e+00
   54.57324 -134.74826    103.097      3.987      3.951    14.9957    32.0565  1023.7224    23.7048    14.9951    102.632    96.8288     1.6405      8.304     5.9496     8.5026    259.557    265.709      50243         10  0.000e+00
   54.57324 -134.74826    103.137      4.003      3.967    14.9959    32.0560  1023.7221    23.7044    14.9953    102.632    96.8288     1.6698      8.304     5.9496     8.5025    259.555    265.707      50244         10  0.000e+00
   54.57324 -134.74826    103.177      4.044      4.008    14.9959    32.0561  1023.7223    23.7044    14.9953    102.632    96.8288     1.6405      8.304     5.9496     8.5025    259.555    265.708      50245         10  0.000e+00
   54.57324 -134.74826    103.121      3.987      3.952    14.9959    32.0564  1023.7223    23.7047    14.9953    102.631    96.8288     1.6698      8.304     5.9495     8.5024    259.553    265.705      50246         10  0.000e+00
   54.57324 -134.74826    103.113      4.004      3.968    14.9959    32.0560  1023.7221    23.7044    14.9953    102.632    96.8288     1.6405      8.304     5.9496     8.5025    259.555    265.707      50247         10  0.000e+00
   54.57324 -134.74826    103.121      3.987      3.952    14.9957    32.0565  1023.7224    23.7047    14.9951    102.685    96.8288     1.6405      8.304     5.9527     8.5069    259.690    265.846      50248         10  0.000e+00
   54.57324 -134.74826    103.081      3.947      3.912    14.9959    32.0563  1023.7220    23.7046    14.9953    102.691    96.8288     1.6698      8.304     5.9530     8.5074    259.703    265.859      50249         10  0.000e+00
   54.57324 -134.74826    103.121      3.987      3.952    14.9959    32.0560  1023.7220    23.7043    14.9953    102.697    96.8288     1.6405      8.304     5.9534     8.5080    259.721    265.877      50250         10  0.000e+00
   54.57324 -134.74826    103.137      4.004      3.968    14.9961    32.0560  1023.7220    23.7043    14.9955    102.699    96.8288     1.6405      8.304     5.9534     8.5080    259.723    265.880      50251         10  0.000e+00
   54.57324 -134.74826    103.121      3.987      3.952    14.9957    32.0559  1023.7220    23.7043    14.9951    102.700    96.8288     1.6405      8.304     5.9535     8.5082    259.728    265.885      50252         10  0.000e+00
   54.57324 -134.74826    103.081      3.947      3.912    14.9959    32.0565  1023.7222    23.7047    14.9953    102.706    96.8288     1.6698      8.304     5.9538     8.5086    259.741    265.898      50253         10  0.000e+00
   54.57324 -134.74826    103.057      3.923      3.888    14.9959    32.0565  1023.7221    23.7048    14.9953    102.712    96.8288     1.6698      8.304     5.9542     8.5091    259.757    265.914      50254         10  0.000e+00
   54.57324 -134.74826    103.097      3.987      3.952    14.9959    32.0561  1023.7220    23.7044    14.9953    102.715    96.8288     1.6698      8.304     5.9544     8.5094    259.764    265.922      50255         10  0.000e+00
   54.57324 -134.74826    103.081      3.947      3.912    14.9961    32.0560  1023.7218    23.7043    14.9955    102.716    96.8288     1.6698      8.304     5.9544     8.5094    259.766    265.924      50256         10  0.000e+00
