EcoFOCI/data/1_SampleCollection/2022_GOA-OA_CruiseData/CTD_raw_BottleFile_RC0083/RC0083_147.cnv
* Sea-Bird SBE 9 Data File:
* FileName = C:\Data\RC0083ctd\RC0083_147.hex
* Software Version Seasave V 7.26.7.107
* Temperature SN = 2060
* Conductivity SN = 2881
* Number of Bytes Per Scan = 31
* Number of Voltage Words = 4
* Number of Scans Averaged by the Deck Unit = 1
* NMEA Latitude = 54 55.91 N
* NMEA Longitude = 131 07.10 W
* NMEA UTC (Time) = Aug 28 2022  20:23:40
* NMEA baud rate = 4800
** Ship: R/V Rachel Carson
** Cruise ID: RC0083
** Tech: McHugh/Nomura
** Chief Scientist: Cross
** Station: RC2
** Cast:  CTD147
# nquan = 19
# nvalues = 13177                                 
# units = specified
# name 0 = latitude: Latitude [deg]
# name 1 = longitude: Longitude [deg]
# name 2 = sfdSM: Seafloor depth [salt water, m]
# name 3 = prDM: Pressure, Digiquartz [db]
# name 4 = depSM: Depth [salt water, m]
# name 5 = t090C: Temperature [ITS-90, deg C]
# name 6 = sal00: Salinity, Practical [PSU]
# name 7 = density00: Density [density, kg/m^3]
# name 8 = sigma-é00: Density [sigma-theta, kg/m^3]
# name 9 = potemp090C: Potential Temperature [ITS-90, deg C]
# name 10 = sbeox0PS: Oxygen, SBE 43 [% saturation]
# name 11 = CStarTr0: Beam Transmission, WET Labs C-Star [%]
# name 12 = flECO-AFL: Fluorescence, WET Labs ECO-AFL/FL [mg/m^3]
# name 13 = ph: pH
# name 14 = sbeox0ML/L: Oxygen, SBE 43 [ml/l]
# name 15 = sbeox0Mg/L: Oxygen, SBE 43 [mg/l]
# name 16 = sbox0Mm/Kg: Oxygen, SBE 43 [umol/kg]
# name 17 = sbeox0Mm/L: Oxygen, SBE 43 [umol/l]
# name 18 = flag:  0.000e+00
# span 0 =   54.93186,   54.93524                 
# span 1 = -131.11942, -131.11838                 
# span 2 =     84.561,    288.623                 
# span 3 =      3.169,    199.958                 
# span 4 =      3.140,    198.061                 
# span 5 =     5.9487,    13.2614                 
# span 6 =    27.7053,    33.3859                 
# span 7 =  1020.7170,  1027.2036                 
# span 8 =    20.7007,    26.2856                 
# span 9 =     5.9322,    13.2610                 
# span 10 =     26.094,     92.420                
# span 11 =    84.0190,   103.7931                
# span 12 =    -0.1177,     4.9812                
# span 13 =      7.681,      8.312                
# span 14 =     1.8243,     5.7025                
# span 15 =     2.6071,     8.1494                
# span 16 =     79.387,    249.507                
# span 17 =     81.474,    254.673                
# span 18 = 0.0000e+00, 0.0000e+00                
# interval = seconds: 0.0416667
# start_time = Aug 28 2022 20:23:40 [NMEA time, header]
# bad_flag = -9.990e-29
*END*
[from data line 1829]
   54.93234 -131.11840    152.537     54.500     54.002     7.1778    32.3967  1025.5953    25.3453     7.1729     43.971   103.7091    -0.0005      7.822     3.0075     4.2980    130.994    134.314  0.000e+00
   54.93234 -131.11840    152.537     54.500     54.002     7.1773    32.3972  1025.5958    25.3458     7.1724     43.912   103.7091     0.0288      7.822     3.0034     4.2922    130.817    134.133  0.000e+00
   54.93234 -131.11840    152.593     54.557     54.058     7.1771    32.3979  1025.5966    25.3464     7.1722     43.909   103.7091     0.0288      7.822     3.0032     4.2919    130.809    134.125  0.000e+00
   54.93234 -131.11840    152.537     54.500     54.002     7.1773    32.3979  1025.5964    25.3464     7.1724     43.911   103.7091     0.0288      7.822     3.0034     4.2922    130.816    134.132  0.000e+00
   54.93234 -131.11840    152.633     54.622     54.122     7.1768    32.3986  1025.5975    25.3470     7.1719     43.858   103.7091     0.0288      7.822     2.9997     4.2869    130.657    133.969  0.000e+00
   54.93234 -131.11840    152.593     54.557     54.058     7.1768    32.3994  1025.5979    25.3476     7.1719     43.796   103.7091     0.0288      7.822     2.9955     4.2809    130.473    133.780  0.000e+00
   54.93234 -131.11840    152.713     54.678     54.179     7.1759    32.4002  1025.5992    25.3484     7.1710     43.792   103.7091     0.0288      7.822     2.9953     4.2806    130.463    133.770  0.000e+00
   54.93234 -131.11840    152.657     54.622     54.122     7.1749    32.4019  1025.6004    25.3498     7.1700     43.737   103.7091     0.0288      7.822     2.9915     4.2752    130.299    133.602  0.000e+00
   54.93234 -131.11840    152.713     54.678     54.179     7.1738    32.4039  1025.6023    25.3515     7.1689     43.732   103.7091     0.0288      7.822     2.9912     4.2748    130.285    133.588  0.000e+00
   54.93234 -131.11840    152.657     54.622     54.122     7.1725    32.4060  1025.6039    25.3534     7.1676     43.732   103.7091     0.0288      7.822     2.9913     4.2749    130.289    133.592  0.000e+00
   54.93234 -131.11840    152.689     54.678     54.179     7.1720    32.4067  1025.6048    25.3540     7.1671     43.676   103.7091     0.0288      7.822     2.9875     4.2694    130.122    133.422  0.000e+00
   54.93234 -131.11840    152.713     54.678     54.179     7.1713    32.4082  1025.6061    25.3553     7.1664     43.676   103.7091     0.0288      7.822     2.9875     4.2695    130.123    133.423  0.000e+00
   54.93234 -131.11840    152.593     54.557     54.058     7.1700    32.4102  1025.6073    25.3571     7.1651     43.675   103.6812     0.0288      7.822     2.9875     4.2694    130.122    133.422  0.000e+00
   54.93234 -131.11840    152.833     54.799     54.299     7.1691    32.4111  1025.6092    25.3579     7.1642     43.625   103.6532     0.0288      7.822     2.9841     4.2646    129.974    133.270  0.000e+00
   54.93234 -131.11840    152.769     54.735     54.235     7.1691    32.4111  1025.6089    25.3579     7.1642     43.630   103.6532     0.0288      7.822     2.9844     4.2650    129.988    133.284  0.000e+00
   54.93234 -131.11840    152.745     54.735     54.235     7.1676    32.4130  1025.6106    25.3596     7.1626     43.577   103.6532    -0.0005      7.822     2.9809     4.2600    129.836    133.128  0.000e+00
   54.93234 -131.11840    152.809     54.799     54.299     7.1642    32.4168  1025.6144    25.3630     7.1592     43.576   103.6532    -0.0005      7.822     2.9810     4.2601    129.837    133.130  0.000e+00
   54.93234 -131.11840    152.833     54.799     54.299     7.1612    32.4199  1025.6172    25.3659     7.1563     43.522   103.6532     0.0288      7.822     2.9775     4.2551    129.684    132.973  0.000e+00
   54.93234 -131.11840    152.889     54.856     54.355     7.1591    32.4223  1025.6196    25.3680     7.1542     43.463   103.6532    -0.0005      7.822     2.9735     4.2494    129.510    132.795  0.000e+00
   54.93234 -131.11840    152.889     54.856     54.355     7.1580    32.4239  1025.6211    25.3694     7.1531     43.459   103.6812     0.0288      7.822     2.9733     4.2491    129.501    132.786  0.000e+00
   54.93234 -131.11840    152.954     54.921     54.419     7.1580    32.4241  1025.6215    25.3696     7.1531     43.399   103.6532     0.0288      7.822     2.9691     4.2432    129.320    132.601  0.000e+00
   54.93234 -131.11840    152.946     54.913     54.411     7.1577    32.4245  1025.6219    25.3700     7.1528     43.394   103.6532     0.0288      7.822     2.9688     4.2428    129.307    132.588  0.000e+00
   54.93234 -131.11840    153.010     54.977     54.475     7.1564    32.4266  1025.6239    25.3718     7.1515     43.339   103.6532     0.0288      7.822     2.9651     4.2375    129.146    132.423  0.000e+00
   54.93234 -131.11840    152.929     54.921     54.419     7.1554    32.4286  1025.6254    25.3735     7.1504     43.277   103.6532     0.0288      7.822     2.9609     4.2315    128.963    132.235  0.000e+00
   54.93234 -131.11840    153.010     54.977     54.475     7.1532    32.4316  1025.6283    25.3761     7.1482     43.216   103.6532     0.0288      7.822     2.9568     4.2256    128.784    132.052  0.000e+00
   54.93234 -131.11840    153.066     55.034     54.531     7.1517    32.4336  1025.6303    25.3779     7.1468     43.212   103.6532     0.0288      7.822     2.9566     4.2253    128.773    132.041  0.000e+00
   54.93234 -131.11840    153.130     55.099     54.595     7.1498    32.4360  1025.6328    25.3801     7.1449     43.157   103.6532    -0.0005      7.822     2.9529     4.2200    128.614    131.878  0.000e+00
   54.93234 -131.11840    153.066     55.034     54.531     7.1483    32.4384  1025.6346    25.3821     7.1434     43.096   103.6532     0.0288      7.822     2.9488     4.2141    128.434    131.694  0.000e+00
   54.93234 -131.11840    153.186     55.155     54.651     7.1468    32.4398  1025.6365    25.3835     7.1418     43.093   103.6812     0.0288      7.822     2.9487     4.2140    128.428    131.688  0.000e+00
   54.93234 -131.11840    153.186     55.155     54.651     7.1439    32.4422  1025.6387    25.3857     7.1389     43.090   103.6532     0.0288      7.822     2.9486     4.2139    128.425    131.685  0.000e+00
   54.93234 -131.11840    153.242     55.212     54.707     7.1412    32.4443  1025.6410    25.3877     7.1363     43.037   103.6532     0.0288      7.822     2.9451     4.2089    128.272    131.528  0.000e+00
   54.93234 -131.11840    153.217     55.212     54.707     7.1387    32.4464  1025.6430    25.3897     7.1337     42.977   103.6532     0.0288      7.822     2.9412     4.2032    128.100    131.353  0.000e+00
   54.93234 -131.11840    153.306     55.276     54.771     7.1356    32.4486  1025.6455    25.3919     7.1307     42.969   103.5973     0.0288      7.822     2.9407     4.2026    128.082    131.334  0.000e+00
   54.93234 -131.11840    153.306     55.276     54.771     7.1320    32.4510  1025.6478    25.3942     7.1270     42.910   103.5413    -0.0005      7.822     2.9369     4.1972    127.915    131.163  0.000e+00
   54.93234 -131.11840    153.362     55.333     54.827     7.1274    32.4547  1025.6516    25.3978     7.1224     42.908   103.5134    -0.0005      7.822     2.9371     4.1974    127.920    131.169  0.000e+00
   54.93234 -131.11840    153.338     55.333     54.827     7.1221    32.4610  1025.6573    25.4035     7.1171     42.907   103.5134    -0.0005      7.823     2.9372     4.1976    127.926    131.175  0.000e+00
   54.93234 -131.11840    153.458     55.454     54.947     7.1170    32.4677  1025.6639    25.4095     7.1120     42.856   103.5134    -0.0005      7.823     2.9339     4.1929    127.783    131.030  0.000e+00
   54.93234 -131.11840    153.482     55.454     54.947     7.1120    32.4729  1025.6686    25.4142     7.1070     42.805   103.5134    -0.0005      7.823     2.9307     4.1882    127.640    130.884  0.000e+00
   54.93234 -131.11840    153.538     55.511     55.003     7.1066    32.4772  1025.6730    25.4183     7.1016     42.799   103.5134    -0.0005      7.823     2.9305     4.1880    127.633    130.877  0.000e+00
   54.93234 -131.11840    153.538     55.511     55.003     7.1007    32.4840  1025.6791    25.4245     7.0958     42.799   103.5134    -0.0005      7.823     2.9308     4.1884    127.644    130.889  0.000e+00
   54.93234 -131.11840    153.658     55.632     55.123     7.0951    32.4902  1025.6853    25.4301     7.0901     42.743   103.5134    -0.0005      7.818     2.9272     4.1833    127.487    130.729  0.000e+00
   54.93234 -131.11840    153.658     55.632     55.123     7.0855    32.4989  1025.6935    25.4382     7.0806     42.686   103.5134    -0.0005      7.818     2.9238     4.1784    127.338    130.578  0.000e+00
   54.93234 -131.11840    153.698     55.697     55.187     7.0721    32.5099  1025.7042    25.4487     7.0671     42.631   103.5134    -0.0005      7.818     2.9207     4.1740    127.202    130.439  0.000e+00
   54.93234 -131.11840    153.778     55.753     55.244     7.0590    32.5206  1025.7146    25.4588     7.0541     42.570   103.5134    -0.0005      7.818     2.9172     4.1690    127.047    130.282  0.000e+00
   54.93234 -131.11840    153.810     55.810     55.300     7.0501    32.5276  1025.7216    25.4655     7.0451     42.566   103.5134    -0.0005      7.818     2.9174     4.1692    127.055    130.291  0.000e+00
   54.93234 -131.11840    153.834     55.810     55.300     7.0426    32.5331  1025.7270    25.4709     7.0376     42.505   103.5134    -0.0005      7.818     2.9136     4.1639    126.891    130.123  0.000e+00
   54.93234 -131.11840    153.898     55.875     55.364     7.0313    32.5413  1025.7353    25.4788     7.0264     42.496   103.5134    -0.0005      7.818     2.9136     4.1639    126.889    130.122  0.000e+00
   54.93234 -131.11840    153.955     55.931     55.420     7.0218    32.5484  1025.7424    25.4857     7.0168     42.437   103.5134    -0.0005      7.818     2.9101     4.1588    126.734    129.964  0.000e+00
   54.93234 -131.11840    154.011     55.988     55.476     7.0151    32.5533  1025.7474    25.4905     7.0101     42.372   103.5134    -0.0005      7.818     2.9060     4.1529    126.555    129.781  0.000e+00
   54.93234 -131.11840    154.075     56.052     55.540     7.0098    32.5565  1025.7509    25.4937     7.0048     42.308   103.5134    -0.0005      7.818     2.9019     4.1471    126.375    129.597  0.000e+00
   54.93234 -131.11840    154.131     56.109     55.596     7.0037    32.5593  1025.7542    25.4967     6.9987     42.238   103.5134    -0.0005      7.818     2.8974     4.1407    126.182    129.399  0.000e+00
   54.93234 -131.11840    154.195     56.174     55.660     6.9991    32.5599  1025.7556    25.4978     6.9941     42.226   103.5134    -0.0005      7.813     2.8969     4.1400    126.159    129.376  0.000e+00
   54.93234 -131.11840    154.195     56.174     55.660     6.9902    32.5620  1025.7585    25.5007     6.9853     42.165   103.5134    -0.0005      7.813     2.8932     4.1347    125.999    129.212  0.000e+00
   54.93234 -131.11840    154.251     56.230     55.716     6.9799    32.5649  1025.7624    25.5043     6.9749     42.155   103.4854    -0.0005      7.813     2.8932     4.1347    125.997    129.210  0.000e+00
   54.93234 -131.11840    154.371     56.351     55.836     6.9713    32.5674  1025.7661    25.5074     6.9663     42.146   103.4854    -0.0005      7.813     2.8931     4.1346    125.993    129.207  0.000e+00
   54.93234 -131.11840    154.427     56.408     55.892     6.9641    32.5701  1025.7694    25.5105     6.9591     42.088   103.4854    -0.0005      7.813     2.8895     4.1294    125.836    129.046  0.000e+00
   54.93234 -131.11840    154.403     56.408     55.892     6.9565    32.5730  1025.7727    25.5138     6.9515     42.080   103.4854    -0.0005      7.813     2.8894     4.1293    125.832    129.043  0.000e+00
   54.93234 -131.11840    154.491     56.473     55.956     6.9480    32.5752  1025.7759    25.5166     6.9430     42.080   103.4854    -0.0005      7.813     2.8900     4.1300    125.854    129.065  0.000e+00
   54.93234 -131.11840    154.603     56.586     56.068     6.9391    32.5786  1025.7803    25.5205     6.9341     42.030   103.4854    -0.0005      7.809     2.8871     4.1259    125.728    128.937  0.000e+00
   54.93234 -131.11840    154.667     56.650     56.132     6.9333    32.5802  1025.7827    25.5226     6.9283     42.031   103.4854    -0.0005      7.809     2.8875     4.1266    125.747    128.957  0.000e+00
   54.93234 -131.11840    154.667     56.650     56.132     6.9293    32.5811  1025.7839    25.5238     6.9243     41.983   103.4854    -0.0005      7.809     2.8844     4.1221    125.612    128.818  0.000e+00
   54.93234 -131.11840    154.723     56.707     56.188     6.9247    32.5830  1025.7862    25.5259     6.9197     41.935   103.4854    -0.0005      7.809     2.8814     4.1179    125.482    128.685  0.000e+00
   54.93234 -131.11840    154.819     56.828     56.309     6.9195    32.5856  1025.7895    25.5286     6.9145     41.883   103.4854    -0.0005      7.809     2.8781     4.1131    125.338    128.538  0.000e+00
   54.93234 -131.11840    154.843     56.828     56.309     6.9156    32.5872  1025.7914    25.5304     6.9106     41.888   103.4854    -0.0005      7.804     2.8787     4.1140    125.363    128.564  0.000e+00
   54.93234 -131.11840    154.899     56.885     56.365     6.9128    32.5885  1025.7930    25.5318     6.9077     41.895   103.5134    -0.0005      7.804     2.8793     4.1149    125.390    128.591  0.000e+00
   54.93234 -131.11840    154.964     56.950     56.429     6.9110    32.5888  1025.7938    25.5323     6.9060     41.852   103.4854    -0.0005      7.804     2.8765     4.1108    125.266    128.464  0.000e+00
   54.93234 -131.11840    155.076     57.063     56.541     6.9101    32.5891  1025.7946    25.5326     6.9050     41.917   103.4854    -0.0005      7.804     2.8811     4.1173    125.465    128.669  0.000e+00
   54.93234 -131.11840    155.115     57.127     56.605     6.9092    32.5895  1025.7954    25.5331     6.9042     41.876   103.4854    -0.0005      7.804     2.8783     4.1133    125.344    128.544  0.000e+00
   54.93234 -131.11840    155.140     57.127     56.605     6.9084    32.5897  1025.7956    25.5333     6.9034     41.835   103.4854    -0.0005      7.799     2.8755     4.1094    125.223    128.421  0.000e+00
   54.93234 -131.11840    155.196     57.184     56.661     6.9082    32.5889  1025.7953    25.5327     6.9032     41.789   103.4854    -0.0005      7.804     2.8724     4.1049    125.087    128.280  0.000e+00
   54.93234 -131.11840    155.348     57.362     56.837     6.9054    32.5903  1025.7976    25.5342     6.9003     41.802   103.4854    -0.0005      7.799     2.8734     4.1064    125.131    128.326  0.000e+00
   54.93234 -131.11840    155.436     57.426     56.901     6.9023    32.5914  1025.7992    25.5355     6.8972     41.757   103.4854    -0.0005      7.799     2.8705     4.1023    125.006    128.198  0.000e+00
   54.93234 -131.11840    155.348     57.362     56.837     6.8987    32.5923  1025.8001    25.5367     6.8937     41.764   103.4854    -0.0005      7.799     2.8712     4.1032    125.035    128.228  0.000e+00
   54.93234 -131.11840    155.612     57.604     57.077     6.8948    32.5928  1025.8021    25.5376     6.8897     41.716   103.4295    -0.0005      7.799     2.8681     4.0989    124.901    128.091  0.000e+00
   54.93234 -131.11840    155.612     57.604     57.077     6.8918    32.5929  1025.8026    25.5380     6.8867     41.667   103.4015    -0.0298      7.799     2.8650     4.0943    124.764    127.950  0.000e+00
