EcoFOCI/data/1_SampleCollection/2022_GOA-OA_CruiseData/CTD_raw_BottleFile_RC0083/RC0083_015.ros
* Sea-Bird SBE 9 Data File:
* FileName = C:\Data\RC0083ctd\RC0083_015.hex
* Software Version Seasave V 7.26.7.107
* Temperature SN = 2060
* Conductivity SN = 1084
* Number of Bytes Per Scan = 31
* Number of Voltage Words = 4
* Number of Scans Averaged by the Deck Unit = 1
* NMEA Latitude = 55 47.82 N
* NMEA Longitude = 134 21.35 W
* NMEA UTC (Time) = Aug 13 2022  08:05:54
* NMEA baud rate = 4800
** Ship: R/V Rachel Carson
** Cruise ID: RC0083 RC0083
** Tech: McHugh/Nomura
** Chief Scientist: Cross Cross
** Station: POW2
** Cast:  015
# nquan = 21
# nvalues = 245                                   
# units = specified
# name 0 = latitude: Latitude [deg]
# name 1 = longitude: Longitude [deg]
# name 2 = sfdSM: Seafloor depth [salt water, m]
# name 3 = prDM: Pressure, Digiquartz [db]
# name 4 = depSM: Depth [salt water, m]
# name 5 = t090C: Temperature [ITS-90, deg C]
# name 6 = sal00: Salinity, Practical [PSU]
# name 7 = density00: Density [density, kg/m^3]
# name 8 = sigma-é00: Density [sigma-theta, kg/m^3]
# name 9 = potemp090C: Potential Temperature [ITS-90, deg C]
# name 10 = sbeox0PS: Oxygen, SBE 43 [% saturation]
# name 11 = CStarTr0: Beam Transmission, WET Labs C-Star [%]
# name 12 = flECO-AFL: Fluorescence, WET Labs ECO-AFL/FL [mg/m^3]
# name 13 = ph: pH
# name 14 = sbeox0ML/L: Oxygen, SBE 43 [ml/l]
# name 15 = sbeox0Mg/L: Oxygen, SBE 43 [mg/l]
# name 16 = sbox0Mm/Kg: Oxygen, SBE 43 [umol/kg]
# name 17 = sbeox0Mm/L: Oxygen, SBE 43 [umol/l]
# name 18 = scan: Scan Count
# name 19 = nbf: Bottles Fired
# name 20 = flag:  0.000e+00
# interval = seconds: 0.0416667
# start_time = Aug 13 2022 08:05:54 [NMEA time, header]
# bad_flag = -9.990e-29
*END*
[from data line 138]
   55.79732 -134.35480     97.270     25.587     25.353     7.8955    32.1385  1025.1595    25.0425     7.8931     60.073   101.0521     0.5269      7.925     4.0489     5.7863    176.407    180.825      10531          3  0.000e+00
   55.79732 -134.35480     97.206     25.522     25.289     7.8945    32.1391  1025.1599    25.0431     7.8921     60.068   101.0521     0.5269      7.925     4.0486     5.7859    176.394    180.812      10532          3  0.000e+00
   55.79732 -134.35480     97.270     25.587     25.353     7.8965    32.1380  1025.1590    25.0420     7.8941     60.008   101.0521     0.5269      7.925     4.0445     5.7799    176.213    180.626      10533          3  0.000e+00
   55.79732 -134.35480     97.206     25.522     25.289     7.9037    32.1332  1025.1539    25.0372     7.9013     59.996   101.0521     0.5269      7.925     4.0431     5.7780    176.154    180.564      10534          3  0.000e+00
   55.79732 -134.35480     97.150     25.466     25.233     7.9074    32.1313  1025.1516    25.0352     7.9049     59.984   101.0521     0.5269      7.925     4.0420     5.7765    176.108    180.517      10535          3  0.000e+00
   55.79732 -134.35480     97.150     25.466     25.233     7.9081    32.1315  1025.1517    25.0352     7.9056     59.974   101.0521     0.5269      7.925     4.0413     5.7754    176.076    180.484      10536          3  0.000e+00
   55.79732 -134.35480     97.150     25.466     25.233     7.9120    32.1303  1025.1501    25.0337     7.9096     59.965   101.0521     0.5269      7.925     4.0403     5.7740    176.033    180.440      10537          3  0.000e+00
   55.79732 -134.35480     97.150     25.466     25.233     7.9269    32.1231  1025.1424    25.0260     7.9245     59.954   101.0521     0.5269      7.925     4.0384     5.7713    175.952    180.355      10538          3  0.000e+00
   55.79732 -134.35480     97.086     25.401     25.169     7.9431    32.1150  1025.1334    25.0172     7.9407     59.888   101.0521     0.5269      7.925     4.0327     5.7632    175.706    180.101      10539          3  0.000e+00
   55.79738 -134.35472     98.210     11.156     11.055     9.1490    31.5347  1024.4338    24.3831     9.1479     74.564    94.7870     2.5196      8.045     4.9054     7.0103    213.862    219.076      11997          4  0.000e+00
   55.79738 -134.35472     97.913     10.857     10.758     9.1521    31.5335  1024.4310    24.3816     9.1510     74.541    94.7870     2.5196      8.045     4.9036     7.0077    213.783    218.995      11998          4  0.000e+00
   55.79738 -134.35472     97.881     10.825     10.726     9.1552    31.5328  1024.4298    24.3806     9.1541     74.523    94.7591     2.5196      8.045     4.9021     7.0056    213.717    218.928      11999          4  0.000e+00
   55.79738 -134.35472     98.266     11.213     11.111     9.1612    31.5312  1024.4294    24.3784     9.1601     74.511    94.7031     2.5196      8.045     4.9007     7.0036    213.657    218.865      12000          4  0.000e+00
   55.79738 -134.35472     98.090     11.035     10.934     9.1666    31.5293  1024.4263    24.3761     9.1654     74.442    94.7031     2.5196      8.045     4.8956     6.9963    213.436    218.638      12001          4  0.000e+00
   55.79738 -134.35472     97.969     10.914     10.814     9.1703    31.5279  1024.4240    24.3744     9.1692     74.424    94.7031     2.5196      8.045     4.8941     6.9941    213.369    218.570      12002          4  0.000e+00
   55.79738 -134.35472     97.857     10.825     10.726     9.1712    31.5284  1024.4239    24.3746     9.1701     74.348    94.7031     2.5196      8.045     4.8890     6.9868    213.146    218.341      12003          4  0.000e+00
   55.79738 -134.35472     98.097     11.091     10.990     9.1735    31.5271  1024.4238    24.3733     9.1723     74.332    94.7031     2.5196      8.045     4.8878     6.9851    213.093    218.287      12004          4  0.000e+00
   55.79738 -134.35472     97.985     10.978     10.878     9.1801    31.5225  1024.4186    24.3687     9.1789     74.316    94.7031     2.5196      8.045     4.8861     6.9828    213.023    218.214      12005          4  0.000e+00
   55.79738 -134.35472     97.833     10.825     10.726     9.1820    31.5221  1024.4173    24.3680     9.1809     74.303    94.6752     2.5196      8.045     4.8851     6.9812    212.977    218.167      12006          4  0.000e+00
   55.79738 -134.35472     98.170     11.091     10.990     9.1817    31.5248  1024.4207    24.3702     9.1806     74.297    94.7031     2.5196      8.045     4.8846     6.9806    212.957    218.147      12007          4  0.000e+00
   55.79738 -134.35472     98.092     10.914     10.814     9.1849    31.5251  1024.4196    24.3700     9.1838     74.290    94.7031     2.6661      8.045     4.8838     6.9794    212.920    218.109      12008          4  0.000e+00
   55.79738 -134.35472     98.204     11.003     10.902     9.1879    31.5253  1024.4197    24.3696     9.1868     74.288    94.7031     2.7834      8.045     4.8833     6.9787    212.900    218.089      12009          4  0.000e+00
   55.79738 -134.35472     98.156     10.978     10.878     9.1910    31.5243  1024.4183    24.3684     9.1899     74.233    94.7031     2.8127      8.045     4.8794     6.9732    212.731    217.915      12010          4  0.000e+00
   55.79738 -134.35472     98.092     10.914     10.814     9.1933    31.5223  1024.4161    24.3665     9.1921     74.230    94.7031     2.8127      8.045     4.8790     6.9726    212.713    217.896      12011          4  0.000e+00
   55.79738 -134.35472     98.156     10.978     10.878     9.1928    31.5176  1024.4128    24.3629     9.1917     74.224    94.7031     2.7834      8.045     4.8788     6.9723    212.706    217.888      12012          4  0.000e+00
   55.79738 -134.35472     98.180     11.003     10.902     9.1853    31.5175  1024.4140    24.3640     9.1841     74.174    94.7031     2.7834      8.045     4.8764     6.9688    212.598    217.778      12013          4  0.000e+00
   55.79738 -134.35472     98.156     10.978     10.878     9.1748    31.5238  1024.4204    24.3705     9.1737     74.168    94.7031     2.7834      8.045     4.8769     6.9696    212.621    217.803      12014          4  0.000e+00
   55.79738 -134.35472     98.156     10.978     10.878     9.1744    31.5264  1024.4226    24.3726     9.1733     74.165    94.7031     2.7834      8.050     4.8767     6.9693    212.611    217.793      12015          4  0.000e+00
   55.79738 -134.35472     98.059     10.881     10.782     9.1748    31.5248  1024.4208    24.3713     9.1737     74.219    94.7031     2.7834      8.050     4.8802     6.9743    212.766    217.951      12016          4  0.000e+00
   55.79738 -134.35472     98.332     11.156     11.054     9.1611    31.5245  1024.4240    24.3732     9.1600     74.178    94.6752     2.7834      8.050     4.8790     6.9726    212.713    217.898      12017          4  0.000e+00
   55.79738 -134.35472     98.131     10.978     10.878     9.1380    31.5288  1024.4301    24.3802     9.1368     74.185    94.7031     2.7834      8.050     4.8819     6.9767    212.835    218.024      12018          4  0.000e+00
   55.79738 -134.35472     98.211     11.059     10.958     9.1154    31.5352  1024.4390    24.3887     9.1142     74.198    94.6752     2.7834      8.050     4.8849     6.9811    212.968    218.162      12019          4  0.000e+00
   55.79738 -134.35472     98.243     11.091     10.990     9.0993    31.5420  1024.4469    24.3964     9.0982     74.206    93.7522     2.7834      8.050     4.8870     6.9840    213.056    218.253      12020          4  0.000e+00
   55.79738 -134.35472     98.187     11.035     10.934     9.0927    31.5441  1024.4493    24.3991     9.0915     74.215    93.1648     2.7834      8.050     4.8883     6.9858    213.111    218.311      12021          4  0.000e+00
   55.79738 -134.35472     98.211     11.059     10.958     9.0890    31.5453  1024.4509    24.4006     9.0878     74.174    93.1089     2.7834      8.050     4.8859     6.9824    213.007    218.204      12022          4  0.000e+00
   55.79738 -134.35472     98.243     11.091     10.990     9.0867    31.5460  1024.4520    24.4015     9.0856     74.238    93.1369     2.8127      8.050     4.8903     6.9888    213.201    218.403      12023          4  0.000e+00
   55.79738 -134.35472     98.307     11.156     11.054     9.0858    31.5447  1024.4514    24.4006     9.0846     74.203    93.1648     2.7834      8.050     4.8882     6.9857    213.106    218.306      12024          4  0.000e+00
   55.79738 -134.35472     98.243     11.091     10.990     9.0828    31.5435  1024.4506    24.4001     9.0817     74.218    93.1648     2.7834      8.050     4.8895     6.9876    213.165    218.367      12025          4  0.000e+00
   55.79738 -134.35472     98.275     11.124     11.022     9.0764    31.5432  1024.4515    24.4009     9.0753     74.231    93.1648     2.7834      8.050     4.8911     6.9898    213.233    218.436      12026          4  0.000e+00
   55.79738 -134.35472     98.283     11.156     11.054     9.0695    31.5446  1024.4538    24.4030     9.0683     74.294    93.1648     2.7834      8.050     4.8960     6.9968    213.446    218.655      12027          4  0.000e+00
   55.79738 -134.35472     98.339     11.212     11.110     9.0648    31.5470  1024.4567    24.4057     9.0637     74.258    93.1648     2.8127      8.050     4.8940     6.9940    213.359    218.566      12028          4  0.000e+00
   55.79738 -134.35472     98.307     11.180     11.078     9.0625    31.5483  1024.4579    24.4070     9.0614     74.271    93.1648     2.8127      8.050     4.8951     6.9956    213.406    218.614      12029          4  0.000e+00
   55.79738 -134.35472     98.339     11.212     11.110     9.0615    31.5496  1024.4592    24.4082     9.0604     74.287    93.1648     2.8127      8.050     4.8962     6.9972    213.455    218.666      12030          4  0.000e+00
   55.79738 -134.35472     98.339     11.212     11.110     9.0586    31.5508  1024.4606    24.4095     9.0574     74.306    93.1648     2.8127      8.050     4.8978     6.9994    213.522    218.734      12031          4  0.000e+00
   55.79738 -134.35472     98.363     11.237     11.134     9.0547    31.5525  1024.4626    24.4115     9.0535     74.321    93.1648     2.8127      8.050     4.8991     7.0014    213.582    218.796      12032          4  0.000e+00
   55.79738 -134.35472     98.339     11.212     11.110     9.0515    31.5538  1024.4640    24.4130     9.0503     74.339    93.1648     2.8127      8.050     4.9006     7.0034    213.644    218.860      12033          4  0.000e+00
   55.79738 -134.35472     98.395     11.269     11.166     9.0504    31.5546  1024.4651    24.4138     9.0493     74.413    93.1648     2.8127      8.050     4.9056     7.0106    213.863    219.084      12034          4  0.000e+00
   55.79738 -134.35472     98.395     11.269     11.166     9.0504    31.5545  1024.4650    24.4137     9.0493     74.380    93.1648     2.8127      8.046     4.9034     7.0075    213.768    218.987      12035          4  0.000e+00
   55.79738 -134.35472     98.451     11.301     11.198     9.0506    31.5537  1024.4645    24.4130     9.0494     74.452    93.1648     2.8127      8.046     4.9082     7.0143    213.976    219.200      12036          4  0.000e+00
   55.79738 -134.35472     98.483     11.334     11.230     9.0509    31.5523  1024.4635    24.4119     9.0498     74.478    93.1648     2.8127      8.046     4.9099     7.0167    214.051    219.276      12037          4  0.000e+00
   55.79738 -134.35472     98.483     11.334     11.230     9.0504    31.5524  1024.4637    24.4121     9.0493     74.451    93.1648     2.8127      8.046     4.9082     7.0143    213.976    219.199      12038          4  0.000e+00
   55.79738 -134.35472     98.451     11.301     11.198     9.0489    31.5532  1024.4644    24.4129     9.0478     74.529    93.1648     2.8127      8.046     4.9134     7.0218    214.205    219.434      12039          4  0.000e+00
   55.79738 -134.35472     98.539     11.390     11.286     9.0481    31.5537  1024.4653    24.4135     9.0469     74.555    93.2767     2.8127      8.046     4.9152     7.0243    214.282    219.513      12040          4  0.000e+00
   55.79738 -134.35472     98.532     11.334     11.230     9.0476    31.5542  1024.4655    24.4139     9.0464     74.581    93.4166     2.8127      8.046     4.9170     7.0269    214.359    219.592      12041          4  0.000e+00
   55.79738 -134.35472     98.556     11.358     11.254     9.0468    31.5547  1024.4661    24.4144     9.0456     74.657    93.4166     2.8127      8.046     4.9221     7.0341    214.581    219.820      12042          4  0.000e+00
   55.79738 -134.35472     98.588     11.390     11.286     9.0468    31.5549  1024.4664    24.4146     9.0456     74.686    93.4166     2.8127      8.046     4.9240     7.0369    214.665    219.906      12043          4  0.000e+00
   55.79738 -134.35472     98.588     11.390     11.286     9.0471    31.5546  1024.4661    24.4143     9.0460     74.717    93.4166     2.8127      8.041     4.9259     7.0397    214.750    219.993      12044          4  0.000e+00
   55.79738 -134.35472     98.588     11.390     11.286     9.0473    31.5546  1024.4662    24.4143     9.0461     74.748    93.4166     2.8127      8.046     4.9280     7.0426    214.839    220.084      12045          4  0.000e+00
   55.79744 -134.35458     98.118      3.424      3.393    10.0733    31.1947  1023.9858    23.9702    10.0729     97.281    81.1941     7.7650      8.194     6.2847     8.9814    274.102    280.672      13735          5  0.000e+00
   55.79744 -134.35458     98.102      3.408      3.377    10.0730    31.1949  1023.9859    23.9705    10.0726     97.282    81.1941     7.7650      8.194     6.2847     8.9815    274.106    280.676      13736          5  0.000e+00
   55.79744 -134.35458     98.182      3.489      3.457    10.0739    31.1950  1023.9862    23.9704    10.0736     97.283    81.1941     7.7650      8.194     6.2847     8.9815    274.105    280.675      13737          5  0.000e+00
   55.79744 -134.35458     98.158      3.464      3.433    10.0766    31.1949  1023.9856    23.9699    10.0762     97.283    81.3619     7.7650      8.194     6.2843     8.9810    274.089    280.659      13738          5  0.000e+00
   55.79744 -134.35458     98.158      3.464      3.433    10.0792    31.1941  1023.9845    23.9688    10.0788     97.283    81.5018     7.7650      8.194     6.2840     8.9805    274.075    280.644      13739          5  0.000e+00
   55.79744 -134.35458     98.062      3.368      3.337    10.0771    31.1938  1023.9842    23.9689    10.0767     97.336    81.5297     7.7650      8.194     6.2878     8.9858    274.238    280.811      13740          5  0.000e+00
   55.79744 -134.35458     98.183      3.464      3.433    10.0736    31.1953  1023.9864    23.9707    10.0732     97.344    81.5018     7.7650      8.194     6.2886     8.9871    274.276    280.851      13741          5  0.000e+00
   55.79744 -134.35458     98.087      3.368      3.337    10.0736    31.1964  1023.9868    23.9715    10.0732     97.348    81.5018     7.7650      8.194     6.2889     8.9874    274.286    280.861      13742          5  0.000e+00
   55.79744 -134.35458     98.214      3.521      3.489    10.0736    31.1975  1023.9883    23.9724    10.0732     97.354    81.5018     7.7650      8.194     6.2892     8.9880    274.302    280.878      13743          5  0.000e+00
   55.79744 -134.35458     98.118      3.424      3.393    10.0752    31.1972  1023.9874    23.9719    10.0749     97.357    81.5018     7.7650      8.194     6.2892     8.9879    274.301    280.876      13744          5  0.000e+00
