EcoFOCI/data/1_SampleCollection/2022_GOA-OA_CruiseData/CTD_raw_BottleFile_RC0083/RC0083_073.ros
* Sea-Bird SBE 9 Data File:
* FileName = C:\Data\RC0083ctd\RC0083_073.hex
* Software Version Seasave V 7.26.7.107
* Temperature SN = 2060
* Conductivity SN = 1084
* Number of Bytes Per Scan = 31
* Number of Voltage Words = 4
* Number of Scans Averaged by the Deck Unit = 1
* NMEA Latitude = 58 39.01 N
* NMEA Longitude = 136 06.74 W
* NMEA UTC (Time) = Aug 21 2022  01:46:38
* NMEA baud rate = 4800
** Ship: R/V Rachel Carson
** Cruise ID: RC0083
** Tech: McHugh/Nomura
** Chief Scientist: Cross
** Station: GB04
** Cast:  CTD073
# nquan = 21
# nvalues = 294                                   
# units = specified
# name 0 = latitude: Latitude [deg]
# name 1 = longitude: Longitude [deg]
# name 2 = sfdSM: Seafloor depth [salt water, m]
# name 3 = prDM: Pressure, Digiquartz [db]
# name 4 = depSM: Depth [salt water, m]
# name 5 = t090C: Temperature [ITS-90, deg C]
# name 6 = sal00: Salinity, Practical [PSU]
# name 7 = density00: Density [density, kg/m^3]
# name 8 = sigma-é00: Density [sigma-theta, kg/m^3]
# name 9 = potemp090C: Potential Temperature [ITS-90, deg C]
# name 10 = sbeox0PS: Oxygen, SBE 43 [% saturation]
# name 11 = CStarTr0: Beam Transmission, WET Labs C-Star [%]
# name 12 = flECO-AFL: Fluorescence, WET Labs ECO-AFL/FL [mg/m^3]
# name 13 = ph: pH
# name 14 = sbeox0ML/L: Oxygen, SBE 43 [ml/l]
# name 15 = sbeox0Mg/L: Oxygen, SBE 43 [mg/l]
# name 16 = sbox0Mm/Kg: Oxygen, SBE 43 [umol/kg]
# name 17 = sbeox0Mm/L: Oxygen, SBE 43 [umol/l]
# name 18 = scan: Scan Count
# name 19 = nbf: Bottles Fired
# name 20 = flag:  0.000e+00
# interval = seconds: 0.0416667
# start_time = Aug 21 2022 01:46:38 [NMEA time, header]
# bad_flag = -9.990e-29
*END*
[from data line 276]
   58.64848 -136.11000    101.831      3.229      3.199     9.7502    20.1433  1015.4294    15.4145     9.7500    120.236    60.8327     8.8786      8.466     8.3976    12.0011    369.345    375.038      24799          6  0.000e+00
   58.64848 -136.11000    101.751      3.148      3.119     9.7486    20.1448  1015.4305    15.4159     9.7483    120.247    60.2453     8.8493      8.466     8.3987    12.0026    369.391    375.085      24800          6  0.000e+00
   58.64848 -136.11000    101.775      3.172      3.143     9.7460    20.1479  1015.4333    15.4187     9.7457    120.255    59.6580     8.8493      8.466     8.3996    12.0038    369.429    375.125      24801          6  0.000e+00
   58.64848 -136.11000    101.815      3.213      3.183     9.7451    20.1474  1015.4333    15.4184     9.7448    120.264    59.5181     8.8493      8.466     8.4004    12.0050    369.465    375.161      24802          6  0.000e+00
   58.64848 -136.11000    101.815      3.213      3.183     9.7438    20.1463  1015.4326    15.4177     9.7435    120.273    59.5461     8.8493      8.466     8.4013    12.0063    369.506    375.203      24803          6  0.000e+00
   58.64848 -136.11000    101.775      3.172      3.143     9.7440    20.1477  1015.4335    15.4188     9.7438    120.336    59.5741     8.8493      8.466     8.4056    12.0125    369.694    375.395      24804          6  0.000e+00
   58.64848 -136.11000    101.751      3.148      3.119     9.7455    20.1477  1015.4331    15.4186     9.7453    120.352    59.5741     8.8493      8.466     8.4064    12.0136    369.731    375.432      24805          6  0.000e+00
   58.64848 -136.11000    101.831      3.229      3.199     9.7480    20.1450  1015.4311    15.4161     9.7477    120.370    59.5741     8.8493      8.466     8.4074    12.0150    369.773    375.473      24806          6  0.000e+00
   58.64848 -136.11000    101.751      3.148      3.119     9.7513    20.1429  1015.4286    15.4140     9.7510    120.386    59.5741     8.8493      8.466     8.4080    12.0158    369.800    375.500      24807          6  0.000e+00
   58.64848 -136.11000    101.831      3.229      3.199     9.7530    20.1406  1015.4269    15.4120     9.7527    120.405    59.5741     8.8493      8.466     8.4091    12.0174    369.850    375.550      24808          6  0.000e+00
   58.64848 -136.11000    101.751      3.148      3.119     9.7530    20.1369  1015.4237    15.4091     9.7528    120.422    59.5741     8.8493      8.466     8.4105    12.0194    369.913    375.613      24809          6  0.000e+00
   58.64848 -136.11000    101.831      3.229      3.199     9.7537    20.1335  1015.4213    15.4064     9.7534    120.443    59.5741     8.8493      8.466     8.4120    12.0215    369.978    375.679      24810          6  0.000e+00
   58.64848 -136.11000    101.751      3.148      3.119     9.7544    20.1308  1015.4188    15.4042     9.7541    120.461    59.5741     8.8493      8.466     8.4133    12.0234    370.036    375.737      24811          6  0.000e+00
   58.64848 -136.11000    101.815      3.213      3.183     9.7544    20.1255  1015.4150    15.4001     9.7541    120.482    59.5741     8.8493      8.466     8.4150    12.0259    370.116    375.815      24812          6  0.000e+00
   58.64848 -136.11000    101.775      3.172      3.143     9.7530    20.1222  1015.4124    15.3977     9.7528    120.496    59.5741     8.8493      8.466     8.4164    12.0279    370.178    375.878      24813          6  0.000e+00
   58.64848 -136.11000    101.815      3.213      3.183     9.7517    20.1205  1015.4114    15.3965     9.7515    120.511    59.5741     8.8493      8.466     8.4178    12.0299    370.240    375.941      24814          6  0.000e+00
   58.64848 -136.11000    101.775      3.172      3.143     9.7502    20.1203  1015.4113    15.3966     9.7500    120.532    59.5741     8.8493      8.466     8.4196    12.0324    370.317    376.019      24815          6  0.000e+00
   58.64848 -136.11000    101.815      3.213      3.183     9.7489    20.1184  1015.4101    15.3953     9.7487    120.548    59.5741     8.8493      8.466     8.4211    12.0345    370.383    376.085      24816          6  0.000e+00
