EcoFOCI/data/1_SampleCollection/2022_GOA-OA_CruiseData/CTD_raw_BottleFile_RC0083/RC0083_015.cnv
* Sea-Bird SBE 9 Data File:
* FileName = C:\Data\RC0083ctd\RC0083_015.hex
* Software Version Seasave V 7.26.7.107
* Temperature SN = 2060
* Conductivity SN = 1084
* Number of Bytes Per Scan = 31
* Number of Voltage Words = 4
* Number of Scans Averaged by the Deck Unit = 1
* NMEA Latitude = 55 47.82 N
* NMEA Longitude = 134 21.35 W
* NMEA UTC (Time) = Aug 13 2022  08:05:54
* NMEA baud rate = 4800
** Ship: R/V Rachel Carson
** Cruise ID: RC0083 RC0083
** Tech: McHugh/Nomura
** Chief Scientist: Cross Cross
** Station: POW2
** Cast:  015
# nquan = 19
# nvalues = 13897                                 
# units = specified
# name 0 = latitude: Latitude [deg]
# name 1 = longitude: Longitude [deg]
# name 2 = sfdSM: Seafloor depth [salt water, m]
# name 3 = prDM: Pressure, Digiquartz [db]
# name 4 = depSM: Depth [salt water, m]
# name 5 = t090C: Temperature [ITS-90, deg C]
# name 6 = sal00: Salinity, Practical [PSU]
# name 7 = density00: Density [density, kg/m^3]
# name 8 = sigma-é00: Density [sigma-theta, kg/m^3]
# name 9 = potemp090C: Potential Temperature [ITS-90, deg C]
# name 10 = sbeox0PS: Oxygen, SBE 43 [% saturation]
# name 11 = CStarTr0: Beam Transmission, WET Labs C-Star [%]
# name 12 = flECO-AFL: Fluorescence, WET Labs ECO-AFL/FL [mg/m^3]
# name 13 = ph: pH
# name 14 = sbeox0ML/L: Oxygen, SBE 43 [ml/l]
# name 15 = sbeox0Mg/L: Oxygen, SBE 43 [mg/l]
# name 16 = sbox0Mm/Kg: Oxygen, SBE 43 [umol/kg]
# name 17 = sbeox0Mm/L: Oxygen, SBE 43 [umol/l]
# name 18 = flag:  0.000e+00
# span 0 =   55.79704,   55.79744                 
# span 1 = -134.35580, -134.35456                 
# span 2 =      9.330,    111.616                 
# span 3 =      2.213,     88.856                 
# span 4 =      2.193,     88.030                 
# span 5 =     7.0278,    10.0992                 
# span 6 =    31.1783,    32.7263                 
# span 7 =  1023.9723,  1026.0313                 
# span 8 =    23.9584,    25.6253                 
# span 9 =     7.0199,    10.0988                 
# span 10 =     54.398,     98.473                
# span 11 =    80.6068,   103.1498                
# span 12 =    -0.0005,    11.1057                
# span 13 =      7.876,      8.199                
# span 14 =     3.7222,     6.3711                
# span 15 =     5.3193,     9.1049                
# span 16 =    162.084,    277.866                
# span 17 =    166.231,    284.533                
# span 18 = 0.0000e+00, 0.0000e+00                
# interval = seconds: 0.0416667
# start_time = Aug 13 2022 08:05:54 [NMEA time, header]
# bad_flag = -9.990e-29
*END*
[from data line 10134]
   55.79732 -134.35484     96.697     25.403     25.171     7.9945    32.0861  1025.1034    24.9872     7.9921     58.921   101.3318     0.4097      7.920     3.9637     5.6645    172.703    177.018  0.000e+00
   55.79732 -134.35484     96.610     25.290     25.059     7.9903    32.0883  1025.1052    24.9896     7.9879     58.925   101.3318     0.4097      7.920     3.9643     5.6654    172.729    177.046  0.000e+00
   55.79732 -134.35484     96.666     25.347     25.115     7.9828    32.0927  1025.1100    24.9941     7.9803     58.876   101.3318     0.4097      7.920     3.9615     5.6614    172.608    176.922  0.000e+00
   55.79732 -134.35484     96.610     25.290     25.059     7.9791    32.0947  1025.1118    24.9962     7.9766     58.880   101.3318     0.4097      7.920     3.9621     5.6623    172.634    176.949  0.000e+00
   55.79732 -134.35484     96.619     25.226     24.995     7.9766    32.0959  1025.1128    24.9975     7.9742     58.878   101.3038     0.4097      7.920     3.9622     5.6623    172.634    176.950  0.000e+00
   55.79732 -134.35484     96.636     25.169     24.939     7.9694    32.0995  1025.1164    25.0013     7.9670     58.876   100.9682     0.4097      7.920     3.9626     5.6629    172.652    176.969  0.000e+00
   55.79732 -134.35484     96.661     25.169     24.939     7.9598    32.1041  1025.1214    25.0063     7.9574     58.937   100.4927     0.4097      7.920     3.9674     5.6699    172.863    177.186  0.000e+00
   55.79732 -134.35484     96.605     25.113     24.883     7.9434    32.1125  1025.1301    25.0152     7.9410     58.943   100.3808     0.4097      7.925     3.9691     5.6723    172.935    177.261  0.000e+00
   55.79732 -134.35484     96.605     25.113     24.883     7.9352    32.1160  1025.1340    25.0192     7.9328     58.949   100.3808     0.3804      7.925     3.9701     5.6737    172.978    177.306  0.000e+00
   55.79732 -134.35484     96.247     25.048     24.819     7.9304    32.1184  1025.1363    25.0217     7.9280     58.953   100.4088     0.3511      7.921     3.9708     5.6746    173.006    177.335  0.000e+00
   55.79732 -134.35484     96.077     25.048     24.819     7.9278    32.1207  1025.1385    25.0240     7.9254     58.957   100.4088     0.3511      7.925     3.9712     5.6753    173.025    177.355  0.000e+00
   55.79732 -134.35484     95.996     24.991     24.763     7.9287    32.1208  1025.1381    25.0239     7.9264     58.905   100.4088     0.3511      7.921     3.9676     5.6701    172.868    177.194  0.000e+00
   55.79732 -134.35484     95.956     24.927     24.699     7.9297    32.1197  1025.1368    25.0229     7.9274     58.956   100.4088     0.3511      7.925     3.9710     5.6750    173.016    177.345  0.000e+00
   55.79732 -134.35484     95.956     24.927     24.699     7.9291    32.1185  1025.1360    25.0220     7.9267     58.904   100.4088     0.3511      7.925     3.9676     5.6701    172.867    177.193  0.000e+00
   55.79732 -134.35484     95.956     24.927     24.699     7.9215    32.1229  1025.1406    25.0266     7.9191     58.901   100.4088     0.3511      7.925     3.9680     5.6706    172.883    177.210  0.000e+00
   55.79732 -134.35484     95.900     24.870     24.643     7.9131    32.1288  1025.1461    25.0324     7.9108     58.953   100.4088     0.3511      7.925     3.9721     5.6765    173.060    177.393  0.000e+00
   55.79732 -134.35484     95.900     24.870     24.643     7.9108    32.1312  1025.1484    25.0346     7.9084     58.956   100.4088     0.3511      7.925     3.9724     5.6770    173.076    177.409  0.000e+00
   55.79732 -134.35484     95.844     24.814     24.587     7.9109    32.1333  1025.1497    25.0362     7.9086     58.958   100.4088     0.3511      7.925     3.9725     5.6771    173.079    177.412  0.000e+00
   55.79732 -134.35484     95.844     24.814     24.587     7.9126    32.1331  1025.1493    25.0358     7.9103     58.960   100.4088     0.3511      7.925     3.9725     5.6771    173.079    177.412  0.000e+00
   55.79732 -134.35484     95.844     24.814     24.587     7.9188    32.1292  1025.1454    25.0319     7.9164     58.962   100.4088     0.3511      7.925     3.9721     5.6766    173.064    177.396  0.000e+00
   55.79732 -134.35484     95.844     24.814     24.587     7.9271    32.1244  1025.1404    25.0269     7.9248     58.963   100.4088     0.3511      7.925     3.9716     5.6758    173.040    177.370  0.000e+00
   55.79732 -134.35484     95.780     24.749     24.523     7.9514    32.1103  1025.1256    25.0124     7.9490     58.961   100.4088     0.3511      7.925     3.9696     5.6730    172.957    177.283  0.000e+00
   55.79732 -134.35484     94.779     24.749     24.523     7.9667    32.1058  1025.1199    25.0067     7.9644     58.960   100.4088     0.3511      7.925     3.9683     5.6711    172.901    177.225  0.000e+00
   55.79732 -134.35484     83.839     24.749     24.523     7.9681    32.1074  1025.1209    25.0078     7.9657     58.961   100.4088     0.3511      7.925     3.9682     5.6710    172.896    177.220  0.000e+00
   55.79732 -134.35484     78.093     24.692     24.467     7.9687    32.1062  1025.1196    25.0067     7.9663     58.961   100.4088     0.3511      7.925     3.9682     5.6709    172.896    177.219  0.000e+00
   55.79732 -134.35484     77.458     24.692     24.467     7.9779    32.0987  1025.1124    24.9995     7.9755     58.960   100.1851     0.3511      7.925     3.9675     5.6700    172.867    177.189  0.000e+00
   55.79732 -134.35484     77.922     24.692     24.467     7.9830    32.0956  1025.1092    24.9963     7.9807     59.015    99.5977     0.3511      7.925     3.9708     5.6747    173.011    177.335  0.000e+00
   55.79732 -134.35484     78.166     24.692     24.467     7.9889    32.0923  1025.1058    24.9929     7.9866     59.020    99.3740     0.3511      7.925     3.9707     5.6746    173.009    177.333  0.000e+00
   55.79732 -134.35484     78.166     24.692     24.467     7.9957    32.0873  1025.1009    24.9880     7.9934     59.025    99.4019     0.3511      7.925     3.9706     5.6744    173.003    177.326  0.000e+00
   55.79732 -134.35484     78.166     24.692     24.467     7.9966    32.0879  1025.1012    24.9883     7.9943     59.030    99.4299     0.4976      7.925     3.9708     5.6747    173.014    177.338  0.000e+00
   55.79732 -134.35484     78.078     24.628     24.403     7.9999    32.0866  1025.0994    24.9868     7.9976     59.034    99.4299     0.5562      7.925     3.9708     5.6747    173.014    177.337  0.000e+00
   55.79732 -134.35484     78.142     24.692     24.467     8.0025    32.0823  1025.0960    24.9831     8.0001     59.039    99.4299     0.5856      7.925     3.9710     5.6749    173.022    177.345  0.000e+00
   55.79732 -134.35484     78.078     24.628     24.403     7.9943    32.0861  1025.0998    24.9872     7.9920     59.043    99.4299     0.5562      7.925     3.9719     5.6762    173.061    177.385  0.000e+00
   55.79732 -134.35484     78.142     24.692     24.467     7.9854    32.0917  1025.1058    24.9929     7.9830     59.054    99.4019     0.5562      7.925     3.9734     5.6783    173.123    177.450  0.000e+00
   55.79732 -134.35484     78.142     24.692     24.467     7.9753    32.0979  1025.1121    24.9992     7.9730     59.058    99.4299     0.5562      7.930     3.9744     5.6797    173.166    177.495  0.000e+00
   55.79732 -134.35484     78.078     24.628     24.403     7.9697    32.1016  1025.1156    25.0030     7.9673     59.060    99.4299     0.5562      7.930     3.9749     5.6806    173.190    177.520  0.000e+00
   55.79732 -134.35484     78.142     24.692     24.467     7.9664    32.1041  1025.1182    25.0054     7.9641     59.063    99.4299     0.5562      7.930     3.9753     5.6811    173.206    177.537  0.000e+00
   55.79732 -134.35484     79.021     24.692     24.467     7.9628    32.1057  1025.1201    25.0072     7.9604     59.064    99.4299     0.5562      7.925     3.9757     5.6816    173.222    177.554  0.000e+00
   55.79732 -134.35484     90.865     24.692     24.467     7.9603    32.1061  1025.1207    25.0078     7.9579     59.120    99.4299     0.5562      7.930     3.9796     5.6873    173.395    177.731  0.000e+00
   55.79732 -134.35484     97.319     24.725     24.499     7.9588    32.1075  1025.1222    25.0092     7.9565     59.127    99.4019     0.5562      7.930     3.9802     5.6881    173.419    177.756  0.000e+00
   55.79732 -134.35484     98.020     24.692     24.467     7.9657    32.1039  1025.1182    25.0053     7.9634     59.131    99.4299     0.5562      7.930     3.9800     5.6878    173.410    177.746  0.000e+00
   55.79732 -134.35484     97.563     24.749     24.523     7.9798    32.0957  1025.1100    24.9969     7.9775     59.135    99.4299     0.5562      7.930     3.9791     5.6866    173.375    177.709  0.000e+00
   55.79732 -134.35484     97.319     24.749     24.523     7.9911    32.0890  1025.1031    24.9900     7.9887     59.137    99.4299     0.5856      7.930     3.9785     5.6856    173.346    177.678  0.000e+00
   55.79732 -134.35484     97.294     24.749     24.523     7.9963    32.0853  1025.0995    24.9864     7.9940     59.194    99.4299     0.5562      7.930     3.9820     5.6906    173.499    177.834  0.000e+00
   55.79732 -134.35484     97.319     24.749     24.523     7.9947    32.0861  1025.1004    24.9872     7.9924     59.211    99.4019     0.5562      7.930     3.9832     5.6924    173.552    177.888  0.000e+00
   55.79732 -134.35484     97.383     24.813     24.587     7.9961    32.0843  1025.0990    24.9856     7.9938     59.281    99.4579     0.5562      7.930     3.9878     5.6990    173.756    178.097  0.000e+00
   55.79732 -134.35484     97.383     24.813     24.587     7.9949    32.0830  1025.0982    24.9848     7.9925     59.303    99.6816     0.5562      7.930     3.9894     5.7013    173.824    178.167  0.000e+00
   55.79732 -134.35484     97.383     24.813     24.587     7.9802    32.0915  1025.1069    24.9935     7.9778     59.317    99.7935     0.5562      7.930     3.9915     5.7042    173.914    178.260  0.000e+00
   55.79732 -134.35484     97.334     24.813     24.587     7.9695    32.0981  1025.1137    25.0003     7.9672     59.337    99.7935     0.5562      7.930     3.9936     5.7073    174.005    178.355  0.000e+00
   55.79732 -134.35484     97.390     24.870     24.643     7.9640    32.1016  1025.1175    25.0038     7.9616     59.410    99.7935     0.6149      7.930     3.9990     5.7149    174.238    178.594  0.000e+00
   55.79732 -134.35484     97.414     24.870     24.643     7.9601    32.1043  1025.1201    25.0064     7.9578     59.434    99.7655     0.6735      7.930     4.0008     5.7176    174.318    178.677  0.000e+00
   55.79732 -134.35484     97.390     24.870     24.643     7.9553    32.1074  1025.1233    25.0096     7.9529     59.448    99.7655     0.6735      7.930     4.0022     5.7195    174.376    178.737  0.000e+00
   55.79732 -134.35484     97.470     24.926     24.699     7.9465    32.1119  1025.1283    25.0143     7.9442     59.462    99.7655     0.6735      7.930     4.0038     5.7218    174.445    178.809  0.000e+00
   55.79732 -134.35484     97.470     24.926     24.699     7.9351    32.1180  1025.1348    25.0208     7.9328     59.529    99.7655     0.6735      7.930     4.0092     5.7295    174.680    179.050  0.000e+00
   55.79732 -134.35484     97.566     25.048     24.819     7.9238    32.1247  1025.1422    25.0276     7.9214     59.547    99.7655     0.7028      7.930     4.0113     5.7325    174.769    179.143  0.000e+00
   55.79732 -134.35484     97.534     24.991     24.763     7.9178    32.1280  1025.1453    25.0311     7.9154     59.569    99.7655     0.6735      7.930     4.0131     5.7352    174.850    179.227  0.000e+00
   55.79732 -134.35484     97.534     24.991     24.763     7.9129    32.1316  1025.1489    25.0346     7.9105     59.588    99.7655     0.6735      7.930     4.0148     5.7376    174.923    179.302  0.000e+00
   55.79732 -134.35484     97.541     25.048     24.819     7.9194    32.1289  1025.1461    25.0316     7.9170     59.605    99.7655     0.6735      7.930     4.0154     5.7384    174.950    179.329  0.000e+00
   55.79732 -134.35484     97.581     25.112     24.883     7.9376    32.1182  1025.1354    25.0205     7.9353     59.619    99.7655     0.6735      7.930     4.0150     5.7378    174.931    179.308  0.000e+00
   55.79732 -134.35484     97.557     25.112     24.883     7.9519    32.1090  1025.1262    25.0113     7.9495     59.686    99.7935     0.6735      7.930     4.0184     5.7427    175.084    179.463  0.000e+00
   55.79732 -134.35484     97.581     25.112     24.883     7.9588    32.1047  1025.1217    25.0069     7.9564     59.696    99.7655     0.6735      7.930     4.0186     5.7430    175.092    179.471  0.000e+00
   55.79732 -134.35484     97.613     25.169     24.939     7.9587    32.1046  1025.1219    25.0069     7.9563     59.713    99.7655     0.6735      7.930     4.0197     5.7446    175.142    179.522  0.000e+00
   55.79732 -134.35484     97.693     25.225     24.995     7.9577    32.1057  1025.1232    25.0079     7.9553     59.776    99.7655     0.6735      7.930     4.0240     5.7508    175.329    179.714  0.000e+00
   55.79732 -134.35484     97.693     25.225     24.995     7.9568    32.1065  1025.1240    25.0087     7.9544     59.787    99.7655     0.6735      7.930     4.0249     5.7519    175.365    179.751  0.000e+00
   55.79732 -134.35484     97.693     25.225     24.995     7.9547    32.1084  1025.1258    25.0105     7.9523     59.804    99.7655     0.6735      7.930     4.0261     5.7537    175.419    179.807  0.000e+00
   55.79732 -134.35484     97.757     25.290     25.059     7.9494    32.1112  1025.1290    25.0134     7.9470     59.819    99.7935     0.6735      7.930     4.0275     5.7558    175.481    179.870  0.000e+00
   55.79732 -134.35484     97.789     25.347     25.115     7.9419    32.1153  1025.1336    25.0177     7.9395     59.887   100.0732     0.6735      7.930     4.0327     5.7631    175.705    180.101  0.000e+00
   55.79732 -134.35484     97.708     25.290     25.059     7.9355    32.1186  1025.1368    25.0212     7.9331     59.903   100.2690     0.6735      7.925     4.0343     5.7654    175.774    180.172  0.000e+00
   55.79732 -134.35484     97.796     25.403     25.171     7.9317    32.1208  1025.1396    25.0235     7.9293     59.918   100.2690     0.6735      7.925     4.0356     5.7672    175.829    180.229  0.000e+00
   55.79732 -134.35484     97.796     25.403     25.171     7.9308    32.1212  1025.1401    25.0239     7.9284     59.983   100.2690     0.7321      7.930     4.0401     5.7737    176.025    180.430  0.000e+00
   55.79732 -134.35484     97.860     25.468     25.235     7.9281    32.1224  1025.1417    25.0252     7.9257     59.999   100.2410     0.7907      7.930     4.0413     5.7755    176.080    180.486  0.000e+00
   55.79732 -134.35484     97.836     25.468     25.235     7.9248    32.1246  1025.1439    25.0274     7.9223     60.011   100.2690     0.7907      7.930     4.0424     5.7770    176.126    180.534  0.000e+00
   55.79732 -134.35484     97.818     25.524     25.291     7.9245    32.1251  1025.1446    25.0279     7.9220     60.021   100.2690     0.8200      7.930     4.0431     5.7779    176.154    180.563  0.000e+00
   55.79732 -134.35482     97.794     25.524     25.291     7.9236    32.1251  1025.1447    25.0280     7.9211     60.027   100.2690     0.7907      7.925     4.0435     5.7786    176.175    180.585  0.000e+00
   55.79732 -134.35482     97.858     25.589     25.355     7.9144    32.1303  1025.1504    25.0334     7.9119     60.031   100.2690     0.7907      7.925     4.0446     5.7801    176.219    180.630  0.000e+00
