EcoFOCI/data/1_SampleCollection/2022_GOA-OA_CruiseData/CTD_raw_BottleFile_RC0083/RC0083_149.cnv
* Sea-Bird SBE 9 Data File:
* FileName = C:\Data\RC0083ctd\RC0083_149.hex
* Software Version Seasave V 7.26.7.107
* Temperature SN = 2060
* Conductivity SN = 2881
* Number of Bytes Per Scan = 31
* Number of Voltage Words = 4
* Number of Scans Averaged by the Deck Unit = 1
* NMEA Latitude = 54 56.24 N
* NMEA Longitude = 131 00.58 W
* NMEA UTC (Time) = Aug 28 2022  21:24:53
* NMEA baud rate = 4800
** Ship: R/V Rachel Carson
** Cruise ID: RC0083
** Tech: McHugh/Nomura
** Chief Scientist: Cross
** Station: RC4
** Cast:  CTD149
# nquan = 19
# nvalues = 15781                                 
# units = specified
# name 0 = latitude: Latitude [deg]
# name 1 = longitude: Longitude [deg]
# name 2 = sfdSM: Seafloor depth [salt water, m]
# name 3 = prDM: Pressure, Digiquartz [db]
# name 4 = depSM: Depth [salt water, m]
# name 5 = t090C: Temperature [ITS-90, deg C]
# name 6 = sal00: Salinity, Practical [PSU]
# name 7 = density00: Density [density, kg/m^3]
# name 8 = sigma-é00: Density [sigma-theta, kg/m^3]
# name 9 = potemp090C: Potential Temperature [ITS-90, deg C]
# name 10 = sbeox0PS: Oxygen, SBE 43 [% saturation]
# name 11 = CStarTr0: Beam Transmission, WET Labs C-Star [%]
# name 12 = flECO-AFL: Fluorescence, WET Labs ECO-AFL/FL [mg/m^3]
# name 13 = ph: pH
# name 14 = sbeox0ML/L: Oxygen, SBE 43 [ml/l]
# name 15 = sbeox0Mg/L: Oxygen, SBE 43 [mg/l]
# name 16 = sbox0Mm/Kg: Oxygen, SBE 43 [umol/kg]
# name 17 = sbeox0Mm/L: Oxygen, SBE 43 [umol/l]
# name 18 = flag:  0.000e+00
# span 0 =   54.93730,   54.94204                 
# span 1 = -131.01076, -131.00968                 
# span 2 =      2.868,    280.988                 
# span 3 =      2.838,    211.570                 
# span 4 =      2.812,    209.556                 
# span 5 =     5.9266,    13.7299                 
# span 6 =    27.4036,    33.4249                 
# span 7 =  1020.3921,  1027.2916                 
# span 8 =    20.3789,    26.3193                 
# span 9 =     5.9091,    13.7295                 
# span 10 =     26.654,     92.801                
# span 11 =    89.6687,   103.7931                
# span 12 =    -0.0884,     3.3108                
# span 13 =      7.696,      8.324                
# span 14 =     1.8640,     5.6843                
# span 15 =     2.6638,     8.1234                
# span 16 =     81.111,    248.774                
# span 17 =     83.245,    253.860                
# span 18 = 0.0000e+00, 0.0000e+00                
# interval = seconds: 0.0416667
# start_time = Aug 28 2022 21:24:53 [NMEA time, header]
# bad_flag = -9.990e-29
*END*
[from data line 6781]
   54.93920 -131.01042    218.657    188.006    186.227     5.9583    33.3984  1027.1595    26.2942     5.9427     27.137    96.4092    -0.0591      7.701     1.8967     2.7106     82.538     84.708  0.000e+00
   54.93920 -131.01042    218.632    188.030    186.251     5.9583    33.3982  1027.1594    26.2941     5.9427     27.142    96.4092    -0.0591      7.701     1.8971     2.7111     82.552     84.723  0.000e+00
   54.93920 -131.01042    218.544    187.941    186.163     5.9581    33.3981  1027.1590    26.2940     5.9425     27.146    96.4092    -0.0591      7.701     1.8974     2.7115     82.566     84.737  0.000e+00
   54.93920 -131.01042    218.865    188.241    186.460     5.9581    33.3981  1027.1604    26.2940     5.9425     27.145    96.4092    -0.0591      7.696     1.8973     2.7114     82.561     84.732  0.000e+00
   54.93920 -131.01042    218.760    188.184    186.404     5.9581    33.3986  1027.1604    26.2944     5.9425     27.083    96.4092    -0.0591      7.696     1.8930     2.7052     82.374     84.540  0.000e+00
   54.93920 -131.01042    218.711    188.208    186.428     5.9583    33.3979  1027.1600    26.2939     5.9427     27.139    96.4092    -0.0591      7.701     1.8969     2.7108     82.544     84.714  0.000e+00
   54.93920 -131.01042    218.783    188.306    186.524     5.9578    33.3986  1027.1611    26.2944     5.9422     27.085    96.4092    -0.0591      7.701     1.8931     2.7055     82.381     84.547  0.000e+00
   54.93920 -131.01042    219.016    188.541    186.757     5.9581    33.3982  1027.1618    26.2941     5.9425     27.084    96.4092    -0.0591      7.701     1.8930     2.7053     82.376     84.542  0.000e+00
   54.93920 -131.01042    218.863    188.362    186.580     5.9581    33.3987  1027.1614    26.2945     5.9425     27.081    96.4092    -0.0591      7.696     1.8928     2.7050     82.368     84.533  0.000e+00
   54.93920 -131.01042    218.942    188.565    186.781     5.9580    33.3984  1027.1621    26.2943     5.9423     27.131    96.4092    -0.0591      7.701     1.8963     2.7101     82.521     84.690  0.000e+00
   54.93920 -131.01042    218.796    188.541    186.757     5.9580    33.3985  1027.1620    26.2943     5.9423     27.136    96.4092    -0.0591      7.701     1.8967     2.7105     82.535     84.706  0.000e+00
   54.93920 -131.01042    219.157    188.905    187.118     5.9581    33.3982  1027.1635    26.2941     5.9424     27.142    96.4092    -0.0591      7.701     1.8971     2.7112     82.554     84.725  0.000e+00
   54.93920 -131.01042    218.972    188.743    186.957     5.9580    33.3982  1027.1628    26.2941     5.9423     27.147    96.4092    -0.0591      7.696     1.8974     2.7116     82.568     84.739  0.000e+00
   54.93920 -131.01042    218.916    188.662    186.877     5.9577    33.3984  1027.1626    26.2943     5.9420     27.086    96.4092    -0.0591      7.701     1.8932     2.7055     82.383     84.549  0.000e+00
   54.93920 -131.01042    219.282    189.205    187.414     5.9578    33.3983  1027.1650    26.2943     5.9421     27.086    96.4092    -0.0591      7.696     1.8931     2.7055     82.382     84.548  0.000e+00
   54.93920 -131.01042    218.920    188.962    187.174     5.9578    33.3985  1027.1640    26.2944     5.9422     27.142    96.4092    -0.0591      7.696     1.8971     2.7111     82.552     84.722  0.000e+00
   54.93920 -131.01042    218.823    188.865    187.077     5.9577    33.3985  1027.1635    26.2944     5.9420     27.146    96.3533    -0.0591      7.701     1.8974     2.7116     82.567     84.738  0.000e+00
   54.93920 -131.01042    219.040    189.083    187.294     5.9578    33.3978  1027.1640    26.2938     5.9421     27.094    96.2694    -0.0591      7.701     1.8937     2.7063     82.408     84.574  0.000e+00
   54.93920 -131.01042    218.951    189.018    187.230     5.9577    33.3986  1027.1644    26.2945     5.9420     27.092    96.2414    -0.0591      7.701     1.8936     2.7062     82.402     84.569  0.000e+00
   54.93920 -131.01042    218.748    188.986    187.198     5.9577    33.3987  1027.1643    26.2946     5.9420     27.084    96.2414    -0.0591      7.696     1.8930     2.7053     82.376     84.542  0.000e+00
   54.93920 -131.01042    218.771    189.083    187.294     5.9575    33.3985  1027.1646    26.2944     5.9418     27.083    96.2694    -0.0591      7.701     1.8930     2.7052     82.374     84.540  0.000e+00
   54.93920 -131.01042    218.828    189.140    187.350     5.9580    33.3977  1027.1642    26.2937     5.9423     27.024    96.2414    -0.0591      7.696     1.8888     2.6993     82.194     84.355  0.000e+00
   54.93920 -131.01042    218.651    188.962    187.174     5.9577    33.3982  1027.1638    26.2942     5.9420     27.074    96.2694    -0.0591      7.696     1.8924     2.7044     82.348     84.513  0.000e+00
   54.93920 -131.01042    218.562    188.921    187.134     5.9577    33.3983  1027.1637    26.2942     5.9420     27.067    96.2694    -0.0591      7.701     1.8918     2.7036     82.325     84.490  0.000e+00
   54.93920 -131.01042    218.407    188.962    187.174     5.9577    33.3981  1027.1637    26.2941     5.9420     27.060    96.2694    -0.0591      7.701     1.8914     2.7029     82.304     84.468  0.000e+00
   54.93920 -131.01042    218.414    189.018    187.230     5.9577    33.3982  1027.1640    26.2941     5.9420     27.053    96.2414    -0.0591      7.696     1.8909     2.7022     82.282     84.446  0.000e+00
   54.93920 -131.01042    218.262    188.864    187.077     5.9578    33.3982  1027.1634    26.2942     5.9422     27.052    96.2694    -0.0591      7.701     1.8908     2.7022     82.280     84.444  0.000e+00
   54.93920 -131.01042    218.302    188.905    187.117     5.9578    33.3984  1027.1637    26.2943     5.9422     27.053    96.2414    -0.0591      7.701     1.8908     2.7022     82.281     84.445  0.000e+00
   54.93920 -131.01042    218.164    188.840    187.053     5.9581    33.3982  1027.1632    26.2941     5.9425     27.053    96.2694    -0.0591      7.696     1.8909     2.7022     82.282     84.445  0.000e+00
   54.93920 -131.01042    218.187    188.962    187.174     5.9578    33.3983  1027.1638    26.2942     5.9422     27.054    96.2694    -0.0591      7.701     1.8910     2.7024     82.286     84.450  0.000e+00
   54.93920 -131.01042    217.834    188.630    186.845     5.9578    33.3986  1027.1625    26.2944     5.9422     27.105    96.2694    -0.0591      7.696     1.8945     2.7075     82.442     84.610  0.000e+00
   54.93920 -131.01042    217.922    188.719    186.933     5.9577    33.3988  1027.1631    26.2946     5.9420     27.114    96.2694    -0.0591      7.701     1.8951     2.7083     82.467     84.635  0.000e+00
   54.93920 -131.01042    218.042    188.840    187.053     5.9573    33.3990  1027.1639    26.2949     5.9417     27.122    96.2414    -0.0591      7.701     1.8957     2.7091     82.493     84.662  0.000e+00
   54.93920 -131.01042    217.785    188.629    186.845     5.9573    33.3987  1027.1627    26.2946     5.9417     27.071    96.2414    -0.0591      7.701     1.8921     2.7040     82.337     84.502  0.000e+00
   54.93920 -131.01042    217.712    188.605    186.821     5.9572    33.3991  1027.1630    26.2950     5.9415     27.072    96.2414    -0.0591      7.701     1.8922     2.7041     82.340     84.505  0.000e+00
   54.93920 -131.01042    217.800    188.719    186.933     5.9575    33.3987  1027.1631    26.2946     5.9418     27.074    96.2694    -0.0591      7.701     1.8923     2.7043     82.346     84.511  0.000e+00
   54.93920 -131.01042    217.800    188.719    186.933     5.9577    33.3982  1027.1627    26.2941     5.9420     27.075    96.3253    -0.0591      7.696     1.8924     2.7045     82.351     84.516  0.000e+00
   54.93920 -131.01042    217.672    188.565    186.781     5.9580    33.3981  1027.1619    26.2941     5.9423     27.077    96.5211    -0.0591      7.696     1.8925     2.7046     82.355     84.520  0.000e+00
   54.93920 -131.01042    217.543    188.484    186.700     5.9578    33.3982  1027.1615    26.2941     5.9422     27.079    96.6050    -0.0591      7.701     1.8927     2.7048     82.361     84.527  0.000e+00
   54.93920 -131.01042    217.614    188.605    186.821     5.9580    33.3978  1027.1618    26.2938     5.9423     27.075    96.6050    -0.0591      7.696     1.8924     2.7044     82.348     84.513  0.000e+00
   54.93920 -131.01042    217.574    188.565    186.781     5.9581    33.3977  1027.1615    26.2937     5.9425     27.070    96.6050    -0.0591      7.701     1.8920     2.7039     82.333     84.498  0.000e+00
   54.93920 -131.01042    217.318    188.305    186.524     5.9581    33.3979  1027.1605    26.2939     5.9425     27.064    96.6050    -0.0591      7.696     1.8916     2.7033     82.316     84.481  0.000e+00
   54.93922 -131.01042    217.670    188.662    186.877     5.9580    33.3981  1027.1623    26.2940     5.9423     27.061    96.6050    -0.0591      7.696     1.8914     2.7030     82.306     84.470  0.000e+00
   54.93922 -131.01042    217.398    188.362    186.580     5.9581    33.3979  1027.1608    26.2939     5.9425     27.055    96.6050    -0.0591      7.701     1.8910     2.7024     82.289     84.452  0.000e+00
   54.93922 -131.01042    217.366    188.330    186.548     5.9581    33.3981  1027.1607    26.2940     5.9425     27.050    96.6050    -0.0591      7.696     1.8907     2.7020     82.274     84.437  0.000e+00
   54.93922 -131.01042    217.398    188.362    186.580     5.9581    33.3979  1027.1607    26.2938     5.9425     27.046    96.6050    -0.0591      7.701     1.8904     2.7015     82.260     84.423  0.000e+00
   54.93922 -131.01042    217.518    188.484    186.700     5.9589    33.3970  1027.1605    26.2931     5.9433     27.049    96.6050    -0.0591      7.701     1.8905     2.7018     82.268     84.431  0.000e+00
   54.93922 -131.01042    217.398    188.362    186.580     5.9593    33.3967  1027.1596    26.2927     5.9436     27.051    96.6050    -0.0591      7.701     1.8907     2.7020     82.275     84.439  0.000e+00
   54.93922 -131.01042    217.246    188.208    186.428     5.9596    33.3968  1027.1590    26.2928     5.9440     27.054    96.6050    -0.0591      7.701     1.8909     2.7022     82.283     84.446  0.000e+00
   54.93922 -131.01042    217.342    188.305    186.524     5.9599    33.3964  1027.1590    26.2924     5.9443     27.058    96.6050    -0.0591      7.696     1.8911     2.7026     82.294     84.458  0.000e+00
   54.93922 -131.01042    217.398    188.362    186.580     5.9596    33.3968  1027.1597    26.2928     5.9439     27.062    96.6050    -0.0591      7.696     1.8914     2.7030     82.307     84.471  0.000e+00
   54.93922 -131.01042    217.206    188.143    186.363     5.9593    33.3971  1027.1590    26.2931     5.9437     27.065    96.6050    -0.0591      7.701     1.8917     2.7034     82.317     84.481  0.000e+00
   54.93922 -131.01042    217.327    188.241    186.460     5.9593    33.3968  1027.1592    26.2928     5.9437     27.070    96.6050    -0.0591      7.696     1.8920     2.7038     82.332     84.496  0.000e+00
   54.93922 -131.01042    217.527    188.419    186.636     5.9589    33.3973  1027.1604    26.2933     5.9433     27.068    96.6050    -0.0591      7.696     1.8919     2.7037     82.326     84.491  0.000e+00
   54.93922 -131.01042    217.319    188.184    186.404     5.9591    33.3970  1027.1590    26.2930     5.9435     27.072    96.6050    -0.0591      7.701     1.8921     2.7040     82.337     84.502  0.000e+00
   54.93922 -131.01042    217.343    188.208    186.428     5.9591    33.3969  1027.1591    26.2930     5.9435     27.069    96.6050    -0.0591      7.701     1.8920     2.7038     82.331     84.495  0.000e+00
   54.93922 -131.01042    217.255    188.119    186.339     5.9593    33.3970  1027.1588    26.2930     5.9437     27.067    96.5771    -0.0591      7.701     1.8918     2.7035     82.322     84.487  0.000e+00
   54.93922 -131.01042    217.496    188.362    186.580     5.9593    33.3967  1027.1597    26.2928     5.9436     27.065    96.4652    -0.0591      7.696     1.8917     2.7034     82.318     84.482  0.000e+00
   54.93922 -131.01042    217.319    188.184    186.403     5.9589    33.3972  1027.1592    26.2932     5.9433     27.070    96.4092    -0.0591      7.696     1.8920     2.7038     82.332     84.496  0.000e+00
   54.93922 -131.01042    217.279    188.143    186.363     5.9585    33.3973  1027.1592    26.2933     5.9429     27.075    96.3813    -0.0591      7.696     1.8924     2.7044     82.348     84.513  0.000e+00
   54.93922 -131.01042    217.375    188.240    186.460     5.9586    33.3976  1027.1599    26.2936     5.9430     27.081    96.4092    -0.0591      7.696     1.8928     2.7050     82.365     84.531  0.000e+00
   54.93922 -131.01042    217.440    188.305    186.524     5.9583    33.3977  1027.1603    26.2937     5.9426     27.087    96.4092    -0.0591      7.696     1.8932     2.7056     82.384     84.551  0.000e+00
   54.93922 -131.01042    217.424    188.265    186.484     5.9583    33.3974  1027.1599    26.2935     5.9426     27.085    96.4092    -0.0591      7.701     1.8931     2.7055     82.381     84.547  0.000e+00
   54.93922 -131.01042    217.368    188.184    186.403     5.9583    33.3977  1027.1598    26.2937     5.9427     27.084    96.4092    -0.0591      7.701     1.8930     2.7053     82.376     84.542  0.000e+00
   54.93922 -131.01042    217.576    188.419    186.636     5.9583    33.3979  1027.1610    26.2938     5.9426     27.091    96.4092    -0.0591      7.701     1.8935     2.7060     82.397     84.564  0.000e+00
   54.93922 -131.01042    217.424    188.240    186.460     5.9581    33.3980  1027.1603    26.2939     5.9425     27.097    96.4092    -0.0591      7.701     1.8939     2.7066     82.415     84.582  0.000e+00
   54.93922 -131.01042    217.424    188.265    186.484     5.9581    33.3978  1027.1602    26.2938     5.9425     27.155    96.4092    -0.0591      7.701     1.8980     2.7124     82.591     84.763  0.000e+00
   54.93922 -131.01042    217.520    188.362    186.580     5.9583    33.3974  1027.1604    26.2935     5.9426     27.161    96.4092    -0.0591      7.701     1.8984     2.7130     82.611     84.783  0.000e+00
   54.93922 -131.01042    217.616    188.483    186.700     5.9581    33.3979  1027.1613    26.2939     5.9425     27.167    96.4092    -0.0591      7.696     1.8988     2.7136     82.630     84.803  0.000e+00
   54.93922 -131.01042    217.439    188.305    186.524     5.9585    33.3973  1027.1599    26.2933     5.9429     27.114    96.4092    -0.0591      7.696     1.8951     2.7083     82.467     84.635  0.000e+00
   54.93922 -131.01042    217.696    188.564    186.780     5.9580    33.3978  1027.1616    26.2938     5.9423     27.106    96.4092    -0.0591      7.701     1.8946     2.7075     82.444     84.611  0.000e+00
   54.93922 -131.01042    217.520    188.362    186.580     5.9580    33.3982  1027.1610    26.2941     5.9423     27.103    96.4092    -0.0591      7.701     1.8944     2.7073     82.436     84.603  0.000e+00
   54.93922 -131.01042    217.616    188.483    186.700     5.9581    33.3979  1027.1613    26.2938     5.9425     27.044    96.4092    -0.0591      7.701     1.8902     2.7013     82.254     84.417  0.000e+00
   54.93922 -131.01042    217.785    188.629    186.845     5.9581    33.3979  1027.1620    26.2939     5.9425     27.094    96.4092    -0.0591      7.696     1.8937     2.7063     82.408     84.574  0.000e+00
   54.93922 -131.01042    217.616    188.483    186.700     5.9580    33.3982  1027.1616    26.2941     5.9423     27.092    96.4092    -0.0591      7.701     1.8936     2.7062     82.402     84.568  0.000e+00
   54.93922 -131.01042    217.873    188.718    186.933     5.9581    33.3978  1027.1623    26.2938     5.9425     27.092    96.4092    -0.0591      7.701     1.8936     2.7061     82.400     84.566  0.000e+00
