EcoFOCI/data/1_SampleCollection/2022_GOA-OA_CruiseData/CTD_raw_BottleFile_RC0083/RC0083_073.ros
* Sea-Bird SBE 9 Data File:
* FileName = C:\Data\RC0083ctd\RC0083_073.hex
* Software Version Seasave V 7.26.7.107
* Temperature SN = 2060
* Conductivity SN = 1084
* Number of Bytes Per Scan = 31
* Number of Voltage Words = 4
* Number of Scans Averaged by the Deck Unit = 1
* NMEA Latitude = 58 39.01 N
* NMEA Longitude = 136 06.74 W
* NMEA UTC (Time) = Aug 21 2022  01:46:38
* NMEA baud rate = 4800
** Ship: R/V Rachel Carson
** Cruise ID: RC0083
** Tech: McHugh/Nomura
** Chief Scientist: Cross
** Station: GB04
** Cast:  CTD073
# nquan = 21
# nvalues = 294                                   
# units = specified
# name 0 = latitude: Latitude [deg]
# name 1 = longitude: Longitude [deg]
# name 2 = sfdSM: Seafloor depth [salt water, m]
# name 3 = prDM: Pressure, Digiquartz [db]
# name 4 = depSM: Depth [salt water, m]
# name 5 = t090C: Temperature [ITS-90, deg C]
# name 6 = sal00: Salinity, Practical [PSU]
# name 7 = density00: Density [density, kg/m^3]
# name 8 = sigma-é00: Density [sigma-theta, kg/m^3]
# name 9 = potemp090C: Potential Temperature [ITS-90, deg C]
# name 10 = sbeox0PS: Oxygen, SBE 43 [% saturation]
# name 11 = CStarTr0: Beam Transmission, WET Labs C-Star [%]
# name 12 = flECO-AFL: Fluorescence, WET Labs ECO-AFL/FL [mg/m^3]
# name 13 = ph: pH
# name 14 = sbeox0ML/L: Oxygen, SBE 43 [ml/l]
# name 15 = sbeox0Mg/L: Oxygen, SBE 43 [mg/l]
# name 16 = sbox0Mm/Kg: Oxygen, SBE 43 [umol/kg]
# name 17 = sbeox0Mm/L: Oxygen, SBE 43 [umol/l]
# name 18 = scan: Scan Count
# name 19 = nbf: Bottles Fired
# name 20 = flag:  0.000e+00
# interval = seconds: 0.0416667
# start_time = Aug 21 2022 01:46:38 [NMEA time, header]
# bad_flag = -9.990e-29
*END*
[from data line 207]
   58.64856 -136.11016    108.532      9.993      9.900     7.8015    28.9567  1022.6048    22.5589     7.8006     78.581    89.9484     1.5233      8.041     5.4191     7.7444    236.677    242.016      23195          5  0.000e+00
   58.64856 -136.11016    108.588     10.050      9.956     7.8014    28.9569  1022.6053    22.5590     7.8005     78.578    89.9484     1.5233      8.041     5.4188     7.7441    236.667    242.006      23196          5  0.000e+00
   58.64856 -136.11016    108.556     10.018      9.924     7.8016    28.9568  1022.6050    22.5589     7.8007     78.574    89.9484     1.5233      8.041     5.4185     7.7436    236.653    241.992      23197          5  0.000e+00
   58.64856 -136.11016    108.588     10.050      9.956     7.8015    28.9569  1022.6053    22.5590     7.8006     78.571    89.9484     1.4940      8.041     5.4183     7.7433    236.644    241.983      23198          5  0.000e+00
   58.64856 -136.11016    108.588     10.050      9.956     7.8015    28.9569  1022.6053    22.5590     7.8006     78.567    89.9484     1.4647      8.041     5.4181     7.7430    236.634    241.973      23199          5  0.000e+00
   58.64856 -136.11016    108.532      9.993      9.900     7.8016    28.9576  1022.6056    22.5596     7.8007     78.564    89.9484     1.4647      8.041     5.4178     7.7426    236.622    241.960      23200          5  0.000e+00
   58.64856 -136.11016    108.612     10.074      9.980     7.8015    28.9575  1022.6059    22.5595     7.8006     78.507    89.9484     1.4647      8.041     5.4139     7.7370    236.451    241.785      23201          5  0.000e+00
   58.64856 -136.11016    108.588     10.050      9.956     7.8015    28.9565  1022.6049    22.5587     7.8006     78.498    89.9484     1.4647      8.041     5.4133     7.7362    236.425    241.758      23202          5  0.000e+00
   58.64856 -136.11016    108.532      9.993      9.900     7.8013    28.9565  1022.6047    22.5587     7.8005     78.488    89.9484     1.4647      8.041     5.4127     7.7353    236.398    241.731      23203          5  0.000e+00
   58.64856 -136.11016    108.612     10.074      9.980     7.8013    28.9563  1022.6049    22.5586     7.8004     78.481    89.9484     1.4647      8.041     5.4122     7.7346    236.377    241.710      23204          5  0.000e+00
   58.64856 -136.11016    108.532      9.993      9.900     7.8016    28.9559  1022.6042    22.5583     7.8007     78.528    89.9484     1.4647      8.041     5.4154     7.7392    236.518    241.854      23205          5  0.000e+00
   58.64856 -136.11016    108.588     10.050      9.956     7.8015    28.9561  1022.6046    22.5584     7.8006     78.529    89.9484     1.4647      8.041     5.4155     7.7393    236.520    241.856      23206          5  0.000e+00
   58.64856 -136.11016    108.612     10.074      9.980     7.8015    28.9567  1022.6052    22.5589     7.8006     78.529    89.9484     1.4647      8.041     5.4155     7.7393    236.521    241.856      23207          5  0.000e+00
   58.64856 -136.11016    108.532      9.993      9.900     7.8013    28.9569  1022.6050    22.5590     7.8005     78.529    89.9484     1.4647      8.041     5.4155     7.7393    236.520    241.856      23208          5  0.000e+00
   58.64856 -136.11016    108.589     10.050      9.956     7.8016    28.9571  1022.6054    22.5592     7.8007     78.531    89.9484     1.4647      8.041     5.4156     7.7394    236.523    241.858      23209          5  0.000e+00
   58.64856 -136.11016    108.613     10.074      9.980     7.8017    28.9578  1022.6060    22.5597     7.8008     78.532    89.9484     1.4647      8.041     5.4156     7.7395    236.525    241.861      23210          5  0.000e+00
   58.64856 -136.11016    108.589     10.050      9.956     7.8018    28.9583  1022.6063    22.5601     7.8009     78.533    89.9484     1.4647      8.041     5.4157     7.7395    236.527    241.864      23211          5  0.000e+00
   58.64856 -136.11016    108.589     10.050      9.956     7.8016    28.9586  1022.6066    22.5603     7.8007     78.535    89.9484     1.4647      8.041     5.4158     7.7397    236.533    241.870      23212          5  0.000e+00
   58.64856 -136.11016    108.589     10.050      9.956     7.8018    28.9582  1022.6062    22.5600     7.8009     78.537    89.9484     1.4647      8.041     5.4159     7.7399    236.539    241.875      23213          5  0.000e+00
   58.64856 -136.11016    108.557     10.018      9.924     7.8017    28.9588  1022.6066    22.5605     7.8008     78.539    89.9484     1.4647      8.041     5.4161     7.7401    236.545    241.881      23214          5  0.000e+00
   58.64856 -136.11016    108.589     10.050      9.956     7.8018    28.9589  1022.6068    22.5605     7.8009     78.542    89.9484     1.4647      8.041     5.4162     7.7404    236.553    241.890      23215          5  0.000e+00
   58.64856 -136.11016    108.589     10.050      9.956     7.8016    28.9591  1022.6069    22.5607     7.8007     78.538    89.9484     1.4647      8.041     5.4160     7.7400    236.541    241.877      23216          5  0.000e+00
   58.64856 -136.11016    108.557     10.018      9.924     7.8018    28.9591  1022.6068    22.5607     7.8009     78.540    89.9484     1.4647      8.041     5.4161     7.7402    236.547    241.884      23217          5  0.000e+00
   58.64856 -136.11016    108.589     10.050      9.956     7.8018    28.9592  1022.6070    22.5607     7.8009     78.551    89.9484     1.4647      8.041     5.4169     7.7412    236.580    241.917      23218          5  0.000e+00
   58.64856 -136.11016    108.589     10.050      9.956     7.8016    28.9596  1022.6074    22.5611     7.8007     78.562    89.9484     1.4647      8.041     5.4177     7.7424    236.614    241.953      23219          5  0.000e+00
   58.64856 -136.11016    108.613     10.074      9.980     7.8016    28.9597  1022.6076    22.5612     7.8007     78.567    89.9484     1.4647      8.041     5.4180     7.7428    236.628    241.966      23220          5  0.000e+00
   58.64856 -136.11016    108.589     10.050      9.956     7.8016    28.9594  1022.6072    22.5610     7.8007     78.571    89.9484     1.4647      8.041     5.4183     7.7433    236.642    241.980      23221          5  0.000e+00
   58.64856 -136.11016    108.589     10.050      9.956     7.8018    28.9595  1022.6073    22.5611     7.8009     78.576    89.9484     1.4647      8.041     5.4186     7.7437    236.655    241.994      23222          5  0.000e+00
   58.64856 -136.11016    108.589     10.050      9.956     7.8016    28.9600  1022.6077    22.5614     7.8007     78.582    89.9484     1.4647      8.041     5.4190     7.7442    236.671    242.011      23223          5  0.000e+00
   58.64856 -136.11016    108.613     10.074      9.980     7.8018    28.9595  1022.6074    22.5610     7.8009     78.587    90.0043     1.4647      8.041     5.4194     7.7448    236.689    242.029      23224          5  0.000e+00
   58.64856 -136.11016    108.589     10.050      9.956     7.8020    28.9598  1022.6075    22.5613     7.8011     78.593    90.0883     1.4647      8.041     5.4197     7.7453    236.704    242.044      23225          5  0.000e+00
   58.64856 -136.11016    108.533      9.994      9.900     7.8015    28.9601  1022.6075    22.5615     7.8006     78.599    90.1442     1.4647      8.041     5.4202     7.7459    236.723    242.064      23226          5  0.000e+00
   58.64856 -136.11016    108.613     10.074      9.980     7.8016    28.9602  1022.6079    22.5616     7.8007     78.661    90.1442     1.4647      8.041     5.4244     7.7521    236.910    242.255      23227          5  0.000e+00
   58.64856 -136.11016    108.589     10.050      9.956     7.8016    28.9604  1022.6080    22.5618     7.8007     78.674    90.1162     1.4647      8.041     5.4254     7.7534    236.950    242.296      23228          5  0.000e+00
   58.64856 -136.11016    108.589     10.050      9.956     7.8016    28.9603  1022.6079    22.5617     7.8007     78.688    90.1162     1.4647      8.041     5.4263     7.7547    236.991    242.337      23229          5  0.000e+00
   58.64856 -136.11014    108.557     10.018      9.924     7.8020    28.9601  1022.6075    22.5614     7.8011     78.701    90.1162     1.4647      8.041     5.4271     7.7559    237.029    242.376      23230          5  0.000e+00
   58.64856 -136.11014    108.589     10.050      9.956     7.8016    28.9603  1022.6079    22.5617     7.8007     78.707    90.1162     1.4647      8.041     5.4276     7.7566    237.050    242.398      23231          5  0.000e+00
   58.64856 -136.11014    108.589     10.050      9.956     7.8020    28.9602  1022.6078    22.5616     7.8011     78.721    90.1162     1.4647      8.041     5.4285     7.7579    237.088    242.437      23232          5  0.000e+00
   58.64848 -136.11000    101.455      2.849      2.822     9.7346    20.1934  1015.4687    15.4556     9.7343    120.486    60.4691     8.8493      8.466     8.4154    12.0265    370.112    375.832      24768          6  0.000e+00
   58.64848 -136.11000    101.991      3.390      3.358     9.7333    20.1950  1015.4727    15.4570     9.7330    120.498    60.4691     8.8493      8.466     8.4164    12.0279    370.155    375.877      24769          6  0.000e+00
   58.64848 -136.11000    101.711      3.107      3.078     9.7319    20.1963  1015.4726    15.4582     9.7316    120.444    60.4691     8.8493      8.466     8.4128    12.0228    369.997    375.717      24770          6  0.000e+00
   58.64848 -136.11000    101.927      3.325      3.294     9.7344    20.1941  1015.4715    15.4561     9.7341    120.439    60.4691     8.8493      8.466     8.4121    12.0218    369.967    375.685      24771          6  0.000e+00
   58.64848 -136.11000    101.775      3.172      3.142     9.7387    20.1907  1015.4676    15.4529     9.7384    120.436    60.4691     8.8493      8.466     8.4113    12.0205    369.931    375.647      24772          6  0.000e+00
   58.64848 -136.11000    101.815      3.212      3.182     9.7402    20.1901  1015.4671    15.4523     9.7399    120.430    60.4691     8.8493      8.466     8.4106    12.0196    369.903    375.619      24773          6  0.000e+00
   58.64848 -136.11000    101.831      3.228      3.198     9.7421    20.1931  1015.4692    15.4543     9.7418    120.425    60.4691     8.8493      8.466     8.4097    12.0184    369.863    375.579      24774          6  0.000e+00
   58.64848 -136.11000    101.815      3.212      3.182     9.7442    20.1977  1015.4725    15.4576     9.7440    120.420    60.4691     8.8493      8.466     8.4087    12.0169    369.818    375.535      24775          6  0.000e+00
   58.64848 -136.11000    101.831      3.228      3.198     9.7455    20.1982  1015.4727    15.4578     9.7452    120.417    60.4691     8.8493      8.466     8.4082    12.0162    369.796    375.512      24776          6  0.000e+00
   58.64848 -136.11000    101.751      3.148      3.118     9.7442    20.1985  1015.4728    15.4582     9.7440    120.359    60.4691     8.8493      8.466     8.4044    12.0108    369.628    375.341      24777          6  0.000e+00
   58.64848 -136.11000    101.815      3.212      3.182     9.7445    20.1973  1015.4721    15.4573     9.7442    120.352    60.4691     8.8493      8.466     8.4039    12.0101    369.607    375.320      24778          6  0.000e+00
   58.64848 -136.11000    101.831      3.228      3.198     9.7444    20.1951  1015.4705    15.4555     9.7442    120.345    60.4691     8.8493      8.466     8.4036    12.0096    369.593    375.305      24779          6  0.000e+00
   58.64848 -136.11000    101.815      3.212      3.182     9.7436    20.1955  1015.4709    15.4560     9.7433    120.339    60.6649     8.8493      8.466     8.4033    12.0092    369.581    375.293      24780          6  0.000e+00
   58.64848 -136.11000    101.775      3.172      3.142     9.7404    20.2012  1015.4755    15.4609     9.7401    120.328    60.8047     8.8493      8.466     8.4028    12.0085    369.556    375.270      24781          6  0.000e+00
   58.64848 -136.11000    101.815      3.212      3.182     9.7380    20.2107  1015.4834    15.4686     9.7377    120.264    60.8327     8.8493      8.466     8.3983    12.0020    369.355    375.068      24782          6  0.000e+00
   58.64848 -136.11000    101.831      3.229      3.198     9.7395    20.2170  1015.4882    15.4733     9.7392    120.302    60.8327     8.8786      8.466     8.4004    12.0049    369.443    375.160      24783          6  0.000e+00
   58.64848 -136.11000    101.815      3.212      3.182     9.7420    20.2182  1015.4887    15.4739     9.7417    120.238    60.8327     8.8493      8.466     8.3954    11.9978    369.224    374.937      24784          6  0.000e+00
   58.64848 -136.11000    101.775      3.172      3.142     9.7440    20.2115  1015.4831    15.4684     9.7438    120.278    60.8047     8.8493      8.466     8.3981    12.0017    369.345    375.058      24785          6  0.000e+00
   58.64848 -136.11000    101.815      3.212      3.182     9.7437    20.2056  1015.4787    15.4638     9.7434    120.271    60.8327     8.8786      8.466     8.3980    12.0016    369.344    375.056      24786          6  0.000e+00
   58.64848 -136.11000    101.815      3.212      3.182     9.7459    20.2021  1015.4757    15.4609     9.7456    120.265    60.8047     8.8493      8.466     8.3973    12.0006    369.315    375.025      24787          6  0.000e+00
   58.64848 -136.11000    101.831      3.229      3.198     9.7494    20.2036  1015.4764    15.4615     9.7491    120.205    60.8047     8.8786      8.466     8.3924    11.9936    369.098    374.805      24788          6  0.000e+00
   58.64848 -136.11000    101.751      3.148      3.118     9.7532    20.2071  1015.4783    15.4638     9.7530    120.192    60.8047     8.8493      8.466     8.3906    11.9910    369.018    374.725      24789          6  0.000e+00
   58.64848 -136.11000    101.831      3.229      3.198     9.7513    20.2097  1015.4809    15.4660     9.7510    120.239    60.8327     8.8786      8.466     8.3941    11.9960    369.170    374.880      24790          6  0.000e+00
   58.64848 -136.11000    101.791      3.212      3.182     9.7414    20.2100  1015.4825    15.4676     9.7412    120.183    60.8047     8.8493      8.466     8.3921    11.9931    369.080    374.789      24791          6  0.000e+00
   58.64848 -136.11000    101.775      3.172      3.142     9.7375    20.2019  1015.4764    15.4618     9.7372    120.176    60.8327     8.8786      8.466     8.3927    11.9940    369.111    374.818      24792          6  0.000e+00
   58.64848 -136.11000    101.815      3.212      3.183     9.7425    20.1857  1015.4634    15.4486     9.7422    120.175    60.8327     8.8786      8.466     8.3926    11.9939    369.112    374.814      24793          6  0.000e+00
   58.64848 -136.11000    101.751      3.148      3.119     9.7460    20.1701  1015.4505    15.4359     9.7457    120.168    60.8047     8.8786      8.466     8.3923    11.9934    369.103    374.801      24794          6  0.000e+00
   58.64848 -136.11000    101.831      3.229      3.199     9.7473    20.1572  1015.4406    15.4257     9.7470    120.219    60.8047     8.8493      8.466     8.3963    11.9992    369.283    374.980      24795          6  0.000e+00
   58.64848 -136.11000    101.751      3.148      3.119     9.7462    20.1509  1015.4355    15.4210     9.7459    120.221    60.8047     8.8786      8.466     8.3970    12.0002    369.315    375.011      24796          6  0.000e+00
   58.64848 -136.11000    101.831      3.229      3.199     9.7481    20.1478  1015.4332    15.4183     9.7478    120.226    60.8047     8.8493      8.466     8.3971    12.0003    369.322    375.016      24797          6  0.000e+00
