EcoFOCI/data/1_SampleCollection/2022_GOA-OA_CruiseData/CTD_raw_BottleFile_RC0083/RC0083_119.ros
* Sea-Bird SBE 9 Data File:
* FileName = C:\Data\RC0083ctd\RC0083_119.hex
* Software Version Seasave V 7.26.7.107
* Temperature SN = 2060
* Conductivity SN = 2881
* Number of Bytes Per Scan = 31
* Number of Voltage Words = 4
* Number of Scans Averaged by the Deck Unit = 1
* NMEA Latitude = 56 43.21 N
* NMEA Longitude = 134 32.23 W
* NMEA UTC (Time) = Aug 23 2022  21:46:55
* NMEA baud rate = 4800
** Ship: R/V Rachel Carson
** Cruise ID: RC0083
** Tech: McHugh/Nomura
** Chief Scientist: Cross
** Station: MCS2
** Cast:  CTD119
# nquan = 21
# nvalues = 441                                   
# units = specified
# name 0 = latitude: Latitude [deg]
# name 1 = longitude: Longitude [deg]
# name 2 = sfdSM: Seafloor depth [salt water, m]
# name 3 = prDM: Pressure, Digiquartz [db]
# name 4 = depSM: Depth [salt water, m]
# name 5 = t090C: Temperature [ITS-90, deg C]
# name 6 = sal00: Salinity, Practical [PSU]
# name 7 = density00: Density [density, kg/m^3]
# name 8 = sigma-é00: Density [sigma-theta, kg/m^3]
# name 9 = potemp090C: Potential Temperature [ITS-90, deg C]
# name 10 = sbeox0PS: Oxygen, SBE 43 [% saturation]
# name 11 = CStarTr0: Beam Transmission, WET Labs C-Star [%]
# name 12 = flECO-AFL: Fluorescence, WET Labs ECO-AFL/FL [mg/m^3]
# name 13 = ph: pH
# name 14 = sbeox0ML/L: Oxygen, SBE 43 [ml/l]
# name 15 = sbeox0Mg/L: Oxygen, SBE 43 [mg/l]
# name 16 = sbox0Mm/Kg: Oxygen, SBE 43 [umol/kg]
# name 17 = sbeox0Mm/L: Oxygen, SBE 43 [umol/l]
# name 18 = scan: Scan Count
# name 19 = nbf: Bottles Fired
# name 20 = flag:  0.000e+00
# interval = seconds: 0.0416667
# start_time = Aug 23 2022 21:46:55 [NMEA time, header]
# bad_flag = -9.990e-29
*END*
[from data line 345]
   56.71614 -134.53564    108.979     10.467     10.371     8.6110    28.7758  1022.3533    22.3053     8.6100     73.812    97.0805     1.5819      8.147     5.0033     7.1502    218.570    223.446      52240          8  0.000e+00
   56.71614 -134.53564    109.059     10.548     10.451     8.6112    28.7757  1022.3536    22.3053     8.6102     73.815    97.0525     1.6112      8.147     5.0034     7.1504    218.578    223.453      52241          8  0.000e+00
   56.71614 -134.53564    108.915     10.403     10.307     8.6110    28.7758  1022.3530    22.3054     8.6100     73.808    97.0525     1.6112      8.152     5.0030     7.1498    218.560    223.435      52242          8  0.000e+00
   56.71614 -134.53564    109.060     10.524     10.427     8.6112    28.7759  1022.3536    22.3054     8.6102     73.809    97.0525     1.5819      8.147     5.0030     7.1498    218.561    223.436      52243          8  0.000e+00
   56.71614 -134.53564    109.028     10.492     10.395     8.6108    28.7764  1022.3540    22.3059     8.6098     73.807    97.0525     1.5819      8.147     5.0029     7.1497    218.556    223.431      52244          8  0.000e+00
   56.71614 -134.53564    109.060     10.524     10.427     8.6110    28.7762  1022.3539    22.3057     8.6100     73.805    97.0525     1.5819      8.147     5.0027     7.1494    218.548    223.422      52245          8  0.000e+00
   56.71614 -134.53564    109.060     10.524     10.427     8.6110    28.7758  1022.3536    22.3054     8.6100     73.800    97.0525     1.5819      8.147     5.0025     7.1490    218.536    223.411      52246          8  0.000e+00
   56.71614 -134.53564    109.028     10.492     10.395     8.6112    28.7759  1022.3535    22.3054     8.6102     73.795    97.0525     1.5819      8.147     5.0021     7.1485    218.518    223.392      52247          8  0.000e+00
   56.71614 -134.53564    109.060     10.524     10.427     8.6109    28.7761  1022.3538    22.3056     8.6099     73.795    97.0525     1.5819      8.147     5.0021     7.1485    218.519    223.393      52248          8  0.000e+00
   56.71614 -134.53564    108.940     10.403     10.307     8.6109    28.7763  1022.3534    22.3058     8.6099     73.842    97.0525     1.5819      8.147     5.0053     7.1530    218.658    223.536      52249          8  0.000e+00
   56.71614 -134.53564    109.028     10.492     10.395     8.6109    28.7764  1022.3539    22.3058     8.6099     73.839    97.0525     1.6112      8.147     5.0051     7.1528    218.651    223.529      52250          8  0.000e+00
   56.71614 -134.53564    109.116     10.580     10.483     8.6110    28.7762  1022.3542    22.3057     8.6100     73.842    97.0525     1.6112      8.147     5.0053     7.1530    218.658    223.535      52251          8  0.000e+00
   56.71614 -134.53564    109.060     10.524     10.427     8.6109    28.7761  1022.3538    22.3056     8.6099     73.841    97.0525     1.5819      8.147     5.0053     7.1530    218.658    223.535      52252          8  0.000e+00
   56.71614 -134.53564    109.028     10.492     10.395     8.6109    28.7763  1022.3539    22.3058     8.6099     73.896    97.0525     1.5819      8.147     5.0089     7.1583    218.819    223.700      52253          8  0.000e+00
   56.71614 -134.53564    109.060     10.524     10.427     8.6110    28.7760  1022.3537    22.3055     8.6100     73.900    97.0525     1.5819      8.147     5.0092     7.1586    218.829    223.710      52254          8  0.000e+00
   56.71614 -134.53564    109.060     10.524     10.427     8.6109    28.7762  1022.3539    22.3057     8.6099     73.902    97.0525     1.6698      8.147     5.0093     7.1588    218.835    223.717      52255          8  0.000e+00
   56.71614 -134.53564    109.028     10.492     10.395     8.6109    28.7764  1022.3539    22.3058     8.6099     73.908    97.0525     1.6991      8.147     5.0097     7.1594    218.854    223.735      52256          8  0.000e+00
   56.71614 -134.53564    109.116     10.581     10.483     8.6105    28.7764  1022.3544    22.3059     8.6095     73.908    97.0525     1.7284      8.152     5.0098     7.1595    218.856    223.737      52257          8  0.000e+00
   56.71614 -134.53564    109.004     10.467     10.371     8.6109    28.7761  1022.3536    22.3056     8.6099     73.905    97.0525     1.7284      8.147     5.0095     7.1591    218.845    223.726      52258          8  0.000e+00
   56.71614 -134.53564    109.084     10.548     10.451     8.6109    28.7760  1022.3539    22.3056     8.6099     73.908    97.0525     1.6991      8.147     5.0098     7.1594    218.854    223.736      52259          8  0.000e+00
   56.71614 -134.53564    108.979     10.467     10.371     8.6109    28.7759  1022.3534    22.3054     8.6099     73.964    97.0805     1.6991      8.147     5.0136     7.1649    219.021    223.906      52260          8  0.000e+00
   56.71614 -134.53564    109.060     10.524     10.427     8.6105    28.7765  1022.3542    22.3060     8.6095     73.914    97.2483     1.6991      8.147     5.0102     7.1601    218.875    223.757      52261          8  0.000e+00
   56.71614 -134.53564    109.035     10.524     10.427     8.6107    28.7760  1022.3538    22.3056     8.6097     73.969    97.3042     1.6991      8.147     5.0139     7.1654    219.035    223.921      52262          8  0.000e+00
   56.71614 -134.53564    109.028     10.492     10.395     8.6107    28.7761  1022.3537    22.3056     8.6097     73.977    97.3322     1.6991      8.147     5.0145     7.1662    219.060    223.947      52263          8  0.000e+00
   56.71614 -134.53564    109.060     10.524     10.427     8.6105    28.7765  1022.3542    22.3060     8.6095     73.985    97.3042     1.6991      8.147     5.0150     7.1670    219.085    223.972      52264          8  0.000e+00
   56.71614 -134.53564    109.004     10.468     10.371     8.6104    28.7763  1022.3538    22.3059     8.6094     73.997    97.3042     1.7284      8.147     5.0159     7.1682    219.121    224.009      52265          8  0.000e+00
   56.71614 -134.53564    109.084     10.548     10.451     8.6104    28.7764  1022.3542    22.3059     8.6094     74.004    97.3042     1.6991      8.147     5.0163     7.1688    219.140    224.028      52266          8  0.000e+00
   56.71614 -134.53564    109.060     10.524     10.427     8.6102    28.7765  1022.3543    22.3061     8.6092     74.008    97.3042     1.6991      8.147     5.0166     7.1692    219.153    224.041      52267          8  0.000e+00
   56.71614 -134.53564    109.060     10.524     10.427     8.6105    28.7759  1022.3537    22.3055     8.6095     74.011    97.3042     1.6991      8.147     5.0168     7.1695    219.161    224.050      52268          8  0.000e+00
   56.71614 -134.53564    109.060     10.548     10.451     8.6104    28.7762  1022.3541    22.3058     8.6094     74.013    97.3042     1.6991      8.147     5.0169     7.1697    219.168    224.057      52269          8  0.000e+00
   56.71614 -134.53564    109.004     10.468     10.371     8.6104    28.7763  1022.3538    22.3058     8.6094     74.013    97.3042     1.6991      8.147     5.0169     7.1697    219.168    224.057      52270          8  0.000e+00
   56.71614 -134.53564    109.060     10.524     10.428     8.6102    28.7763  1022.3541    22.3059     8.6092     74.069    97.3042     1.6991      8.147     5.0207     7.1751    219.334    224.226      52271          8  0.000e+00
   56.71614 -134.53564    109.084     10.548     10.452     8.6102    28.7763  1022.3542    22.3059     8.6092     74.079    97.3042     1.6991      8.147     5.0214     7.1761    219.364    224.257      52272          8  0.000e+00
   56.71614 -134.53564    109.004     10.468     10.372     8.6097    28.7768  1022.3543    22.3063     8.6087     74.087    97.3042     1.6991      8.147     5.0220     7.1770    219.389    224.283      52273          8  0.000e+00
   56.71614 -134.53564    109.060     10.524     10.428     8.6097    28.7767  1022.3545    22.3062     8.6087     74.095    97.3042     1.6991      8.147     5.0226     7.1777    219.413    224.307      52274          8  0.000e+00
   56.71614 -134.53564    109.028     10.492     10.396     8.6097    28.7771  1022.3546    22.3065     8.6087     74.095    97.3042     1.6698      8.147     5.0225     7.1777    219.412    224.306      52275          8  0.000e+00
   56.71614 -134.53564    109.060     10.524     10.428     8.6094    28.7773  1022.3550    22.3068     8.6084     74.156    97.3042     1.6405      8.147     5.0267     7.1837    219.594    224.492      52276          8  0.000e+00
   56.71614 -134.53564    109.004     10.468     10.372     8.6094    28.7771  1022.3546    22.3066     8.6084     74.158    97.3042     1.6112      8.147     5.0269     7.1839    219.602    224.500      52277          8  0.000e+00
   56.71614 -134.53564    109.028     10.492     10.396     8.6094    28.7772  1022.3548    22.3067     8.6084     74.216    97.3042     1.6112      8.147     5.0308     7.1895    219.772    224.674      52278          8  0.000e+00
   56.71614 -134.53564    109.004     10.468     10.372     8.6095    28.7776  1022.3550    22.3070     8.6085     74.221    97.3042     1.6112      8.147     5.0311     7.1899    219.785    224.688      52279          8  0.000e+00
   56.71614 -134.53564    109.060     10.524     10.428     8.6091    28.7781  1022.3557    22.3075     8.6081     74.225    97.3042     1.6112      8.147     5.0314     7.1904    219.799    224.702      52280          8  0.000e+00
   56.71614 -134.53564    109.028     10.492     10.396     8.6091    28.7783  1022.3557    22.3076     8.6081     74.226    97.1924     1.6405      8.147     5.0315     7.1905    219.802    224.705      52281          8  0.000e+00
   56.71612 -134.53564    109.060     10.524     10.428     8.6093    28.7784  1022.3559    22.3077     8.6083     74.282    97.1364     1.6405      8.147     5.0352     7.1958    219.965    224.872      52282          8  0.000e+00
   56.71612 -134.53564    109.060     10.524     10.428     8.6095    28.7783  1022.3558    22.3076     8.6085     74.285    97.1364     1.6112      8.147     5.0354     7.1961    219.973    224.880      52283          8  0.000e+00
   56.71612 -134.53564    108.964     10.427     10.332     8.6095    28.7784  1022.3554    22.3076     8.6085     74.291    97.1085     1.6112      8.147     5.0358     7.1966    219.991    224.898      52284          8  0.000e+00
   56.71612 -134.53564    109.060     10.524     10.428     8.6095    28.7781  1022.3556    22.3074     8.6085     74.297    97.1364     1.6112      8.147     5.0362     7.1972    220.009    224.917      52285          8  0.000e+00
   56.71612 -134.53564    109.004     10.468     10.372     8.6094    28.7779  1022.3552    22.3073     8.6084     74.299    97.1364     1.6405      8.147     5.0364     7.1975    220.018    224.926      52286          8  0.000e+00
   56.71606 -134.53560    101.576      2.970      2.943    11.3418    27.0926  1020.5831    20.5696    11.3415     92.823    90.5078     1.2888      8.335     5.9881     8.5576    262.039    267.429      53242          9  0.000e+00
   56.71606 -134.53560    101.303      2.696      2.671    11.3392    27.0971  1020.5857    20.5735    11.3389     92.811    90.5078     1.2595      8.335     5.9875     8.5567    262.011    267.402      53243          9  0.000e+00
   56.71606 -134.53560    101.752      3.148      3.119    11.3373    27.1000  1020.5904    20.5761    11.3370     92.860    90.5078     1.2888      8.335     5.9908     8.5614    262.155    267.549      53244          9  0.000e+00
   56.71606 -134.53560    101.696      3.091      3.063    11.3327    27.1046  1020.5945    20.5804    11.3324     92.846    90.5078     1.2888      8.335     5.9904     8.5608    262.134    267.529      53245          9  0.000e+00
   56.71606 -134.53560    101.600      2.995      2.967    11.3266    27.1095  1020.5989    20.5853    11.3263     92.831    90.5078     1.2888      8.335     5.9900     8.5603    262.116    267.512      53246          9  0.000e+00
   56.71606 -134.53560    101.696      3.092      3.063    11.3205    27.1140  1020.6039    20.5899    11.3201     92.866    90.5078     1.2888      8.335     5.9928     8.5643    262.240    267.639      53247          9  0.000e+00
   56.71606 -134.53560    101.600      2.995      2.967    11.3165    27.1161  1020.6057    20.5921    11.3162     92.841    90.5078     1.3182      8.335     5.9916     8.5627    262.188    267.587      53248          9  0.000e+00
   56.71606 -134.53560    101.640      3.035      3.007    11.3118    27.1183  1020.6084    20.5946    11.3115     92.816    90.5078     1.3475      8.335     5.9906     8.5611    262.139    267.538      53249          9  0.000e+00
   56.71606 -134.53560    101.656      3.051      3.023    11.3058    27.1217  1020.6121    20.5982    11.3055     92.844    90.5078     1.3475      8.335     5.9930     8.5646    262.246    267.647      53250          9  0.000e+00
   56.71606 -134.53560    101.640      3.035      3.007    11.3020    27.1234  1020.6140    20.6002    11.3017     92.874    90.5637     1.3475      8.335     5.9954     8.5680    262.350    267.754      53251          9  0.000e+00
   56.71606 -134.53560    101.712      3.108      3.079    11.2987    27.1253  1020.6164    20.6023    11.2983     92.849    90.6197     1.3475      8.335     5.9941     8.5662    262.294    267.698      53252          9  0.000e+00
   56.71606 -134.53560    101.696      3.092      3.063    11.2963    27.1271  1020.6180    20.6040    11.2959     92.875    90.6476     1.3475      8.335     5.9961     8.5690    262.380    267.786      53253          9  0.000e+00
   56.71606 -134.53560    101.656      3.051      3.023    11.2952    27.1271  1020.6180    20.6042    11.2949     92.850    90.6476     1.3475      8.335     5.9946     8.5669    262.314    267.719      53254          9  0.000e+00
   56.71606 -134.53560    101.696      3.092      3.063    11.2950    27.1258  1020.6172    20.6032    11.2946     92.884    90.6476     1.3475      8.335     5.9969     8.5702    262.414    267.821      53255          9  0.000e+00
   56.71606 -134.53560    101.656      3.051      3.023    11.2939    27.1249  1020.6166    20.6027    11.2936     92.861    90.6476     1.3475      8.335     5.9956     8.5683    262.357    267.763      53256          9  0.000e+00
   56.71606 -134.53560    101.696      3.092      3.063    11.2940    27.1229  1020.6152    20.6012    11.2936     92.893    90.6476     1.3475      8.335     5.9977     8.5713    262.449    267.856      53257          9  0.000e+00
   56.71606 -134.53560    101.656      3.051      3.023    11.2956    27.1209  1020.6132    20.5993    11.2952     92.872    90.6476     1.3475      8.335     5.9962     8.5692    262.385    267.790      53258          9  0.000e+00
   56.71606 -134.53560    101.696      3.092      3.063    11.2961    27.1201  1020.6127    20.5987    11.2957     92.851    90.6476     1.3475      8.335     5.9948     8.5672    262.325    267.728      53259          9  0.000e+00
   56.71606 -134.53560    101.816      3.213      3.183    11.2956    27.1197  1020.6130    20.5985    11.2952     92.825    90.6476     1.3475      8.335     5.9932     8.5649    262.256    267.658      53260          9  0.000e+00
   56.71606 -134.53560    101.712      3.108      3.079    11.2946    27.1194  1020.6125    20.5984    11.2943     92.796    90.6476     1.3475      8.335     5.9915     8.5624    262.179    267.579      53261          9  0.000e+00
   56.71606 -134.53560    101.752      3.148      3.119    11.2952    27.1184  1020.6117    20.5974    11.2949     92.822    90.6476     1.3475      8.335     5.9931     8.5648    262.252    267.654      53262          9  0.000e+00
