EcoFOCI/data/1_SampleCollection/2022_GOA-OA_CruiseData/CTD_raw_BottleFile_RC0083/RC0083_042.cnv
* Sea-Bird SBE 9 Data File:
* FileName = C:\Data\RC0083ctd\RC0083_042.hex
* Software Version Seasave V 7.26.7.107
* Temperature SN = 2060
* Conductivity SN = 1084
* Number of Bytes Per Scan = 31
* Number of Voltage Words = 4
* Number of Scans Averaged by the Deck Unit = 1
* NMEA Latitude = 58 06.53 N
* NMEA Longitude = 136 31.59 W
* NMEA UTC (Time) = Aug 18 2022  21:43:42
* NMEA baud rate = 4800
** Ship: R/V Rachel Carson
** Cruise ID: RC0083
** Tech: McHugh/Nomura
** Chief Scientist: Cross
** Station: XS1
** Cast:  CTD042
# nquan = 19
# nvalues = 10395                                 
# units = specified
# name 0 = latitude: Latitude [deg]
# name 1 = longitude: Longitude [deg]
# name 2 = sfdSM: Seafloor depth [salt water, m]
# name 3 = prDM: Pressure, Digiquartz [db]
# name 4 = depSM: Depth [salt water, m]
# name 5 = t090C: Temperature [ITS-90, deg C]
# name 6 = sal00: Salinity, Practical [PSU]
# name 7 = density00: Density [density, kg/m^3]
# name 8 = sigma-é00: Density [sigma-theta, kg/m^3]
# name 9 = potemp090C: Potential Temperature [ITS-90, deg C]
# name 10 = sbeox0PS: Oxygen, SBE 43 [% saturation]
# name 11 = CStarTr0: Beam Transmission, WET Labs C-Star [%]
# name 12 = flECO-AFL: Fluorescence, WET Labs ECO-AFL/FL [mg/m^3]
# name 13 = ph: pH
# name 14 = sbeox0ML/L: Oxygen, SBE 43 [ml/l]
# name 15 = sbeox0Mg/L: Oxygen, SBE 43 [mg/l]
# name 16 = sbox0Mm/Kg: Oxygen, SBE 43 [umol/kg]
# name 17 = sbeox0Mm/L: Oxygen, SBE 43 [umol/l]
# name 18 = flag:  0.000e+00
# span 0 =   58.10838,   58.10880                 
# span 1 = -136.52654, -136.52406                 
# span 2 =      2.832,     82.743                 
# span 3 =      2.502,     72.298                 
# span 4 =      2.478,     71.615                 
# span 5 =     7.9678,    14.1456                 
# span 6 =    31.0683,    32.1323                 
# span 7 =  1023.1708,  1025.3552                 
# span 8 =    23.1577,    25.0279                 
# span 9 =     7.9610,    14.1451                 
# span 10 =     58.597,    102.143                
# span 11 =    86.5921,    96.7728                
# span 12 =     0.2046,     2.0508                
# span 13 =      7.943,      8.314                
# span 14 =     3.9213,     6.0625                
# span 15 =     5.6040,     8.6640                
# span 16 =    170.873,    264.602                
# span 17 =    175.127,    270.753                
# span 18 = 0.0000e+00, 0.0000e+00                
# interval = seconds: 0.0416667
# start_time = Aug 18 2022 21:43:42 [NMEA time, header]
# bad_flag = -9.990e-29
*END*
[from data line 6401]
   58.10852 -136.52494     76.518     48.697     48.240    10.5028    31.4279  1024.3015    24.0814    10.4973     76.289    94.4234     0.7321      8.107     4.8754     6.9674    212.615    217.735  0.000e+00
   58.10852 -136.52494     76.536     48.641     48.184    10.5008    31.4267  1024.3006    24.0809    10.4953     76.282    94.4234     0.7028      8.107     4.8752     6.9671    212.607    217.726  0.000e+00
   58.10852 -136.52494     76.545     48.576     48.120    10.4992    31.4275  1024.3012    24.0817    10.4937     76.275    94.5074     0.7028      8.107     4.8749     6.9667    212.592    217.712  0.000e+00
   58.10852 -136.52492     76.553     48.584     48.128    10.4982    31.4282  1024.3019    24.0824    10.4927     76.274    94.5633     0.7028      8.102     4.8749     6.9667    212.593    217.713  0.000e+00
   58.10852 -136.52492     76.545     48.576     48.120    10.4982    31.4281  1024.3018    24.0824    10.4927     76.218    94.5633     0.7028      8.107     4.8713     6.9616    212.438    217.554  0.000e+00
   58.10852 -136.52492     76.497     48.528     48.072    10.4982    31.4289  1024.3022    24.0830    10.4927     76.210    94.5633     0.7028      8.107     4.8708     6.9609    212.414    217.530  0.000e+00
   58.10852 -136.52492     76.489     48.519     48.064    10.4979    31.4291  1024.3024    24.0832    10.4924     76.202    94.5633     0.7321      8.102     4.8703     6.9602    212.394    217.509  0.000e+00
   58.10852 -136.52492     76.433     48.463     48.008    10.4971    31.4285  1024.3018    24.0828    10.4916     76.194    94.5633     0.7028      8.102     4.8699     6.9596    212.377    217.491  0.000e+00
   58.10852 -136.52492     76.433     48.463     48.008    10.4962    31.4284  1024.3019    24.0829    10.4907     76.187    94.5633     0.7321      8.102     4.8695     6.9591    212.360    217.474  0.000e+00
   58.10852 -136.52492     76.377     48.406     47.952    10.4952    31.4279  1024.3014    24.0827    10.4897     76.179    94.5633     0.7028      8.107     4.8692     6.9585    212.343    217.456  0.000e+00
   58.10852 -136.52492     76.393     48.398     47.944    10.4941    31.4277  1024.3014    24.0827    10.4886     76.171    94.5633     0.7321      8.107     4.8688     6.9580    212.327    217.441  0.000e+00
   58.10852 -136.52492     76.523     48.406     47.952    10.4931    31.4272  1024.3012    24.0825    10.4876     76.164    94.5633     0.7321      8.107     4.8684     6.9575    212.312    217.425  0.000e+00
   58.10852 -136.52492     76.508     48.342     47.888    10.4918    31.4272  1024.3011    24.0827    10.4863     76.156    94.5353     0.7028      8.102     4.8681     6.9570    212.295    217.408  0.000e+00
   58.10852 -136.52492     76.516     48.350     47.896    10.4919    31.4277  1024.3016    24.0831    10.4864     76.094    94.5633     0.7321      8.107     4.8641     6.9513    212.122    217.230  0.000e+00
   58.10852 -136.52492     76.452     48.285     47.832    10.4915    31.4287  1024.3022    24.0840    10.4860     76.080    94.5633     0.7321      8.107     4.8632     6.9500    212.082    217.190  0.000e+00
   58.10852 -136.52492     76.501     48.285     47.832    10.4915    31.4295  1024.3028    24.0846    10.4860     76.067    94.5633     0.7614      8.107     4.8623     6.9487    212.044    217.151  0.000e+00
   58.10852 -136.52492     76.534     48.220     47.768    10.4925    31.4290  1024.3019    24.0840    10.4871     76.053    94.5633     0.7614      8.107     4.8613     6.9473    212.002    217.108  0.000e+00
   58.10852 -136.52492     76.567     48.229     47.776    10.4921    31.4282  1024.3014    24.0835    10.4867     76.040    94.5633     0.7614      8.107     4.8606     6.9463    211.969    217.074  0.000e+00
   58.10852 -136.52492     76.559     48.220     47.768    10.4919    31.4270  1024.3004    24.0826    10.4864     76.028    94.5633     0.7614      8.102     4.8599     6.9452    211.937    217.041  0.000e+00
   58.10852 -136.52492     76.567     48.229     47.776    10.4917    31.4267  1024.3002    24.0823    10.4862     76.015    94.5633     0.7614      8.107     4.8591     6.9442    211.905    217.008  0.000e+00
   58.10852 -136.52492     76.488     48.099     47.648    10.4917    31.4276  1024.3003    24.0830    10.4863     76.009    94.5633     0.7614      8.107     4.8587     6.9435    211.884    216.987  0.000e+00
   58.10852 -136.52492     76.569     48.107     47.656    10.4921    31.4271  1024.3000    24.0826    10.4867     76.004    94.5633     0.7614      8.107     4.8583     6.9430    211.870    216.972  0.000e+00
   58.10852 -136.52492     76.585     48.099     47.648    10.4913    31.4263  1024.2994    24.0821    10.4859     75.993    94.6192     0.7614      8.107     4.8577     6.9422    211.844    216.946  0.000e+00
   58.10852 -136.52492     76.593     48.107     47.656    10.4901    31.4257  1024.2992    24.0819    10.4846     75.982    94.6752     0.7614      8.107     4.8572     6.9414    211.821    216.923  0.000e+00
   58.10852 -136.52492     76.480     48.043     47.592    10.4888    31.4254  1024.2989    24.0818    10.4834     75.917    94.6752     0.7614      8.107     4.8532     6.9357    211.645    216.742  0.000e+00
   58.10852 -136.52492     76.602     48.043     47.592    10.4881    31.4256  1024.2992    24.0821    10.4826     75.962    94.6752     0.7614      8.107     4.8561     6.9398    211.773    216.873  0.000e+00
   58.10852 -136.52492     76.659     48.051     47.600    10.4876    31.4261  1024.2997    24.0826    10.4821     75.952    94.6752     0.7614      8.107     4.8555     6.9391    211.749    216.849  0.000e+00
   58.10852 -136.52492     76.620     47.986     47.535    10.4876    31.4259  1024.2992    24.0824    10.4822     75.895    94.6752     0.7614      8.102     4.8519     6.9338    211.589    216.684  0.000e+00
   58.10852 -136.52492     76.564     47.930     47.479    10.4876    31.4261  1024.2991    24.0825    10.4821     75.886    94.6752     0.7614      8.107     4.8513     6.9330    211.565    216.660  0.000e+00
   58.10852 -136.52492     76.620     47.986     47.535    10.4880    31.4264  1024.2995    24.0827    10.4826     75.879    94.6752     0.7614      8.107     4.8508     6.9323    211.543    216.637  0.000e+00
   58.10852 -136.52492     76.573     47.865     47.415    10.4882    31.4266  1024.2991    24.0828    10.4828     75.926    94.6752     0.7614      8.102     4.8538     6.9365    211.672    216.769  0.000e+00
   58.10852 -136.52492     76.622     47.865     47.415    10.4884    31.4264  1024.2990    24.0827    10.4829     75.926    94.6752     0.7614      8.107     4.8538     6.9365    211.672    216.770  0.000e+00
   58.10852 -136.52492     76.646     47.865     47.415    10.4886    31.4259  1024.2985    24.0823    10.4831     75.873    94.6752     0.7614      8.102     4.8503     6.9316    211.523    216.616  0.000e+00
   58.10852 -136.52492     76.622     47.865     47.415    10.4882    31.4260  1024.2987    24.0824    10.4828     75.868    94.6752     0.7614      8.107     4.8501     6.9313    211.511    216.605  0.000e+00
   58.10852 -136.52492     76.534     47.752     47.303    10.4882    31.4261  1024.2982    24.0825    10.4828     75.863    94.6752     0.7907      8.107     4.8498     6.9308    211.497    216.590  0.000e+00
   58.10852 -136.52492     76.680     47.800     47.351    10.4879    31.4260  1024.2984    24.0825    10.4825     75.860    94.6752     0.8200      8.107     4.8496     6.9306    211.491    216.584  0.000e+00
   58.10852 -136.52492     76.681     47.752     47.303    10.4874    31.4264  1024.2986    24.0828    10.4820     75.858    94.6752     0.8200      8.107     4.8495     6.9304    211.485    216.578  0.000e+00
   58.10852 -136.52492     76.673     47.744     47.295    10.4873    31.4255  1024.2978    24.0821    10.4819     75.856    94.6752     0.8200      8.102     4.8494     6.9303    211.482    216.575  0.000e+00
   58.10852 -136.52492     76.561     47.631     47.183    10.4862    31.4255  1024.2976    24.0823    10.4808     75.854    94.6752     0.8200      8.107     4.8494     6.9303    211.482    216.575  0.000e+00
   58.10852 -136.52492     76.592     47.687     47.239    10.4859    31.4255  1024.2978    24.0823    10.4805     75.855    94.6752     0.8200      8.107     4.8495     6.9304    211.485    216.578  0.000e+00
   58.10852 -136.52492     76.561     47.631     47.183    10.4857    31.4255  1024.2977    24.0824    10.4803     75.909    94.6752     0.8200      8.107     4.8530     6.9354    211.638    216.735  0.000e+00
   58.10852 -136.52492     76.497     47.566     47.119    10.4853    31.4250  1024.2971    24.0821    10.4799     75.862    94.6752     0.8200      8.107     4.8500     6.9312    211.509    216.603  0.000e+00
   58.10852 -136.52492     76.472     47.566     47.119    10.4856    31.4249  1024.2969    24.0819    10.4802     75.864    94.6192     0.8200      8.107     4.8501     6.9313    211.514    216.607  0.000e+00
   58.10852 -136.52492     76.480     47.574     47.127    10.4859    31.4252  1024.2971    24.0821    10.4805     75.921    94.5633     0.8200      8.102     4.8538     6.9365    211.671    216.769  0.000e+00
   58.10852 -136.52492     76.425     47.445     46.999    10.4855    31.4247  1024.2962    24.0818    10.4801     75.930    94.5633     0.8200      8.107     4.8544     6.9374    211.698    216.796  0.000e+00
   58.10852 -136.52492     76.587     47.509     47.063    10.4843    31.4234  1024.2957    24.0810    10.4789     75.941    94.5633     0.8200      8.107     4.8552     6.9386    211.736    216.835  0.000e+00
   58.10852 -136.52492     76.547     47.445     46.999    10.4823    31.4205  1024.2935    24.0791    10.4769     75.897    94.5633     0.8200      8.107     4.8527     6.9350    211.626    216.722  0.000e+00
   58.10852 -136.52492     76.411     47.332     46.887    10.4785    31.4164  1024.2904    24.0765    10.4732     75.901    94.5633     0.8200      8.107     4.8535     6.9362    211.662    216.758  0.000e+00
   58.10852 -136.52492     76.467     47.388     46.943    10.4742    31.4127  1024.2885    24.0744    10.4688     75.908    94.5633     0.8200      8.107     4.8545     6.9376    211.706    216.803  0.000e+00
   58.10852 -136.52492     76.509     47.332     46.887    10.4713    31.4107  1024.2872    24.0733    10.4659     75.915    94.5633     0.8200      8.107     4.8553     6.9387    211.741    216.838  0.000e+00
   58.10852 -136.52492     76.518     47.267     46.823    10.4684    31.4100  1024.2869    24.0733    10.4630     75.976    94.5633     0.8200      8.107     4.8596     6.9448    211.927    217.029  0.000e+00
   58.10852 -136.52492     76.550     47.275     46.831    10.4663    31.4106  1024.2877    24.0740    10.4609     75.991    94.5633     0.8200      8.107     4.8607     6.9465    211.977    217.080  0.000e+00
   58.10852 -136.52492     76.486     47.210     46.767    10.4648    31.4098  1024.2870    24.0737    10.4594     76.005    94.5633     0.8200      8.107     4.8618     6.9480    212.025    217.129  0.000e+00
   58.10852 -136.52492     76.430     47.154     46.711    10.4627    31.4083  1024.2860    24.0729    10.4574     76.014    94.5633     0.7907      8.107     4.8626     6.9492    212.060    217.165  0.000e+00
   58.10852 -136.52492     76.520     47.146     46.703    10.4605    31.4068  1024.2851    24.0721    10.4551     76.023    94.5633     0.7614      8.107     4.8635     6.9504    212.099    217.204  0.000e+00
   58.10852 -136.52492     76.513     47.089     46.647    10.4584    31.4053  1024.2841    24.0713    10.4530     76.032    94.5633     0.7614      8.107     4.8644     6.9517    212.136    217.242  0.000e+00
   58.10852 -136.52492     76.481     47.033     46.591    10.4568    31.4044  1024.2834    24.0709    10.4515     76.041    94.5633     0.7321      8.107     4.8651     6.9528    212.170    217.277  0.000e+00
   58.10852 -136.52492     76.393     46.968     46.527    10.4562    31.4039  1024.2828    24.0705    10.4509     76.051    94.5633     0.7321      8.107     4.8658     6.9537    212.200    217.308  0.000e+00
   58.10852 -136.52492     76.278     46.976     46.535    10.4557    31.4041  1024.2831    24.0708    10.4503     76.061    94.5633     0.7321      8.107     4.8665     6.9548    212.231    217.339  0.000e+00
   58.10852 -136.52492     75.880     46.968     46.527    10.4561    31.4050  1024.2837    24.0714    10.4507     76.071    94.5633     0.7321      8.107     4.8671     6.9556    212.256    217.366  0.000e+00
   58.10852 -136.52492     75.621     46.855     46.415    10.4569    31.4053  1024.2833    24.0715    10.4516     76.081    94.5633     0.7614      8.107     4.8676     6.9563    212.278    217.388  0.000e+00
   58.10852 -136.52492     75.533     46.790     46.351    10.4576    31.4050  1024.2827    24.0712    10.4522     76.091    94.5633     0.7614      8.107     4.8682     6.9572    212.305    217.415  0.000e+00
   58.10852 -136.52492     75.565     46.798     46.359    10.4594    31.4078  1024.2846    24.0731    10.4541     76.150    94.5353     0.7614      8.102     4.8717     6.9622    212.457    217.571  0.000e+00
   58.10852 -136.52492     75.655     46.790     46.351    10.4627    31.4104  1024.2859    24.0745    10.4574     76.160    94.4794     0.7614      8.107     4.8720     6.9625    212.466    217.581  0.000e+00
   58.10852 -136.52492     75.787     46.677     46.239    10.4649    31.4117  1024.2861    24.0751    10.4596     76.170    94.4794     0.7614      8.107     4.8723     6.9630    212.480    217.595  0.000e+00
   58.10852 -136.52492     75.852     46.669     46.231    10.4659    31.4118  1024.2860    24.0751    10.4606     76.180    94.4794     0.7614      8.107     4.8728     6.9637    212.503    217.619  0.000e+00
   58.10852 -136.52492     75.796     46.612     46.175    10.4666    31.4124  1024.2860    24.0754    10.4613     76.135    94.4794     0.7614      8.107     4.8698     6.9595    212.373    217.486  0.000e+00
   58.10852 -136.52492     75.660     46.499     46.063    10.4677    31.4117  1024.2848    24.0746    10.4624     76.137    94.4794     0.7614      8.107     4.8699     6.9596    212.376    217.489  0.000e+00
   58.10852 -136.52492     75.854     46.548     46.111    10.4682    31.4119  1024.2851    24.0748    10.4629     76.195    94.4794     0.7614      8.107     4.8736     6.9648    212.537    217.653  0.000e+00
   58.10852 -136.52492     75.913     46.435     45.999    10.4700    31.4144  1024.2862    24.0764    10.4648     76.204    94.4794     0.7614      8.107     4.8738     6.9652    212.548    217.665  0.000e+00
   58.10852 -136.52492     75.938     46.435     45.999    10.4737    31.4172  1024.2877    24.0779    10.4685     76.213    94.4794     0.7614      8.107     4.8739     6.9653    212.552    217.670  0.000e+00
   58.10852 -136.52492     75.882     46.378     45.943    10.4768    31.4184  1024.2880    24.0784    10.4716     76.221    94.4794     0.7321      8.107     4.8741     6.9656    212.559    217.677  0.000e+00
   58.10852 -136.52492     75.817     46.313     45.879    10.4784    31.4181  1024.2872    24.0779    10.4731     76.229    94.4794     0.7614      8.107     4.8745     6.9661    212.575    217.693  0.000e+00
   58.10852 -136.52492     75.761     46.257     45.823    10.4795    31.4176  1024.2863    24.0773    10.4742     76.231    94.4794     0.7614      8.107     4.8744     6.9661    212.575    217.693  0.000e+00
   58.10852 -136.52492     75.753     46.249     45.815    10.4800    31.4179  1024.2864    24.0774    10.4748     76.239    94.4794     0.7614      8.107     4.8749     6.9667    212.594    217.713  0.000e+00
