EcoFOCI/data/1_SampleCollection/2022_GOA-OA_CruiseData/CTD_raw_BottleFile_RC0083/RC0083_081.ros
* Sea-Bird SBE 9 Data File:
* FileName = C:\Data\RC0083ctd\RC0083_081.hex
* Software Version Seasave V 7.26.7.107
* Temperature SN = 2060
* Conductivity SN = 2881
* Number of Bytes Per Scan = 31
* Number of Voltage Words = 4
* Number of Scans Averaged by the Deck Unit = 1
* NMEA Latitude = 58 12.37 N
* NMEA Longitude = 134 26.53 W
* NMEA UTC (Time) = Aug 22 2022  01:33:07
* NMEA baud rate = 4800
** Ship: R/V Rachel Carson
** Cruise ID: RC0083
** Tech: McHugh/Nomura
** Chief Scientist: Cross
** Station: SPB
** Cast:  CTD081
# nquan = 21
# nvalues = 196                                   
# units = specified
# name 0 = latitude: Latitude [deg]
# name 1 = longitude: Longitude [deg]
# name 2 = sfdSM: Seafloor depth [salt water, m]
# name 3 = prDM: Pressure, Digiquartz [db]
# name 4 = depSM: Depth [salt water, m]
# name 5 = t090C: Temperature [ITS-90, deg C]
# name 6 = sal00: Salinity, Practical [PSU]
# name 7 = density00: Density [density, kg/m^3]
# name 8 = sigma-é00: Density [sigma-theta, kg/m^3]
# name 9 = potemp090C: Potential Temperature [ITS-90, deg C]
# name 10 = sbeox0PS: Oxygen, SBE 43 [% saturation]
# name 11 = CStarTr0: Beam Transmission, WET Labs C-Star [%]
# name 12 = flECO-AFL: Fluorescence, WET Labs ECO-AFL/FL [mg/m^3]
# name 13 = ph: pH
# name 14 = sbeox0ML/L: Oxygen, SBE 43 [ml/l]
# name 15 = sbeox0Mg/L: Oxygen, SBE 43 [mg/l]
# name 16 = sbox0Mm/Kg: Oxygen, SBE 43 [umol/kg]
# name 17 = sbeox0Mm/L: Oxygen, SBE 43 [umol/l]
# name 18 = scan: Scan Count
# name 19 = nbf: Bottles Fired
# name 20 = flag:  0.000e+00
# interval = seconds: 0.0416667
# start_time = Aug 22 2022 01:33:07 [NMEA time, header]
# bad_flag = -9.990e-29
*END*
[from data line 138]
   58.20612 -134.44186     79.772     14.905     14.766    10.6075    28.3770  1021.7568    21.6891    10.6058     86.425    95.2066     2.5489      8.196     5.6188     8.0299    245.610    250.937       8107          3  0.000e+00
   58.20612 -134.44186     79.828     14.962     14.822    10.6062    28.3775  1021.7577    21.6897    10.6046     86.423    95.2066     2.5489      8.196     5.6189     8.0299    245.612    250.939       8108          3  0.000e+00
   58.20612 -134.44186     79.860     14.994     14.854    10.6050    28.3788  1021.7590    21.6909    10.6033     86.421    95.2066     2.5196      8.196     5.6189     8.0299    245.611    250.939       8109          3  0.000e+00
   58.20612 -134.44186     79.772     14.905     14.766    10.6060    28.3784  1021.7581    21.6905    10.6043     86.418    95.2345     2.5489      8.196     5.6186     8.0295    245.597    250.925       8110          3  0.000e+00
   58.20612 -134.44186     79.828     14.962     14.822    10.6065    28.3781  1021.7581    21.6901    10.6049     86.472    95.4583     2.5489      8.196     5.6220     8.0344    245.747    251.077       8111          3  0.000e+00
   58.20612 -134.44186     79.828     14.962     14.822    10.6068    28.3779  1021.7578    21.6899    10.6051     86.419    95.5142     2.5489      8.196     5.6185     8.0295    245.597    250.924       8112          3  0.000e+00
   58.20612 -134.44186     79.828     14.962     14.822    10.6077    28.3773  1021.7573    21.6893    10.6061     86.417    95.5142     2.5489      8.196     5.6183     8.0291    245.586    250.913       8113          3  0.000e+00
   58.20612 -134.44186     79.772     14.905     14.766    10.6091    28.3771  1021.7566    21.6889    10.6074     86.419    95.5142     2.5489      8.196     5.6183     8.0291    245.586    250.912       8114          3  0.000e+00
   58.20612 -134.44186     97.907     14.994     14.854    10.6089    28.3758  1021.7560    21.6879    10.6073     86.418    95.5142     2.5489      8.201     5.6183     8.0291    245.586    250.912       8115          3  0.000e+00
   58.20616 -134.44174     32.679      3.235      3.205    12.4229    19.9534  1014.8812    14.8664    12.4226     98.808    91.6825     1.0544      8.368     6.5138     9.3089    286.647    290.908       9450          4  0.000e+00
   58.20616 -134.44174     33.677      3.453      3.421    12.4212    19.9573  1014.8855    14.8697    12.4209     98.811    91.6825     1.0544      8.368     6.5141     9.3093    286.658    290.920       9451          4  0.000e+00
   58.20616 -134.44174     33.889      3.420      3.389    12.4241    19.9609  1014.8877    14.8720    12.4237     98.810    91.6825     1.0544      8.372     6.5135     9.3085    286.632    290.895       9452          4  0.000e+00
   58.20616 -134.44174     33.897      3.453      3.421    12.4229    19.9663  1014.8921    14.8764    12.4226     98.866    91.6825     1.0544      8.368     6.5171     9.3136    286.788    291.055       9453          4  0.000e+00
   58.20616 -134.44174     33.752      3.331      3.301    12.4196    19.9700  1014.8950    14.8798    12.4192     98.870    91.6825     1.0544      8.368     6.5177     9.3145    286.813    291.081       9454          4  0.000e+00
   58.20616 -134.44174     33.816      3.420      3.389    12.4199    19.9688  1014.8944    14.8788    12.4195     98.822    91.6825     1.0544      8.368     6.5145     9.3099    286.674    290.939       9455          4  0.000e+00
   58.20616 -134.44174     33.792      3.396      3.364    12.4227    19.9659  1014.8916    14.8761    12.4224     98.822    91.6825     1.0544      8.368     6.5143     9.3095    286.662    290.927       9456          4  0.000e+00
   58.20616 -134.44174     33.816      3.420      3.388    12.4263    19.9637  1014.8895    14.8739    12.4259     98.822    91.6825     1.0544      8.368     6.5139     9.3090    286.647    290.911       9457          4  0.000e+00
   58.20616 -134.44174     33.848      3.453      3.420    12.4290    19.9631  1014.8887    14.8729    12.4286     98.824    91.6825     1.0544      8.368     6.5136     9.3086    286.635    290.899       9458          4  0.000e+00
   58.20616 -134.44174     33.752      3.356      3.324    12.4314    19.9616  1014.8867    14.8714    12.4310     98.823    91.6825     1.0544      8.367     6.5133     9.3082    286.623    290.885       9459          4  0.000e+00
   58.20616 -134.44174     33.792      3.396      3.364    12.4288    19.9618  1014.8875    14.8720    12.4284     98.820    91.6825     1.1716      8.368     6.5135     9.3084    286.630    290.893       9460          4  0.000e+00
   58.20616 -134.44174     33.792      3.396      3.364    12.4236    19.9640  1014.8900    14.8745    12.4232     98.817    91.6825     1.2595      8.372     6.5139     9.3091    286.649    290.912       9461          4  0.000e+00
   58.20616 -134.44174     33.816      3.420      3.388    12.4196    19.9624  1014.8895    14.8739    12.4192     98.820    91.6545     1.2595      8.368     6.5147     9.3102    286.682    290.947       9462          4  0.000e+00
   58.20616 -134.44174     48.468      3.396      3.364    12.4181    19.9567  1014.8853    14.8698    12.4177     98.821    91.6825     1.2595      8.372     6.5152     9.3109    286.707    290.971       9463          4  0.000e+00
   58.20616 -134.44174     74.182      3.420      3.388    12.4209    19.9494  1014.8793    14.8636    12.4205     98.823    91.6825     1.2595      8.372     6.5153     9.3110    286.710    290.972       9464          4  0.000e+00
   58.20616 -134.44174     81.728      3.396      3.364    12.4286    19.9417  1014.8720    14.8565    12.4282     98.824    91.7384     1.2595      8.368     6.5146     9.3100    286.681    290.940       9465          4  0.000e+00
   58.20616 -134.44174     81.175      3.356      3.324    12.4358    19.9344  1014.8649    14.8496    12.4355     98.825    91.7944     1.2595      8.372     6.5139     9.3090    286.654    290.911       9466          4  0.000e+00
   58.20616 -134.44174     80.165      3.396      3.364    12.4405    19.9276  1014.8591    14.8436    12.4401     98.827    91.7944     1.2595      8.372     6.5137     9.3087    286.647    290.901       9467          4  0.000e+00
   58.20616 -134.44174     79.928      3.453      3.420    12.4436    19.9224  1014.8549    14.8391    12.4432     98.830    91.7944     1.2595      8.367     6.5137     9.3087    286.646    290.900       9468          4  0.000e+00
   58.20616 -134.44174     79.881      3.356      3.324    12.4377    19.9251  1014.8575    14.8422    12.4373     98.827    91.7944     1.2595      8.367     6.5142     9.3094    286.669    290.924       9469          4  0.000e+00
   58.20616 -134.44174     80.002      3.453      3.420    12.4266    19.9299  1014.8634    14.8477    12.4262     98.882    91.7944     1.2595      8.372     6.5192     9.3165    286.886    291.145       9470          4  0.000e+00
   58.20616 -134.44174     79.930      3.356      3.324    12.4249    19.9282  1014.8620    14.8466    12.4245     98.829    91.7944     1.2595      8.368     6.5160     9.3120    286.746    291.003       9471          4  0.000e+00
   58.20616 -134.44174     79.970      3.396      3.364    12.4311    19.9219  1014.8562    14.8407    12.4307     98.881    91.7944     1.2595      8.367     6.5188     9.3160    286.871    291.128       9472          4  0.000e+00
   58.20616 -134.44174     79.994      3.420      3.388    12.4332    19.9184  1014.8533    14.8377    12.4328     98.834    91.7944     1.2595      8.367     6.5155     9.3113    286.729    290.983       9473          4  0.000e+00
   58.20616 -134.44174     79.970      3.396      3.364    12.4287    19.9215  1014.8564    14.8409    12.4283     98.891    91.7944     1.2595      8.372     6.5198     9.3174    286.916    291.174       9474          4  0.000e+00
   58.20616 -134.44174     79.970      3.396      3.364    12.4238    19.9255  1014.8603    14.8448    12.4234     98.894    91.7944     1.2595      8.372     6.5205     9.3185    286.946    291.206       9475          4  0.000e+00
   58.20616 -134.44174     79.994      3.420      3.388    12.4275    19.9228  1014.8577    14.8421    12.4271     98.896    91.7944     1.2595      8.372     6.5202     9.3181    286.935    291.194       9476          4  0.000e+00
   58.20616 -134.44174     79.970      3.396      3.364    12.4330    19.9174  1014.8524    14.8370    12.4326     98.902    91.7944     1.2595      8.367     6.5201     9.3179    286.930    291.187       9477          4  0.000e+00
   58.20616 -134.44174     85.766      3.356      3.324    12.4390    19.9116  1014.8468    14.8315    12.4386     98.908    91.7944     1.2595      8.372     6.5199     9.3176    286.922    291.178       9478          4  0.000e+00
   58.20616 -134.44174     98.773      3.396      3.364    12.4425    19.9068  1014.8428    14.8273    12.4421     98.861    91.7944     1.2595      8.367     6.5165     9.3127    286.773    291.025       9479          4  0.000e+00
   58.20616 -134.44174    103.047      3.420      3.388    12.4430    19.9036  1014.8403    14.8247    12.4426     98.863    91.7944     1.2302      8.372     6.5167     9.3130    286.785    291.036       9480          4  0.000e+00
   58.20616 -134.44174    102.900      3.396      3.364    12.4321    19.9105  1014.8473    14.8318    12.4317     98.862    91.7944     1.1716      8.372     6.5178     9.3147    286.833    291.087       9481          4  0.000e+00
   58.20616 -134.44174    102.363      3.396      3.364    12.4161    19.9233  1014.8599    14.8444    12.4157     98.866    91.7944     1.1716      8.372     6.5199     9.3175    286.918    291.177       9482          4  0.000e+00
   58.20616 -134.44174    102.216      3.420      3.388    12.4095    19.9299  1014.8661    14.8505    12.4091     98.924    91.7944     1.1716      8.368     6.5243     9.3239    287.113    291.377       9483          4  0.000e+00
   58.20616 -134.44174    102.217      3.396      3.364    12.4124    19.9312  1014.8665    14.8510    12.4120     98.926    91.7944     1.1716      8.372     6.5240     9.3235    287.099    291.363       9484          4  0.000e+00
   58.20616 -134.44174    102.265      3.420      3.388    12.4124    19.9350  1014.8696    14.8540    12.4120     98.929    91.7944     1.1716      8.372     6.5240     9.3235    287.099    291.364       9485          4  0.000e+00
   58.20616 -134.44174    102.241      3.396      3.364    12.4081    19.9417  1014.8753    14.8598    12.4077     98.931    91.7664     1.1716      8.372     6.5245     9.3242    287.119    291.386       9486          4  0.000e+00
   58.20616 -134.44174    102.265      3.420      3.388    12.4037    19.9475  1014.8806    14.8650    12.4033     98.880    91.7664     1.1716      8.372     6.5215     9.3199    286.984    291.250       9487          4  0.000e+00
   58.20616 -134.44174    102.241      3.396      3.364    12.4015    19.9503  1014.8830    14.8675    12.4011     98.877    91.7664     1.1716      8.368     6.5215     9.3199    286.984    291.250       9488          4  0.000e+00
   58.20616 -134.44174    102.241      3.396      3.364    12.4037    19.9477  1014.8807    14.8652    12.4034     98.928    91.7664     1.1716      8.372     6.5247     9.3244    287.124    291.392       9489          4  0.000e+00
   58.20616 -134.44174    102.265      3.420      3.388    12.4112    19.9397  1014.8734    14.8578    12.4108     98.929    91.7664     1.1716      8.372     6.5241     9.3235    287.098    291.364       9490          4  0.000e+00
   58.20616 -134.44174    102.241      3.396      3.364    12.4221    19.9302  1014.8642    14.8487    12.4217     98.875    91.7664     1.1716      8.372     6.5193     9.3168    286.893    291.153       9491          4  0.000e+00
   58.20616 -134.44174    102.265      3.420      3.388    12.4341    19.9210  1014.8552    14.8396    12.4338     98.925    91.7664     1.1716      8.372     6.5213     9.3196    286.984    291.243       9492          4  0.000e+00
   58.20616 -134.44174    102.241      3.396      3.364    12.4388    19.9200  1014.8535    14.8381    12.4384     98.931    91.7664     1.1716      8.372     6.5211     9.3193    286.974    291.232       9493          4  0.000e+00
   58.20616 -134.44174    102.241      3.396      3.364    12.4324    19.9294  1014.8619    14.8464    12.4320     98.933    91.7664     1.1716      8.367     6.5217     9.3202    287.000    291.261       9494          4  0.000e+00
   58.20616 -134.44174    102.265      3.420      3.388    12.4241    19.9395  1014.8711    14.8555    12.4237     98.935    91.7664     1.1716      8.372     6.5226     9.3215    287.037    291.301       9495          4  0.000e+00
   58.20616 -134.44174    102.241      3.396      3.364    12.4223    19.9437  1014.8745    14.8590    12.4219     98.936    91.7664     1.1716      8.372     6.5228     9.3217    287.043    291.308       9496          4  0.000e+00
   58.20616 -134.44174    102.265      3.420      3.388    12.4251    19.9430  1014.8736    14.8580    12.4247     98.937    91.7664     1.1716      8.372     6.5225     9.3213    287.029    291.294       9497          4  0.000e+00
   58.20616 -134.44174    102.241      3.396      3.364    12.4293    19.9386  1014.8694    14.8540    12.4289     98.937    91.7664     1.1716      8.372     6.5221     9.3207    287.012    291.275       9498          4  0.000e+00
