EcoFOCI/data/1_SampleCollection/2022_GOA-OA_CruiseData/CTD_raw_BottleFile_RC0083/RC0083_053.ros
* Sea-Bird SBE 9 Data File:
* FileName = C:\Data\RC0083ctd\RC0083_053.hex
* Software Version Seasave V 7.26.7.107
* Temperature SN = 2060
* Conductivity SN = 1084
* Number of Bytes Per Scan = 31
* Number of Voltage Words = 4
* Number of Scans Averaged by the Deck Unit = 1
* NMEA Latitude = 58 19.84 N
* NMEA Longitude = 136 06.98 W
* NMEA UTC (Time) = Aug 19 2022  13:35:11
* NMEA baud rate = 4800
** Ship: R/V Rachel Carson
** Cruise ID: RC0083
** Tech: McHugh/Nomura
** Chief Scientist: Cross
** Station: GB24
** Cast:  CTD053
# nquan = 21
# nvalues = 245                                   
# units = specified
# name 0 = latitude: Latitude [deg]
# name 1 = longitude: Longitude [deg]
# name 2 = sfdSM: Seafloor depth [salt water, m]
# name 3 = prDM: Pressure, Digiquartz [db]
# name 4 = depSM: Depth [salt water, m]
# name 5 = t090C: Temperature [ITS-90, deg C]
# name 6 = sal00: Salinity, Practical [PSU]
# name 7 = density00: Density [density, kg/m^3]
# name 8 = sigma-é00: Density [sigma-theta, kg/m^3]
# name 9 = potemp090C: Potential Temperature [ITS-90, deg C]
# name 10 = sbeox0PS: Oxygen, SBE 43 [% saturation]
# name 11 = CStarTr0: Beam Transmission, WET Labs C-Star [%]
# name 12 = flECO-AFL: Fluorescence, WET Labs ECO-AFL/FL [mg/m^3]
# name 13 = ph: pH
# name 14 = sbeox0ML/L: Oxygen, SBE 43 [ml/l]
# name 15 = sbeox0Mg/L: Oxygen, SBE 43 [mg/l]
# name 16 = sbox0Mm/Kg: Oxygen, SBE 43 [umol/kg]
# name 17 = sbeox0Mm/L: Oxygen, SBE 43 [umol/l]
# name 18 = scan: Scan Count
# name 19 = nbf: Bottles Fired
# name 20 = flag:  0.000e+00
# interval = seconds: 0.0416667
# start_time = Aug 19 2022 13:35:11 [NMEA time, header]
# bad_flag = -9.990e-29
*END*
[from data line 138]
   58.33178 -136.11082     29.841     25.291     25.054     7.9979    30.7300  1024.0387    23.9229     7.9955     61.003    89.6407     0.8200      7.949     4.1399     5.9163    180.568    184.888      11333          3  0.000e+00
   58.33178 -136.11082     29.767     25.291     25.054     7.9981    30.7279  1024.0371    23.9213     7.9957     61.004    89.6687     0.8200      7.949     4.1400     5.9165    180.572    184.892      11334          3  0.000e+00
   58.33178 -136.11082     29.719     25.291     25.054     7.9986    30.7261  1024.0356    23.9198     7.9962     61.005    89.6407     0.8200      7.949     4.1401     5.9166    180.577    184.896      11335          3  0.000e+00
   58.33178 -136.11082     29.694     25.291     25.054     7.9997    30.7249  1024.0346    23.9187     7.9973     61.000    89.6687     0.8493      7.949     4.1396     5.9160    180.558    184.877      11336          3  0.000e+00
   58.33178 -136.11082     29.775     25.347     25.110     8.0009    30.7235  1024.0335    23.9174     7.9985     60.995    89.6687     0.8200      7.949     4.1393     5.9154    180.541    184.859      11337          3  0.000e+00
   58.33178 -136.11082     29.718     25.291     25.054     8.0015    30.7219  1024.0319    23.9161     7.9992     60.990    89.6687     0.8200      7.949     4.1389     5.9149    180.525    184.843      11338          3  0.000e+00
   58.33178 -136.11082     29.718     25.291     25.054     8.0013    30.7218  1024.0318    23.9160     7.9990     60.986    89.6407     0.8200      7.949     4.1386     5.9145    180.513    184.831      11339          3  0.000e+00
   58.33178 -136.11082     29.694     25.267     25.030     8.0014    30.7217  1024.0316    23.9159     7.9990     60.926    89.6687     0.8200      7.949     4.1346     5.9087    180.337    184.650      11340          3  0.000e+00
   58.33178 -136.11082     29.774     25.347     25.110     8.0010    30.7211  1024.0316    23.9155     7.9987     60.916    89.6687     0.8200      7.949     4.1340     5.9078    180.310    184.623      11341          3  0.000e+00
   58.33202 -136.10996    108.793     10.256     10.161     8.3405    29.8044  1023.1959    23.1489     8.3395     65.674    88.4101     0.9958      8.000     4.4492     6.3583    194.204    198.699      14314          4  0.000e+00
   58.33202 -136.10996     79.309     10.345     10.249     8.3396    29.8068  1023.1984    23.1510     8.3386     65.734    88.4101     0.9958      7.996     4.4532     6.3640    194.379    198.879      14315          4  0.000e+00
   58.33202 -136.10996     50.669     10.499     10.401     8.3392    29.8072  1023.1995    23.1514     8.3382     65.744    88.4101     0.9958      8.000     4.4539     6.3651    194.412    198.913      14316          4  0.000e+00
   58.33202 -136.10996     44.540     10.499     10.401     8.3417    29.8028  1023.1956    23.1475     8.3407     65.753    88.4101     0.9958      8.000     4.4544     6.3658    194.432    198.933      14317          4  0.000e+00
   58.33202 -136.10996     45.731     10.345     10.249     8.3439    29.7984  1023.1912    23.1438     8.3429     65.759    88.4101     0.9958      7.996     4.4547     6.3662    194.446    198.947      14318          4  0.000e+00
   58.33202 -136.10996     46.935     10.378     10.281     8.3446    29.7980  1023.1909    23.1434     8.3436     65.766    88.4101     0.9958      7.996     4.4551     6.3668    194.465    198.965      14319          4  0.000e+00
   58.33202 -136.10996     47.211     10.434     10.337     8.3419    29.8026  1023.1952    23.1474     8.3410     65.773    88.4101     0.9958      7.996     4.4557     6.3677    194.490    198.992      14320          4  0.000e+00
   58.33202 -136.10996     47.130     10.402     10.305     8.3369    29.8090  1023.2007    23.1530     8.3359     65.778    88.4101     0.9958      7.996     4.4564     6.3686    194.519    199.023      14321          4  0.000e+00
   58.33202 -136.10996     47.113     10.434     10.337     8.3368    29.8095  1023.2013    23.1535     8.3358     65.783    88.4101     0.9958      7.996     4.4567     6.3691    194.533    199.037      14322          4  0.000e+00
   58.33202 -136.10996     47.033     10.378     10.281     8.3386    29.8070  1023.1988    23.1513     8.3376     65.840    88.4660     0.9958      7.996     4.4605     6.3745    194.699    199.206      14323          4  0.000e+00
   58.33202 -136.10996     46.984     10.402     10.305     8.3395    29.8038  1023.1963    23.1486     8.3385     65.850    88.4940     0.9958      7.996     4.4611     6.3754    194.727    199.234      14324          4  0.000e+00
   58.33202 -136.10996     46.569     10.378     10.281     8.3408    29.7998  1023.1929    23.1453     8.3398     65.857    88.4940     0.9958      7.996     4.4616     6.3761    194.749    199.256      14325          4  0.000e+00
   58.33202 -136.10996     46.454     10.434     10.337     8.3428    29.7951  1023.1892    23.1414     8.3418     65.864    88.4940     0.9958      7.996     4.4621     6.3767    194.768    199.275      14326          4  0.000e+00
   58.33202 -136.10996     46.422     10.402     10.305     8.3458    29.7905  1023.1850    23.1373     8.3448     65.924    88.4940     1.0251      7.996     4.4659     6.3823    194.939    199.449      14327          4  0.000e+00
   58.33202 -136.10996     46.422     10.378     10.281     8.3491    29.7878  1023.1823    23.1347     8.3481     65.880    88.4940     1.0544      7.996     4.4627     6.3776    194.796    199.303      14328          4  0.000e+00
   58.33202 -136.10996     46.422     10.378     10.281     8.3497    29.7885  1023.1827    23.1352     8.3487     65.883    88.4940     1.0837      7.996     4.4628     6.3778    194.802    199.309      14329          4  0.000e+00
   58.33202 -136.10996     46.446     10.402     10.305     8.3486    29.7902  1023.1843    23.1367     8.3476     65.940    88.4940     1.0837      7.996     4.4667     6.3834    194.974    199.485      14330          4  0.000e+00
   58.33202 -136.10996     46.478     10.434     10.337     8.3484    29.7902  1023.1845    23.1367     8.3474     65.955    88.4940     1.0837      7.996     4.4678     6.3849    195.018    199.531      14331          4  0.000e+00
   58.33202 -136.10996     46.422     10.378     10.281     8.3474    29.7924  1023.1861    23.1386     8.3464     65.961    88.4940     1.0837      7.996     4.4682     6.3855    195.038    199.550      14332          4  0.000e+00
   58.33202 -136.10996     46.446     10.402     10.305     8.3460    29.7983  1023.1910    23.1434     8.3450     65.966    88.4940     1.0837      7.996     4.4685     6.3860    195.051    199.565      14333          4  0.000e+00
   58.33202 -136.10996     46.366     10.321     10.225     8.3412    29.8044  1023.1961    23.1489     8.3402     65.969    88.4940     1.0544      7.996     4.4691     6.3868    195.073    199.589      14334          4  0.000e+00
   58.33202 -136.10996     46.542     10.499     10.401     8.3329    29.8117  1023.2039    23.1558     8.3319     66.029    88.4940     1.0837      7.996     4.4737     6.3934    195.275    199.797      14335          4  0.000e+00
   58.33202 -136.10996     46.446     10.402     10.305     8.3363    29.8064  1023.1988    23.1511     8.3353     66.035    88.4940     1.0837      7.996     4.4739     6.3937    195.285    199.806      14336          4  0.000e+00
   58.33202 -136.10996     46.422     10.378     10.281     8.3428    29.8003  1023.1930    23.1454     8.3418     66.039    88.4940     1.0837      7.996     4.4738     6.3934    195.278    199.798      14337          4  0.000e+00
   58.33202 -136.10996     46.422     10.378     10.281     8.3392    29.8055  1023.1975    23.1500     8.3382     66.043    88.4940     1.0837      7.996     4.4743     6.3942    195.299    199.820      14338          4  0.000e+00
   58.33202 -136.10996     46.502     10.458     10.361     8.3399    29.8021  1023.1952    23.1473     8.3389     66.101    88.4940     1.0837      7.996     4.4782     6.3998    195.471    199.995      14339          4  0.000e+00
   58.33202 -136.10996     46.398     10.378     10.281     8.3418    29.7986  1023.1918    23.1442     8.3408     66.107    88.4940     1.0837      7.996     4.4785     6.4002    195.485    200.009      14340          4  0.000e+00
   58.33202 -136.10996     46.422     10.378     10.281     8.3438    29.7992  1023.1920    23.1444     8.3428     66.119    88.4940     1.0837      7.996     4.4791     6.4010    195.510    200.035      14341          4  0.000e+00
   58.33202 -136.10996     46.478     10.434     10.337     8.3389    29.8094  1023.2009    23.1531     8.3379     66.130    88.4940     1.0837      7.996     4.4800     6.4024    195.551    200.078      14342          4  0.000e+00
   58.33202 -136.10996     46.446     10.402     10.305     8.3358    29.8134  1023.2043    23.1566     8.3348     66.139    88.4381     1.0837      7.996     4.4808     6.4035    195.584    200.114      14343          4  0.000e+00
   58.33202 -136.10996     46.422     10.378     10.281     8.3428    29.8012  1023.1937    23.1461     8.3419     66.199    88.3821     1.0837      7.996     4.4846     6.4089    195.750    200.281      14344          4  0.000e+00
   58.33202 -136.10996     47.846     10.434     10.337     8.3491    29.7899  1023.1841    23.1363     8.3481     66.211    88.3821     1.0837      7.996     4.4850     6.4096    195.772    200.301      14345          4  0.000e+00
   58.33202 -136.10996     85.421     10.402     10.305     8.3521    29.7846  1023.1795    23.1318     8.3511     66.220    88.3821     1.0837      7.996     4.4855     6.4102    195.793    200.322      14346          4  0.000e+00
   58.33202 -136.10996    108.278     10.378     10.281     8.3515    29.7890  1023.1828    23.1353     8.3505     66.227    88.3821     1.0837      7.996     4.4859     6.4109    195.812    200.342      14347          4  0.000e+00
   58.33202 -136.10996    110.337     10.434     10.337     8.3410    29.8029  1023.1955    23.1477     8.3401     66.235    88.3542     1.1130      7.996     4.4871     6.4125    195.861    200.394      14348          4  0.000e+00
   58.33202 -136.10996    109.841     10.402     10.305     8.3412    29.8003  1023.1933    23.1457     8.3402     66.293    88.3542     1.1423      7.996     4.4911     6.4183    196.036    200.574      14349          4  0.000e+00
   58.33202 -136.10996    108.969     10.434     10.337     8.3433    29.7942  1023.1883    23.1405     8.3423     66.301    88.3821     1.1423      7.996     4.4916     6.4190    196.060    200.597      14350          4  0.000e+00
   58.33202 -136.10994    108.791     10.378     10.281     8.3386    29.7981  1023.1919    23.1443     8.3376     66.370    88.3821     1.1423      7.996     4.4966     6.4261    196.277    200.820      14351          4  0.000e+00
   58.33202 -136.10994    108.944     10.458     10.361     8.3362    29.8026  1023.1961    23.1482     8.3352     66.381    88.3821     1.1423      7.996     4.4975     6.4274    196.316    200.860      14352          4  0.000e+00
   58.33202 -136.10994    108.913     10.378     10.281     8.3348    29.8058  1023.1984    23.1509     8.3339     66.389    88.3821     1.1423      7.996     4.4981     6.4282    196.339    200.885      14353          4  0.000e+00
   58.33202 -136.10994    108.969     10.434     10.337     8.3383    29.8036  1023.1964    23.1486     8.3373     66.394    88.3821     1.1423      7.996     4.4982     6.4283    196.343    200.888      14354          4  0.000e+00
   58.33202 -136.10994    108.937     10.402     10.305     8.3463    29.7949  1023.1884    23.1407     8.3453     66.403    88.3821     1.1423      7.996     4.4982     6.4284    196.346    200.889      14355          4  0.000e+00
   58.33202 -136.10994    108.969     10.434     10.337     8.3499    29.7907  1023.1847    23.1369     8.3489     66.465    88.3821     1.1423      7.996     4.5022     6.4341    196.520    201.067      14356          4  0.000e+00
   58.33202 -136.10994    106.088     10.434     10.337     8.3502    29.7890  1023.1834    23.1356     8.3492     66.477    88.3821     1.1423      7.996     4.5030     6.4352    196.556    201.104      14357          4  0.000e+00
   58.33202 -136.10994     58.949     10.402     10.305     8.3543    29.7826  1023.1776    23.1300     8.3533     66.486    88.3821     1.1423      7.996     4.5033     6.4357    196.573    201.119      14358          4  0.000e+00
   58.33202 -136.10994     32.413     10.434     10.337     8.3594    29.7755  1023.1715    23.1237     8.3584     66.492    88.3821     1.1130      7.996     4.5035     6.4359    196.579    201.125      14359          4  0.000e+00
   58.33202 -136.10994     29.165     10.434     10.337     8.3642    29.7711  1023.1673    23.1195     8.3632     66.503    88.3821     1.1423      7.996     4.5038     6.4364    196.596    201.141      14360          4  0.000e+00
   58.33202 -136.10994     31.191     10.458     10.361     8.3616    29.7733  1023.1695    23.1216     8.3606     66.560    88.3821     1.1423      7.996     4.5079     6.4423    196.774    201.324      14361          4  0.000e+00
   58.33202 -136.10994     32.217     10.434     10.337     8.3599    29.7747  1023.1707    23.1229     8.3589     66.573    88.3542     1.1423      7.996     4.5089     6.4437    196.819    201.370      14362          4  0.000e+00
   58.33216 -136.10966    101.592      2.987      2.960     8.6026    29.4198  1022.8240    22.8103     8.6023     69.962    88.0465     1.6405      8.019     4.7234     6.7502    206.243    210.947      15581          5  0.000e+00
   58.33216 -136.10966     79.565      3.012      2.984     8.6038    29.4178  1022.8224    22.8086     8.6036     70.012    88.0465     1.6112      8.019     4.7267     6.7549    206.388    211.095      15582          5  0.000e+00
   58.33216 -136.10966     42.618      2.987      2.960     8.6054    29.4152  1022.8200    22.8063     8.6052     70.013    88.0465     1.6112      8.019     4.7267     6.7550    206.389    211.096      15583          5  0.000e+00
   58.33216 -136.10966     31.939      2.931      2.904     8.6066    29.4136  1022.8183    22.8049     8.6063     70.015    88.0465     1.5819      8.019     4.7267     6.7550    206.390    211.096      15584          5  0.000e+00
   58.33216 -136.10966     32.761      2.947      2.920     8.6072    29.4127  1022.8176    22.8041     8.6070     70.017    88.0465     1.5819      8.019     4.7268     6.7551    206.394    211.101      15585          5  0.000e+00
   58.33216 -136.10966     34.315      2.987      2.960     8.6077    29.4122  1022.8173    22.8036     8.6074     69.964    88.0465     1.5819      8.019     4.7233     6.7500    206.238    210.941      15586          5  0.000e+00
   58.33216 -136.10966     34.690      2.947      2.920     8.6082    29.4117  1022.8167    22.8032     8.6079     70.014    88.0465     1.5526      8.019     4.7266     6.7548    206.383    211.089      15587          5  0.000e+00
   58.33216 -136.10966     34.625      2.931      2.904     8.6082    29.4113  1022.8163    22.8029     8.6079     70.016    88.0465     1.5526      8.019     4.7267     6.7550    206.390    211.096      15588          5  0.000e+00
   58.33216 -136.10966     34.632      3.012      2.984     8.6082    29.4114  1022.8167    22.8030     8.6079     70.019    88.0465     1.5819      8.019     4.7269     6.7553    206.399    211.105      15589          5  0.000e+00
   58.33216 -136.10966     34.552      2.931      2.904     8.6075    29.4113  1022.8164    22.8030     8.6072     70.021    88.0465     1.5819      8.019     4.7271     6.7555    206.407    211.114      15590          5  0.000e+00
