EcoFOCI/data/1_SampleCollection/2022_GOA-OA_CruiseData/CTD_raw_BottleFile_RC0083/RC0083_056.ros
* Sea-Bird SBE 9 Data File:
* FileName = C:\Data\RC0083ctd\RC0083_056.hex
* Software Version Seasave V 7.26.7.107
* Temperature SN = 2060
* Conductivity SN = 1084
* Number of Bytes Per Scan = 31
* Number of Voltage Words = 4
* Number of Scans Averaged by the Deck Unit = 1
* NMEA Latitude = 58 58.28 N
* NMEA Longitude = 136 54.88 W
* NMEA UTC (Time) = Aug 20 2022  04:11:54
* NMEA baud rate = 4800
** Ship: R/V Rachel Carson
** Cruise ID: RC0083
** Tech: McHugh/Nomura
** Chief Scientist: Cross
** Station: GB11
** Cast:  CTD056
# nquan = 21
# nvalues = 147                                   
# units = specified
# name 0 = latitude: Latitude [deg]
# name 1 = longitude: Longitude [deg]
# name 2 = sfdSM: Seafloor depth [salt water, m]
# name 3 = prDM: Pressure, Digiquartz [db]
# name 4 = depSM: Depth [salt water, m]
# name 5 = t090C: Temperature [ITS-90, deg C]
# name 6 = sal00: Salinity, Practical [PSU]
# name 7 = density00: Density [density, kg/m^3]
# name 8 = sigma-é00: Density [sigma-theta, kg/m^3]
# name 9 = potemp090C: Potential Temperature [ITS-90, deg C]
# name 10 = sbeox0PS: Oxygen, SBE 43 [% saturation]
# name 11 = CStarTr0: Beam Transmission, WET Labs C-Star [%]
# name 12 = flECO-AFL: Fluorescence, WET Labs ECO-AFL/FL [mg/m^3]
# name 13 = ph: pH
# name 14 = sbeox0ML/L: Oxygen, SBE 43 [ml/l]
# name 15 = sbeox0Mg/L: Oxygen, SBE 43 [mg/l]
# name 16 = sbox0Mm/Kg: Oxygen, SBE 43 [umol/kg]
# name 17 = sbeox0Mm/L: Oxygen, SBE 43 [umol/l]
# name 18 = scan: Scan Count
# name 19 = nbf: Bottles Fired
# name 20 = flag:  0.000e+00
# interval = seconds: 0.0416667
# start_time = Aug 20 2022 04:11:54 [NMEA time, header]
# bad_flag = -9.990e-29
*END*
   58.97018 -136.91280    101.313      2.706      2.680     6.3285    21.5641  1016.9371    16.9244     6.3283     96.765    53.1133     0.3218      8.229     7.2508    10.3621    318.430    323.819      21880          1  0.000e+00
   58.97018 -136.91280    101.001      2.391      2.368     6.3255    21.5818  1016.9498    16.9386     6.3254     96.732    53.0853     0.3218      8.229     7.2480    10.3581    318.302    323.694      21881          1  0.000e+00
   58.97018 -136.91280    101.433      2.827      2.800     6.3100    21.6055  1016.9720    16.9587     6.3098     96.764    53.0853     0.3218      8.229     7.2519    10.3637    318.470    323.871      21882          1  0.000e+00
   58.97018 -136.91280    101.113      2.504      2.480     6.2915    21.6176  1016.9818    16.9701     6.2913     96.687    53.0853     0.3218      8.229     7.2488    10.3593    318.331    323.733      21883          1  0.000e+00
   58.97018 -136.91280    101.257      2.649      2.624     6.2782    21.6110  1016.9786    16.9662     6.2780     96.660    53.0853     0.3218      8.229     7.2494    10.3602    318.358    323.760      21884          1  0.000e+00
   58.97018 -136.91280    101.233      2.625      2.600     6.2747    21.5907  1016.9629    16.9506     6.2745     96.689    53.0853     0.3218      8.229     7.2532    10.3655    318.527    323.926      21885          1  0.000e+00
   58.97018 -136.91280    101.193      2.585      2.560     6.2724    21.5583  1016.9374    16.9253     6.2722     96.610    53.0853     0.3218      8.229     7.2492    10.3598    318.360    323.748      21886          1  0.000e+00
   58.97018 -136.91280    101.233      2.625      2.601     6.2715    21.5236  1016.9104    16.8981     6.2714     96.577    53.0853     0.3218      8.229     7.2485    10.3589    318.339    323.719      21887          1  0.000e+00
   58.97018 -136.91280    101.257      2.649      2.625     6.2759    21.4887  1016.8826    16.8702     6.2757     96.548    53.1133     0.3218      8.229     7.2472    10.3570    318.291    323.661      21888          1  0.000e+00
   58.97018 -136.91280    101.177      2.569      2.545     6.2767    21.4593  1016.8590    16.8470     6.2766     96.515    53.0853     0.3218      8.229     7.2460    10.3553    318.247    323.608      21889          1  0.000e+00
   58.97018 -136.91280    101.193      2.585      2.561     6.2745    21.4369  1016.8417    16.8296     6.2743     96.482    53.0853     0.3218      8.229     7.2450    10.3539    318.208    323.563      21890          1  0.000e+00
   58.97018 -136.91280    101.233      2.625      2.601     6.2664    21.4360  1016.8420    16.8297     6.2663     96.456    53.0853     0.3218      8.229     7.2445    10.3532    318.186    323.541      21891          1  0.000e+00
   58.97018 -136.91280    101.257      2.649      2.625     6.2660    21.4484  1016.8519    16.8395     6.2658     96.426    53.0853     0.3218      8.229     7.2418    10.3492    318.061    323.417      21892          1  0.000e+00
   58.97018 -136.91280    101.177      2.569      2.545     6.2658    21.4613  1016.8617    16.8496     6.2656     96.345    53.1133     0.3218      8.229     7.2350    10.3396    317.763    323.117      21893          1  0.000e+00
   58.97018 -136.91280    101.257      2.649      2.625     6.2668    21.4663  1016.8659    16.8535     6.2666     96.311    53.0853     0.3218      8.229     7.2321    10.3354    317.634    322.987      21894          1  0.000e+00
   58.97018 -136.91280    101.177      2.569      2.545     6.2757    21.4507  1016.8524    16.8404     6.2755     96.272    53.0293     0.3218      8.229     7.2284    10.3301    317.474    322.821      21895          1  0.000e+00
   58.97018 -136.91280    101.073      2.464      2.441     6.2751    21.4329  1016.8379    16.8263     6.2749     96.234    53.0014     0.3218      8.229     7.2265    10.3274    317.395    322.735      21896          1  0.000e+00
   58.97018 -136.91280    101.353      2.746      2.721     6.2733    21.4208  1016.8300    16.8171     6.2732     96.144    53.0014     0.3218      8.229     7.2206    10.3189    317.137    322.470      21897          1  0.000e+00
   58.97018 -136.91280    101.233      2.625      2.601     6.2802    21.4126  1016.8222    16.8099     6.2801     96.101    53.0014     0.3218      8.229     7.2165    10.3132    316.963    322.291      21898          1  0.000e+00
   58.97018 -136.91280    101.137      2.528      2.505     6.2851    21.4073  1016.8172    16.8053     6.2849     96.058    53.0014     0.3218      8.229     7.2127    10.3077    316.797    322.120      21899          1  0.000e+00
   58.97018 -136.91280    101.233      2.625      2.601     6.2809    21.3913  1016.8054    16.7931     6.2807     96.018    53.0014     0.3218      8.229     7.2113    10.3056    316.736    322.055      21900          1  0.000e+00
   58.97018 -136.91280    101.193      2.585      2.561     6.2725    21.3695  1016.7889    16.7768     6.2724     95.985    53.0014     0.3218      8.229     7.2112    10.3056    316.740    322.054      21901          1  0.000e+00
   58.97018 -136.91280    101.177      2.569      2.545     6.2656    21.3528  1016.7763    16.7643     6.2655     95.951    53.0014     0.3218      8.224     7.2107    10.3048    316.720    322.030      21902          1  0.000e+00
   58.97018 -136.91280    101.257      2.649      2.625     6.2706    21.3345  1016.7618    16.7494     6.2704     95.867    53.0014     0.3218      8.229     7.2044    10.2958    316.448    321.748      21903          1  0.000e+00
   58.97018 -136.91280    101.177      2.569      2.545     6.2722    21.3173  1016.7478    16.7358     6.2720     95.830    53.0014     0.3218      8.229     7.2022    10.2926    316.354    321.648      21904          1  0.000e+00
   58.97018 -136.91280    101.193      2.585      2.561     6.2484    21.3201  1016.7524    16.7402     6.2482     95.864    53.0014     0.3218      8.229     7.2087    10.3019    316.639    321.940      21905          1  0.000e+00
   58.97018 -136.91280    101.177      2.569      2.545     6.2279    21.3389  1016.7690    16.7570     6.2277     95.793    53.0014     0.3218      8.229     7.2060    10.2981    316.515    321.819      21906          1  0.000e+00
   58.97018 -136.91280    101.193      2.585      2.561     6.2365    21.3370  1016.7668    16.7546     6.2363     95.763    53.0014     0.3218      8.229     7.2024    10.2929    316.357    321.658      21907          1  0.000e+00
   58.97018 -136.91280    101.233      2.625      2.601     6.2508    21.3127  1016.7465    16.7342     6.2507     95.733    53.0014     0.3218      8.229     7.1988    10.2878    316.207    321.498      21908          1  0.000e+00
   58.97018 -136.91280    101.193      2.585      2.561     6.2581    21.2891  1016.7271    16.7149     6.2579     95.649    53.0014     0.3218      8.229     7.1923    10.2785    315.927    321.207      21909          1  0.000e+00
   58.97018 -136.91280    101.177      2.569      2.545     6.2638    21.2775  1016.7173    16.7052     6.2637     95.613    53.0014     0.3218      8.224     7.1892    10.2741    315.794    321.069      21910          1  0.000e+00
   58.97018 -136.91280    101.193      2.585      2.561     6.2693    21.2758  1016.7155    16.7034     6.2691     95.579    53.0014     0.3218      8.229     7.1858    10.2692    315.644    320.916      21911          1  0.000e+00
   58.97018 -136.91280    101.177      2.569      2.545     6.2710    21.2762  1016.7156    16.7035     6.2709     95.554    53.0014     0.3218      8.224     7.1836    10.2660    315.547    320.817      21912          1  0.000e+00
   58.97018 -136.91280    101.193      2.585      2.561     6.2634    21.2883  1016.7259    16.7138     6.2633     95.532    53.0014     0.3218      8.229     7.1827    10.2647    315.504    320.778      21913          1  0.000e+00
   58.97018 -136.91280    101.177      2.569      2.545     6.2453    21.3181  1016.7510    16.7390     6.2451     95.513    53.0014     0.3218      8.225     7.1829    10.2652    315.509    320.790      21914          1  0.000e+00
   58.97018 -136.91280    101.193      2.585      2.561     6.2314    21.3492  1016.7769    16.7647     6.2312     95.447    53.1133     0.3218      8.225     7.1789    10.2593    315.322    320.609      21915          1  0.000e+00
   58.97018 -136.91280    101.233      2.625      2.601     6.2218    21.3754  1016.7986    16.7863     6.2216     95.430    53.1972     0.3218      8.229     7.1780    10.2581    315.277    320.569      21916          1  0.000e+00
   58.97018 -136.91280    101.193      2.585      2.561     6.2377    21.3920  1016.8100    16.7978     6.2376     95.407    53.2251     0.3218      8.225     7.1728    10.2506    315.044    320.336      21917          1  0.000e+00
   58.97018 -136.91280    101.177      2.569      2.545     6.2669    21.4015  1016.8146    16.8025     6.2668     95.384    53.1972     0.3218      8.229     7.1655    10.2403    314.725    320.013      21918          1  0.000e+00
   58.97018 -136.91280    101.193      2.585      2.561     6.2807    21.4195  1016.8274    16.8153     6.2805     95.366    53.1972     0.3218      8.224     7.1610    10.2338    314.521    319.810      21919          1  0.000e+00
   58.97018 -136.91280    101.177      2.569      2.545     6.2772    21.4412  1016.8448    16.8327     6.2770     95.353    53.1972     0.3218      8.224     7.1596    10.2318    314.454    319.747      21920          1  0.000e+00
   58.97018 -136.91280    101.193      2.585      2.561     6.2728    21.4499  1016.8521    16.8399     6.2726     95.342    53.1972     0.3218      8.224     7.1591    10.2311    314.431    319.726      21921          1  0.000e+00
   58.97018 -136.91280    101.233      2.625      2.601     6.2664    21.4490  1016.8522    16.8399     6.2663     95.334    53.1972     0.3218      8.224     7.1596    10.2318    314.453    319.748      21922          1  0.000e+00
   58.97018 -136.91280    101.193      2.585      2.561     6.2698    21.4459  1016.8493    16.8372     6.2696     95.324    53.1972     0.3218      8.224     7.1584    10.2301    314.401    319.695      21923          1  0.000e+00
   58.97018 -136.91280    101.177      2.569      2.545     6.2691    21.4521  1016.8541    16.8420     6.2689     95.317    53.1972     0.3218      8.224     7.1577    10.2291    314.369    319.663      21924          1  0.000e+00
   58.97018 -136.91280    101.193      2.585      2.561     6.2680    21.4601  1016.8606    16.8485     6.2679     95.311    53.1972     0.3218      8.224     7.1571    10.2282    314.341    319.637      21925          1  0.000e+00
   58.97018 -136.91280    101.233      2.625      2.601     6.2693    21.4619  1016.8621    16.8498     6.2691     95.315    53.1972     0.3218      8.224     7.1571    10.2282    314.340    319.636      21926          1  0.000e+00
   58.97018 -136.91280    101.193      2.585      2.561     6.2718    21.4570  1016.8578    16.8456     6.2716     95.264    53.1972     0.3218      8.224     7.1531    10.2225    314.164    319.457      21927          1  0.000e+00
   58.97018 -136.91280    101.177      2.569      2.545     6.2717    21.4613  1016.8611    16.8491     6.2715     95.264    53.1972     0.3218      8.224     7.1529    10.2222    314.155    319.449      21928          1  0.000e+00
   58.97016 -136.91278    101.235      2.627      2.602     5.8207    18.5123  1014.5809    14.5685     5.8206     96.698    52.9734     0.2046      8.265     7.4848    10.6966    329.472    334.272      22095          2  0.000e+00
   58.97016 -136.91278    101.259      2.651      2.626     5.8192    18.5157  1014.5838    14.5713     5.8190     96.813    53.0853     0.2046      8.265     7.4938    10.7094    329.868    334.674      22096          2  0.000e+00
   58.97016 -136.91278    101.179      2.570      2.546     5.8269    18.5381  1014.6004    14.5883     5.8268     96.771    53.8964     0.2046      8.265     7.4880    10.7011    329.607    334.416      22097          2  0.000e+00
   58.97016 -136.91278    101.259      2.651      2.626     5.8338    18.5716  1014.6266    14.6141     5.8337     96.722    54.2879     0.2046      8.265     7.4814    10.6916    329.306    334.118      22098          2  0.000e+00
   58.97016 -136.91278    101.235      2.627      2.602     5.8369    18.5969  1014.6462    14.6338     5.8368     96.834    54.3159     0.2046      8.265     7.4881    10.7013    329.597    334.421      22099          2  0.000e+00
   58.97016 -136.91278    101.195      2.586      2.562     5.8373    18.5841  1014.6359    14.6236     5.8371     96.792    54.2879     0.2046      8.265     7.4855    10.6975    329.484    334.302      22100          2  0.000e+00
   58.97016 -136.91278    101.235      2.627      2.602     5.8266    18.5433  1014.6048    14.5924     5.8265     96.858    54.2879     0.2046      8.265     7.4945    10.7104    329.892    334.706      22101          2  0.000e+00
   58.97016 -136.91278    101.259      2.651      2.626     5.8182    18.5024  1014.5734    14.5608     5.8180     96.873    54.2879     0.2046      8.265     7.4993    10.7173    330.114    334.920      22102          2  0.000e+00
   58.97016 -136.91278    101.235      2.627      2.602     5.7976    18.4503  1014.5340    14.5216     5.7974     96.947    54.2879     0.2046      8.270     7.5114    10.7345    330.656    335.458      22103          2  0.000e+00
   58.97016 -136.91278    101.195      2.586      2.562     5.7768    18.3987  1014.4949    14.4826     5.7767     96.914    54.2879     0.2046      8.270     7.5152    10.7400    330.839    335.631      22104          2  0.000e+00
   58.97016 -136.91278    101.235      2.627      2.602     5.7684    18.3610  1014.4660    14.4536     5.7683     96.983    54.2879     0.2046      8.270     7.5240    10.7525    331.234    336.022      22105          2  0.000e+00
   58.97016 -136.91278    101.195      2.586      2.562     5.7738    18.3447  1014.4526    14.4404     5.7736     96.998    54.2879     0.2046      8.270     7.5250    10.7539    331.281    336.064      22106          2  0.000e+00
   58.97016 -136.91278    101.235      2.627      2.602     5.7783    18.3477  1014.4548    14.4423     5.7781     97.012    54.2879     0.2046      8.270     7.5251    10.7541    331.287    336.071      22107          2  0.000e+00
   58.97016 -136.91278    101.259      2.651      2.626     5.7790    18.3346  1014.4445    14.4319     5.7789     97.026    54.2879     0.2046      8.270     7.5267    10.7564    331.360    336.142      22108          2  0.000e+00
   58.97016 -136.91278    101.179      2.570      2.546     5.7707    18.2944  1014.4131    14.4009     5.7706     97.048    54.2879     0.2046      8.270     7.5319    10.7639    331.601    336.376      22109          2  0.000e+00
   58.97016 -136.91278    101.259      2.651      2.626     5.7577    18.2524  1014.3815    14.3689     5.7575     97.120    54.2879     0.2046      8.270     7.5420    10.7783    332.056    336.827      22110          2  0.000e+00
   58.97016 -136.91278    101.179      2.570      2.546     5.7514    18.2199  1014.3560    14.3438     5.7513     97.139    54.2879     0.2339      8.275     7.5462    10.7843    332.249    337.015      22111          2  0.000e+00
   58.97016 -136.91278    101.259      2.651      2.626     5.7515    18.1871  1014.3306    14.3180     5.7514     97.212    54.2879     0.2339      8.270     7.5536    10.7948    332.580    337.342      22112          2  0.000e+00
   58.97016 -136.91278    101.235      2.627      2.602     5.7639    18.1313  1014.2855    14.2730     5.7638     97.238    54.2879     0.2339      8.275     7.5561    10.7984    332.708    337.456      22113          2  0.000e+00
