EcoFOCI/data/1_SampleCollection/2022_GOA-OA_CruiseData/CTD_raw_BottleFile_RC0083/RC0083_079.ros
* Sea-Bird SBE 9 Data File:
* FileName = C:\Data\RC0083ctd\RC0083_079.hex
* Software Version Seasave V 7.26.7.107
* Temperature SN = 2060
* Conductivity SN = 2881
* Number of Bytes Per Scan = 31
* Number of Voltage Words = 4
* Number of Scans Averaged by the Deck Unit = 1
* NMEA Latitude = 58 18.48 N
* NMEA Longitude = 134 43.12 W
* NMEA UTC (Time) = Aug 21 2022  23:54:28
* NMEA baud rate = 4800
** Ship: R/V Rachel Carson
** Cruise ID: RC0083
** Tech: McHugh/Nomura
** Chief Scientist: Cross
** Station: SPD
** Cast:  CTD079
# nquan = 21
# nvalues = 196                                   
# units = specified
# name 0 = latitude: Latitude [deg]
# name 1 = longitude: Longitude [deg]
# name 2 = sfdSM: Seafloor depth [salt water, m]
# name 3 = prDM: Pressure, Digiquartz [db]
# name 4 = depSM: Depth [salt water, m]
# name 5 = t090C: Temperature [ITS-90, deg C]
# name 6 = sal00: Salinity, Practical [PSU]
# name 7 = density00: Density [density, kg/m^3]
# name 8 = sigma-é00: Density [sigma-theta, kg/m^3]
# name 9 = potemp090C: Potential Temperature [ITS-90, deg C]
# name 10 = sbeox0PS: Oxygen, SBE 43 [% saturation]
# name 11 = CStarTr0: Beam Transmission, WET Labs C-Star [%]
# name 12 = flECO-AFL: Fluorescence, WET Labs ECO-AFL/FL [mg/m^3]
# name 13 = ph: pH
# name 14 = sbeox0ML/L: Oxygen, SBE 43 [ml/l]
# name 15 = sbeox0Mg/L: Oxygen, SBE 43 [mg/l]
# name 16 = sbox0Mm/Kg: Oxygen, SBE 43 [umol/kg]
# name 17 = sbeox0Mm/L: Oxygen, SBE 43 [umol/l]
# name 18 = scan: Scan Count
# name 19 = nbf: Bottles Fired
# name 20 = flag:  0.000e+00
# interval = seconds: 0.0416667
# start_time = Aug 21 2022 23:54:28 [NMEA time, header]
# bad_flag = -9.990e-29
*END*
   58.30780 -134.71846    102.378     92.390     91.511     5.5537    32.0243  1025.6830    25.2554     5.5466     41.755    76.7470    -0.0005      7.707     2.9734     4.2493    129.522    132.793       4061          1  0.000e+00
   58.30780 -134.71846    102.474     92.487     91.607     5.5537    32.0244  1025.6835    25.2555     5.5466     41.818    76.7750    -0.0005      7.707     2.9779     4.2557    129.717    132.993       4062          1  0.000e+00
   58.30780 -134.71846    102.442     92.455     91.575     5.5537    32.0241  1025.6832    25.2553     5.5466     41.822    76.7750    -0.0005      7.707     2.9782     4.2562    129.731    133.007       4063          1  0.000e+00
   58.30780 -134.71846    102.378     92.390     91.511     5.5537    32.0243  1025.6830    25.2555     5.5466     41.820    76.7750    -0.0005      7.707     2.9780     4.2559    129.722    132.998       4064          1  0.000e+00
   58.30780 -134.71846    102.474     92.487     91.607     5.5540    32.0239  1025.6831    25.2551     5.5468     41.767    76.7750    -0.0005      7.707     2.9742     4.2505    129.557    132.829       4065          1  0.000e+00
   58.30780 -134.71846    102.442     92.455     91.575     5.5541    32.0239  1025.6829    25.2551     5.5470     41.815    76.7750    -0.0005      7.707     2.9776     4.2553    129.705    132.981       4066          1  0.000e+00
   58.30780 -134.71846    102.410     92.423     91.543     5.5544    32.0233  1025.6823    25.2546     5.5473     41.819    76.7470    -0.0005      7.707     2.9779     4.2557    129.718    132.994       4067          1  0.000e+00
   58.30780 -134.71846    102.442     92.455     91.575     5.5541    32.0233  1025.6825    25.2546     5.5470     41.823    76.7470    -0.0005      7.707     2.9783     4.2562    129.733    133.009       4068          1  0.000e+00
   58.30780 -134.71846    102.442     92.455     91.575     5.5543    32.0236  1025.6827    25.2548     5.5471     41.835    76.7750    -0.0005      7.707     2.9791     4.2574    129.768    133.045       4069          1  0.000e+00
   58.30780 -134.71846    102.474     92.487     91.608     5.5541    32.0239  1025.6831    25.2551     5.5470     41.847    76.7470    -0.0005      7.707     2.9799     4.2586    129.805    133.083       4070          1  0.000e+00
   58.30778 -134.71846    102.442     92.455     91.576     5.5544    32.0233  1025.6824    25.2545     5.5473     41.851    76.7750    -0.0005      7.707     2.9802     4.2591    129.819    133.098       4071          1  0.000e+00
   58.30778 -134.71846    102.410     92.423     91.543     5.5541    32.0236  1025.6826    25.2549     5.5470     41.856    76.8310    -0.0005      7.707     2.9806     4.2596    129.835    133.114       4072          1  0.000e+00
   58.30778 -134.71846    102.442     92.455     91.576     5.5540    32.0238  1025.6829    25.2550     5.5468     41.854    77.1106    -0.0005      7.707     2.9805     4.2594    129.828    133.107       4073          1  0.000e+00
   58.30778 -134.71846    102.378     92.390     91.511     5.5540    32.0236  1025.6824    25.2548     5.5469     41.851    77.2505    -0.0005      7.707     2.9803     4.2591    129.819    133.098       4074          1  0.000e+00
   58.30778 -134.71846    102.474     92.488     91.608     5.5539    32.0239  1025.6831    25.2551     5.5468     41.856    77.2505    -0.0005      7.707     2.9806     4.2596    129.834    133.113       4075          1  0.000e+00
   58.30778 -134.71846    102.442     92.455     91.576     5.5536    32.0239  1025.6830    25.2551     5.5465     41.911    77.2505    -0.0005      7.707     2.9845     4.2652    130.005    133.288       4076          1  0.000e+00
   58.30778 -134.71846    102.378     92.390     91.511     5.5540    32.0237  1025.6825    25.2549     5.5469     41.856    77.2225    -0.0005      7.707     2.9806     4.2596    129.835    133.114       4077          1  0.000e+00
   58.30778 -134.71846    102.475     92.488     91.608     5.5541    32.0234  1025.6827    25.2547     5.5470     41.860    77.2505    -0.0005      7.707     2.9809     4.2600    129.847    133.126       4078          1  0.000e+00
   58.30778 -134.71846    102.442     92.455     91.576     5.5540    32.0235  1025.6826    25.2548     5.5468     41.806    77.2505    -0.0005      7.707     2.9770     4.2544    129.678    132.953       4079          1  0.000e+00
   58.30778 -134.71846    102.410     92.423     91.544     5.5537    32.0235  1025.6825    25.2548     5.5466     41.795    77.2225    -0.0005      7.707     2.9763     4.2534    129.646    132.920       4080          1  0.000e+00
   58.30778 -134.71846    102.442     92.455     91.576     5.5537    32.0239  1025.6830    25.2551     5.5466     41.792    77.2225    -0.0005      7.707     2.9761     4.2531    129.636    132.910       4081          1  0.000e+00
   58.30778 -134.71846    102.378     92.391     91.512     5.5536    32.0239  1025.6827    25.2552     5.5465     41.731    77.2505    -0.0005      7.707     2.9717     4.2469    129.448    132.717       4082          1  0.000e+00
   58.30778 -134.71846    102.475     92.488     91.608     5.5537    32.0234  1025.6828    25.2547     5.5466     41.780    77.2505    -0.0005      7.707     2.9752     4.2519    129.600    132.873       4083          1  0.000e+00
   58.30778 -134.71846    102.378     92.391     91.512     5.5536    32.0241  1025.6829    25.2553     5.5465     41.778    77.2225    -0.0005      7.707     2.9750     4.2516    129.592    132.865       4084          1  0.000e+00
   58.30778 -134.71846    102.410     92.423     91.544     5.5539    32.0239  1025.6828    25.2551     5.5468     41.834    77.2505    -0.0005      7.707     2.9790     4.2573    129.766    133.043       4085          1  0.000e+00
   58.30778 -134.71846    102.443     92.455     91.576     5.5537    32.0238  1025.6829    25.2550     5.5466     41.839    77.2505    -0.0005      7.707     2.9794     4.2579    129.783    133.060       4086          1  0.000e+00
   58.30778 -134.71846    102.443     92.455     91.576     5.5537    32.0239  1025.6830    25.2551     5.5466     41.844    77.2505    -0.0005      7.707     2.9798     4.2584    129.799    133.077       4087          1  0.000e+00
   58.30778 -134.71846    102.411     92.423     91.544     5.5541    32.0238  1025.6827    25.2550     5.5470     41.849    77.2505    -0.0005      7.707     2.9801     4.2589    129.813    133.092       4088          1  0.000e+00
   58.30778 -134.71846    102.378     92.391     91.512     5.5540    32.0239  1025.6826    25.2551     5.5469     41.854    77.2225    -0.0005      7.707     2.9805     4.2594    129.829    133.108       4089          1  0.000e+00
   58.30778 -134.71846    102.443     92.455     91.576     5.5541    32.0237  1025.6828    25.2549     5.5470     41.860    77.2505    -0.0005      7.707     2.9809     4.2599    129.846    133.125       4090          1  0.000e+00
   58.30778 -134.71846    102.411     92.423     91.544     5.5541    32.0234  1025.6824    25.2547     5.5470     41.865    77.2225    -0.0005      7.707     2.9812     4.2605    129.862    133.141       4091          1  0.000e+00
   58.30778 -134.71846    102.379     92.391     91.512     5.5543    32.0236  1025.6824    25.2548     5.5471     41.812    77.2225    -0.0005      7.707     2.9774     4.2551    129.697    132.973       4092          1  0.000e+00
   58.30778 -134.71846    102.354     92.366     91.488     5.5544    32.0232  1025.6819    25.2545     5.5473     41.803    76.9428    -0.0005      7.707     2.9768     4.2542    129.670    132.945       4093          1  0.000e+00
   58.30778 -134.71846    102.499     92.512     91.632     5.5543    32.0234  1025.6828    25.2547     5.5471     41.803    76.7470    -0.0005      7.707     2.9768     4.2541    129.668    132.943       4094          1  0.000e+00
   58.30778 -134.71846    102.379     92.391     91.512     5.5541    32.0234  1025.6823    25.2547     5.5470     41.801    76.7470    -0.0005      7.707     2.9767     4.2540    129.663    132.938       4095          1  0.000e+00
   58.30778 -134.71846    102.411     92.423     91.544     5.5542    32.0237  1025.6826    25.2549     5.5471     41.800    76.7470    -0.0005      7.707     2.9766     4.2539    129.661    132.935       4096          1  0.000e+00
   58.30778 -134.71846    102.443     92.455     91.576     5.5544    32.0233  1025.6824    25.2545     5.5473     41.793    76.7470    -0.0005      7.707     2.9761     4.2531    129.637    132.911       4097          1  0.000e+00
   58.30778 -134.71846    102.411     92.423     91.544     5.5541    32.0234  1025.6824    25.2547     5.5470     41.785    76.7750     0.0288      7.707     2.9755     4.2523    129.613    132.886       4098          1  0.000e+00
   58.30778 -134.71846    102.379     92.391     91.512     5.5543    32.0234  1025.6823    25.2547     5.5471     41.834    76.7750     0.0288      7.707     2.9790     4.2574    129.767    133.044       4099          1  0.000e+00
   58.30778 -134.71846    102.379     92.391     91.512     5.5541    32.0239  1025.6827    25.2551     5.5470     41.776    76.7470     0.0288      7.707     2.9749     4.2514    129.584    132.857       4100          1  0.000e+00
   58.30778 -134.71846    102.411     92.423     91.544     5.5541    32.0238  1025.6828    25.2550     5.5470     41.825    76.7470     0.0288      7.707     2.9784     4.2564    129.739    133.016       4101          1  0.000e+00
   58.30778 -134.71846    102.467     92.455     91.576     5.5543    32.0233  1025.6824    25.2546     5.5471     41.831    76.7470     0.0288      7.707     2.9788     4.2570    129.757    133.034       4102          1  0.000e+00
   58.30778 -134.71846    102.291     92.277     91.400     5.5543    32.0235  1025.6818    25.2547     5.5472     41.829    76.7750     0.0288      7.707     2.9787     4.2568    129.750    133.027       4103          1  0.000e+00
   58.30778 -134.71846    102.499     92.488     91.608     5.5544    32.0234  1025.6827    25.2546     5.5473     41.836    76.7470     0.0288      7.707     2.9791     4.2575    129.770    133.047       4104          1  0.000e+00
   58.30778 -134.71846    102.467     92.455     91.576     5.5545    32.0233  1025.6825    25.2546     5.5474     41.783    76.7750     0.0288      7.707     2.9754     4.2521    129.607    132.880       4105          1  0.000e+00
   58.30778 -134.71846    102.435     92.423     91.544     5.5545    32.0234  1025.6823    25.2546     5.5474     41.782    76.7750     0.0288      7.707     2.9753     4.2520    129.603    132.876       4106          1  0.000e+00
   58.30778 -134.71846    102.403     92.391     91.512     5.5545    32.0235  1025.6823    25.2547     5.5474     41.773    76.7750     0.0288      7.707     2.9747     4.2511    129.577    132.849       4107          1  0.000e+00
   58.30778 -134.71846    102.403     92.391     91.512     5.5548    32.0232  1025.6820    25.2544     5.5477     41.765    76.7470     0.0288      7.707     2.9741     4.2503    129.551    132.823       4108          1  0.000e+00
   58.30778 -134.71846    102.379     92.366     91.488     5.5544    32.0235  1025.6822    25.2547     5.5473     41.757    76.7750     0.0288      7.707     2.9735     4.2495    129.527    132.798       4109          1  0.000e+00
   58.30762 -134.71842    149.594     51.446     50.961     6.1907    31.4680  1024.9778    24.7402     6.1866     53.171    94.1438     0.0581      7.825     3.7438     5.3503    163.162    167.198       6790          2  0.000e+00
   58.30762 -134.71842    149.362     51.211     50.729     6.1896    31.4690  1024.9776    24.7411     6.1855     53.120    94.1438     0.0288      7.825     3.7403     5.3452    163.008    167.041       6791          2  0.000e+00
   58.30762 -134.71842    149.538     51.389     50.905     6.1889    31.4689  1024.9785    24.7412     6.1847     53.122    94.1438     0.0288      7.825     3.7405     5.3455    163.017    167.050       6792          2  0.000e+00
   58.30762 -134.71842    149.418     51.268     50.785     6.1880    31.4694  1024.9785    24.7417     6.1839     53.122    94.1438     0.0288      7.825     3.7406     5.3456    163.020    167.054       6793          2  0.000e+00
   58.30762 -134.71842    149.538     51.389     50.905     6.1881    31.4690  1024.9787    24.7414     6.1839     53.124    94.1438     0.0288      7.825     3.7407     5.3458    163.026    167.059       6794          2  0.000e+00
   58.30762 -134.71842    149.474     51.325     50.841     6.1879    31.4691  1024.9785    24.7415     6.1837     53.125    94.1438     0.0288      7.825     3.7407     5.3459    163.028    167.061       6795          2  0.000e+00
   58.30762 -134.71842    149.482     51.333     50.849     6.1880    31.4690  1024.9784    24.7413     6.1839     53.182    94.1438     0.0288      7.825     3.7448     5.3517    163.205    167.243       6796          2  0.000e+00
   58.30762 -134.71842    149.474     51.325     50.841     6.1879    31.4689  1024.9783    24.7413     6.1837     53.190    94.1438     0.0288      7.825     3.7453     5.3524    163.228    167.266       6797          2  0.000e+00
   58.30762 -134.71842    149.482     51.333     50.849     6.1884    31.4682  1024.9778    24.7407     6.1843     53.196    94.1438     0.0288      7.825     3.7458     5.3531    163.247    167.286       6798          2  0.000e+00
   58.30762 -134.71842    149.418     51.268     50.785     6.1889    31.4679  1024.9771    24.7404     6.1847     53.203    94.1438     0.0288      7.825     3.7462     5.3537    163.265    167.304       6799          2  0.000e+00
   58.30762 -134.71842    149.538     51.389     50.905     6.1889    31.4678  1024.9776    24.7403     6.1848     53.217    94.1438     0.0288      7.825     3.7472     5.3551    163.308    167.348       6800          2  0.000e+00
   58.30762 -134.71842    149.482     51.333     50.849     6.1889    31.4681  1024.9776    24.7406     6.1847     53.165    94.1158     0.0288      7.825     3.7436     5.3499    163.151    167.187       6801          2  0.000e+00
   58.30762 -134.71842    149.474     51.325     50.841     6.1889    31.4681  1024.9776    24.7405     6.1848     53.165    93.7802     0.0288      7.825     3.7435     5.3499    163.149    167.186       6802          2  0.000e+00
   58.30762 -134.71842    149.482     51.333     50.849     6.1893    31.4678  1024.9773    24.7402     6.1852     53.158    93.6403     0.0288      7.825     3.7430     5.3491    163.126    167.162       6803          2  0.000e+00
   58.30762 -134.71842    149.474     51.325     50.841     6.1896    31.4678  1024.9772    24.7402     6.1854     53.150    93.6123     0.0288      7.825     3.7424     5.3483    163.102    167.137       6804          2  0.000e+00
   58.30762 -134.71842    149.482     51.333     50.849     6.1892    31.4680  1024.9775    24.7404     6.1850     53.143    93.6123     0.0288      7.825     3.7419     5.3476    163.080    167.115       6805          2  0.000e+00
   58.30762 -134.71842    149.474     51.325     50.841     6.1893    31.4675  1024.9771    24.7400     6.1852     53.142    93.6403     0.0288      7.825     3.7419     5.3475    163.077    167.111       6806          2  0.000e+00
   58.30762 -134.71842    149.482     51.333     50.849     6.1890    31.4682  1024.9777    24.7406     6.1849     53.141    93.6403     0.0288      7.825     3.7418     5.3474    163.074    167.108       6807          2  0.000e+00
   58.30762 -134.71842    149.482     51.333     50.849     6.1889    31.4684  1024.9779    24.7408     6.1848     53.140    93.6403     0.0288      7.825     3.7417     5.3473    163.070    167.105       6808          2  0.000e+00
