EcoFOCI/data/1_SampleCollection/2022_GOA-OA_CruiseData/CTD_raw_BottleFile_RC0083/RC0083_028.ros
* Sea-Bird SBE 9 Data File:
* FileName = C:\Data\RC0083ctd\RC0083_028.hex
* Software Version Seasave V 7.26.7.107
* Temperature SN = 2060
* Conductivity SN = 1084
* Number of Bytes Per Scan = 31
* Number of Voltage Words = 4
* Number of Scans Averaged by the Deck Unit = 1
* NMEA Latitude = 58 49.84 N
* NMEA Longitude = 135 11.23 W
* NMEA UTC (Time) = Aug 17 2022  22:51:05
* NMEA baud rate = 4800
** Ship: R/V Rachel Carson
** Cruise ID: RC0083
** Tech: McHugh/Nomura
** Chief Scientist: Cross
** Station: LC03
** Cast:  CTD028
# nquan = 21
# nvalues = 245                                   
# units = specified
# name 0 = latitude: Latitude [deg]
# name 1 = longitude: Longitude [deg]
# name 2 = sfdSM: Seafloor depth [salt water, m]
# name 3 = prDM: Pressure, Digiquartz [db]
# name 4 = depSM: Depth [salt water, m]
# name 5 = t090C: Temperature [ITS-90, deg C]
# name 6 = sal00: Salinity, Practical [PSU]
# name 7 = density00: Density [density, kg/m^3]
# name 8 = sigma-é00: Density [sigma-theta, kg/m^3]
# name 9 = potemp090C: Potential Temperature [ITS-90, deg C]
# name 10 = sbeox0PS: Oxygen, SBE 43 [% saturation]
# name 11 = CStarTr0: Beam Transmission, WET Labs C-Star [%]
# name 12 = flECO-AFL: Fluorescence, WET Labs ECO-AFL/FL [mg/m^3]
# name 13 = ph: pH
# name 14 = sbeox0ML/L: Oxygen, SBE 43 [ml/l]
# name 15 = sbeox0Mg/L: Oxygen, SBE 43 [mg/l]
# name 16 = sbox0Mm/Kg: Oxygen, SBE 43 [umol/kg]
# name 17 = sbeox0Mm/L: Oxygen, SBE 43 [umol/l]
# name 18 = scan: Scan Count
# name 19 = nbf: Bottles Fired
# name 20 = flag:  0.000e+00
# interval = seconds: 0.0416667
# start_time = Aug 17 2022 22:51:05 [NMEA time, header]
# bad_flag = -9.990e-29
*END*
[from data line 138]
   58.83414 -135.19032    199.593    101.937    100.960     4.6921    32.0887  1025.8755    25.4015     4.6850     51.635    99.5697    -0.0591      7.699     3.7517     5.3616    163.402    167.552      18610          3  0.000e+00
   58.83414 -135.19032    199.561    101.904    100.928     4.6908    32.0868  1025.8740    25.4002     4.6836     51.636    99.5697    -0.0591      7.699     3.7519     5.3619    163.411    167.562      18611          3  0.000e+00
   58.83414 -135.19032    199.529    101.872    100.896     4.6896    32.0855  1025.8729    25.3993     4.6825     51.636    99.5697    -0.0591      7.699     3.7521     5.3622    163.420    167.571      18612          3  0.000e+00
   58.83414 -135.19032    199.529    101.872    100.896     4.6881    32.0843  1025.8721    25.3985     4.6810     51.637    99.5697    -0.0591      7.699     3.7524     5.3625    163.430    167.581      18613          3  0.000e+00
   58.83414 -135.19032    199.561    101.904    100.928     4.6866    32.0825  1025.8710    25.3972     4.6794     51.639    99.5697    -0.0591      7.699     3.7526     5.3629    163.442    167.593      18614          3  0.000e+00
   58.83414 -135.19032    199.529    101.872    100.896     4.6850    32.0808  1025.8697    25.3960     4.6778     51.639    99.5697    -0.0591      7.699     3.7529     5.3632    163.453    167.604      18615          3  0.000e+00
   58.83414 -135.19032    199.505    101.848    100.872     4.6836    32.0796  1025.8688    25.3952     4.6764     51.640    99.5697    -0.0591      7.699     3.7531     5.3635    163.462    167.613      18616          3  0.000e+00
   58.83414 -135.19032    199.529    101.872    100.896     4.6825    32.0797  1025.8691    25.3954     4.6753     51.641    99.5697    -0.0591      7.699     3.7533     5.3638    163.470    167.621      18617          3  0.000e+00
   58.83416 -135.19032    199.449    101.791    100.816     4.6822    32.0788  1025.8680    25.3947     4.6751     51.641    99.5697    -0.0591      7.699     3.7533     5.3639    163.472    167.624      18618          3  0.000e+00
   58.83446 -135.19060    149.183     51.033     50.550     6.9008    30.9860  1024.5067    24.2717     6.8964     76.616   100.9962    -0.0298      7.991     5.3229     7.6070    232.090    237.723      21044          4  0.000e+00
   58.83446 -135.19060    149.175     51.025     50.542     6.9014    30.9866  1024.5070    24.2721     6.8971     76.620   100.9962    -0.0298      7.991     5.3231     7.6073    232.098    237.731      21045          4  0.000e+00
   58.83446 -135.19060    149.303     51.154     50.670     6.9031    30.9864  1024.5072    24.2717     6.8987     76.617   100.9962    -0.0298      7.996     5.3228     7.6068    232.082    237.715      21046          4  0.000e+00
   58.83446 -135.19060    149.175     51.025     50.542     6.9050    30.9860  1024.5062    24.2712     6.9006     76.612   100.9962    -0.0298      7.991     5.3222     7.6059    232.056    237.688      21047          4  0.000e+00
   58.83446 -135.19060    149.119     50.968     50.486     6.9061    30.9856  1024.5054    24.2707     6.9018     76.615   101.0241    -0.0298      7.991     5.3223     7.6060    232.060    237.692      21048          4  0.000e+00
   58.83446 -135.19060    149.175     51.025     50.542     6.9068    30.9852  1024.5053    24.2703     6.9024     76.611   101.0521    -0.0298      7.991     5.3219     7.6056    232.046    237.678      21049          4  0.000e+00
   58.83446 -135.19060    149.183     51.033     50.550     6.9071    30.9850  1024.5051    24.2701     6.9028     76.607   101.0521    -0.0298      7.991     5.3216     7.6051    232.032    237.663      21050          4  0.000e+00
   58.83446 -135.19060    149.175     51.025     50.542     6.9066    30.9854  1024.5055    24.2705     6.9023     76.610   101.0521    -0.0298      7.991     5.3219     7.6055    232.043    237.675      21051          4  0.000e+00
   58.83446 -135.19060    149.119     50.968     50.486     6.9069    30.9852  1024.5050    24.2703     6.9026     76.605   101.0241    -0.0298      7.991     5.3215     7.6049    232.026    237.657      21052          4  0.000e+00
   58.83446 -135.19060    149.119     50.968     50.486     6.9066    30.9857  1024.5054    24.2707     6.9023     76.600   101.0241    -0.0298      7.991     5.3212     7.6045    232.012    237.643      21053          4  0.000e+00
   58.83446 -135.19060    149.119     50.968     50.486     6.9063    30.9857  1024.5055    24.2708     6.9019     76.602   101.0521    -0.0298      7.991     5.3214     7.6048    232.021    237.652      21054          4  0.000e+00
   58.83446 -135.19060    149.119     50.968     50.486     6.9065    30.9853  1024.5051    24.2705     6.9021     76.605   101.0521    -0.0298      7.991     5.3215     7.6050    232.028    237.660      21055          4  0.000e+00
   58.83446 -135.19060    149.119     50.968     50.486     6.9069    30.9853  1024.5051    24.2704     6.9026     76.607   101.0521    -0.0298      7.991     5.3216     7.6052    232.033    237.665      21056          4  0.000e+00
   58.83446 -135.19060    149.119     50.968     50.486     6.9068    30.9856  1024.5053    24.2706     6.9024     76.610   101.0521    -0.0298      7.996     5.3218     7.6054    232.041    237.673      21057          4  0.000e+00
   58.83446 -135.19060    149.119     50.968     50.486     6.9068    30.9852  1024.5050    24.2703     6.9024     76.612   101.0521    -0.0298      7.991     5.3220     7.6057    232.049    237.681      21058          4  0.000e+00
   58.83446 -135.19060    149.119     50.968     50.486     6.9063    30.9853  1024.5052    24.2705     6.9019     76.615   101.0521    -0.0298      7.991     5.3222     7.6060    232.059    237.692      21059          4  0.000e+00
   58.83446 -135.19060    149.119     50.968     50.486     6.9061    30.9852  1024.5051    24.2704     6.9018     76.617   101.0521    -0.0005      7.991     5.3224     7.6063    232.068    237.700      21060          4  0.000e+00
   58.83446 -135.19060    149.119     50.968     50.486     6.9060    30.9852  1024.5051    24.2705     6.9016     76.612   101.0521    -0.0005      7.991     5.3221     7.6058    232.053    237.685      21061          4  0.000e+00
   58.83446 -135.19060    149.119     50.968     50.486     6.9060    30.9852  1024.5051    24.2705     6.9016     76.607   101.0521    -0.0005      7.991     5.3217     7.6053    232.036    237.667      21062          4  0.000e+00
   58.83446 -135.19060    149.159     51.033     50.550     6.9060    30.9854  1024.5056    24.2706     6.9016     76.601   101.0521    -0.0005      7.991     5.3213     7.6047    232.020    237.651      21063          4  0.000e+00
   58.83446 -135.19060    149.119     50.968     50.486     6.9061    30.9852  1024.5051    24.2704     6.9018     76.602   101.0521    -0.0005      7.991     5.3214     7.6048    232.022    237.653      21064          4  0.000e+00
   58.83446 -135.19060    149.119     50.968     50.486     6.9059    30.9858  1024.5056    24.2709     6.9015     76.604   101.0521    -0.0005      7.991     5.3215     7.6050    232.027    237.659      21065          4  0.000e+00
   58.83446 -135.19060    149.175     51.025     50.542     6.9056    30.9857  1024.5058    24.2709     6.9013     76.606   101.0521    -0.0005      7.991     5.3217     7.6052    232.035    237.667      21066          4  0.000e+00
   58.83446 -135.19060    149.119     50.968     50.486     6.9059    30.9852  1024.5051    24.2704     6.9015     76.607   101.0241    -0.0005      7.991     5.3218     7.6053    232.038    237.669      21067          4  0.000e+00
   58.83446 -135.19060    149.175     51.025     50.543     6.9054    30.9859  1024.5060    24.2711     6.9010     76.609   101.0521    -0.0005      7.991     5.3219     7.6056    232.046    237.678      21068          4  0.000e+00
   58.83446 -135.19060    149.183     51.033     50.551     6.9059    30.9856  1024.5057    24.2708     6.9015     76.611   101.0521    -0.0005      7.991     5.3220     7.6057    232.048    237.680      21069          4  0.000e+00
   58.83446 -135.19060    149.175     51.025     50.543     6.9056    30.9856  1024.5057    24.2708     6.9013     76.612   101.0521    -0.0005      7.991     5.3221     7.6059    232.054    237.686      21070          4  0.000e+00
   58.83446 -135.19060    149.183     51.033     50.551     6.9055    30.9855  1024.5057    24.2707     6.9011     76.606   101.0521    -0.0005      7.991     5.3217     7.6053    232.037    237.668      21071          4  0.000e+00
   58.83446 -135.19060    149.239     51.090     50.607     6.9055    30.9856  1024.5060    24.2708     6.9011     76.600   101.0521    -0.0005      7.991     5.3213     7.6047    232.018    237.650      21072          4  0.000e+00
   58.83446 -135.19060    149.239     51.090     50.607     6.9054    30.9856  1024.5060    24.2708     6.9010     76.601   101.0521    -0.0005      7.991     5.3214     7.6048    232.022    237.653      21073          4  0.000e+00
   58.83446 -135.19060    149.239     51.090     50.607     6.9050    30.9852  1024.5058    24.2705     6.9006     76.602   101.0521    -0.0005      7.991     5.3215     7.6050    232.028    237.659      21074          4  0.000e+00
   58.83446 -135.19060    149.239     51.090     50.607     6.9028    30.9858  1024.5065    24.2713     6.8984     76.603   101.0521    -0.0005      7.991     5.3219     7.6055    232.042    237.674      21075          4  0.000e+00
   58.83446 -135.19060    149.295     51.146     50.663     6.9015    30.9861  1024.5072    24.2717     6.8971     76.605   101.0521    -0.0005      7.991     5.3221     7.6059    232.054    237.686      21076          4  0.000e+00
   58.83446 -135.19060    149.239     51.090     50.607     6.9014    30.9853  1024.5064    24.2711     6.8971     76.605   101.0521    -0.0005      7.991     5.3222     7.6059    232.057    237.689      21077          4  0.000e+00
   58.83446 -135.19060    149.295     51.146     50.663     6.8989    30.9867  1024.5080    24.2725     6.8945     76.607   101.0521    -0.0005      7.991     5.3226     7.6065    232.074    237.707      21078          4  0.000e+00
   58.83446 -135.19060    149.359     51.211     50.727     6.8972    30.9871  1024.5088    24.2730     6.8929     76.609   101.0521    -0.0005      7.991     5.3229     7.6070    232.088    237.721      21079          4  0.000e+00
   58.83446 -135.19060    149.295     51.146     50.663     6.8976    30.9865  1024.5081    24.2725     6.8932     76.610   101.0521    -0.0005      7.991     5.3229     7.6070    232.087    237.721      21080          4  0.000e+00
   58.83446 -135.19060    149.359     51.211     50.727     6.8989    30.9866  1024.5082    24.2724     6.8945     76.603   101.0521    -0.0005      7.991     5.3223     7.6061    232.061    237.694      21081          4  0.000e+00
   58.83446 -135.19060    149.359     51.211     50.727     6.9004    30.9862  1024.5077    24.2719     6.8960     76.596   101.0521    -0.0005      7.991     5.3216     7.6051    232.031    237.663      21082          4  0.000e+00
   58.83446 -135.19060    149.351     51.203     50.719     6.9009    30.9864  1024.5078    24.2720     6.8965     76.588   101.0521    -0.0005      7.991     5.3210     7.6043    232.005    237.636      21083          4  0.000e+00
   58.83446 -135.19060    149.359     51.211     50.727     6.9013    30.9857  1024.5072    24.2714     6.8969     76.588   101.0241    -0.0005      7.991     5.3210     7.6042    232.004    237.635      21084          4  0.000e+00
   58.83446 -135.19060    149.415     51.268     50.783     6.8986    30.9856  1024.5077    24.2717     6.8942     76.589   101.0521    -0.0005      7.991     5.3214     7.6048    232.022    237.653      21085          4  0.000e+00
   58.83446 -135.19060    149.415     51.268     50.783     6.8945    30.9859  1024.5085    24.2724     6.8901     76.590   101.0521    -0.0005      7.991     5.3219     7.6056    232.045    237.678      21086          4  0.000e+00
   58.83446 -135.19060    149.415     51.268     50.783     6.8911    30.9864  1024.5094    24.2733     6.8867     76.590   101.0521    -0.0005      7.991     5.3224     7.6062    232.064    237.697      21087          4  0.000e+00
   58.83446 -135.19060    149.415     51.268     50.783     6.8892    30.9872  1024.5102    24.2741     6.8848     76.591   101.0241    -0.0005      7.991     5.3226     7.6065    232.074    237.708      21088          4  0.000e+00
   58.83446 -135.19060    149.471     51.324     50.839     6.8897    30.9874  1024.5106    24.2742     6.8853     76.591   100.9962    -0.0005      7.991     5.3226     7.6065    232.073    237.706      21089          4  0.000e+00
   58.83448 -135.19062    149.415     51.268     50.783     6.8908    30.9872  1024.5101    24.2740     6.8864     76.590   100.9962    -0.0005      7.991     5.3224     7.6062    232.065    237.698      21090          4  0.000e+00
   58.83448 -135.19062    149.471     51.324     50.839     6.8916    30.9863  1024.5095    24.2731     6.8872     76.591   101.0241    -0.0005      7.991     5.3224     7.6062    232.063    237.696      21091          4  0.000e+00
   58.83448 -135.19062    149.415     51.268     50.783     6.8906    30.9863  1024.5093    24.2733     6.8862     76.591   101.0241    -0.0005      7.991     5.3224     7.6063    232.068    237.701      21092          4  0.000e+00
   58.83524 -135.19124    106.661      8.104      8.028    11.6423    24.6554  1018.6673    18.6305    11.6414     99.548    87.9067     1.6991      8.300     6.4796     9.2599    284.084    289.377      24072          5  0.000e+00
   58.83524 -135.19124    106.749      8.193      8.116    11.6402    24.6623  1018.6734    18.6362    11.6393     99.553    87.9067     1.6991      8.300     6.4799     9.2604    284.097    289.391      24073          5  0.000e+00
   58.83524 -135.19124    106.837      8.282      8.204    11.6398    24.6662  1018.6770    18.6393    11.6388     99.558    87.9067     1.7284      8.300     6.4801     9.2607    284.105    289.401      24074          5  0.000e+00
   58.83524 -135.19124    106.717      8.160      8.084    11.6395    24.6669  1018.6770    18.6399    11.6386     99.560    87.9067     1.7284      8.300     6.4803     9.2609    284.113    289.408      24075          5  0.000e+00
   58.83524 -135.19124    106.805      8.249      8.172    11.6401    24.6643  1018.6753    18.6378    11.6392     99.619    87.9067     1.7284      8.300     6.4841     9.2664    284.282    289.580      24076          5  0.000e+00
   58.83524 -135.19124    106.781      8.225      8.148    11.6398    24.6651  1018.6758    18.6385    11.6388     99.575    87.9067     1.7284      8.300     6.4813     9.2624    284.157    289.453      24077          5  0.000e+00
   58.83524 -135.19124    106.749      8.193      8.116    11.6392    24.6698  1018.6794    18.6422    11.6382     99.579    87.9067     1.7870      8.300     6.4814     9.2626    284.163    289.460      24078          5  0.000e+00
   58.83524 -135.19124    106.901      8.346      8.268    11.6378    24.6767  1018.6857    18.6478    11.6368     99.640    87.7109     1.8163      8.300     6.4853     9.2681    284.330    289.632      24079          5  0.000e+00
   58.83524 -135.19124    106.781      8.225      8.148    11.6367    24.6863  1018.6927    18.6554    11.6358     99.649    87.4592     1.8456      8.300     6.4856     9.2686    284.343    289.647      24080          5  0.000e+00
   58.83524 -135.19124    106.861      8.306      8.228    11.6349    24.7001  1018.7041    18.6663    11.6340     99.660    87.4032     1.8456      8.300     6.4861     9.2692    284.359    289.667      24081          5  0.000e+00
