EcoFOCI/data/1_SampleCollection/2022_GOA-OA_CruiseData/CTD_raw_BottleFile_RC0083/RC0083_119.ros
* Sea-Bird SBE 9 Data File:
* FileName = C:\Data\RC0083ctd\RC0083_119.hex
* Software Version Seasave V 7.26.7.107
* Temperature SN = 2060
* Conductivity SN = 2881
* Number of Bytes Per Scan = 31
* Number of Voltage Words = 4
* Number of Scans Averaged by the Deck Unit = 1
* NMEA Latitude = 56 43.21 N
* NMEA Longitude = 134 32.23 W
* NMEA UTC (Time) = Aug 23 2022  21:46:55
* NMEA baud rate = 4800
** Ship: R/V Rachel Carson
** Cruise ID: RC0083
** Tech: McHugh/Nomura
** Chief Scientist: Cross
** Station: MCS2
** Cast:  CTD119
# nquan = 21
# nvalues = 441                                   
# units = specified
# name 0 = latitude: Latitude [deg]
# name 1 = longitude: Longitude [deg]
# name 2 = sfdSM: Seafloor depth [salt water, m]
# name 3 = prDM: Pressure, Digiquartz [db]
# name 4 = depSM: Depth [salt water, m]
# name 5 = t090C: Temperature [ITS-90, deg C]
# name 6 = sal00: Salinity, Practical [PSU]
# name 7 = density00: Density [density, kg/m^3]
# name 8 = sigma-é00: Density [sigma-theta, kg/m^3]
# name 9 = potemp090C: Potential Temperature [ITS-90, deg C]
# name 10 = sbeox0PS: Oxygen, SBE 43 [% saturation]
# name 11 = CStarTr0: Beam Transmission, WET Labs C-Star [%]
# name 12 = flECO-AFL: Fluorescence, WET Labs ECO-AFL/FL [mg/m^3]
# name 13 = ph: pH
# name 14 = sbeox0ML/L: Oxygen, SBE 43 [ml/l]
# name 15 = sbeox0Mg/L: Oxygen, SBE 43 [mg/l]
# name 16 = sbox0Mm/Kg: Oxygen, SBE 43 [umol/kg]
# name 17 = sbeox0Mm/L: Oxygen, SBE 43 [umol/l]
# name 18 = scan: Scan Count
# name 19 = nbf: Bottles Fired
# name 20 = flag:  0.000e+00
# interval = seconds: 0.0416667
# start_time = Aug 23 2022 21:46:55 [NMEA time, header]
# bad_flag = -9.990e-29
*END*
[from data line 207]
   56.71650 -134.53582    199.372    101.696    100.740     6.2228    32.7652  1026.2287    25.7604     6.2143     35.717   105.3593    -0.0298      7.791     2.4915     3.5606    108.475    111.269      47235          5  0.000e+00
   56.71650 -134.53582    199.436    101.785    100.828     6.2231    32.7656  1026.2294    25.7607     6.2146     35.734   105.3593    -0.0298      7.791     2.4926     3.5622    108.524    111.320      47236          5  0.000e+00
   56.71650 -134.53582    199.428    101.753    100.796     6.2227    32.7660  1026.2296    25.7611     6.2142     35.742   105.3593    -0.0298      7.791     2.4932     3.5630    108.549    111.345      47237          5  0.000e+00
   56.71650 -134.53582    199.404    101.728    100.772     6.2228    32.7658  1026.2294    25.7609     6.2143     35.748   105.3593    -0.0298      7.791     2.4936     3.5636    108.569    111.366      47238          5  0.000e+00
   56.71650 -134.53582    199.428    101.753    100.796     6.2227    32.7659  1026.2296    25.7610     6.2142     35.754   105.3593    -0.0298      7.791     2.4940     3.5642    108.585    111.383      47239          5  0.000e+00
   56.71650 -134.53582    199.340    101.664    100.708     6.2226    32.7661  1026.2293    25.7612     6.2141     35.757   105.3593    -0.0298      7.791     2.4943     3.5646    108.596    111.394      47240          5  0.000e+00
   56.71648 -134.53582    199.548    101.874    100.916     6.2226    32.7660  1026.2302    25.7611     6.2141     35.818   105.3593    -0.0298      7.791     2.4985     3.5706    108.782    111.584      47241          5  0.000e+00
   56.71648 -134.53582    199.404    101.728    100.772     6.2223    32.7665  1026.2299    25.7615     6.2139     35.825   105.3593    -0.0298      7.791     2.4990     3.5713    108.803    111.606      47242          5  0.000e+00
   56.71648 -134.53582    199.428    101.753    100.796     6.2223    32.7664  1026.2300    25.7614     6.2138     35.831   105.3593    -0.0298      7.791     2.4994     3.5719    108.821    111.625      47243          5  0.000e+00
   56.71648 -134.53582    199.460    101.785    100.828     6.2222    32.7664  1026.2301    25.7614     6.2137     35.835   105.3593    -0.0298      7.791     2.4997     3.5724    108.835    111.638      47244          5  0.000e+00
   56.71648 -134.53582    199.428    101.753    100.796     6.2221    32.7667  1026.2302    25.7617     6.2136     35.838   105.3593    -0.0298      7.791     2.4999     3.5726    108.842    111.646      47245          5  0.000e+00
   56.71648 -134.53582    199.460    101.785    100.828     6.2221    32.7665  1026.2303    25.7616     6.2136     35.839   105.3593    -0.0298      7.791     2.5000     3.5727    108.845    111.649      47246          5  0.000e+00
   56.71648 -134.53582    199.428    101.753    100.796     6.2222    32.7661  1026.2298    25.7612     6.2137     35.845   105.3593    -0.0298      7.796     2.5004     3.5733    108.863    111.668      47247          5  0.000e+00
   56.71648 -134.53582    199.525    101.850    100.892     6.2221    32.7663  1026.2304    25.7614     6.2136     35.792   105.3593    -0.0298      7.791     2.4967     3.5681    108.704    111.505      47248          5  0.000e+00
   56.71648 -134.53582    199.492    101.818    100.860     6.2219    32.7664  1026.2303    25.7615     6.2134     35.840   105.3593    -0.0298      7.791     2.5001     3.5728    108.849    111.653      47249          5  0.000e+00
   56.71648 -134.53582    199.460    101.785    100.828     6.2221    32.7663  1026.2301    25.7614     6.2136     35.835   105.3593    -0.0298      7.791     2.4997     3.5723    108.832    111.636      47250          5  0.000e+00
   56.71648 -134.53582    199.428    101.753    100.796     6.2221    32.7665  1026.2301    25.7615     6.2136     35.828   105.3593    -0.0298      7.791     2.4992     3.5716    108.811    111.614      47251          5  0.000e+00
   56.71648 -134.53582    199.525    101.850    100.892     6.2219    32.7661  1026.2302    25.7612     6.2134     35.820   105.3593    -0.0298      7.791     2.4987     3.5709    108.788    111.591      47252          5  0.000e+00
   56.71648 -134.53582    199.493    101.818    100.860     6.2220    32.7661  1026.2301    25.7612     6.2135     35.810   105.3873    -0.0298      7.791     2.4980     3.5698    108.757    111.559      47253          5  0.000e+00
   56.71648 -134.53582    199.493    101.818    100.860     6.2217    32.7662  1026.2303    25.7614     6.2132     35.805   105.3873    -0.0298      7.791     2.4976     3.5694    108.743    111.545      47254          5  0.000e+00
   56.71648 -134.53582    199.461    101.785    100.828     6.2220    32.7661  1026.2300    25.7613     6.2135     35.799   105.3873    -0.0298      7.791     2.4972     3.5687    108.723    111.524      47255          5  0.000e+00
   56.71648 -134.53582    199.549    101.874    100.916     6.2216    32.7663  1026.2306    25.7614     6.2131     35.791   105.3873    -0.0298      7.791     2.4967     3.5680    108.703    111.503      47256          5  0.000e+00
   56.71648 -134.53582    199.461    101.785    100.828     6.2217    32.7659  1026.2298    25.7611     6.2132     35.782   105.3593    -0.0298      7.791     2.4961     3.5671    108.674    111.474      47257          5  0.000e+00
   56.71648 -134.53582    199.429    101.753    100.796     6.2215    32.7663  1026.2300    25.7614     6.2130     35.772   105.3593    -0.0298      7.791     2.4953     3.5661    108.643    111.442      47258          5  0.000e+00
   56.71648 -134.53582    199.581    101.907    100.948     6.2213    32.7665  1026.2310    25.7617     6.2128     35.761   105.3593    -0.0298      7.791     2.4946     3.5650    108.610    111.408      47259          5  0.000e+00
   56.71648 -134.53582    199.549    101.874    100.916     6.2216    32.7664  1026.2307    25.7615     6.2131     35.747   105.3873    -0.0298      7.791     2.4936     3.5636    108.568    111.365      47260          5  0.000e+00
   56.71648 -134.53582    199.461    101.785    100.828     6.2217    32.7658  1026.2297    25.7610     6.2132     35.739   105.3593    -0.0298      7.791     2.4931     3.5629    108.545    111.341      47261          5  0.000e+00
   56.71648 -134.53582    199.493    101.818    100.860     6.2218    32.7657  1026.2298    25.7610     6.2133     35.731   105.3873    -0.0298      7.791     2.4925     3.5620    108.519    111.314      47262          5  0.000e+00
   56.71648 -134.53582    199.581    101.907    100.948     6.2215    32.7660  1026.2305    25.7612     6.2130     35.722   105.3593    -0.0298      7.791     2.4918     3.5611    108.491    111.286      47263          5  0.000e+00
   56.71648 -134.53582    199.549    101.874    100.916     6.2210    32.7664  1026.2307    25.7616     6.2125     35.711   105.3593    -0.0298      7.791     2.4911     3.5600    108.458    111.252      47264          5  0.000e+00
   56.71648 -134.53582    199.525    101.850    100.892     6.2208    32.7668  1026.2310    25.7620     6.2123     35.698   105.3593    -0.0298      7.791     2.4903     3.5588    108.421    111.215      47265          5  0.000e+00
   56.71648 -134.53582    199.493    101.818    100.860     6.2209    32.7665  1026.2305    25.7617     6.2124     35.628   105.3873    -0.0298      7.791     2.4853     3.5518    108.206    110.994      47266          5  0.000e+00
   56.71648 -134.53582    199.525    101.850    100.892     6.2208    32.7671  1026.2312    25.7621     6.2123     35.607   105.3593    -0.0298      7.791     2.4839     3.5497    108.144    110.930      47267          5  0.000e+00
   56.71648 -134.53582    199.549    101.875    100.916     6.2205    32.7668  1026.2311    25.7620     6.2120     35.586   105.3593    -0.0298      7.791     2.4824     3.5476    108.080    110.864      47268          5  0.000e+00
   56.71648 -134.53582    199.461    101.786    100.828     6.2208    32.7667  1026.2306    25.7619     6.2123     35.620   105.3593    -0.0298      7.791     2.4848     3.5511    108.185    110.972      47269          5  0.000e+00
   56.71648 -134.53582    199.605    101.931    100.973     6.2207    32.7665  1026.2311    25.7618     6.2122     35.611   105.3593    -0.0298      7.791     2.4842     3.5502    108.158    110.944      47270          5  0.000e+00
   56.71648 -134.53582    199.525    101.850    100.892     6.2209    32.7665  1026.2307    25.7617     6.2124     35.607   105.3313    -0.0298      7.791     2.4839     3.5497    108.145    110.931      47271          5  0.000e+00
   56.71648 -134.53582    199.549    101.875    100.916     6.2211    32.7662  1026.2305    25.7614     6.2126     35.603   105.3313    -0.0298      7.791     2.4836     3.5493    108.132    110.918      47272          5  0.000e+00
   56.71632 -134.53572    148.852     50.690     50.220     7.1118    31.7513  1025.0792    24.8464     7.1073     46.334   103.9888     0.1753      7.894     3.1874     4.5551    138.898    142.349      49523          6  0.000e+00
   56.71632 -134.53572    149.085     50.925     50.452     7.1124    31.7527  1025.0814    24.8474     7.1079     46.323   103.9888     0.1753      7.894     3.1866     4.5539    138.862    142.312      49524          6  0.000e+00
   56.71632 -134.53572    148.916     50.755     50.284     7.1131    31.7538  1025.0813    24.8482     7.1086     46.316   103.9888     0.1753      7.894     3.1860     4.5531    138.836    142.286      49525          6  0.000e+00
   56.71632 -134.53572    148.964     50.804     50.332     7.1129    31.7552  1025.0826    24.8493     7.1084     46.366   103.9888     0.1753      7.894     3.1894     4.5580    138.987    142.440      49526          6  0.000e+00
   56.71632 -134.53572    148.852     50.690     50.220     7.1129    31.7567  1025.0833    24.8505     7.1085     46.365   103.9888     0.1753      7.894     3.1893     4.5578    138.981    142.434      49527          6  0.000e+00
   56.71632 -134.53572    148.908     50.747     50.276     7.1128    31.7575  1025.0842    24.8511     7.1083     46.364   103.9888     0.1753      7.894     3.1892     4.5577    138.977    142.431      49528          6  0.000e+00
   56.71632 -134.53572    148.916     50.755     50.284     7.1128    31.7575  1025.0842    24.8511     7.1083     46.305   103.9888     0.1753      7.894     3.1852     4.5520    138.802    142.251      49529          6  0.000e+00
   56.71632 -134.53572    148.908     50.747     50.276     7.1138    31.7552  1025.0823    24.8492     7.1093     46.297   103.9888     0.1753      7.894     3.1846     4.5511    138.776    142.224      49530          6  0.000e+00
   56.71632 -134.53572    148.973     50.812     50.340     7.1152    31.7527  1025.0804    24.8470     7.1107     46.288   103.9888     0.1753      7.894     3.1840     4.5502    138.748    142.196      49531          6  0.000e+00
   56.71632 -134.53572    148.852     50.690     50.220     7.1163    31.7510  1025.0783    24.8455     7.1119     46.279   103.9888     0.1753      7.894     3.1832     4.5492    138.717    142.164      49532          6  0.000e+00
   56.71632 -134.53572    148.917     50.755     50.284     7.1167    31.7497  1025.0776    24.8445     7.1122     46.270   103.9888     0.1753      7.894     3.1826     4.5483    138.691    142.136      49533          6  0.000e+00
   56.71632 -134.53572    148.909     50.747     50.276     7.1175    31.7490  1025.0769    24.8438     7.1130     46.267   103.9888     0.1753      7.894     3.1824     4.5479    138.680    142.125      49534          6  0.000e+00
   56.71632 -134.53572    148.852     50.691     50.220     7.1185    31.7472  1025.0751    24.8423     7.1140     46.320   104.0168     0.1753      7.894     3.1860     4.5531    138.838    142.287      49535          6  0.000e+00
   56.71632 -134.53572    148.788     50.626     50.156     7.1199    31.7456  1025.0734    24.8408     7.1154     46.266   104.0168     0.1753      7.894     3.1822     4.5477    138.673    142.118      49536          6  0.000e+00
   56.71632 -134.53572    148.917     50.755     50.284     7.1213    31.7438  1025.0724    24.8392     7.1168     46.263   103.9888     0.1753      7.894     3.1820     4.5474    138.663    142.107      49537          6  0.000e+00
   56.71632 -134.53572    148.853     50.691     50.220     7.1220    31.7425  1025.0710    24.8381     7.1175     46.253   103.9888     0.1753      7.894     3.1813     4.5463    138.632    142.075      49538          6  0.000e+00
   56.71632 -134.53572    148.853     50.691     50.220     7.1224    31.7414  1025.0700    24.8372     7.1180     46.243   103.9888     0.1753      7.894     3.1806     4.5453    138.601    142.044      49539          6  0.000e+00
   56.71632 -134.53572    148.853     50.691     50.220     7.1229    31.7396  1025.0685    24.8357     7.1185     46.290   103.9888     0.1460      7.894     3.1838     4.5499    138.741    142.186      49540          6  0.000e+00
   56.71632 -134.53572    148.853     50.691     50.220     7.1232    31.7379  1025.0672    24.8343     7.1187     46.285   104.0168     0.1460      7.894     3.1835     4.5495    138.728    142.173      49541          6  0.000e+00
   56.71632 -134.53572    148.789     50.626     50.156     7.1231    31.7358  1025.0652    24.8327     7.1186     46.286   103.9888     0.1460      7.894     3.1836     4.5497    138.734    142.179      49542          6  0.000e+00
   56.71632 -134.53572    148.797     50.634     50.164     7.1234    31.7335  1025.0634    24.8309     7.1190     46.231   104.0168     0.1460      7.894     3.1798     4.5443    138.569    142.010      49543          6  0.000e+00
   56.71632 -134.53572    148.853     50.691     50.220     7.1250    31.7301  1025.0608    24.8280     7.1205     46.283   104.0168     0.1460      7.894     3.1833     4.5493    138.723    142.168      49544          6  0.000e+00
   56.71632 -134.53572    148.853     50.691     50.220     7.1265    31.7271  1025.0582    24.8254     7.1220     46.284   104.0168     0.1460      7.894     3.1833     4.5493    138.724    142.168      49545          6  0.000e+00
   56.71632 -134.53572    148.789     50.626     50.156     7.1274    31.7251  1025.0562    24.8237     7.1229     46.341   103.9888     0.1460      7.894     3.1872     4.5549    138.894    142.342      49546          6  0.000e+00
   56.71632 -134.53572    148.733     50.569     50.100     7.1280    31.7229  1025.0542    24.8219     7.1236     46.297   104.0168     0.1460      7.894     3.1842     4.5506    138.763    142.207      49547          6  0.000e+00
   56.71632 -134.53572    148.917     50.755     50.284     7.1280    31.7214  1025.0538    24.8207     7.1236     46.355   103.9888     0.1460      7.894     3.1882     4.5563    138.938    142.387      49548          6  0.000e+00
   56.71632 -134.53572    148.853     50.691     50.220     7.1271    31.7205  1025.0530    24.8201     7.1226     46.310   103.9888     0.1460      7.894     3.1853     4.5521    138.809    142.254      49549          6  0.000e+00
   56.71632 -134.53572    148.797     50.634     50.164     7.1268    31.7189  1025.0515    24.8189     7.1223     46.380   103.9888     0.1460      7.894     3.1901     4.5590    139.019    142.470      49550          6  0.000e+00
   56.71632 -134.53572    148.733     50.569     50.100     7.1263    31.7178  1025.0503    24.8181     7.1218     46.342   103.9888     0.1460      7.894     3.1876     4.5553    138.909    142.356      49551          6  0.000e+00
   56.71632 -134.53572    148.853     50.691     50.220     7.1255    31.7168  1025.0502    24.8174     7.1210     46.293   103.9888     0.1460      7.894     3.1842     4.5506    138.765    142.208      49552          6  0.000e+00
