EcoFOCI/data/1_SampleCollection/2022_GOA-OA_CruiseData/CTD_raw_BottleFile_RC0083/RC0083_021.ros
* Sea-Bird SBE 9 Data File:
* FileName = C:\Data\RC0083ctd\RC0083_021.hex
* Software Version Seasave V 7.26.7.107
* Temperature SN = 2060
* Conductivity SN = 1084
* Number of Bytes Per Scan = 31
* Number of Voltage Words = 4
* Number of Scans Averaged by the Deck Unit = 1
* NMEA Latitude = 56 46.25 N
* NMEA Longitude = 135 30.18 W
* NMEA UTC (Time) = Aug 14 2022  19:17:58
* NMEA baud rate = 4800
** Ship: R/V Rachel Carson
** Cruise ID: RC0083
** Tech: McHugh/Nomura
** Chief Scientist: Cross
** Station: SEC0
** Cast:  CTD021
# nquan = 21
# nvalues = 196                                   
# units = specified
# name 0 = latitude: Latitude [deg]
# name 1 = longitude: Longitude [deg]
# name 2 = sfdSM: Seafloor depth [salt water, m]
# name 3 = prDM: Pressure, Digiquartz [db]
# name 4 = depSM: Depth [salt water, m]
# name 5 = t090C: Temperature [ITS-90, deg C]
# name 6 = sal00: Salinity, Practical [PSU]
# name 7 = density00: Density [density, kg/m^3]
# name 8 = sigma-é00: Density [sigma-theta, kg/m^3]
# name 9 = potemp090C: Potential Temperature [ITS-90, deg C]
# name 10 = sbeox0PS: Oxygen, SBE 43 [% saturation]
# name 11 = CStarTr0: Beam Transmission, WET Labs C-Star [%]
# name 12 = flECO-AFL: Fluorescence, WET Labs ECO-AFL/FL [mg/m^3]
# name 13 = ph: pH
# name 14 = sbeox0ML/L: Oxygen, SBE 43 [ml/l]
# name 15 = sbeox0Mg/L: Oxygen, SBE 43 [mg/l]
# name 16 = sbox0Mm/Kg: Oxygen, SBE 43 [umol/kg]
# name 17 = sbeox0Mm/L: Oxygen, SBE 43 [umol/l]
# name 18 = scan: Scan Count
# name 19 = nbf: Bottles Fired
# name 20 = flag:  0.000e+00
# interval = seconds: 0.0416667
# start_time = Aug 14 2022 19:17:58 [NMEA time, header]
# bad_flag = -9.990e-29
*END*
[from data line 69]
   56.77242 -135.50410     80.028     24.454     24.228    10.2863    31.4814  1024.2695    24.1589    10.2835     81.313   100.3808     1.0837      8.074     5.2192     7.4588    227.591    233.089       7379          2  0.000e+00
   56.77242 -135.50410     79.972     24.397     24.172    10.2840    31.4830  1024.2709    24.1605    10.2813     81.318   100.3808     1.0837      8.069     5.2197     7.4595    227.612    233.111       7380          2  0.000e+00
   56.77242 -135.50410     80.092     24.519     24.292    10.2820    31.4845  1024.2730    24.1621    10.2793     81.324   100.3808     1.0837      8.074     5.2203     7.4603    227.637    233.137       7381          2  0.000e+00
   56.77242 -135.50410     79.972     24.397     24.172    10.2803    31.4862  1024.2740    24.1636    10.2776     81.328   100.3808     1.0251      8.070     5.2207     7.4609    227.654    233.155       7382          2  0.000e+00
   56.77242 -135.50410     80.092     24.518     24.292    10.2790    31.4879  1024.2761    24.1652    10.2763     81.329   100.3808     0.8493      8.070     5.2208     7.4610    227.659    233.160       7383          2  0.000e+00
   56.77242 -135.50410     80.092     24.518     24.292    10.2780    31.4900  1024.2779    24.1670    10.2753     81.328   100.3808     0.7907      8.070     5.2208     7.4610    227.658    233.159       7384          2  0.000e+00
   56.77242 -135.50410     80.092     24.518     24.292    10.2771    31.4917  1024.2794    24.1685    10.2743     81.327   100.3808     0.7614      8.074     5.2208     7.4610    227.657    233.159       7385          2  0.000e+00
   56.77242 -135.50410     80.092     24.518     24.292    10.2747    31.4938  1024.2815    24.1705    10.2720     81.326   100.3808     0.7614      8.074     5.2209     7.4612    227.663    233.166       7386          2  0.000e+00
   56.77242 -135.50410     80.148     24.575     24.348    10.2728    31.4953  1024.2832    24.1720    10.2700     81.326   100.4647     0.7614      8.070     5.2211     7.4614    227.669    233.173       7387          2  0.000e+00
   56.77242 -135.50410     80.148     24.575     24.348    10.2698    31.4968  1024.2848    24.1737    10.2670     81.325   100.5487     0.7614      8.070     5.2213     7.4618    227.680    233.183       7388          2  0.000e+00
   56.77242 -135.50410     80.148     24.575     24.348    10.2682    31.4974  1024.2856    24.1744    10.2654     81.324   100.5487     0.7907      8.070     5.2214     7.4619    227.684    233.188       7389          2  0.000e+00
   56.77242 -135.50410     77.315     24.575     24.348    10.2667    31.4984  1024.2867    24.1755    10.2639     81.317   100.5487     0.7907      8.070     5.2211     7.4614    227.669    233.173       7390          2  0.000e+00
   56.77242 -135.50410     46.644     24.575     24.348    10.2647    31.4994  1024.2878    24.1766    10.2620     81.316   100.5487     0.7907      8.070     5.2212     7.4616    227.674    233.178       7391          2  0.000e+00
   56.77242 -135.50410     30.754     24.632     24.404    10.2623    31.5003  1024.2891    24.1776    10.2595     81.315   100.5207     0.7907      8.070     5.2214     7.4619    227.683    233.188       7392          2  0.000e+00
   56.77242 -135.50410     29.044     24.632     24.404    10.2590    31.5014  1024.2905    24.1790    10.2562     81.314   100.5207     0.7614      8.070     5.2217     7.4623    227.695    233.201       7393          2  0.000e+00
   56.77242 -135.50410     30.363     24.632     24.404    10.2571    31.5019  1024.2912    24.1798    10.2544     81.313   100.5487     0.7907      8.070     5.2218     7.4625    227.700    233.206       7394          2  0.000e+00
   56.77242 -135.50410     30.973     24.632     24.404    10.2596    31.4999  1024.2892    24.1778    10.2569     81.312   100.5487     0.7907      8.070     5.2215     7.4620    227.687    233.192       7395          2  0.000e+00
   56.77242 -135.50410     31.111     24.696     24.468    10.2631    31.4986  1024.2880    24.1762    10.2603     81.311   100.5487     0.7614      8.070     5.2211     7.4614    227.669    233.173       7396          2  0.000e+00
   56.77242 -135.50410     30.973     24.632     24.404    10.2669    31.4967  1024.2856    24.1741    10.2641     81.362   100.5487     0.7614      8.070     5.2240     7.4657    227.799    233.305       7397          2  0.000e+00
   56.77242 -135.50410     31.013     24.696     24.468    10.2682    31.4957  1024.2848    24.1731    10.2654     81.313   100.5487     0.7614      8.070     5.2208     7.4610    227.657    233.160       7398          2  0.000e+00
   56.77244 -135.50410     30.949     24.632     24.404    10.2672    31.4957  1024.2847    24.1733    10.2645     81.366   100.5487     0.7907      8.070     5.2242     7.4659    227.807    233.314       7399          2  0.000e+00
   56.77244 -135.50410     31.013     24.696     24.468    10.2644    31.4980  1024.2873    24.1755    10.2616     81.371   100.5487     0.7614      8.070     5.2248     7.4668    227.833    233.341       7400          2  0.000e+00
   56.77244 -135.50410     31.013     24.696     24.468    10.2654    31.4976  1024.2868    24.1750    10.2626     81.375   100.5487     0.7907      8.070     5.2250     7.4670    227.840    233.348       7401          2  0.000e+00
   56.77244 -135.50410     30.893     24.575     24.348    10.2677    31.4962  1024.2847    24.1736    10.2649     81.378   100.5207     0.7614      8.070     5.2249     7.4669    227.838    233.345       7402          2  0.000e+00
   56.77244 -135.50410     31.069     24.753     24.524    10.2688    31.4953  1024.2847    24.1727    10.2661     81.329   100.5487     0.7321      8.070     5.2217     7.4623    227.696    233.200       7403          2  0.000e+00
   56.77244 -135.50410     31.013     24.696     24.468    10.2680    31.4956  1024.2848    24.1731    10.2653     81.326   100.5207     0.7321      8.070     5.2216     7.4621    227.691    233.195       7404          2  0.000e+00
   56.77244 -135.50410     31.208     24.696     24.468    10.2648    31.4970  1024.2864    24.1747    10.2621     81.323   100.5207     0.7028      8.070     5.2217     7.4624    227.698    233.203       7405          2  0.000e+00
   56.77244 -135.50410     44.664     24.696     24.468    10.2594    31.5000  1024.2897    24.1779    10.2567     81.321   100.5487     0.7028      8.070     5.2221     7.4629    227.714    233.220       7406          2  0.000e+00
   56.77244 -135.50410     53.846     24.696     24.468    10.2583    31.4999  1024.2897    24.1780    10.2555     81.319   100.7444     0.7321      8.070     5.2221     7.4629    227.713    233.219       7407          2  0.000e+00
   56.77280 -135.50440     58.468     11.393     11.289    12.9623    30.9231  1023.2952    23.2442    12.9608    105.512    83.0401     5.7724      8.271     6.4205     9.1755    280.225    286.738       9051          3  0.000e+00
   56.77280 -135.50440     58.204     11.127     11.025    12.9622    30.9232  1023.2941    23.2443    12.9607    105.516    83.0401     5.7724      8.271     6.4207     9.1758    280.234    286.748       9052          3  0.000e+00
   56.77280 -135.50440     58.292     11.216     11.113    12.9617    30.9231  1023.2945    23.2444    12.9602    105.518    83.0401     5.7724      8.271     6.4209     9.1761    280.244    286.758       9053          3  0.000e+00
   56.77280 -135.50440     58.348     11.272     11.169    12.9622    30.9230  1023.2946    23.2442    12.9607    105.520    83.0401     5.7724      8.271     6.4210     9.1762    280.247    286.761       9054          3  0.000e+00
   56.77282 -135.50440     58.412     11.337     11.233    12.9628    30.9232  1023.2949    23.2442    12.9614    105.523    83.0401     5.7724      8.271     6.4210     9.1763    280.249    286.763       9055          3  0.000e+00
   56.77282 -135.50440     58.316     11.240     11.137    12.9630    30.9232  1023.2944    23.2442    12.9616    105.523    83.0401     5.7724      8.271     6.4210     9.1763    280.248    286.762       9056          3  0.000e+00
   56.77282 -135.50440     58.348     11.272     11.169    12.9632    30.9234  1023.2947    23.2443    12.9617    105.524    83.0401     5.7724      8.271     6.4211     9.1764    280.252    286.766       9057          3  0.000e+00
   56.77282 -135.50440     58.348     11.272     11.169    12.9639    30.9228  1023.2941    23.2437    12.9624    105.526    83.0401     5.7724      8.271     6.4211     9.1764    280.252    286.766       9058          3  0.000e+00
   56.77282 -135.50440     58.380     11.304     11.201    12.9642    30.9231  1023.2944    23.2438    12.9627    105.474    83.0401     5.7724      8.271     6.4179     9.1718    280.113    286.624       9059          3  0.000e+00
   56.77282 -135.50440     58.348     11.272     11.169    12.9649    30.9237  1023.2946    23.2442    12.9634    105.523    83.0401     5.7724      8.271     6.4208     9.1759    280.238    286.752       9060          3  0.000e+00
   56.77282 -135.50440     58.363     11.337     11.233    12.9654    30.9229  1023.2942    23.2435    12.9639    105.526    83.0401     5.7724      8.271     6.4209     9.1761    280.243    286.757       9061          3  0.000e+00
   56.77282 -135.50440     45.347     11.337     11.233    12.9657    30.9226  1023.2938    23.2431    12.9642    105.527    83.0401     5.7724      8.271     6.4209     9.1762    280.246    286.760       9062          3  0.000e+00
   56.77282 -135.50440     35.652     11.361     11.257    12.9660    30.9209  1023.2926    23.2418    12.9645    105.529    83.0401     5.7724      8.271     6.4211     9.1764    280.252    286.766       9063          3  0.000e+00
   56.77282 -135.50440     33.919     11.337     11.233    12.9659    30.9220  1023.2934    23.2427    12.9644    105.530    82.9841     5.7724      8.271     6.4211     9.1764    280.254    286.768       9064          3  0.000e+00
   56.77282 -135.50440     34.505     11.337     11.232    12.9657    30.9228  1023.2940    23.2433    12.9642    105.532    82.9282     5.2449      8.271     6.4212     9.1766    280.258    286.772       9065          3  0.000e+00
   56.77282 -135.50440     34.952     11.393     11.289    12.9660    30.9228  1023.2942    23.2433    12.9645    105.534    82.9002     4.8346      8.271     6.4213     9.1767    280.262    286.777       9066          3  0.000e+00
   56.77282 -135.50440     34.968     11.361     11.256    12.9660    30.9229  1023.2942    23.2434    12.9645    105.535    82.9002     4.7760      8.271     6.4214     9.1768    280.265    286.780       9067          3  0.000e+00
   56.77282 -135.50440     34.976     11.393     11.288    12.9665    30.9229  1023.2942    23.2432    12.9650    105.537    82.9002     4.7760      8.271     6.4215     9.1769    280.268    286.782       9068          3  0.000e+00
   56.77282 -135.50440     34.976     11.393     11.288    12.9665    30.9228  1023.2941    23.2432    12.9650    105.539    82.9002     4.8053      8.271     6.4216     9.1771    280.273    286.787       9069          3  0.000e+00
   56.77282 -135.50440     35.008     11.426     11.320    12.9662    30.9236  1023.2950    23.2439    12.9647    105.594    82.9002     4.8053      8.271     6.4249     9.1819    280.419    286.937       9070          3  0.000e+00
   56.77282 -135.50440     35.049     11.393     11.288    12.9665    30.9232  1023.2944    23.2435    12.9650    105.601    82.9002     4.8053      8.271     6.4253     9.1824    280.436    286.954       9071          3  0.000e+00
   56.77282 -135.50440     35.440     11.393     11.288    12.9664    30.9231  1023.2944    23.2435    12.9649    105.608    82.9002     4.8053      8.271     6.4257     9.1830    280.454    286.973       9072          3  0.000e+00
   56.77282 -135.50440     35.635     11.393     11.288    12.9660    30.9237  1023.2949    23.2439    12.9645    105.614    82.9002     4.8053      8.271     6.4261     9.1836    280.472    286.992       9073          3  0.000e+00
   56.77282 -135.50440     35.692     11.426     11.320    12.9664    30.9234  1023.2948    23.2437    12.9649    105.621    82.9002     4.8053      8.271     6.4265     9.1841    280.488    287.008       9074          3  0.000e+00
   56.77282 -135.50440     35.699     11.458     11.352    12.9667    30.9233  1023.2948    23.2436    12.9652    105.627    82.9002     4.8053      8.271     6.4269     9.1846    280.504    287.023       9075          3  0.000e+00
   56.77282 -135.50440     35.635     11.393     11.288    12.9664    30.9234  1023.2946    23.2437    12.9649    105.626    82.9002     4.8053      8.271     6.4268     9.1846    280.503    287.023       9076          3  0.000e+00
   56.77282 -135.50440     35.699     11.458     11.352    12.9665    30.9234  1023.2949    23.2437    12.9650    105.632    82.9002     4.8053      8.271     6.4272     9.1851    280.519    287.039       9077          3  0.000e+00
   56.77282 -135.50440     35.667     11.425     11.320    12.9669    30.9233  1023.2946    23.2435    12.9654    105.637    82.9002     4.8053      8.271     6.4274     9.1854    280.529    287.049       9078          3  0.000e+00
   56.77284 -135.50442     35.675     11.458     11.352    12.9669    30.9238  1023.2951    23.2439    12.9654    105.636    82.9002     4.8053      8.271     6.4274     9.1854    280.526    287.047       9079          3  0.000e+00
   56.77284 -135.50442     35.699     11.458     11.352    12.9670    30.9239  1023.2952    23.2439    12.9655    105.688    82.9002     4.8053      8.271     6.4305     9.1899    280.663    287.187       9080          3  0.000e+00
   56.77284 -135.50442     35.603     11.361     11.256    12.9670    30.9244  1023.2951    23.2443    12.9655    105.690    82.9002     4.8053      8.271     6.4306     9.1900    280.668    287.192       9081          3  0.000e+00
   56.77284 -135.50442     35.755     11.514     11.408    12.9667    30.9244  1023.2959    23.2444    12.9652    105.701    82.9002     4.8053      8.271     6.4313     9.1910    280.697    287.222       9082          3  0.000e+00
   56.77284 -135.50442     35.699     11.458     11.352    12.9673    30.9241  1023.2953    23.2440    12.9658    105.702    82.9002     4.8053      8.271     6.4313     9.1910    280.699    287.223       9083          3  0.000e+00
   56.77284 -135.50442     35.699     11.458     11.352    12.9670    30.9245  1023.2956    23.2444    12.9655    105.710    82.9002     4.8053      8.271     6.4318     9.1917    280.719    287.244       9084          3  0.000e+00
   56.77284 -135.50442     35.723     11.482     11.376    12.9672    30.9246  1023.2958    23.2445    12.9657    105.717    82.8723     4.8639      8.271     6.4322     9.1923    280.737    287.263       9085          3  0.000e+00
   56.77284 -135.50442     35.699     11.458     11.352    12.9677    30.9246  1023.2956    23.2444    12.9662    105.723    82.8723     4.9812      8.271     6.4325     9.1927    280.751    287.276       9086          3  0.000e+00
   56.77284 -135.50442     44.588     11.458     11.352    12.9677    30.9243  1023.2954    23.2442    12.9662    105.729    82.8443     5.0105      8.266     6.4329     9.1932    280.767    287.293       9087          3  0.000e+00
   56.77284 -135.50442     73.118     11.514     11.408    12.9679    30.9241  1023.2954    23.2439    12.9664    105.735    82.8723     5.0105      8.271     6.4332     9.1938    280.782    287.309       9088          3  0.000e+00
   56.77284 -135.50442     83.726     11.425     11.320    12.9677    30.9244  1023.2953    23.2442    12.9662    105.733    82.8723     5.0105      8.271     6.4332     9.1936    280.778    287.305       9089          3  0.000e+00
