EcoFOCI/data/1_SampleCollection/2022_GOA-OA_CruiseData/CTD_raw_BottleFile_RC0083/RC0083_049.ros
* Sea-Bird SBE 9 Data File:
* FileName = C:\Data\RC0083ctd\RC0083_049.hex
* Software Version Seasave V 7.26.7.107
* Temperature SN = 2060
* Conductivity SN = 1084
* Number of Bytes Per Scan = 31
* Number of Voltage Words = 4
* Number of Scans Averaged by the Deck Unit = 1
* NMEA Latitude = 58 12.65 N
* NMEA Longitude = 137 05.13 W
* NMEA UTC (Time) = Aug 19 2022  08:16:29
* NMEA baud rate = 4800
** Ship: R/V Rachel Carson
** Cruise ID: RC0083
** Tech: McHugh/Nomura
** Chief Scientist: Cross
** Station: SEM05
** Cast:  CTD049
# nquan = 21
# nvalues = 294                                   
# units = specified
# name 0 = latitude: Latitude [deg]
# name 1 = longitude: Longitude [deg]
# name 2 = sfdSM: Seafloor depth [salt water, m]
# name 3 = prDM: Pressure, Digiquartz [db]
# name 4 = depSM: Depth [salt water, m]
# name 5 = t090C: Temperature [ITS-90, deg C]
# name 6 = sal00: Salinity, Practical [PSU]
# name 7 = density00: Density [density, kg/m^3]
# name 8 = sigma-é00: Density [sigma-theta, kg/m^3]
# name 9 = potemp090C: Potential Temperature [ITS-90, deg C]
# name 10 = sbeox0PS: Oxygen, SBE 43 [% saturation]
# name 11 = CStarTr0: Beam Transmission, WET Labs C-Star [%]
# name 12 = flECO-AFL: Fluorescence, WET Labs ECO-AFL/FL [mg/m^3]
# name 13 = ph: pH
# name 14 = sbeox0ML/L: Oxygen, SBE 43 [ml/l]
# name 15 = sbeox0Mg/L: Oxygen, SBE 43 [mg/l]
# name 16 = sbox0Mm/Kg: Oxygen, SBE 43 [umol/kg]
# name 17 = sbeox0Mm/L: Oxygen, SBE 43 [umol/l]
# name 18 = scan: Scan Count
# name 19 = nbf: Bottles Fired
# name 20 = flag:  0.000e+00
# interval = seconds: 0.0416667
# start_time = Aug 19 2022 08:16:29 [NMEA time, header]
# bad_flag = -9.990e-29
*END*
[from data line 69]
   58.21160 -137.08534    124.629     76.858     76.130     7.4026    32.0257  1025.3756    25.0233     7.3956     58.534    96.6610     0.0874      7.908     3.9927     5.7060    173.960    178.314       7056          2  0.000e+00
   58.21160 -137.08534    124.693     76.923     76.195     7.4026    32.0252  1025.3755    25.0230     7.3956     58.540    96.6610     0.0874      7.908     3.9930     5.7065    173.976    178.329       7057          2  0.000e+00
   58.21160 -137.08534    124.629     76.858     76.130     7.4024    32.0248  1025.3749    25.0226     7.3954     58.544    96.6330     0.0874      7.908     3.9934     5.7069    173.989    178.343       7058          2  0.000e+00
   58.21160 -137.08534    124.597     76.802     76.074     7.4024    32.0251  1025.3749    25.0229     7.3954     58.548    96.6610     0.0874      7.908     3.9936     5.7073    174.001    178.355       7059          2  0.000e+00
   58.21160 -137.08534    124.541     76.745     76.018     7.4023    32.0247  1025.3743    25.0226     7.3953     58.552    96.6610     0.0874      7.908     3.9939     5.7077    174.015    178.369       7060          2  0.000e+00
   58.21160 -137.08534    124.726     76.907     76.179     7.4021    32.0242  1025.3747    25.0223     7.3951     58.558    96.6330     0.0874      7.908     3.9944     5.7083    174.034    178.388       7061          2  0.000e+00
   58.21160 -137.08534    124.565     76.745     76.018     7.4019    32.0243  1025.3741    25.0224     7.3949     58.561    96.6330     0.0874      7.908     3.9946     5.7087    174.044    178.399       7062          2  0.000e+00
   58.21160 -137.08534    124.621     76.802     76.074     7.4016    32.0242  1025.3743    25.0223     7.3946     58.566    96.6610     0.0874      7.908     3.9950     5.7092    174.061    178.416       7063          2  0.000e+00
   58.21160 -137.08534    124.565     76.745     76.018     7.4019    32.0240  1025.3738    25.0221     7.3949     58.570    96.6610     0.0874      7.908     3.9952     5.7096    174.072    178.427       7064          2  0.000e+00
   58.21160 -137.08534    124.590     76.745     76.018     7.4016    32.0244  1025.3742    25.0224     7.3946     58.575    96.6610     0.0874      7.908     3.9956     5.7101    174.086    178.443       7065          2  0.000e+00
   58.21160 -137.08534    124.614     76.745     76.018     7.4016    32.0238  1025.3737    25.0220     7.3946     58.580    96.6610     0.0874      7.908     3.9959     5.7106    174.101    178.457       7066          2  0.000e+00
   58.21160 -137.08534    124.575     76.680     75.954     7.4017    32.0235  1025.3732    25.0218     7.3947     58.584    96.6610     0.0874      7.908     3.9962     5.7110    174.113    178.470       7067          2  0.000e+00
   58.21160 -137.08534    124.614     76.745     76.018     7.4014    32.0235  1025.3735    25.0218     7.3944     58.581    96.6610     0.0874      7.908     3.9960     5.7107    174.106    178.463       7068          2  0.000e+00
   58.21160 -137.08534    124.452     76.680     75.954     7.4014    32.0236  1025.3733    25.0219     7.3944     58.585    96.5771     0.0874      7.908     3.9963     5.7111    174.117    178.474       7069          2  0.000e+00
   58.21162 -137.08534    123.769     76.680     75.954     7.4016    32.0236  1025.3732    25.0218     7.3946     58.582    96.5211     0.0874      7.908     3.9960     5.7108    174.107    178.463       7070          2  0.000e+00
   58.21162 -137.08534    123.395     76.624     75.898     7.4015    32.0233  1025.3727    25.0216     7.3945     58.585    96.5211     0.0874      7.908     3.9963     5.7111    174.118    178.475       7071          2  0.000e+00
   58.21162 -137.08534    123.427     76.680     75.954     7.4014    32.0230  1025.3728    25.0213     7.3944     58.590    96.5211     0.0874      7.908     3.9966     5.7116    174.132    178.489       7072          2  0.000e+00
   58.21162 -137.08534    123.331     76.559     75.834     7.4014    32.0229  1025.3722    25.0213     7.3945     58.585    96.5211     0.0874      7.908     3.9963     5.7111    174.118    178.475       7073          2  0.000e+00
   58.21162 -137.08534    123.444     76.624     75.898     7.4015    32.0226  1025.3723    25.0211     7.3945     58.581    96.5211     0.0874      7.908     3.9961     5.7108    174.108    178.465       7074          2  0.000e+00
   58.21162 -137.08534    123.664     76.624     75.898     7.4013    32.0232  1025.3727    25.0215     7.3943     58.585    96.5211     0.0874      7.908     3.9963     5.7111    174.118    178.475       7075          2  0.000e+00
   58.21162 -137.08534    123.697     76.559     75.834     7.4014    32.0228  1025.3721    25.0212     7.3945     58.580    96.5211     0.0874      7.908     3.9960     5.7107    174.104    178.460       7076          2  0.000e+00
   58.21162 -137.08534    123.697     76.559     75.834     7.4013    32.0226  1025.3720    25.0211     7.3943     58.576    96.5211     0.0874      7.908     3.9957     5.7102    174.091    178.447       7077          2  0.000e+00
   58.21162 -137.08534    123.818     76.680     75.954     7.4012    32.0232  1025.3730    25.0216     7.3942     58.572    96.5211     0.0874      7.908     3.9954     5.7098    174.079    178.435       7078          2  0.000e+00
   58.21162 -137.08534    123.570     76.381     75.658     7.4013    32.0228  1025.3713    25.0212     7.3943     58.564    96.5211     0.0874      7.908     3.9949     5.7091    174.057    178.412       7079          2  0.000e+00
   58.21162 -137.08534    123.861     76.502     75.778     7.4009    32.0218  1025.3711    25.0205     7.3940     58.560    96.5211     0.0874      7.908     3.9946     5.7088    174.046    178.401       7080          2  0.000e+00
   58.21162 -137.08534    123.910     76.502     75.778     7.4008    32.0216  1025.3710    25.0204     7.3938     58.554    96.5211     0.0581      7.908     3.9943     5.7082    174.030    178.384       7081          2  0.000e+00
   58.21162 -137.08534    123.910     76.502     75.778     7.4006    32.0216  1025.3710    25.0204     7.3936     58.548    96.5211     0.0581      7.908     3.9939     5.7076    174.013    178.367       7082          2  0.000e+00
   58.21162 -137.08534    123.854     76.446     75.722     7.4008    32.0207  1025.3700    25.0197     7.3938     58.541    96.5211     0.0581      7.908     3.9934     5.7070    173.993    178.346       7083          2  0.000e+00
   58.21162 -137.08534    123.854     76.446     75.722     7.4007    32.0204  1025.3698    25.0194     7.3937     58.542    96.5211     0.0581      7.903     3.9935     5.7071    173.996    178.350       7084          2  0.000e+00
   58.21176 -137.08542    124.926     52.083     51.593     9.3773    31.9068  1024.8753    24.6389     9.3717     76.405   104.8279     0.2925      8.059     4.9892     7.1301    217.460    222.818       8705          3  0.000e+00
   58.21176 -137.08542    124.982     52.139     51.649     9.3724    31.9106  1024.8793    24.6426     9.3669     76.401   104.8559     0.2925      8.059     4.9894     7.1303    217.467    222.826       8706          3  0.000e+00
   58.21176 -137.08542    124.902     52.083     51.593     9.3724    31.9129  1024.8808    24.6444     9.3669     76.397   104.8559     0.2925      8.059     4.9890     7.1298    217.450    222.809       8707          3  0.000e+00
   58.21176 -137.08542    124.853     52.083     51.593     9.3716    31.9142  1024.8820    24.6456     9.3660     76.387   104.8279     0.2925      8.059     4.9884     7.1289    217.423    222.781       8708          3  0.000e+00
   58.21176 -137.08542    124.828     52.083     51.593     9.3758    31.9166  1024.8832    24.6468     9.3703     76.383   104.8559     0.2925      8.059     4.9876     7.1278    217.389    222.747       8709          3  0.000e+00
   58.21176 -137.08542    124.588     51.840     51.353     9.3951    31.9161  1024.8786    24.6433     9.3896     76.322   104.8559     0.2925      8.059     4.9815     7.1191    217.124    222.475       8710          3  0.000e+00
   58.21176 -137.08542    124.652     51.905     51.417     9.4175    31.9139  1024.8736    24.6381     9.4120     76.368   104.8559     0.2925      8.059     4.9821     7.1199    217.151    222.501       8711          3  0.000e+00
   58.21176 -137.08542    124.708     51.962     51.473     9.4336    31.9119  1024.8697    24.6339     9.4281     76.367   104.8279     0.2925      8.058     4.9803     7.1174    217.074    222.421       8712          3  0.000e+00
   58.21176 -137.08542    124.708     51.962     51.473     9.4449    31.9081  1024.8650    24.6292     9.4393     76.366   104.8559     0.2925      8.058     4.9792     7.1157    217.025    222.370       8713          3  0.000e+00
   58.21176 -137.08542    124.412     51.663     51.176     9.4519    31.9052  1024.8602    24.6258     9.4464     76.364   104.8559     0.2925      8.063     4.9784     7.1146    216.990    222.334       8714          3  0.000e+00
   58.21176 -137.08542    124.532     51.784     51.297     9.4562    31.9036  1024.8588    24.6239     9.4507     76.367   104.8559     0.2925      8.063     4.9782     7.1143    216.982    222.325       8715          3  0.000e+00
   58.21176 -137.08542    124.644     51.897     51.409     9.4596    31.9028  1024.8582    24.6227     9.4541     76.371   104.8559     0.2925      8.063     4.9781     7.1142    216.978    222.321       8716          3  0.000e+00
   58.21176 -137.08542    124.381     51.606     51.120     9.4628    31.9019  1024.8557    24.6215     9.4573     76.372   104.8559     0.2925      8.063     4.9778     7.1138    216.967    222.309       8717          3  0.000e+00
   58.21176 -137.08542    124.421     51.598     51.112     9.4649    31.9014  1024.8549    24.6208     9.4594     76.377   104.8559     0.2925      8.063     4.9779     7.1139    216.971    222.313       8718          3  0.000e+00
   58.21176 -137.08542    124.429     51.606     51.120     9.4669    31.9008  1024.8542    24.6200     9.4614     76.437   104.8559     0.2925      8.063     4.9816     7.1193    217.134    222.480       8719          3  0.000e+00
   58.21176 -137.08542    124.541     51.719     51.232     9.4687    31.9001  1024.8538    24.6191     9.4632     76.451   104.8559     0.2632      8.063     4.9824     7.1203    217.166    222.512       8720          3  0.000e+00
   58.21176 -137.08542    124.253     51.428     50.944     9.4703    31.8999  1024.8521    24.6188     9.4648     76.462   104.8559     0.2339      8.063     4.9829     7.1210    217.188    222.535       8721          3  0.000e+00
   58.21176 -137.08542    124.431     51.485     51.000     9.4708    31.9001  1024.8524    24.6188     9.4653     76.476   104.8559     0.2046      8.063     4.9838     7.1223    217.227    222.575       8722          3  0.000e+00
   58.21176 -137.08542    124.473     51.428     50.944     9.4719    31.9003  1024.8522    24.6188     9.4664     76.490   104.8559     0.2046      8.063     4.9845     7.1234    217.260    222.609       8723          3  0.000e+00
   58.21176 -137.08542    124.634     51.541     51.056     9.4729    31.9003  1024.8525    24.6187     9.4674     76.506   104.8559     0.2046      8.063     4.9855     7.1247    217.301    222.651       8724          3  0.000e+00
   58.21176 -137.08542    124.321     51.250     50.768     9.4736    31.9002  1024.8510    24.6185     9.4681     76.519   104.8559     0.2046      8.063     4.9862     7.1258    217.334    222.685       8725          3  0.000e+00
   58.21176 -137.08542    124.369     51.299     50.816     9.4739    31.8998  1024.8509    24.6181     9.4684     76.529   104.8559     0.2046      8.063     4.9868     7.1267    217.361    222.712       8726          3  0.000e+00
   58.21176 -137.08542    124.377     51.307     50.824     9.4743    31.8998  1024.8509    24.6181     9.4688     76.538   104.8838     0.2046      8.063     4.9874     7.1275    217.387    222.739       8727          3  0.000e+00
   58.21176 -137.08542    124.321     51.250     50.768     9.4745    31.9002  1024.8508    24.6183     9.4691     76.602   104.8559     0.2046      8.063     4.9916     7.1334    217.567    222.923       8728          3  0.000e+00
   58.21176 -137.08542    124.257     51.186     50.704     9.4747    31.9001  1024.8505    24.6182     9.4693     76.625   104.8559     0.2046      8.063     4.9930     7.1355    217.631    222.988       8729          3  0.000e+00
   58.21176 -137.08542    124.257     51.186     50.704     9.4742    31.9002  1024.8506    24.6184     9.4687     76.642   104.8559     0.2046      8.063     4.9942     7.1372    217.681    223.040       8730          3  0.000e+00
   58.21176 -137.08542    124.193     51.121     50.640     9.4745    31.9000  1024.8501    24.6182     9.4691     76.658   104.8559     0.2046      8.063     4.9952     7.1386    217.725    223.085       8731          3  0.000e+00
   58.21176 -137.08542    124.137     51.064     50.584     9.4741    31.9001  1024.8500    24.6183     9.4686     76.674   104.8559     0.2046      8.063     4.9963     7.1402    217.773    223.134       8732          3  0.000e+00
   58.21176 -137.08542    124.257     51.186     50.704     9.4734    31.8999  1024.8505    24.6183     9.4679     76.692   104.8559     0.2046      8.063     4.9975     7.1420    217.828    223.190       8733          3  0.000e+00
   58.21176 -137.08542    123.961     50.887     50.408     9.4730    31.9000  1024.8493    24.6184     9.4675     76.761   104.8559     0.2046      8.063     5.0021     7.1484    218.025    223.392       8734          3  0.000e+00
   58.21176 -137.08542    124.017     50.943     50.464     9.4725    31.9003  1024.8498    24.6187     9.4671     76.784   104.8559     0.2046      8.063     5.0036     7.1507    218.093    223.463       8735          3  0.000e+00
   58.21176 -137.08542    119.190     50.951     50.472     9.4729    31.9000  1024.8496    24.6184     9.4675     76.807   104.8559     0.2046      8.063     5.0051     7.1528    218.157    223.528       8736          3  0.000e+00
   58.21176 -137.08542    114.125     51.064     50.584     9.4724    31.8999  1024.8501    24.6184     9.4670     76.831   104.8559     0.2046      8.063     5.0067     7.1551    218.227    223.599       8737          3  0.000e+00
   58.21176 -137.08542    112.657     50.765     50.288     9.4717    31.9001  1024.8490    24.6187     9.4663     76.850   104.8559     0.2046      8.063     5.0080     7.1570    218.284    223.658       8738          3  0.000e+00
   58.21176 -137.08542    112.932     50.822     50.344     9.4717    31.9002  1024.8493    24.6187     9.4663     76.920   104.8559     0.2046      8.063     5.0126     7.1635    218.484    223.863       8739          3  0.000e+00
   58.21176 -137.08542    113.160     50.830     50.352     9.4717    31.9004  1024.8495    24.6189     9.4663     76.887   104.8559     0.2046      8.063     5.0104     7.1604    218.388    223.764       8740          3  0.000e+00
   58.21176 -137.08542    113.177     50.822     50.344     9.4714    31.9004  1024.8495    24.6189     9.4660     76.955   104.8559     0.2046      8.063     5.0149     7.1668    218.584    223.965       8741          3  0.000e+00
   58.21176 -137.08542    113.064     50.709     50.232     9.4717    31.9005  1024.8490    24.6190     9.4662     76.973   104.8559     0.2046      8.063     5.0161     7.1684    218.635    224.017       8742          3  0.000e+00
   58.21176 -137.08542    113.241     50.886     50.408     9.4721    31.9008  1024.8500    24.6191     9.4666     76.994   104.8559     0.2046      8.063     5.0173     7.1703    218.690    224.074       8743          3  0.000e+00
