EcoFOCI/data/1_SampleCollection/2022_GOA-OA_CruiseData/CTD_raw_BottleFile_RC0083/RC0083_053.ros
* Sea-Bird SBE 9 Data File:
* FileName = C:\Data\RC0083ctd\RC0083_053.hex
* Software Version Seasave V 7.26.7.107
* Temperature SN = 2060
* Conductivity SN = 1084
* Number of Bytes Per Scan = 31
* Number of Voltage Words = 4
* Number of Scans Averaged by the Deck Unit = 1
* NMEA Latitude = 58 19.84 N
* NMEA Longitude = 136 06.98 W
* NMEA UTC (Time) = Aug 19 2022  13:35:11
* NMEA baud rate = 4800
** Ship: R/V Rachel Carson
** Cruise ID: RC0083
** Tech: McHugh/Nomura
** Chief Scientist: Cross
** Station: GB24
** Cast:  CTD053
# nquan = 21
# nvalues = 245                                   
# units = specified
# name 0 = latitude: Latitude [deg]
# name 1 = longitude: Longitude [deg]
# name 2 = sfdSM: Seafloor depth [salt water, m]
# name 3 = prDM: Pressure, Digiquartz [db]
# name 4 = depSM: Depth [salt water, m]
# name 5 = t090C: Temperature [ITS-90, deg C]
# name 6 = sal00: Salinity, Practical [PSU]
# name 7 = density00: Density [density, kg/m^3]
# name 8 = sigma-é00: Density [sigma-theta, kg/m^3]
# name 9 = potemp090C: Potential Temperature [ITS-90, deg C]
# name 10 = sbeox0PS: Oxygen, SBE 43 [% saturation]
# name 11 = CStarTr0: Beam Transmission, WET Labs C-Star [%]
# name 12 = flECO-AFL: Fluorescence, WET Labs ECO-AFL/FL [mg/m^3]
# name 13 = ph: pH
# name 14 = sbeox0ML/L: Oxygen, SBE 43 [ml/l]
# name 15 = sbeox0Mg/L: Oxygen, SBE 43 [mg/l]
# name 16 = sbox0Mm/Kg: Oxygen, SBE 43 [umol/kg]
# name 17 = sbeox0Mm/L: Oxygen, SBE 43 [umol/l]
# name 18 = scan: Scan Count
# name 19 = nbf: Bottles Fired
# name 20 = flag:  0.000e+00
# interval = seconds: 0.0416667
# start_time = Aug 19 2022 13:35:11 [NMEA time, header]
# bad_flag = -9.990e-29
*END*
[from data line 69]
   58.33166 -136.11214    133.479    101.554    100.586     7.3643    32.1281  1025.5747    25.1093     7.3551     52.558    84.9140     0.2339      7.884     3.5858     5.1244    156.218    160.140       7807          2  0.000e+00
   58.33166 -136.11214    133.327    101.401    100.433     7.3643    32.1282  1025.5741    25.1095     7.3551     52.557    84.9140     0.2339      7.884     3.5857     5.1243    156.215    160.138       7808          2  0.000e+00
   58.33166 -136.11214    133.415    101.489    100.522     7.3642    32.1278  1025.5742    25.1092     7.3549     52.558    84.9140     0.2339      7.884     3.5858     5.1245    156.219    160.141       7809          2  0.000e+00
   58.33166 -136.11214    133.352    101.400    100.433     7.3643    32.1280  1025.5739    25.1093     7.3551     52.558    84.9140     0.2339      7.884     3.5858     5.1244    156.217    160.140       7810          2  0.000e+00
   58.33166 -136.11214    133.464    101.489    100.522     7.3643    32.1282  1025.5744    25.1094     7.3551     52.567    84.9140     0.2339      7.884     3.5863     5.1252    156.243    160.166       7811          2  0.000e+00
   58.33166 -136.11214    133.376    101.400    100.433     7.3641    32.1284  1025.5743    25.1096     7.3549     52.574    84.9140     0.2339      7.884     3.5869     5.1260    156.266    160.190       7812          2  0.000e+00
   58.33166 -136.11214    133.464    101.489    100.521     7.3643    32.1282  1025.5744    25.1094     7.3551     52.576    84.8581     0.2339      7.884     3.5870     5.1261    156.270    160.194       7813          2  0.000e+00
   58.33166 -136.11214    133.376    101.400    100.433     7.3644    32.1281  1025.5740    25.1094     7.3551     52.520    84.8021     0.2339      7.884     3.5832     5.1207    156.104    160.024       7814          2  0.000e+00
   58.33166 -136.11214    133.464    101.489    100.521     7.3641    32.1279  1025.5743    25.1093     7.3549     52.571    84.7741     0.2339      7.884     3.5866     5.1257    156.256    160.179       7815          2  0.000e+00
   58.33166 -136.11214    133.440    101.465    100.497     7.3641    32.1284  1025.5746    25.1096     7.3549     52.572    84.7741     0.2339      7.884     3.5867     5.1258    156.258    160.182       7816          2  0.000e+00
   58.33166 -136.11214    133.408    101.433    100.465     7.3643    32.1280  1025.5741    25.1093     7.3551     52.573    84.8021     0.2339      7.884     3.5868     5.1258    156.261    160.185       7817          2  0.000e+00
   58.33166 -136.11214    133.440    101.465    100.497     7.3643    32.1281  1025.5743    25.1094     7.3551     52.574    84.7741     0.2339      7.884     3.5869     5.1260    156.265    160.189       7818          2  0.000e+00
   58.33166 -136.11214    133.408    101.433    100.465     7.3640    32.1287  1025.5746    25.1098     7.3548     52.575    84.8021     0.2339      7.884     3.5869     5.1261    156.269    160.193       7819          2  0.000e+00
   58.33166 -136.11214    133.440    101.465    100.497     7.3641    32.1282  1025.5744    25.1095     7.3549     52.577    84.7741     0.2339      7.884     3.5870     5.1262    156.273    160.197       7820          2  0.000e+00
   58.33166 -136.11214    133.464    101.489    100.521     7.3638    32.1285  1025.5748    25.1098     7.3546     52.578    84.7741     0.2339      7.884     3.5872     5.1264    156.278    160.202       7821          2  0.000e+00
   58.33166 -136.11214    133.440    101.465    100.497     7.3638    32.1288  1025.5749    25.1100     7.3546     52.579    84.7741     0.2339      7.884     3.5872     5.1265    156.281    160.205       7822          2  0.000e+00
   58.33166 -136.11214    133.408    101.433    100.465     7.3635    32.1290  1025.5750    25.1102     7.3542     52.580    84.7741     0.2339      7.884     3.5873     5.1266    156.285    160.210       7823          2  0.000e+00
   58.33166 -136.11214    133.391    101.465    100.497     7.3636    32.1289  1025.5750    25.1101     7.3543     52.582    84.7741     0.2339      7.884     3.5874     5.1268    156.289    160.214       7824          2  0.000e+00
   58.33166 -136.11214    133.293    101.489    100.521     7.3637    32.1290  1025.5752    25.1101     7.3544     52.583    84.8021     0.2339      7.884     3.5875     5.1269    156.293    160.218       7825          2  0.000e+00
   58.33166 -136.11214    133.245    101.465    100.497     7.3638    32.1285  1025.5747    25.1097     7.3546     52.584    84.7741     0.2339      7.884     3.5876     5.1270    156.296    160.221       7826          2  0.000e+00
   58.33166 -136.11214    133.269    101.489    100.521     7.3637    32.1287  1025.5749    25.1099     7.3544     52.585    84.7741     0.2339      7.884     3.5877     5.1271    156.301    160.225       7827          2  0.000e+00
   58.33166 -136.11214    133.245    101.465    100.497     7.3638    32.1286  1025.5748    25.1099     7.3546     52.586    84.8021     0.2339      7.884     3.5877     5.1272    156.303    160.228       7828          2  0.000e+00
   58.33166 -136.11214    133.164    101.433    100.465     7.3638    32.1287  1025.5747    25.1099     7.3545     52.644    84.7741     0.2339      7.884     3.5916     5.1328    156.473    160.402       7829          2  0.000e+00
   58.33166 -136.11214    133.058    101.400    100.433     7.3637    32.1290  1025.5748    25.1102     7.3544     52.652    84.8021     0.2339      7.884     3.5922     5.1336    156.497    160.427       7830          2  0.000e+00
   58.33166 -136.11214    133.211    101.554    100.585     7.3635    32.1288  1025.5753    25.1100     7.3542     52.605    84.7741     0.2339      7.884     3.5890     5.1290    156.359    160.285       7831          2  0.000e+00
   58.33166 -136.11214    133.122    101.465    100.497     7.3637    32.1289  1025.5750    25.1101     7.3544     52.661    84.7741     0.2339      7.884     3.5928     5.1345    156.525    160.455       7832          2  0.000e+00
   58.33166 -136.11214    133.147    101.489    100.521     7.3636    32.1287  1025.5750    25.1100     7.3543     52.613    84.7741     0.2339      7.884     3.5895     5.1298    156.382    160.309       7833          2  0.000e+00
   58.33166 -136.11214    133.147    101.465    100.497     7.3635    32.1289  1025.5750    25.1101     7.3542     52.669    84.7182     0.2339      7.884     3.5934     5.1353    156.549    160.480       7834          2  0.000e+00
   58.33166 -136.11214    133.115    101.433    100.465     7.3635    32.1288  1025.5748    25.1100     7.3542     52.620    84.7182     0.2339      7.884     3.5900     5.1305    156.404    160.331       7835          2  0.000e+00
   58.33178 -136.11084    123.565     25.291     25.054     7.9950    30.7430  1024.0494    23.9335     7.9927     61.136    89.9764     0.7614      7.949     4.1488     5.9291    180.957    185.288      11293          3  0.000e+00
   58.33178 -136.11084    123.621     25.347     25.110     7.9950    30.7428  1024.0494    23.9333     7.9926     61.190    89.9764     0.7321      7.949     4.1525     5.9343    181.116    185.450      11294          3  0.000e+00
   58.33178 -136.11084    123.541     25.267     25.030     7.9950    30.7427  1024.0490    23.9333     7.9927     61.194    89.9764     0.7321      7.949     4.1528     5.9347    181.128    185.463      11295          3  0.000e+00
   58.33178 -136.11084    123.621     25.347     25.110     7.9955    30.7425  1024.0492    23.9331     7.9931     61.199    89.9764     0.7321      7.949     4.1531     5.9351    181.140    185.476      11296          3  0.000e+00
   58.33178 -136.11084    123.621     25.347     25.110     7.9950    30.7430  1024.0496    23.9335     7.9926     61.148    89.9764     0.7321      7.949     4.1496     5.9302    180.991    185.323      11297          3  0.000e+00
   58.33178 -136.11084    123.565     25.291     25.054     7.9950    30.7428  1024.0492    23.9333     7.9927     61.144    89.9764     0.7321      7.949     4.1494     5.9299    180.981    185.313      11298          3  0.000e+00
   58.33178 -136.11084    123.565     25.291     25.054     7.9950    30.7428  1024.0492    23.9333     7.9927     61.141    89.9764     0.7614      7.949     4.1492     5.9296    180.973    185.304      11299          3  0.000e+00
   58.33178 -136.11084    123.621     25.347     25.110     7.9953    30.7430  1024.0496    23.9335     7.9929     61.139    89.9764     0.7321      7.949     4.1490     5.9293    180.964    185.295      11300          3  0.000e+00
   58.33178 -136.11084    123.565     25.291     25.054     7.9949    30.7434  1024.0497    23.9339     7.9925     61.136    89.9764     0.7321      7.949     4.1488     5.9291    180.955    185.286      11301          3  0.000e+00
   58.33178 -136.11084    123.305     25.226     24.990     7.9950    30.7431  1024.0492    23.9336     7.9927     61.132    89.9764     0.7321      7.949     4.1486     5.9287    180.945    185.275      11302          3  0.000e+00
   58.33178 -136.11084    123.245     25.412     25.174     7.9952    30.7420  1024.0491    23.9327     7.9928     61.131    89.9764     0.7321      7.949     4.1485     5.9286    180.941    185.272      11303          3  0.000e+00
   58.33178 -136.11084    123.052     25.291     25.054     7.9954    30.7412  1024.0479    23.9320     7.9930     61.127    89.9764     0.7321      7.949     4.1482     5.9282    180.930    185.260      11304          3  0.000e+00
   58.33178 -136.11084    123.052     25.291     25.054     7.9955    30.7402  1024.0471    23.9312     7.9931     61.124    89.9764     0.7321      7.949     4.1480     5.9280    180.922    185.252      11305          3  0.000e+00
   58.33178 -136.11084    123.132     25.347     25.110     7.9955    30.7398  1024.0471    23.9310     7.9931     61.121    89.9764     0.7321      7.949     4.1479     5.9277    180.915    185.245      11306          3  0.000e+00
   58.33178 -136.11084    123.076     25.291     25.054     7.9957    30.7392  1024.0463    23.9304     7.9934     61.118    89.9764     0.7321      7.949     4.1477     5.9274    180.905    185.234      11307          3  0.000e+00
   58.33178 -136.11084    123.076     25.291     25.054     7.9963    30.7386  1024.0457    23.9298     7.9940     61.115    89.9764     0.7614      7.949     4.1474     5.9271    180.894    185.223      11308          3  0.000e+00
   58.33178 -136.11084    123.132     25.347     25.110     7.9966    30.7379  1024.0454    23.9293     7.9943     61.113    89.9764     0.7907      7.949     4.1472     5.9268    180.887    185.215      11309          3  0.000e+00
   58.33178 -136.11084    123.076     25.291     25.054     7.9970    30.7380  1024.0452    23.9293     7.9946     61.109    89.9204     0.7907      7.949     4.1470     5.9264    180.875    185.203      11310          3  0.000e+00
   58.33178 -136.11084    123.076     25.291     25.054     7.9973    30.7375  1024.0448    23.9289     7.9950     61.106    89.8086     0.8200      7.949     4.1467     5.9261    180.865    185.193      11311          3  0.000e+00
   58.33178 -136.11084    123.076     25.291     25.054     7.9981    30.7358  1024.0433    23.9274     7.9957     61.110    89.7526     0.8200      7.949     4.1470     5.9265    180.877    185.205      11312          3  0.000e+00
   58.33178 -136.11084    123.132     25.347     25.110     7.9999    30.7337  1024.0417    23.9256     7.9975     61.108    89.7526     0.7907      7.949     4.1467     5.9261    180.866    185.193      11313          3  0.000e+00
   58.33178 -136.11084    123.076     25.291     25.054     8.0001    30.7337  1024.0414    23.9255     7.9977     61.105    89.7806     0.7907      7.949     4.1465     5.9258    180.856    185.183      11314          3  0.000e+00
   58.33178 -136.11084    119.731     25.291     25.054     7.9994    30.7339  1024.0417    23.9258     7.9970     61.102    89.7806     0.7907      7.949     4.1464     5.9256    180.851    185.178      11315          3  0.000e+00
   58.33178 -136.11084    100.634     25.291     25.054     7.9984    30.7341  1024.0419    23.9261     7.9961     61.100    89.7526     0.7907      7.949     4.1463     5.9255    180.847    185.174      11316          3  0.000e+00
   58.33178 -136.11084     92.063     25.291     25.054     7.9986    30.7333  1024.0413    23.9254     7.9962     61.097    89.7806     0.7907      7.949     4.1461     5.9252    180.840    185.166      11317          3  0.000e+00
   58.33178 -136.11084     91.477     25.291     25.054     7.9992    30.7318  1024.0400    23.9242     7.9969     61.102    89.7526     0.8200      7.949     4.1464     5.9257    180.853    185.179      11318          3  0.000e+00
   58.33178 -136.11084     92.339     25.347     25.110     7.9989    30.7312  1024.0399    23.9237     7.9966     61.100    89.7806     0.7907      7.949     4.1463     5.9255    180.849    185.176      11319          3  0.000e+00
   58.33178 -136.11084     92.624     25.291     25.054     7.9988    30.7313  1024.0397    23.9238     7.9964     61.097    89.7806     0.7907      7.949     4.1462     5.9253    180.841    185.168      11320          3  0.000e+00
   58.33178 -136.11084     92.624     25.291     25.054     7.9986    30.7320  1024.0402    23.9244     7.9962     61.095    89.7526     0.7907      7.949     4.1460     5.9251    180.834    185.161      11321          3  0.000e+00
   58.33178 -136.11084     92.600     25.291     25.054     7.9980    30.7323  1024.0406    23.9247     7.9956     61.093    89.7806     0.8200      7.949     4.1459     5.9249    180.830    185.156      11322          3  0.000e+00
   58.33178 -136.11084     92.576     25.291     25.054     7.9976    30.7326  1024.0409    23.9250     7.9952     61.090    89.7526     0.7907      7.949     4.1458     5.9247    180.824    185.150      11323          3  0.000e+00
   58.33178 -136.11084     92.576     25.291     25.054     7.9974    30.7323  1024.0406    23.9248     7.9950     61.033    89.7806     0.7907      7.949     4.1419     5.9192    180.655    184.977      11324          3  0.000e+00
   58.33178 -136.11084     92.576     25.291     25.054     7.9973    30.7328  1024.0410    23.9251     7.9950     61.024    89.7526     0.8200      7.949     4.1413     5.9183    180.628    184.950      11325          3  0.000e+00
   58.33178 -136.11084     92.576     25.291     25.054     7.9973    30.7332  1024.0414    23.9255     7.9950     61.015    89.7526     0.7907      7.949     4.1407     5.9174    180.602    184.923      11326          3  0.000e+00
   58.33178 -136.11084     92.632     25.347     25.110     7.9974    30.7333  1024.0417    23.9256     7.9950     61.062    89.7806     0.8200      7.949     4.1439     5.9220    180.741    185.065      11327          3  0.000e+00
   58.33178 -136.11082     59.023     25.291     25.054     7.9973    30.7339  1024.0419    23.9260     7.9950     61.060    89.7806     0.8200      7.949     4.1437     5.9218    180.735    185.059      11328          3  0.000e+00
   58.33178 -136.11082     32.063     25.291     25.054     7.9973    30.7337  1024.0417    23.9259     7.9950     61.066    89.7526     0.8200      7.949     4.1441     5.9224    180.752    185.077      11329          3  0.000e+00
   58.33178 -136.11082     27.057     25.291     25.054     7.9976    30.7330  1024.0412    23.9253     7.9952     61.017    89.7526     0.8200      7.949     4.1408     5.9176    180.607    184.928      11330          3  0.000e+00
   58.33178 -136.11082     28.571     25.291     25.054     7.9978    30.7326  1024.0408    23.9249     7.9955     61.017    89.6967     0.8200      7.949     4.1408     5.9176    180.605    184.926      11331          3  0.000e+00
