EcoFOCI/data/1_SampleCollection/2022_GOA-OA_CruiseData/CTD_raw_BottleFile_RC0083/RC0083_113.cnv
* Sea-Bird SBE 9 Data File:
* FileName = C:\Data\RC0083ctd\RC0083_113.hex
* Software Version Seasave V 7.26.7.107
* Temperature SN = 2060
* Conductivity SN = 2881
* Number of Bytes Per Scan = 31
* Number of Voltage Words = 4
* Number of Scans Averaged by the Deck Unit = 1
* NMEA Latitude = 56 00.32 N
* NMEA Longitude = 133 48.05 W
* NMEA UTC (Time) = Aug 23 2022  12:32:31
* NMEA baud rate = 4800
** Ship: R/V Rachel Carson
** Cruise ID: RC0083
** Tech: McHugh/Nomura
** Chief Scientist: Cross
** Station: LSS1
** Cast:  CTD113
# nquan = 19
# nvalues = 12832                                 
# units = specified
# name 0 = latitude: Latitude [deg]
# name 1 = longitude: Longitude [deg]
# name 2 = sfdSM: Seafloor depth [salt water, m]
# name 3 = prDM: Pressure, Digiquartz [db]
# name 4 = depSM: Depth [salt water, m]
# name 5 = t090C: Temperature [ITS-90, deg C]
# name 6 = sal00: Salinity, Practical [PSU]
# name 7 = density00: Density [density, kg/m^3]
# name 8 = sigma-é00: Density [sigma-theta, kg/m^3]
# name 9 = potemp090C: Potential Temperature [ITS-90, deg C]
# name 10 = sbeox0PS: Oxygen, SBE 43 [% saturation]
# name 11 = CStarTr0: Beam Transmission, WET Labs C-Star [%]
# name 12 = flECO-AFL: Fluorescence, WET Labs ECO-AFL/FL [mg/m^3]
# name 13 = ph: pH
# name 14 = sbeox0ML/L: Oxygen, SBE 43 [ml/l]
# name 15 = sbeox0Mg/L: Oxygen, SBE 43 [mg/l]
# name 16 = sbox0Mm/Kg: Oxygen, SBE 43 [umol/kg]
# name 17 = sbeox0Mm/L: Oxygen, SBE 43 [umol/l]
# name 18 = flag:  0.000e+00
# span 0 =   56.00400,   56.00528                 
# span 1 = -133.80128, -133.80080                 
# span 2 =      3.086,    240.440                 
# span 3 =      2.095,    176.923                 
# span 4 =      2.076,    175.238                 
# span 5 =     6.4376,    13.4168                 
# span 6 =    31.0985,    33.2023                 
# span 7 =  1023.5524,  1026.8895                 
# span 8 =    23.5414,    26.0789                 
# span 9 =     6.4227,    13.4165                 
# span 10 =     35.713,     93.255                
# span 11 =    97.4721,   103.6252                
# span 12 =    -0.0591,     2.7247                
# span 13 =      7.776,      8.269                
# span 14 =     2.4713,     5.6163                
# span 15 =     3.5318,     8.0262                
# span 16 =    107.565,    245.016                
# span 17 =    110.369,    250.822                
# span 18 = 0.0000e+00, 0.0000e+00                
# interval = seconds: 0.0416667
# start_time = Aug 23 2022 12:32:31 [NMEA time, header]
# bad_flag = -9.990e-29
*END*
[from data line 3124]
   56.00468 -133.80102    167.650     69.663     69.018     7.3528    32.5129  1025.7323    25.4132     7.3464     45.793   101.9471     0.1753      7.846     3.1171     4.4547    135.761    139.211  0.000e+00
   56.00468 -133.80102    167.706     69.720     69.074     7.3522    32.5132  1025.7328    25.4134     7.3458     45.740   101.9751     0.1753      7.846     3.1136     4.4497    135.607    139.054  0.000e+00
   56.00468 -133.80102    167.706     69.720     69.074     7.3512    32.5135  1025.7332    25.4138     7.3448     45.741   101.9751     0.1753      7.846     3.1137     4.4498    135.613    139.059  0.000e+00
   56.00468 -133.80102    167.762     69.777     69.130     7.3486    32.5146  1025.7347    25.4151     7.3422     45.739   101.9751     0.1753      7.846     3.1138     4.4499    135.613    139.060  0.000e+00
   56.00468 -133.80102    167.762     69.777     69.130     7.3444    32.5176  1025.7376    25.4180     7.3380     45.683   101.9751     0.1753      7.846     3.1102     4.4447    135.457    138.900  0.000e+00
   56.00468 -133.80102    167.826     69.841     69.194     7.3409    32.5201  1025.7404    25.4204     7.3345     45.680   101.9751     0.1753      7.846     3.1102     4.4448    135.459    138.902  0.000e+00
   56.00468 -133.80102    167.890     69.906     69.258     7.3381    32.5220  1025.7426    25.4223     7.3317     45.675   101.9751     0.1753      7.846     3.1100     4.4445    135.448    138.892  0.000e+00
   56.00468 -133.80102    167.826     69.841     69.194     7.3368    32.5218  1025.7423    25.4223     7.3304     45.671   101.9751     0.1753      7.846     3.1098     4.4443    135.442    138.885  0.000e+00
   56.00468 -133.80102    167.882     69.898     69.250     7.3357    32.5225  1025.7433    25.4230     7.3293     45.671   101.9751     0.1753      7.846     3.1099     4.4443    135.444    138.887  0.000e+00
   56.00468 -133.80102    167.938     69.954     69.306     7.3347    32.5233  1025.7443    25.4238     7.3283     45.617   101.9751     0.1753      7.846     3.1063     4.4392    135.286    138.726  0.000e+00
   56.00468 -133.80102    167.938     69.954     69.306     7.3342    32.5234  1025.7444    25.4239     7.3278     45.610   101.9751     0.1753      7.846     3.1058     4.4385    135.266    138.705  0.000e+00
   56.00468 -133.80102    167.938     69.954     69.306     7.3332    32.5240  1025.7450    25.4245     7.3268     45.605   101.9751     0.1753      7.846     3.1056     4.4382    135.255    138.694  0.000e+00
   56.00468 -133.80102    168.059     70.076     69.426     7.3319    32.5244  1025.7460    25.4250     7.3255     45.605   101.9751     0.1753      7.846     3.1056     4.4382    135.257    138.696  0.000e+00
   56.00468 -133.80102    168.059     70.076     69.426     7.3313    32.5249  1025.7466    25.4255     7.3249     45.606   101.9751     0.1753      7.846     3.1057     4.4384    135.262    138.701  0.000e+00
   56.00468 -133.80102    168.059     70.076     69.426     7.3310    32.5251  1025.7468    25.4257     7.3245     45.553   101.9751     0.1753      7.846     3.1022     4.4333    135.107    138.542  0.000e+00
   56.00468 -133.80102    168.010     70.027     69.378     7.3300    32.5256  1025.7471    25.4262     7.3236     45.554   101.9751     0.1753      7.846     3.1023     4.4335    135.112    138.547  0.000e+00
   56.00468 -133.80102    168.179     70.197     69.546     7.3292    32.5257  1025.7480    25.4264     7.3228     45.503   101.9751     0.1753      7.846     3.0988     4.4285    134.962    138.393  0.000e+00
   56.00468 -133.80102    168.179     70.197     69.546     7.3282    32.5260  1025.7484    25.4268     7.3218     45.497   101.9751     0.1753      7.846     3.0985     4.4281    134.949    138.380  0.000e+00
   56.00468 -133.80102    168.179     70.197     69.546     7.3281    32.5264  1025.7487    25.4271     7.3216     45.495   101.9751     0.1753      7.846     3.0984     4.4279    134.943    138.374  0.000e+00
   56.00468 -133.80102    168.235     70.253     69.602     7.3285    32.5254  1025.7481    25.4263     7.3221     45.497   101.9471     0.1753      7.846     3.0985     4.4280    134.946    138.378  0.000e+00
   56.00468 -133.80102    168.235     70.253     69.602     7.3277    32.5261  1025.7488    25.4270     7.3213     45.444   101.8352     0.1753      7.846     3.0949     4.4230    134.793    138.220  0.000e+00
   56.00468 -133.80102    168.235     70.253     69.602     7.3269    32.5265  1025.7492    25.4274     7.3205     45.439   101.7793     0.1753      7.846     3.0946     4.4225    134.779    138.206  0.000e+00
   56.00468 -133.80102    168.299     70.318     69.666     7.3274    32.5263  1025.7493    25.4271     7.3210     45.437   101.7793     0.1753      7.846     3.0945     4.4223    134.773    138.200  0.000e+00
   56.00468 -133.80102    168.355     70.375     69.722     7.3279    32.5257  1025.7490    25.4266     7.3215     45.439   101.7793     0.1753      7.846     3.0945     4.4224    134.776    138.203  0.000e+00
   56.00468 -133.80102    168.355     70.375     69.722     7.3269    32.5263  1025.7497    25.4272     7.3204     45.443   101.7793     0.1753      7.846     3.0949     4.4229    134.791    138.218  0.000e+00
   56.00468 -133.80102    168.363     70.383     69.730     7.3254    32.5267  1025.7502    25.4278     7.3190     45.450   101.7793     0.1753      7.846     3.0955     4.4238    134.817    138.245  0.000e+00
   56.00468 -133.80102    168.355     70.375     69.722     7.3243    32.5270  1025.7505    25.4281     7.3179     45.454   101.7793     0.2339      7.841     3.0958     4.4243    134.832    138.261  0.000e+00
   56.00468 -133.80102    168.475     70.496     69.842     7.3227    32.5281  1025.7522    25.4292     7.3162     45.405   101.7793     0.2339      7.846     3.0926     4.4196    134.690    138.115  0.000e+00
   56.00468 -133.80102    168.475     70.496     69.842     7.3227    32.5283  1025.7523    25.4294     7.3162     45.402   101.7793     0.2339      7.846     3.0924     4.4193    134.682    138.106  0.000e+00
   56.00468 -133.80102    168.475     70.496     69.842     7.3224    32.5282  1025.7523    25.4293     7.3160     45.402   101.7793     0.2339      7.846     3.0924     4.4194    134.683    138.107  0.000e+00
   56.00468 -133.80102    168.506     70.552     69.898     7.3220    32.5282  1025.7527    25.4294     7.3156     45.406   101.7793     0.2339      7.846     3.0927     4.4197    134.693    138.118  0.000e+00
   56.00468 -133.80102    168.595     70.617     69.962     7.3208    32.5287  1025.7535    25.4300     7.3143     45.355   101.7793     0.2339      7.846     3.0893     4.4149    134.547    137.968  0.000e+00
   56.00468 -133.80102    168.595     70.617     69.962     7.3206    32.5291  1025.7538    25.4303     7.3142     45.358   101.7793     0.2339      7.841     3.0895     4.4152    134.555    137.976  0.000e+00
   56.00468 -133.80102    168.651     70.674     70.018     7.3214    32.5283  1025.7533    25.4295     7.3149     45.364   101.7793     0.2339      7.846     3.0899     4.4157    134.571    137.993  0.000e+00
   56.00468 -133.80102    168.651     70.674     70.018     7.3222    32.5279  1025.7529    25.4292     7.3157     45.373   101.7793     0.2339      7.846     3.0904     4.4165    134.595    138.018  0.000e+00
   56.00468 -133.80102    168.603     70.625     69.970     7.3224    32.5279  1025.7527    25.4291     7.3159     45.384   101.7793     0.2339      7.846     3.0912     4.4176    134.629    138.053  0.000e+00
   56.00468 -133.80102    168.827     70.851     70.195     7.3219    32.5282  1025.7540    25.4294     7.3154     45.338   101.7793     0.2339      7.846     3.0880     4.4131    134.492    137.912  0.000e+00
   56.00468 -133.80102    168.771     70.795     70.139     7.3214    32.5278  1025.7535    25.4292     7.3149     45.336   101.7793     0.2339      7.846     3.0880     4.4130    134.490    137.910  0.000e+00
   56.00468 -133.80102    168.803     70.851     70.195     7.3206    32.5279  1025.7539    25.4293     7.3142     45.282   101.7793     0.2339      7.841     3.0843     4.4078    134.330    137.746  0.000e+00
   56.00468 -133.80102    168.803     70.851     70.195     7.3191    32.5285  1025.7546    25.4300     7.3127     45.280   101.7793     0.2339      7.846     3.0843     4.4078    134.331    137.747  0.000e+00
   56.00468 -133.80102    168.867     70.916     70.259     7.3186    32.5289  1025.7553    25.4304     7.3122     45.283   101.8352     0.2339      7.841     3.0845     4.4081    134.338    137.755  0.000e+00
   56.00468 -133.80102    168.891     70.916     70.259     7.3186    32.5286  1025.7550    25.4301     7.3122     45.288   101.9191     0.2339      7.846     3.0849     4.4086    134.353    137.770  0.000e+00
   56.00468 -133.80102    168.867     70.916     70.259     7.3182    32.5287  1025.7552    25.4303     7.3117     45.289   101.9191     0.2339      7.846     3.0850     4.4088    134.359    137.776  0.000e+00
   56.00468 -133.80102    168.947     70.973     70.315     7.3184    32.5286  1025.7554    25.4302     7.3119     45.294   101.9191     0.2339      7.841     3.0853     4.4092    134.373    137.790  0.000e+00
   56.00468 -133.80102    169.003     71.029     70.371     7.3185    32.5281  1025.7552    25.4298     7.3120     45.302   101.9191     0.2339      7.846     3.0858     4.4100    134.396    137.814  0.000e+00
   56.00468 -133.80102    169.003     71.029     70.371     7.3177    32.5282  1025.7554    25.4300     7.3112     45.249   101.9191     0.2046      7.846     3.0823     4.4049    134.241    137.655  0.000e+00
   56.00468 -133.80102    169.019     71.045     70.387     7.3157    32.5290  1025.7564    25.4309     7.3093     45.249   101.9191     0.1460      7.841     3.0824     4.4051    134.248    137.662  0.000e+00
   56.00468 -133.80102    169.163     71.215     70.555     7.3143    32.5296  1025.7578    25.4315     7.3078     45.253   101.9191     0.1167      7.841     3.0828     4.4057    134.264    137.679  0.000e+00
   56.00468 -133.80102    169.067     71.094     70.435     7.3133    32.5300  1025.7578    25.4320     7.3068     45.202   101.9191     0.1460      7.846     3.0794     4.4007    134.114    137.525  0.000e+00
   56.00468 -133.80102    169.243     71.272     70.611     7.3125    32.5304  1025.7590    25.4324     7.3060     45.206   101.9191     0.1460      7.841     3.0797     4.4012    134.128    137.539  0.000e+00
   56.00468 -133.80102    169.163     71.215     70.555     7.3101    32.5317  1025.7601    25.4338     7.3036     45.205   101.9191     0.1460      7.841     3.0798     4.4013    134.132    137.544  0.000e+00
   56.00468 -133.80102    169.243     71.272     70.611     7.3091    32.5318  1025.7605    25.4340     7.3026     45.208   101.9191     0.1460      7.841     3.0801     4.4017    134.143    137.555  0.000e+00
   56.00468 -133.80102    169.299     71.328     70.667     7.3101    32.5312  1025.7602    25.4334     7.3036     45.157   101.9191     0.1167      7.841     3.0765     4.3966    133.989    137.396  0.000e+00
   56.00468 -133.80102    169.299     71.328     70.667     7.3094    32.5316  1025.7606    25.4338     7.3029     45.152   101.9191     0.1167      7.841     3.0762     4.3962    133.977    137.385  0.000e+00
   56.00468 -133.80102    169.364     71.393     70.731     7.3071    32.5328  1025.7621    25.4350     7.3006     45.151   101.9191     0.1167      7.841     3.0763     4.3963    133.980    137.388  0.000e+00
   56.00468 -133.80102    169.363     71.393     70.731     7.3036    32.5344  1025.7639    25.4368     7.2971     45.096   101.9191     0.1460      7.841     3.0728     4.3913    133.825    137.229  0.000e+00
   56.00468 -133.80102    169.395     71.450     70.787     7.3007    32.5356  1025.7655    25.4381     7.2942     45.095   101.9191     0.1460      7.841     3.0729     4.3914    133.829    137.234  0.000e+00
   56.00468 -133.80102    169.484     71.514     70.851     7.2986    32.5365  1025.7668    25.4392     7.2921     45.097   101.9191     0.1460      7.841     3.0731     4.3918    133.840    137.245  0.000e+00
   56.00468 -133.80102    169.467     71.522     70.859     7.2964    32.5378  1025.7682    25.4405     7.2898     45.095   101.9191     0.1167      7.841     3.0731     4.3918    133.840    137.245  0.000e+00
   56.00468 -133.80102    169.515     71.571     70.907     7.2939    32.5391  1025.7698    25.4419     7.2874     45.096   101.9191     0.1460      7.841     3.0733     4.3921    133.850    137.256  0.000e+00
   56.00468 -133.80102    169.540     71.571     70.907     7.2918    32.5408  1025.7714    25.4434     7.2853     45.100   101.8632     0.1167      7.841     3.0737     4.3926    133.866    137.272  0.000e+00
   56.00468 -133.80102    169.660     71.692     71.027     7.2912    32.5406  1025.7719    25.4434     7.2847     45.107   101.8073     0.1167      7.841     3.0743     4.3934    133.890    137.297  0.000e+00
   56.00468 -133.80102    169.635     71.692     71.027     7.2901    32.5414  1025.7727    25.4442     7.2835     45.117   101.8073     0.1167      7.841     3.0750     4.3944    133.921    137.328  0.000e+00
   56.00468 -133.80102    169.635     71.692     71.027     7.2897    32.5420  1025.7732    25.4447     7.2832     45.066   101.8073     0.1460      7.841     3.0715     4.3895    133.770    137.174  0.000e+00
   56.00468 -133.80102    169.716     71.749     71.083     7.2898    32.5419  1025.7734    25.4446     7.2833     45.068   101.8073     0.1167      7.841     3.0717     4.3897    133.778    137.182  0.000e+00
   56.00468 -133.80102    169.772     71.805     71.139     7.2892    32.5425  1025.7742    25.4451     7.2827     45.068   101.8073     0.1460      7.841     3.0717     4.3897    133.776    137.180  0.000e+00
   56.00468 -133.80102    169.747     71.805     71.139     7.2892    32.5425  1025.7742    25.4451     7.2827     45.069   101.8073     0.1753      7.841     3.0717     4.3898    133.780    137.184  0.000e+00
   56.00468 -133.80102    169.836     71.870     71.203     7.2893    32.5421  1025.7741    25.4448     7.2828     45.016   101.8073     0.1753      7.841     3.0682     4.3847    133.624    137.024  0.000e+00
   56.00468 -133.80102    169.868     71.926     71.259     7.2892    32.5424  1025.7746    25.4450     7.2826     45.017   101.8073     0.1753      7.841     3.0682     4.3848    133.627    137.027  0.000e+00
   56.00468 -133.80102    169.892     71.926     71.259     7.2891    32.5424  1025.7746    25.4451     7.2825     45.014   101.8073     0.1753      7.841     3.0680     4.3845    133.618    137.018  0.000e+00
   56.00468 -133.80102    169.932     71.991     71.323     7.2896    32.5417  1025.7744    25.4445     7.2830     45.014   101.8073     0.1753      7.841     3.0680     4.3845    133.617    137.016  0.000e+00
   56.00468 -133.80102    169.964     71.999     71.331     7.2892    32.5423  1025.7749    25.4450     7.2826     45.016   101.8073     0.1753      7.841     3.0682     4.3847    133.624    137.024  0.000e+00
   56.00468 -133.80102    169.956     71.991     71.323     7.2893    32.5425  1025.7750    25.4452     7.2828     44.964   101.8073     0.1753      7.841     3.0646     4.3796    133.468    136.864  0.000e+00
   56.00468 -133.80102    170.132     72.169     71.500     7.2887    32.5427  1025.7760    25.4453     7.2821     44.966   101.8073     0.1753      7.841     3.0648     4.3799    133.477    136.873  0.000e+00
   56.00468 -133.80102    170.132     72.169     71.500     7.2884    32.5427  1025.7761    25.4454     7.2818     45.027   101.8073     0.1753      7.841     3.0690     4.3859    133.659    137.060  0.000e+00
   56.00468 -133.80102    170.132     72.169     71.500     7.2878    32.5431  1025.7765    25.4458     7.2812     44.984   101.8073     0.1753      7.841     3.0660     4.3817    133.531    136.929  0.000e+00
