EcoFOCI/data/1_SampleCollection/2022_GOA-OA_CruiseData/CTD_raw_BottleFile_RC0083/RC0083_106.cnv
* Sea-Bird SBE 9 Data File:
* FileName = C:\Data\RC0083ctd\RC0083_106.hex
* Software Version Seasave V 7.26.7.107
* Temperature SN = 2060
* Conductivity SN = 2881
* Number of Bytes Per Scan = 31
* Number of Voltage Words = 4
* Number of Scans Averaged by the Deck Unit = 1
* NMEA Latitude = 56 12.35 N
* NMEA Longitude = 132 42.74 W
* NMEA UTC (Time) = Aug 23 2022  04:52:22
* NMEA baud rate = 4800
** Ship: R/V Rachel Carson
** Cruise ID: RC0083
** Tech: McHugh/Nomura
** Chief Scientist: Cross
** Station: UCLS1
** Cast:  CTD106
# nquan = 19
# nvalues = 16796                                 
# units = specified
# name 0 = latitude: Latitude [deg]
# name 1 = longitude: Longitude [deg]
# name 2 = sfdSM: Seafloor depth [salt water, m]
# name 3 = prDM: Pressure, Digiquartz [db]
# name 4 = depSM: Depth [salt water, m]
# name 5 = t090C: Temperature [ITS-90, deg C]
# name 6 = sal00: Salinity, Practical [PSU]
# name 7 = density00: Density [density, kg/m^3]
# name 8 = sigma-é00: Density [sigma-theta, kg/m^3]
# name 9 = potemp090C: Potential Temperature [ITS-90, deg C]
# name 10 = sbeox0PS: Oxygen, SBE 43 [% saturation]
# name 11 = CStarTr0: Beam Transmission, WET Labs C-Star [%]
# name 12 = flECO-AFL: Fluorescence, WET Labs ECO-AFL/FL [mg/m^3]
# name 13 = ph: pH
# name 14 = sbeox0ML/L: Oxygen, SBE 43 [ml/l]
# name 15 = sbeox0Mg/L: Oxygen, SBE 43 [mg/l]
# name 16 = sbox0Mm/Kg: Oxygen, SBE 43 [umol/kg]
# name 17 = sbeox0Mm/L: Oxygen, SBE 43 [umol/l]
# name 18 = flag:  0.000e+00
# span 0 =   56.20500,   56.20586                 
# span 1 = -132.71236, -132.71202                 
# span 2 =      5.000,    325.903                 
# span 3 =      3.005,    247.487                 
# span 4 =      2.977,    245.084                 
# span 5 =     5.7864,    14.9087                 
# span 6 =    27.3851,    33.5914                 
# span 7 =  1020.1459,  1027.6071                 
# span 8 =    20.1291,    26.4685                 
# span 9 =     5.7660,    14.9082                 
# span 10 =     20.711,    117.128                
# span 11 =    81.9493,   103.2896                
# span 12 =    -0.0591,    10.7247                
# span 13 =      7.624,      8.429                
# span 14 =     1.4513,     7.0865                
# span 15 =     2.0740,    10.1273                
# span 16 =     63.145,    310.063                
# span 17 =     64.813,    316.483                
# span 18 = 0.0000e+00, 0.0000e+00                
# interval = seconds: 0.0416667
# start_time = Aug 23 2022 04:52:22 [NMEA time, header]
# bad_flag = -9.990e-29
*END*
[from data line 15315]
   56.20502 -132.71202    137.977     39.710     39.344     7.1676    31.7618  1025.0294    24.8471     7.1640     36.682    98.1433     0.2339      7.750     2.5200     3.6014    109.815    112.544  0.000e+00
   56.20502 -132.71202    137.977     39.710     39.344     7.1648    31.7656  1025.0328    24.8504     7.1613     36.680    98.1433     0.2339      7.750     2.5200     3.6013    109.813    112.542  0.000e+00
   56.20502 -132.71202    137.913     39.646     39.280     7.1615    31.7691  1025.0357    24.8536     7.1580     36.677    98.1433     0.2339      7.750     2.5199     3.6011    109.807    112.537  0.000e+00
   56.20502 -132.71202    137.865     39.597     39.232     7.1620    31.7690  1025.0354    24.8535     7.1585     36.728    98.1433     0.2339      7.750     2.5234     3.6061    109.960    112.693  0.000e+00
   56.20502 -132.71202    137.857     39.589     39.224     7.1644    31.7674  1025.0337    24.8519     7.1609     36.734    98.1433     0.2339      7.750     2.5237     3.6065    109.973    112.706  0.000e+00
   56.20502 -132.71202    137.857     39.589     39.224     7.1661    31.7655  1025.0320    24.8502     7.1626     36.739    98.1433     0.2339      7.750     2.5239     3.6069    109.985    112.718  0.000e+00
   56.20502 -132.71202    137.753     39.484     39.120     7.1658    31.7655  1025.0315    24.8502     7.1623     36.748    98.1433     0.2339      7.750     2.5246     3.6079    110.015    112.749  0.000e+00
   56.20502 -132.71202    137.712     39.468     39.104     7.1642    31.7661  1025.0322    24.8509     7.1607     36.695    98.1433     0.2339      7.750     2.5210     3.6027    109.857    112.587  0.000e+00
   56.20502 -132.71202    137.737     39.468     39.104     7.1625    31.7674  1025.0335    24.8522     7.1590     36.747    98.0874     0.2339      7.750     2.5246     3.6080    110.016    112.750  0.000e+00
   56.20502 -132.71202    137.689     39.419     39.056     7.1693    31.7609  1025.0272    24.8462     7.1658     36.689    98.0594     0.2339      7.750     2.5204     3.6019    109.833    112.562  0.000e+00
   56.20502 -132.71202    137.681     39.411     39.048     7.1761    31.7544  1025.0211    24.8401     7.1726     36.682    98.0594     0.2339      7.750     2.5196     3.6008    109.798    112.525  0.000e+00
   56.20502 -132.71202    137.617     39.347     38.984     7.1780    31.7529  1025.0194    24.8387     7.1745     36.680    98.0594     0.2339      7.750     2.5194     3.6004    109.788    112.515  0.000e+00
   56.20502 -132.71202    137.561     39.290     38.928     7.1842    31.7475  1025.0140    24.8336     7.1807     36.676    98.0594     0.2339      7.750     2.5189     3.5997    109.767    112.493  0.000e+00
   56.20502 -132.71202    137.569     39.298     38.936     7.1907    31.7410  1025.0081    24.8277     7.1873     36.666    98.0594     0.2339      7.750     2.5179     3.5983    109.725    112.450  0.000e+00
   56.20502 -132.71202    137.561     39.290     38.928     7.1978    31.7330  1025.0008    24.8204     7.1943     36.655    98.0594     0.2632      7.750     2.5168     3.5968    109.680    112.402  0.000e+00
   56.20502 -132.71202    137.505     39.234     38.872     7.2009    31.7278  1024.9960    24.8159     7.1974     36.642    98.0594     0.2632      7.750     2.5159     3.5955    109.640    112.360  0.000e+00
   56.20502 -132.71202    137.432     39.185     38.824     7.2048    31.7216  1024.9904    24.8105     7.2013     36.636    98.0594     0.2632      7.750     2.5153     3.5946    109.614    112.334  0.000e+00
   56.20502 -132.71202    137.385     39.112     38.752     7.2131    31.7107  1024.9804    24.8008     7.2097     36.684    98.0594     0.2632      7.755     2.5183     3.5989    109.747    112.469  0.000e+00
   56.20502 -132.71202    137.385     39.112     38.752     7.2178    31.7036  1024.9742    24.7946     7.2143     36.682    98.0594     0.2632      7.755     2.5180     3.5985    109.734    112.455  0.000e+00
   56.20502 -132.71202    137.393     39.120     38.760     7.2199    31.6994  1024.9706    24.7910     7.2165     36.622    98.0594     0.2632      7.750     2.5139     3.5926    109.554    112.270  0.000e+00
   56.20502 -132.71202    137.321     39.048     38.688     7.2211    31.6969  1024.9681    24.7888     7.2176     36.612    98.0594     0.2632      7.750     2.5131     3.5915    109.522    112.237  0.000e+00
   56.20502 -132.71202    137.321     39.048     38.688     7.2248    31.6922  1024.9640    24.7847     7.2213     36.657    98.0594     0.2632      7.755     2.5161     3.5958    109.653    112.370  0.000e+00
   56.20502 -132.71202    137.265     38.991     38.632     7.2309    31.6850  1024.9573    24.7782     7.2275     36.651    98.0594     0.2632      7.755     2.5155     3.5948    109.624    112.340  0.000e+00
   56.20502 -132.71202    137.216     38.943     38.584     7.2292    31.6855  1024.9576    24.7788     7.2258     36.644    98.0594     0.2632      7.755     2.5151     3.5943    109.608    112.324  0.000e+00
   56.20502 -132.71202    137.208     38.935     38.576     7.2287    31.6851  1024.9573    24.7786     7.2252     36.637    98.0594     0.2632      7.755     2.5146     3.5936    109.588    112.303  0.000e+00
   56.20502 -132.71202    137.144     38.870     38.512     7.2283    31.6844  1024.9565    24.7781     7.2248     36.628    98.0594     0.2632      7.755     2.5140     3.5928    109.562    112.277  0.000e+00
   56.20502 -132.71202    137.160     38.886     38.528     7.2287    31.6829  1024.9554    24.7768     7.2252     36.562    98.0594     0.2632      7.755     2.5095     3.5863    109.365    112.075  0.000e+00
   56.20502 -132.71202    137.088     38.813     38.456     7.2317    31.6796  1024.9521    24.7738     7.2282     36.601    98.0594     0.2632      7.755     2.5121     3.5900    109.477    112.190  0.000e+00
   56.20502 -132.71202    137.008     38.757     38.400     7.2364    31.6745  1024.9472    24.7692     7.2329     36.539    98.0314     0.2632      7.755     2.5076     3.5837    109.284    111.991  0.000e+00
   56.20502 -132.71202    137.008     38.757     38.400     7.2422    31.6685  1024.9417    24.7637     7.2387     36.527    98.0314     0.2632      7.755     2.5066     3.5821    109.238    111.943  0.000e+00
   56.20502 -132.71202    137.040     38.765     38.408     7.2464    31.6639  1024.9376    24.7596     7.2429     36.514    98.0314     0.2632      7.755     2.5055     3.5806    109.193    111.897  0.000e+00
   56.20502 -132.71202    136.912     38.636     38.280     7.2477    31.6619  1024.9352    24.7578     7.2443     36.501    98.0314     0.2632      7.755     2.5046     3.5793    109.151    111.853  0.000e+00
   56.20502 -132.71202    136.968     38.692     38.336     7.2477    31.6614  1024.9351    24.7574     7.2443     36.494    98.0314     0.2632      7.755     2.5041     3.5786    109.132    111.834  0.000e+00
   56.20502 -132.71202    136.864     38.587     38.232     7.2462    31.6618  1024.9351    24.7579     7.2428     36.487    98.0314     0.2632      7.755     2.5037     3.5780    109.113    111.815  0.000e+00
   56.20502 -132.71202    136.912     38.636     38.280     7.2466    31.6602  1024.9340    24.7566     7.2431     36.480    98.0314     0.2925      7.755     2.5032     3.5773    109.093    111.793  0.000e+00
   56.20502 -132.71202    136.792     38.514     38.160     7.2504    31.6557  1024.9294    24.7526     7.2470     36.471    98.0314     0.2925      7.755     2.5025     3.5763    109.061    111.761  0.000e+00
   56.20502 -132.71202    136.792     38.514     38.160     7.2524    31.6534  1024.9273    24.7505     7.2490     36.463    98.0314     0.2925      7.755     2.5019     3.5754    109.034    111.733  0.000e+00
   56.20502 -132.71202    136.744     38.466     38.112     7.2532    31.6524  1024.9262    24.7496     7.2497     36.505    98.0314     0.2925      7.755     2.5047     3.5795    109.158    111.859  0.000e+00
   56.20502 -132.71202    136.736     38.458     38.104     7.2522    31.6539  1024.9274    24.7509     7.2488     36.446    98.0314     0.2925      7.755     2.5007     3.5737    108.982    111.680  0.000e+00
   56.20502 -132.71202    136.672     38.393     38.040     7.2513    31.6548  1024.9280    24.7517     7.2478     36.436    98.0314     0.2925      7.755     2.5001     3.5728    108.956    111.653  0.000e+00
   56.20502 -132.71202    136.688     38.409     38.056     7.2496    31.6560  1024.9292    24.7529     7.2462     36.427    98.0314     0.2925      7.755     2.4995     3.5721    108.932    111.628  0.000e+00
   56.20502 -132.71202    136.616     38.337     37.984     7.2486    31.6567  1024.9296    24.7535     7.2452     36.417    98.0314     0.2925      7.755     2.4989     3.5711    108.904    111.600  0.000e+00
   56.20502 -132.71202    136.616     38.337     37.984     7.2498    31.6550  1024.9281    24.7521     7.2463     36.407    98.0314     0.2925      7.755     2.4982     3.5701    108.873    111.568  0.000e+00
   56.20502 -132.71202    136.528     38.272     37.920     7.2506    31.6538  1024.9268    24.7510     7.2472     36.403    98.0314     0.2925      7.755     2.4979     3.5697    108.860    111.554  0.000e+00
   56.20502 -132.71202    136.512     38.232     37.880     7.2513    31.6532  1024.9260    24.7505     7.2478     36.399    98.0314     0.2925      7.755     2.4976     3.5693    108.847    111.541  0.000e+00
   56.20502 -132.71202    136.472     38.215     37.864     7.2534    31.6513  1024.9241    24.7487     7.2500     36.396    98.0314     0.2925      7.755     2.4972     3.5688    108.832    111.525  0.000e+00
   56.20502 -132.71202    136.496     38.215     37.864     7.2561    31.6490  1024.9220    24.7465     7.2527     36.392    98.0314     0.2925      7.755     2.4968     3.5682    108.815    111.508  0.000e+00
   56.20502 -132.71202    136.352     38.094     37.744     7.2598    31.6450  1024.9177    24.7428     7.2564     36.387    98.0314     0.2925      7.755     2.4964     3.5675    108.796    111.487  0.000e+00
   56.20502 -132.71202    136.392     38.110     37.760     7.2637    31.6413  1024.9144    24.7394     7.2603     36.383    98.0594     0.2925      7.755     2.4959     3.5669    108.777    111.468  0.000e+00
   56.20502 -132.71202    136.352     38.094     37.744     7.2673    31.6382  1024.9114    24.7365     7.2639     36.379    98.0874     0.2925      7.755     2.4955     3.5663    108.759    111.449  0.000e+00
   56.20502 -132.71202    136.376     38.094     37.744     7.2695    31.6357  1024.9091    24.7342     7.2661     36.375    98.0874     0.2925      7.755     2.4952     3.5658    108.744    111.433  0.000e+00
   56.20502 -132.71202    136.248     37.989     37.639     7.2700    31.6341  1024.9073    24.7329     7.2666     36.371    98.0874     0.2925      7.755     2.4949     3.5654    108.732    111.421  0.000e+00
   56.20502 -132.71202    136.264     37.981     37.631     7.2702    31.6327  1024.9062    24.7318     7.2668     36.374    98.0874     0.2925      7.755     2.4951     3.5657    108.741    111.430  0.000e+00
   56.20502 -132.71202    136.200     37.917     37.567     7.2697    31.6322  1024.9056    24.7315     7.2663     36.377    98.0874     0.2925      7.755     2.4953     3.5660    108.751    111.440  0.000e+00
   56.20502 -132.71202    136.200     37.917     37.567     7.2700    31.6315  1024.9050    24.7309     7.2666     36.380    98.0874     0.2925      7.755     2.4955     3.5664    108.761    111.450  0.000e+00
   56.20502 -132.71202    136.216     37.933     37.583     7.2695    31.6318  1024.9053    24.7312     7.2661     36.384    98.0874     0.2925      7.755     2.4958     3.5668    108.773    111.463  0.000e+00
   56.20502 -132.71202    136.080     37.795     37.447     7.2679    31.6333  1024.9061    24.7326     7.2645     36.437    98.0874     0.2925      7.755     2.4995     3.5721    108.935    111.629  0.000e+00
   56.20502 -132.71202    136.144     37.860     37.511     7.2668    31.6342  1024.9072    24.7334     7.2634     36.448    98.0874     0.2925      7.755     2.5003     3.5732    108.968    111.663  0.000e+00
   56.20502 -132.71202    135.999     37.739     37.391     7.2695    31.6311  1024.9039    24.7306     7.2662     36.450    98.0874     0.2925      7.755     2.5004     3.5733    108.971    111.666  0.000e+00
   56.20502 -132.71202    136.040     37.755     37.407     7.2755    31.6260  1024.8991    24.7258     7.2721     36.453    98.0874     0.2925      7.755     2.5003     3.5732    108.969    111.663  0.000e+00
   56.20502 -132.71202    136.024     37.739     37.391     7.2808    31.6215  1024.8949    24.7216     7.2774     36.455    98.0874     0.2925      7.755     2.5002     3.5731    108.966    111.660  0.000e+00
   56.20502 -132.71202    135.968     37.682     37.335     7.2881    31.6151  1024.8886    24.7156     7.2847     36.457    98.0874     0.2925      7.755     2.5000     3.5728    108.958    111.651  0.000e+00
   56.20502 -132.71202    135.920     37.634     37.287     7.2957    31.6084  1024.8820    24.7092     7.2923     36.459    98.0874     0.2925      7.755     2.4998     3.5725    108.949    111.641  0.000e+00
   56.20502 -132.71202    135.904     37.618     37.271     7.2957    31.6071  1024.8810    24.7083     7.2924     36.461    98.0874     0.2925      7.755     2.5000     3.5727    108.956    111.648  0.000e+00
   56.20502 -132.71202    135.823     37.561     37.215     7.2975    31.6032  1024.8774    24.7049     7.2941     36.462    98.0874     0.2925      7.755     2.5000     3.5728    108.959    111.651  0.000e+00
   56.20502 -132.71202    135.823     37.561     37.215     7.3036    31.5945  1024.8697    24.6973     7.3003     36.463    98.0874     0.2925      7.755     2.4999     3.5726    108.953    111.644  0.000e+00
   56.20502 -132.71202    135.800     37.513     37.167     7.3104    31.5859  1024.8618    24.6896     7.3071     36.470    98.0874     0.2925      7.755     2.5001     3.5729    108.964    111.655  0.000e+00
   56.20502 -132.71202    135.784     37.496     37.151     7.3156    31.5797  1024.8561    24.6840     7.3122     36.477    98.0874     0.2925      7.755     2.5004     3.5733    108.978    111.668  0.000e+00
   56.20502 -132.71202    135.728     37.440     37.095     7.3215    31.5725  1024.8494    24.6776     7.3182     36.478    98.0874     0.2925      7.755     2.5002     3.5731    108.971    111.660  0.000e+00
   56.20502 -132.71202    135.728     37.440     37.095     7.3274    31.5655  1024.8431    24.6713     7.3241     36.478    98.0594     0.2925      7.755     2.5000     3.5728    108.963    111.652  0.000e+00
   56.20502 -132.71202    135.680     37.391     37.047     7.3309    31.5607  1024.8386    24.6670     7.3275     36.485    98.0594     0.2925      7.755     2.5004     3.5733    108.979    111.667  0.000e+00
   56.20502 -132.71202    135.608     37.319     36.975     7.3339    31.5560  1024.8342    24.6629     7.3305     36.492    98.0594     0.2925      7.755     2.5007     3.5738    108.995    111.683  0.000e+00
   56.20502 -132.71202    135.608     37.319     36.975     7.3356    31.5521  1024.8310    24.6597     7.3323     36.499    98.0594     0.2925      7.755     2.5012     3.5744    109.015    111.703  0.000e+00
   56.20502 -132.71202    135.552     37.262     36.919     7.3355    31.5498  1024.8289    24.6579     7.3321     36.506    98.0594     0.2925      7.755     2.5017     3.5752    109.038    111.727  0.000e+00
   56.20502 -132.71202    135.560     37.270     36.927     7.3337    31.5496  1024.8290    24.6579     7.3304     36.513    98.0594     0.2925      7.760     2.5023     3.5761    109.065    111.754  0.000e+00
