EcoFOCI/data/1_SampleCollection/2022_GOA-OA_CruiseData/CTD_raw_BottleFile_RC0083/RC0083_011.ros
* Sea-Bird SBE 9 Data File:
* FileName = C:\Data\RC0083ctd\RC0083_011.hex
* Software Version Seasave V 7.26.7.107
* Temperature SN = 2060
* Conductivity SN = 1084
* Number of Bytes Per Scan = 31
* Number of Voltage Words = 4
* Number of Scans Averaged by the Deck Unit = 1
* NMEA Latitude = 55 30.13 N
* NMEA Longitude = 134 52.04 W
* NMEA UTC (Time) = Aug 13 2022  02:58:15
* NMEA baud rate = 4800
** Ship: R/V Rachel Carson
** Cruise ID: RC0083 RC0083
** Tech: McHugh/Nomura
** Chief Scientist: Cross Cross
** Station: POW6
** Cast:  011
# nquan = 21
# nvalues = 441                                   
# units = specified
# name 0 = latitude: Latitude [deg]
# name 1 = longitude: Longitude [deg]
# name 2 = sfdSM: Seafloor depth [salt water, m]
# name 3 = prDM: Pressure, Digiquartz [db]
# name 4 = depSM: Depth [salt water, m]
# name 5 = t090C: Temperature [ITS-90, deg C]
# name 6 = sal00: Salinity, Practical [PSU]
# name 7 = density00: Density [density, kg/m^3]
# name 8 = sigma-é00: Density [sigma-theta, kg/m^3]
# name 9 = potemp090C: Potential Temperature [ITS-90, deg C]
# name 10 = sbeox0PS: Oxygen, SBE 43 [% saturation]
# name 11 = CStarTr0: Beam Transmission, WET Labs C-Star [%]
# name 12 = flECO-AFL: Fluorescence, WET Labs ECO-AFL/FL [mg/m^3]
# name 13 = ph: pH
# name 14 = sbeox0ML/L: Oxygen, SBE 43 [ml/l]
# name 15 = sbeox0Mg/L: Oxygen, SBE 43 [mg/l]
# name 16 = sbox0Mm/Kg: Oxygen, SBE 43 [umol/kg]
# name 17 = sbeox0Mm/L: Oxygen, SBE 43 [umol/l]
# name 18 = scan: Scan Count
# name 19 = nbf: Bottles Fired
# name 20 = flag:  0.000e+00
# interval = seconds: 0.0416667
# start_time = Aug 13 2022 02:58:15 [NMEA time, header]
# bad_flag = -9.990e-29
*END*
[from data line 345]
   55.50252 -134.86882    108.893     10.330     10.236    14.3320    31.3054  1023.3119    23.2660    14.3305    103.301    95.2905     1.2595      8.321     6.0971     8.7134    266.107    272.298      32079          8  0.000e+00
   55.50252 -134.86882    108.973     10.410     10.316    14.3306    31.3053  1023.3124    23.2661    14.3292    103.297    95.2905     1.2595      8.321     6.0971     8.7133    266.103    272.294      32080          8  0.000e+00
   55.50252 -134.86882    108.893     10.330     10.236    14.3275    31.3066  1023.3136    23.2677    14.3260    103.343    95.2905     1.2302      8.321     6.1001     8.7177    266.236    272.431      32081          8  0.000e+00
   55.50252 -134.86882    108.893     10.330     10.236    14.3262    31.3066  1023.3140    23.2681    14.3248    103.288    95.2905     1.2595      8.321     6.0970     8.7133    266.102    272.294      32082          8  0.000e+00
   55.50252 -134.86882    108.917     10.354     10.260    14.3252    31.3067  1023.3143    23.2683    14.3237    103.286    95.2905     1.2595      8.321     6.0971     8.7133    266.103    272.295      32083          8  0.000e+00
   55.50252 -134.86882    108.949     10.386     10.292    14.3247    31.3061  1023.3141    23.2679    14.3232    103.284    95.2905     1.2595      8.321     6.0970     8.7132    266.101    272.293      32084          8  0.000e+00
   55.50252 -134.86882    108.949     10.386     10.292    14.3234    31.3065  1023.3147    23.2685    14.3219    103.276    95.2905     1.2595      8.321     6.0967     8.7128    266.086    272.278      32085          8  0.000e+00
   55.50252 -134.86882    108.973     10.411     10.316    14.3225    31.3068  1023.3152    23.2690    14.3211    103.325    95.2345     1.3768      8.321     6.0997     8.7171    266.218    272.412      32086          8  0.000e+00
   55.50252 -134.86882    108.949     10.386     10.292    14.3222    31.3072  1023.3155    23.2693    14.3207    103.326    95.2345     1.4354      8.321     6.0998     8.7172    266.220    272.415      32087          8  0.000e+00
   55.50252 -134.86882    109.013     10.451     10.356    14.3225    31.3072  1023.3157    23.2693    14.3211    103.327    95.2345     1.4354      8.321     6.0998     8.7172    266.221    272.416      32088          8  0.000e+00
   55.50252 -134.86882    109.013     10.451     10.356    14.3220    31.3071  1023.3157    23.2693    14.3205    103.327    95.2345     1.4354      8.321     6.0998     8.7172    266.223    272.418      32089          8  0.000e+00
   55.50252 -134.86882    109.037     10.475     10.380    14.3213    31.3074  1023.3162    23.2697    14.3198    103.326    95.2345     1.4354      8.321     6.0998     8.7173    266.224    272.419      32090          8  0.000e+00
   55.50252 -134.86882    109.013     10.451     10.356    14.3213    31.3072  1023.3160    23.2696    14.3198    103.377    95.2345     1.4354      8.321     6.1029     8.7216    266.356    272.554      32091          8  0.000e+00
   55.50252 -134.86882    109.069     10.507     10.412    14.3215    31.3078  1023.3166    23.2700    14.3200    103.327    95.2345     1.4354      8.321     6.0999     8.7173    266.226    272.421      32092          8  0.000e+00
   55.50252 -134.86882    109.093     10.532     10.436    14.3222    31.3077  1023.3165    23.2697    14.3207    103.377    95.2345     1.4354      8.321     6.1027     8.7214    266.351    272.549      32093          8  0.000e+00
   55.50252 -134.86882    109.069     10.508     10.412    14.3232    31.3076  1023.3161    23.2694    14.3217    103.378    95.2345     1.4354      8.321     6.1027     8.7213    266.348    272.546      32094          8  0.000e+00
   55.50252 -134.86882    109.069     10.508     10.412    14.3242    31.3075  1023.3158    23.2692    14.3227    103.383    95.2345     1.4354      8.321     6.1029     8.7216    266.357    272.555      32095          8  0.000e+00
   55.50252 -134.86882    109.093     10.532     10.436    14.3262    31.3067  1023.3149    23.2681    14.3247    103.389    95.2345     1.4354      8.321     6.1030     8.7217    266.361    272.558      32096          8  0.000e+00
   55.50252 -134.86882    109.125     10.564     10.468    14.3278    31.3065  1023.3146    23.2676    14.3263    103.446    95.2345     1.4354      8.321     6.1062     8.7263    266.501    272.702      32097          8  0.000e+00
   55.50252 -134.86882    109.125     10.564     10.468    14.3291    31.3065  1023.3143    23.2674    14.3276    103.402    95.2345     1.4354      8.321     6.1034     8.7224    266.380    272.578      32098          8  0.000e+00
   55.50252 -134.86882    109.125     10.564     10.468    14.3303    31.3068  1023.3143    23.2673    14.3288    103.404    95.2345     1.4354      8.321     6.1034     8.7224    266.380    272.578      32099          8  0.000e+00
   55.50252 -134.86882    109.093     10.532     10.436    14.3312    31.3066  1023.3138    23.2670    14.3297    103.459    95.2345     1.4354      8.321     6.1065     8.7268    266.516    272.717      32100          8  0.000e+00
   55.50252 -134.86882    109.189     10.629     10.532    14.3314    31.3062  1023.3139    23.2667    14.3299    103.467    95.2345     1.4354      8.321     6.1070     8.7274    266.535    272.737      32101          8  0.000e+00
   55.50252 -134.86882    109.125     10.564     10.468    14.3306    31.3067  1023.3141    23.2672    14.3291    103.477    95.2345     1.4354      8.321     6.1076     8.7284    266.565    272.767      32102          8  0.000e+00
   55.50252 -134.86882    109.157     10.596     10.500    14.3301    31.3070  1023.3146    23.2676    14.3286    103.482    95.2345     1.4354      8.321     6.1080     8.7290    266.581    272.784      32103          8  0.000e+00
   55.50252 -134.86882    109.189     10.629     10.532    14.3308    31.3066  1023.3143    23.2671    14.3293    103.487    95.2345     1.4354      8.321     6.1082     8.7292    266.589    272.792      32104          8  0.000e+00
   55.50252 -134.86882    109.189     10.629     10.532    14.3309    31.3067  1023.3144    23.2672    14.3294    103.495    95.2066     1.4354      8.321     6.1087     8.7299    266.611    272.814      32105          8  0.000e+00
   55.50252 -134.86882    109.157     10.596     10.500    14.3313    31.3065  1023.3140    23.2670    14.3298    103.503    95.1227     1.3475      8.321     6.1091     8.7305    266.628    272.832      32106          8  0.000e+00
   55.50252 -134.86882    109.189     10.629     10.532    14.3314    31.3068  1023.3144    23.2671    14.3299    103.511    95.0947     1.2595      8.321     6.1095     8.7311    266.647    272.851      32107          8  0.000e+00
   55.50252 -134.86882    109.189     10.629     10.532    14.3309    31.3069  1023.3145    23.2673    14.3294    103.512    95.0667     1.2595      8.321     6.1097     8.7313    266.653    272.857      32108          8  0.000e+00
   55.50252 -134.86882    109.189     10.629     10.532    14.3305    31.3070  1023.3147    23.2674    14.3290    103.512    95.0947     1.2595      8.321     6.1097     8.7314    266.656    272.861      32109          8  0.000e+00
   55.50252 -134.86882    109.213     10.653     10.556    14.3304    31.3070  1023.3148    23.2675    14.3289    103.512    95.0667     1.2595      8.321     6.1097     8.7314    266.656    272.861      32110          8  0.000e+00
   55.50252 -134.86882    109.189     10.629     10.532    14.3301    31.3070  1023.3148    23.2676    14.3286    103.463    95.0947     1.2595      8.321     6.1069     8.7273    266.531    272.733      32111          8  0.000e+00
   55.50252 -134.86882    109.189     10.629     10.532    14.3301    31.3072  1023.3149    23.2677    14.3286    103.456    95.0947     1.2595      8.321     6.1065     8.7267    266.514    272.715      32112          8  0.000e+00
   55.50252 -134.86882    109.213     10.653     10.556    14.3301    31.3072  1023.3151    23.2677    14.3286    103.454    95.0947     1.2595      8.321     6.1064     8.7266    266.509    272.710      32113          8  0.000e+00
   55.50252 -134.86882    109.189     10.629     10.532    14.3294    31.3070  1023.3149    23.2677    14.3279    103.452    95.0667     1.2595      8.321     6.1063     8.7265    266.506    272.706      32114          8  0.000e+00
   55.50252 -134.86882    109.189     10.629     10.532    14.3271    31.3078  1023.3161    23.2688    14.3256    103.449    95.0947     1.2595      8.321     6.1064     8.7266    266.509    272.710      32115          8  0.000e+00
   55.50252 -134.86882    109.157     10.597     10.500    14.3264    31.3075  1023.3158    23.2687    14.3249    103.439    95.0947     1.2595      8.321     6.1059     8.7260    266.489    272.690      32116          8  0.000e+00
   55.50252 -134.86882    109.189     10.629     10.532    14.3265    31.3076  1023.3159    23.2687    14.3250    103.436    95.0947     1.2595      8.321     6.1057     8.7256    266.479    272.680      32117          8  0.000e+00
   55.50252 -134.86882    109.189     10.629     10.532    14.3265    31.3080  1023.3163    23.2690    14.3250    103.426    95.0947     1.2595      8.321     6.1051     8.7248    266.453    272.653      32118          8  0.000e+00
   55.50252 -134.86882    109.157     10.597     10.500    14.3259    31.3081  1023.3163    23.2693    14.3244    103.367    95.0947     1.2595      8.321     6.1017     8.7200    266.306    272.502      32119          8  0.000e+00
   55.50252 -134.86882    109.125     10.564     10.468    14.3269    31.3076  1023.3156    23.2686    14.3254    103.404    95.0947     1.2595      8.321     6.1038     8.7229    266.395    272.594      32120          8  0.000e+00
   55.50252 -134.86882    109.189     10.629     10.532    14.3281    31.3066  1023.3149    23.2677    14.3266    103.399    95.0947     1.2595      8.321     6.1033     8.7223    266.377    272.575      32121          8  0.000e+00
   55.50252 -134.86882    109.125     10.564     10.468    14.3283    31.3062  1023.3142    23.2673    14.3268    103.391    95.0947     1.2595      8.321     6.1029     8.7217    266.358    272.556      32122          8  0.000e+00
   55.50252 -134.86882    109.093     10.532     10.436    14.3283    31.3065  1023.3143    23.2675    14.3268    103.384    95.0947     1.2595      8.321     6.1025     8.7210    266.339    272.536      32123          8  0.000e+00
   55.50252 -134.86882    109.189     10.629     10.532    14.3283    31.3070  1023.3151    23.2679    14.3268    103.325    95.0947     1.2595      8.321     6.0990     8.7160    266.186    272.380      32124          8  0.000e+00
   55.50252 -134.86882    109.069     10.508     10.412    14.3283    31.3068  1023.3144    23.2678    14.3268    103.364    95.0947     1.2595      8.321     6.1013     8.7193    266.286    272.482      32125          8  0.000e+00
   55.50258 -134.86884    102.103      3.453      3.422    14.4584    31.2978  1023.2490    23.2337    14.4580    103.072    95.7660     0.9372      8.320     6.0683     8.6722    264.857    271.011      33388          9  0.000e+00
   55.50258 -134.86884    102.319      3.671      3.638    14.4583    31.2980  1023.2501    23.2338    14.4578    103.076    95.7939     0.9372      8.320     6.0686     8.6726    264.869    271.023      33389          9  0.000e+00
   55.50258 -134.86884    101.951      3.275      3.246    14.4583    31.2983  1023.2487    23.2341    14.4578    103.020    95.7939     0.9372      8.325     6.0653     8.6679    264.725    270.876      33390          9  0.000e+00
   55.50258 -134.86884    102.199      3.550      3.518    14.4583    31.2981  1023.2497    23.2339    14.4578    103.021    95.7939     0.9372      8.320     6.0653     8.6680    264.728    270.878      33391          9  0.000e+00
   55.50258 -134.86884    102.128      3.453      3.422    14.4581    31.2978  1023.2491    23.2337    14.4576    103.012    95.7660     0.9372      8.320     6.0648     8.6673    264.706    270.856      33392          9  0.000e+00
   55.50258 -134.86884    102.135      3.485      3.454    14.4583    31.2979  1023.2493    23.2338    14.4578    103.010    95.7939     0.9372      8.325     6.0647     8.6671    264.701    270.851      33393          9  0.000e+00
   55.50258 -134.86884    102.039      3.388      3.358    14.4581    31.2981  1023.2490    23.2339    14.4576    103.007    95.7660     0.9372      8.320     6.0646     8.6669    264.693    270.843      33394          9  0.000e+00
   55.50258 -134.86884    102.135      3.485      3.454    14.4583    31.2978  1023.2492    23.2337    14.4578    103.007    95.7939     0.9372      8.325     6.0646     8.6669    264.693    270.843      33395          9  0.000e+00
   55.50258 -134.86884    102.079      3.429      3.398    14.4575    31.2985  1023.2496    23.2344    14.4570    103.058    95.7939     0.9372      8.325     6.0676     8.6713    264.828    270.981      33396          9  0.000e+00
   55.50258 -134.86884    102.039      3.389      3.358    14.4574    31.2981  1023.2492    23.2341    14.4569    103.062    95.7939     0.9372      8.320     6.0679     8.6716    264.839    270.992      33397          9  0.000e+00
   55.50258 -134.86884    102.079      3.429      3.398    14.4578    31.2977  1023.2489    23.2337    14.4573    103.015    95.7660     0.9372      8.320     6.0651     8.6676    264.715    270.865      33398          9  0.000e+00
   55.50258 -134.86884    102.103      3.453      3.422    14.4577    31.2981  1023.2494    23.2340    14.4573    103.015    95.7660     0.9372      8.320     6.0651     8.6676    264.716    270.866      33399          9  0.000e+00
   55.50258 -134.86884    102.079      3.429      3.398    14.4577    31.2984  1023.2495    23.2343    14.4573    103.010    95.7660     0.9372      8.325     6.0647     8.6671    264.702    270.852      33400          9  0.000e+00
   55.50258 -134.86884    102.039      3.389      3.358    14.4578    31.2977  1023.2487    23.2337    14.4573    103.005    95.7660     0.9372      8.320     6.0645     8.6667    264.689    270.839      33401          9  0.000e+00
   55.50258 -134.86884    102.048      3.372      3.342    14.4577    31.2981  1023.2490    23.2340    14.4573    103.005    95.7660     0.9372      8.325     6.0645     8.6668    264.690    270.840      33402          9  0.000e+00
   55.50258 -134.86884    102.103      3.453      3.422    14.4577    31.2981  1023.2494    23.2341    14.4572    103.008    95.7660     0.9665      8.320     6.0646     8.6670    264.697    270.847      33403          9  0.000e+00
   55.50258 -134.86884    102.023      3.372      3.342    14.4577    31.2980  1023.2489    23.2339    14.4573    103.008    95.7660     0.9958      8.325     6.0647     8.6670    264.698    270.848      33404          9  0.000e+00
   55.50258 -134.86884    102.048      3.372      3.342    14.4575    31.2980  1023.2490    23.2340    14.4570    103.005    95.7660     0.9958      8.320     6.0645     8.6668    264.691    270.841      33405          9  0.000e+00
   55.50258 -134.86884    102.039      3.389      3.358    14.4574    31.2982  1023.2492    23.2341    14.4569    103.061    95.7660     0.9958      8.320     6.0678     8.6715    264.834    270.987      33406          9  0.000e+00
   55.50258 -134.86884    102.023      3.372      3.342    14.4577    31.2979  1023.2488    23.2339    14.4572    103.063    95.7660     0.9958      8.320     6.0679     8.6716    264.838    270.992      33407          9  0.000e+00
   55.50258 -134.86884    102.039      3.389      3.358    14.4574    31.2982  1023.2492    23.2341    14.4569    103.018    95.7660     0.9958      8.325     6.0653     8.6679    264.724    270.874      33408          9  0.000e+00
