EcoFOCI/data/1_SampleCollection/2022_GOA-OA_CruiseData/CTD_raw_BottleFile_RC0083/RC0083_034.ros
* Sea-Bird SBE 9 Data File:
* FileName = C:\Data\RC0083ctd\RC0083_034.hex
* Software Version Seasave V 7.26.7.107
* Temperature SN = 2060
* Conductivity SN = 1084
* Number of Bytes Per Scan = 31
* Number of Voltage Words = 4
* Number of Scans Averaged by the Deck Unit = 1
* NMEA Latitude = 58 09.63 N
* NMEA Longitude = 135 02.45 W
* NMEA UTC (Time) = Aug 18 2022  07:04:40
* NMEA baud rate = 4800
** Ship: R/V Rachel Carson
** Cruise ID: RC0083
** Tech: McHugh/Nomura
** Chief Scientist: Cross
** Station: UCD
** Cast:  CTD034
# nquan = 21
# nvalues = 294                                   
# units = specified
# name 0 = latitude: Latitude [deg]
# name 1 = longitude: Longitude [deg]
# name 2 = sfdSM: Seafloor depth [salt water, m]
# name 3 = prDM: Pressure, Digiquartz [db]
# name 4 = depSM: Depth [salt water, m]
# name 5 = t090C: Temperature [ITS-90, deg C]
# name 6 = sal00: Salinity, Practical [PSU]
# name 7 = density00: Density [density, kg/m^3]
# name 8 = sigma-é00: Density [sigma-theta, kg/m^3]
# name 9 = potemp090C: Potential Temperature [ITS-90, deg C]
# name 10 = sbeox0PS: Oxygen, SBE 43 [% saturation]
# name 11 = CStarTr0: Beam Transmission, WET Labs C-Star [%]
# name 12 = flECO-AFL: Fluorescence, WET Labs ECO-AFL/FL [mg/m^3]
# name 13 = ph: pH
# name 14 = sbeox0ML/L: Oxygen, SBE 43 [ml/l]
# name 15 = sbeox0Mg/L: Oxygen, SBE 43 [mg/l]
# name 16 = sbox0Mm/Kg: Oxygen, SBE 43 [umol/kg]
# name 17 = sbeox0Mm/L: Oxygen, SBE 43 [umol/l]
# name 18 = scan: Scan Count
# name 19 = nbf: Bottles Fired
# name 20 = flag:  0.000e+00
# interval = seconds: 0.0416667
# start_time = Aug 18 2022 07:04:40 [NMEA time, header]
# bad_flag = -9.990e-29
*END*
[from data line 138]
   58.15906 -135.04108    149.557     51.408     50.925     6.8142    31.3266  1024.7877    24.5510     6.8098     60.893   100.1851    -0.0005      7.881     4.2296     6.0445    184.367    188.894      12110          3  0.000e+00
   58.15906 -135.04108    149.557     51.408     50.925     6.8141    31.3264  1024.7875    24.5508     6.8097     60.894   100.1851    -0.0298      7.886     4.2297     6.0446    184.370    188.897      12111          3  0.000e+00
   58.15906 -135.04108    149.613     51.465     50.981     6.8137    31.3268  1024.7881    24.5512     6.8093     60.839   100.1851    -0.0298      7.881     4.2259     6.0392    184.205    188.728      12112          3  0.000e+00
   58.15906 -135.04108    149.557     51.408     50.925     6.8139    31.3270  1024.7880    24.5513     6.8095     60.888   100.1851    -0.0298      7.886     4.2293     6.0440    184.352    188.879      12113          3  0.000e+00
   58.15906 -135.04108    149.613     51.465     50.981     6.8139    31.3264  1024.7878    24.5508     6.8095     60.833   100.1851    -0.0298      7.881     4.2255     6.0386    184.188    188.710      12114          3  0.000e+00
   58.15906 -135.04108    149.557     51.408     50.925     6.8141    31.3264  1024.7875    24.5508     6.8097     60.826   100.1851    -0.0298      7.886     4.2250     6.0379    184.167    188.688      12115          3  0.000e+00
   58.15906 -135.04108    149.557     51.408     50.925     6.8141    31.3264  1024.7875    24.5508     6.8097     60.820   100.1851    -0.0298      7.886     4.2246     6.0374    184.149    188.670      12116          3  0.000e+00
   58.15906 -135.04108    149.621     51.473     50.989     6.8142    31.3261  1024.7876    24.5506     6.8098     60.871   100.1851    -0.0298      7.886     4.2281     6.0424    184.302    188.827      12117          3  0.000e+00
   58.15906 -135.04108    149.557     51.408     50.925     6.8146    31.3260  1024.7871    24.5505     6.8102     60.873   100.1851    -0.0298      7.886     4.2282     6.0425    184.305    188.830      12118          3  0.000e+00
   58.15888 -135.04116    124.060     26.160     25.916     7.6901    30.3907  1023.8193    23.6992     7.6877     61.849    92.3537     0.2339      7.926     4.2362     6.0540    184.809    189.189      13918          4  0.000e+00
   58.15888 -135.04116    123.659     25.805     25.564     7.6901    30.3911  1023.8180    23.6995     7.6877     61.850    92.3537     0.2339      7.926     4.2363     6.0541    184.813    189.193      13919          4  0.000e+00
   58.15886 -135.04116    123.866     26.039     25.796     7.6902    30.3907  1023.8187    23.6991     7.6879     61.856    92.3537     0.2339      7.926     4.2367     6.0546    184.830    189.210      13920          4  0.000e+00
   58.15886 -135.04116    123.779     25.926     25.684     7.6902    30.3906  1023.8181    23.6991     7.6879     61.859    92.3537     0.2339      7.926     4.2369     6.0549    184.838    189.218      13921          4  0.000e+00
   58.15886 -135.04116    123.659     25.805     25.564     7.6902    30.3906  1023.8175    23.6991     7.6879     61.861    92.3537     0.2339      7.926     4.2370     6.0551    184.845    189.226      13922          4  0.000e+00
   58.15886 -135.04116    123.955     26.104     25.860     7.6906    30.3900  1023.8184    23.6986     7.6882     61.866    92.3537     0.2339      7.926     4.2374     6.0556    184.860    189.241      13923          4  0.000e+00
   58.15886 -135.04116    123.659     25.805     25.564     7.6906    30.3903  1023.8173    23.6988     7.6882     61.859    92.3537     0.2339      7.926     4.2369     6.0549    184.838    189.219      13924          4  0.000e+00
   58.15886 -135.04116    123.891     26.039     25.796     7.6910    30.3898  1023.8179    23.6984     7.6886     61.863    92.3537     0.2339      7.926     4.2371     6.0553    184.849    189.229      13925          4  0.000e+00
   58.15886 -135.04116    123.779     25.926     25.684     7.6913    30.3892  1023.8169    23.6978     7.6890     61.864    92.3817     0.2339      7.926     4.2372     6.0553    184.851    189.231      13926          4  0.000e+00
   58.15886 -135.04116    123.835     25.982     25.740     7.6920    30.3886  1023.8166    23.6973     7.6896     61.866    92.3537     0.2339      7.926     4.2372     6.0554    184.854    189.235      13927          4  0.000e+00
   58.15886 -135.04116    113.622     25.805     25.564     7.6925    30.3879  1023.8152    23.6967     7.6902     61.865    92.2978     0.2339      7.926     4.2372     6.0553    184.852    189.232      13928          4  0.000e+00
   58.15886 -135.04116     55.989     25.926     25.684     7.6927    30.3881  1023.8158    23.6968     7.6903     61.867    92.2698     0.2339      7.926     4.2373     6.0555    184.857    189.237      13929          4  0.000e+00
   58.15886 -135.04116     30.191     26.039     25.796     7.6927    30.3882  1023.8165    23.6969     7.6903     61.869    92.2698     0.2339      7.926     4.2374     6.0556    184.861    189.241      13930          4  0.000e+00
   58.15886 -135.04116     28.128     25.805     25.564     7.6928    30.3875  1023.8148    23.6964     7.6905     61.867    92.2698     0.2339      7.926     4.2373     6.0555    184.856    189.237      13931          4  0.000e+00
   58.15886 -135.04116     30.746     25.982     25.740     7.6923    30.3883  1023.8163    23.6970     7.6900     61.869    92.2698     0.2339      7.926     4.2374     6.0557    184.862    189.243      13932          4  0.000e+00
   58.15886 -135.04116     31.827     26.039     25.796     7.6920    30.3887  1023.8169    23.6973     7.6896     61.869    92.2698     0.2339      7.926     4.2374     6.0557    184.864    189.244      13933          4  0.000e+00
   58.15886 -135.04116     31.644     25.805     25.564     7.6915    30.3888  1023.8160    23.6976     7.6891     61.866    92.2698     0.2339      7.926     4.2373     6.0556    184.858    189.239      13934          4  0.000e+00
   58.15886 -135.04116     31.843     26.104     25.860     7.6912    30.3895  1023.8179    23.6981     7.6888     61.868    92.2698     0.2339      7.926     4.2374     6.0557    184.863    189.244      13935          4  0.000e+00
   58.15886 -135.04116     31.473     25.805     25.564     7.6910    30.3897  1023.8167    23.6983     7.6887     61.864    92.2698     0.2339      7.926     4.2372     6.0554    184.853    189.234      13936          4  0.000e+00
   58.15886 -135.04116     31.674     25.982     25.740     7.6907    30.3896  1023.8176    23.6983     7.6884     61.864    92.2698     0.2339      7.926     4.2372     6.0554    184.854    189.235      13937          4  0.000e+00
   58.15886 -135.04116     31.730     26.039     25.796     7.6906    30.3897  1023.8179    23.6984     7.6882     61.863    92.2698     0.2339      7.926     4.2372     6.0553    184.851    189.231      13938          4  0.000e+00
   58.15886 -135.04116     31.498     25.805     25.564     7.6904    30.3899  1023.8170    23.6985     7.6880     61.859    92.2698     0.2339      7.926     4.2369     6.0550    184.840    189.220      13939          4  0.000e+00
   58.15886 -135.04116     31.794     26.104     25.860     7.6904    30.3896  1023.8182    23.6983     7.6880     61.859    92.2698     0.2339      7.926     4.2369     6.0550    184.840    189.221      13940          4  0.000e+00
   58.15886 -135.04116     31.674     25.982     25.740     7.6909    30.3896  1023.8175    23.6982     7.6885     61.856    92.2978     0.2339      7.926     4.2366     6.0545    184.827    189.207      13941          4  0.000e+00
   58.15886 -135.04116     31.498     25.805     25.564     7.6909    30.3899  1023.8170    23.6985     7.6885     61.851    92.2698     0.2339      7.926     4.2363     6.0541    184.814    189.193      13942          4  0.000e+00
   58.15886 -135.04116     31.618     25.926     25.684     7.6917    30.3893  1023.8169    23.6979     7.6893     61.849    92.2698     0.2339      7.926     4.2361     6.0538    184.804    189.183      13943          4  0.000e+00
   58.15886 -135.04116     31.618     25.926     25.684     7.6923    30.3890  1023.8166    23.6975     7.6900     61.845    92.2698     0.2339      7.926     4.2358     6.0533    184.791    189.170      13944          4  0.000e+00
   58.15886 -135.04116     31.649     25.982     25.740     7.6927    30.3884  1023.8163    23.6970     7.6903     61.842    92.2698     0.2339      7.926     4.2355     6.0530    184.780    189.158      13945          4  0.000e+00
   58.15886 -135.04116     79.774     25.926     25.684     7.6936    30.3882  1023.8158    23.6968     7.6912     61.837    92.2698     0.2339      7.926     4.2351     6.0524    184.762    189.140      13946          4  0.000e+00
   58.15886 -135.04116    120.465     25.982     25.740     7.6943    30.3874  1023.8153    23.6960     7.6919     61.833    92.2698     0.2339      7.926     4.2348     6.0519    184.748    189.126      13947          4  0.000e+00
   58.15886 -135.04116    125.796     26.039     25.796     7.6956    30.3865  1023.8147    23.6951     7.6932     61.828    92.3258     0.2339      7.926     4.2344     6.0514    184.730    189.108      13948          4  0.000e+00
   58.15886 -135.04116    125.620     25.861     25.620     7.6963    30.3861  1023.8134    23.6947     7.6940     61.822    92.3258     0.2339      7.926     4.2339     6.0506    184.708    189.085      13949          4  0.000e+00
   58.15886 -135.04116    124.414     25.926     25.684     7.6959    30.3862  1023.8139    23.6949     7.6936     61.824    92.3537     0.2339      7.926     4.2341     6.0509    184.718    189.095      13950          4  0.000e+00
   58.15886 -135.04116    124.257     26.039     25.796     7.6954    30.3868  1023.8150    23.6954     7.6931     61.820    92.3258     0.2339      7.926     4.2338     6.0506    184.706    189.083      13951          4  0.000e+00
   58.15886 -135.04116    124.179     25.861     25.620     7.6949    30.3872  1023.8145    23.6958     7.6926     61.813    92.3258     0.2339      7.926     4.2334     6.0499    184.687    189.063      13952          4  0.000e+00
   58.15886 -135.04116    124.428     26.039     25.796     7.6944    30.3875  1023.8156    23.6961     7.6921     61.809    92.3537     0.2339      7.926     4.2331     6.0495    184.675    189.051      13953          4  0.000e+00
   58.15886 -135.04116    124.252     25.861     25.620     7.6944    30.3877  1023.8150    23.6963     7.6921     61.801    92.3537     0.2339      7.926     4.2326     6.0488    184.652    189.027      13954          4  0.000e+00
   58.15886 -135.04116    124.316     25.926     25.684     7.6944    30.3877  1023.8153    23.6963     7.6921     61.795    92.3258     0.2339      7.926     4.2322     6.0482    184.634    189.009      13955          4  0.000e+00
   58.15886 -135.04116    124.316     25.926     25.684     7.6937    30.3883  1023.8159    23.6968     7.6913     61.796    92.3537     0.2339      7.926     4.2323     6.0484    184.638    189.014      13956          4  0.000e+00
   58.15886 -135.04116    124.316     25.926     25.684     7.6938    30.3882  1023.8158    23.6968     7.6915     61.796    92.3258     0.2339      7.926     4.2323     6.0484    184.640    189.015      13957          4  0.000e+00
   58.15886 -135.04116    124.492     26.104     25.860     7.6935    30.3881  1023.8165    23.6967     7.6911     61.798    92.3258     0.2339      7.926     4.2325     6.0486    184.647    189.023      13958          4  0.000e+00
   58.15886 -135.04116    124.196     25.805     25.564     7.6935    30.3884  1023.8154    23.6969     7.6911     61.797    92.3258     0.2339      7.926     4.2324     6.0485    184.642    189.017      13959          4  0.000e+00
   58.15886 -135.04116    124.316     25.926     25.684     7.6938    30.3882  1023.8158    23.6968     7.6915     61.846    92.3258     0.2339      7.926     4.2357     6.0533    184.788    189.167      13960          4  0.000e+00
   58.15886 -135.04116    124.428     26.039     25.796     7.6947    30.3876  1023.8157    23.6961     7.6924     61.791    92.3258     0.2339      7.926     4.2319     6.0478    184.621    188.996      13961          4  0.000e+00
   58.15886 -135.04116    124.252     25.861     25.620     7.6961    30.3863  1023.8137    23.6949     7.6937     61.789    92.3258     0.2339      7.926     4.2317     6.0475    184.612    188.986      13962          4  0.000e+00
   58.15886 -135.04116    124.316     25.926     25.684     7.6965    30.3860  1023.8137    23.6946     7.6942     61.789    92.3258     0.2339      7.926     4.2316     6.0474    184.611    188.985      13963          4  0.000e+00
   58.15886 -135.04116    124.316     25.926     25.684     7.6962    30.3866  1023.8142    23.6952     7.6938     61.789    92.3258     0.2339      7.926     4.2316     6.0474    184.610    188.985      13964          4  0.000e+00
   58.15886 -135.04116    124.316     25.926     25.684     7.6967    30.3858  1023.8135    23.6944     7.6943     61.789    92.3258     0.2339      7.926     4.2316     6.0474    184.608    188.983      13965          4  0.000e+00
   58.15886 -135.04116    124.428     26.039     25.796     7.6973    30.3853  1023.8135    23.6940     7.6950     61.789    92.3258     0.2339      7.926     4.2316     6.0473    184.608    188.982      13966          4  0.000e+00
   58.15872 -135.04122     18.005     10.780     10.679    10.2637    28.1078  1021.5841    21.5350    10.2625     90.670    86.0048     3.1936      8.207     5.9495     8.5025    260.104    265.706      15536          5  0.000e+00
   58.15872 -135.04122     17.853     10.626     10.527    10.2647    28.1073  1021.5828    21.5344    10.2636     90.599    86.0048     3.1936      8.202     5.9448     8.4957    259.898    265.494      15537          5  0.000e+00
   58.15872 -135.04122     21.639     10.602     10.503    10.2652    28.1082  1021.5833    21.5351    10.2640     90.579    86.0048     3.1936      8.207     5.9433     8.4936    259.834    265.430      15538          5  0.000e+00
   58.15872 -135.04122     56.313     10.723     10.623    10.2672    28.1089  1021.5841    21.5353    10.2661     90.560    85.9768     3.1936      8.207     5.9418     8.4914    259.767    265.361      15539          5  0.000e+00
   58.15872 -135.04122     73.675     10.747     10.647    10.2686    28.1096  1021.5845    21.5356    10.2675     90.594    86.0048     3.1936      8.207     5.9439     8.4944    259.856    265.453      15540          5  0.000e+00
   58.15872 -135.04122     75.216     10.602     10.503    10.2684    28.1098  1021.5841    21.5358    10.2672     90.531    86.0048     3.1936      8.202     5.9398     8.4885    259.677    265.270      15541          5  0.000e+00
   58.15872 -135.04122     73.575     10.424     10.327    10.2688    28.1080  1021.5817    21.5343    10.2677     90.510    86.0048     3.1936      8.207     5.9384     8.4865    259.617    265.208      15542          5  0.000e+00
   58.15872 -135.04122     73.244     10.780     10.679    10.2696    28.1067  1021.5822    21.5332    10.2685     90.495    86.0048     3.1936      8.207     5.9373     8.4850    259.572    265.161      15543          5  0.000e+00
   58.15872 -135.04122     73.187     10.747     10.647    10.2708    28.1057  1021.5811    21.5322    10.2696     90.482    86.0048     3.1936      8.202     5.9364     8.4837    259.530    265.119      15544          5  0.000e+00
   58.15872 -135.04122     72.947     10.481     10.383    10.2744    28.1003  1021.5751    21.5274    10.2733     90.467    86.0607     3.1936      8.202     5.9351     8.4819    259.476    265.062      15545          5  0.000e+00
