EcoFOCI/data/1_SampleCollection/2022_GOA-OA_CruiseData/CTD_raw_BottleFile_RC0083/RC0083_044.ros
* Sea-Bird SBE 9 Data File:
* FileName = C:\Data\RC0083ctd\RC0083_044.hex
* Software Version Seasave V 7.26.7.107
* Temperature SN = 2060
* Conductivity SN = 1084
* Number of Bytes Per Scan = 31
* Number of Voltage Words = 4
* Number of Scans Averaged by the Deck Unit = 1
* NMEA Latitude = 58 09.46 N
* NMEA Longitude = 136 34.90 W
* NMEA UTC (Time) = Aug 18 2022  23:17:27
* NMEA baud rate = 4800
** Ship: R/V Rachel Carson
** Cruise ID: RC0083
** Tech: McHugh/Nomura
** Chief Scientist: Cross
** Station: XS3
** Cast:  CTD044
# nquan = 21
# nvalues = 441                                   
# units = specified
# name 0 = latitude: Latitude [deg]
# name 1 = longitude: Longitude [deg]
# name 2 = sfdSM: Seafloor depth [salt water, m]
# name 3 = prDM: Pressure, Digiquartz [db]
# name 4 = depSM: Depth [salt water, m]
# name 5 = t090C: Temperature [ITS-90, deg C]
# name 6 = sal00: Salinity, Practical [PSU]
# name 7 = density00: Density [density, kg/m^3]
# name 8 = sigma-é00: Density [sigma-theta, kg/m^3]
# name 9 = potemp090C: Potential Temperature [ITS-90, deg C]
# name 10 = sbeox0PS: Oxygen, SBE 43 [% saturation]
# name 11 = CStarTr0: Beam Transmission, WET Labs C-Star [%]
# name 12 = flECO-AFL: Fluorescence, WET Labs ECO-AFL/FL [mg/m^3]
# name 13 = ph: pH
# name 14 = sbeox0ML/L: Oxygen, SBE 43 [ml/l]
# name 15 = sbeox0Mg/L: Oxygen, SBE 43 [mg/l]
# name 16 = sbox0Mm/Kg: Oxygen, SBE 43 [umol/kg]
# name 17 = sbeox0Mm/L: Oxygen, SBE 43 [umol/l]
# name 18 = scan: Scan Count
# name 19 = nbf: Bottles Fired
# name 20 = flag:  0.000e+00
# interval = seconds: 0.0416667
# start_time = Aug 18 2022 23:17:27 [NMEA time, header]
# bad_flag = -9.990e-29
*END*
[from data line 207]
   58.15756 -136.57914    173.882     75.968     75.249     7.8696    31.5135  1024.9039    24.5563     7.8624     57.746    87.7389     0.3511      7.930     3.9103     5.5882    170.448    174.634      22691          5  0.000e+00
   58.15756 -136.57914    173.882     75.968     75.249     7.8696    31.5134  1024.9039    24.5562     7.8625     57.759    87.7389     0.4390      7.930     3.9111     5.5894    170.484    174.671      22692          5  0.000e+00
   58.15756 -136.57914    173.882     75.968     75.249     7.8701    31.5138  1024.9041    24.5565     7.8630     57.764    87.7389     0.4683      7.930     3.9114     5.5898    170.497    174.683      22693          5  0.000e+00
   58.15756 -136.57914    173.882     75.968     75.249     7.8710    31.5135  1024.9037    24.5561     7.8638     57.713    87.7389     0.4683      7.930     3.9079     5.5848    170.344    174.527      22694          5  0.000e+00
   58.15756 -136.57914    173.818     75.903     75.185     7.8709    31.5134  1024.9034    24.5560     7.8638     57.766    87.7389     0.4683      7.930     3.9115     5.5900    170.502    174.689      22695          5  0.000e+00
   58.15756 -136.57914    173.882     75.968     75.249     7.8697    31.5128  1024.9034    24.5558     7.8626     57.780    87.7389     0.4683      7.930     3.9126     5.5914    170.547    174.735      22696          5  0.000e+00
   58.15756 -136.57914    173.882     75.968     75.249     7.8688    31.5126  1024.9033    24.5557     7.8616     57.786    87.7389     0.4683      7.930     3.9130     5.5921    170.568    174.757      22697          5  0.000e+00
   58.15756 -136.57914    173.882     75.968     75.249     7.8687    31.5130  1024.9037    24.5561     7.8615     57.791    87.7389     0.4683      7.930     3.9134     5.5927    170.585    174.774      22698          5  0.000e+00
   58.15756 -136.57914    173.762     75.847     75.129     7.8684    31.5135  1024.9036    24.5565     7.8612     57.796    87.8507     0.4683      7.930     3.9138     5.5932    170.600    174.789      22699          5  0.000e+00
   58.15756 -136.57914    146.521     76.130     75.409     7.8680    31.5129  1024.9044    24.5561     7.8608     57.804    87.8787     0.4683      7.930     3.9144     5.5940    170.625    174.815      22700          5  0.000e+00
   58.15756 -136.57914     95.323     75.968     75.249     7.8672    31.5126  1024.9035    24.5559     7.8600     57.809    87.9067     0.4683      7.930     3.9147     5.5946    170.642    174.832      22701          5  0.000e+00
   58.15756 -136.57914     79.914     75.968     75.249     7.8665    31.5120  1024.9032    24.5555     7.8593     57.814    87.8787     0.4683      7.930     3.9152     5.5952    170.662    174.853      22702          5  0.000e+00
   58.15756 -136.57914     80.824     76.025     75.305     7.8661    31.5126  1024.9039    24.5561     7.8589     57.821    87.8787     0.4683      7.930     3.9156     5.5958    170.681    174.873      22703          5  0.000e+00
   58.15756 -136.57914     82.868     75.968     75.249     7.8665    31.5131  1024.9040    24.5564     7.8593     57.826    87.8787     0.4683      7.930     3.9159     5.5963    170.695    174.886      22704          5  0.000e+00
   58.15756 -136.57914     83.511     76.025     75.305     7.8677    31.5144  1024.9052    24.5573     7.8605     57.832    87.8787     0.4683      7.930     3.9162     5.5967    170.706    174.898      22705          5  0.000e+00
   58.15756 -136.57914     83.462     76.025     75.305     7.8704    31.5147  1024.9050    24.5571     7.8633     57.893    87.8787     0.4683      7.930     3.9201     5.6022    170.875    175.071      22706          5  0.000e+00
   58.15756 -136.57914     83.308     75.968     75.249     7.8734    31.5148  1024.9044    24.5568     7.8663     57.849    87.8787     0.4683      7.930     3.9168     5.5976    170.734    174.926      22707          5  0.000e+00
   58.15756 -136.57914     83.340     76.025     75.305     7.8750    31.5148  1024.9044    24.5566     7.8678     57.854    87.8787     0.4683      7.930     3.9171     5.5979    170.744    174.937      22708          5  0.000e+00
   58.15756 -136.57914     83.404     76.090     75.370     7.8757    31.5142  1024.9042    24.5560     7.8685     57.908    87.8787     0.4683      7.930     3.9207     5.6031    170.902    175.098      22709          5  0.000e+00
   58.15756 -136.57914     83.364     76.025     75.305     7.8759    31.5142  1024.9038    24.5560     7.8688     57.857    87.8787     0.4683      7.930     3.9172     5.5980    170.748    174.941      22710          5  0.000e+00
   58.15756 -136.57914     83.428     76.090     75.370     7.8763    31.5137  1024.9036    24.5555     7.8691     57.854    87.8787     0.4683      7.930     3.9170     5.5978    170.740    174.932      22711          5  0.000e+00
   58.15756 -136.57914     83.428     76.090     75.370     7.8757    31.5133  1024.9035    24.5553     7.8685     57.858    87.8787     0.4097      7.930     3.9173     5.5983    170.755    174.948      22712          5  0.000e+00
   58.15756 -136.57914     83.428     76.090     75.370     7.8748    31.5135  1024.9037    24.5556     7.8677     57.870    87.9067     0.3511      7.930     3.9182     5.5995    170.793    174.987      22713          5  0.000e+00
   58.15756 -136.57914     83.428     76.090     75.370     7.8738    31.5136  1024.9039    24.5557     7.8667     57.875    87.8787     0.3511      7.930     3.9186     5.6001    170.810    175.005      22714          5  0.000e+00
   58.15756 -136.57914     83.484     76.146     75.426     7.8734    31.5131  1024.9038    24.5554     7.8663     57.880    87.8787     0.3511      7.930     3.9190     5.6006    170.827    175.022      22715          5  0.000e+00
   58.15756 -136.57914     83.404     76.090     75.370     7.8724    31.5131  1024.9038    24.5556     7.8652     57.876    87.9067     0.3511      7.930     3.9189     5.6004    170.821    175.016      22716          5  0.000e+00
   58.15756 -136.57914     93.643     76.146     75.426     7.8708    31.5127  1024.9040    24.5555     7.8636     57.874    87.8787     0.3511      7.930     3.9188     5.6004    170.820    175.015      22717          5  0.000e+00
   58.15756 -136.57914    150.402     76.203     75.482     7.8700    31.5129  1024.9045    24.5558     7.8628     57.871    87.8787     0.3511      7.930     3.9187     5.6002    170.814    175.008      22718          5  0.000e+00
   58.15756 -136.57914    175.426     76.146     75.426     7.8698    31.5130  1024.9043    24.5559     7.8626     57.866    87.4871     0.3511      7.930     3.9184     5.5998    170.802    174.996      22719          5  0.000e+00
   58.15756 -136.57914    175.482     76.203     75.482     7.8700    31.5133  1024.9048    24.5561     7.8628     57.863    87.2074     0.3511      7.930     3.9181     5.5994    170.790    174.984      22720          5  0.000e+00
   58.15756 -136.57914    174.993     76.203     75.482     7.8701    31.5134  1024.9048    24.5561     7.8630     57.866    87.1795     0.3511      7.930     3.9183     5.5997    170.798    174.992      22721          5  0.000e+00
   58.15756 -136.57914    174.081     76.268     75.546     7.8704    31.5131  1024.9049    24.5559     7.8632     57.869    87.1795     0.3511      7.930     3.9185     5.6000    170.807    175.001      22722          5  0.000e+00
   58.15756 -136.57914    174.032     76.268     75.546     7.8703    31.5133  1024.9051    24.5561     7.8632     57.872    87.2074     0.3511      7.930     3.9187     5.6003    170.816    175.010      22723          5  0.000e+00
   58.15756 -136.57914    174.130     76.268     75.546     7.8699    31.5134  1024.9052    24.5562     7.8627     57.875    87.2074     0.3511      7.930     3.9190     5.6006    170.826    175.021      22724          5  0.000e+00
   58.15756 -136.57914    174.234     76.324     75.602     7.8703    31.5134  1024.9054    24.5561     7.8631     57.878    87.2074     0.3511      7.930     3.9192     5.6009    170.835    175.030      22725          5  0.000e+00
   58.15756 -136.57914    174.234     76.324     75.602     7.8707    31.5137  1024.9055    24.5563     7.8635     57.881    87.2074     0.3511      7.930     3.9193     5.6011    170.842    175.037      22726          5  0.000e+00
   58.15756 -136.57914    174.234     76.324     75.602     7.8708    31.5142  1024.9060    24.5567     7.8636     57.884    87.2074     0.3511      7.930     3.9195     5.6014    170.850    175.045      22727          5  0.000e+00
   58.15756 -136.57914    174.299     76.389     75.666     7.8711    31.5139  1024.9059    24.5564     7.8639     57.943    87.2074     0.3511      7.930     3.9235     5.6071    171.023    175.223      22728          5  0.000e+00
   58.15760 -136.57890    148.051     49.888     49.419     8.1504    31.2698  1024.5530    24.3249     8.1456     60.743    77.8378     0.4976      7.958     4.0936     5.8501    178.477    182.819      24280          6  0.000e+00
   58.15760 -136.57890    148.059     49.896     49.427     8.1510    31.2694  1024.5527    24.3245     8.1463     60.750    77.8378     0.4683      7.958     4.0940     5.8508    178.498    182.840      24281          6  0.000e+00
   58.15760 -136.57890    148.098     50.009     49.539     8.1514    31.2690  1024.5529    24.3242     8.1466     60.766    77.8378     0.4683      7.958     4.0951     5.8522    178.542    182.885      24282          6  0.000e+00
   58.15760 -136.57890    147.715     50.017     49.547     8.1517    31.2684  1024.5523    24.3236     8.1469     60.773    77.8378     0.4683      7.958     4.0955     5.8529    178.563    182.907      24283          6  0.000e+00
   58.15760 -136.57890    147.456     49.952     49.483     8.1515    31.2684  1024.5521    24.3237     8.1468     60.787    77.8378     0.4683      7.958     4.0965     5.8543    178.604    182.949      24284          6  0.000e+00
   58.15760 -136.57890    147.520     50.017     49.547     8.1512    31.2685  1024.5525    24.3238     8.1464     60.794    77.8378     0.4683      7.958     4.0970     5.8551    178.628    182.973      24285          6  0.000e+00
   58.15760 -136.57890    147.456     49.952     49.483     8.1510    31.2690  1024.5526    24.3242     8.1463     60.793    77.8378     0.4683      7.958     4.0969     5.8549    178.625    182.970      24286          6  0.000e+00
   58.15760 -136.57890    147.601     50.074     49.603     8.1509    31.2686  1024.5529    24.3239     8.1461     60.800    77.8378     0.4683      7.958     4.0975     5.8557    178.647    182.992      24287          6  0.000e+00
   58.15760 -136.57890    147.537     50.009     49.539     8.1501    31.2687  1024.5528    24.3242     8.1453     60.806    77.8378     0.4683      7.958     4.0979     5.8563    178.666    183.012      24288          6  0.000e+00
   58.15760 -136.57890    147.545     50.017     49.547     8.1494    31.2692  1024.5533    24.3246     8.1447     60.811    77.8378     0.4683      7.958     4.0983     5.8569    178.685    183.031      24289          6  0.000e+00
   58.15760 -136.57890    147.601     50.074     49.603     8.1487    31.2694  1024.5538    24.3248     8.1439     60.825    77.8378     0.4683      7.958     4.0993     5.8583    178.726    183.073      24290          6  0.000e+00
   58.15760 -136.57890    147.601     50.074     49.603     8.1478    31.2703  1024.5547    24.3257     8.1430     60.830    77.8378     0.4683      7.958     4.0997     5.8589    178.744    183.092      24291          6  0.000e+00
   58.15760 -136.57890    147.601     50.074     49.603     8.1475    31.2700  1024.5545    24.3255     8.1427     60.828    77.8378     0.4976      7.958     4.0996     5.8587    178.739    183.087      24292          6  0.000e+00
   58.15760 -136.57890    147.601     50.074     49.603     8.1475    31.2704  1024.5548    24.3258     8.1427     60.832    77.8378     0.4976      7.958     4.0999     5.8591    178.751    183.099      24293          6  0.000e+00
   58.15760 -136.57890    147.601     50.074     49.603     8.1470    31.2707  1024.5551    24.3261     8.1422     60.891    77.8378     0.5269      7.958     4.1039     5.8649    178.928    183.280      24294          6  0.000e+00
   58.15760 -136.57890    147.665     50.138     49.667     8.1465    31.2711  1024.5558    24.3265     8.1417     60.895    77.7260     0.5269      7.958     4.1042     5.8653    178.940    183.293      24295          6  0.000e+00
   58.15760 -136.57890    147.657     50.130     49.659     8.1464    31.2713  1024.5559    24.3267     8.1416     60.898    77.2225     0.5269      7.958     4.1044     5.8655    178.947    183.300      24296          6  0.000e+00
   58.15760 -136.57890    148.014     50.195     49.723     8.1462    31.2717  1024.5566    24.3270     8.1414     60.900    76.9988     0.4976      7.958     4.1045     5.8657    178.953    183.307      24297          6  0.000e+00
   58.15760 -136.57890    148.243     50.130     49.659     8.1457    31.2720  1024.5566    24.3273     8.1409     60.914    76.9988     0.4976      7.958     4.1055     5.8672    178.998    183.353      24298          6  0.000e+00
   58.15760 -136.57890    148.380     50.195     49.723     8.1455    31.2720  1024.5569    24.3274     8.1407     60.922    77.0267     0.4976      7.958     4.1061     5.8680    179.023    183.378      24299          6  0.000e+00
   58.15760 -136.57890    148.348     50.187     49.715     8.1455    31.2717  1024.5566    24.3271     8.1407     60.922    77.0267     0.4976      7.953     4.1061     5.8680    179.022    183.377      24300          6  0.000e+00
   58.15760 -136.57890    148.412     50.252     49.779     8.1450    31.2725  1024.5576    24.3278     8.1402     60.929    77.0267     0.4976      7.958     4.1065     5.8687    179.043    183.398      24301          6  0.000e+00
   58.15760 -136.57890    148.412     50.252     49.779     8.1442    31.2735  1024.5585    24.3287     8.1394     60.934    77.0267     0.4976      7.958     4.1070     5.8693    179.061    183.418      24302          6  0.000e+00
   58.15760 -136.57890    148.476     50.316     49.843     8.1424    31.2756  1024.5607    24.3306     8.1376     60.933    77.0267     0.4976      7.953     4.1070     5.8693    179.061    183.418      24303          6  0.000e+00
   58.15760 -136.57890    148.468     50.308     49.835     8.1405    31.2779  1024.5628    24.3327     8.1357     60.930    77.0267     0.4976      7.958     4.1069     5.8692    179.057    183.414      24304          6  0.000e+00
   58.15760 -136.57890    148.476     50.316     49.843     8.1399    31.2783  1024.5632    24.3331     8.1351     60.940    77.0267     0.4976      7.958     4.1077     5.8703    179.090    183.448      24305          6  0.000e+00
   58.15760 -136.57890    148.468     50.308     49.835     8.1394    31.2787  1024.5636    24.3335     8.1346     60.943    77.0267     0.4976      7.958     4.1079     5.8706    179.100    183.458      24306          6  0.000e+00
   58.15760 -136.57890    148.532     50.373     49.899     8.1399    31.2779  1024.5632    24.3328     8.1350     60.939    77.0267     0.4976      7.958     4.1076     5.8701    179.086    183.444      24307          6  0.000e+00
   58.15760 -136.57890    148.588     50.429     49.955     8.1403    31.2772  1024.5628    24.3322     8.1355     60.933    77.0267     0.4976      7.953     4.1072     5.8696    179.069    183.426      24308          6  0.000e+00
   58.15760 -136.57890    148.588     50.429     49.955     8.1410    31.2767  1024.5623    24.3317     8.1362     60.934    77.0267     0.4976      7.958     4.1072     5.8695    179.068    183.425      24309          6  0.000e+00
