EcoFOCI/data/1_SampleCollection/2022_GOA-OA_CruiseData/CTD_raw_BottleFile_RC0083/RC0083_115.cnv
* Sea-Bird SBE 9 Data File:
* FileName = C:\Data\RC0083ctd\RC0083_115.hex
* Software Version Seasave V 7.26.7.107
* Temperature SN = 2060
* Conductivity SN = 2881
* Number of Bytes Per Scan = 31
* Number of Voltage Words = 4
* Number of Scans Averaged by the Deck Unit = 1
* NMEA Latitude = 56 02.44 N
* NMEA Longitude = 133 53.90 W
* NMEA UTC (Time) = Aug 23 2022  13:33:50
* NMEA baud rate = 4800
** Ship: R/V Rachel Carson
** Cruise ID: RC0083
** Tech: McHugh/Nomura
** Chief Scientist: Cross
** Station: LSS3
** Cast:  CTD115
# nquan = 19
# nvalues = 17221                                 
# units = specified
# name 0 = latitude: Latitude [deg]
# name 1 = longitude: Longitude [deg]
# name 2 = sfdSM: Seafloor depth [salt water, m]
# name 3 = prDM: Pressure, Digiquartz [db]
# name 4 = depSM: Depth [salt water, m]
# name 5 = t090C: Temperature [ITS-90, deg C]
# name 6 = sal00: Salinity, Practical [PSU]
# name 7 = density00: Density [density, kg/m^3]
# name 8 = sigma-é00: Density [sigma-theta, kg/m^3]
# name 9 = potemp090C: Potential Temperature [ITS-90, deg C]
# name 10 = sbeox0PS: Oxygen, SBE 43 [% saturation]
# name 11 = CStarTr0: Beam Transmission, WET Labs C-Star [%]
# name 12 = flECO-AFL: Fluorescence, WET Labs ECO-AFL/FL [mg/m^3]
# name 13 = ph: pH
# name 14 = sbeox0ML/L: Oxygen, SBE 43 [ml/l]
# name 15 = sbeox0Mg/L: Oxygen, SBE 43 [mg/l]
# name 16 = sbox0Mm/Kg: Oxygen, SBE 43 [umol/kg]
# name 17 = sbeox0Mm/L: Oxygen, SBE 43 [umol/l]
# name 18 = flag:  0.000e+00
# span 0 =   56.04060,   56.04106                 
# span 1 = -133.89848, -133.89794                 
# span 2 =      2.571,    277.694                 
# span 3 =      1.778,    262.835                 
# span 4 =      1.762,    260.277                 
# span 5 =     6.1982,    12.0509                 
# span 6 =    30.8175,    33.4093                 
# span 7 =  1023.3601,  1027.4801                 
# span 8 =    23.3510,    26.2737                 
# span 9 =     6.1757,    12.0505                 
# span 10 =     32.372,     88.638                
# span 11 =    91.7944,   102.3946                
# span 12 =    -0.0591,     6.6222                
# span 13 =      7.758,      8.205                
# span 14 =     2.2482,     5.6120                
# span 15 =     3.2129,     8.0201                
# span 16 =     97.838,    244.721                
# span 17 =    100.405,    250.633                
# span 18 = 0.0000e+00, 0.0000e+00                
# interval = seconds: 0.0416667
# start_time = Aug 23 2022 13:33:50 [NMEA time, header]
# bad_flag = -9.990e-29
*END*
[from data line 4801]
   56.04090 -133.89846    221.536    124.070    122.904     6.8748    32.8086  1026.2801    25.7110     6.8638     41.307   101.2758     0.0581      7.809     2.8373     4.0548    123.539    126.716  0.000e+00
   56.04090 -133.89846    221.600    124.135    122.968     6.8748    32.8085  1026.2804    25.7109     6.8638     41.252   101.2758     0.0581      7.809     2.8336     4.0495    123.375    126.547  0.000e+00
   56.04090 -133.89846    221.600    124.135    122.968     6.8750    32.8086  1026.2804    25.7109     6.8640     41.248   101.2758     0.0581      7.814     2.8333     4.0491    123.363    126.535  0.000e+00
   56.04090 -133.89846    221.656    124.191    123.024     6.8748    32.8083  1026.2804    25.7107     6.8638     41.246   101.2758     0.0581      7.814     2.8331     4.0488    123.355    126.527  0.000e+00
   56.04090 -133.89846    221.656    124.191    123.024     6.8740    32.8094  1026.2814    25.7117     6.8630     41.243   101.2758     0.0581      7.809     2.8330     4.0486    123.348    126.520  0.000e+00
   56.04090 -133.89846    221.656    124.191    123.024     6.8742    32.8092  1026.2812    25.7115     6.8631     41.298   101.2758     0.0581      7.814     2.8367     4.0540    123.513    126.689  0.000e+00
   56.04090 -133.89846    221.720    124.256    123.088     6.8742    32.8089  1026.2813    25.7113     6.8631     41.303   101.2758     0.0581      7.809     2.8371     4.0545    123.529    126.705  0.000e+00
   56.04090 -133.89846    221.776    124.313    123.144     6.8731    32.8097  1026.2824    25.7121     6.8621     41.308   101.2758     0.0581      7.809     2.8375     4.0551    123.547    126.723  0.000e+00
   56.04090 -133.89846    221.776    124.313    123.144     6.8716    32.8116  1026.2841    25.7138     6.8606     41.256   101.2758     0.0581      7.809     2.8340     4.0501    123.393    126.566  0.000e+00
   56.04090 -133.89846    221.833    124.369    123.200     6.8690    32.8144  1026.2869    25.7163     6.8580     41.256   101.2758     0.0581      7.809     2.8341     4.0502    123.397    126.571  0.000e+00
   56.04090 -133.89846    221.271    124.369    123.200     6.8684    32.8152  1026.2876    25.7170     6.8574     41.256   101.2758     0.0581      7.809     2.8341     4.0502    123.398    126.571  0.000e+00
   56.04090 -133.89846    220.685    124.369    123.200     6.8680    32.8155  1026.2879    25.7173     6.8570     41.249   101.2758     0.0581      7.809     2.8337     4.0496    123.379    126.552  0.000e+00
   56.04090 -133.89846    220.627    124.434    123.264     6.8679    32.8154  1026.2881    25.7172     6.8569     41.186   101.2758     0.0581      7.814     2.8293     4.0434    123.190    126.358  0.000e+00
   56.04090 -133.89846    220.707    124.491    123.320     6.8682    32.8151  1026.2881    25.7170     6.8572     41.238   101.2758     0.0581      7.814     2.8329     4.0485    123.346    126.518  0.000e+00
   56.04090 -133.89846    220.796    124.556    123.384     6.8676    32.8158  1026.2890    25.7176     6.8566     41.240   101.2758     0.0581      7.809     2.8331     4.0488    123.353    126.525  0.000e+00
   56.04090 -133.89846    220.724    124.483    123.312     6.8670    32.8170  1026.2897    25.7186     6.8559     41.235   101.2758     0.0581      7.814     2.8328     4.0483    123.339    126.511  0.000e+00
   56.04090 -133.89846    220.796    124.556    123.384     6.8668    32.8171  1026.2901    25.7187     6.8557     41.231   101.2758     0.0581      7.809     2.8325     4.0479    123.328    126.499  0.000e+00
   56.04090 -133.89846    220.796    124.556    123.384     6.8680    32.8155  1026.2887    25.7173     6.8570     41.227   101.2758     0.0581      7.809     2.8322     4.0474    123.313    126.484  0.000e+00
   56.04090 -133.89846    220.852    124.612    123.441     6.8679    32.8155  1026.2890    25.7174     6.8568     41.166   101.2758     0.0581      7.809     2.8280     4.0415    123.131    126.297  0.000e+00
   56.04090 -133.89846    220.908    124.669    123.497     6.8655    32.8178  1026.2914    25.7195     6.8544     41.221   101.2758     0.0581      7.814     2.8319     4.0470    123.300    126.471  0.000e+00
   56.04090 -133.89846    220.852    124.612    123.441     6.8635    32.8204  1026.2934    25.7218     6.8525     41.218   101.2758     0.0581      7.809     2.8317     4.0469    123.295    126.466  0.000e+00
   56.04090 -133.89846    220.972    124.734    123.561     6.8615    32.8226  1026.2960    25.7238     6.8504     41.159   101.2758     0.0581      7.809     2.8278     4.0412    123.122    126.289  0.000e+00
   56.04090 -133.89846    220.972    124.734    123.561     6.8597    32.8238  1026.2972    25.7249     6.8486     41.151   101.2758     0.0581      7.809     2.8273     4.0405    123.101    126.268  0.000e+00
   56.04090 -133.89846    220.972    124.734    123.561     6.8593    32.8242  1026.2976    25.7254     6.8483     41.201   101.3038     0.0581      7.814     2.8307     4.0454    123.250    126.420  0.000e+00
   56.04090 -133.89846    221.175    124.790    123.617     6.8601    32.8233  1026.2970    25.7245     6.8491     41.207   101.2758     0.0581      7.809     2.8311     4.0459    123.266    126.437  0.000e+00
   56.04090 -133.89846    221.932    124.790    123.617     6.8601    32.8232  1026.2969    25.7244     6.8491     41.206   101.3038     0.0581      7.814     2.8311     4.0459    123.265    126.436  0.000e+00
   56.04090 -133.89846    222.274    124.790    123.617     6.8601    32.8234  1026.2971    25.7246     6.8491     41.206   101.2758     0.0581      7.814     2.8310     4.0459    123.264    126.435  0.000e+00
   56.04090 -133.89846    222.354    124.847    123.673     6.8592    32.8244  1026.2982    25.7255     6.8481     41.206   101.2758     0.0581      7.814     2.8311     4.0460    123.267    126.438  0.000e+00
   56.04090 -133.89846    222.370    124.912    123.737     6.8591    32.8248  1026.2988    25.7258     6.8480     41.214   101.2758     0.0581      7.809     2.8316     4.0467    123.289    126.461  0.000e+00
   56.04090 -133.89846    222.370    124.912    123.737     6.8595    32.8242  1026.2983    25.7253     6.8484     41.164   101.2758     0.0581      7.809     2.8282     4.0418    123.139    126.307  0.000e+00
   56.04090 -133.89846    222.426    124.968    123.793     6.8595    32.8243  1026.2987    25.7254     6.8484     41.223   101.2758     0.0581      7.809     2.8323     4.0476    123.318    126.490  0.000e+00
   56.04090 -133.89846    222.370    124.912    123.737     6.8600    32.8235  1026.2977    25.7247     6.8489     41.225   101.2758     0.0581      7.809     2.8324     4.0478    123.322    126.495  0.000e+00
   56.04090 -133.89846    222.490    125.033    123.857     6.8598    32.8236  1026.2984    25.7248     6.8488     41.228   101.3038     0.0581      7.814     2.8326     4.0481    123.332    126.505  0.000e+00
   56.04090 -133.89846    222.490    125.033    123.857     6.8600    32.8236  1026.2983    25.7247     6.8489     41.231   101.2758     0.0581      7.809     2.8328     4.0483    123.340    126.513  0.000e+00
   56.04090 -133.89846    222.546    125.090    123.913     6.8603    32.8229  1026.2980    25.7242     6.8492     41.234   101.2758     0.0581      7.809     2.8330     4.0487    123.349    126.522  0.000e+00
   56.04090 -133.89846    222.546    125.090    123.913     6.8603    32.8231  1026.2982    25.7243     6.8492     41.244   101.1640     0.0581      7.809     2.8337     4.0496    123.379    126.553  0.000e+00
   56.04090 -133.89846    222.546    125.090    123.913     6.8598    32.8237  1026.2987    25.7248     6.8487     41.248   101.1080     0.0581      7.809     2.8340     4.0500    123.392    126.566  0.000e+00
   56.04090 -133.89846    222.602    125.146    123.969     6.8598    32.8234  1026.2987    25.7246     6.8487     41.195   101.1080     0.0581      7.809     2.8303     4.0448    123.233    126.403  0.000e+00
   56.04090 -133.89846    222.602    125.146    123.969     6.8601    32.8228  1026.2982    25.7241     6.8490     41.193   101.1080     0.0581      7.809     2.8302     4.0446    123.227    126.397  0.000e+00
   56.04090 -133.89846    222.666    125.211    124.034     6.8606    32.8227  1026.2984    25.7239     6.8495     41.192   101.1080     0.0581      7.809     2.8301     4.0445    123.223    126.392  0.000e+00
   56.04090 -133.89846    222.722    125.268    124.090     6.8603    32.8231  1026.2990    25.7243     6.8492     41.192   101.1080     0.0581      7.809     2.8301     4.0445    123.221    126.391  0.000e+00
   56.04090 -133.89846    222.722    125.268    124.090     6.8598    32.8236  1026.2994    25.7248     6.8487     41.249   101.1080     0.0581      7.809     2.8340     4.0501    123.394    126.568  0.000e+00
   56.04090 -133.89846    222.698    125.268    124.090     6.8587    32.8249  1026.3006    25.7259     6.8476     41.249   101.1080     0.0581      7.809     2.8341     4.0502    123.395    126.570  0.000e+00
   56.04090 -133.89846    222.786    125.332    124.154     6.8577    32.8259  1026.3019    25.7269     6.8466     41.256   101.1080     0.0581      7.809     2.8346     4.0509    123.418    126.593  0.000e+00
   56.04090 -133.89846    222.842    125.389    124.210     6.8576    32.8258  1026.3021    25.7268     6.8464     41.205   101.1080     0.0581      7.809     2.8312     4.0460    123.268    126.439  0.000e+00
   56.04090 -133.89846    222.842    125.389    124.210     6.8574    32.8261  1026.3023    25.7271     6.8463     41.206   101.1080     0.0581      7.809     2.8312     4.0461    123.271    126.442  0.000e+00
   56.04090 -133.89846    222.842    125.389    124.210     6.8573    32.8263  1026.3025    25.7273     6.8462     41.208   101.1080     0.0581      7.809     2.8313     4.0462    123.275    126.447  0.000e+00
   56.04090 -133.89846    222.898    125.446    124.266     6.8577    32.8259  1026.3024    25.7269     6.8466     41.210   101.1080     0.0581      7.809     2.8314     4.0464    123.281    126.452  0.000e+00
   56.04090 -133.89846    222.963    125.510    124.330     6.8579    32.8254  1026.3023    25.7265     6.8468     41.213   101.1080     0.0581      7.809     2.8316     4.0467    123.289    126.461  0.000e+00
   56.04090 -133.89846    222.963    125.510    124.330     6.8586    32.8247  1026.3016    25.7258     6.8474     41.273   101.1080     0.0581      7.809     2.8358     4.0526    123.468    126.645  0.000e+00
   56.04090 -133.89846    223.019    125.567    124.386     6.8591    32.8242  1026.3014    25.7254     6.8479     41.276   101.1080     0.0581      7.809     2.8360     4.0529    123.477    126.654  0.000e+00
   56.04090 -133.89846    223.019    125.567    124.386     6.8588    32.8246  1026.3018    25.7257     6.8477     41.222   101.1080     0.0581      7.809     2.8322     4.0475    123.314    126.487  0.000e+00
   56.04090 -133.89846    223.058    125.632    124.450     6.8591    32.8245  1026.3019    25.7256     6.8479     41.219   101.1080     0.0581      7.809     2.8320     4.0472    123.305    126.477  0.000e+00
   56.04090 -133.89846    223.083    125.632    124.450     6.8593    32.8240  1026.3015    25.7251     6.8482     41.216   101.1080     0.0581      7.809     2.8318     4.0469    123.296    126.468  0.000e+00
   56.04090 -133.89846    223.139    125.688    124.506     6.8598    32.8239  1026.3017    25.7250     6.8486     41.220   101.1080     0.0581      7.809     2.8321     4.0473    123.308    126.480  0.000e+00
   56.04090 -133.89846    223.195    125.745    124.562     6.8601    32.8232  1026.3013    25.7245     6.8490     41.225   101.1919     0.0581      7.809     2.8324     4.0478    123.322    126.494  0.000e+00
   56.04090 -133.89846    223.195    125.745    124.562     6.8605    32.8229  1026.3011    25.7242     6.8493     41.230   101.2199     0.0581      7.809     2.8327     4.0482    123.337    126.509  0.000e+00
   56.04090 -133.89846    223.259    125.810    124.627     6.8598    32.8234  1026.3018    25.7246     6.8487     41.230   101.2479     0.0581      7.809     2.8327     4.0482    123.336    126.509  0.000e+00
   56.04090 -133.89846    223.259    125.810    124.627     6.8591    32.8245  1026.3028    25.7256     6.8479     41.229   101.2479     0.0581      7.809     2.8327     4.0482    123.335    126.508  0.000e+00
   56.04090 -133.89846    223.315    125.866    124.683     6.8582    32.8257  1026.3041    25.7267     6.8470     41.229   101.2479     0.0581      7.809     2.8327     4.0482    123.336    126.509  0.000e+00
   56.04090 -133.89846    223.315    125.866    124.683     6.8576    32.8259  1026.3044    25.7269     6.8464     41.228   101.2479     0.0581      7.809     2.8327     4.0483    123.337    126.510  0.000e+00
   56.04090 -133.89846    223.379    125.931    124.747     6.8573    32.8268  1026.3054    25.7276     6.8461     41.222   101.2479     0.0581      7.809     2.8323     4.0476    123.317    126.490  0.000e+00
   56.04090 -133.89846    223.435    125.988    124.803     6.8564    32.8276  1026.3064    25.7284     6.8453     41.222   101.2479     0.0581      7.809     2.8324     4.0477    123.320    126.493  0.000e+00
   56.04090 -133.89846    223.491    126.045    124.859     6.8561    32.8272  1026.3064    25.7281     6.8450     41.223   101.2479     0.0581      7.809     2.8324     4.0478    123.323    126.496  0.000e+00
   56.04090 -133.89846    223.435    125.988    124.803     6.8554    32.8281  1026.3069    25.7289     6.8442     41.223   101.2479     0.0874      7.809     2.8325     4.0479    123.326    126.499  0.000e+00
   56.04090 -133.89846    198.379    126.109    124.923     6.8545    32.8294  1026.3086    25.7301     6.8433     41.225   101.2479     0.0874      7.809     2.8326     4.0481    123.332    126.505  0.000e+00
   56.04090 -133.89846    154.796    126.166    124.979     6.8550    32.8286  1026.3082    25.7294     6.8438     41.226   101.2479     0.0874      7.804     2.8327     4.0482    123.335    126.508  0.000e+00
   56.04090 -133.89846    142.000    126.166    124.979     6.8549    32.8286  1026.3082    25.7294     6.8437     41.221   101.2479     0.0874      7.804     2.8323     4.0477    123.319    126.492  0.000e+00
   56.04090 -133.89846    142.935    126.223    125.035     6.8556    32.8275  1026.3075    25.7285     6.8444     41.222   101.2479     0.0874      7.804     2.8324     4.0478    123.322    126.495  0.000e+00
   56.04090 -133.89846    144.742    126.223    125.035     6.8560    32.8276  1026.3075    25.7285     6.8448     41.166   101.2479     0.0874      7.809     2.8285     4.0423    123.154    126.323  0.000e+00
   56.04090 -133.89846    145.246    126.287    125.099     6.8564    32.8274  1026.3076    25.7282     6.8452     41.213   101.2479     0.0874      7.809     2.8317     4.0468    123.293    126.465  0.000e+00
   56.04090 -133.89846    145.157    126.223    125.035     6.8564    32.8271  1026.3071    25.7280     6.8452     41.208   101.2479     0.0874      7.809     2.8314     4.0463    123.278    126.450  0.000e+00
   56.04090 -133.89846    145.268    126.409    125.220     6.8558    32.8276  1026.3084    25.7285     6.8446     41.154   101.2479     0.0874      7.809     2.8277     4.0411    123.117    126.285  0.000e+00
   56.04090 -133.89846    145.308    126.473    125.284     6.8550    32.8285  1026.3095    25.7293     6.8438     41.150   101.2479     0.0581      7.809     2.8275     4.0408    123.108    126.276  0.000e+00
   56.04090 -133.89846    145.244    126.409    125.220     6.8542    32.8294  1026.3100    25.7301     6.8430     41.204   101.2199     0.0874      7.809     2.8312     4.0461    123.271    126.443  0.000e+00
