EcoFOCI/data/1_SampleCollection/2022_GOA-OA_CruiseData/CTD_raw_BottleFile_RC0083/RC0083_004.ros
* Sea-Bird SBE 9 Data File:
* FileName = C:\Data\RC0083ctd\RC0083_004.hex
* Software Version Seasave V 7.26.7.107
* Temperature SN = 2060
* Conductivity SN = 1084
* Number of Bytes Per Scan = 31
* Number of Voltage Words = 4
* Number of Scans Averaged by the Deck Unit = 1
* NMEA Latitude = 54 39.73 N
* NMEA Longitude = 133 17.19 W
* NMEA UTC (Time) = Aug 12 2022  07:22:27
* NMEA baud rate = 4800
** Ship: R/V Rachel Carson
** Cruise ID: RC0083 RC0083
** Tech: McHugh/Nomura
** Chief Scientist: Cross Cross
** Station: DE4
** Cast:  004
# nquan = 21
# nvalues = 490                                   
# units = specified
# name 0 = latitude: Latitude [deg]
# name 1 = longitude: Longitude [deg]
# name 2 = sfdSM: Seafloor depth [salt water, m]
# name 3 = prDM: Pressure, Digiquartz [db]
# name 4 = depSM: Depth [salt water, m]
# name 5 = t090C: Temperature [ITS-90, deg C]
# name 6 = sal00: Salinity, Practical [PSU]
# name 7 = density00: Density [density, kg/m^3]
# name 8 = sigma-é00: Density [sigma-theta, kg/m^3]
# name 9 = potemp090C: Potential Temperature [ITS-90, deg C]
# name 10 = sbeox0PS: Oxygen, SBE 43 [% saturation]
# name 11 = CStarTr0: Beam Transmission, WET Labs C-Star [%]
# name 12 = flECO-AFL: Fluorescence, WET Labs ECO-AFL/FL [mg/m^3]
# name 13 = ph: pH
# name 14 = sbeox0ML/L: Oxygen, SBE 43 [ml/l]
# name 15 = sbeox0Mg/L: Oxygen, SBE 43 [mg/l]
# name 16 = sbox0Mm/Kg: Oxygen, SBE 43 [umol/kg]
# name 17 = sbeox0Mm/L: Oxygen, SBE 43 [umol/l]
# name 18 = scan: Scan Count
# name 19 = nbf: Bottles Fired
# name 20 = flag:  0.000e+00
# interval = seconds: 0.0416667
# start_time = Aug 12 2022 07:22:27 [NMEA time, header]
# bad_flag = -9.990e-29
*END*
[from data line 414]
   54.66070 -133.27242    109.252     10.543     10.448    11.8576    31.2564  1023.7569    23.7095    11.8563    100.943    86.7599     3.7797      8.248     6.2733     8.9651    273.675    280.164      38814          9  0.000e+00
   54.66070 -133.27242    109.228     10.519     10.424    11.8564    31.2558  1023.7565    23.7093    11.8551    100.936    86.7599     3.7797      8.248     6.2730     8.9648    273.666    280.154      38815          9  0.000e+00
   54.66070 -133.27242    109.348     10.640     10.544    11.8548    31.2558  1023.7574    23.7096    11.8535    100.938    86.8438     3.7797      8.248     6.2733     8.9652    273.678    280.167      38816          9  0.000e+00
   54.66070 -133.27242    109.291     10.608     10.512    11.8547    31.2567  1023.7579    23.7102    11.8534    100.937    86.8998     3.7797      8.248     6.2732     8.9651    273.674    280.163      38817          9  0.000e+00
   54.66070 -133.27242    109.323     10.640     10.544    11.8544    31.2566  1023.7580    23.7102    11.8531    100.936    86.8998     3.7797      8.248     6.2732     8.9651    273.674    280.163      38818          9  0.000e+00
   54.66070 -133.27242    109.323     10.640     10.544    11.8535    31.2568  1023.7584    23.7106    11.8522    100.935    86.8998     3.7797      8.248     6.2733     8.9652    273.676    280.165      38819          9  0.000e+00
   54.66070 -133.27242    109.403     10.721     10.624    11.8527    31.2565  1023.7586    23.7105    11.8514    100.935    86.8998     3.7797      8.248     6.2734     8.9653    273.680    280.169      38820          9  0.000e+00
   54.66070 -133.27242    109.379     10.697     10.600    11.8521    31.2561  1023.7584    23.7103    11.8508    100.933    86.8998     3.7797      8.248     6.2734     8.9653    273.680    280.169      38821          9  0.000e+00
   54.66070 -133.27242    109.443     10.761     10.664    11.8511    31.2563  1023.7590    23.7107    11.8498    100.932    86.8998     3.7797      8.248     6.2734     8.9654    273.682    280.171      38822          9  0.000e+00
   54.66070 -133.27242    109.419     10.761     10.664    11.8499    31.2566  1023.7594    23.7111    11.8486    100.924    86.8998     3.7797      8.248     6.2731     8.9648    273.666    280.155      38823          9  0.000e+00
   54.66070 -133.27242    109.499     10.842     10.744    11.8492    31.2563  1023.7597    23.7110    11.8479    100.922    86.8998     3.7797      8.248     6.2731     8.9648    273.667    280.155      38824          9  0.000e+00
   54.66070 -133.27242    109.475     10.818     10.720    11.8492    31.2571  1023.7602    23.7116    11.8479    100.919    86.8998     3.7797      8.248     6.2728     8.9645    273.656    280.145      38825          9  0.000e+00
   54.66070 -133.27242    109.531     10.874     10.776    11.8486    31.2570  1023.7605    23.7117    11.8472    100.916    86.8998     3.7797      8.248     6.2728     8.9644    273.654    280.143      38826          9  0.000e+00
   54.66070 -133.27242    109.563     10.907     10.808    11.8484    31.2568  1023.7605    23.7115    11.8471    100.907    86.8998     3.7797      8.248     6.2723     8.9637    273.631    280.119      38827          9  0.000e+00
   54.66070 -133.27242    109.595     10.939     10.841    11.8482    31.2567  1023.7606    23.7115    11.8469    100.904    86.8998     3.7211      8.248     6.2721     8.9634    273.623    280.111      38828          9  0.000e+00
   54.66070 -133.27242    109.595     10.939     10.841    11.8480    31.2568  1023.7607    23.7116    11.8467    100.900    86.8998     3.6332      8.248     6.2718     8.9631    273.613    280.100      38829          9  0.000e+00
   54.66070 -133.27242    109.595     10.963     10.865    11.8477    31.2569  1023.7609    23.7117    11.8464    100.896    86.8998     3.6332      8.248     6.2716     8.9628    273.603    280.091      38830          9  0.000e+00
   54.66070 -133.27242    109.683     11.052     10.953    11.8474    31.2567  1023.7612    23.7116    11.8460    100.898    86.8998     3.6332      8.248     6.2718     8.9631    273.613    280.101      38831          9  0.000e+00
   54.66070 -133.27240    109.658     11.052     10.953    11.8471    31.2564  1023.7611    23.7114    11.8457    100.900    86.8998     3.6332      8.248     6.2720     8.9633    273.619    280.107      38832          9  0.000e+00
   54.66070 -133.27240    109.658     11.052     10.953    11.8469    31.2570  1023.7616    23.7119    11.8456    100.895    86.8998     3.6332      8.248     6.2717     8.9629    273.606    280.094      38833          9  0.000e+00
   54.66070 -133.27240    109.690     11.085     10.985    11.8467    31.2569  1023.7617    23.7119    11.8454    100.891    86.8998     3.6332      8.248     6.2715     8.9625    273.596    280.083      38834          9  0.000e+00
   54.66070 -133.27240    109.722     11.117     11.017    11.8467    31.2566  1023.7616    23.7117    11.8454    100.892    86.8998     3.6332      8.248     6.2716     8.9627    273.600    280.088      38835          9  0.000e+00
   54.66070 -133.27240    109.722     11.117     11.017    11.8459    31.2570  1023.7621    23.7122    11.8445    100.941    86.8998     3.6332      8.248     6.2747     8.9671    273.736    280.227      38836          9  0.000e+00
   54.66070 -133.27240    109.811     11.206     11.105    11.8456    31.2569  1023.7625    23.7121    11.8442    100.942    86.8718     3.6332      8.248     6.2748     8.9673    273.742    280.233      38837          9  0.000e+00
   54.66070 -133.27240    109.778     11.173     11.073    11.8456    31.2569  1023.7623    23.7121    11.8442    100.948    86.8718     3.6332      8.248     6.2751     8.9678    273.756    280.248      38838          9  0.000e+00
   54.66070 -133.27240    109.818     11.238     11.137    11.8454    31.2570  1023.7627    23.7122    11.8440    100.948    86.8438     3.6332      8.248     6.2752     8.9679    273.758    280.250      38839          9  0.000e+00
   54.66070 -133.27240    109.842     11.262     11.161    11.8456    31.2570  1023.7628    23.7122    11.8442    100.953    86.8718     3.6332      8.248     6.2755     8.9683    273.771    280.263      38840          9  0.000e+00
   54.66060 -133.27172     26.585      3.589      3.557    12.6612    31.2527  1023.5728    23.5567    12.6607    102.720    87.9346     3.0178      8.244     6.2769     8.9703    273.875    280.327      40247         10  0.000e+00
   54.66060 -133.27172     27.271      3.444      3.413    12.6620    31.2523  1023.5717    23.5563    12.6616    102.661    87.9346     3.0178      8.244     6.2732     8.9651    273.715    280.163      40248         10  0.000e+00
   54.66060 -133.27172     29.036      3.525      3.493    12.6622    31.2521  1023.5719    23.5561    12.6617    102.653    87.9346     3.0178      8.244     6.2727     8.9644    273.693    280.140      40249         10  0.000e+00
   54.66060 -133.27172     29.484      3.509      3.477    12.6609    31.2517  1023.5718    23.5561    12.6604    102.590    87.9346     2.9885      8.244     6.2691     8.9592    273.534    279.977      40250         10  0.000e+00
   54.66060 -133.27172     29.356      3.404      3.373    12.6588    31.2518  1023.5717    23.5565    12.6584    102.628    88.0745     2.9885      8.244     6.2716     8.9628    273.645    280.091      40251         10  0.000e+00
   54.66060 -133.27172     29.323      3.444      3.413    12.6570    31.2520  1023.5725    23.5570    12.6566    102.619    88.2982     2.9885      8.244     6.2713     8.9623    273.631    280.077      40252         10  0.000e+00
   54.66060 -133.27172     29.258      3.404      3.373    12.6557    31.2510  1023.5718    23.5565    12.6553    102.555    88.3821     2.9885      8.244     6.2676     8.9571    273.471    279.913      40253         10  0.000e+00
   54.66060 -133.27172     29.242      3.387      3.357    12.6510    31.2509  1023.5725    23.5573    12.6506    102.546    88.3542     2.9885      8.244     6.2677     8.9572    273.473    279.915      40254         10  0.000e+00
   54.66060 -133.27172     29.146      3.291      3.261    12.6461    31.2507  1023.5728    23.5581    12.6456    102.530    88.3542     2.9885      8.244     6.2674     8.9567    273.459    279.901      40255         10  0.000e+00
   54.66060 -133.27172     29.122      3.266      3.237    12.6432    31.2521  1023.5743    23.5597    12.6428    102.462    88.3542     2.9885      8.244     6.2635     8.9512    273.290    279.728      40256         10  0.000e+00
   54.66060 -133.27172     29.122      3.266      3.237    12.6414    31.2528  1023.5752    23.5606    12.6409    102.441    88.3542     2.9885      8.244     6.2625     8.9497    273.245    279.682      40257         10  0.000e+00
   54.66060 -133.27172     29.082      3.226      3.197    12.6402    31.2527  1023.5752    23.5607    12.6398    102.426    88.3542     2.9885      8.244     6.2617     8.9486    273.212    279.649      40258         10  0.000e+00
   54.66060 -133.27172     29.002      3.145      3.117    12.6397    31.2528  1023.5750    23.5609    12.6393    102.412    88.3542     2.9885      8.244     6.2609     8.9474    273.174    279.611      40259         10  0.000e+00
   54.66060 -133.27172     28.962      3.105      3.077    12.6390    31.2524  1023.5747    23.5608    12.6386    102.398    88.3542     2.9885      8.244     6.2601     8.9464    273.142    279.577      40260         10  0.000e+00
   54.66060 -133.27172     28.946      3.089      3.061    12.6363    31.2515  1023.5744    23.5605    12.6359    102.385    88.3542     2.9885      8.244     6.2597     8.9458    273.124    279.559      40261         10  0.000e+00
   54.66060 -133.27172     63.834      3.105      3.077    12.6314    31.2516  1023.5754    23.5615    12.6310    102.373    88.3542     2.9885      8.244     6.2596     8.9456    273.120    279.555      40262         10  0.000e+00
   54.66060 -133.27172     98.438      3.032      3.005    12.6284    31.2521  1023.5761    23.5626    12.6280    102.306    88.3542     2.9885      8.244     6.2560     8.9404    272.960    279.391      40263         10  0.000e+00
   54.66060 -133.27172    102.965      2.992      2.965    12.6263    31.2525  1023.5766    23.5632    12.6259    102.289    88.3542     2.9885      8.244     6.2552     8.9392    272.924    279.355      40264         10  0.000e+00
   54.66060 -133.27172    102.941      2.968      2.941    12.6240    31.2519  1023.5764    23.5632    12.6237    102.279    88.3542     2.9885      8.244     6.2548     8.9388    272.910    279.341      40265         10  0.000e+00
   54.66060 -133.27172    102.772      2.871      2.845    12.6192    31.2523  1023.5773    23.5644    12.6188    102.262    88.3542     2.9885      8.244     6.2544     8.9382    272.893    279.324      40266         10  0.000e+00
   54.66060 -133.27172    102.543      2.911      2.885    12.6152    31.2523  1023.5782    23.5652    12.6148    102.254    88.3542     2.8713      8.244     6.2545     8.9383    272.894    279.325      40267         10  0.000e+00
   54.66060 -133.27172    102.576      2.871      2.845    12.6111    31.2533  1023.5796    23.5668    12.6107    102.246    88.3542     2.6661      8.244     6.2545     8.9383    272.894    279.325      40268         10  0.000e+00
   54.66060 -133.27172    102.545      2.790      2.765    12.6109    31.2546  1023.5803    23.5678    12.6105    102.232    88.3542     2.6075      8.244     6.2536     8.9370    272.856    279.286      40269         10  0.000e+00
   54.66060 -133.27172    102.514      2.733      2.709    12.6144    31.2546  1023.5794    23.5672    12.6140    102.219    88.3542     2.6075      8.244     6.2524     8.9352    272.801    279.230      40270         10  0.000e+00
   54.66060 -133.27172    102.530      2.750      2.725    12.6165    31.2536  1023.5783    23.5660    12.6162    102.208    88.2143     2.6075      8.244     6.2514     8.9339    272.760    279.188      40271         10  0.000e+00
   54.66060 -133.27170    102.514      2.734      2.709    12.6168    31.2531  1023.5777    23.5655    12.6164    102.197    87.8507     2.6075      8.244     6.2507     8.9329    272.731    279.158      40272         10  0.000e+00
   54.66060 -133.27170    102.410      2.629      2.605    12.6144    31.2525  1023.5773    23.5655    12.6140    102.138    87.7109     2.6075      8.244     6.2475     8.9283    272.589    279.013      40273         10  0.000e+00
   54.66060 -133.27170    102.450      2.669      2.645    12.6102    31.2528  1023.5784    23.5665    12.6099    102.125    87.7389     2.6075      8.244     6.2472     8.9279    272.576    278.999      40274         10  0.000e+00
   54.66060 -133.27170    102.354      2.572      2.549    12.6069    31.2531  1023.5789    23.5674    12.6065    102.110    87.7389     2.6075      8.244     6.2467     8.9272    272.555    278.979      40275         10  0.000e+00
   54.66060 -133.27170    102.369      2.612      2.589    12.6041    31.2537  1023.5801    23.5684    12.6037    102.098    87.7389     2.6075      8.244     6.2463     8.9266    272.538    278.961      40276         10  0.000e+00
   54.66060 -133.27170    102.354      2.572      2.549    12.6030    31.2532  1023.5797    23.5682    12.6027    102.086    87.7389     2.6075      8.244     6.2458     8.9258    272.513    278.935      40277         10  0.000e+00
   54.66060 -133.27170    102.313      2.556      2.533    12.6017    31.2532  1023.5798    23.5684    12.6014    102.075    87.7389     2.6075      8.244     6.2453     8.9251    272.491    278.914      40278         10  0.000e+00
   54.66060 -133.27170    102.273      2.516      2.493    12.5997    31.2527  1023.5797    23.5685    12.5994    102.071    87.7389     2.6075      8.244     6.2453     8.9251    272.492    278.914      40279         10  0.000e+00
   54.66060 -133.27170    102.249      2.491      2.469    12.5988    31.2531  1023.5800    23.5689    12.5985    102.068    87.7389     2.6075      8.244     6.2452     8.9250    272.488    278.910      40280         10  0.000e+00
   54.66060 -133.27170    102.209      2.451      2.429    12.6003    31.2537  1023.5801    23.5691    12.6000    102.066    87.7389     2.6368      8.244     6.2448     8.9245    272.472    278.894      40281         10  0.000e+00
   54.66060 -133.27170    102.193      2.435      2.413    12.6017    31.2542  1023.5801    23.5692    12.6014    102.065    87.7389     2.6368      8.244     6.2446     8.9241    272.462    278.883      40282         10  0.000e+00
   54.66060 -133.27170    102.209      2.451      2.429    12.6032    31.2543  1023.5800    23.5690    12.6029    102.066    87.7389     2.6368      8.244     6.2444     8.9239    272.455    278.877      40283         10  0.000e+00
   54.66060 -133.27170    102.193      2.435      2.413    12.6049    31.2544  1023.5797    23.5688    12.6046    102.067    87.7389     2.6368      8.244     6.2443     8.9237    272.449    278.871      40284         10  0.000e+00
   54.66060 -133.27170    102.153      2.394      2.373    12.6065    31.2545  1023.5793    23.5685    12.6062    102.070    87.7389     2.6368      8.244     6.2442     8.9236    272.446    278.868      40285         10  0.000e+00
   54.66060 -133.27170    102.129      2.370      2.349    12.6095    31.2546  1023.5786    23.5680    12.6092    102.073    87.7389     2.6368      8.244     6.2441     8.9234    272.439    278.860      40286         10  0.000e+00
   54.66060 -133.27170     97.978      2.370      2.349    12.6118    31.2532  1023.5771    23.5665    12.6115    102.079    87.7389     2.6368      8.244     6.2441     8.9235    272.443    278.863      40287         10  0.000e+00
