EcoFOCI/data/1_SampleCollection/2022_GOA-OA_CruiseData/CTD_raw_BottleFile_RC0083/RC0083_077.cnv
* Sea-Bird SBE 9 Data File:
* FileName = C:\Data\RC0083ctd\RC0083_077.hex
* Software Version Seasave V 7.26.7.107
* Temperature SN = 2060
* Conductivity SN = 1084
* Number of Bytes Per Scan = 31
* Number of Voltage Words = 4
* Number of Scans Averaged by the Deck Unit = 1
* NMEA Latitude = 58 19.58 N
* NMEA Longitude = 135 52.61 W
* NMEA UTC (Time) = Aug 21 2022  17:07:16
* NMEA baud rate = 4800
** Ship: R/V Rachel Carson
** Cruise ID: RC0083
** Tech: McHugh/Nomura
** Chief Scientist: Cross
** Station: GB00
** Cast:  CTD077
# nquan = 19
# nvalues = 8680                                  
# units = specified
# name 0 = latitude: Latitude [deg]
# name 1 = longitude: Longitude [deg]
# name 2 = sfdSM: Seafloor depth [salt water, m]
# name 3 = prDM: Pressure, Digiquartz [db]
# name 4 = depSM: Depth [salt water, m]
# name 5 = t090C: Temperature [ITS-90, deg C]
# name 6 = sal00: Salinity, Practical [PSU]
# name 7 = density00: Density [density, kg/m^3]
# name 8 = sigma-é00: Density [sigma-theta, kg/m^3]
# name 9 = potemp090C: Potential Temperature [ITS-90, deg C]
# name 10 = sbeox0PS: Oxygen, SBE 43 [% saturation]
# name 11 = CStarTr0: Beam Transmission, WET Labs C-Star [%]
# name 12 = flECO-AFL: Fluorescence, WET Labs ECO-AFL/FL [mg/m^3]
# name 13 = ph: pH
# name 14 = sbeox0ML/L: Oxygen, SBE 43 [ml/l]
# name 15 = sbeox0Mg/L: Oxygen, SBE 43 [mg/l]
# name 16 = sbox0Mm/Kg: Oxygen, SBE 43 [umol/kg]
# name 17 = sbeox0Mm/L: Oxygen, SBE 43 [umol/l]
# name 18 = flag:  0.000e+00
# span 0 =   58.32622,   58.32636                 
# span 1 = -135.87686, -135.87672                 
# span 2 =      3.211,     56.699                 
# span 3 =      2.628,     44.587                 
# span 4 =      2.604,     44.168                 
# span 5 =     7.4709,    10.8739                 
# span 6 =    26.3344,    30.9697                 
# span 7 =  1020.0712,  1024.3879                 
# span 8 =    20.0584,    24.1838                 
# span 9 =     7.4670,    10.8736                 
# span 10 =     55.296,     97.823                
# span 11 =    81.3340,    89.7526                
# span 12 =     0.2339,     3.0764                
# span 13 =      7.893,      8.239                
# span 14 =     3.7905,     6.4097                
# span 15 =     5.4170,     9.1601                
# span 16 =    165.291,    280.575                
# span 17 =    169.284,    286.258                
# span 18 = 0.0000e+00, 0.0000e+00                
# interval = seconds: 0.0416667
# start_time = Aug 21 2022 17:07:16 [NMEA time, header]
# bad_flag = -9.990e-29
*END*
[from data line 8229]
   58.32634 -135.87678     46.107      3.034      3.005    10.5998    26.8899  1020.5478    20.5340    10.5995     93.995    83.0121     2.2266      8.234     6.1702     8.8178    270.017    275.561  0.000e+00
   58.32634 -135.87678     46.083      3.009      2.981    10.6013    26.8896  1020.5472    20.5335    10.6010     93.983    83.0121     2.2559      8.234     6.1692     8.8165    269.975    275.518  0.000e+00
   58.32634 -135.87678     46.083      3.009      2.981    10.5961    26.8944  1020.5518    20.5381    10.5958     93.971    83.0121     2.2559      8.234     6.1690     8.8161    269.963    275.508  0.000e+00
   58.32634 -135.87678     46.107      3.034      3.005    10.5921    26.8983  1020.5556    20.5418    10.5918     94.013    83.0121     2.2266      8.234     6.1721     8.8206    270.098    275.646  0.000e+00
   58.32634 -135.87678     46.147      3.074      3.045    10.5914    26.8995  1020.5568    20.5428    10.5911     93.957    83.0121     2.2266      8.234     6.1685     8.8154    269.940    275.486  0.000e+00
   58.32634 -135.87678     46.043      2.969      2.941    10.5919    26.8994  1020.5562    20.5426    10.5916     93.947    83.0121     2.2266      8.234     6.1678     8.8144    269.908    275.453  0.000e+00
   58.32634 -135.87678     46.083      3.009      2.981    10.5911    26.9002  1020.5571    20.5434    10.5908     93.938    83.0121     2.2559      8.234     6.1673     8.8136    269.885    275.430  0.000e+00
   58.32634 -135.87678     38.732      3.034      3.005    10.5893    26.9018  1020.5588    20.5449    10.5890     93.928    83.0121     2.2266      8.234     6.1668     8.8129    269.864    275.408  0.000e+00
   58.32634 -135.87678     15.753      3.009      2.981    10.5900    26.9020  1020.5587    20.5450    10.5896     93.916    83.0121     2.2266      8.234     6.1659     8.8117    269.826    275.370  0.000e+00
   58.32634 -135.87678      7.254      3.034      3.005    10.5872    26.9041  1020.5608    20.5470    10.5869     93.905    83.0121     2.2559      8.234     6.1655     8.8111    269.806    275.349  0.000e+00
   58.32634 -135.87678      7.084      3.009      2.981    10.5793    26.9094  1020.5661    20.5524    10.5790     93.899    83.0121     2.2266      8.234     6.1659     8.8117    269.825    275.371  0.000e+00
   58.32634 -135.87678      8.036      3.009      2.981    10.5819    26.9062  1020.5633    20.5496    10.5816     93.892    83.0121     2.2559      8.234     6.1652     8.8107    269.796    275.340  0.000e+00
   58.32634 -135.87678      8.402      3.034      3.005    10.5939    26.8955  1020.5531    20.5393    10.5936     93.883    83.0680     2.3145      8.234     6.1635     8.8082    269.721    275.261  0.000e+00
   58.32634 -135.87678      8.378      3.009      2.981    10.6027    26.8871  1020.5450    20.5313    10.6024     93.874    83.2918     2.3145      8.234     6.1620     8.8061    269.659    275.196  0.000e+00
   58.32634 -135.87678      8.353      3.034      3.005    10.6081    26.8827  1020.5409    20.5271    10.6077     93.865    83.3757     2.3145      8.234     6.1609     8.8045    269.611    275.145  0.000e+00
   58.32634 -135.87678      8.329      3.009      2.981    10.6076    26.8837  1020.5416    20.5279    10.6073     93.856    83.3757     2.3145      8.234     6.1603     8.8037    269.585    275.119  0.000e+00
   58.32634 -135.87678      8.353      3.034      3.005    10.6047    26.8867  1020.5445    20.5307    10.6044     93.847    83.3757     2.3145      8.234     6.1600     8.8033    269.571    275.106  0.000e+00
   58.32634 -135.87678      8.329      3.009      2.981    10.6042    26.8881  1020.5456    20.5319    10.6038     93.891    83.3757     2.3145      8.234     6.1629     8.8074    269.697    275.235  0.000e+00
   58.32634 -135.87678      8.353      3.034      3.005    10.6050    26.8874  1020.5450    20.5312    10.6046     93.887    83.3757     2.3145      8.234     6.1625     8.8069    269.681    275.218  0.000e+00
   58.32634 -135.87678      8.329      3.009      2.981    10.6109    26.8814  1020.5394    20.5257    10.6106     93.887    83.3757     2.3145      8.234     6.1620     8.8061    269.658    275.193  0.000e+00
   58.32634 -135.87678      8.393      3.074      3.045    10.6147    26.8764  1020.5351    20.5211    10.6143     93.887    83.3477     2.3145      8.234     6.1617     8.8057    269.648    275.182  0.000e+00
   58.32634 -135.87678      8.265      2.969      2.941    10.6178    26.8725  1020.5311    20.5176    10.6175     93.886    83.3757     2.3145      8.234     6.1613     8.8052    269.633    275.165  0.000e+00
   58.32634 -135.87678      8.393      3.074      3.045    10.6183    26.8712  1020.5305    20.5165    10.6180     93.887    83.3757     2.3145      8.234     6.1614     8.8052    269.634    275.166  0.000e+00
   58.32634 -135.87678     20.890      2.969      2.941    10.6191    26.8702  1020.5291    20.5156    10.6188     93.884    83.3757     2.3145      8.234     6.1611     8.8049    269.625    275.156  0.000e+00
   58.32634 -135.87678     46.928      3.074      3.045    10.6215    26.8682  1020.5277    20.5137    10.6211     93.884    83.3757     2.3145      8.234     6.1609     8.8045    269.613    275.144  0.000e+00
   58.32634 -135.87678     55.069      3.033      3.005    10.6235    26.8668  1020.5260    20.5122    10.6232     93.881    83.3757     2.3145      8.234     6.1605     8.8039    269.596    275.126  0.000e+00
   58.32634 -135.87678     54.727      3.009      2.981    10.6237    26.8677  1020.5266    20.5129    10.6234     93.878    83.3477     2.3145      8.234     6.1602     8.8035    269.585    275.115  0.000e+00
   58.32634 -135.87678     53.677      3.033      3.005    10.6221    26.8695  1020.5284    20.5146    10.6217     93.882    83.3477     2.3145      8.234     6.1606     8.8041    269.602    275.133  0.000e+00
   58.32634 -135.87678     53.335      3.009      2.981    10.6209    26.8706  1020.5293    20.5156    10.6206     93.885    83.3757     2.3145      8.234     6.1609     8.8046    269.615    275.146  0.000e+00
   58.32634 -135.87678     53.360      3.009      2.981    10.6191    26.8717  1020.5305    20.5168    10.6188     93.942    83.3477     2.3145      8.234     6.1648     8.8102    269.787    275.322  0.000e+00
   58.32634 -135.87678     53.433      3.033      3.005    10.6180    26.8722  1020.5311    20.5173    10.6176     93.951    83.3477     2.3145      8.234     6.1656     8.8112    269.818    275.354  0.000e+00
   58.32634 -135.87678     53.497      3.074      3.045    10.6186    26.8714  1020.5306    20.5166    10.6183     93.959    83.3757     2.3145      8.234     6.1660     8.8119    269.840    275.376  0.000e+00
   58.32634 -135.87678     53.457      3.033      3.005    10.6198    26.8708  1020.5298    20.5160    10.6194     93.966    83.3477     2.2852      8.234     6.1664     8.8124    269.853    275.390  0.000e+00
   58.32634 -135.87678     53.580      3.009      2.981    10.6206    26.8699  1020.5288    20.5152    10.6203     93.972    83.1519     2.2852      8.234     6.1667     8.8128    269.869    275.405  0.000e+00
   58.32634 -135.87678     53.726      3.033      3.005    10.6216    26.8692  1020.5283    20.5145    10.6213     93.925    83.0680     2.2852      8.234     6.1635     8.8083    269.729    275.262  0.000e+00
   58.32634 -135.87678     53.790      3.074      3.045    10.6235    26.8677  1020.5270    20.5130    10.6232     93.979    83.0680     2.2852      8.234     6.1669     8.8130    269.876    275.412  0.000e+00
   58.32634 -135.87678     53.750      3.033      3.005    10.6245    26.8670  1020.5260    20.5122    10.6242     93.984    83.0680     2.2852      8.234     6.1671     8.8134    269.886    275.422  0.000e+00
   58.32634 -135.87678     53.702      3.009      2.981    10.6235    26.8679  1020.5268    20.5131    10.6232     93.989    83.0680     2.2852      8.234     6.1675     8.8140    269.904    275.441  0.000e+00
   58.32634 -135.87678     53.766      3.074      3.045    10.6226    26.8682  1020.5275    20.5135    10.6223     94.048    83.0680     2.2852      8.234     6.1715     8.8197    270.080    275.620  0.000e+00
   58.32634 -135.87678     53.726      3.033      3.005    10.6242    26.8654  1020.5248    20.5110    10.6239     94.004    83.0680     2.2852      8.234     6.1685     8.8154    269.947    275.484  0.000e+00
   58.32634 -135.87678     53.766      3.074      3.045    10.6280    26.8608  1020.5208    20.5068    10.6277     94.061    83.0680     2.2852      8.234     6.1719     8.8203    270.098    275.637  0.000e+00
   58.32634 -135.87678     53.726      3.033      3.005    10.6293    26.8591  1020.5191    20.5053    10.6290     94.069    83.0680     2.2852      8.234     6.1723     8.8209    270.117    275.656  0.000e+00
   58.32634 -135.87678     53.766      3.074      3.045    10.6334    26.8554  1020.5158    20.5018    10.6331     94.023    83.0680     2.2852      8.234     6.1689     8.8160    269.968    275.503  0.000e+00
   58.32634 -135.87678     53.726      3.033      3.005    10.6352    26.8539  1020.5142    20.5004    10.6349     94.078    83.0680     2.2852      8.234     6.1723     8.8208    270.117    275.654  0.000e+00
   58.32634 -135.87678     53.702      3.009      2.981    10.6321    26.8559  1020.5161    20.5024    10.6318     94.084    83.0680     2.2852      8.234     6.1731     8.8219    270.150    275.689  0.000e+00
   58.32634 -135.87678     53.782      3.090      3.061    10.6336    26.8541  1020.5148    20.5008    10.6333     94.091    83.0680     2.2852      8.234     6.1734     8.8224    270.164    275.703  0.000e+00
   58.32634 -135.87678     46.864      3.009      2.981    10.6367    26.8518  1020.5122    20.4985    10.6364     94.095    83.0680     2.2852      8.234     6.1733     8.8222    270.161    275.699  0.000e+00
   58.32634 -135.87678     29.687      3.074      3.045    10.6366    26.8520  1020.5126    20.4986    10.6363     94.046    83.0680     2.2852      8.234     6.1701     8.8177    270.022    275.557  0.000e+00
   58.32634 -135.87678     23.769      3.090      3.061    10.6373    26.8511  1020.5120    20.4979    10.6369     94.098    83.0680     2.2852      8.234     6.1734     8.8225    270.168    275.706  0.000e+00
   58.32634 -135.87678     23.738      3.009      2.981    10.6391    26.8499  1020.5103    20.4967    10.6388     94.099    83.0680     2.2852      8.234     6.1734     8.8224    270.165    275.702  0.000e+00
   58.32634 -135.87678     24.526      3.090      3.061    10.6410    26.8488  1020.5095    20.4955    10.6407     94.103    83.0680     2.2852      8.234     6.1733     8.8223    270.164    275.701  0.000e+00
   58.32634 -135.87678     24.730      3.074      3.045    10.6420    26.8480  1020.5087    20.4947    10.6417     94.104    83.0680     2.2852      8.234     6.1733     8.8223    270.163    275.700  0.000e+00
   58.32634 -135.87678     24.690      3.033      3.005    10.6437    26.8470  1020.5075    20.4937    10.6433     94.164    83.0680     2.2852      8.234     6.1771     8.8277    270.329    275.869  0.000e+00
   58.32634 -135.87678     24.706      3.074      3.045    10.6475    26.8435  1020.5043    20.4903    10.6472     94.170    83.1519     2.2559      8.234     6.1771     8.8277    270.331    275.870  0.000e+00
   58.32634 -135.87678     24.642      3.009      2.981    10.6488    26.8422  1020.5028    20.4891    10.6484     94.121    83.2079     2.2852      8.234     6.1737     8.8229    270.183    275.719  0.000e+00
   58.32634 -135.87678     24.722      3.090      3.061    10.6468    26.8423  1020.5036    20.4895    10.6465     94.120    83.2079     2.2852      8.234     6.1740     8.8232    270.193    275.729  0.000e+00
   58.32634 -135.87678     24.706      3.074      3.045    10.6468    26.8416  1020.5029    20.4889    10.6465     94.171    83.2079     2.2852      8.234     6.1773     8.8280    270.341    275.880  0.000e+00
   58.32634 -135.87678     24.666      3.033      3.005    10.6476    26.8409  1020.5021    20.4883    10.6473     94.173    83.2079     2.2852      8.234     6.1774     8.8281    270.344    275.882  0.000e+00
   58.32634 -135.87678     24.706      3.074      3.045    10.6482    26.8402  1020.5017    20.4877    10.6478     94.175    83.2079     2.2852      8.234     6.1775     8.8282    270.347    275.886  0.000e+00
   58.32634 -135.87678     24.722      3.090      3.061    10.6488    26.8393  1020.5009    20.4868    10.6484     94.176    83.2079     2.2852      8.234     6.1775     8.8282    270.347    275.886  0.000e+00
   58.32634 -135.87678     24.642      3.009      2.981    10.6482    26.8399  1020.5011    20.4874    10.6478     94.174    83.2079     2.2852      8.234     6.1774     8.8282    270.346    275.884  0.000e+00
   58.32634 -135.87678     25.747      3.090      3.061    10.6420    26.8454  1020.5067    20.4926    10.6417     94.174    83.2079     2.2852      8.234     6.1781     8.8291    270.372    275.912  0.000e+00
   58.32634 -135.87678     43.973      3.074      3.045    10.6397    26.8482  1020.5092    20.4952    10.6394     94.172    83.2079     2.2852      8.234     6.1781     8.8291    270.373    275.914  0.000e+00
   58.32634 -135.87678     54.336      3.009      2.981    10.6385    26.8499  1020.5104    20.4967    10.6382     94.168    83.2079     2.2852      8.234     6.1779     8.8289    270.364    275.906  0.000e+00
   58.32634 -135.87678     55.735      3.090      3.061    10.6361    26.8524  1020.5131    20.4991    10.6358     94.164    83.2079     2.2559      8.234     6.1779     8.8289    270.364    275.906  0.000e+00
   58.32634 -135.87678     54.938      3.074      3.045    10.6351    26.8540  1020.5145    20.5005    10.6348     94.213    83.2079     2.2852      8.234     6.1812     8.8335    270.505    276.051  0.000e+00
   58.32634 -135.87678     54.482      3.033      3.005    10.6333    26.8557  1020.5159    20.5021    10.6330     94.218    83.2079     2.2852      8.234     6.1817     8.8343    270.528    276.075  0.000e+00
   58.32634 -135.87678     54.474      3.074      3.045    10.6295    26.8589  1020.5192    20.5052    10.6292     94.170    83.2079     2.2852      8.234     6.1789     8.8303    270.405    275.950  0.000e+00
   58.32634 -135.87678     54.458      3.033      3.005    10.6274    26.8608  1020.5208    20.5070    10.6270     94.167    83.2079     2.2852      8.234     6.1790     8.8303    270.407    275.952  0.000e+00
   58.32634 -135.87678     54.522      3.074      3.045    10.6300    26.8590  1020.5191    20.5051    10.6297     94.218    83.2079     2.2852      8.234     6.1820     8.8347    270.542    276.089  0.000e+00
   58.32634 -135.87678     54.482      3.033      3.005    10.6313    26.8581  1020.5180    20.5042    10.6310     94.220    83.2079     2.2852      8.234     6.1820     8.8347    270.539    276.087  0.000e+00
   58.32634 -135.87678     54.522      3.074      3.045    10.6308    26.8586  1020.5187    20.5047    10.6305     94.221    83.2079     2.2852      8.234     6.1821     8.8349    270.546    276.094  0.000e+00
   58.32634 -135.87678     54.458      3.009      2.981    10.6305    26.8587  1020.5185    20.5048    10.6301     94.220    83.2079     2.2852      8.234     6.1821     8.8349    270.546    276.093  0.000e+00
   58.32634 -135.87678     54.482      3.033      3.005    10.6293    26.8595  1020.5194    20.5056    10.6290     94.220    83.1799     2.3145      8.234     6.1822     8.8350    270.549    276.097  0.000e+00
   58.32634 -135.87678     54.522      3.074      3.045    10.6284    26.8607  1020.5207    20.5067    10.6281     94.218    83.1799     2.3145      8.234     6.1822     8.8349    270.548    276.096  0.000e+00
