EcoFOCI/data/1_SampleCollection/2022_GOA-OA_CruiseData/CTD_raw_BottleFile_RC0083/RC0083_139.cnv
* Sea-Bird SBE 9 Data File:
* FileName = C:\Data\RC0083ctd\RC0083_139.hex
* Software Version Seasave V 7.26.7.107
* Temperature SN = 2060
* Conductivity SN = 2881
* Number of Bytes Per Scan = 31
* Number of Voltage Words = 4
* Number of Scans Averaged by the Deck Unit = 1
* NMEA Latitude = 55 29.22 N
* NMEA Longitude = 131 55.51 W
* NMEA UTC (Time) = Aug 28 2022  09:18:13
* NMEA baud rate = 4800
** Ship: R/V Rachel Carson
** Cruise ID: RC0083
** Tech: McHugh/Nomura
** Chief Scientist: Cross
** Station: MCLS4
** Cast:  CTD139
# nquan = 19
# nvalues = 19248                                 
# units = specified
# name 0 = latitude: Latitude [deg]
# name 1 = longitude: Longitude [deg]
# name 2 = sfdSM: Seafloor depth [salt water, m]
# name 3 = prDM: Pressure, Digiquartz [db]
# name 4 = depSM: Depth [salt water, m]
# name 5 = t090C: Temperature [ITS-90, deg C]
# name 6 = sal00: Salinity, Practical [PSU]
# name 7 = density00: Density [density, kg/m^3]
# name 8 = sigma-é00: Density [sigma-theta, kg/m^3]
# name 9 = potemp090C: Potential Temperature [ITS-90, deg C]
# name 10 = sbeox0PS: Oxygen, SBE 43 [% saturation]
# name 11 = CStarTr0: Beam Transmission, WET Labs C-Star [%]
# name 12 = flECO-AFL: Fluorescence, WET Labs ECO-AFL/FL [mg/m^3]
# name 13 = ph: pH
# name 14 = sbeox0ML/L: Oxygen, SBE 43 [ml/l]
# name 15 = sbeox0Mg/L: Oxygen, SBE 43 [mg/l]
# name 16 = sbox0Mm/Kg: Oxygen, SBE 43 [umol/kg]
# name 17 = sbeox0Mm/L: Oxygen, SBE 43 [umol/l]
# name 18 = flag:  0.000e+00
# span 0 =   55.48696,   55.49012                 
# span 1 = -131.92514, -131.92266                 
# span 2 =      3.545,    322.601                 
# span 3 =      1.913,    281.419                 
# span 4 =      1.896,    278.681                 
# span 5 =     5.6045,    14.8669                 
# span 6 =    27.3368,    33.6958                 
# span 7 =  1020.1336,  1027.8676                 
# span 8 =    20.1032,    26.5733                 
# span 9 =     5.5816,    14.8661                 
# span 10 =     22.415,     91.207                
# span 11 =    87.7948,   104.9118                
# span 12 =    -0.1177,     3.3987                
# span 13 =      7.672,      8.338                
# span 14 =     1.5764,     5.4762                
# span 15 =     2.2529,     7.8261                
# span 16 =     68.581,    239.576                
# span 17 =     70.404,    244.569                
# span 18 = 0.0000e+00, 0.0000e+00                
# interval = seconds: 0.0416667
# start_time = Aug 28 2022 09:18:13 [NMEA time, header]
# bad_flag = -9.990e-29
*END*
[from data line 7772]
   55.48844 -131.92364    294.580    223.143    221.002     5.6971    33.6501  1027.5530    26.5255     5.6789     22.816   103.7371    -0.0884      7.677     1.6018     2.2892     69.690     71.538  0.000e+00
   55.48844 -131.92364    294.369    223.078    220.938     5.6970    33.6500  1027.5527    26.5254     5.6788     22.867   103.7371    -0.0884      7.677     1.6054     2.2943     69.844     71.696  0.000e+00
   55.48844 -131.92364    294.441    223.199    221.059     5.6968    33.6500  1027.5533    26.5254     5.6786     22.865   103.7371    -0.0884      7.677     1.6053     2.2941     69.841     71.693  0.000e+00
   55.48844 -131.92364    294.416    223.199    221.059     5.6970    33.6496  1027.5530    26.5251     5.6787     22.812   103.7651    -0.0884      7.677     1.6016     2.2888     69.678     71.526  0.000e+00
   55.48844 -131.92364    294.441    223.199    221.059     5.6967    33.6496  1027.5530    26.5252     5.6785     22.804   103.7931    -0.0884      7.677     1.6010     2.2880     69.652     71.500  0.000e+00
   55.48844 -131.92364    294.441    223.199    221.059     5.6967    33.6500  1027.5533    26.5254     5.6785     22.802   103.7931    -0.0884      7.677     1.6009     2.2878     69.648     71.496  0.000e+00
   55.48844 -131.92364    294.497    223.256    221.115     5.6970    33.6509  1027.5542    26.5261     5.6787     22.794   103.7931    -0.0884      7.677     1.6003     2.2870     69.622     71.469  0.000e+00
   55.48844 -131.92364    294.617    223.378    221.235     5.6978    33.6514  1027.5551    26.5265     5.6795     22.794   103.7931    -0.0884      7.677     1.6002     2.2869     69.619     71.466  0.000e+00
   55.48844 -131.92364    294.385    223.143    221.002     5.6984    33.6516  1027.5541    26.5265     5.6802     22.792   103.7931    -0.1177      7.677     1.6001     2.2867     69.614     71.460  0.000e+00
   55.48844 -131.92364    294.561    223.321    221.179     5.6988    33.6511  1027.5545    26.5261     5.6805     22.792   103.7931    -0.0884      7.677     1.6001     2.2867     69.614     71.460  0.000e+00
   55.48844 -131.92364    294.568    223.378    221.235     5.6992    33.6513  1027.5548    26.5262     5.6810     22.852   103.7931    -0.0884      7.677     1.6042     2.2926     69.793     71.645  0.000e+00
   55.48844 -131.92364    294.463    223.321    221.179     5.6996    33.6513  1027.5545    26.5261     5.6813     22.800   103.7931    -0.0884      7.677     1.6006     2.2874     69.634     71.481  0.000e+00
   55.48844 -131.92364    294.584    223.443    221.299     5.6995    33.6514  1027.5551    26.5262     5.6813     22.859   103.7931    -0.0884      7.677     1.6048     2.2934     69.816     71.668  0.000e+00
   55.48844 -131.92364    294.584    223.443    221.299     5.6996    33.6514  1027.5552    26.5262     5.6813     22.867   103.7931    -0.0884      7.677     1.6053     2.2941     69.839     71.691  0.000e+00
   55.48844 -131.92364    294.584    223.443    221.299     5.6995    33.6514  1027.5551    26.5262     5.6813     22.874   103.7931    -0.0884      7.677     1.6058     2.2948     69.862     71.715  0.000e+00
   55.48844 -131.92364    294.640    223.499    221.355     5.6997    33.6513  1027.5553    26.5261     5.6815     22.874   103.7931    -0.0884      7.677     1.6058     2.2949     69.862     71.715  0.000e+00
   55.48844 -131.92364    294.696    223.556    221.412     5.7000    33.6511  1027.5554    26.5259     5.6818     22.874   103.7931    -0.0884      7.677     1.6058     2.2948     69.861     71.714  0.000e+00
   55.48844 -131.92364    294.696    223.556    221.412     5.6999    33.6515  1027.5557    26.5263     5.6816     22.822   103.7931    -0.0884      7.677     1.6021     2.2896     69.702     71.551  0.000e+00
   55.48844 -131.92364    294.760    223.621    221.476     5.7000    33.6513  1027.5559    26.5261     5.6818     22.822   103.7931    -0.0884      7.677     1.6021     2.2896     69.703     71.552  0.000e+00
   55.48844 -131.92364    294.760    223.621    221.476     5.6995    33.6519  1027.5564    26.5266     5.6812     22.823   103.7931    -0.0884      7.677     1.6022     2.2897     69.704     71.553  0.000e+00
   55.48844 -131.92364    294.816    223.678    221.532     5.6997    33.6512  1027.5560    26.5260     5.6815     22.823   103.7931    -0.0884      7.677     1.6022     2.2897     69.707     71.556  0.000e+00
   55.48844 -131.92364    294.905    223.742    221.596     5.6999    33.6510  1027.5562    26.5259     5.6816     22.824   103.7931    -0.0884      7.677     1.6023     2.2898     69.710     71.559  0.000e+00
   55.48844 -131.92364    294.905    223.742    221.596     5.6995    33.6515  1027.5566    26.5263     5.6812     22.826   103.7931    -0.0884      7.677     1.6024     2.2900     69.714     71.563  0.000e+00
   55.48844 -131.92364    294.905    223.742    221.596     5.6997    33.6515  1027.5566    26.5263     5.6815     22.827   103.7651    -0.0884      7.677     1.6025     2.2901     69.718     71.567  0.000e+00
   55.48844 -131.92364    294.968    223.856    221.708     5.6999    33.6517  1027.5572    26.5264     5.6816     22.829   103.7371    -0.0884      7.677     1.6026     2.2903     69.724     71.574  0.000e+00
   55.48844 -131.92364    294.862    223.921    221.773     5.6997    33.6519  1027.5578    26.5266     5.6814     22.831   103.7371    -0.0884      7.677     1.6028     2.2906     69.731     71.581  0.000e+00
   55.48844 -131.92364    294.724    223.856    221.708     5.7000    33.6518  1027.5573    26.5265     5.6817     22.834   103.7371    -0.0884      7.677     1.6029     2.2908     69.737     71.587  0.000e+00
   55.48844 -131.92364    294.869    223.977    221.829     5.6999    33.6518  1027.5579    26.5265     5.6816     22.829   103.7371    -0.0884      7.677     1.6026     2.2903     69.724     71.574  0.000e+00
   55.48844 -131.92364    294.869    223.977    221.829     5.6999    33.6518  1027.5579    26.5265     5.6816     22.824   103.7371    -0.0884      7.677     1.6023     2.2898     69.710     71.559  0.000e+00
   55.48844 -131.92364    294.941    224.099    221.949     5.7000    33.6514  1027.5581    26.5262     5.6817     22.820   103.7371    -0.0884      7.677     1.6020     2.2894     69.696     71.545  0.000e+00
   55.48844 -131.92364    294.836    224.042    221.893     5.7000    33.6521  1027.5584    26.5267     5.6817     22.823   103.7371    -0.0884      7.677     1.6022     2.2896     69.703     71.552  0.000e+00
   55.48844 -131.92364    294.867    224.099    221.949     5.7002    33.6520  1027.5585    26.5266     5.6819     22.826   103.7371    -0.0884      7.677     1.6024     2.2900     69.713     71.562  0.000e+00
   55.48844 -131.92364    294.988    224.221    222.069     5.7002    33.6519  1027.5590    26.5266     5.6819     22.829   103.7371    -0.0884      7.677     1.6026     2.2903     69.724     71.573  0.000e+00
   55.48844 -131.92364    294.988    224.221    222.069     5.7002    33.6520  1027.5592    26.5267     5.6818     22.833   103.7371    -0.0884      7.677     1.6029     2.2907     69.735     71.585  0.000e+00
   55.48844 -131.92364    294.988    224.221    222.069     5.6994    33.6522  1027.5593    26.5268     5.6811     22.829   103.7371    -0.0884      7.677     1.6027     2.2904     69.725     71.575  0.000e+00
   55.48844 -131.92364    295.108    224.342    222.190     5.6980    33.6529  1027.5607    26.5276     5.6797     22.826   103.7371    -0.0884      7.677     1.6025     2.2901     69.718     71.567  0.000e+00
   55.48844 -131.92364    295.108    224.342    222.190     5.6967    33.6541  1027.5618    26.5287     5.6784     22.882   103.7371    -0.0884      7.677     1.6064     2.2957     69.888     71.742  0.000e+00
   55.48844 -131.92364    295.164    224.399    222.246     5.6965    33.6541  1027.5620    26.5287     5.6782     22.893   103.7371    -0.0591      7.677     1.6072     2.2968     69.922     71.777  0.000e+00
   55.48844 -131.92364    295.164    224.399    222.246     5.6960    33.6542  1027.5622    26.5288     5.6777     22.837   103.7371    -0.0591      7.677     1.6033     2.2913     69.753     71.603  0.000e+00
   55.48844 -131.92364    295.294    224.456    222.302     5.6962    33.6547  1027.5629    26.5293     5.6778     22.841   103.7371    -0.0591      7.677     1.6036     2.2916     69.764     71.615  0.000e+00
   55.48844 -131.92364    295.463    224.577    222.422     5.6963    33.6547  1027.5634    26.5292     5.6780     22.845   103.7371    -0.0591      7.677     1.6038     2.2921     69.777     71.628  0.000e+00
   55.48844 -131.92364    295.407    224.520    222.366     5.6962    33.6551  1027.5634    26.5295     5.6778     22.849   103.7371    -0.0591      7.677     1.6041     2.2925     69.789     71.640  0.000e+00
   55.48844 -131.92364    295.527    224.642    222.487     5.6963    33.6546  1027.5636    26.5291     5.6780     22.905   103.7371    -0.0591      7.677     1.6081     2.2981     69.961     71.817  0.000e+00
   55.48844 -131.92364    295.583    224.699    222.543     5.6967    33.6542  1027.5635    26.5288     5.6783     22.850   103.7371    -0.0591      7.677     1.6042     2.2926     69.793     71.644  0.000e+00
   55.48844 -131.92364    295.527    224.642    222.487     5.6962    33.6545  1027.5636    26.5291     5.6778     22.847   103.7651    -0.0591      7.677     1.6040     2.2923     69.783     71.634  0.000e+00
   55.48844 -131.92364    295.639    224.755    222.599     5.6957    33.6548  1027.5643    26.5294     5.6773     22.844   103.7651    -0.0591      7.677     1.6038     2.2920     69.775     71.626  0.000e+00
   55.48844 -131.92364    295.639    224.755    222.599     5.6959    33.6541  1027.5638    26.5288     5.6775     22.841   103.7651    -0.0591      7.677     1.6036     2.2917     69.765     71.615  0.000e+00
   55.48844 -131.92364    295.703    224.820    222.663     5.6954    33.6540  1027.5641    26.5288     5.6770     22.838   103.7931    -0.0591      7.677     1.6034     2.2914     69.756     71.607  0.000e+00
   55.48844 -131.92364    295.880    224.999    222.840     5.6951    33.6545  1027.5653    26.5293     5.6767     22.835   103.7651    -0.0591      7.677     1.6032     2.2911     69.748     71.598  0.000e+00
   55.48844 -131.92364    295.824    224.942    222.783     5.6951    33.6544  1027.5650    26.5292     5.6767     22.832   103.7651    -0.0591      7.677     1.6029     2.2908     69.738     71.588  0.000e+00
   55.48844 -131.92364    295.583    224.699    222.543     5.6952    33.6547  1027.5641    26.5294     5.6769     22.835   103.7651    -0.0591      7.677     1.6032     2.2911     69.748     71.598  0.000e+00
   55.48844 -131.92364    296.000    225.120    222.960     5.6952    33.6545  1027.5658    26.5292     5.6768     22.841   103.7931    -0.0591      7.677     1.6036     2.2917     69.765     71.616  0.000e+00
   55.48844 -131.92364    296.056    225.177    223.016     5.6951    33.6543  1027.5660    26.5291     5.6767     22.838   103.7651    -0.0591      7.677     1.6034     2.2914     69.758     71.609  0.000e+00
   55.48844 -131.92364    295.824    224.942    222.783     5.6951    33.6545  1027.5651    26.5292     5.6767     22.835   103.7651    -0.0591      7.677     1.6032     2.2911     69.748     71.598  0.000e+00
   55.48844 -131.92364    307.232    225.242    223.080     5.6952    33.6549  1027.5667    26.5295     5.6768     22.833   103.7931    -0.0591      7.677     1.6030     2.2909     69.742     71.592  0.000e+00
   55.48844 -131.92364    319.550    225.055    222.896     5.6954    33.6549  1027.5659    26.5295     5.6770     22.830   103.7931    -0.0591      7.677     1.6028     2.2906     69.731     71.581  0.000e+00
   55.48844 -131.92364    322.601    225.177    223.016     5.6955    33.6548  1027.5663    26.5294     5.6771     22.827   103.7651    -0.0591      7.677     1.6026     2.2903     69.724     71.574  0.000e+00
   55.48844 -131.92364    322.177    225.242    223.080     5.6955    33.6548  1027.5666    26.5294     5.6771     22.825   103.7651    -0.0591      7.677     1.6025     2.2901     69.717     71.566  0.000e+00
   55.48844 -131.92364    321.664    225.242    223.080     5.6957    33.6548  1027.5666    26.5294     5.6773     22.822   103.7651    -0.0591      7.677     1.6023     2.2898     69.708     71.557  0.000e+00
   55.48844 -131.92364    321.679    225.355    223.193     5.6957    33.6548  1027.5671    26.5294     5.6773     22.827   103.7651    -0.0591      7.677     1.6026     2.2903     69.724     71.573  0.000e+00
   55.48844 -131.92364    321.647    225.298    223.136     5.6954    33.6547  1027.5668    26.5294     5.6770     22.766   103.7651    -0.0591      7.677     1.5983     2.2842     69.536     71.381  0.000e+00
   55.48844 -131.92364    321.727    225.355    223.193     5.6954    33.6544  1027.5669    26.5291     5.6770     22.764   103.7651    -0.0591      7.677     1.5982     2.2840     69.532     71.376  0.000e+00
   55.48844 -131.92364    321.823    225.477    223.313     5.6952    33.6548  1027.5678    26.5295     5.6768     22.822   103.7931    -0.0591      7.677     1.6023     2.2898     69.709     71.558  0.000e+00
   55.48844 -131.92364    321.727    225.355    223.193     5.6954    33.6545  1027.5669    26.5292     5.6770     22.828   103.7931    -0.0591      7.677     1.6027     2.2904     69.727     71.577  0.000e+00
   55.48844 -131.92364    321.848    225.477    223.313     5.6954    33.6547  1027.5676    26.5294     5.6770     22.835   103.8490    -0.0591      7.677     1.6032     2.2911     69.748     71.599  0.000e+00
   55.48844 -131.92364    321.848    225.477    223.313     5.6954    33.6545  1027.5675    26.5292     5.6770     22.842   103.8490    -0.0591      7.677     1.6037     2.2918     69.769     71.620  0.000e+00
   55.48844 -131.92364    321.912    225.542    223.377     5.6951    33.6549  1027.5681    26.5295     5.6767     22.842   103.8490    -0.0591      7.677     1.6037     2.2918     69.769     71.620  0.000e+00
   55.48844 -131.92364    319.201    225.542    223.377     5.6955    33.6546  1027.5678    26.5292     5.6771     22.842   103.8490    -0.0591      7.677     1.6036     2.2918     69.768     71.619  0.000e+00
   55.48844 -131.92364    301.480    225.598    223.433     5.6952    33.6545  1027.5681    26.5292     5.6768     22.900   103.8490    -0.0591      7.677     1.6078     2.2977     69.948     71.804  0.000e+00
   55.48844 -131.92364    293.226    225.598    223.433     5.6954    33.6549  1027.5684    26.5295     5.6770     22.848   103.8490    -0.0591      7.677     1.6041     2.2924     69.787     71.639  0.000e+00
   55.48844 -131.92364    292.743    225.777    223.610     5.6955    33.6543  1027.5687    26.5290     5.6771     22.848   103.8490    -0.0591      7.677     1.6041     2.2924     69.787     71.639  0.000e+00
   55.48844 -131.92364    293.203    225.477    223.313     5.6952    33.6545  1027.5675    26.5292     5.6768     22.788   103.8490    -0.0591      7.677     1.5999     2.2864     69.603     71.450  0.000e+00
   55.48844 -131.92364    293.746    225.655    223.489     5.6954    33.6543  1027.5682    26.5291     5.6769     22.781   103.8490    -0.0591      7.677     1.5994     2.2857     69.582     71.428  0.000e+00
   55.48844 -131.92364    294.037    225.777    223.610     5.6952    33.6545  1027.5689    26.5292     5.6768     22.774   103.8210    -0.0591      7.677     1.5989     2.2850     69.561     71.407  0.000e+00
   55.48844 -131.92364    294.005    225.720    223.554     5.6952    33.6549  1027.5690    26.5296     5.6768     22.767   103.8490    -0.0591      7.677     1.5984     2.2843     69.540     71.384  0.000e+00
