EcoFOCI/data/1_SampleCollection/2022_GOA-OA_CruiseData/CTD_raw_BottleFile_RC0083/RC0083_072.cnv
* Sea-Bird SBE 9 Data File:
* FileName = C:\Data\RC0083ctd\RC0083_072.hex
* Software Version Seasave V 7.26.7.107
* Temperature SN = 2060
* Conductivity SN = 1084
* Number of Bytes Per Scan = 31
* Number of Voltage Words = 4
* Number of Scans Averaged by the Deck Unit = 1
* NMEA Latitude = 59 04.67 N
* NMEA Longitude = 136 21.57 W
* NMEA UTC (Time) = Aug 20 2022  22:10:20
* NMEA baud rate = 4800
** Ship: R/V Rachel Carson
** Cruise ID: RC0083
** Tech: McHugh/Nomura
** Chief Scientist: Cross
** Station: GB23
** Cast:  CTD072
# nquan = 19
# nvalues = 12633                                 
# units = specified
# name 0 = latitude: Latitude [deg]
# name 1 = longitude: Longitude [deg]
# name 2 = sfdSM: Seafloor depth [salt water, m]
# name 3 = prDM: Pressure, Digiquartz [db]
# name 4 = depSM: Depth [salt water, m]
# name 5 = t090C: Temperature [ITS-90, deg C]
# name 6 = sal00: Salinity, Practical [PSU]
# name 7 = density00: Density [density, kg/m^3]
# name 8 = sigma-é00: Density [sigma-theta, kg/m^3]
# name 9 = potemp090C: Potential Temperature [ITS-90, deg C]
# name 10 = sbeox0PS: Oxygen, SBE 43 [% saturation]
# name 11 = CStarTr0: Beam Transmission, WET Labs C-Star [%]
# name 12 = flECO-AFL: Fluorescence, WET Labs ECO-AFL/FL [mg/m^3]
# name 13 = ph: pH
# name 14 = sbeox0ML/L: Oxygen, SBE 43 [ml/l]
# name 15 = sbeox0Mg/L: Oxygen, SBE 43 [mg/l]
# name 16 = sbox0Mm/Kg: Oxygen, SBE 43 [umol/kg]
# name 17 = sbeox0Mm/L: Oxygen, SBE 43 [umol/l]
# name 18 = flag:  0.000e+00
# span 0 =   59.07756,   59.07782                 
# span 1 = -136.35990, -136.35902                 
# span 2 =      5.021,    251.167                 
# span 3 =      2.218,    186.646                 
# span 4 =      2.197,    184.816                 
# span 5 =     3.2836,     7.2488                 
# span 6 =     8.5805,    30.6270                 
# span 7 =  1006.8500,  1025.0351                 
# span 8 =     6.8369,    24.1896                 
# span 9 =     3.2835,     7.2472                 
# span 10 =     77.427,    100.165                
# span 11 =     0.0001,    14.1804                
# span 12 =    -0.0005,     1.5233                
# span 13 =      7.930,      8.548                
# span 14 =     5.4823,     8.6893                
# span 15 =     7.8348,    12.4179                
# span 16 =    239.259,    385.423                
# span 17 =    244.840,    388.066                
# span 18 = 0.0000e+00, 0.0000e+00                
# interval = seconds: 0.0416667
# start_time = Aug 20 2022 22:10:20 [NMEA time, header]
# bad_flag = -9.990e-29
*END*
[from data line 2286]
   59.07770 -136.35964    153.905     55.802     55.273     6.9758    29.7523  1023.5490    23.2916     6.9711     79.300     0.0001     1.1716      8.005     5.5447     7.9240    241.991    247.627  0.000e+00
   59.07770 -136.35964    153.961     55.859     55.329     6.9763    29.7567  1023.5526    23.2950     6.9716     79.257     0.0001     1.1716      8.010     5.5415     7.9193    241.849    247.483  0.000e+00
   59.07770 -136.35964    154.025     55.923     55.393     6.9773    29.7600  1023.5553    23.2974     6.9726     79.319     0.0001     1.2009      8.010     5.5456     7.9252    242.027    247.665  0.000e+00
   59.07770 -136.35964    154.017     55.915     55.385     6.9773    29.7621  1023.5570    23.2991     6.9726     79.325     0.0001     1.1716      8.010     5.5459     7.9256    242.040    247.679  0.000e+00
   59.07770 -136.35964    154.081     55.980     55.449     6.9776    29.7639  1023.5586    23.3004     6.9729     79.331     0.0001     1.1716      8.005     5.5462     7.9261    242.054    247.694  0.000e+00
   59.07770 -136.35964    154.137     56.037     55.505     6.9773    29.7608  1023.5565    23.2981     6.9726     79.337     0.0001     1.1716      8.010     5.5468     7.9269    242.080    247.720  0.000e+00
   59.07770 -136.35964    154.137     56.036     55.505     6.9773    29.7594  1023.5554    23.2969     6.9726     79.343     0.0001     1.1716      8.005     5.5472     7.9276    242.099    247.740  0.000e+00
   59.07770 -136.35964    154.201     56.101     55.569     6.9777    29.7668  1023.5615    23.3027     6.9730     79.349     0.0001     1.1716      8.005     5.5473     7.9277    242.103    247.744  0.000e+00
   59.07770 -136.35964    154.201     56.101     55.569     6.9787    29.7747  1023.5676    23.3088     6.9740     79.354     0.0001     1.1716      8.005     5.5473     7.9276    242.099    247.743  0.000e+00
   59.07770 -136.35964    154.257     56.158     55.625     6.9797    29.7812  1023.5728    23.3138     6.9750     79.360     0.0001     1.1716      8.005     5.5474     7.9277    242.101    247.745  0.000e+00
   59.07770 -136.35964    154.257     56.158     55.625     6.9801    29.7874  1023.5776    23.3186     6.9754     79.366     0.0001     1.1716      8.005     5.5475     7.9279    242.104    247.750  0.000e+00
   59.07770 -136.35964    154.321     56.222     55.689     6.9809    29.7915  1023.5810    23.3217     6.9761     79.372     0.0001     1.1716      8.010     5.5476     7.9281    242.111    247.758  0.000e+00
   59.07770 -136.35964    154.377     56.279     55.745     6.9815    29.7945  1023.5835    23.3240     6.9768     79.434     0.0001     1.1716      8.005     5.5518     7.9341    242.291    247.943  0.000e+00
   59.07770 -136.35964    154.377     56.279     55.745     6.9817    29.7959  1023.5847    23.3251     6.9770     79.446     0.0001     1.1716      8.010     5.5526     7.9352    242.326    247.979  0.000e+00
   59.07770 -136.35964    154.433     56.335     55.801     6.9815    29.7963  1023.5853    23.3255     6.9767     79.460     0.0001     1.1716      8.010     5.5535     7.9365    242.367    248.020  0.000e+00
   59.07770 -136.35964    154.497     56.400     55.865     6.9815    29.7959  1023.5852    23.3251     6.9767     79.472     0.0001     1.2009      8.010     5.5544     7.9378    242.406    248.060  0.000e+00
   59.07770 -136.35964    154.497     56.400     55.865     6.9816    29.7965  1023.5857    23.3256     6.9768     79.484     0.0001     1.1716      8.005     5.5552     7.9389    242.441    248.096  0.000e+00
   59.07770 -136.35964    154.497     56.400     55.865     6.9816    29.7983  1023.5871    23.3270     6.9769     79.495     0.0001     1.1716      8.005     5.5559     7.9400    242.472    248.128  0.000e+00
   59.07770 -136.35964    154.609     56.513     55.977     6.9810    29.8008  1023.5897    23.3291     6.9762     79.508     0.0001     1.1716      8.005     5.5568     7.9412    242.509    248.166  0.000e+00
   59.07770 -136.35964    154.553     56.457     55.921     6.9811    29.8001  1023.5888    23.3285     6.9764     79.518     0.0001     1.1716      8.005     5.5575     7.9422    242.541    248.199  0.000e+00
   59.07770 -136.35964    154.609     56.513     55.977     6.9814    29.7975  1023.5870    23.3264     6.9767     79.521     0.0001     1.2009      8.010     5.5578     7.9427    242.554    248.212  0.000e+00
   59.07770 -136.35964    154.729     56.634     56.097     6.9820    29.7953  1023.5858    23.3246     6.9772     79.477     0.0001     1.1716      8.005     5.5547     7.9382    242.418    248.072  0.000e+00
   59.07770 -136.35964    154.729     56.634     56.097     6.9820    29.7944  1023.5851    23.3239     6.9772     79.527     0.0001     1.2009      8.010     5.5583     7.9433    242.574    248.231  0.000e+00
   59.07770 -136.35964    154.673     56.578     56.041     6.9822    29.7952  1023.5854    23.3245     6.9774     79.592     0.0001     1.1716      8.005     5.5627     7.9497    242.768    248.431  0.000e+00
   59.07770 -136.35964    154.849     56.756     56.217     6.9821    29.7975  1023.5881    23.3264     6.9774     79.602     0.0001     1.1423      8.005     5.5633     7.9506    242.795    248.459  0.000e+00
   59.07770 -136.35964    154.793     56.699     56.161     6.9823    29.8000  1023.5897    23.3283     6.9775     79.553     0.0001     1.1130      8.005     5.5598     7.9455    242.641    248.301  0.000e+00
   59.07770 -136.35964    154.849     56.756     56.217     6.9822    29.8020  1023.5916    23.3299     6.9774     79.561     0.0001     1.0837      8.005     5.5603     7.9462    242.661    248.322  0.000e+00
   59.07770 -136.35964    154.905     56.812     56.273     6.9820    29.8035  1023.5930    23.3310     6.9772     79.568     0.0001     1.0837      8.010     5.5608     7.9469    242.682    248.344  0.000e+00
   59.07770 -136.35964    154.905     56.812     56.273     6.9820    29.8045  1023.5938    23.3319     6.9772     79.567     0.0001     1.0837      8.005     5.5607     7.9467    242.677    248.339  0.000e+00
   59.07770 -136.35964    154.905     56.812     56.273     6.9819    29.8029  1023.5926    23.3306     6.9771     79.565     0.0001     1.0837      8.005     5.5606     7.9466    242.674    248.336  0.000e+00
   59.07770 -136.35964    155.026     56.933     56.393     6.9818    29.7996  1023.5906    23.3280     6.9770     79.564     0.0001     1.0837      8.010     5.5606     7.9467    242.677    248.338  0.000e+00
   59.07770 -136.35964    154.969     56.877     56.337     6.9818    29.7985  1023.5894    23.3272     6.9770     79.560     0.0001     1.0837      8.010     5.5604     7.9464    242.668    248.329  0.000e+00
   59.07770 -136.35964    155.082     56.990     56.449     6.9817    29.7988  1023.5902    23.3274     6.9769     79.558     0.0001     1.0837      8.005     5.5602     7.9461    242.660    248.321  0.000e+00
   59.07770 -136.35964    155.090     56.998     56.457     6.9815    29.7997  1023.5910    23.3282     6.9767     79.609     0.0001     1.0837      8.005     5.5639     7.9513    242.817    248.482  0.000e+00
   59.07770 -136.35964    155.082     56.990     56.449     6.9816    29.8002  1023.5913    23.3285     6.9768     79.619     0.0001     1.0837      8.010     5.5645     7.9522    242.846    248.511  0.000e+00
   59.07770 -136.35964    155.146     57.055     56.513     6.9814    29.8005  1023.5919    23.3288     6.9766     79.573     0.0001     1.0837      8.005     5.5613     7.9477    242.706    248.368  0.000e+00
   59.07770 -136.35964    155.202     57.111     56.569     6.9815    29.8004  1023.5921    23.3287     6.9767     79.575     0.0001     1.0837      8.010     5.5615     7.9479    242.712    248.375  0.000e+00
   59.07770 -136.35964    155.266     57.176     56.633     6.9815    29.8000  1023.5920    23.3284     6.9767     79.577     0.0001     1.0837      8.005     5.5616     7.9481    242.719    248.381  0.000e+00
   59.07770 -136.35964    155.202     57.111     56.569     6.9817    29.7993  1023.5912    23.3278     6.9769     79.577     0.0001     1.0837      8.005     5.5616     7.9481    242.720    248.382  0.000e+00
   59.07770 -136.35964    155.322     57.232     56.689     6.9821    29.7989  1023.5914    23.3275     6.9773     79.571     0.0001     1.0837      8.010     5.5612     7.9475    242.700    248.361  0.000e+00
   59.07770 -136.35964    155.322     57.232     56.689     6.9821    29.7982  1023.5908    23.3269     6.9773     79.564     0.0001     1.0837      8.005     5.5606     7.9467    242.677    248.338  0.000e+00
   59.07770 -136.35964    155.378     57.289     56.745     6.9826    29.7950  1023.5885    23.3243     6.9777     79.564     0.0001     1.0837      8.005     5.5607     7.9468    242.680    248.341  0.000e+00
   59.07770 -136.35964    155.378     57.289     56.745     6.9829    29.7924  1023.5864    23.3222     6.9781     79.555     0.0001     1.0837      8.010     5.5601     7.9460    242.656    248.316  0.000e+00
   59.07770 -136.35964    155.442     57.354     56.809     6.9831    29.7895  1023.5844    23.3199     6.9782     79.546     0.0001     1.0837      8.010     5.5596     7.9453    242.634    248.293  0.000e+00
   59.07770 -136.35964    155.498     57.410     56.865     6.9828    29.7878  1023.5834    23.3186     6.9780     79.537     0.0001     1.0837      8.005     5.5591     7.9444    242.610    248.267  0.000e+00
   59.07770 -136.35964    155.498     57.410     56.865     6.9829    29.7875  1023.5831    23.3184     6.9781     79.534     0.0001     1.0544      8.005     5.5589     7.9442    242.602    248.259  0.000e+00
   59.07770 -136.35964    155.498     57.410     56.865     6.9824    29.7886  1023.5841    23.3193     6.9776     79.523     0.0001     1.0544      8.005     5.5581     7.9431    242.570    248.226  0.000e+00
   59.07770 -136.35964    155.618     57.531     56.985     6.9827    29.7883  1023.5844    23.3191     6.9779     79.513     0.0001     1.0544      8.010     5.5574     7.9421    242.537    248.193  0.000e+00
   59.07770 -136.35964    155.618     57.531     56.985     6.9829    29.7873  1023.5835    23.3182     6.9781     79.509     0.0001     1.0544      8.005     5.5571     7.9416    242.525    248.180  0.000e+00
   59.07770 -136.35964    155.618     57.531     56.985     6.9829    29.7876  1023.5838    23.3185     6.9781     79.504     0.0001     1.0544      8.005     5.5568     7.9412    242.510    248.165  0.000e+00
   59.07770 -136.35964    155.738     57.653     57.105     6.9832    29.7872  1023.5839    23.3181     6.9783     79.493     0.0001     1.0544      8.010     5.5559     7.9400    242.474    248.128  0.000e+00
   59.07770 -136.35964    155.625     57.588     57.041     6.9829    29.7884  1023.5847    23.3191     6.9781     79.486     0.0001     1.0544      8.005     5.5555     7.9394    242.454    248.108  0.000e+00
   59.07770 -136.35964    155.689     57.653     57.105     6.9826    29.7918  1023.5876    23.3218     6.9778     79.481     0.0001     1.0544      8.005     5.5550     7.9387    242.434    248.088  0.000e+00
   59.07770 -136.35964    155.745     57.709     57.161     6.9823    29.7954  1023.5908    23.3247     6.9775     79.476     0.0001     1.0837      8.010     5.5546     7.9380    242.412    248.067  0.000e+00
   59.07770 -136.35964    155.801     57.766     57.217     6.9823    29.7963  1023.5918    23.3254     6.9774     79.414     0.0001     1.0837      8.010     5.5502     7.9318    242.223    247.873  0.000e+00
   59.07770 -136.35964    155.825     57.766     57.217     6.9826    29.7937  1023.5896    23.3233     6.9778     79.456     0.0001     1.0544      8.005     5.5532     7.9361    242.353    248.006  0.000e+00
   59.07770 -136.35964    155.794     57.709     57.161     6.9830    29.7905  1023.5868    23.3207     6.9781     79.448     0.0001     1.0837      8.005     5.5527     7.9354    242.334    247.985  0.000e+00
   59.07770 -136.35964    156.034     57.952     57.401     6.9831    29.7874  1023.5855    23.3183     6.9782     79.444     0.0001     1.0837      8.010     5.5525     7.9351    242.325    247.975  0.000e+00
   59.07770 -136.35964    155.914     57.830     57.281     6.9833    29.7866  1023.5843    23.3176     6.9784     79.435     0.0001     1.0544      8.005     5.5519     7.9342    242.299    247.948  0.000e+00
   59.07770 -136.35964    155.970     57.887     57.337     6.9828    29.7875  1023.5854    23.3184     6.9780     79.428     0.0001     1.0544      8.010     5.5514     7.9336    242.278    247.927  0.000e+00
   59.07770 -136.35964    156.034     57.952     57.401     6.9829    29.7884  1023.5864    23.3191     6.9780     79.420     0.0001     1.0544      8.005     5.5509     7.9328    242.253    247.902  0.000e+00
   59.07770 -136.35964    156.034     57.952     57.401     6.9826    29.7891  1023.5869    23.3197     6.9777     79.364     0.0001     1.0544      8.005     5.5469     7.9271    242.081    247.726  0.000e+00
   59.07770 -136.35964    156.090     58.008     57.457     6.9826    29.7887  1023.5868    23.3193     6.9777     79.357     0.0001     1.0544      8.005     5.5465     7.9265    242.060    247.705  0.000e+00
   59.07770 -136.35964    156.146     58.065     57.513     6.9829    29.7887  1023.5871    23.3193     6.9780     79.350     0.0001     1.0544      8.005     5.5459     7.9257    242.037    247.681  0.000e+00
   59.07770 -136.35964    156.146     58.065     57.513     6.9829    29.7893  1023.5875    23.3198     6.9780     79.399     0.0001     1.0837      8.010     5.5493     7.9305    242.185    247.833  0.000e+00
   59.07770 -136.35964    156.210     58.129     57.577     6.9827    29.7893  1023.5879    23.3199     6.9778     79.400     0.0001     1.0837      8.010     5.5494     7.9307    242.189    247.837  0.000e+00
   59.07770 -136.35964    156.210     58.129     57.577     6.9828    29.7876  1023.5866    23.3185     6.9779     79.400     0.0001     1.0837      8.005     5.5495     7.9308    242.193    247.840  0.000e+00
   59.07770 -136.35964    156.266     58.186     57.633     6.9824    29.7849  1023.5847    23.3164     6.9775     79.345     0.0001     1.0837      8.010     5.5458     7.9255    242.032    247.675  0.000e+00
   59.07770 -136.35964    156.330     58.251     57.698     6.9784    29.7838  1023.5847    23.3161     6.9735     79.339     0.0001     1.0837      8.010     5.5460     7.9258    242.040    247.683  0.000e+00
   59.07770 -136.35964    156.330     58.251     57.697     6.9750    29.7834  1023.5848    23.3161     6.9701     79.334     0.0001     1.0837      8.010     5.5460     7.9258    242.041    247.685  0.000e+00
   59.07770 -136.35964    156.386     58.307     57.754     6.9730    29.7826  1023.5847    23.3158     6.9681     79.320     0.0001     1.0837      8.010     5.5454     7.9249    242.014    247.657  0.000e+00
   59.07770 -136.35964    156.386     58.307     57.753     6.9708    29.7826  1023.5849    23.3160     6.9659     79.315     0.0001     1.0837      8.005     5.5453     7.9247    242.009    247.651  0.000e+00
   59.07770 -136.35964    156.442     58.364     57.810     6.9693    29.7826  1023.5854    23.3162     6.9644     79.317     0.0001     1.0837      8.005     5.5456     7.9253    242.025    247.668  0.000e+00
   59.07768 -136.35964    156.442     58.364     57.810     6.9679    29.7824  1023.5854    23.3162     6.9630     79.320     0.0001     1.0837      8.010     5.5460     7.9258    242.042    247.685  0.000e+00
   59.07768 -136.35964    156.506     58.428     57.874     6.9659    29.7818  1023.5855    23.3160     6.9610     79.261     0.0001     1.0837      8.005     5.5421     7.9203    241.872    247.512  0.000e+00
