EcoFOCI/data/1_SampleCollection/2022_GOA-OA_CruiseData/CTD_raw_BottleFile_RC0083/RC0083_117.ros
* Sea-Bird SBE 9 Data File:
* FileName = C:\Data\RC0083ctd\RC0083_117.hex
* Software Version Seasave V 7.26.7.107
* Temperature SN = 2060
* Conductivity SN = 2881
* Number of Bytes Per Scan = 31
* Number of Voltage Words = 4
* Number of Scans Averaged by the Deck Unit = 1
* NMEA Latitude = 56 28.35 N
* NMEA Longitude = 134 27.35 W
* NMEA UTC (Time) = Aug 23 2022  18:32:24
* NMEA baud rate = 4800
** Ship: R/V Rachel Carson
** Cruise ID: RC0083
** Tech: McHugh/Nomura
** Chief Scientist: Cross
** Station: MCS1
** Cast:  CTD117
# nquan = 21
# nvalues = 392                                   
# units = specified
# name 0 = latitude: Latitude [deg]
# name 1 = longitude: Longitude [deg]
# name 2 = sfdSM: Seafloor depth [salt water, m]
# name 3 = prDM: Pressure, Digiquartz [db]
# name 4 = depSM: Depth [salt water, m]
# name 5 = t090C: Temperature [ITS-90, deg C]
# name 6 = sal00: Salinity, Practical [PSU]
# name 7 = density00: Density [density, kg/m^3]
# name 8 = sigma-é00: Density [sigma-theta, kg/m^3]
# name 9 = potemp090C: Potential Temperature [ITS-90, deg C]
# name 10 = sbeox0PS: Oxygen, SBE 43 [% saturation]
# name 11 = CStarTr0: Beam Transmission, WET Labs C-Star [%]
# name 12 = flECO-AFL: Fluorescence, WET Labs ECO-AFL/FL [mg/m^3]
# name 13 = ph: pH
# name 14 = sbeox0ML/L: Oxygen, SBE 43 [ml/l]
# name 15 = sbeox0Mg/L: Oxygen, SBE 43 [mg/l]
# name 16 = sbox0Mm/Kg: Oxygen, SBE 43 [umol/kg]
# name 17 = sbeox0Mm/L: Oxygen, SBE 43 [umol/l]
# name 18 = scan: Scan Count
# name 19 = nbf: Bottles Fired
# name 20 = flag:  0.000e+00
# interval = seconds: 0.0416667
# start_time = Aug 23 2022 18:32:24 [NMEA time, header]
# bad_flag = -9.990e-29
*END*
[from data line 276]
   56.47044 -134.45460    123.592     25.191     24.959     8.6247    30.9634  1024.1305    24.0155     8.6222     63.631    99.8494     1.8749      8.071     4.2511     6.0752    185.401    189.854      35888          6  0.000e+00
   56.47044 -134.45460    123.592     25.191     24.959     8.6253    30.9619  1024.1293    24.0143     8.6229     63.631    99.8494     1.8749      8.076     4.2511     6.0753    185.402    189.854      35889          6  0.000e+00
   56.47044 -134.45460    123.592     25.191     24.959     8.6281    30.9591  1024.1267    24.0117     8.6256     63.689    99.8494     1.8163      8.071     4.2547     6.0805    185.561    190.017      35890          6  0.000e+00
   56.47044 -134.45460    123.528     25.126     24.895     8.6296    30.9569  1024.1245    24.0098     8.6272     63.696    99.8494     1.7870      8.071     4.2552     6.0811    185.580    190.036      35891          6  0.000e+00
   56.47044 -134.45460    123.592     25.191     24.959     8.6304    30.9556  1024.1236    24.0086     8.6279     63.768    99.8494     1.7870      8.071     4.2599     6.0879    185.788    190.249      35892          6  0.000e+00
   56.47044 -134.45460    123.592     25.191     24.959     8.6319    30.9540  1024.1221    24.0071     8.6294     63.784    99.8494     1.7870      8.076     4.2609     6.0893    185.831    190.292      35893          6  0.000e+00
   56.47044 -134.45460    123.623     25.248     25.015     8.6332    30.9520  1024.1206    24.0054     8.6307     63.746    99.8494     1.8163      8.076     4.2583     6.0855    185.716    190.174      35894          6  0.000e+00
   56.47044 -134.45460    123.472     25.070     24.839     8.6335    30.9514  1024.1193    24.0048     8.6310     63.756    99.8494     1.8163      8.076     4.2590     6.0865    185.747    190.206      35895          6  0.000e+00
   56.47044 -134.45460    123.592     25.191     24.959     8.6334    30.9515  1024.1200    24.0050     8.6309     63.770    99.8494     1.8163      8.071     4.2599     6.0878    185.788    190.248      35896          6  0.000e+00
   56.47044 -134.45460    123.503     25.126     24.895     8.6352    30.9501  1024.1183    24.0036     8.6327     63.839    99.8494     1.7870      8.071     4.2644     6.0943    185.984    190.448      35897          6  0.000e+00
   56.47044 -134.45460    123.592     25.191     24.959     8.6358    30.9495  1024.1180    24.0030     8.6333     63.805    99.8494     1.8163      8.076     4.2620     6.0909    185.881    190.342      35898          6  0.000e+00
   56.47042 -134.45460    123.567     25.191     24.959     8.6367    30.9490  1024.1175    24.0025     8.6342     63.870    99.8494     1.8163      8.071     4.2663     6.0970    186.068    190.535      35899          6  0.000e+00
   56.47042 -134.45460    123.528     25.126     24.895     8.6371    30.9482  1024.1165    24.0018     8.6347     63.886    99.8494     1.8163      8.076     4.2673     6.0985    186.112    190.579      35900          6  0.000e+00
   56.47042 -134.45460    123.687     25.312     25.079     8.6404    30.9456  1024.1148    23.9993     8.6379     63.903    99.7376     1.8163      8.076     4.2683     6.0998    186.154    190.621      35901          6  0.000e+00
   56.47042 -134.45460    123.447     25.070     24.839     8.6441    30.9430  1024.1111    23.9967     8.6417     63.918    99.5977     1.8163      8.076     4.2690     6.1008    186.184    190.652      35902          6  0.000e+00
   56.47042 -134.45460    123.528     25.127     24.895     8.6493    30.9388  1024.1074    23.9927     8.6469     63.935    99.5697     1.7870      8.076     4.2697     6.1019    186.218    190.686      35903          6  0.000e+00
   56.47042 -134.45460    123.567     25.191     24.959     8.6580    30.9322  1024.1012    23.9862     8.6555     64.008    99.5697     1.8163      8.071     4.2740     6.1079    186.405    190.876      35904          6  0.000e+00
   56.47042 -134.45460    123.528     25.127     24.895     8.6690    30.9241  1024.0930    23.9783     8.6665     64.030    99.5697     1.8163      8.071     4.2746     6.1089    186.434    190.905      35905          6  0.000e+00
   56.47024 -134.45452    108.969     10.432     10.337     9.5517    28.8341  1022.2596    22.2120     9.5506     77.247    98.2832     1.4647      8.177     5.1251     7.3242    223.912    228.886      37663          7  0.000e+00
   56.47024 -134.45452    108.969     10.432     10.337     9.5510    28.8343  1022.2598    22.2122     9.5500     77.247    98.2832     1.4647      8.177     5.1252     7.3244    223.917    228.890      37664          7  0.000e+00
   56.47024 -134.45452    108.937     10.400     10.305     9.5510    28.8339  1022.2594    22.2119     9.5500     77.302    98.2832     1.4647      8.182     5.1289     7.3296    224.077    229.055      37665          7  0.000e+00
   56.47024 -134.45452    109.025     10.489     10.393     9.5509    28.8339  1022.2598    22.2120     9.5498     77.259    98.2832     1.4647      8.177     5.1260     7.3256    223.953    228.927      37666          7  0.000e+00
   56.47024 -134.45452    108.905     10.368     10.273     9.5509    28.8340  1022.2593    22.2120     9.5498     77.264    98.2832     1.4647      8.182     5.1263     7.3260    223.967    228.941      37667          7  0.000e+00
   56.47024 -134.45452    108.969     10.432     10.337     9.5510    28.8336  1022.2593    22.2117     9.5500     77.271    98.2832     1.4647      8.177     5.1268     7.3267    223.986    228.962      37668          7  0.000e+00
   56.47024 -134.45452    109.169     10.634     10.537     9.5510    28.8333  1022.2599    22.2114     9.5499     77.335    98.2832     1.4647      8.177     5.1310     7.3327    224.172    229.151      37669          7  0.000e+00
   56.47024 -134.45452    108.849     10.311     10.217     9.5509    28.8334  1022.2586    22.2115     9.5498     77.338    98.2832     1.4647      8.177     5.1312     7.3330    224.181    229.161      37670          7  0.000e+00
   56.47024 -134.45452    109.025     10.489     10.393     9.5507    28.8332  1022.2593    22.2115     9.5496     77.345    98.2832     1.4647      8.177     5.1318     7.3338    224.205    229.185      37671          7  0.000e+00
   56.47024 -134.45452    108.993     10.456     10.361     9.5502    28.8336  1022.2595    22.2118     9.5491     77.357    98.2832     1.4647      8.182     5.1326     7.3349    224.240    229.220      37672          7  0.000e+00
   56.47024 -134.45452    109.001     10.489     10.393     9.5501    28.8332  1022.2594    22.2115     9.5490     77.369    98.2832     1.4354      8.182     5.1334     7.3361    224.275    229.257      37673          7  0.000e+00
   56.47024 -134.45452    109.001     10.489     10.393     9.5499    28.8331  1022.2593    22.2114     9.5488     77.380    98.2832     1.4354      8.177     5.1342     7.3373    224.310    229.292      37674          7  0.000e+00
   56.47024 -134.45452    109.025     10.513     10.417     9.5496    28.8332  1022.2595    22.2116     9.5485     77.392    98.2832     1.4354      8.182     5.1350     7.3384    224.345    229.328      37675          7  0.000e+00
   56.47024 -134.45452    109.121     10.610     10.513     9.5492    28.8332  1022.2600    22.2117     9.5482     77.460    98.2832     1.4354      8.177     5.1395     7.3449    224.544    229.531      37676          7  0.000e+00
   56.47024 -134.45452    108.881     10.368     10.273     9.5492    28.8330  1022.2588    22.2115     9.5482     77.468    98.2832     1.4354      8.182     5.1401     7.3457    224.569    229.558      37677          7  0.000e+00
   56.47024 -134.45452    109.001     10.489     10.393     9.5479    28.8339  1022.2603    22.2124     9.5469     77.475    98.2832     1.4354      8.182     5.1406     7.3465    224.592    229.581      37678          7  0.000e+00
   56.47024 -134.45452    109.025     10.513     10.417     9.5473    28.8349  1022.2612    22.2133     9.5462     77.485    98.2832     1.4354      8.177     5.1414     7.3475    224.624    229.614      37679          7  0.000e+00
   56.47024 -134.45452    109.001     10.489     10.393     9.5473    28.8351  1022.2613    22.2134     9.5462     77.494    98.3671     1.4354      8.182     5.1420     7.3484    224.650    229.641      37680          7  0.000e+00
   56.47024 -134.45452    109.057     10.545     10.449     9.5470    28.8353  1022.2618    22.2137     9.5459     77.504    98.3950     1.4354      8.177     5.1426     7.3493    224.679    229.670      37681          7  0.000e+00
   56.47024 -134.45452    108.969     10.457     10.361     9.5449    28.8371  1022.2631    22.2154     9.5439     77.567    98.3950     1.4354      8.177     5.1470     7.3556    224.870    229.866      37682          7  0.000e+00
   56.47024 -134.45452    109.121     10.610     10.513     9.5443    28.8381  1022.2646    22.2162     9.5432     77.588    98.3950     1.4354      8.182     5.1484     7.3576    224.932    229.929      37683          7  0.000e+00
   56.47024 -134.45452    109.001     10.489     10.393     9.5437    28.8390  1022.2648    22.2170     9.5426     77.600    98.3950     1.4354      8.177     5.1493     7.3588    224.967    229.966      37684          7  0.000e+00
   56.47024 -134.45452    108.913     10.400     10.305     9.5430    28.8399  1022.2653    22.2178     9.5419     77.611    98.3950     1.4354      8.177     5.1501     7.3600    225.003    230.002      37685          7  0.000e+00
   56.47024 -134.45452    109.001     10.489     10.393     9.5421    28.8406  1022.2664    22.2185     9.5411     77.679    98.3950     1.4354      8.177     5.1546     7.3665    225.203    230.206      37686          7  0.000e+00
   56.47024 -134.45452    109.001     10.489     10.393     9.5416    28.8406  1022.2664    22.2186     9.5405     77.695    98.3950     1.4354      8.177     5.1558     7.3681    225.253    230.257      37687          7  0.000e+00
   56.47024 -134.45452    108.945     10.432     10.337     9.5417    28.8409  1022.2664    22.2188     9.5406     77.710    98.3950     1.4354      8.182     5.1567     7.3695    225.294    230.300      37688          7  0.000e+00
   56.47024 -134.45452    109.025     10.513     10.417     9.5421    28.8399  1022.2659    22.2180     9.5411     77.725    98.3950     1.4354      8.177     5.1577     7.3709    225.337    230.344      37689          7  0.000e+00
   56.47024 -134.45452    108.945     10.432     10.337     9.5435    28.8391  1022.2647    22.2171     9.5424     77.798    98.3950     1.4354      8.182     5.1625     7.3777    225.545    230.556      37690          7  0.000e+00
   56.47024 -134.45452    109.057     10.546     10.449     9.5445    28.8384  1022.2645    22.2164     9.5434     77.817    98.4230     1.4354      8.177     5.1636     7.3793    225.596    230.608      37691          7  0.000e+00
   56.47024 -134.45452    108.873     10.336     10.241     9.5453    28.8381  1022.2632    22.2160     9.5442     77.832    98.3950     1.4354      8.177     5.1645     7.3806    225.635    230.648      37692          7  0.000e+00
   56.47024 -134.45452    108.969     10.432     10.337     9.5468    28.8369  1022.2625    22.2149     9.5457     77.843    98.3950     1.4061      8.177     5.1651     7.3814    225.660    230.673      37693          7  0.000e+00
   56.47024 -134.45452    108.905     10.368     10.273     9.5481    28.8357  1022.2611    22.2138     9.5470     77.856    98.3950     1.3475      8.182     5.1659     7.3826    225.695    230.708      37694          7  0.000e+00
   56.47024 -134.45452    108.937     10.400     10.305     9.5507    28.8338  1022.2593    22.2119     9.5496     77.925    98.3950     1.3475      8.182     5.1702     7.3887    225.884    230.901      37695          7  0.000e+00
   56.47024 -134.45452    108.969     10.433     10.337     9.5529    28.8320  1022.2578    22.2102     9.5518     77.942    98.3950     1.3475      8.177     5.1711     7.3901    225.926    230.944      37696          7  0.000e+00
   56.47024 -134.45452    108.905     10.368     10.273     9.5549    28.8306  1022.2560    22.2088     9.5539     77.957    98.3950     1.3475      8.182     5.1720     7.3912    225.961    230.979      37697          7  0.000e+00
   56.47024 -134.45452    109.025     10.489     10.393     9.5578    28.8281  1022.2542    22.2064     9.5567     77.967    98.3950     1.3475      8.182     5.1723     7.3918    225.979    230.997      37698          7  0.000e+00
   56.47024 -134.45452    108.753     10.214     10.121     9.5600    28.8264  1022.2512    22.2047     9.5590     77.971    98.3950     1.3475      8.177     5.1724     7.3919    225.982    231.000      37699          7  0.000e+00
   56.47024 -134.45452    108.849     10.311     10.217     9.5616    28.8252  1022.2506    22.2036     9.5606     78.032    98.4230     1.3475      8.182     5.1764     7.3975    226.155    231.176      37700          7  0.000e+00
   56.47024 -134.45452    108.849     10.311     10.217     9.5634    28.8237  1022.2491    22.2021     9.5623     78.041    98.4510     1.3475      8.177     5.1768     7.3982    226.174    231.196      37701          7  0.000e+00
   56.47024 -134.45452    108.873     10.336     10.241     9.5647    28.8226  1022.2481    22.2010     9.5636     78.104    98.4510     1.3475      8.177     5.1809     7.4040    226.352    231.377      37702          7  0.000e+00
   56.47024 -134.45452    108.793     10.255     10.161     9.5655    28.8220  1022.2472    22.2004     9.5645     78.114    98.4510     1.3475      8.177     5.1814     7.4048    226.377    231.403      37703          7  0.000e+00
   56.47024 -134.45452    108.849     10.311     10.217     9.5667    28.8210  1022.2465    22.1995     9.5656     78.178    98.4510     1.3475      8.182     5.1856     7.4108    226.560    231.589      37704          7  0.000e+00
   56.47024 -134.45452    108.873     10.336     10.241     9.5675    28.8201  1022.2458    22.1986     9.5664     78.196    98.4510     1.3475      8.182     5.1867     7.4124    226.609    231.640      37705          7  0.000e+00
   56.47024 -134.45452    108.793     10.255     10.161     9.5681    28.8202  1022.2454    22.1987     9.5671     78.156    98.4510     1.3475      8.182     5.1840     7.4084    226.488    231.516      37706          7  0.000e+00
   56.47024 -134.45452    108.673     10.134     10.041     9.5685    28.8199  1022.2445    22.1983     9.5674     78.218    98.4510     1.3475      8.182     5.1881     7.4143    226.668    231.699      37707          7  0.000e+00
   56.47024 -134.45452    108.729     10.190     10.097     9.5687    28.8201  1022.2449    22.1985     9.5676     78.280    98.4510     1.3475      8.177     5.1922     7.4201    226.846    231.881      37708          7  0.000e+00
   56.47024 -134.45452    108.753     10.215     10.121     9.5686    28.8199  1022.2449    22.1983     9.5675     78.289    98.4510     1.3475      8.177     5.1928     7.4210    226.873    231.909      37709          7  0.000e+00
   56.47024 -134.45452    108.729     10.190     10.097     9.5685    28.8201  1022.2450    22.1985     9.5674     78.295    98.4510     1.3475      8.177     5.1932     7.4216    226.892    231.928      37710          7  0.000e+00
   56.47024 -134.45452    108.729     10.190     10.097     9.5685    28.8202  1022.2451    22.1986     9.5674     78.360    98.4510     1.3475      8.182     5.1975     7.4278    227.080    232.121      37711          7  0.000e+00
   56.47012 -134.45446    101.756      3.202      3.173    11.1115    27.8761  1021.2308    21.2163    11.1112     86.408    89.5009     2.6368      8.241     5.5743     7.9663    243.777    248.949      39320          8  0.000e+00
