EcoFOCI/data/1_SampleCollection/2022_GOA-OA_CruiseData/CTD_raw_BottleFile_RC0083/RC0083_006.ros
* Sea-Bird SBE 9 Data File:
* FileName = C:\Data\RC0083ctd\RC0083_006.hex
* Software Version Seasave V 7.26.7.107
* Temperature SN = 2060
* Conductivity SN = 1084
* Number of Bytes Per Scan = 31
* Number of Voltage Words = 4
* Number of Scans Averaged by the Deck Unit = 1
* NMEA Latitude = 54 38.07 N
* NMEA Longitude = 133 46.59 W
* NMEA UTC (Time) = Aug 12 2022  11:05:10
* NMEA baud rate = 4800
** Ship: R/V Rachel Carson
** Cruise ID: RC0083 RC0083
** Tech: McHugh/Nomura
** Chief Scientist: Cross Cross
** Station: DE6
** Cast:  006
# nquan = 21
# nvalues = 441                                   
# units = specified
# name 0 = latitude: Latitude [deg]
# name 1 = longitude: Longitude [deg]
# name 2 = sfdSM: Seafloor depth [salt water, m]
# name 3 = prDM: Pressure, Digiquartz [db]
# name 4 = depSM: Depth [salt water, m]
# name 5 = t090C: Temperature [ITS-90, deg C]
# name 6 = sal00: Salinity, Practical [PSU]
# name 7 = density00: Density [density, kg/m^3]
# name 8 = sigma-é00: Density [sigma-theta, kg/m^3]
# name 9 = potemp090C: Potential Temperature [ITS-90, deg C]
# name 10 = sbeox0PS: Oxygen, SBE 43 [% saturation]
# name 11 = CStarTr0: Beam Transmission, WET Labs C-Star [%]
# name 12 = flECO-AFL: Fluorescence, WET Labs ECO-AFL/FL [mg/m^3]
# name 13 = ph: pH
# name 14 = sbeox0ML/L: Oxygen, SBE 43 [ml/l]
# name 15 = sbeox0Mg/L: Oxygen, SBE 43 [mg/l]
# name 16 = sbox0Mm/Kg: Oxygen, SBE 43 [umol/kg]
# name 17 = sbeox0Mm/L: Oxygen, SBE 43 [umol/l]
# name 18 = scan: Scan Count
# name 19 = nbf: Bottles Fired
# name 20 = flag:  0.000e+00
# interval = seconds: 0.0416667
# start_time = Aug 12 2022 11:05:10 [NMEA time, header]
# bad_flag = -9.990e-29
*END*
[from data line 345]
   54.63294 -133.77962    109.070     10.532     10.437    13.7980    31.2453  1023.3754    23.3285    13.7965    104.195    90.6476     3.1350      8.314     6.2195     8.8883    271.431    277.763      31478          8  0.000e+00
   54.63294 -133.77962    109.070     10.532     10.437    13.7982    31.2453  1023.3754    23.3285    13.7967    104.187    90.6476     3.1350      8.314     6.2190     8.8875    271.407    277.739      31479          8  0.000e+00
   54.63294 -133.77962    109.094     10.556     10.461    13.7980    31.2453  1023.3756    23.3286    13.7965    104.178    90.6476     3.1350      8.309     6.2185     8.8868    271.385    277.716      31480          8  0.000e+00
   54.63294 -133.77962    109.070     10.532     10.437    13.7979    31.2455  1023.3756    23.3287    13.7964    104.168    90.6756     3.1350      8.309     6.2179     8.8860    271.361    277.691      31481          8  0.000e+00
   54.63294 -133.77962    109.126     10.589     10.493    13.7982    31.2455  1023.3758    23.3287    13.7967    104.159    90.6476     3.1350      8.309     6.2173     8.8852    271.336    277.666      31482          8  0.000e+00
   54.63294 -133.77962    109.094     10.556     10.461    13.7979    31.2459  1023.3760    23.3290    13.7964    104.149    90.6476     3.1350      8.309     6.2168     8.8844    271.311    277.640      31483          8  0.000e+00
   54.63294 -133.77962    109.126     10.589     10.493    13.7980    31.2456  1023.3759    23.3287    13.7965    104.087    90.6476     3.1350      8.309     6.2130     8.8790    271.148    277.473      31484          8  0.000e+00
   54.63294 -133.77962    109.126     10.589     10.493    13.7980    31.2455  1023.3758    23.3287    13.7965    104.072    90.6476     3.1350      8.309     6.2121     8.8777    271.108    277.433      31485          8  0.000e+00
   54.63294 -133.77962    109.126     10.589     10.493    13.7980    31.2453  1023.3757    23.3285    13.7965    104.056    90.6476     3.1350      8.309     6.2112     8.8764    271.069    277.393      31486          8  0.000e+00
   54.63294 -133.77962    109.158     10.621     10.525    13.7980    31.2454  1023.3759    23.3286    13.7965    103.994    90.6476     3.1350      8.314     6.2075     8.8711    270.907    277.227      31487          8  0.000e+00
   54.63294 -133.77962    109.126     10.589     10.493    13.7980    31.2457  1023.3760    23.3288    13.7965    103.974    90.6476     3.1643      8.314     6.2063     8.8694    270.853    277.171      31488          8  0.000e+00
   54.63294 -133.77962    109.126     10.589     10.493    13.7982    31.2456  1023.3759    23.3287    13.7967    103.959    90.6476     3.1936      8.309     6.2054     8.8681    270.814    277.132      31489          8  0.000e+00
   54.63294 -133.77962    109.094     10.556     10.461    13.7982    31.2454  1023.3756    23.3286    13.7967    103.939    90.6476     3.2229      8.309     6.2042     8.8664    270.763    277.080      31490          8  0.000e+00
   54.63294 -133.77962    109.190     10.653     10.557    13.7980    31.2455  1023.3761    23.3287    13.7965    103.922    90.6476     3.2229      8.309     6.2032     8.8649    270.718    277.033      31491          8  0.000e+00
   54.63294 -133.77962    109.126     10.589     10.493    13.7970    31.2459  1023.3764    23.3292    13.7955    103.907    90.6476     3.1936      8.309     6.2024     8.8639    270.685    277.000      31492          8  0.000e+00
   54.63294 -133.77962    109.158     10.621     10.525    13.7968    31.2457  1023.3764    23.3291    13.7954    103.895    90.6476     3.1936      8.314     6.2017     8.8628    270.654    276.968      31493          8  0.000e+00
   54.63294 -133.77962    109.190     10.653     10.557    13.7966    31.2460  1023.3768    23.3293    13.7952    103.883    90.6476     3.1936      8.314     6.2010     8.8618    270.623    276.936      31494          8  0.000e+00
   54.63294 -133.77962    109.190     10.653     10.557    13.7966    31.2458  1023.3767    23.3292    13.7952    103.871    90.6476     3.1936      8.314     6.2003     8.8608    270.591    276.904      31495          8  0.000e+00
   54.63294 -133.77962    109.158     10.621     10.525    13.7965    31.2461  1023.3767    23.3294    13.7950    103.805    90.6476     3.1936      8.314     6.1964     8.8553    270.422    276.731      31496          8  0.000e+00
   54.63294 -133.77962    109.190     10.653     10.557    13.7963    31.2463  1023.3771    23.3296    13.7948    103.843    90.6476     3.1936      8.314     6.1986     8.8584    270.519    276.830      31497          8  0.000e+00
   54.63294 -133.77962    109.190     10.653     10.557    13.7961    31.2463  1023.3771    23.3296    13.7947    103.837    90.6476     3.1936      8.309     6.1983     8.8581    270.507    276.818      31498          8  0.000e+00
   54.63294 -133.77962    109.126     10.589     10.493    13.7963    31.2461  1023.3766    23.3295    13.7949    103.827    90.6476     3.2229      8.314     6.1977     8.8571    270.478    276.789      31499          8  0.000e+00
   54.63294 -133.77962    109.214     10.678     10.581    13.7963    31.2460  1023.3770    23.3294    13.7948    103.771    90.6476     3.1936      8.314     6.1944     8.8523    270.333    276.640      31500          8  0.000e+00
   54.63294 -133.77962    109.190     10.653     10.557    13.7963    31.2456  1023.3766    23.3291    13.7948    103.815    90.6476     3.2229      8.309     6.1970     8.8562    270.449    276.759      31501          8  0.000e+00
   54.63294 -133.77962    109.190     10.653     10.557    13.7963    31.2457  1023.3766    23.3292    13.7948    103.760    90.6476     3.2229      8.314     6.1937     8.8514    270.305    276.611      31502          8  0.000e+00
   54.63294 -133.77962    109.214     10.678     10.581    13.7960    31.2462  1023.3772    23.3296    13.7945    103.753    90.6476     3.2229      8.309     6.1933     8.8509    270.288    276.594      31503          8  0.000e+00
   54.63294 -133.77962    109.246     10.710     10.613    13.7960    31.2463  1023.3774    23.3297    13.7945    103.801    90.6476     3.2229      8.309     6.1962     8.8549    270.412    276.721      31504          8  0.000e+00
   54.63294 -133.77962    109.190     10.653     10.557    13.7960    31.2461  1023.3770    23.3295    13.7945    103.800    90.6756     3.1936      8.314     6.1961     8.8549    270.411    276.719      31505          8  0.000e+00
   54.63294 -133.77962    109.214     10.678     10.581    13.7961    31.2459  1023.3769    23.3294    13.7947    103.801    90.7315     3.1936      8.309     6.1962     8.8550    270.413    276.721      31506          8  0.000e+00
   54.63294 -133.77962    109.246     10.710     10.613    13.7960    31.2462  1023.3773    23.3296    13.7945    103.803    90.7315     3.1936      8.314     6.1963     8.8551    270.417    276.726      31507          8  0.000e+00
   54.63294 -133.77962    109.190     10.653     10.557    13.7958    31.2463  1023.3772    23.3297    13.7943    103.804    90.7315     3.1643      8.314     6.1964     8.8553    270.422    276.730      31508          8  0.000e+00
   54.63294 -133.77962    109.270     10.734     10.637    13.7958    31.2464  1023.3776    23.3298    13.7943    103.808    90.7315     3.0764      8.309     6.1966     8.8556    270.431    276.740      31509          8  0.000e+00
   54.63294 -133.77962    109.246     10.710     10.613    13.7961    31.2462  1023.3773    23.3296    13.7946    103.811    90.7315     3.0471      8.314     6.1967     8.8558    270.437    276.747      31510          8  0.000e+00
   54.63294 -133.77962    109.246     10.710     10.613    13.7961    31.2462  1023.3773    23.3296    13.7946    103.815    90.7315     3.0471      8.314     6.1970     8.8561    270.448    276.757      31511          8  0.000e+00
   54.63294 -133.77962    109.246     10.710     10.613    13.7958    31.2460  1023.3772    23.3295    13.7943    103.819    90.7315     3.0471      8.314     6.1973     8.8566    270.462    276.772      31512          8  0.000e+00
   54.63294 -133.77962    109.214     10.678     10.581    13.7961    31.2462  1023.3772    23.3296    13.7947    103.824    90.7315     3.0471      8.309     6.1975     8.8569    270.472    276.782      31513          8  0.000e+00
   54.63294 -133.77962    109.310     10.775     10.678    13.7958    31.2467  1023.3780    23.3300    13.7943    103.831    90.7315     3.0471      8.309     6.1980     8.8576    270.492    276.803      31514          8  0.000e+00
   54.63294 -133.77962    109.246     10.710     10.614    13.7960    31.2459  1023.3771    23.3294    13.7945    103.837    90.7315     3.0471      8.314     6.1983     8.8581    270.508    276.818      31515          8  0.000e+00
   54.63294 -133.77962    109.270     10.734     10.638    13.7961    31.2462  1023.3774    23.3296    13.7946    103.845    90.7315     3.0471      8.314     6.1988     8.8587    270.526    276.837      31516          8  0.000e+00
   54.63294 -133.77962    109.246     10.710     10.614    13.7958    31.2465  1023.3776    23.3299    13.7943    103.852    90.7315     3.0471      8.314     6.1993     8.8594    270.547    276.859      31517          8  0.000e+00
   54.63294 -133.77962    109.310     10.775     10.678    13.7961    31.2461  1023.3775    23.3296    13.7946    103.862    90.7315     3.0471      8.314     6.1998     8.8601    270.571    276.883      31518          8  0.000e+00
   54.63294 -133.77962    109.270     10.734     10.638    13.7960    31.2465  1023.3776    23.3298    13.7945    103.870    90.7315     3.0471      8.314     6.2003     8.8609    270.593    276.906      31519          8  0.000e+00
   54.63294 -133.77962    109.310     10.775     10.678    13.7963    31.2460  1023.3774    23.3295    13.7948    103.881    90.7315     3.0471      8.314     6.2009     8.8617    270.620    276.933      31520          8  0.000e+00
   54.63294 -133.77962    109.310     10.775     10.678    13.7961    31.2463  1023.3777    23.3297    13.7946    103.891    90.7315     3.0471      8.314     6.2016     8.8627    270.648    276.962      31521          8  0.000e+00
   54.63294 -133.77962    109.270     10.734     10.638    13.7964    31.2461  1023.3773    23.3295    13.7950    103.902    90.7315     3.0471      8.314     6.2022     8.8635    270.674    276.989      31522          8  0.000e+00
   54.63294 -133.77962    109.310     10.775     10.678    13.7963    31.2462  1023.3776    23.3296    13.7948    103.915    90.7315     3.0471      8.314     6.2029     8.8646    270.707    277.023      31523          8  0.000e+00
   54.63294 -133.77962    109.310     10.775     10.678    13.7958    31.2465  1023.3779    23.3299    13.7943    103.927    90.7315     3.0471      8.314     6.2037     8.8658    270.742    277.059      31524          8  0.000e+00
   54.63290 -133.77968      4.528      2.401      2.379    13.8081    31.2410  1023.3336    23.3230    13.8077    104.272    90.5358     2.8713      8.314     6.2230     8.8932    271.583    277.917      33113          9  0.000e+00
   54.63290 -133.77968      5.972      2.675      2.651    13.8081    31.2411  1023.3350    23.3231    13.8078    104.272    90.5358     2.8713      8.314     6.2230     8.8932    271.584    277.918      33114          9  0.000e+00
   54.63290 -133.77968      5.805      2.457      2.435    13.8082    31.2413  1023.3341    23.3231    13.8079    104.266    90.5358     2.8713      8.314     6.2226     8.8927    271.567    277.900      33115          9  0.000e+00
   54.63290 -133.77968      5.723      2.498      2.475    13.8084    31.2410  1023.3340    23.3229    13.8080    104.263    90.5358     2.8713      8.314     6.2224     8.8924    271.559    277.892      33116          9  0.000e+00
   54.63290 -133.77968      5.634      2.457      2.435    13.8084    31.2409  1023.3338    23.3228    13.8080    104.206    90.5358     2.8713      8.314     6.2190     8.8875    271.410    277.740      33117          9  0.000e+00
   54.63290 -133.77968      5.738      2.562      2.539    13.8084    31.2409  1023.3342    23.3228    13.8080    104.198    90.5358     2.8713      8.314     6.2185     8.8869    271.390    277.719      33118          9  0.000e+00
   54.63290 -133.77968      5.716      2.441      2.419    13.8083    31.2414  1023.3341    23.3232    13.8080    104.188    90.5358     2.8713      8.314     6.2179     8.8860    271.362    277.691      33119          9  0.000e+00
   54.63290 -133.77968      6.016      2.522      2.499    13.8082    31.2409  1023.3341    23.3229    13.8079    104.233    90.5358     2.8713      8.319     6.2206     8.8899    271.480    277.812      33120          9  0.000e+00
   54.63290 -133.77968      6.065      2.498      2.475    13.8082    31.2411  1023.3341    23.3230    13.8079    104.228    90.5358     2.8713      8.314     6.2203     8.8895    271.469    277.800      33121          9  0.000e+00
   54.63290 -133.77968      6.089      2.522      2.499    13.8081    31.2412  1023.3344    23.3231    13.8077    104.225    90.5358     2.8713      8.314     6.2201     8.8892    271.460    277.791      33122          9  0.000e+00
   54.63290 -133.77968      6.129      2.562      2.539    13.8082    31.2410  1023.3343    23.3229    13.8079    104.221    90.5078     2.8713      8.314     6.2199     8.8888    271.449    277.780      33123          9  0.000e+00
   54.63290 -133.77968      6.072      2.578      2.555    13.8081    31.2409  1023.3343    23.3229    13.8078    104.169    90.5078     2.8713      8.314     6.2168     8.8844    271.315    277.642      33124          9  0.000e+00
   54.63290 -133.77968      6.007      2.562      2.539    13.8081    31.2411  1023.3344    23.3230    13.8077    104.217    90.5078     2.8713      8.319     6.2197     8.8886    271.441    277.772      33125          9  0.000e+00
   54.63290 -133.77968      5.998      2.578      2.555    13.8081    31.2411  1023.3345    23.3230    13.8077    104.160    90.5078     2.8713      8.314     6.2163     8.8837    271.292    277.620      33126          9  0.000e+00
   54.63290 -133.77968      6.063      2.619      2.595    13.8082    31.2409  1023.3345    23.3229    13.8079    104.204    90.5078     2.8713      8.319     6.2189     8.8874    271.406    277.736      33127          9  0.000e+00
   54.63290 -133.77968      6.079      2.635      2.611    13.8080    31.2411  1023.3348    23.3231    13.8076    104.152    90.5078     2.8713      8.314     6.2158     8.8830    271.272    277.598      33128          9  0.000e+00
   54.63290 -133.77968      6.046      2.675      2.651    13.8084    31.2414  1023.3351    23.3232    13.8080    104.202    90.5078     2.8713      8.314     6.2187     8.8871    271.397    277.727      33129          9  0.000e+00
   54.63290 -133.77968      5.957      2.635      2.611    13.8082    31.2415  1023.3351    23.3233    13.8079    104.202    90.5078     2.9592      8.314     6.2187     8.8872    271.399    277.729      33130          9  0.000e+00
   54.63290 -133.77968      6.061      2.740      2.715    13.8082    31.2412  1023.3353    23.3231    13.8079    104.205    90.5078     3.0764      8.314     6.2189     8.8874    271.406    277.736      33131          9  0.000e+00
   54.63290 -133.77968      6.021      2.700      2.675    13.8084    31.2413  1023.3351    23.3231    13.8080    104.152    90.5078     3.1350      8.314     6.2158     8.8829    271.269    277.596      33132          9  0.000e+00
   54.63290 -133.77968      6.117      2.796      2.771    13.8085    31.2410  1023.3353    23.3229    13.8081    104.202    90.5078     3.1350      8.314     6.2188     8.8872    271.400    277.730      33133          9  0.000e+00
