EcoFOCI/data/1_SampleCollection/2022_GOA-OA_CruiseData/CTD_raw_BottleFile_RC0083/RC0083_036.ros
* Sea-Bird SBE 9 Data File:
* FileName = C:\Data\RC0083ctd\RC0083_036.hex
* Software Version Seasave V 7.26.7.107
* Temperature SN = 2060
* Conductivity SN = 1084
* Number of Bytes Per Scan = 31
* Number of Voltage Words = 4
* Number of Scans Averaged by the Deck Unit = 1
* NMEA Latitude = 58 06.17 N
* NMEA Longitude = 135 00.91 W
* NMEA UTC (Time) = Aug 18 2022  08:22:02
* NMEA baud rate = 4800
** Ship: R/V Rachel Carson
** Cruise ID: RC0083
** Tech: McHugh/Nomura
** Chief Scientist: Cross
** Station: UCB
** Cast:  CTD036
# nquan = 21
# nvalues = 196                                   
# units = specified
# name 0 = latitude: Latitude [deg]
# name 1 = longitude: Longitude [deg]
# name 2 = sfdSM: Seafloor depth [salt water, m]
# name 3 = prDM: Pressure, Digiquartz [db]
# name 4 = depSM: Depth [salt water, m]
# name 5 = t090C: Temperature [ITS-90, deg C]
# name 6 = sal00: Salinity, Practical [PSU]
# name 7 = density00: Density [density, kg/m^3]
# name 8 = sigma-é00: Density [sigma-theta, kg/m^3]
# name 9 = potemp090C: Potential Temperature [ITS-90, deg C]
# name 10 = sbeox0PS: Oxygen, SBE 43 [% saturation]
# name 11 = CStarTr0: Beam Transmission, WET Labs C-Star [%]
# name 12 = flECO-AFL: Fluorescence, WET Labs ECO-AFL/FL [mg/m^3]
# name 13 = ph: pH
# name 14 = sbeox0ML/L: Oxygen, SBE 43 [ml/l]
# name 15 = sbeox0Mg/L: Oxygen, SBE 43 [mg/l]
# name 16 = sbox0Mm/Kg: Oxygen, SBE 43 [umol/kg]
# name 17 = sbeox0Mm/L: Oxygen, SBE 43 [umol/l]
# name 18 = scan: Scan Count
# name 19 = nbf: Bottles Fired
# name 20 = flag:  0.000e+00
# interval = seconds: 0.0416667
# start_time = Aug 18 2022 08:22:02 [NMEA time, header]
# bad_flag = -9.990e-29
*END*
   58.10184 -135.01516    297.187    289.252    286.369     5.2817    33.7010  1027.9496    26.6157     5.2589     22.237    98.5908    -0.0884      7.640     1.5760     2.2523     68.559     70.384      10232          1  0.000e+00
   58.10184 -135.01516    297.251    289.317    286.433     5.2817    33.7009  1027.9498    26.6156     5.2589     22.232    98.5908    -0.0884      7.640     1.5757     2.2518     68.547     70.371      10233          1  0.000e+00
   58.10184 -135.01516    297.163    289.203    286.320     5.2817    33.7014  1027.9497    26.6160     5.2589     22.228    98.5908    -0.0884      7.640     1.5754     2.2514     68.533     70.357      10234          1  0.000e+00
   58.10184 -135.01516    297.275    289.317    286.433     5.2816    33.7010  1027.9499    26.6157     5.2587     22.225    98.5908    -0.0884      7.640     1.5752     2.2511     68.523     70.347      10235          1  0.000e+00
   58.10184 -135.01516    297.211    289.252    286.369     5.2817    33.7007  1027.9494    26.6154     5.2589     22.221    98.5908    -0.0884      7.640     1.5749     2.2507     68.512     70.336      10236          1  0.000e+00
   58.10184 -135.01516    297.227    289.268    286.385     5.2820    33.7008  1027.9495    26.6155     5.2592     22.218    98.5908    -0.0884      7.640     1.5747     2.2504     68.503     70.326      10237          1  0.000e+00
   58.10184 -135.01516    297.275    289.317    286.433     5.2817    33.7015  1027.9503    26.6160     5.2589     22.216    98.5908    -0.0884      7.640     1.5745     2.2502     68.496     70.319      10238          1  0.000e+00
   58.10184 -135.01516    297.236    289.252    286.369     5.2817    33.7009  1027.9495    26.6156     5.2589     22.214    98.5908    -0.0884      7.640     1.5744     2.2499     68.489     70.312      10239          1  0.000e+00
   58.10184 -135.01516    297.236    289.252    286.369     5.2817    33.7008  1027.9495    26.6155     5.2589     22.212    98.5908    -0.0884      7.640     1.5742     2.2498     68.483     70.306      10240          1  0.000e+00
   58.10184 -135.01516    297.252    289.268    286.385     5.2817    33.7009  1027.9496    26.6156     5.2589     22.211    98.5908    -0.0884      7.640     1.5741     2.2496     68.479     70.301      10241          1  0.000e+00
   58.10184 -135.01516    297.236    289.252    286.369     5.2820    33.7009  1027.9495    26.6156     5.2592     22.209    98.5908    -0.0884      7.640     1.5741     2.2495     68.475     70.297      10242          1  0.000e+00
   58.10184 -135.01516    297.236    289.252    286.369     5.2820    33.7003  1027.9490    26.6151     5.2592     22.268    98.5908    -0.0884      7.640     1.5782     2.2554     68.655     70.482      10243          1  0.000e+00
   58.10184 -135.01516    297.252    289.268    286.385     5.2820    33.7007  1027.9495    26.6154     5.2592     22.276    98.5908    -0.0884      7.640     1.5788     2.2562     68.679     70.507      10244          1  0.000e+00
   58.10184 -135.01516    297.236    289.252    286.369     5.2820    33.7012  1027.9497    26.6158     5.2592     22.225    98.4230    -0.0884      7.640     1.5751     2.2510     68.522     70.346      10245          1  0.000e+00
   58.10184 -135.01516    297.236    289.252    286.369     5.2820    33.7008  1027.9494    26.6154     5.2592     22.224    98.3111    -0.0884      7.640     1.5751     2.2510     68.521     70.345      10246          1  0.000e+00
   58.10184 -135.01516    297.115    289.130    286.248     5.2820    33.7007  1027.9488    26.6154     5.2592     22.215    98.2832    -0.0884      7.640     1.5744     2.2500     68.492     70.315      10247          1  0.000e+00
   58.10184 -135.01516    297.364    289.382    286.497     5.2822    33.7005  1027.9497    26.6152     5.2593     22.275    98.2832    -0.0884      7.640     1.5787     2.2561     68.676     70.504      10248          1  0.000e+00
   58.10184 -135.01516    297.236    289.252    286.369     5.2820    33.7007  1027.9493    26.6154     5.2592     22.224    98.2832    -0.0884      7.640     1.5751     2.2510     68.520     70.344      10249          1  0.000e+00
   58.10184 -135.01516    297.236    289.252    286.369     5.2820    33.7007  1027.9493    26.6154     5.2592     22.224    98.2832    -0.0884      7.640     1.5751     2.2510     68.521     70.345      10250          1  0.000e+00
   58.10184 -135.01516    297.252    289.268    286.385     5.2819    33.7008  1027.9495    26.6155     5.2590     22.225    98.2832    -0.0884      7.640     1.5752     2.2511     68.524     70.347      10251          1  0.000e+00
   58.10184 -135.01516    297.236    289.252    286.369     5.2819    33.7008  1027.9494    26.6155     5.2590     22.217    98.2832    -0.0884      7.640     1.5746     2.2503     68.499     70.322      10252          1  0.000e+00
   58.10184 -135.01516    297.300    289.317    286.433     5.2817    33.7011  1027.9500    26.6158     5.2589     22.218    98.2832    -0.0884      7.640     1.5747     2.2504     68.503     70.326      10253          1  0.000e+00
   58.10184 -135.01516    297.140    289.130    286.248     5.2819    33.7007  1027.9488    26.6154     5.2590     22.219    98.2832    -0.0884      7.640     1.5748     2.2505     68.506     70.329      10254          1  0.000e+00
   58.10184 -135.01516    297.388    289.382    286.497     5.2819    33.7007  1027.9500    26.6154     5.2590     22.222    98.2832    -0.0884      7.640     1.5749     2.2508     68.513     70.337      10255          1  0.000e+00
   58.10184 -135.01516    297.260    289.252    286.369     5.2820    33.7009  1027.9495    26.6156     5.2592     22.224    98.2832    -0.0884      7.640     1.5751     2.2509     68.519     70.342      10256          1  0.000e+00
   58.10184 -135.01516    297.260    289.252    286.369     5.2817    33.7013  1027.9498    26.6159     5.2589     22.226    98.2832    -0.0884      7.640     1.5753     2.2512     68.527     70.351      10257          1  0.000e+00
   58.10184 -135.01516    297.276    289.268    286.385     5.2819    33.7013  1027.9499    26.6159     5.2590     22.229    98.2832    -0.0884      7.640     1.5755     2.2515     68.536     70.360      10258          1  0.000e+00
   58.10184 -135.01516    297.349    289.317    286.433     5.2820    33.7010  1027.9499    26.6156     5.2592     22.232    98.2832    -0.0884      7.640     1.5757     2.2518     68.546     70.370      10259          1  0.000e+00
   58.10184 -135.01516    297.284    289.252    286.369     5.2819    33.7007  1027.9494    26.6154     5.2590     22.227    98.2832    -0.0884      7.640     1.5753     2.2513     68.529     70.353      10260          1  0.000e+00
   58.10184 -135.01516    297.300    289.268    286.385     5.2819    33.7010  1027.9497    26.6156     5.2590     22.231    98.2832    -0.1177      7.640     1.5756     2.2516     68.540     70.365      10261          1  0.000e+00
   58.10184 -135.01516    297.349    289.317    286.433     5.2816    33.7007  1027.9497    26.6155     5.2587     22.235    98.2832    -0.0884      7.640     1.5759     2.2521     68.554     70.378      10262          1  0.000e+00
   58.10184 -135.01516    297.284    289.252    286.369     5.2816    33.7010  1027.9496    26.6157     5.2587     22.239    98.2832    -0.0884      7.640     1.5762     2.2525     68.567     70.391      10263          1  0.000e+00
   58.10184 -135.01516    297.349    289.317    286.433     5.2814    33.7014  1027.9503    26.6160     5.2586     22.303    98.2832    -0.0884      7.640     1.5807     2.2590     68.764     70.594      10264          1  0.000e+00
   58.10184 -135.01516    297.300    289.268    286.385     5.2814    33.7014  1027.9500    26.6160     5.2585     22.257    98.3111    -0.0884      7.640     1.5775     2.2543     68.623     70.449      10265          1  0.000e+00
   58.10184 -135.01516    297.349    289.317    286.433     5.2811    33.7014  1027.9503    26.6161     5.2582     22.262    98.3391    -0.0884      7.640     1.5778     2.2549     68.640     70.466      10266          1  0.000e+00
   58.10184 -135.01516    297.284    289.252    286.369     5.2812    33.7014  1027.9500    26.6161     5.2584     22.327    98.3391    -0.0884      7.640     1.5824     2.2614     68.837     70.670      10267          1  0.000e+00
   58.10184 -135.01516    297.357    289.325    286.441     5.2812    33.7019  1027.9507    26.6164     5.2584     22.341    98.3391    -0.0884      7.640     1.5834     2.2628     68.882     70.715      10268          1  0.000e+00
   58.10184 -135.01516    297.349    289.317    286.433     5.2814    33.7012  1027.9502    26.6159     5.2585     22.296    98.3391    -0.0884      7.640     1.5802     2.2583     68.743     70.573      10269          1  0.000e+00
   58.10184 -135.01516    297.164    289.130    286.248     5.2812    33.7014  1027.9494    26.6160     5.2584     22.292    98.3391    -0.0884      7.640     1.5800     2.2579     68.732     70.561      10270          1  0.000e+00
   58.10184 -135.01516    297.461    289.431    286.545     5.2814    33.7014  1027.9508    26.6161     5.2585     22.290    98.3391    -0.0884      7.640     1.5798     2.2577     68.724     70.553      10271          1  0.000e+00
   58.10184 -135.01516    297.357    289.325    286.441     5.2814    33.7015  1027.9504    26.6161     5.2586     22.286    98.3391    -0.0884      7.640     1.5795     2.2573     68.713     70.542      10272          1  0.000e+00
   58.10184 -135.01516    297.349    289.317    286.433     5.2812    33.7015  1027.9504    26.6161     5.2584     22.342    98.3391    -0.0884      7.640     1.5835     2.2630     68.885     70.718      10273          1  0.000e+00
   58.10184 -135.01516    297.349    289.317    286.433     5.2814    33.7015  1027.9504    26.6161     5.2585     22.297    98.3671    -0.0884      7.640     1.5803     2.2584     68.747     70.576      10274          1  0.000e+00
   58.10184 -135.01516    297.300    289.268    286.385     5.2814    33.7016  1027.9502    26.6161     5.2586     22.303    98.3671    -0.0884      7.640     1.5807     2.2590     68.764     70.594      10275          1  0.000e+00
   58.10184 -135.01516    297.349    289.317    286.433     5.2812    33.7017  1027.9506    26.6163     5.2584     22.300    98.3391    -0.0884      7.640     1.5805     2.2587     68.756     70.586      10276          1  0.000e+00
   58.10184 -135.01516    297.373    289.317    286.433     5.2811    33.7018  1027.9507    26.6164     5.2582     22.297    98.3671    -0.0884      7.640     1.5803     2.2584     68.747     70.577      10277          1  0.000e+00
   58.10184 -135.01516    297.405    289.325    286.441     5.2812    33.7015  1027.9504    26.6161     5.2584     22.294    98.3391    -0.0884      7.640     1.5801     2.2581     68.738     70.568      10278          1  0.000e+00
   58.10184 -135.01516    297.397    289.317    286.433     5.2809    33.7015  1027.9504    26.6162     5.2581     22.301    98.3671    -0.0884      7.640     1.5806     2.2588     68.758     70.588      10279          1  0.000e+00
   58.10184 -135.01516    297.397    289.317    286.433     5.2811    33.7015  1027.9504    26.6162     5.2582     22.298    98.3391    -0.0884      7.640     1.5804     2.2585     68.749     70.579      10280          1  0.000e+00
   58.10142 -135.01490    174.053     76.141     75.421     5.9701    31.7718  1025.3586    25.0068     5.9640     57.728    99.2900     0.0288      7.836     4.0776     5.8272    177.661    182.103      17766          2  0.000e+00
   58.10142 -135.01490    173.997     76.085     75.365     5.9702    31.7757  1025.3614    25.0099     5.9641     57.729    99.2900     0.0288      7.836     4.0774     5.8271    177.656    182.099      17767          2  0.000e+00
   58.10142 -135.01490    173.933     76.020     75.301     5.9698    31.7761  1025.3615    25.0103     5.9638     57.664    99.2900     0.0288      7.836     4.0729     5.8206    177.458    181.896      17768          2  0.000e+00
   58.10142 -135.01490    174.054     76.141     75.421     5.9702    31.7757  1025.3617    25.0099     5.9641     57.658    99.2900     0.0288      7.836     4.0724     5.8199    177.437    181.875      17769          2  0.000e+00
   58.10142 -135.01490    174.110     76.198     75.477     5.9702    31.7755  1025.3618    25.0098     5.9641     57.651    99.2900     0.0288      7.836     4.0720     5.8193    177.418    181.855      17770          2  0.000e+00
   58.10142 -135.01490    173.933     76.020     75.301     5.9698    31.7762  1025.3616    25.0104     5.9638     57.700    99.2900     0.0288      7.836     4.0754     5.8242    177.568    182.010      17771          2  0.000e+00
   58.10142 -135.01490    174.054     76.141     75.421     5.9701    31.7651  1025.3534    25.0016     5.9640     57.702    99.2900    -0.0005      7.836     4.0759     5.8248    177.589    182.029      17772          2  0.000e+00
   58.10142 -135.01490    173.997     76.085     75.365     5.9698    31.7445  1025.3368    24.9853     5.9638     57.703    99.2900    -0.0005      7.836     4.0765     5.8258    177.620    182.058      17773          2  0.000e+00
   58.10142 -135.01490    174.054     76.141     75.421     5.9702    31.7457  1025.3380    24.9862     5.9641     57.705    99.2900    -0.0005      7.836     4.0766     5.8258    177.622    182.060      17774          2  0.000e+00
   58.10142 -135.01490    173.997     76.085     75.365     5.9701    31.7673  1025.3549    25.0033     5.9640     57.706    99.2900    -0.0005      7.836     4.0761     5.8251    177.597    182.037      17775          2  0.000e+00
   58.10142 -135.01490    174.054     76.141     75.421     5.9701    31.7755  1025.3616    25.0098     5.9640     57.707    99.2900    -0.0005      7.836     4.0760     5.8250    177.591    182.033      17776          2  0.000e+00
   58.10142 -135.01490    173.997     76.085     75.365     5.9702    31.7761  1025.3617    25.0102     5.9641     57.708    99.2900    -0.0005      7.836     4.0760     5.8250    177.593    182.034      17777          2  0.000e+00
   58.10142 -135.01490    173.998     76.085     75.365     5.9702    31.7760  1025.3617    25.0101     5.9641     57.710    99.2900    -0.0005      7.836     4.0761     5.8252    177.597    182.039      17778          2  0.000e+00
   58.10142 -135.01490    174.054     76.141     75.421     5.9702    31.7758  1025.3618    25.0100     5.9641     57.711    99.2900    -0.0005      7.836     4.0762     5.8253    177.602    182.044      17779          2  0.000e+00
   58.10142 -135.01490    173.998     76.085     75.365     5.9705    31.7757  1025.3614    25.0099     5.9644     57.712    99.2900    -0.0005      7.836     4.0763     5.8254    177.604    182.046      17780          2  0.000e+00
   58.10142 -135.01490    174.054     76.141     75.421     5.9702    31.7758  1025.3618    25.0100     5.9641     57.714    98.8705    -0.0005      7.836     4.0764     5.8256    177.610    182.053      17781          2  0.000e+00
   58.10142 -135.01490    173.998     76.085     75.365     5.9702    31.7759  1025.3616    25.0101     5.9641     57.715    97.8636    -0.0005      7.836     4.0765     5.8257    177.613    182.055      17782          2  0.000e+00
   58.10142 -135.01490    174.054     76.141     75.421     5.9701    31.7760  1025.3619    25.0101     5.9640     57.717    97.5280    -0.0005      7.836     4.0766     5.8259    177.619    182.061      17783          2  0.000e+00
   58.10142 -135.01490    173.998     76.085     75.365     5.9702    31.7759  1025.3616    25.0101     5.9641     57.709    97.5280    -0.0005      7.836     4.0761     5.8251    177.596    182.038      17784          2  0.000e+00
