EcoFOCI/data/1_SampleCollection/2022_GOA-OA_CruiseData/CTD_raw_BottleFile_RC0083/RC0083_017.ros
* Sea-Bird SBE 9 Data File:
* FileName = C:\Data\RC0083ctd\RC0083_017.hex
* Software Version Seasave V 7.26.7.107
* Temperature SN = 2060
* Conductivity SN = 1084
* Number of Bytes Per Scan = 31
* Number of Voltage Words = 4
* Number of Scans Averaged by the Deck Unit = 1
* NMEA Latitude = 56 10.75 N
* NMEA Longitude = 134 24.05 W
* NMEA UTC (Time) = Aug 13 2022  15:43:07
* NMEA baud rate = 4800
** Ship: R/V Rachel Carson
** Cruise ID: RC0083 RC0083
** Tech: McHugh/Nomura
** Chief Scientist: Cross Cross
** Station: CS2
** Cast:  017
# nquan = 21
# nvalues = 441                                   
# units = specified
# name 0 = latitude: Latitude [deg]
# name 1 = longitude: Longitude [deg]
# name 2 = sfdSM: Seafloor depth [salt water, m]
# name 3 = prDM: Pressure, Digiquartz [db]
# name 4 = depSM: Depth [salt water, m]
# name 5 = t090C: Temperature [ITS-90, deg C]
# name 6 = sal00: Salinity, Practical [PSU]
# name 7 = density00: Density [density, kg/m^3]
# name 8 = sigma-é00: Density [sigma-theta, kg/m^3]
# name 9 = potemp090C: Potential Temperature [ITS-90, deg C]
# name 10 = sbeox0PS: Oxygen, SBE 43 [% saturation]
# name 11 = CStarTr0: Beam Transmission, WET Labs C-Star [%]
# name 12 = flECO-AFL: Fluorescence, WET Labs ECO-AFL/FL [mg/m^3]
# name 13 = ph: pH
# name 14 = sbeox0ML/L: Oxygen, SBE 43 [ml/l]
# name 15 = sbeox0Mg/L: Oxygen, SBE 43 [mg/l]
# name 16 = sbox0Mm/Kg: Oxygen, SBE 43 [umol/kg]
# name 17 = sbeox0Mm/L: Oxygen, SBE 43 [umol/l]
# name 18 = scan: Scan Count
# name 19 = nbf: Bottles Fired
# name 20 = flag:  0.000e+00
# interval = seconds: 0.0416667
# start_time = Aug 13 2022 15:43:07 [NMEA time, header]
# bad_flag = -9.990e-29
*END*
[from data line 69]
   56.17602 -134.40510    349.759    253.592    251.127     5.7212    33.6768  1027.7112    26.5440     5.7004     31.655   106.1145    -0.0591      7.754     2.2207     3.1736     96.613     99.178      34044          2  0.000e+00
   56.17602 -134.40510    349.735    253.568    251.103     5.7213    33.6769  1027.7112    26.5441     5.7005     31.646   106.1145    -0.0591      7.754     2.2201     3.1727     96.585     99.148      34045          2  0.000e+00
   56.17602 -134.40510    349.703    253.536    251.071     5.7213    33.6767  1027.7109    26.5439     5.7005     31.637   106.1145    -0.0591      7.754     2.2195     3.1718     96.559     99.122      34046          2  0.000e+00
   56.17602 -134.40510    349.800    253.633    251.167     5.7218    33.6763  1027.7109    26.5435     5.7010     31.630   106.1145    -0.0591      7.754     2.2189     3.1711     96.535     99.098      34047          2  0.000e+00
   56.17602 -134.40510    349.703    253.536    251.071     5.7215    33.6765  1027.7107    26.5437     5.7007     31.622   106.1145    -0.0591      7.754     2.2184     3.1704     96.513     99.075      34048          2  0.000e+00
   56.17602 -134.40510    349.800    253.633    251.167     5.7219    33.6761  1027.7107    26.5434     5.7011     31.616   106.1145    -0.0591      7.754     2.2180     3.1697     96.494     99.056      34049          2  0.000e+00
   56.17602 -134.40510    349.735    253.568    251.103     5.7220    33.6764  1027.7107    26.5436     5.7012     31.611   106.1145    -0.0591      7.754     2.2176     3.1691     96.476     99.037      34050          2  0.000e+00
   56.17602 -134.40510    349.759    253.593    251.127     5.7216    33.6768  1027.7111    26.5439     5.7007     31.606   106.1145    -0.0591      7.754     2.2173     3.1687     96.462     99.023      34051          2  0.000e+00
   56.17602 -134.40510    349.735    253.568    251.103     5.7215    33.6766  1027.7109    26.5438     5.7007     31.601   106.1145    -0.0591      7.754     2.2170     3.1683     96.449     99.009      34052          2  0.000e+00
   56.17602 -134.40510    349.824    253.657    251.191     5.7211    33.6770  1027.7117    26.5442     5.7003     31.598   106.1145    -0.0591      7.754     2.2168     3.1680     96.440     99.000      34053          2  0.000e+00
   56.17602 -134.40510    349.735    253.568    251.103     5.7210    33.6773  1027.7115    26.5444     5.7002     31.595   106.1145    -0.0591      7.754     2.2165     3.1676     96.431     98.990      34054          2  0.000e+00
   56.17602 -134.40510    349.760    253.593    251.127     5.7212    33.6769  1027.7113    26.5441     5.7004     31.593   106.1145    -0.0591      7.754     2.2164     3.1674     96.424     98.984      34055          2  0.000e+00
   56.17602 -134.40510    349.800    253.633    251.167     5.7210    33.6772  1027.7117    26.5443     5.7002     31.592   106.1145    -0.0591      7.754     2.2163     3.1673     96.421     98.980      34056          2  0.000e+00
   56.17602 -134.40510    349.735    253.568    251.103     5.7207    33.6772  1027.7115    26.5444     5.6999     31.533   106.1145    -0.0591      7.754     2.2122     3.1614     96.240     98.795      34057          2  0.000e+00
   56.17602 -134.40510    349.760    253.593    251.127     5.7205    33.6776  1027.7120    26.5448     5.6997     31.583   106.1145    -0.0591      7.754     2.2157     3.1665     96.394     98.953      34058          2  0.000e+00
   56.17602 -134.40510    349.800    253.633    251.167     5.7200    33.6780  1027.7125    26.5451     5.6992     31.526   106.1145    -0.0591      7.754     2.2117     3.1608     96.221     98.775      34059          2  0.000e+00
   56.17602 -134.40510    349.760    253.593    251.127     5.7200    33.6781  1027.7124    26.5452     5.6991     31.519   106.1145    -0.0591      7.754     2.2113     3.1601     96.201     98.755      34060          2  0.000e+00
   56.17602 -134.40510    349.736    253.568    251.103     5.7199    33.6779  1027.7121    26.5450     5.6991     31.456   106.0865    -0.0591      7.754     2.2068     3.1537     96.007     98.555      34061          2  0.000e+00
   56.17602 -134.40510    349.760    253.593    251.127     5.7201    33.6778  1027.7121    26.5449     5.6993     31.502   106.0865    -0.0591      7.754     2.2100     3.1583     96.147     98.699      34062          2  0.000e+00
   56.17602 -134.40510    349.800    253.633    251.167     5.7202    33.6774  1027.7120    26.5446     5.6994     31.499   106.0865    -0.0591      7.754     2.2098     3.1581     96.139     98.691      34063          2  0.000e+00
   56.17602 -134.40510    349.736    253.568    251.103     5.7200    33.6777  1027.7119    26.5448     5.6991     31.439   106.0865    -0.0591      7.754     2.2056     3.1520     95.955     98.502      34064          2  0.000e+00
   56.17602 -134.40510    349.760    253.593    251.127     5.7199    33.6781  1027.7124    26.5452     5.6991     31.488   106.0865    -0.0591      7.754     2.2091     3.1570     96.107     98.658      34065          2  0.000e+00
   56.17602 -134.40510    349.736    253.568    251.103     5.7200    33.6782  1027.7124    26.5453     5.6991     31.489   106.0865    -0.0591      7.754     2.2091     3.1571     96.108     98.660      34066          2  0.000e+00
   56.17602 -134.40510    349.760    253.593    251.127     5.7199    33.6779  1027.7123    26.5451     5.6991     31.491   106.0865    -0.0591      7.754     2.2093     3.1573     96.114     98.666      34067          2  0.000e+00
   56.17602 -134.40510    349.736    253.568    251.103     5.7197    33.6783  1027.7125    26.5454     5.6989     31.435   106.0865    -0.0591      7.754     2.2054     3.1517     95.945     98.492      34068          2  0.000e+00
   56.17602 -134.40510    349.760    253.593    251.127     5.7201    33.6779  1027.7122    26.5450     5.6993     31.431   106.0865    -0.0591      7.754     2.2051     3.1513     95.931     98.478      34069          2  0.000e+00
   56.17602 -134.40510    349.736    253.568    251.103     5.7200    33.6780  1027.7122    26.5451     5.6992     31.428   106.0865    -0.0591      7.754     2.2049     3.1510     95.923     98.469      34070          2  0.000e+00
   56.17602 -134.40510    349.736    253.568    251.103     5.7201    33.6779  1027.7121    26.5450     5.6993     31.427   106.0865    -0.0591      7.754     2.2048     3.1508     95.918     98.464      34071          2  0.000e+00
   56.17602 -134.40510    349.704    253.536    251.071     5.7204    33.6776  1027.7117    26.5447     5.6996     31.427   106.0585    -0.0591      7.754     2.2047     3.1508     95.917     98.463      34072          2  0.000e+00
   56.17570 -134.40520    299.718    203.035    201.086     5.8290    33.5968  1027.4016    26.4670     5.8123     33.362   106.1424    -0.0591      7.768     2.3358     3.3381    101.628    104.318      37011          3  0.000e+00
   56.17570 -134.40520    299.469    202.784    200.837     5.8293    33.5965  1027.4002    26.4668     5.8126     33.361   106.1145    -0.0591      7.768     2.3358     3.3380    101.625    104.315      37012          3  0.000e+00
   56.17570 -134.40520    299.542    202.857    200.909     5.8290    33.5966  1027.4007    26.4669     5.8123     33.362   106.0865    -0.0591      7.768     2.3358     3.3381    101.628    104.317      37013          3  0.000e+00
   56.17570 -134.40520    299.646    202.962    201.013     5.8285    33.5971  1027.4016    26.4674     5.8118     33.363   106.1145    -0.0591      7.768     2.3359     3.3382    101.631    104.321      37014          3  0.000e+00
   56.17570 -134.40520    299.542    202.857    200.909     5.8282    33.5972  1027.4013    26.4675     5.8115     33.363   106.1145    -0.0591      7.768     2.3359     3.3382    101.631    104.321      37015          3  0.000e+00
   56.17570 -134.40520    299.542    202.857    200.909     5.8277    33.5978  1027.4018    26.4681     5.8110     33.363   106.1145    -0.0591      7.768     2.3359     3.3383    101.633    104.323      37016          3  0.000e+00
   56.17570 -134.40520    299.646    202.962    201.014     5.8269    33.5987  1027.4031    26.4688     5.8102     33.364   106.1145    -0.0591      7.768     2.3360     3.3384    101.637    104.327      37017          3  0.000e+00
   56.17570 -134.40520    299.598    202.914    200.965     5.8264    33.5990  1027.4032    26.4691     5.8097     33.356   106.1145    -0.0591      7.768     2.3355     3.3376    101.613    104.302      37018          3  0.000e+00
   56.17570 -134.40520    299.526    202.841    200.893     5.8261    33.5994  1027.4032    26.4695     5.8094     33.355   106.1145    -0.0591      7.768     2.3355     3.3376    101.612    104.302      37019          3  0.000e+00
   56.17570 -134.40520    299.662    202.978    201.030     5.8266    33.5988  1027.4033    26.4689     5.8099     33.356   106.1145    -0.0591      7.768     2.3355     3.3376    101.613    104.303      37020          3  0.000e+00
   56.17570 -134.40520    299.590    202.906    200.957     5.8264    33.5987  1027.4029    26.4689     5.8097     33.356   106.1145    -0.0591      7.768     2.3355     3.3376    101.613    104.302      37021          3  0.000e+00
   56.17570 -134.40520    299.598    202.914    200.965     5.8263    33.5985  1027.4028    26.4688     5.8095     33.356   106.1145    -0.0591      7.768     2.3355     3.3376    101.613    104.303      37022          3  0.000e+00
   56.17570 -134.40520    299.646    202.962    201.014     5.8251    33.6001  1027.4044    26.4701     5.8084     33.356   106.1145    -0.0591      7.768     2.3356     3.3377    101.616    104.306      37023          3  0.000e+00
   56.17570 -134.40520    299.598    202.914    200.965     5.8244    33.6007  1027.4048    26.4707     5.8077     33.356   106.1145    -0.0591      7.768     2.3356     3.3378    101.617    104.307      37024          3  0.000e+00
   56.17570 -134.40520    299.662    202.979    201.030     5.8236    33.6014  1027.4058    26.4714     5.8069     33.356   106.1145    -0.0591      7.768     2.3356     3.3378    101.619    104.309      37025          3  0.000e+00
   56.17570 -134.40520    299.702    203.019    201.070     5.8230    33.6019  1027.4064    26.4719     5.8063     33.356   106.1145    -0.0591      7.768     2.3357     3.3379    101.621    104.311      37026          3  0.000e+00
   56.17570 -134.40520    299.598    202.914    200.966     5.8229    33.6021  1027.4060    26.4720     5.8062     33.356   106.1145    -0.0591      7.768     2.3356     3.3379    101.619    104.310      37027          3  0.000e+00
   56.17570 -134.40520    299.702    203.019    201.070     5.8231    33.6019  1027.4064    26.4718     5.8064     33.356   106.1145    -0.0591      7.768     2.3357     3.3379    101.621    104.311      37028          3  0.000e+00
   56.17570 -134.40520    299.718    203.035    201.086     5.8234    33.6018  1027.4063    26.4717     5.8066     33.356   106.1145    -0.0591      7.768     2.3357     3.3379    101.620    104.310      37029          3  0.000e+00
   56.17570 -134.40520    299.702    203.019    201.070     5.8235    33.6014  1027.4059    26.4714     5.8067     33.414   106.1145    -0.0591      7.768     2.3397     3.3437    101.796    104.491      37030          3  0.000e+00
   56.17570 -134.40520    299.718    203.035    201.086     5.8235    33.6015  1027.4061    26.4715     5.8067     33.422   106.0865    -0.0591      7.768     2.3403     3.3445    101.821    104.516      37031          3  0.000e+00
   56.17570 -134.40520    299.702    203.019    201.070     5.8236    33.6018  1027.4062    26.4717     5.8069     33.430   106.0585    -0.0591      7.768     2.3408     3.3452    101.843    104.539      37032          3  0.000e+00
   56.17570 -134.40520    299.718    203.035    201.086     5.8239    33.6012  1027.4058    26.4712     5.8071     33.437   106.0306    -0.0591      7.768     2.3413     3.3459    101.865    104.561      37033          3  0.000e+00
   56.17570 -134.40520    299.775    203.092    201.142     5.8239    33.6015  1027.4063    26.4714     5.8071     33.386   106.0585    -0.0591      7.768     2.3377     3.3408    101.710    104.402      37034          3  0.000e+00
   56.17570 -134.40520    299.767    203.084    201.134     5.8239    33.6012  1027.4060    26.4712     5.8071     33.385   106.0585    -0.0884      7.768     2.3376     3.3407    101.706    104.398      37035          3  0.000e+00
   56.17570 -134.40520    299.775    203.092    201.142     5.8245    33.6004  1027.4054    26.4705     5.8078     33.383   106.0585    -0.0884      7.768     2.3375     3.3405    101.701    104.393      37036          3  0.000e+00
   56.17570 -134.40520    299.767    203.084    201.134     5.8245    33.6006  1027.4055    26.4706     5.8078     33.382   106.0306    -0.0884      7.768     2.3374     3.3404    101.696    104.388      37037          3  0.000e+00
   56.17570 -134.40520    299.839    203.157    201.206     5.8248    33.6004  1027.4056    26.4704     5.8081     33.381   106.0585    -0.0884      7.768     2.3373     3.3402    101.692    104.384      37038          3  0.000e+00
   56.17570 -134.40520    299.823    203.141    201.190     5.8263    33.5990  1027.4042    26.4691     5.8095     33.379   106.0585    -0.0884      7.768     2.3371     3.3400    101.685    104.377      37039          3  0.000e+00
   56.17570 -134.40520    299.775    203.092    201.142     5.8272    33.5982  1027.4033    26.4684     5.8105     33.378   106.0585    -0.0884      7.768     2.3370     3.3398    101.678    104.370      37040          3  0.000e+00
   56.17570 -134.40520    299.839    203.157    201.206     5.8274    33.5981  1027.4035    26.4683     5.8107     33.434   106.0585    -0.0884      7.768     2.3409     3.3454    101.851    104.547      37041          3  0.000e+00
   56.17570 -134.40520    299.887    203.206    201.254     5.8282    33.5972  1027.4029    26.4675     5.8115     33.441   106.0306    -0.0884      7.768     2.3414     3.3461    101.870    104.566      37042          3  0.000e+00
   56.17570 -134.40520    299.839    203.157    201.206     5.8285    33.5972  1027.4026    26.4675     5.8118     33.447   106.0585    -0.0884      7.768     2.3418     3.3466    101.887    104.584      37043          3  0.000e+00
   56.17570 -134.40520    299.887    203.206    201.254     5.8290    33.5963  1027.4021    26.4667     5.8123     33.395   106.0306    -0.0884      7.768     2.3381     3.3414    101.729    104.421      37044          3  0.000e+00
   56.17570 -134.40520    299.839    203.157    201.206     5.8292    33.5963  1027.4018    26.4666     5.8124     33.393   106.0306    -0.0884      7.768     2.3379     3.3412    101.721    104.413      37045          3  0.000e+00
   56.17570 -134.40520    299.943    203.262    201.311     5.8292    33.5965  1027.4025    26.4668     5.8124     33.449   106.0585    -0.0884      7.768     2.3419     3.3468    101.891    104.587      37046          3  0.000e+00
   56.17570 -134.40520    299.839    203.157    201.206     5.8293    33.5965  1027.4020    26.4669     5.8126     33.454   106.0585    -0.0884      7.768     2.3422     3.3472    101.906    104.603      37047          3  0.000e+00
   56.17570 -134.40520    299.887    203.206    201.255     5.8292    33.5970  1027.4026    26.4673     5.8124     33.459   106.0585    -0.0884      7.768     2.3426     3.3478    101.922    104.620      37048          3  0.000e+00
   56.17570 -134.40520    299.895    203.214    201.263     5.8295    33.5967  1027.4023    26.4669     5.8127     33.464   106.0585    -0.0884      7.768     2.3429     3.3483    101.936    104.634      37049          3  0.000e+00
