EcoFOCI/data/1_SampleCollection/2022_GOA-OA_CruiseData/CTD_raw_BottleFile_RC0083/RC0083_076.cnv
* Sea-Bird SBE 9 Data File:
* FileName = C:\Data\RC0083ctd\RC0083_076.hex
* Software Version Seasave V 7.26.7.107
* Temperature SN = 2060
* Conductivity SN = 1084
* Number of Bytes Per Scan = 31
* Number of Voltage Words = 4
* Number of Scans Averaged by the Deck Unit = 1
* NMEA Latitude = 58 24.84 N
* NMEA Longitude = 135 59.68 W
* NMEA UTC (Time) = Aug 21 2022  04:04:57
* NMEA baud rate = 4800
** Ship: R/V Rachel Carson
** Cruise ID: RC0083
** Tech: McHugh/Nomura
** Chief Scientist: Cross
** Station: GB01
** Cast:  CTD076
# nquan = 19
# nvalues = 8959                                  
# units = specified
# name 0 = latitude: Latitude [deg]
# name 1 = longitude: Longitude [deg]
# name 2 = sfdSM: Seafloor depth [salt water, m]
# name 3 = prDM: Pressure, Digiquartz [db]
# name 4 = depSM: Depth [salt water, m]
# name 5 = t090C: Temperature [ITS-90, deg C]
# name 6 = sal00: Salinity, Practical [PSU]
# name 7 = density00: Density [density, kg/m^3]
# name 8 = sigma-é00: Density [sigma-theta, kg/m^3]
# name 9 = potemp090C: Potential Temperature [ITS-90, deg C]
# name 10 = sbeox0PS: Oxygen, SBE 43 [% saturation]
# name 11 = CStarTr0: Beam Transmission, WET Labs C-Star [%]
# name 12 = flECO-AFL: Fluorescence, WET Labs ECO-AFL/FL [mg/m^3]
# name 13 = ph: pH
# name 14 = sbeox0ML/L: Oxygen, SBE 43 [ml/l]
# name 15 = sbeox0Mg/L: Oxygen, SBE 43 [mg/l]
# name 16 = sbox0Mm/Kg: Oxygen, SBE 43 [umol/kg]
# name 17 = sbeox0Mm/L: Oxygen, SBE 43 [umol/l]
# name 18 = flag:  0.000e+00
# span 0 =   58.41404,   58.41534                 
# span 1 = -135.99464, -135.99430                 
# span 2 =      6.220,     67.623                 
# span 3 =      2.894,     55.107                 
# span 4 =      2.867,     54.587                 
# span 5 =     7.6606,    10.2799                 
# span 6 =    27.1385,    31.5384                 
# span 7 =  1020.7941,  1024.8558                 
# span 8 =    20.7782,    24.6047                 
# span 9 =     7.6555,    10.2795                 
# span 10 =     55.754,     90.304                
# span 11 =    80.3271,    89.7526                
# span 12 =     0.2339,     3.7797                
# span 13 =      7.893,      8.176                
# span 14 =     3.7927,     6.0012                
# span 15 =     5.4202,     8.5763                
# span 16 =    165.317,    262.435                
# span 17 =    169.383,    268.013                
# span 18 = 0.0000e+00, 0.0000e+00                
# interval = seconds: 0.0416667
# start_time = Aug 21 2022 04:04:57 [NMEA time, header]
# bad_flag = -9.990e-29
*END*
[from data line 3124]
   58.41430 -135.99444     65.082     49.677     49.209     7.6800    31.4825  1024.7856    24.5580     7.6754     56.668    89.0814     0.3218      7.897     3.8546     5.5087    168.022    172.149  0.000e+00
   58.41430 -135.99444     65.018     49.612     49.145     7.6795    31.4842  1024.7868    24.5595     7.6749     56.670    89.0814     0.3218      7.902     3.8548     5.5089    168.028    172.155  0.000e+00
   58.41430 -135.99444     65.001     49.620     49.153     7.6785    31.4869  1024.7890    24.5617     7.6740     56.667    89.1093     0.3218      7.897     3.8546     5.5086    168.019    172.146  0.000e+00
   58.41430 -135.99444     65.072     49.790     49.321     7.6778    31.4897  1024.7921    24.5640     7.6732     56.667    89.1093     0.3218      7.897     3.8546     5.5085    168.017    172.144  0.000e+00
   58.41430 -135.99444     64.935     49.677     49.209     7.6771    31.4914  1024.7930    24.5654     7.6725     56.665    89.0814     0.3218      7.897     3.8545     5.5085    168.014    172.142  0.000e+00
   58.41430 -135.99444     65.047     49.790     49.321     7.6769    31.4920  1024.7941    24.5659     7.6723     56.612    89.1093     0.3218      7.897     3.8509     5.5033    167.856    171.980  0.000e+00
   58.41430 -135.99444     64.935     49.677     49.209     7.6766    31.4932  1024.7945    24.5669     7.6721     56.607    89.1093     0.3218      7.897     3.8505     5.5028    167.841    171.964  0.000e+00
   58.41430 -135.99444     65.023     49.790     49.321     7.6753    31.4968  1024.7981    24.5700     7.6707     56.661    89.1093     0.3218      7.897     3.8542     5.5081    168.002    172.129  0.000e+00
   58.41430 -135.99444     64.901     49.741     49.273     7.6742    31.4998  1024.8004    24.5725     7.6696     56.612    89.1093     0.3218      7.897     3.8509     5.5033    167.856    171.980  0.000e+00
   58.41430 -135.99444     64.989     49.854     49.385     7.6734    31.5024  1024.8030    24.5746     7.6688     56.613    89.1653     0.3218      7.897     3.8510     5.5035    167.861    171.986  0.000e+00
   58.41430 -135.99444     64.877     49.741     49.273     7.6726    31.5050  1024.8047    24.5768     7.6680     56.615    89.1653     0.3218      7.897     3.8511     5.5037    167.866    171.992  0.000e+00
   58.41430 -135.99444     64.925     49.790     49.321     7.6723    31.5059  1024.8057    24.5775     7.6677     56.620    89.1653     0.3218      7.897     3.8515     5.5041    167.881    172.007  0.000e+00
   58.41430 -135.99444     64.940     49.854     49.385     7.6719    31.5067  1024.8066    24.5782     7.6673     56.627    89.1653     0.3218      7.898     3.8519     5.5048    167.901    172.028  0.000e+00
   58.41430 -135.99444     64.835     49.798     49.329     7.6716    31.5071  1024.8067    24.5785     7.6670     56.627    89.1653     0.3218      7.898     3.8520     5.5049    167.903    172.030  0.000e+00
   58.41430 -135.99444     64.923     49.911     49.441     7.6716    31.5067  1024.8069    24.5782     7.6670     56.630    89.1653     0.2925      7.898     3.8522     5.5052    167.912    172.039  0.000e+00
   58.41430 -135.99444     64.867     49.854     49.385     7.6726    31.5047  1024.8049    24.5765     7.6680     56.578    89.1653     0.2925      7.897     3.8486     5.5000    167.755    171.878  0.000e+00
   58.41430 -135.99444     64.923     49.911     49.441     7.6735    31.5027  1024.8035    24.5748     7.6689     56.576    89.1653     0.2925      7.902     3.8485     5.4998    167.749    171.872  0.000e+00
   58.41430 -135.99444     64.882     49.919     49.449     7.6738    31.5019  1024.8029    24.5742     7.6691     56.569    89.1653     0.2925      7.897     3.8479     5.4991    167.727    171.849  0.000e+00
   58.41430 -135.99444     64.865     49.976     49.505     7.6735    31.5039  1024.8047    24.5757     7.6689     56.563    89.1653     0.2925      7.897     3.8475     5.4985    167.709    171.831  0.000e+00
   58.41430 -135.99444     64.865     49.976     49.505     7.6735    31.5025  1024.8037    24.5747     7.6689     56.559    89.1653     0.2925      7.897     3.8473     5.4981    167.698    171.819  0.000e+00
   58.41430 -135.99444     64.865     49.976     49.505     7.6735    31.5020  1024.8032    24.5743     7.6689     56.556    89.1653     0.2925      7.897     3.8471     5.4979    167.690    171.810  0.000e+00
   58.41430 -135.99444     64.929     50.040     49.569     7.6743    31.4997  1024.8016    24.5723     7.6697     56.555    89.1653     0.2925      7.897     3.8470     5.4977    167.686    171.807  0.000e+00
   58.41430 -135.99444     64.872     50.032     49.561     7.6748    31.4977  1024.8000    24.5707     7.6702     56.555    89.1653     0.2925      7.897     3.8470     5.4977    167.686    171.807  0.000e+00
   58.41430 -135.99444     64.831     50.040     49.569     7.6753    31.4967  1024.7991    24.5698     7.6707     56.556    89.1653     0.2925      7.897     3.8471     5.4979    167.690    171.810  0.000e+00
   58.41430 -135.99444     64.823     50.032     49.561     7.6759    31.4942  1024.7970    24.5678     7.6713     56.503    89.1653     0.2925      7.897     3.8435     5.4927    167.535    171.651  0.000e+00
   58.41430 -135.99444     64.831     50.040     49.569     7.6766    31.4924  1024.7956    24.5663     7.6720     56.501    89.1653     0.2925      7.897     3.8433     5.4925    167.527    171.643  0.000e+00
   58.41430 -135.99444     64.879     50.089     49.617     7.6759    31.4944  1024.7975    24.5680     7.6713     56.501    89.1653     0.2925      7.897     3.8433     5.4925    167.527    171.643  0.000e+00
   58.41430 -135.99444     64.814     50.097     49.625     7.6755    31.4959  1024.7988    24.5692     7.6709     56.495    89.1653     0.2925      7.897     3.8429     5.4919    167.508    171.624  0.000e+00
   58.41430 -135.99444     64.782     50.089     49.617     7.6755    31.4956  1024.7985    24.5690     7.6709     56.490    89.1653     0.2925      7.902     3.8426     5.4914    167.494    171.610  0.000e+00
   58.41430 -135.99444     64.846     50.153     49.681     7.6750    31.4969  1024.7999    24.5701     7.6704     56.439    89.1093     0.2925      7.897     3.8391     5.4865    167.344    171.455  0.000e+00
   58.41430 -135.99444     64.782     50.089     49.617     7.6746    31.4984  1024.8008    24.5713     7.6700     56.438    89.1093     0.2925      7.897     3.8390     5.4864    167.340    171.452  0.000e+00
   58.41430 -135.99444     64.821     50.153     49.681     7.6742    31.4993  1024.8019    24.5721     7.6695     56.432    89.0814     0.2925      7.897     3.8387     5.4858    167.323    171.435  0.000e+00
   58.41430 -135.99444     64.836     50.218     49.745     7.6742    31.4999  1024.8027    24.5726     7.6695     56.428    89.0814     0.2925      7.897     3.8384     5.4854    167.310    171.422  0.000e+00
   58.41430 -135.99444     64.804     50.210     49.737     7.6745    31.4987  1024.8016    24.5715     7.6699     56.425    89.1093     0.2925      7.897     3.8382     5.4851    167.302    171.413  0.000e+00
   58.41430 -135.99444     64.812     50.218     49.745     7.6747    31.4980  1024.8011    24.5710     7.6700     56.424    89.0814     0.2925      7.897     3.8381     5.4851    167.300    171.411  0.000e+00
   58.41430 -135.99444     64.804     50.210     49.737     7.6748    31.4970  1024.8003    24.5702     7.6702     56.425    89.1093     0.2632      7.897     3.8382     5.4852    167.303    171.414  0.000e+00
   58.41430 -135.99444     64.844     50.275     49.801     7.6752    31.4964  1024.8000    24.5696     7.6705     56.373    89.0814     0.2632      7.897     3.8346     5.4801    167.147    171.254  0.000e+00
   58.41430 -135.99444     64.795     50.275     49.801     7.6753    31.4966  1024.8002    24.5698     7.6707     56.370    89.1093     0.2632      7.897     3.8344     5.4798    167.139    171.246  0.000e+00
   58.41430 -135.99444     64.770     50.275     49.801     7.6753    31.4968  1024.8003    24.5700     7.6707     56.370    89.0814     0.2632      7.897     3.8344     5.4798    167.138    171.245  0.000e+00
   58.41430 -135.99444     64.770     50.275     49.801     7.6752    31.4971  1024.8006    24.5702     7.6705     56.372    89.0814     0.2632      7.897     3.8345     5.4799    167.144    171.251  0.000e+00
   58.41430 -135.99444     64.795     50.275     49.801     7.6753    31.4968  1024.8003    24.5700     7.6707     56.376    89.1093     0.2632      7.897     3.8348     5.4803    167.155    171.262  0.000e+00
   58.41430 -135.99444     64.778     50.331     49.857     7.6752    31.4969  1024.8007    24.5701     7.6705     56.374    89.1093     0.2632      7.897     3.8347     5.4802    167.152    171.259  0.000e+00
   58.41430 -135.99444     64.761     50.339     49.865     7.6752    31.4970  1024.8008    24.5701     7.6706     56.375    89.1093     0.2632      7.897     3.8347     5.4802    167.153    171.260  0.000e+00
   58.41430 -135.99444     64.729     50.331     49.857     7.6750    31.4969  1024.8007    24.5700     7.6704     56.377    89.1093     0.2632      7.897     3.8349     5.4805    167.160    171.267  0.000e+00
   58.41430 -135.99444     64.817     50.396     49.921     7.6753    31.4963  1024.8005    24.5696     7.6706     56.381    89.1093     0.2632      7.897     3.8352     5.4809    167.172    171.280  0.000e+00
   58.41430 -135.99444     64.785     50.388     49.913     7.6757    31.4961  1024.8002    24.5693     7.6710     56.387    89.1093     0.2632      7.897     3.8356     5.4814    167.188    171.296  0.000e+00
   58.41430 -135.99444     64.744     50.396     49.921     7.6758    31.4964  1024.8005    24.5696     7.6711     56.331    89.1093     0.2632      7.897     3.8318     5.4760    167.022    171.126  0.000e+00
   58.41430 -135.99444     64.712     50.388     49.913     7.6750    31.4971  1024.8011    24.5702     7.6704     56.326    89.0814     0.2632      7.897     3.8314     5.4755    167.009    171.112  0.000e+00
   58.41430 -135.99444     64.776     50.452     49.977     7.6750    31.4974  1024.8016    24.5704     7.6704     56.323    89.0814     0.2632      7.897     3.8312     5.4752    166.999    171.102  0.000e+00
   58.41430 -135.99444     64.776     50.452     49.977     7.6747    31.4972  1024.8015    24.5704     7.6700     56.377    89.1653     0.2632      7.897     3.8349     5.4805    167.160    171.267  0.000e+00
   58.41430 -135.99444     64.751     50.452     49.977     7.6750    31.4970  1024.8013    24.5701     7.6704     56.328    89.1932     0.2632      7.897     3.8316     5.4757    167.015    171.118  0.000e+00
   58.41430 -135.99444     64.702     50.452     49.977     7.6750    31.4974  1024.8016    24.5704     7.6704     56.329    89.2212     0.2925      7.897     3.8317     5.4758    167.019    171.122  0.000e+00
   58.41430 -135.99444     64.742     50.517     50.041     7.6745    31.5002  1024.8042    24.5727     7.6699     56.278    89.1932     0.2632      7.897     3.8281     5.4708    166.864    170.964  0.000e+00
   58.41430 -135.99444     64.734     50.509     50.033     7.6732    31.5026  1024.8063    24.5748     7.6685     56.276    89.1932     0.2632      7.897     3.8281     5.4707    166.861    170.961  0.000e+00
   58.41430 -135.99444     64.742     50.517     50.041     7.6719    31.5067  1024.8097    24.5782     7.6673     56.269    89.1932     0.2925      7.898     3.8276     5.4700    166.840    170.940  0.000e+00
   58.41430 -135.99444     64.734     50.509     50.033     7.6718    31.5069  1024.8098    24.5784     7.6671     56.264    89.1932     0.2925      7.898     3.8272     5.4695    166.824    170.924  0.000e+00
   58.41430 -135.99444     64.725     50.574     50.097     7.6721    31.5060  1024.8093    24.5776     7.6674     56.323    89.1932     0.2925      7.898     3.8313     5.4753    167.001    171.106  0.000e+00
   58.41430 -135.99444     64.668     50.566     50.089     7.6723    31.5053  1024.8088    24.5771     7.6676     56.329    89.1932     0.2925      7.897     3.8317     5.4758    167.017    171.122  0.000e+00
   58.41430 -135.99444     64.725     50.574     50.097     7.6724    31.5042  1024.8079    24.5762     7.6677     56.280    89.2212     0.2925      7.897     3.8284     5.4711    166.874    170.975  0.000e+00
   58.41430 -135.99444     64.717     50.566     50.089     7.6729    31.5024  1024.8064    24.5747     7.6682     56.226    89.1932     0.2925      7.897     3.8247     5.4659    166.714    170.811  0.000e+00
   58.41430 -135.99444     64.732     50.630     50.153     7.6734    31.5011  1024.8055    24.5736     7.6687     56.223    89.1932     0.2925      7.897     3.8245     5.4655    166.704    170.801  0.000e+00
   58.41430 -135.99444     64.739     50.687     50.209     7.6737    31.4999  1024.8048    24.5726     7.6690     56.166    89.2212     0.2925      7.897     3.8206     5.4600    166.536    170.629  0.000e+00
   58.41430 -135.99444     64.659     50.630     50.153     7.6743    31.4987  1024.8036    24.5716     7.6696     56.215    89.2212     0.2925      7.897     3.8239     5.4647    166.680    170.776  0.000e+00
   58.41430 -135.99444     64.659     50.630     50.153     7.6743    31.4985  1024.8034    24.5714     7.6696     56.162    89.1932     0.2925      7.897     3.8203     5.4596    166.525    170.616  0.000e+00
   58.41430 -135.99444     64.683     50.630     50.153     7.6747    31.4980  1024.8030    24.5710     7.6700     56.209    89.1932     0.2925      7.897     3.8235     5.4641    166.661    170.756  0.000e+00
   58.41430 -135.99444     64.867     50.816     50.337     7.6750    31.4970  1024.8030    24.5701     7.6703     56.154    89.1932     0.2925      7.897     3.8197     5.4588    166.499    170.590  0.000e+00
   58.41430 -135.99444     64.739     50.687     50.209     7.6748    31.4973  1024.8027    24.5704     7.6701     56.148    89.1932     0.2925      7.897     3.8193     5.4582    166.481    170.571  0.000e+00
   58.41430 -135.99444     64.803     50.751     50.273     7.6747    31.4975  1024.8032    24.5706     7.6701     56.145    89.1932     0.2925      7.897     3.8191     5.4579    166.472    170.563  0.000e+00
   58.41430 -135.99444     64.803     50.751     50.273     7.6750    31.4976  1024.8031    24.5706     7.6703     56.144    89.1932     0.2925      7.897     3.8190     5.4578    166.468    170.558  0.000e+00
   58.41430 -135.99444     64.779     50.751     50.273     7.6747    31.4978  1024.8034    24.5708     7.6700     56.145    89.1653     0.2925      7.897     3.8191     5.4579    166.472    170.562  0.000e+00
   58.41430 -135.99444     64.730     50.751     50.273     7.6747    31.4977  1024.8033    24.5707     7.6700     56.092    89.1093     0.2925      7.897     3.8155     5.4528    166.316    170.402  0.000e+00
   58.41430 -135.99444     64.745     50.816     50.337     7.6748    31.4971  1024.8031    24.5703     7.6701     56.091    89.1093     0.2925      7.897     3.8155     5.4527    166.312    170.398  0.000e+00
   58.41430 -135.99444     64.737     50.808     50.329     7.6750    31.4967  1024.8027    24.5699     7.6703     56.091    89.1093     0.2925      7.897     3.8155     5.4527    166.313    170.400  0.000e+00
   58.41430 -135.99444     64.770     50.816     50.337     7.6752    31.4964  1024.8025    24.5696     7.6705     56.087    89.1093     0.2925      7.897     3.8152     5.4523    166.300    170.386  0.000e+00
   58.41430 -135.99444     64.793     50.865     50.385     7.6750    31.4965  1024.8028    24.5698     7.6703     56.140    89.1093     0.2925      7.897     3.8188     5.4575    166.459    170.549  0.000e+00
   58.41430 -135.99444     64.752     50.873     50.393     7.6748    31.4972  1024.8034    24.5703     7.6701     56.147    89.1093     0.2925      7.897     3.8193     5.4581    166.479    170.569  0.000e+00
