EcoFOCI/data/1_SampleCollection/2022_GOA-OA_CruiseData/CTD_raw_BottleFile_RC0083/RC0083_095.cnv
* Sea-Bird SBE 9 Data File:
* FileName = C:\Data\RC0083ctd\RC0083_095.hex
* Software Version Seasave V 7.26.7.107
* Temperature SN = 2060
* Conductivity SN = 2881
* Number of Bytes Per Scan = 31
* Number of Voltage Words = 4
* Number of Scans Averaged by the Deck Unit = 1
* NMEA Latitude = 57 10.01 N
* NMEA Longitude = 133 35.88 W
* NMEA UTC (Time) = Aug 22 2022  15:12:27
* NMEA baud rate = 4800
** Ship: R/V Rachel Carson
** Cruise ID: RC0083
** Tech: McHugh/Nomura
** Chief Scientist: Cross
** Station: FSA
** Cast:  CTD095
# nquan = 19
# nvalues = 15598                                 
# units = specified
# name 0 = latitude: Latitude [deg]
# name 1 = longitude: Longitude [deg]
# name 2 = sfdSM: Seafloor depth [salt water, m]
# name 3 = prDM: Pressure, Digiquartz [db]
# name 4 = depSM: Depth [salt water, m]
# name 5 = t090C: Temperature [ITS-90, deg C]
# name 6 = sal00: Salinity, Practical [PSU]
# name 7 = density00: Density [density, kg/m^3]
# name 8 = sigma-é00: Density [sigma-theta, kg/m^3]
# name 9 = potemp090C: Potential Temperature [ITS-90, deg C]
# name 10 = sbeox0PS: Oxygen, SBE 43 [% saturation]
# name 11 = CStarTr0: Beam Transmission, WET Labs C-Star [%]
# name 12 = flECO-AFL: Fluorescence, WET Labs ECO-AFL/FL [mg/m^3]
# name 13 = ph: pH
# name 14 = sbeox0ML/L: Oxygen, SBE 43 [ml/l]
# name 15 = sbeox0Mg/L: Oxygen, SBE 43 [mg/l]
# name 16 = sbox0Mm/Kg: Oxygen, SBE 43 [umol/kg]
# name 17 = sbeox0Mm/L: Oxygen, SBE 43 [umol/l]
# name 18 = flag:  0.000e+00
# span 0 =   57.16650,   57.16734                 
# span 1 = -133.59814, -133.59780                 
# span 2 =     10.097,    254.128                 
# span 3 =      2.869,    234.969                 
# span 4 =      2.843,    232.676                 
# span 5 =     5.5809,    11.7558                 
# span 6 =    26.4974,    33.4193                 
# span 7 =  1020.0525,  1027.4394                 
# span 8 =    20.0379,    26.3570                 
# span 9 =     5.5620,    11.7554                 
# span 10 =     24.612,     98.138                
# span 11 =    89.5848,   102.4505                
# span 12 =    -0.0591,     1.4061                
# span 13 =      7.682,      8.270                
# span 14 =     1.7353,     6.4467                
# span 15 =     2.4799,     9.2130                
# span 16 =     75.508,    281.680                
# span 17 =     77.498,    287.910                
# span 18 = 0.0000e+00, 0.0000e+00                
# interval = seconds: 0.0416667
# start_time = Aug 22 2022 15:12:27 [NMEA time, header]
# bad_flag = -9.990e-29
*END*
[from data line 9601]
   57.16680 -133.59792    243.530    205.374    203.384     5.5845    33.4103  1027.2961    26.3492     5.5680     24.977    99.5977    -0.0298      7.682     1.7610     2.5166     76.627     78.646  0.000e+00
   57.16680 -133.59792    243.602    205.447    203.456     5.5843    33.4106  1027.2967    26.3494     5.5679     25.030    99.5977    -0.0298      7.682     1.7648     2.5220     76.792     78.815  0.000e+00
   57.16680 -133.59792    243.482    205.325    203.335     5.5843    33.4106  1027.2960    26.3494     5.5679     25.032    99.5977    -0.0591      7.682     1.7649     2.5222     76.795     78.819  0.000e+00
   57.16680 -133.59792    243.466    205.309    203.319     5.5845    33.4104  1027.2958    26.3492     5.5680     25.033    99.5977    -0.0591      7.682     1.7649     2.5223     76.798     78.822  0.000e+00
   57.16680 -133.59792    243.628    205.325    203.335     5.5843    33.4102  1027.2958    26.3491     5.5679     25.034    99.5977    -0.0591      7.682     1.7650     2.5224     76.802     78.825  0.000e+00
   57.16680 -133.59792    243.629    205.252    203.263     5.5846    33.4101  1027.2953    26.3490     5.5682     25.034    99.5697    -0.0591      7.682     1.7650     2.5224     76.802     78.826  0.000e+00
   57.16680 -133.59792    243.606    205.203    203.215     5.5843    33.4100  1027.2950    26.3489     5.5679     25.034    99.5977    -0.0591      7.682     1.7650     2.5224     76.803     78.827  0.000e+00
   57.16680 -133.59792    243.670    205.268    203.279     5.5843    33.4106  1027.2958    26.3494     5.5679     25.034    99.5977    -0.0298      7.682     1.7651     2.5224     76.804     78.827  0.000e+00
   57.16680 -133.59792    243.558    205.130    203.143     5.5845    33.4105  1027.2951    26.3493     5.5680     24.975    99.5977    -0.0298      7.682     1.7609     2.5164     76.621     78.640  0.000e+00
   57.16680 -133.59792    243.696    205.147    203.159     5.5843    33.4103  1027.2950    26.3492     5.5679     24.967    99.5977    -0.0591      7.682     1.7603     2.5157     76.598     78.617  0.000e+00
   57.16680 -133.59792    243.729    205.130    203.143     5.5843    33.4105  1027.2951    26.3493     5.5679     24.960    99.5977    -0.0591      7.682     1.7598     2.5149     76.575     78.593  0.000e+00
   57.16680 -133.59792    243.681    205.082    203.095     5.5846    33.4105  1027.2949    26.3493     5.5682     24.960    99.5977    -0.0591      7.682     1.7598     2.5149     76.574     78.592  0.000e+00
   57.16680 -133.59792    243.625    205.025    203.038     5.5845    33.4106  1027.2946    26.3494     5.5680     24.960    99.5697    -0.0591      7.682     1.7598     2.5149     76.575     78.593  0.000e+00
   57.16680 -133.59792    243.413    205.009    203.022     5.5842    33.4105  1027.2946    26.3493     5.5677     25.012    99.5697    -0.0591      7.682     1.7635     2.5202     76.735     78.757  0.000e+00
   57.16680 -133.59792    243.080    204.968    202.982     5.5845    33.4102  1027.2941    26.3490     5.5680     25.012    99.5697    -0.0591      7.682     1.7635     2.5201     76.734     78.756  0.000e+00
   57.16680 -133.59792    242.935    204.895    202.910     5.5843    33.4106  1027.2941    26.3494     5.5679     25.011    99.5697    -0.0298      7.682     1.7634     2.5201     76.732     78.754  0.000e+00
   57.16680 -133.59792    243.007    204.968    202.982     5.5843    33.4107  1027.2945    26.3494     5.5679     25.011    99.5697    -0.0298      7.682     1.7634     2.5201     76.731     78.753  0.000e+00
   57.16680 -133.59792    242.967    204.903    202.918     5.5845    33.4100  1027.2936    26.3489     5.5680     25.010    99.5697    -0.0591      7.682     1.7633     2.5200     76.728     78.750  0.000e+00
   57.16680 -133.59792    243.041    204.831    202.846     5.5843    33.4103  1027.2935    26.3491     5.5679     25.067    99.5697    -0.0591      7.682     1.7674     2.5257     76.904     78.930  0.000e+00
   57.16680 -133.59792    243.164    204.782    202.798     5.5843    33.4104  1027.2934    26.3492     5.5679     25.013    99.5697    -0.0591      7.682     1.7636     2.5203     76.740     78.762  0.000e+00
   57.16680 -133.59792    243.205    204.774    202.790     5.5842    33.4106  1027.2935    26.3494     5.5678     25.011    99.5697    -0.0591      7.682     1.7634     2.5201     76.733     78.755  0.000e+00
   57.16680 -133.59792    243.213    204.782    202.798     5.5842    33.4106  1027.2935    26.3494     5.5678     24.950    99.5697    -0.0591      7.682     1.7591     2.5140     76.546     78.563  0.000e+00
   57.16680 -133.59792    243.101    204.668    202.685     5.5842    33.4106  1027.2931    26.3494     5.5678     24.940    99.5697    -0.0298      7.682     1.7584     2.5130     76.515     78.531  0.000e+00
   57.16680 -133.59792    243.312    204.709    202.726     5.5841    33.4107  1027.2933    26.3495     5.5677     24.931    99.5697    -0.0298      7.682     1.7578     2.5120     76.486     78.502  0.000e+00
   57.16680 -133.59792    243.329    204.604    202.621     5.5842    33.4107  1027.2928    26.3494     5.5678     24.921    99.5697    -0.0591      7.682     1.7571     2.5110     76.456     78.471  0.000e+00
   57.16680 -133.59792    243.346    204.595    202.613     5.5842    33.4109  1027.2929    26.3496     5.5678     24.970    99.5697    -0.0591      7.682     1.7605     2.5160     76.607     78.625  0.000e+00
   57.16680 -133.59792    243.354    204.604    202.621     5.5841    33.4111  1027.2932    26.3499     5.5676     24.975    99.5697    -0.0591      7.682     1.7609     2.5165     76.622     78.641  0.000e+00
   57.16680 -133.59792    243.298    204.547    202.565     5.5842    33.4105  1027.2924    26.3493     5.5678     24.980    99.5697    -0.0591      7.682     1.7612     2.5169     76.636     78.655  0.000e+00
   57.16680 -133.59792    243.453    204.531    202.549     5.5842    33.4106  1027.2924    26.3494     5.5678     24.984    99.5697    -0.0591      7.682     1.7615     2.5174     76.650     78.670  0.000e+00
   57.16680 -133.59792    243.502    204.482    202.501     5.5841    33.4108  1027.2924    26.3496     5.5677     24.989    99.5697    -0.0298      7.682     1.7619     2.5179     76.665     78.685  0.000e+00
   57.16680 -133.59792    243.398    204.352    202.373     5.5842    33.4108  1027.2917    26.3495     5.5678     24.927    99.5697    -0.0298      7.687     1.7575     2.5116     76.475     78.490  0.000e+00
   57.16680 -133.59792    243.591    204.547    202.565     5.5841    33.4106  1027.2925    26.3494     5.5676     24.918    99.5697    -0.0298      7.682     1.7569     2.5107     76.447     78.461  0.000e+00
   57.16680 -133.59792    243.374    204.352    202.373     5.5842    33.4104  1027.2915    26.3493     5.5678     24.907    99.6257    -0.0591      7.682     1.7561     2.5097     76.414     78.428  0.000e+00
   57.16680 -133.59792    243.390    204.368    202.389     5.5841    33.4106  1027.2917    26.3494     5.5677     24.898    99.7096    -0.0591      7.682     1.7554     2.5087     76.385     78.397  0.000e+00
   57.16680 -133.59792    243.326    204.304    202.324     5.5842    33.4105  1027.2913    26.3493     5.5678     24.888    99.7096    -0.0591      7.682     1.7547     2.5077     76.353     78.365  0.000e+00
   57.16680 -133.59792    243.318    204.296    202.316     5.5840    33.4109  1027.2916    26.3497     5.5676     24.936    99.7096    -0.0591      7.682     1.7582     2.5126     76.504     78.520  0.000e+00
   57.16680 -133.59792    243.326    204.304    202.324     5.5842    33.4105  1027.2913    26.3493     5.5678     24.941    99.7096    -0.0591      7.682     1.7585     2.5130     76.517     78.534  0.000e+00
   57.16680 -133.59792    243.270    204.174    202.196     5.5841    33.4109  1027.2910    26.3496     5.5677     24.945    99.7096    -0.0298      7.682     1.7588     2.5135     76.530     78.546  0.000e+00
   57.16680 -133.59792    243.514    204.247    202.268     5.5841    33.4107  1027.2912    26.3495     5.5677     24.950    99.7096    -0.0298      7.682     1.7591     2.5139     76.544     78.561  0.000e+00
   57.16680 -133.59792    243.523    204.182    202.204     5.5841    33.4107  1027.2909    26.3495     5.5677     24.954    99.7096    -0.0591      7.682     1.7594     2.5144     76.558     78.575  0.000e+00
   57.16680 -133.59792    243.426    204.109    202.132     5.5841    33.4107  1027.2906    26.3495     5.5677     24.958    99.7096    -0.0591      7.682     1.7597     2.5148     76.571     78.588  0.000e+00
   57.16680 -133.59792    243.442    204.125    202.148     5.5842    33.4103  1027.2903    26.3491     5.5678     24.963    99.7096    -0.0591      7.682     1.7600     2.5152     76.584     78.602  0.000e+00
   57.16680 -133.59792    243.450    204.109    202.132     5.5840    33.4106  1027.2905    26.3495     5.5676     24.967    99.7096    -0.0591      7.682     1.7603     2.5157     76.598     78.616  0.000e+00
   57.16680 -133.59792    243.395    204.004    202.028     5.5841    33.4110  1027.2903    26.3497     5.5677     24.971    99.7096    -0.0591      7.682     1.7606     2.5161     76.611     78.629  0.000e+00
   57.16680 -133.59792    243.387    203.996    202.019     5.5841    33.4108  1027.2901    26.3496     5.5677     24.976    99.7096    -0.0298      7.682     1.7609     2.5165     76.624     78.643  0.000e+00
   57.16680 -133.59792    243.339    203.947    201.971     5.5838    33.4110  1027.2901    26.3498     5.5675     24.980    99.7096    -0.0298      7.682     1.7612     2.5170     76.638     78.657  0.000e+00
   57.16680 -133.59792    243.395    204.004    202.027     5.5841    33.4105  1027.2899    26.3493     5.5677     24.985    99.7096    -0.0298      7.682     1.7616     2.5175     76.652     78.672  0.000e+00
   57.16680 -133.59792    243.413    203.874    201.899     5.5838    33.4107  1027.2895    26.3495     5.5675     24.989    99.7096    -0.0591      7.682     1.7619     2.5179     76.665     78.685  0.000e+00
   57.16680 -133.59792    243.519    203.882    201.907     5.5838    33.4109  1027.2897    26.3497     5.5675     24.986    99.7096    -0.0591      7.682     1.7617     2.5176     76.656     78.675  0.000e+00
   57.16680 -133.59792    243.471    203.809    201.835     5.5841    33.4106  1027.2891    26.3494     5.5677     24.982    99.7096    -0.0591      7.682     1.7614     2.5172     76.645     78.664  0.000e+00
   57.16680 -133.59792    243.487    203.825    201.851     5.5838    33.4107  1027.2893    26.3495     5.5675     24.986    99.7096    -0.0591      7.682     1.7617     2.5176     76.657     78.677  0.000e+00
   57.16680 -133.59792    243.431    203.769    201.795     5.5841    33.4107  1027.2890    26.3495     5.5677     24.931    99.7096    -0.0591      7.682     1.7578     2.5121     76.487     78.503  0.000e+00
   57.16680 -133.59792    243.359    203.696    201.723     5.5838    33.4108  1027.2888    26.3496     5.5675     24.928    99.6536    -0.0591      7.682     1.7576     2.5117     76.478     78.493  0.000e+00
   57.16680 -133.59792    243.431    203.769    201.795     5.5842    33.4101  1027.2885    26.3490     5.5678     24.925    99.5138    -0.0591      7.682     1.7574     2.5115     76.470     78.485  0.000e+00
   57.16680 -133.59792    243.415    203.752    201.779     5.5841    33.4103  1027.2886    26.3492     5.5678     24.923    99.4579    -0.0591      7.682     1.7572     2.5112     76.463     78.477  0.000e+00
   57.16680 -133.59792    243.311    203.647    201.674     5.5838    33.4110  1027.2887    26.3498     5.5675     24.979    99.4858    -0.0591      7.687     1.7612     2.5169     76.636     78.655  0.000e+00
   57.16680 -133.59792    243.343    203.631    201.658     5.5838    33.4109  1027.2885    26.3497     5.5675     24.984    99.4858    -0.0591      7.682     1.7616     2.5174     76.651     78.671  0.000e+00
   57.16680 -133.59792    243.466    203.582    201.610     5.5842    33.4105  1027.2879    26.3493     5.5679     24.982    99.4858    -0.0591      7.682     1.7614     2.5172     76.643     78.662  0.000e+00
   57.16680 -133.59792    243.539    203.582    201.610     5.5841    33.4108  1027.2882    26.3496     5.5677     24.979    99.4858    -0.0591      7.682     1.7612     2.5169     76.635     78.654  0.000e+00
   57.16680 -133.59792    243.531    203.574    201.602     5.5842    33.4103  1027.2877    26.3491     5.5679     24.976    99.4858    -0.0591      7.682     1.7610     2.5166     76.626     78.645  0.000e+00
   57.16680 -133.59792    243.307    203.347    201.378     5.5840    33.4107  1027.2870    26.3495     5.5677     24.913    99.4858    -0.0591      7.682     1.7565     2.5103     76.433     78.447  0.000e+00
   57.16680 -133.59792    243.636    203.631    201.658     5.5838    33.4110  1027.2886    26.3498     5.5675     24.963    99.4858    -0.0591      7.682     1.7600     2.5152     76.584     78.602  0.000e+00
   57.16680 -133.59792    243.622    203.469    201.498     5.5841    33.4107  1027.2877    26.3495     5.5677     24.966    99.4858    -0.0591      7.682     1.7602     2.5156     76.594     78.613  0.000e+00
   57.16680 -133.59792    243.599    203.396    201.426     5.5838    33.4109  1027.2875    26.3497     5.5675     24.970    99.4858    -0.0591      7.682     1.7605     2.5159     76.606     78.624  0.000e+00
   57.16682 -133.59792    243.607    203.404    201.434     5.5841    33.4104  1027.2871    26.3493     5.5677     24.974    99.4858    -0.0591      7.682     1.7608     2.5163     76.618     78.637  0.000e+00
   57.16682 -133.59792    243.527    203.347    201.378     5.5841    33.4106  1027.2870    26.3494     5.5677     24.977    99.4858    -0.0591      7.682     1.7610     2.5167     76.629     78.648  0.000e+00
   57.16682 -133.59792    243.608    203.331    201.362     5.5840    33.4108  1027.2871    26.3496     5.5677     24.922    99.4858    -0.0591      7.682     1.7572     2.5112     76.460     78.475  0.000e+00
   57.16682 -133.59792    243.682    203.282    201.313     5.5838    33.4104  1027.2866    26.3493     5.5675     24.927    99.4858    -0.0298      7.682     1.7575     2.5116     76.474     78.489  0.000e+00
   57.16682 -133.59792    243.755    203.331    201.362     5.5837    33.4112  1027.2874    26.3499     5.5674     24.924    99.4858    -0.0298      7.682     1.7573     2.5114     76.467     78.482  0.000e+00
   57.16682 -133.59792    243.650    203.226    201.257     5.5841    33.4111  1027.2868    26.3498     5.5677     24.922    99.4858    -0.0591      7.682     1.7571     2.5111     76.459     78.474  0.000e+00
   57.16682 -133.59792    243.634    203.209    201.241     5.5838    33.4108  1027.2865    26.3496     5.5675     24.913    99.4858    -0.0591      7.682     1.7565     2.5102     76.431     78.445  0.000e+00
   57.16682 -133.59792    243.692    203.169    201.201     5.5838    33.4107  1027.2863    26.3495     5.5675     24.903    99.4858    -0.0591      7.687     1.7558     2.5093     76.403     78.416  0.000e+00
   57.16682 -133.59792    243.774    203.153    201.185     5.5838    33.4104  1027.2860    26.3493     5.5675     24.894    99.4858    -0.0591      7.682     1.7552     2.5083     76.374     78.387  0.000e+00
   57.16682 -133.59792    243.750    203.104    201.137     5.5838    33.4109  1027.2861    26.3496     5.5675     24.885    99.5977    -0.0591      7.682     1.7545     2.5074     76.345     78.357  0.000e+00
   57.16682 -133.59792    243.694    203.047    201.081     5.5841    33.4109  1027.2858    26.3496     5.5678     24.941    99.6536    -0.0298      7.682     1.7585     2.5131     76.519     78.535  0.000e+00
