EcoFOCI/data/1_SampleCollection/2022_GOA-OA_CruiseData/CTD_raw_BottleFile_RC0083/RC0083_012.ros
* Sea-Bird SBE 9 Data File:
* FileName = C:\Data\RC0083ctd\RC0083_012.hex
* Software Version Seasave V 7.26.7.107
* Temperature SN = 2060
* Conductivity SN = 1084
* Number of Bytes Per Scan = 31
* Number of Voltage Words = 4
* Number of Scans Averaged by the Deck Unit = 1
* NMEA Latitude = 55 37.27 N
* NMEA Longitude = 134 39.60 W
* NMEA UTC (Time) = Aug 13 2022  04:34:00
* NMEA baud rate = 4800
** Ship: R/V Rachel Carson
** Cruise ID: RC0083 RC0083
** Tech: McHugh/Nomura
** Chief Scientist: Cross Cross
** Station: POW5
** Cast:  012
# nquan = 21
# nvalues = 392                                   
# units = specified
# name 0 = latitude: Latitude [deg]
# name 1 = longitude: Longitude [deg]
# name 2 = sfdSM: Seafloor depth [salt water, m]
# name 3 = prDM: Pressure, Digiquartz [db]
# name 4 = depSM: Depth [salt water, m]
# name 5 = t090C: Temperature [ITS-90, deg C]
# name 6 = sal00: Salinity, Practical [PSU]
# name 7 = density00: Density [density, kg/m^3]
# name 8 = sigma-é00: Density [sigma-theta, kg/m^3]
# name 9 = potemp090C: Potential Temperature [ITS-90, deg C]
# name 10 = sbeox0PS: Oxygen, SBE 43 [% saturation]
# name 11 = CStarTr0: Beam Transmission, WET Labs C-Star [%]
# name 12 = flECO-AFL: Fluorescence, WET Labs ECO-AFL/FL [mg/m^3]
# name 13 = ph: pH
# name 14 = sbeox0ML/L: Oxygen, SBE 43 [ml/l]
# name 15 = sbeox0Mg/L: Oxygen, SBE 43 [mg/l]
# name 16 = sbox0Mm/Kg: Oxygen, SBE 43 [umol/kg]
# name 17 = sbeox0Mm/L: Oxygen, SBE 43 [umol/l]
# name 18 = scan: Scan Count
# name 19 = nbf: Bottles Fired
# name 20 = flag:  0.000e+00
# interval = seconds: 0.0416667
# start_time = Aug 13 2022 04:34:00 [NMEA time, header]
# bad_flag = -9.990e-29
*END*
[from data line 207]
   55.62142 -134.66038    143.477     45.259     44.844     9.1283    31.8998  1024.8780    24.6722     9.1236     77.963   103.8770     0.4097      8.069     5.1193     7.3160    223.123    228.628      19854          5  0.000e+00
   55.62142 -134.66038    143.405     45.187     44.772     9.1284    31.8999  1024.8778    24.6724     9.1237     77.940   103.8770     0.4097      8.069     5.1178     7.3138    223.057    228.560      19855          5  0.000e+00
   55.62142 -134.66038    143.469     45.251     44.836     9.1267    31.9010  1024.8792    24.6735     9.1220     77.917   103.8770     0.4097      8.069     5.1164     7.3119    222.998    228.500      19856          5  0.000e+00
   55.62142 -134.66038    143.477     45.259     44.844     9.1254    31.9022  1024.8803    24.6746     9.1207     77.892   103.8770     0.4097      8.069     5.1149     7.3097    222.931    228.432      19857          5  0.000e+00
   55.62142 -134.66038    143.405     45.187     44.772     9.1253    31.9023  1024.8801    24.6747     9.1206     77.865   103.9049     0.3804      8.069     5.1131     7.3071    222.852    228.351      19858          5  0.000e+00
   55.62142 -134.66038    143.477     45.259     44.844     9.1256    31.9019  1024.8801    24.6744     9.1209     77.782   103.9049     0.3804      8.069     5.1076     7.2993    222.614    228.107      19859          5  0.000e+00
   55.62142 -134.66038    143.405     45.187     44.772     9.1254    31.9023  1024.8801    24.6747     9.1207     77.751   103.8770     0.3804      8.069     5.1056     7.2965    222.527    228.018      19860          5  0.000e+00
   55.62142 -134.66038    143.469     45.251     44.836     9.1254    31.9029  1024.8809    24.6752     9.1207     77.728   103.8770     0.3804      8.069     5.1041     7.2943    222.460    227.949      19861          5  0.000e+00
   55.62142 -134.66038    143.413     45.195     44.780     9.1256    31.9033  1024.8808    24.6754     9.1209     77.703   103.8770     0.3804      8.069     5.1024     7.2918    222.386    227.873      19862          5  0.000e+00
   55.62142 -134.66038    143.405     45.187     44.772     9.1274    31.9017  1024.8793    24.6739     9.1227     77.677   103.8770     0.3804      8.069     5.1005     7.2892    222.305    227.790      19863          5  0.000e+00
   55.62142 -134.66038    143.477     45.259     44.844     9.1289    31.9009  1024.8788    24.6731     9.1242     77.596   103.9049     0.3804      8.069     5.0951     7.2814    222.068    227.547      19864          5  0.000e+00
   55.62142 -134.66038    143.469     45.251     44.836     9.1285    31.9013  1024.8791    24.6734     9.1238     77.562   103.9049     0.3804      8.069     5.0929     7.2783    221.973    227.449      19865          5  0.000e+00
   55.62142 -134.66038    143.469     45.251     44.836     9.1287    31.9012  1024.8790    24.6733     9.1240     77.528   103.8770     0.3804      8.069     5.0906     7.2750    221.874    227.348      19866          5  0.000e+00
   55.62142 -134.66038    143.413     45.195     44.780     9.1308    31.8992  1024.8769    24.6715     9.1261     77.438   103.9049     0.3804      8.069     5.0845     7.2663    221.608    227.075      19867          5  0.000e+00
   55.62142 -134.66038    143.469     45.251     44.836     9.1311    31.8993  1024.8771    24.6714     9.1264     77.403   103.8770     0.4097      8.069     5.0822     7.2630    221.508    226.973      19868          5  0.000e+00
   55.62142 -134.66038    143.469     45.251     44.836     9.1341    31.8974  1024.8752    24.6695     9.1294     77.368   103.8770     0.3804      8.069     5.0797     7.2593    221.396    226.858      19869          5  0.000e+00
   55.62142 -134.66038    143.477     45.260     44.844     9.1365    31.8955  1024.8733    24.6676     9.1318     77.278   103.8770     0.3804      8.069     5.0736     7.2506    221.130    226.585      19870          5  0.000e+00
   55.62142 -134.66038    143.469     45.251     44.836     9.1380    31.8949  1024.8726    24.6669     9.1333     77.244   103.9049     0.3804      8.069     5.0711     7.2472    221.025    226.477      19871          5  0.000e+00
   55.62142 -134.66038    143.533     45.316     44.900     9.1411    31.8930  1024.8710    24.6650     9.1364     77.203   103.9049     0.3804      8.069     5.0682     7.2430    220.898    226.346      19872          5  0.000e+00
   55.62142 -134.66038    143.469     45.251     44.836     9.1432    31.8920  1024.8695    24.6639     9.1385     77.169   103.8770     0.3804      8.069     5.0658     7.2395    220.791    226.237      19873          5  0.000e+00
   55.62142 -134.66038    143.525     45.308     44.892     9.1469    31.8899  1024.8676    24.6617     9.1422     77.143   103.8770     0.3804      8.069     5.0637     7.2366    220.703    226.146      19874          5  0.000e+00
   55.62142 -134.66038    143.477     45.260     44.844     9.1492    31.8891  1024.8664    24.6607     9.1445     77.063   103.8490     0.3804      8.069     5.0582     7.2287    220.462    225.899      19875          5  0.000e+00
   55.62142 -134.66038    143.329     45.308     44.892     9.1503    31.8883  1024.8658    24.6599     9.1456     77.033   103.8490     0.4097      8.069     5.0561     7.2257    220.372    225.806      19876          5  0.000e+00
   55.62142 -134.66038    107.220     45.316     44.900     9.1520    31.8870  1024.8645    24.6586     9.1473     77.003   103.8490     0.4097      8.069     5.0540     7.2227    220.281    225.713      19877          5  0.000e+00
   55.62142 -134.66038     81.285     45.365     44.948     9.1533    31.8858  1024.8637    24.6575     9.1486     76.982   103.8490     0.4097      8.069     5.0525     7.2206    220.216    225.646      19878          5  0.000e+00
   55.62142 -134.66038     76.858     45.308     44.892     9.1528    31.8858  1024.8634    24.6575     9.1480     76.907   103.8490     0.4097      8.069     5.0477     7.2136    220.003    225.428      19879          5  0.000e+00
   55.62142 -134.66038     78.509     45.373     44.956     9.1493    31.8880  1024.8660    24.6598     9.1446     76.883   103.8490     0.4097      8.069     5.0464     7.2118    219.948    225.372      19880          5  0.000e+00
   55.62142 -134.66038     79.495     45.308     44.892     9.1464    31.8898  1024.8676    24.6616     9.1417     76.859   103.8490     0.4097      8.069     5.0451     7.2100    219.891    225.314      19881          5  0.000e+00
   55.62142 -134.66038     79.706     45.373     44.956     9.1450    31.8900  1024.8682    24.6620     9.1403     76.838   103.8490     0.4390      8.069     5.0439     7.2082    219.838    225.259      19882          5  0.000e+00
   55.62142 -134.66038     79.625     45.365     44.948     9.1446    31.8901  1024.8684    24.6622     9.1398     76.763   103.8490     0.4097      8.069     5.0390     7.2012    219.626    225.042      19883          5  0.000e+00
   55.62142 -134.66038     79.640     45.429     45.012     9.1439    31.8904  1024.8690    24.6625     9.1392     76.739   103.8490     0.4097      8.069     5.0375     7.1991    219.559    224.974      19884          5  0.000e+00
   55.62142 -134.66038     79.584     45.373     44.956     9.1431    31.8907  1024.8691    24.6629     9.1384     76.716   103.8490     0.4097      8.069     5.0360     7.1970    219.496    224.910      19885          5  0.000e+00
   55.62142 -134.66038     79.640     45.429     45.012     9.1416    31.8919  1024.8705    24.6641     9.1369     76.648   103.8490     0.4097      8.069     5.0317     7.1908    219.307    224.716      19886          5  0.000e+00
   55.62142 -134.66038     79.584     45.373     44.956     9.1394    31.8929  1024.8714    24.6652     9.1347     76.622   103.8490     0.4097      8.069     5.0303     7.1887    219.243    224.651      19887          5  0.000e+00
   55.62142 -134.66038     79.640     45.429     45.012     9.1384    31.8930  1024.8719    24.6654     9.1336     76.600   103.8490     0.4097      8.069     5.0289     7.1868    219.185    224.591      19888          5  0.000e+00
   55.62142 -134.66038     79.696     45.486     45.068     9.1358    31.8949  1024.8741    24.6673     9.1310     76.635   103.8490     0.4097      8.069     5.0314     7.1904    219.295    224.704      19889          5  0.000e+00
   55.62142 -134.66038     79.648     45.437     45.020     9.1384    31.8942  1024.8728    24.6663     9.1337     76.575   103.8490     0.4097      8.069     5.0272     7.1844    219.110    224.514      19890          5  0.000e+00
   55.62142 -134.66038     79.640     45.429     45.012     9.1428    31.8917  1024.8702    24.6637     9.1380     76.565   103.8490     0.4097      8.069     5.0262     7.1829    219.065    224.468      19891          5  0.000e+00
   55.62146 -134.66052    123.898     25.745     25.510    11.5809    31.3359  1023.9374    23.8216    11.5778     95.778    90.5358     3.2522      8.216     5.9843     8.5522    261.042    267.261      22254          6  0.000e+00
   55.62146 -134.66052    123.962     25.809     25.574    11.5822    31.3353  1023.9370    23.8209    11.5791     95.767    90.5358     3.2522      8.220     5.9835     8.5510    261.005    267.222      22255          6  0.000e+00
   55.62146 -134.66052    123.842     25.688     25.454    11.5831    31.3360  1023.9368    23.8213    11.5800     95.754    90.5358     3.2522      8.216     5.9825     8.5496    260.963    267.180      22256          6  0.000e+00
   55.62146 -134.66052    123.962     25.809     25.574    11.5842    31.3365  1023.9375    23.8215    11.5811     95.745    90.5358     3.2522      8.220     5.9818     8.5486    260.932    267.147      22257          6  0.000e+00
   55.62146 -134.66052     88.806     25.745     25.510    11.5857    31.3361  1023.9367    23.8209    11.5825     95.680    90.5358     3.2522      8.220     5.9776     8.5426    260.748    266.960      22258          6  0.000e+00
   55.62146 -134.66052     60.113     25.745     25.510    11.5865    31.3355  1023.9361    23.8203    11.5834     95.672    90.5358     3.2522      8.220     5.9770     8.5417    260.721    266.932      22259          6  0.000e+00
   55.62146 -134.66052     54.684     25.688     25.454    11.5866    31.3356  1023.9359    23.8204    11.5835     95.717    90.3959     3.2522      8.220     5.9798     8.5458    260.845    267.059      22260          6  0.000e+00
   55.62146 -134.66052     56.247     25.688     25.454    11.5872    31.3352  1023.9355    23.8200    11.5841     95.711    90.2840     3.2815      8.220     5.9793     8.5451    260.825    267.037      22261          6  0.000e+00
   55.62146 -134.66052     57.451     25.745     25.510    11.5875    31.3354  1023.9359    23.8201    11.5844     95.658    90.2561     3.2815      8.220     5.9760     8.5403    260.678    266.887      22262          6  0.000e+00
   55.62146 -134.66052     57.551     25.624     25.390    11.5882    31.3356  1023.9353    23.8201    11.5851     95.706    90.2561     3.2815      8.220     5.9789     8.5444    260.805    267.017      22263          6  0.000e+00
   55.62146 -134.66052     57.517     25.688     25.454    11.5889    31.3349  1023.9349    23.8194    11.5858     95.709    90.2840     3.2522      8.220     5.9790     8.5446    260.811    267.023      22264          6  0.000e+00
   55.62146 -134.66052     57.493     25.688     25.454    11.5898    31.3354  1023.9352    23.8196    11.5867     95.658    90.2840     3.2522      8.220     5.9757     8.5399    260.667    266.876      22265          6  0.000e+00
   55.62146 -134.66052     57.404     25.624     25.390    11.5906    31.3359  1023.9351    23.8199    11.5875     95.656    90.2840     3.2522      8.220     5.9755     8.5396    260.656    266.865      22266          6  0.000e+00
   55.62146 -134.66052     57.404     25.624     25.390    11.5925    31.3357  1023.9346    23.8194    11.5894     95.764    90.2840     3.2815      8.220     5.9820     8.5488    260.939    267.154      22267          6  0.000e+00
   55.62146 -134.66052     57.468     25.688     25.454    11.5954    31.3351  1023.9339    23.8184    11.5922     95.723    90.2561     3.3401      8.220     5.9791     8.5447    260.814    267.026      22268          6  0.000e+00
   55.62146 -134.66052     57.404     25.624     25.390    11.5983    31.3345  1023.9326    23.8174    11.5952     95.730    90.2840     3.3987      8.220     5.9791     8.5448    260.816    267.028      22269          6  0.000e+00
   55.62146 -134.66052     57.348     25.567     25.334    11.6008    31.3343  1023.9318    23.8168    11.5977     95.791    90.2840     3.3987      8.220     5.9827     8.5498    260.971    267.186      22270          6  0.000e+00
   55.62146 -134.66052     57.404     25.624     25.390    11.6040    31.3339  1023.9311    23.8159    11.6009     95.753    90.2840     3.3987      8.220     5.9799     8.5459    260.850    267.062      22271          6  0.000e+00
   55.62146 -134.66052     57.348     25.567     25.334    11.6103    31.3336  1023.9295    23.8146    11.6072     95.708    90.2840     3.3987      8.220     5.9763     8.5407    260.694    266.902      22272          6  0.000e+00
   55.62146 -134.66052     57.404     25.624     25.390    11.6171    31.3324  1023.9276    23.8124    11.6140     95.762    90.2840     3.3987      8.220     5.9788     8.5444    260.804    267.015      22273          6  0.000e+00
   55.62146 -134.66052     69.265     25.567     25.334    11.6218    31.3309  1023.9253    23.8104    11.6187     95.773    90.2840     3.3987      8.220     5.9790     8.5446    260.812    267.022      22274          6  0.000e+00
   55.62146 -134.66052    110.096     25.567     25.334    11.6243    31.3306  1023.9247    23.8097    11.6212     95.732    90.2840     3.3987      8.220     5.9761     8.5405    260.687    266.894      22275          6  0.000e+00
   55.62146 -134.66052    125.334     25.567     25.334    11.6269    31.3303  1023.9240    23.8090    11.6238     95.741    90.2840     3.3987      8.220     5.9763     8.5408    260.697    266.903      22276          6  0.000e+00
   55.62146 -134.66052    125.334     25.567     25.334    11.6289    31.3299  1023.9233    23.8084    11.6258     95.858    90.2840     3.3987      8.220     5.9834     8.5509    261.006    267.220      22277          6  0.000e+00
   55.62146 -134.66052    124.479     25.567     25.334    11.6323    31.3279  1023.9212    23.8062    11.6292     95.820    90.2840     3.3987      8.220     5.9807     8.5470    260.888    267.098      22278          6  0.000e+00
   55.62146 -134.66052    123.868     25.567     25.334    11.6346    31.3272  1023.9201    23.8052    11.6315     95.884    90.2840     3.3987      8.220     5.9845     8.5524    261.052    267.267      22279          6  0.000e+00
   55.62146 -134.66052    123.868     25.567     25.334    11.6366    31.3271  1023.9197    23.8048    11.6335     95.848    89.8365     3.3987      8.220     5.9819     8.5488    260.942    267.154      22280          6  0.000e+00
   55.62146 -134.66052    123.942     25.567     25.334    11.6386    31.3262  1023.9187    23.8037    11.6355     95.914    89.3051     3.3987      8.220     5.9858     8.5544    261.112    267.327      22281          6  0.000e+00
   55.62146 -134.66052    123.966     25.567     25.334    11.6411    31.3252  1023.9175    23.8025    11.6380     95.932    89.1653     3.3987      8.220     5.9867     8.5556    261.150    267.366      22282          6  0.000e+00
   55.62146 -134.66052    123.966     25.567     25.334    11.6430    31.3254  1023.9172    23.8023    11.6399     95.945    89.1932     3.3987      8.220     5.9873     8.5564    261.174    267.391      22283          6  0.000e+00
