EcoFOCI/data/1_SampleCollection/2022_GOA-OA_CruiseData/CTD_raw_BottleFile_RC0083/RC0083_081.cnv
* Sea-Bird SBE 9 Data File:
* FileName = C:\Data\RC0083ctd\RC0083_081.hex
* Software Version Seasave V 7.26.7.107
* Temperature SN = 2060
* Conductivity SN = 2881
* Number of Bytes Per Scan = 31
* Number of Voltage Words = 4
* Number of Scans Averaged by the Deck Unit = 1
* NMEA Latitude = 58 12.37 N
* NMEA Longitude = 134 26.53 W
* NMEA UTC (Time) = Aug 22 2022  01:33:07
* NMEA baud rate = 4800
** Ship: R/V Rachel Carson
** Cruise ID: RC0083
** Tech: McHugh/Nomura
** Chief Scientist: Cross
** Station: SPB
** Cast:  CTD081
# nquan = 19
# nvalues = 9597                                  
# units = specified
# name 0 = latitude: Latitude [deg]
# name 1 = longitude: Longitude [deg]
# name 2 = sfdSM: Seafloor depth [salt water, m]
# name 3 = prDM: Pressure, Digiquartz [db]
# name 4 = depSM: Depth [salt water, m]
# name 5 = t090C: Temperature [ITS-90, deg C]
# name 6 = sal00: Salinity, Practical [PSU]
# name 7 = density00: Density [density, kg/m^3]
# name 8 = sigma-é00: Density [sigma-theta, kg/m^3]
# name 9 = potemp090C: Potential Temperature [ITS-90, deg C]
# name 10 = sbeox0PS: Oxygen, SBE 43 [% saturation]
# name 11 = CStarTr0: Beam Transmission, WET Labs C-Star [%]
# name 12 = flECO-AFL: Fluorescence, WET Labs ECO-AFL/FL [mg/m^3]
# name 13 = ph: pH
# name 14 = sbeox0ML/L: Oxygen, SBE 43 [ml/l]
# name 15 = sbeox0Mg/L: Oxygen, SBE 43 [mg/l]
# name 16 = sbox0Mm/Kg: Oxygen, SBE 43 [umol/kg]
# name 17 = sbeox0Mm/L: Oxygen, SBE 43 [umol/l]
# name 18 = flag:  0.000e+00
# span 0 =   58.20604,   58.20616                 
# span 1 = -134.44218, -134.44174                 
# span 2 =      3.427,    130.603                 
# span 3 =      3.100,     70.488                 
# span 4 =      3.072,     69.821                 
# span 5 =     5.5003,    13.0197                 
# span 6 =    18.6970,    32.3010                 
# span 7 =  1013.8144,  1025.8053                 
# span 8 =    13.7983,    25.4802                 
# span 9 =     5.4950,    13.0193                 
# span 10 =     29.931,    101.574                
# span 11 =    69.5031,    96.1855                
# span 12 =    -0.0005,     4.2779                
# span 13 =      7.591,      8.398                
# span 14 =     2.1302,     6.6880                
# span 15 =     3.0442,     9.5579                
# span 16 =     92.770,    293.918                
# span 17 =     95.133,    298.687                
# span 18 = 0.0000e+00, 0.0000e+00                
# interval = seconds: 0.0416667
# start_time = Aug 22 2022 01:33:07 [NMEA time, header]
# bad_flag = -9.990e-29
*END*
[from data line 8153]
   58.20612 -134.44186     85.493     14.961     14.822    10.6023    28.3805  1021.7606    21.6927    10.6007     86.305    95.3744     2.5489      8.196     5.6115     8.0195    245.290    250.611  0.000e+00
   58.20612 -134.44186     85.493     14.961     14.822    10.6018    28.3809  1021.7610    21.6931    10.6002     86.249    95.3744     2.5196      8.201     5.6080     8.0143    245.134    250.451  0.000e+00
   58.20612 -134.44186     82.270     14.937     14.798    10.6015    28.3811  1021.7611    21.6933    10.5998     86.243    95.3744     2.5489      8.196     5.6076     8.0138    245.118    250.436  0.000e+00
   58.20612 -134.44186     68.106     14.961     14.822    10.6015    28.3813  1021.7614    21.6935    10.5998     86.293    95.3744     2.5489      8.196     5.6109     8.0185    245.260    250.581  0.000e+00
   58.20612 -134.44186     62.116     14.905     14.766    10.6025    28.3807  1021.7605    21.6928    10.6008     86.237    95.3744     2.5489      8.196     5.6071     8.0132    245.098    250.415  0.000e+00
   58.20612 -134.44186     61.879     14.961     14.822    10.6042    28.3793  1021.7594    21.6915    10.6025     86.233    95.3744     2.5489      8.196     5.6067     8.0126    245.080    250.396  0.000e+00
   58.20612 -134.44186     62.465     14.961     14.822    10.6044    28.3792  1021.7592    21.6913    10.6027     86.234    95.3744     2.5489      8.201     5.6068     8.0126    245.082    250.399  0.000e+00
   58.20612 -134.44186     62.685     14.937     14.798    10.6038    28.3794  1021.7594    21.6916    10.6022     86.231    95.3744     2.5489      8.196     5.6066     8.0124    245.074    250.390  0.000e+00
   58.20612 -134.44186     62.709     14.961     14.822    10.6033    28.3797  1021.7598    21.6919    10.6016     86.228    95.3744     2.5489      8.196     5.6065     8.0122    245.069    250.385  0.000e+00
   58.20612 -134.44186     62.685     14.961     14.822    10.6018    28.3807  1021.7608    21.6929    10.6002     86.226    95.3744     2.6661      8.196     5.6065     8.0122    245.068    250.384  0.000e+00
   58.20612 -134.44186     62.605     14.905     14.766    10.6005    28.3814  1021.7614    21.6937    10.5989     86.223    95.3744     2.7541      8.196     5.6064     8.0121    245.066    250.382  0.000e+00
   58.20612 -134.44186     62.661     14.961     14.822    10.6002    28.3818  1021.7619    21.6940    10.5985     86.222    95.3744     2.7541      8.196     5.6064     8.0121    245.064    250.380  0.000e+00
   58.20612 -134.44186     62.661     14.961     14.822    10.6023    28.3806  1021.7607    21.6927    10.6007     86.220    95.3744     2.7541      8.201     5.6060     8.0116    245.050    250.366  0.000e+00
   58.20612 -134.44186     62.637     14.937     14.798    10.6038    28.3798  1021.7597    21.6919    10.6022     86.274    95.3744     2.7541      8.196     5.6094     8.0164    245.197    250.515  0.000e+00
   58.20612 -134.44186     62.661     14.961     14.822    10.6042    28.3792  1021.7593    21.6913    10.6025     86.279    95.3744     2.7247      8.201     5.6097     8.0168    245.210    250.528  0.000e+00
   58.20612 -134.44186     61.945     14.905     14.766    10.6029    28.3802  1021.7600    21.6923    10.6013     86.228    95.3744     2.7541      8.201     5.6065     8.0122    245.070    250.386  0.000e+00
   58.20612 -134.44186     41.269     14.961     14.822    10.6025    28.3806  1021.7607    21.6928    10.6008     86.174    95.3744     2.7541      8.196     5.6030     8.0073    244.917    250.230  0.000e+00
   58.20612 -134.44186     28.424     14.961     14.822    10.6035    28.3800  1021.7601    21.6921    10.6018     86.169    95.4863     2.7541      8.201     5.6026     8.0067    244.899    250.212  0.000e+00
   58.20612 -134.44186     26.593     14.937     14.798    10.6043    28.3797  1021.7596    21.6917    10.6027     86.165    95.6261     2.7541      8.196     5.6022     8.0061    244.883    250.195  0.000e+00
   58.20612 -134.44186     27.520     14.961     14.822    10.6042    28.3799  1021.7598    21.6919    10.6026     86.217    95.6541     2.7541      8.201     5.6056     8.0110    245.031    250.347  0.000e+00
   58.20612 -134.44186     28.033     14.961     14.822    10.6048    28.3792  1021.7592    21.6913    10.6031     86.164    95.6541     2.7541      8.196     5.6021     8.0060    244.880    250.192  0.000e+00
   58.20612 -134.44186     28.082     14.961     14.822    10.6061    28.3790  1021.7588    21.6909    10.6045     86.211    95.6541     2.7541      8.201     5.6051     8.0102    245.007    250.322  0.000e+00
   58.20612 -134.44186     28.001     14.905     14.766    10.6069    28.3787  1021.7582    21.6905    10.6053     86.269    95.6541     2.7541      8.196     5.6087     8.0154    245.167    250.485  0.000e+00
   58.20612 -134.44186     28.065     14.993     14.854    10.6062    28.3789  1021.7589    21.6908    10.6046     86.279    95.6541     2.7541      8.201     5.6094     8.0164    245.199    250.517  0.000e+00
   58.20612 -134.44186     27.977     14.905     14.766    10.6061    28.3790  1021.7586    21.6909    10.6045     86.232    95.6541     2.7541      8.196     5.6064     8.0121    245.065    250.381  0.000e+00
   58.20612 -134.44186     28.033     14.961     14.822    10.6076    28.3783  1021.7580    21.6901    10.6059     86.181    95.6541     2.7541      8.201     5.6030     8.0072    244.916    250.228  0.000e+00
   58.20612 -134.44186     28.033     14.961     14.822    10.6092    28.3774  1021.7570    21.6891    10.6076     86.181    95.6541     2.7541      8.196     5.6027     8.0069    244.907    250.219  0.000e+00
   58.20612 -134.44186     28.033     14.961     14.822    10.6076    28.3779  1021.7577    21.6898    10.6059     86.175    95.6541     2.7541      8.201     5.6026     8.0067    244.900    250.212  0.000e+00
   58.20612 -134.44186     28.009     14.937     14.798    10.6051    28.3793  1021.7591    21.6913    10.6035     86.171    95.6541     2.7541      8.201     5.6025     8.0066    244.897    250.209  0.000e+00
   58.20612 -134.44186     28.033     14.961     14.822    10.6060    28.3789  1021.7588    21.6909    10.6043     86.172    95.6541     2.5782      8.201     5.6025     8.0066    244.897    250.209  0.000e+00
   58.20612 -134.44186     27.977     14.904     14.766    10.6077    28.3784  1021.7578    21.6902    10.6061     86.173    95.6541     2.4903      8.201     5.6024     8.0064    244.891    250.203  0.000e+00
   58.20612 -134.44186     28.033     14.961     14.822    10.6076    28.3780  1021.7578    21.6899    10.6059     86.176    95.6541     2.4610      8.196     5.6026     8.0067    244.901    250.213  0.000e+00
   58.20612 -134.44186     28.033     14.961     14.822    10.6053    28.3796  1021.7594    21.6915    10.6037     86.174    95.6541     2.4903      8.196     5.6027     8.0068    244.904    250.217  0.000e+00
   58.20612 -134.44186     73.161     14.937     14.798    10.6044    28.3801  1021.7599    21.6921    10.6027     86.227    95.6541     2.4903      8.196     5.6062     8.0119    245.059    250.375  0.000e+00
   58.20612 -134.44186    110.231     14.961     14.822    10.6056    28.3795  1021.7593    21.6913    10.6040     86.230    95.6541     2.4903      8.201     5.6063     8.0120    245.063    250.379  0.000e+00
   58.20612 -134.44186    114.822     14.961     14.822    10.6060    28.3798  1021.7595    21.6915    10.6043     86.234    95.6541     2.4903      8.196     5.6065     8.0123    245.072    250.388  0.000e+00
   58.20612 -134.44186    114.822     14.961     14.822    10.6051    28.3804  1021.7601    21.6922    10.6035     86.238    95.6541     2.4903      8.201     5.6069     8.0128    245.087    250.403  0.000e+00
   58.20612 -134.44186    113.698     14.961     14.822    10.6048    28.3804  1021.7601    21.6922    10.6031     86.193    95.5981     2.4903      8.196     5.6040     8.0086    244.960    250.273  0.000e+00
   58.20612 -134.44186    113.374     14.904     14.766    10.6048    28.3801  1021.7597    21.6920    10.6031     86.192    95.4303     2.4903      8.196     5.6039     8.0085    244.957    250.271  0.000e+00
   58.20612 -134.44186    113.559     14.993     14.854    10.6030    28.3812  1021.7611    21.6931    10.6014     86.193    95.4024     2.4903      8.201     5.6042     8.0089    244.968    250.282  0.000e+00
   58.20612 -134.44186    113.520     14.904     14.765    10.6023    28.3814  1021.7611    21.6934    10.6007     86.192    95.4024     2.4903      8.196     5.6042     8.0090    244.970    250.284  0.000e+00
   58.20612 -134.44186    113.600     14.961     14.821    10.6038    28.3806  1021.7604    21.6925    10.6022     86.194    95.4024     2.4610      8.201     5.6041     8.0089    244.967    250.281  0.000e+00
   58.20612 -134.44186    113.600     14.961     14.821    10.6062    28.3797  1021.7594    21.6914    10.6046     86.195    95.4024     2.4903      8.201     5.6039     8.0086    244.959    250.272  0.000e+00
   58.20612 -134.44186    113.600     14.961     14.821    10.6089    28.3786  1021.7580    21.6901    10.6073     86.191    95.4024     2.4903      8.201     5.6034     8.0078    244.935    250.248  0.000e+00
   58.20612 -134.44186    113.576     14.937     14.797    10.6081    28.3788  1021.7582    21.6904    10.6064     86.193    95.4024     2.4903      8.196     5.6036     8.0081    244.944    250.257  0.000e+00
   58.20612 -134.44186    113.600     14.961     14.821    10.6079    28.3789  1021.7584    21.6905    10.6063     86.195    95.4024     2.4903      8.196     5.6038     8.0084    244.953    250.266  0.000e+00
   58.20612 -134.44186    113.600     14.961     14.821    10.6097    28.3780  1021.7574    21.6895    10.6081     86.198    95.4024     2.4903      8.196     5.6038     8.0084    244.952    250.265  0.000e+00
   58.20612 -134.44186    113.544     14.904     14.765    10.6108    28.3774  1021.7565    21.6889    10.6092     86.255    95.4024     2.4903      8.201     5.6074     8.0136    245.111    250.427  0.000e+00
   58.20612 -134.44186    113.600     14.961     14.821    10.6094    28.3782  1021.7577    21.6897    10.6078     86.265    95.4024     2.4903      8.201     5.6082     8.0147    245.144    250.461  0.000e+00
   58.20612 -134.44186    113.576     14.937     14.797    10.6089    28.3789  1021.7582    21.6904    10.6073     86.219    95.4024     2.5782      8.201     5.6052     8.0104    245.014    250.328  0.000e+00
   58.20612 -134.44186    113.600     14.961     14.821    10.6104    28.3784  1021.7576    21.6897    10.6088     86.218    95.4024     2.7247      8.196     5.6050     8.0101    245.004    250.318  0.000e+00
   58.20612 -134.44186    113.664     15.025     14.885    10.6119    28.3770  1021.7566    21.6884    10.6102     86.217    95.4024     2.7541      8.201     5.6048     8.0098    244.997    250.310  0.000e+00
   58.20612 -134.44186    113.600     14.961     14.821    10.6095    28.3789  1021.7581    21.6902    10.6079     86.221    95.4024     2.7541      8.196     5.6053     8.0105    245.018    250.332  0.000e+00
   58.20612 -134.44186    113.720     15.082     14.941    10.6079    28.3799  1021.7598    21.6913    10.6063     86.222    95.4024     2.7541      8.201     5.6055     8.0108    245.028    250.342  0.000e+00
   58.20612 -134.44186    113.632     14.993     14.853    10.6108    28.3784  1021.7578    21.6897    10.6092     86.166    95.4024     2.7541      8.196     5.6015     8.0052    244.854    250.165  0.000e+00
   58.20612 -134.44186    113.600     14.961     14.821    10.6138    28.3773  1021.7562    21.6883    10.6122     86.160    95.4024     2.7541      8.196     5.6008     8.0042    244.823    250.133  0.000e+00
   58.20612 -134.44186    113.544     14.904     14.765    10.6167    28.3761  1021.7545    21.6869    10.6150     86.154    95.4024     2.7541      8.201     5.6002     8.0032    244.795    250.104  0.000e+00
   58.20612 -134.44186    113.480     14.840     14.701    10.6186    28.3748  1021.7529    21.6856    10.6170     86.204    95.3464     2.7541      8.201     5.6032     8.0076    244.929    250.240  0.000e+00
   58.20612 -134.44186    113.544     14.904     14.765    10.6201    28.3742  1021.7525    21.6849    10.6185     86.206    94.9549     2.7541      8.196     5.6032     8.0075    244.927    250.238  0.000e+00
   58.20612 -134.44186    113.432     14.815     14.677    10.6218    28.3738  1021.7516    21.6843    10.6202     86.206    94.7870     2.7541      8.201     5.6030     8.0073    244.920    250.231  0.000e+00
   58.20612 -134.44186    113.480     14.840     14.701    10.6229    28.3738  1021.7515    21.6841    10.6213     86.153    94.7870     2.7541      8.201     5.5994     8.0021    244.763    250.070  0.000e+00
   58.20612 -134.44186    113.544     14.904     14.765    10.6242    28.3734  1021.7512    21.6836    10.6226     86.151    94.7870     2.7541      8.201     5.5991     8.0017    244.750    250.057  0.000e+00
   58.20612 -134.44186    113.480     14.840     14.701    10.6259    28.3729  1021.7503    21.6829    10.6243     86.153    94.8150     2.7541      8.196     5.5991     8.0016    244.747    250.054  0.000e+00
   58.20612 -134.44186    113.480     14.840     14.701    10.6274    28.3721  1021.7494    21.6821    10.6258     86.156    94.8150     2.7541      8.201     5.5991     8.0017    244.750    250.056  0.000e+00
   58.20612 -134.44186    113.512     14.872     14.733    10.6297    28.3709  1021.7483    21.6808    10.6280     86.155    94.8150     2.7541      8.201     5.5988     8.0012    244.736    250.042  0.000e+00
   58.20612 -134.44186    113.424     14.783     14.645    10.6315    28.3703  1021.7471    21.6800    10.6298     86.147    94.8150     2.7541      8.201     5.5981     8.0003    244.706    250.012  0.000e+00
   58.20612 -134.44186    113.480     14.840     14.701    10.6332    28.3690  1021.7460    21.6787    10.6315     86.197    94.8150     2.7541      8.196     5.6012     8.0046    244.840    250.148  0.000e+00
   58.20612 -134.44186    113.480     14.840     14.701    10.6351    28.3674  1021.7445    21.6771    10.6335     86.195    94.8150     2.7541      8.201     5.6009     8.0043    244.829    250.136  0.000e+00
   58.20612 -134.44186    113.480     14.840     14.701    10.6361    28.3670  1021.7441    21.6767    10.6345     86.145    94.8150     2.7541      8.201     5.5975     7.9994    244.681    249.985  0.000e+00
   58.20612 -134.44186    113.480     14.839     14.701    10.6373    28.3665  1021.7435    21.6761    10.6356     86.139    94.7870     2.6661      8.196     5.5970     7.9987    244.659    249.962  0.000e+00
   58.20612 -134.44186    113.456     14.815     14.677    10.6383    28.3660  1021.7428    21.6756    10.6366     86.139    94.7870     2.4903      8.201     5.5969     7.9985    244.654    249.957  0.000e+00
   58.20612 -134.44186    113.424     14.783     14.645    10.6394    28.3653  1021.7419    21.6748    10.6378     86.144    94.8150     2.4317      8.201     5.5971     7.9988    244.664    249.967  0.000e+00
   58.20612 -134.44186    113.480     14.839     14.701    10.6402    28.3644  1021.7413    21.6740    10.6386     86.151    94.8150     2.4024      8.201     5.5975     7.9994    244.682    249.985  0.000e+00
   58.20612 -134.44186    113.368     14.726     14.589    10.6417    28.3632  1021.7397    21.6728    10.6401     86.152    94.8150     2.4317      8.201     5.5974     7.9992    244.677    249.980  0.000e+00
   58.20612 -134.44186    113.424     14.783     14.645    10.6425    28.3632  1021.7398    21.6727    10.6409     86.149    94.7870     2.4317      8.201     5.5971     7.9988    244.665    249.967  0.000e+00
