EcoFOCI/data/1_SampleCollection/2022_GOA-OA_CruiseData/CTD_raw_BottleFile_RC0083/RC0083_047.ros
* Sea-Bird SBE 9 Data File:
* FileName = C:\Data\RC0083ctd\RC0083_047.hex
* Software Version Seasave V 7.26.7.107
* Temperature SN = 2060
* Conductivity SN = 1084
* Number of Bytes Per Scan = 31
* Number of Voltage Words = 4
* Number of Scans Averaged by the Deck Unit = 1
* NMEA Latitude = 58 05.53 N
* NMEA Longitude = 137 29.42 W
* NMEA UTC (Time) = Aug 19 2022  05:56:59
* NMEA baud rate = 4800
** Ship: R/V Rachel Carson
** Cruise ID: RC0083
** Tech: McHugh/Nomura
** Chief Scientist: Cross
** Station: SEM20
** Cast:  CTD047
# nquan = 21
# nvalues = 294                                   
# units = specified
# name 0 = latitude: Latitude [deg]
# name 1 = longitude: Longitude [deg]
# name 2 = sfdSM: Seafloor depth [salt water, m]
# name 3 = prDM: Pressure, Digiquartz [db]
# name 4 = depSM: Depth [salt water, m]
# name 5 = t090C: Temperature [ITS-90, deg C]
# name 6 = sal00: Salinity, Practical [PSU]
# name 7 = density00: Density [density, kg/m^3]
# name 8 = sigma-é00: Density [sigma-theta, kg/m^3]
# name 9 = potemp090C: Potential Temperature [ITS-90, deg C]
# name 10 = sbeox0PS: Oxygen, SBE 43 [% saturation]
# name 11 = CStarTr0: Beam Transmission, WET Labs C-Star [%]
# name 12 = flECO-AFL: Fluorescence, WET Labs ECO-AFL/FL [mg/m^3]
# name 13 = ph: pH
# name 14 = sbeox0ML/L: Oxygen, SBE 43 [ml/l]
# name 15 = sbeox0Mg/L: Oxygen, SBE 43 [mg/l]
# name 16 = sbox0Mm/Kg: Oxygen, SBE 43 [umol/kg]
# name 17 = sbeox0Mm/L: Oxygen, SBE 43 [umol/l]
# name 18 = scan: Scan Count
# name 19 = nbf: Bottles Fired
# name 20 = flag:  0.000e+00
# interval = seconds: 0.0416667
# start_time = Aug 19 2022 05:56:59 [NMEA time, header]
# bad_flag = -9.990e-29
*END*
   58.09210 -137.49086    139.782    129.078    127.841     6.2852    33.0915  1026.6041    26.0104     6.2743     48.351   100.2690    -0.0884      7.811     3.3606     4.8026    146.280    150.084       6331          1  0.000e+00
   58.09210 -137.49086    139.606    128.900    127.665     6.2851    33.0915  1026.6033    26.0105     6.2741     48.353   100.2690    -0.0884      7.811     3.3608     4.8029    146.287    150.092       6332          1  0.000e+00
   58.09210 -137.49086    139.445    128.787    127.552     6.2848    33.0921  1026.6033    26.0109     6.2739     48.347   100.2690    -0.0591      7.811     3.3603     4.8022    146.268    150.072       6333          1  0.000e+00
   58.09210 -137.49086    139.629    129.021    127.785     6.2851    33.0914  1026.6038    26.0104     6.2741     48.350   100.2690    -0.0591      7.811     3.3605     4.8026    146.277    150.082       6334          1  0.000e+00
   58.09210 -137.49086    139.685    129.078    127.841     6.2848    33.0915  1026.6042    26.0105     6.2738     48.352   100.2690    -0.0591      7.811     3.3607     4.8027    146.282    150.087       6335          1  0.000e+00
   58.09210 -137.49086    139.564    128.957    127.721     6.2848    33.0920  1026.6039    26.0108     6.2739     48.351   100.2690    -0.0591      7.811     3.3606     4.8027    146.280    150.085       6336          1  0.000e+00
   58.09210 -137.49086    139.604    129.021    127.785     6.2848    33.0920  1026.6042    26.0108     6.2739     48.351   100.2690    -0.0591      7.811     3.3606     4.8027    146.280    150.085       6337          1  0.000e+00
   58.09210 -137.49086    139.587    129.078    127.841     6.2847    33.0919  1026.6045    26.0108     6.2738     48.351   100.2690    -0.0591      7.811     3.3606     4.8026    146.279    150.084       6338          1  0.000e+00
   58.09210 -137.49086    139.683    129.199    127.961     6.2848    33.0922  1026.6053    26.0110     6.2738     48.350   100.2690    -0.0591      7.811     3.3605     4.8025    146.276    150.081       6339          1  0.000e+00
   58.09210 -137.49086    139.506    129.021    127.785     6.2846    33.0920  1026.6043    26.0109     6.2736     48.346   100.2690    -0.0591      7.811     3.3603     4.8022    146.266    150.071       6340          1  0.000e+00
   58.09210 -137.49086    139.683    129.199    127.961     6.2847    33.0920  1026.6051    26.0109     6.2738     48.345   100.2690    -0.0591      7.811     3.3602     4.8020    146.260    150.065       6341          1  0.000e+00
   58.09210 -137.49086    139.714    129.256    128.017     6.2846    33.0926  1026.6058    26.0113     6.2736     48.341   100.2690    -0.0591      7.811     3.3599     4.8017    146.250    150.055       6342          1  0.000e+00
   58.09210 -137.49086    139.465    129.078    127.841     6.2844    33.0921  1026.6047    26.0110     6.2735     48.328   100.2410    -0.0591      7.811     3.3590     4.8004    146.210    150.013       6343          1  0.000e+00
   58.09210 -137.49086    139.625    129.264    128.025     6.2842    33.0918  1026.6053    26.0108     6.2733     48.324   100.2410    -0.0591      7.811     3.3588     4.8000    146.199    150.002       6344          1  0.000e+00
   58.09210 -137.49086    139.617    129.256    128.017     6.2836    33.0927  1026.6061    26.0116     6.2727     48.326   100.2410    -0.0591      7.811     3.3589     4.8003    146.207    150.010       6345          1  0.000e+00
   58.09210 -137.49086    139.617    129.256    128.017     6.2831    33.0927  1026.6061    26.0116     6.2722     48.320   100.2410    -0.0591      7.811     3.3585     4.7997    146.190    149.993       6346          1  0.000e+00
   58.09210 -137.49086    139.632    129.321    128.081     6.2828    33.0926  1026.6064    26.0116     6.2719     48.313   100.2410    -0.0591      7.811     3.3581     4.7991    146.172    149.974       6347          1  0.000e+00
   58.09210 -137.49088    139.583    129.321    128.081     6.2825    33.0931  1026.6068    26.0120     6.2715     48.306   100.2410    -0.0591      7.811     3.3576     4.7984    146.150    149.951       6348          1  0.000e+00
   58.09210 -137.49088    139.615    129.377    128.137     6.2828    33.0928  1026.6068    26.0117     6.2718     48.298   100.2410    -0.0591      7.811     3.3571     4.7976    146.125    149.926       6349          1  0.000e+00
   58.09210 -137.49088    139.615    129.377    128.137     6.2830    33.0924  1026.6064    26.0114     6.2720     48.289   100.2410    -0.0591      7.811     3.3564     4.7967    146.098    149.898       6350          1  0.000e+00
   58.09210 -137.49088    139.679    129.442    128.201     6.2831    33.0923  1026.6067    26.0113     6.2722     48.280   100.2410    -0.0591      7.811     3.3558     4.7958    146.070    149.869       6351          1  0.000e+00
   58.09210 -137.49088    139.630    129.442    128.201     6.2831    33.0929  1026.6072    26.0118     6.2722     48.270   100.2410    -0.0591      7.811     3.3551     4.7947    146.038    149.837       6352          1  0.000e+00
   58.09210 -137.49088    139.733    129.620    128.378     6.2838    33.0923  1026.6074    26.0112     6.2728     48.268   100.2410    -0.0591      7.811     3.3549     4.7945    146.032    149.831       6353          1  0.000e+00
   58.09210 -137.49088    139.501    129.385    128.145     6.2838    33.0926  1026.6066    26.0115     6.2728     48.207   100.2410    -0.0884      7.811     3.3506     4.7884    145.846    149.640       6354          1  0.000e+00
   58.09210 -137.49088    139.613    129.499    128.257     6.2840    33.0920  1026.6066    26.0109     6.2730     48.254   100.2410    -0.0884      7.811     3.3539     4.7931    145.988    149.785       6355          1  0.000e+00
   58.09210 -137.49088    139.669    129.555    128.314     6.2839    33.0923  1026.6071    26.0112     6.2729     48.251   100.2410    -0.0884      7.811     3.3537     4.7928    145.979    149.776       6356          1  0.000e+00
   58.09210 -137.49088    139.660    129.620    128.378     6.2842    33.0922  1026.6073    26.0111     6.2732     48.247   100.2410    -0.0884      7.811     3.3534     4.7924    145.968    149.765       6357          1  0.000e+00
   58.09210 -137.49088    139.611    129.620    128.378     6.2848    33.0918  1026.6069    26.0107     6.2738     48.243   100.2410    -0.0884      7.811     3.3531     4.7920    145.954    149.751       6358          1  0.000e+00
   58.09210 -137.49088    139.667    129.677    128.434     6.2851    33.0911  1026.6066    26.0101     6.2741     48.239   100.2410    -0.0884      7.811     3.3528     4.7916    145.942    149.738       6359          1  0.000e+00
   58.09210 -137.49088    139.667    129.677    128.434     6.2848    33.0916  1026.6070    26.0106     6.2739     48.235   100.2410    -0.0884      7.811     3.3525     4.7911    145.929    149.724       6360          1  0.000e+00
   58.09210 -137.49088    139.843    129.855    128.610     6.2848    33.0916  1026.6078    26.0105     6.2738     48.231   100.2690    -0.0884      7.811     3.3523     4.7907    145.917    149.712       6361          1  0.000e+00
   58.09210 -137.49088    139.569    129.677    128.434     6.2849    33.0916  1026.6070    26.0106     6.2739     48.225   100.2410    -0.0884      7.811     3.3518     4.7901    145.897    149.692       6362          1  0.000e+00
   58.09210 -137.49088    139.584    129.741    128.498     6.2848    33.0917  1026.6074    26.0106     6.2739     48.163   100.2410    -0.0884      7.811     3.3475     4.7839    145.710    149.500       6363          1  0.000e+00
   58.09210 -137.49088    139.697    129.855    128.610     6.2846    33.0915  1026.6078    26.0105     6.2736     48.207   100.2690    -0.0884      7.811     3.3506     4.7884    145.845    149.638       6364          1  0.000e+00
   58.09210 -137.49088    139.697    129.855    128.610     6.2844    33.0922  1026.6083    26.0110     6.2734     48.209   100.2690    -0.0884      7.811     3.3508     4.7886    145.852    149.645       6365          1  0.000e+00
   58.09210 -137.49088    139.761    129.920    128.674     6.2846    33.0914  1026.6080    26.0104     6.2736     48.212   100.2690    -0.0884      7.811     3.3510     4.7888    145.860    149.654       6366          1  0.000e+00
   58.09210 -137.49088    139.817    129.976    128.730     6.2844    33.0918  1026.6086    26.0108     6.2734     48.214   100.2690    -0.0884      7.811     3.3511     4.7891    145.868    149.662       6367          1  0.000e+00
   58.09210 -137.49088    139.937    130.098    128.850     6.2842    33.0917  1026.6091    26.0107     6.2732     48.209   100.2690    -0.0884      7.811     3.3508     4.7886    145.853    149.647       6368          1  0.000e+00
   58.09210 -137.49088    139.697    129.855    128.610     6.2839    33.0920  1026.6082    26.0110     6.2729     48.202   100.2690    -0.0884      7.811     3.3503     4.7879    145.831    149.624       6369          1  0.000e+00
   58.09210 -137.49088    140.057    130.219    128.971     6.2836    33.0917  1026.6097    26.0108     6.2726     48.206   100.2690    -0.0884      7.811     3.3506     4.7883    145.844    149.638       6370          1  0.000e+00
   58.09210 -137.49088    139.712    129.919    128.674     6.2836    33.0920  1026.6086    26.0110     6.2726     48.205   100.2410    -0.0884      7.811     3.3506     4.7883    145.843    149.637       6371          1  0.000e+00
   58.09210 -137.49088    139.830    130.162    128.914     6.2838    33.0922  1026.6098    26.0111     6.2727     48.200   100.2690    -0.0884      7.811     3.3502     4.7878    145.827    149.620       6372          1  0.000e+00
   58.09210 -137.49090    139.742    130.098    128.850     6.2833    33.0922  1026.6096    26.0112     6.2722     48.193   100.2690    -0.0884      7.811     3.3497     4.7871    145.807    149.599       6373          1  0.000e+00
   58.09210 -137.49090    139.862    130.219    128.970     6.2827    33.0922  1026.6103    26.0113     6.2717     48.187   100.2410    -0.0884      7.811     3.3493     4.7865    145.789    149.581       6374          1  0.000e+00
   58.09210 -137.49090    139.798    130.154    128.906     6.2823    33.0928  1026.6104    26.0118     6.2713     48.187   100.2690    -0.0884      7.811     3.3494     4.7866    145.791    149.583       6375          1  0.000e+00
   58.09210 -137.49090    139.901    130.332    129.083     6.2820    33.0928  1026.6113    26.0118     6.2709     48.189   100.2410    -0.0884      7.811     3.3495     4.7868    145.798    149.590       6376          1  0.000e+00
   58.09210 -137.49090    139.771    130.276    129.027     6.2812    33.0931  1026.6114    26.0122     6.2701     48.189   100.2690    -0.0884      7.811     3.3496     4.7869    145.801    149.594       6377          1  0.000e+00
   58.09210 -137.49090    139.803    130.332    129.083     6.2807    33.0933  1026.6119    26.0124     6.2696     48.190   100.2410    -0.0884      7.811     3.3497     4.7871    145.806    149.599       6378          1  0.000e+00
   58.09210 -137.49090    139.867    130.397    129.147     6.2799    33.0933  1026.6123    26.0125     6.2688     48.134   100.2690    -0.0884      7.811     3.3459     4.7816    145.640    149.428       6379          1  0.000e+00
   58.09202 -137.49118    137.863    100.825     99.865     6.3614    32.9352  1026.3409    25.8771     6.3528     49.816   105.5271    -0.0591      7.820     3.4599     4.9445    150.619    154.517       8270          2  0.000e+00
   58.09202 -137.49118    137.831    100.792     99.833     6.3625    32.9332  1026.3390    25.8754     6.3540     49.800   105.5271    -0.0591      7.820     3.4587     4.9428    150.568    154.464       8271          2  0.000e+00
   58.09202 -137.49118    137.983    100.946     99.985     6.3638    32.9319  1026.3386    25.8742     6.3552     49.786   105.5271    -0.0591      7.820     3.4576     4.9413    150.523    154.418       8272          2  0.000e+00
   58.09202 -137.49118    137.688    100.550     99.593     6.3651    32.9304  1026.3354    25.8729     6.3566     49.770   105.5271    -0.0591      7.820     3.4565     4.9396    150.473    154.366       8273          2  0.000e+00
   58.09202 -137.49118    138.156    100.825     99.865     6.3660    32.9296  1026.3359    25.8721     6.3575     49.761   105.5271    -0.0591      7.825     3.4557     4.9386    150.441    154.334       8274          2  0.000e+00
   58.09202 -137.49118    137.876    100.493     99.537     6.3664    32.9292  1026.3340    25.8717     6.3579     49.692   105.5271    -0.0591      7.820     3.4510     4.9318    150.234    154.120       8275          2  0.000e+00
   58.09202 -137.49118    138.085    100.703     99.745     6.3675    32.9282  1026.3341    25.8708     6.3589     49.734   105.5271    -0.0591      7.820     3.4538     4.9359    150.359    154.249       8276          2  0.000e+00
   58.09202 -137.49118    137.812    100.428     99.473     6.3693    32.9257  1026.3306    25.8687     6.3607     49.670   105.5271    -0.0591      7.820     3.4493     4.9293    150.160    154.044       8277          2  0.000e+00
   58.09202 -137.49118    138.111    100.582     99.625     6.3706    32.9245  1026.3301    25.8675     6.3621     49.658   105.5271    -0.0591      7.825     3.4484     4.9281    150.123    154.006       8278          2  0.000e+00
   58.09202 -137.49118    137.993    100.315     99.361     6.3715    32.9233  1026.3279    25.8664     6.3630     49.647   105.5271    -0.0591      7.825     3.4475     4.9269    150.085    153.967       8279          2  0.000e+00
   58.09202 -137.49118    138.218    100.493     99.537     6.3726    32.9224  1026.3278    25.8656     6.3641     49.640   105.5271    -0.0591      7.825     3.4470     4.9261    150.061    153.942       8280          2  0.000e+00
   58.09202 -137.49118    138.010    100.283     99.329     6.3728    32.9233  1026.3276    25.8663     6.3643     49.575   105.5271    -0.0591      7.825     3.4425     4.9197    149.866    153.742       8281          2  0.000e+00
   58.09202 -137.49118    137.922    100.194     99.240     6.3731    32.9228  1026.3267    25.8658     6.3646     49.563   105.4992    -0.0591      7.825     3.4416     4.9184    149.828    153.703       8282          2  0.000e+00
   58.09202 -137.49118    138.220    100.347     99.393     6.3731    32.9230  1026.3276    25.8660     6.3646     49.555   105.4153    -0.0591      7.825     3.4410     4.9176    149.802    153.677       8283          2  0.000e+00
   58.09202 -137.49118    138.134    100.137     99.184     6.3728    32.9229  1026.3266    25.8660     6.3643     49.546   105.3873    -0.0591      7.825     3.4405     4.9168    149.778    153.652       8284          2  0.000e+00
   58.09202 -137.49118    138.367    100.347     99.393     6.3728    32.9230  1026.3276    25.8660     6.3643     49.543   105.3873    -0.0591      7.825     3.4402     4.9164    149.767    153.641       8285          2  0.000e+00
   58.09202 -137.49118    138.134    100.137     99.184     6.3728    32.9235  1026.3270    25.8664     6.3643     49.539   105.3873    -0.0591      7.825     3.4400     4.9160    149.755    153.629       8286          2  0.000e+00
   58.09202 -137.49118    138.158    100.161     99.208     6.3728    32.9234  1026.3271    25.8663     6.3643     49.539   105.3873    -0.0591      7.825     3.4399     4.9160    149.755    153.628       8287          2  0.000e+00
   58.09202 -137.49118    138.134    100.137     99.184     6.3728    32.9233  1026.3269    25.8663     6.3643     49.541   105.3873    -0.0591      7.825     3.4401     4.9162    149.760    153.634       8288          2  0.000e+00
