EcoFOCI/data/1_SampleCollection/2022_GOA-OA_CruiseData/CTD_raw_BottleFile_RC0083/RC0083_031.ros
* Sea-Bird SBE 9 Data File:
* FileName = C:\Data\RC0083ctd\RC0083_031.hex
* Software Version Seasave V 7.26.7.107
* Temperature SN = 2060
* Conductivity SN = 1084
* Number of Bytes Per Scan = 31
* Number of Voltage Words = 4
* Number of Scans Averaged by the Deck Unit = 1
* NMEA Latitude = 58 35.53 N
* NMEA Longitude = 135 04.67 W
* NMEA UTC (Time) = Aug 18 2022  02:27:57
* NMEA baud rate = 4800
** Ship: R/V Rachel Carson
** Cruise ID: RC0083
** Tech: McHugh/Nomura
** Chief Scientist: Cross
** Station: JH2
** Cast:  CTD031
# nquan = 21
# nvalues = 196                                   
# units = specified
# name 0 = latitude: Latitude [deg]
# name 1 = longitude: Longitude [deg]
# name 2 = sfdSM: Seafloor depth [salt water, m]
# name 3 = prDM: Pressure, Digiquartz [db]
# name 4 = depSM: Depth [salt water, m]
# name 5 = t090C: Temperature [ITS-90, deg C]
# name 6 = sal00: Salinity, Practical [PSU]
# name 7 = density00: Density [density, kg/m^3]
# name 8 = sigma-é00: Density [sigma-theta, kg/m^3]
# name 9 = potemp090C: Potential Temperature [ITS-90, deg C]
# name 10 = sbeox0PS: Oxygen, SBE 43 [% saturation]
# name 11 = CStarTr0: Beam Transmission, WET Labs C-Star [%]
# name 12 = flECO-AFL: Fluorescence, WET Labs ECO-AFL/FL [mg/m^3]
# name 13 = ph: pH
# name 14 = sbeox0ML/L: Oxygen, SBE 43 [ml/l]
# name 15 = sbeox0Mg/L: Oxygen, SBE 43 [mg/l]
# name 16 = sbox0Mm/Kg: Oxygen, SBE 43 [umol/kg]
# name 17 = sbeox0Mm/L: Oxygen, SBE 43 [umol/l]
# name 18 = scan: Scan Count
# name 19 = nbf: Bottles Fired
# name 20 = flag:  0.000e+00
# interval = seconds: 0.0416667
# start_time = Aug 18 2022 02:27:57 [NMEA time, header]
# bad_flag = -9.990e-29
*END*
[from data line 69]
   58.59556 -135.07716    246.761    149.576    148.129     5.1491    32.9551  1026.7310    26.0388     5.1378     33.198    98.8705    -0.0591      7.645     2.3721     3.3899    103.249    105.937      21634          2  0.000e+00
   58.59556 -135.07716    246.817    149.633    148.185     5.1493    32.9552  1026.7313    26.0388     5.1379     33.200    98.8985    -0.0591      7.645     2.3722     3.3902    103.256    105.944      21635          2  0.000e+00
   58.59556 -135.07716    246.705    149.519    148.073     5.1493    32.9551  1026.7308    26.0388     5.1380     33.201    98.8985    -0.0591      7.645     2.3723     3.3902    103.257    105.946      21636          2  0.000e+00
   58.59556 -135.07716    246.753    149.568    148.121     5.1493    32.9549  1026.7308    26.0386     5.1380     33.192    98.8985    -0.0591      7.645     2.3717     3.3894    103.231    105.919      21637          2  0.000e+00
   58.59556 -135.07716    246.761    149.576    148.129     5.1493    32.9552  1026.7311    26.0388     5.1379     33.191    98.8985    -0.0591      7.645     2.3716     3.3892    103.227    105.915      21638          2  0.000e+00
   58.59556 -135.07716    246.753    149.568    148.121     5.1493    32.9550  1026.7309    26.0387     5.1379     33.188    98.8985    -0.0591      7.645     2.3714     3.3890    103.219    105.907      21639          2  0.000e+00
   58.59556 -135.07716    246.761    149.576    148.129     5.1493    32.9552  1026.7311    26.0388     5.1379     33.185    98.8985    -0.0591      7.645     2.3712     3.3886    103.208    105.896      21640          2  0.000e+00
   58.59556 -135.07716    246.697    149.511    148.065     5.1494    32.9551  1026.7307    26.0388     5.1381     33.180    98.8985    -0.0591      7.645     2.3708     3.3881    103.193    105.880      21641          2  0.000e+00
   58.59556 -135.07716    246.705    149.519    148.073     5.1495    32.9551  1026.7307    26.0387     5.1382     33.175    98.8985    -0.0591      7.645     2.3704     3.3875    103.175    105.862      21642          2  0.000e+00
   58.59556 -135.07716    246.753    149.568    148.121     5.1494    32.9549  1026.7308    26.0386     5.1381     33.168    98.8985    -0.0591      7.645     2.3699     3.3869    103.156    105.842      21643          2  0.000e+00
   58.59558 -135.07716    246.649    149.463    148.017     5.1496    32.9547  1026.7301    26.0384     5.1383     33.169    98.8985    -0.0591      7.645     2.3700     3.3869    103.157    105.843      21644          2  0.000e+00
   58.59558 -135.07716    246.753    149.568    148.121     5.1494    32.9550  1026.7309    26.0387     5.1381     33.170    98.8985    -0.0591      7.645     2.3700     3.3870    103.160    105.846      21645          2  0.000e+00
   58.59558 -135.07716    246.649    149.463    148.017     5.1493    32.9551  1026.7305    26.0388     5.1380     33.160    98.8985    -0.0591      7.645     2.3694     3.3861    103.131    105.816      21646          2  0.000e+00
   58.59558 -135.07716    246.697    149.511    148.065     5.1495    32.9550  1026.7306    26.0387     5.1382     33.159    98.8985    -0.0591      7.645     2.3693     3.3859    103.126    105.812      21647          2  0.000e+00
   58.59558 -135.07716    246.705    149.519    148.073     5.1494    32.9547  1026.7305    26.0385     5.1381     33.157    98.8985    -0.0591      7.645     2.3691     3.3857    103.120    105.806      21648          2  0.000e+00
   58.59558 -135.07716    246.641    149.455    148.009     5.1491    32.9549  1026.7303    26.0386     5.1378     33.145    98.8985    -0.0591      7.645     2.3683     3.3845    103.084    105.769      21649          2  0.000e+00
   58.59558 -135.07716    246.705    149.519    148.073     5.1493    32.9543  1026.7301    26.0381     5.1380     33.141    98.8985    -0.0591      7.645     2.3681     3.3842    103.073    105.757      21650          2  0.000e+00
   58.59558 -135.07716    246.577    149.390    147.945     5.1491    32.9542  1026.7294    26.0380     5.1378     33.194    98.8985    -0.0591      7.645     2.3718     3.3896    103.237    105.926      21651          2  0.000e+00
   58.59558 -135.07716    246.649    149.463    148.017     5.1490    32.9542  1026.7298    26.0381     5.1377     33.197    98.8985    -0.0591      7.645     2.3721     3.3899    103.248    105.936      21652          2  0.000e+00
   58.59558 -135.07716    246.641    149.455    148.009     5.1488    32.9543  1026.7299    26.0382     5.1375     33.199    98.8985    -0.0591      7.645     2.3722     3.3901    103.253    105.942      21653          2  0.000e+00
   58.59558 -135.07716    246.649    149.463    148.017     5.1488    32.9535  1026.7293    26.0375     5.1375     33.200    98.8705    -0.0591      7.645     2.3722     3.3902    103.256    105.945      21654          2  0.000e+00
   58.59558 -135.07716    246.577    149.390    147.945     5.1485    32.9532  1026.7287    26.0373     5.1372     33.199    98.8425    -0.0591      7.645     2.3722     3.3902    103.255    105.944      21655          2  0.000e+00
   58.59558 -135.07716    246.585    149.398    147.953     5.1480    32.9526  1026.7283    26.0369     5.1367     33.189    98.8425    -0.0591      7.645     2.3715     3.3892    103.226    105.913      21656          2  0.000e+00
   58.59558 -135.07716    246.577    149.390    147.945     5.1478    32.9521  1026.7279    26.0365     5.1365     33.195    98.8425    -0.0591      7.645     2.3720     3.3898    103.245    105.933      21657          2  0.000e+00
   58.59558 -135.07716    246.585    149.398    147.953     5.1477    32.9516  1026.7276    26.0362     5.1364     33.200    98.8425    -0.0591      7.645     2.3724     3.3904    103.262    105.950      21658          2  0.000e+00
   58.59558 -135.07716    246.577    149.390    147.945     5.1472    32.9520  1026.7279    26.0365     5.1359     33.196    98.8425    -0.0591      7.645     2.3721     3.3900    103.250    105.938      21659          2  0.000e+00
   58.59558 -135.07716    246.529    149.341    147.897     5.1474    32.9514  1026.7272    26.0361     5.1361     33.191    98.8425    -0.0591      7.645     2.3717     3.3894    103.233    105.921      21660          2  0.000e+00
   58.59558 -135.07716    246.521    149.333    147.889     5.1471    32.9520  1026.7277    26.0365     5.1358     33.184    98.8425    -0.0591      7.645     2.3713     3.3888    103.214    105.901      21661          2  0.000e+00
   58.59558 -135.07716    246.585    149.398    147.953     5.1474    32.9516  1026.7276    26.0362     5.1361     33.186    98.8425    -0.0591      7.645     2.3714     3.3889    103.218    105.906      21662          2  0.000e+00
   58.59652 -135.07706    149.461     51.313     50.828     6.9427    31.1158  1024.6047    24.3685     6.9382     66.307   100.8843     0.0288      7.919     4.5983     6.5715    200.477    205.362      26115          3  0.000e+00
   58.59652 -135.07706    149.525     51.377     50.892     6.9428    31.1160  1024.6051    24.3686     6.9384     66.307   100.8843     0.0288      7.919     4.5984     6.5715    200.477    205.363      26116          3  0.000e+00
   58.59652 -135.07706    149.461     51.313     50.828     6.9428    31.1160  1024.6048    24.3686     6.9384     66.307   100.8843     0.0288      7.919     4.5983     6.5715    200.476    205.361      26117          3  0.000e+00
   58.59652 -135.07706    149.565     51.442     50.956     6.9427    31.1160  1024.6054    24.3686     6.9382     66.316   100.8843     0.0288      7.919     4.5990     6.5724    200.503    205.389      26118          3  0.000e+00
   58.59652 -135.07706    149.461     51.313     50.828     6.9427    31.1158  1024.6047    24.3685     6.9382     66.315   100.8843     0.0288      7.919     4.5989     6.5723    200.501    205.387      26119          3  0.000e+00
   58.59652 -135.07706    149.469     51.321     50.836     6.9427    31.1158  1024.6047    24.3685     6.9382     66.315   100.9122     0.0288      7.919     4.5989     6.5723    200.502    205.388      26120          3  0.000e+00
   58.59652 -135.07706    149.525     51.377     50.892     6.9427    31.1160  1024.6051    24.3686     6.9382     66.316   100.9402     0.0288      7.919     4.5990     6.5724    200.504    205.390      26121          3  0.000e+00
   58.59652 -135.07706    149.469     51.321     50.836     6.9427    31.1163  1024.6050    24.3688     6.9382     66.316   100.9402     0.0288      7.919     4.5990     6.5724    200.503    205.389      26122          3  0.000e+00
   58.59652 -135.07706    149.525     51.377     50.892     6.9425    31.1160  1024.6051    24.3687     6.9381     66.317   100.9402     0.0288      7.919     4.5990     6.5725    200.507    205.393      26123          3  0.000e+00
   58.59652 -135.07706    149.469     51.321     50.836     6.9427    31.1158  1024.6047    24.3685     6.9382     66.316   100.9402     0.0288      7.919     4.5990     6.5725    200.506    205.392      26124          3  0.000e+00
   58.59652 -135.07706    149.525     51.377     50.892     6.9427    31.1160  1024.6051    24.3686     6.9382     66.317   100.9402     0.0288      7.919     4.5991     6.5725    200.508    205.394      26125          3  0.000e+00
   58.59652 -135.07706    149.469     51.321     50.836     6.9427    31.1160  1024.6049    24.3687     6.9382     66.317   100.9402     0.0288      7.919     4.5990     6.5725    200.507    205.394      26126          3  0.000e+00
   58.59652 -135.07706    149.525     51.377     50.893     6.9427    31.1160  1024.6051    24.3687     6.9382     66.318   100.9402     0.0288      7.919     4.5991     6.5726    200.510    205.396      26127          3  0.000e+00
   58.59652 -135.07706    149.469     51.321     50.836     6.9427    31.1160  1024.6049    24.3687     6.9382     66.318   100.9402     0.0288      7.919     4.5991     6.5726    200.509    205.395      26128          3  0.000e+00
   58.59652 -135.07706    149.461     51.313     50.828     6.9428    31.1159  1024.6047    24.3686     6.9384     66.318   100.9402     0.0288      7.919     4.5991     6.5726    200.510    205.396      26129          3  0.000e+00
   58.59652 -135.07706    149.525     51.377     50.893     6.9427    31.1160  1024.6051    24.3687     6.9382     66.319   100.9402     0.0288      7.919     4.5992     6.5727    200.513    205.399      26130          3  0.000e+00
   58.59652 -135.07706    149.461     51.313     50.828     6.9427    31.1158  1024.6047    24.3685     6.9382     66.319   100.9402     0.0288      7.919     4.5992     6.5727    200.512    205.398      26131          3  0.000e+00
   58.59652 -135.07706    149.445     51.321     50.837     6.9425    31.1161  1024.6049    24.3687     6.9381     66.319   100.9402     0.0288      7.919     4.5992     6.5727    200.514    205.400      26132          3  0.000e+00
   58.59652 -135.07706    149.461     51.313     50.829     6.9424    31.1161  1024.6049    24.3688     6.9380     66.319   100.9402     0.0288      7.919     4.5992     6.5728    200.515    205.401      26133          3  0.000e+00
   58.59652 -135.07706    149.525     51.378     50.893     6.9425    31.1157  1024.6049    24.3684     6.9381     66.320   100.9402     0.0288      7.919     4.5993     6.5728    200.518    205.404      26134          3  0.000e+00
   58.59652 -135.07706    149.469     51.321     50.837     6.9425    31.1158  1024.6047    24.3685     6.9381     66.320   100.9402     0.0288      7.919     4.5993     6.5728    200.517    205.403      26135          3  0.000e+00
   58.59652 -135.07706    149.461     51.313     50.829     6.9424    31.1158  1024.6047    24.3685     6.9380     66.320   100.9402     0.0288      7.919     4.5993     6.5729    200.518    205.405      26136          3  0.000e+00
   58.59652 -135.07706    149.469     51.321     50.837     6.9424    31.1158  1024.6047    24.3685     6.9380     66.321   100.9402     0.0288      7.919     4.5993     6.5729    200.520    205.406      26137          3  0.000e+00
   58.59652 -135.07706    149.461     51.313     50.829     6.9422    31.1164  1024.6052    24.3690     6.9377     66.321   100.9402     0.0288      7.919     4.5994     6.5729    200.521    205.407      26138          3  0.000e+00
   58.59652 -135.07706    149.405     51.256     50.773     6.9425    31.1158  1024.6044    24.3685     6.9381     66.265   100.9402     0.0288      7.919     4.5954     6.5673    200.350    205.232      26139          3  0.000e+00
   58.59652 -135.07706    149.525     51.378     50.893     6.9427    31.1157  1024.6049    24.3684     6.9382     66.259   100.9402     0.0288      7.919     4.5950     6.5668    200.332    205.214      26140          3  0.000e+00
   58.59652 -135.07706    149.405     51.256     50.773     6.9424    31.1163  1024.6048    24.3689     6.9380     66.251   100.9402     0.0288      7.919     4.5945     6.5660    200.310    205.191      26141          3  0.000e+00
   58.59652 -135.07706    149.461     51.313     50.829     6.9428    31.1159  1024.6047    24.3686     6.9384     66.246   100.9402     0.0288      7.919     4.5941     6.5654    200.291    205.172      26142          3  0.000e+00
   58.59652 -135.07706    149.469     51.321     50.837     6.9427    31.1160  1024.6049    24.3687     6.9382     66.240   100.9402     0.0288      7.919     4.5937     6.5648    200.274    205.154      26143          3  0.000e+00
   58.59652 -135.07706    149.461     51.313     50.829     6.9430    31.1157  1024.6045    24.3684     6.9386     66.290   100.9402     0.0288      7.919     4.5971     6.5698    200.424    205.308      26144          3  0.000e+00
   58.59652 -135.07706    149.469     51.321     50.837     6.9430    31.1157  1024.6046    24.3684     6.9386     66.292   100.9402     0.0288      7.919     4.5973     6.5700    200.430    205.314      26145          3  0.000e+00
   58.59652 -135.07706    149.461     51.313     50.829     6.9432    31.1160  1024.6047    24.3686     6.9387     66.238   100.9402     0.0288      7.919     4.5935     6.5646    200.266    205.146      26146          3  0.000e+00
   58.59652 -135.07706    149.469     51.321     50.837     6.9433    31.1158  1024.6046    24.3684     6.9389     66.233   100.9402     0.0288      7.919     4.5931     6.5640    200.249    205.129      26147          3  0.000e+00
   58.59652 -135.07706    149.405     51.256     50.773     6.9432    31.1157  1024.6042    24.3683     6.9387     66.283   100.9402     0.0288      7.919     4.5966     6.5691    200.403    205.286      26148          3  0.000e+00
   58.59652 -135.07706    149.469     51.321     50.837     6.9433    31.1159  1024.6047    24.3685     6.9389     66.286   100.9402     0.0288      7.919     4.5968     6.5693    200.411    205.294      26149          3  0.000e+00
   58.59652 -135.07706    149.461     51.313     50.829     6.9430    31.1159  1024.6047    24.3685     6.9386     66.288   100.9402     0.0288      7.919     4.5970     6.5696    200.420    205.303      26150          3  0.000e+00
   58.59652 -135.07706    149.469     51.321     50.837     6.9432    31.1158  1024.6046    24.3684     6.9387     66.291   100.9402     0.0288      7.919     4.5972     6.5698    200.427    205.311      26151          3  0.000e+00
   58.59652 -135.07706    149.461     51.313     50.829     6.9433    31.1155  1024.6044    24.3682     6.9389     66.293   100.9402     0.0288      7.919     4.5974     6.5701    200.434    205.318      26152          3  0.000e+00
   58.59652 -135.07706    149.405     51.256     50.773     6.9434    31.1156  1024.6041    24.3682     6.9390     66.295   100.9402     0.0288      7.919     4.5975     6.5702    200.439    205.323      26153          3  0.000e+00
