EcoFOCI/data/1_SampleCollection/2022_GOA-OA_CruiseData/CTD_raw_BottleFile_RC0083/RC0083_139.cnv
* Sea-Bird SBE 9 Data File:
* FileName = C:\Data\RC0083ctd\RC0083_139.hex
* Software Version Seasave V 7.26.7.107
* Temperature SN = 2060
* Conductivity SN = 2881
* Number of Bytes Per Scan = 31
* Number of Voltage Words = 4
* Number of Scans Averaged by the Deck Unit = 1
* NMEA Latitude = 55 29.22 N
* NMEA Longitude = 131 55.51 W
* NMEA UTC (Time) = Aug 28 2022  09:18:13
* NMEA baud rate = 4800
** Ship: R/V Rachel Carson
** Cruise ID: RC0083
** Tech: McHugh/Nomura
** Chief Scientist: Cross
** Station: MCLS4
** Cast:  CTD139
# nquan = 19
# nvalues = 19248                                 
# units = specified
# name 0 = latitude: Latitude [deg]
# name 1 = longitude: Longitude [deg]
# name 2 = sfdSM: Seafloor depth [salt water, m]
# name 3 = prDM: Pressure, Digiquartz [db]
# name 4 = depSM: Depth [salt water, m]
# name 5 = t090C: Temperature [ITS-90, deg C]
# name 6 = sal00: Salinity, Practical [PSU]
# name 7 = density00: Density [density, kg/m^3]
# name 8 = sigma-é00: Density [sigma-theta, kg/m^3]
# name 9 = potemp090C: Potential Temperature [ITS-90, deg C]
# name 10 = sbeox0PS: Oxygen, SBE 43 [% saturation]
# name 11 = CStarTr0: Beam Transmission, WET Labs C-Star [%]
# name 12 = flECO-AFL: Fluorescence, WET Labs ECO-AFL/FL [mg/m^3]
# name 13 = ph: pH
# name 14 = sbeox0ML/L: Oxygen, SBE 43 [ml/l]
# name 15 = sbeox0Mg/L: Oxygen, SBE 43 [mg/l]
# name 16 = sbox0Mm/Kg: Oxygen, SBE 43 [umol/kg]
# name 17 = sbeox0Mm/L: Oxygen, SBE 43 [umol/l]
# name 18 = flag:  0.000e+00
# span 0 =   55.48696,   55.49012                 
# span 1 = -131.92514, -131.92266                 
# span 2 =      3.545,    322.601                 
# span 3 =      1.913,    281.419                 
# span 4 =      1.896,    278.681                 
# span 5 =     5.6045,    14.8669                 
# span 6 =    27.3368,    33.6958                 
# span 7 =  1020.1336,  1027.8676                 
# span 8 =    20.1032,    26.5733                 
# span 9 =     5.5816,    14.8661                 
# span 10 =     22.415,     91.207                
# span 11 =    87.7948,   104.9118                
# span 12 =    -0.1177,     3.3987                
# span 13 =      7.672,      8.338                
# span 14 =     1.5764,     5.4762                
# span 15 =     2.2529,     7.8261                
# span 16 =     68.581,    239.576                
# span 17 =     70.404,    244.569                
# span 18 = 0.0000e+00, 0.0000e+00                
# interval = seconds: 0.0416667
# start_time = Aug 28 2022 09:18:13 [NMEA time, header]
# bad_flag = -9.990e-29
*END*
[from data line 18972]
   55.49000 -131.92270    110.071     11.642     11.537    14.8466    27.3399  1020.1592    20.1073    14.8449     89.970    88.1584     2.6368      8.281     5.3853     7.6961    235.766    240.507  0.000e+00
   55.49000 -131.92270    110.071     11.642     11.537    14.8508    27.3386  1020.1573    20.1054    14.8492     89.942    88.1584     2.6368      8.286     5.3832     7.6931    235.675    240.414  0.000e+00
   55.49000 -131.92270    110.095     11.667     11.561    14.8538    27.3376  1020.1561    20.1041    14.8521     89.919    88.1584     2.6368      8.286     5.3815     7.6908    235.603    240.339  0.000e+00
   55.49000 -131.92270    110.071     11.642     11.537    14.8545    27.3368  1020.1553    20.1033    14.8529     89.946    88.1584     2.6661      8.286     5.3831     7.6929    235.670    240.408  0.000e+00
   55.49000 -131.92270    110.071     11.642     11.537    14.8555    27.3369  1020.1551    20.1032    14.8539     89.923    88.1584     2.6368      8.286     5.3816     7.6908    235.606    240.342  0.000e+00
   55.49000 -131.92270    110.095     11.667     11.561    14.8552    27.3369  1020.1553    20.1032    14.8536     89.955    88.1584     2.6368      8.286     5.3835     7.6936    235.691    240.429  0.000e+00
   55.49000 -131.92270    109.951     11.521     11.416    14.8547    27.3374  1020.1551    20.1037    14.8531     89.882    88.1304     2.6368      8.286     5.3792     7.6874    235.501    240.236  0.000e+00
   55.49000 -131.92270    110.103     11.699     11.593    14.8545    27.3371  1020.1557    20.1035    14.8529     89.917    88.1584     2.6368      8.286     5.3813     7.6904    235.593    240.330  0.000e+00
   55.49000 -131.92270    110.039     11.610     11.505    14.8543    27.3376  1020.1557    20.1039    14.8527     89.900    88.1584     2.6368      8.291     5.3803     7.6890    235.549    240.284  0.000e+00
   55.49000 -131.92270    110.015     11.586     11.481    14.8537    27.3377  1020.1558    20.1042    14.8521     89.884    88.1584     2.6368      8.291     5.3794     7.6878    235.511    240.246  0.000e+00
   55.49000 -131.92270    110.015     11.586     11.481    14.8535    27.3380  1020.1561    20.1045    14.8518     89.866    88.1584     2.6368      8.291     5.3783     7.6862    235.463    240.197  0.000e+00
   55.49000 -131.92270    110.015     11.586     11.481    14.8532    27.3378  1020.1560    20.1044    14.8516     89.848    88.1584     2.5782      8.291     5.3773     7.6847    235.418    240.151  0.000e+00
   55.49000 -131.92270    109.959     11.553     11.449    14.8534    27.3377  1020.1558    20.1042    14.8518     89.827    88.1584     2.5196      8.291     5.3760     7.6829    235.362    240.094  0.000e+00
   55.49000 -131.92270    109.951     11.521     11.416    14.8538    27.3377  1020.1556    20.1042    14.8522     89.807    88.1584     2.5196      8.291     5.3748     7.6811    235.308    240.039  0.000e+00
   55.49000 -131.92270    109.951     11.521     11.416    14.8534    27.3379  1020.1557    20.1044    14.8518     89.843    88.1584     2.5196      8.291     5.3770     7.6842    235.403    240.136  0.000e+00
   55.49000 -131.92270    109.919     11.489     11.384    14.8531    27.3378  1020.1556    20.1044    14.8515     89.825    88.1584     2.5196      8.295     5.3760     7.6828    235.360    240.091  0.000e+00
   55.49002 -131.92270    109.895     11.465     11.360    14.8532    27.3379  1020.1555    20.1044    14.8516     89.810    88.1304     2.5489      8.295     5.3750     7.6815    235.318    240.049  0.000e+00
   55.49002 -131.92270    109.895     11.465     11.360    14.8535    27.3378  1020.1554    20.1043    14.8519     89.791    88.1304     2.5196      8.295     5.3739     7.6799    235.269    239.999  0.000e+00
   55.49002 -131.92270    109.815     11.408     11.304    14.8534    27.3382  1020.1555    20.1046    14.8518     89.774    88.1304     2.5196      8.295     5.3729     7.6784    235.223    239.952  0.000e+00
   55.49002 -131.92270    109.783     11.376     11.272    14.8531    27.3384  1020.1555    20.1048    14.8516     89.754    88.1304     2.5489      8.295     5.3717     7.6767    235.173    239.901  0.000e+00
   55.49002 -131.92270    109.839     11.408     11.304    14.8530    27.3386  1020.1558    20.1050    14.8514     89.737    88.1304     2.5196      8.295     5.3707     7.6753    235.128    239.855  0.000e+00
   55.49002 -131.92270    109.751     11.343     11.240    14.8530    27.3387  1020.1557    20.1051    14.8514     89.721    88.1304     2.5196      8.295     5.3697     7.6739    235.085    239.811  0.000e+00
   55.49002 -131.92270    109.687     11.255     11.152    14.8535    27.3385  1020.1550    20.1048    14.8520     89.702    88.1304     2.5196      8.300     5.3685     7.6722    235.033    239.758  0.000e+00
   55.49002 -131.92270    109.719     11.287     11.184    14.8545    27.3386  1020.1550    20.1047    14.8529     89.687    88.1304     2.5489      8.300     5.3675     7.6707    234.988    239.712  0.000e+00
   55.49002 -131.92270    109.631     11.222     11.120    14.8547    27.3380  1020.1542    20.1042    14.8532     89.668    88.1304     2.5196      8.300     5.3664     7.6691    234.939    239.662  0.000e+00
   55.49002 -131.92270    109.623     11.190     11.088    14.8547    27.3380  1020.1541    20.1042    14.8532     89.652    88.1304     2.5196      8.300     5.3654     7.6677    234.897    239.619  0.000e+00
   55.49002 -131.92270    109.575     11.166     11.064    14.8545    27.3387  1020.1545    20.1047    14.8529     89.688    88.1304     2.5196      8.300     5.3676     7.6708    234.991    239.716  0.000e+00
   55.49002 -131.92270    109.543     11.109     11.008    14.8545    27.3388  1020.1544    20.1048    14.8530     89.676    88.1304     2.5196      8.300     5.3669     7.6698    234.961    239.684  0.000e+00
   55.49002 -131.92270    109.455     11.045     10.944    14.8542    27.3389  1020.1542    20.1050    14.8526     89.663    88.1304     2.5196      8.300     5.3661     7.6687    234.927    239.650  0.000e+00
   55.49002 -131.92270    109.511     11.077     10.976    14.8539    27.3390  1020.1545    20.1051    14.8524     89.653    88.1304     2.5196      8.300     5.3655     7.6679    234.901    239.624  0.000e+00
   55.49002 -131.92270    109.423     10.988     10.888    14.8535    27.3393  1020.1544    20.1054    14.8519     89.640    88.1304     2.5196      8.305     5.3648     7.6668    234.869    239.591  0.000e+00
   55.49002 -131.92270    109.343     10.932     10.832    14.8535    27.3394  1020.1543    20.1055    14.8520     89.629    88.1304     2.5489      8.300     5.3642     7.6659    234.841    239.563  0.000e+00
   55.49002 -131.92270    109.303     10.891     10.792    14.8538    27.3396  1020.1541    20.1056    14.8523     89.672    88.1304     2.6075      8.305     5.3667     7.6695    234.951    239.675  0.000e+00
   55.49002 -131.92270    109.303     10.867     10.768    14.8544    27.3396  1020.1539    20.1055    14.8529     89.663    88.1304     2.6075      8.305     5.3660     7.6686    234.924    239.648  0.000e+00
   55.49002 -131.92270    109.223     10.810     10.712    14.8547    27.3392  1020.1533    20.1051    14.8532     89.652    88.1304     2.6075      8.305     5.3654     7.6677    234.895    239.618  0.000e+00
   55.49002 -131.92270    109.191     10.778     10.680    14.8547    27.3392  1020.1532    20.1051    14.8532     89.644    88.1304     2.6075      8.305     5.3649     7.6670    234.873    239.596  0.000e+00
   55.49002 -131.92270    109.183     10.746     10.648    14.8528    27.3411  1020.1549    20.1069    14.8513     89.580    88.1025     2.6075      8.305     5.3612     7.6617    234.714    239.433  0.000e+00
   55.49002 -131.92270    109.071     10.633     10.536    14.8522    27.3417  1020.1549    20.1075    14.8507     89.564    88.0745     2.6368      8.305     5.3603     7.6604    234.673    239.391  0.000e+00
   55.49002 -131.92270    109.014     10.600     10.504    14.8528    27.3414  1020.1544    20.1072    14.8513     89.552    88.0465     2.6075      8.305     5.3595     7.6593    234.637    239.355  0.000e+00
   55.49002 -131.92270    109.071     10.633     10.536    14.8516    27.3413  1020.1548    20.1073    14.8501     89.539    88.0465     2.6075      8.305     5.3589     7.6584    234.610    239.327  0.000e+00
   55.49002 -131.92270    108.926     10.512     10.416    14.8404    27.3454  1020.1596    20.1127    14.8390     89.577    88.0465     2.6075      8.305     5.3623     7.6632    234.757    239.479  0.000e+00
   55.49002 -131.92270    108.895     10.455     10.360    14.8275    27.3504  1020.1659    20.1192    14.8261     89.566    88.0465     2.6075      8.309     5.3628     7.6640    234.780    239.504  0.000e+00
   55.49002 -131.92270    108.855     10.415     10.320    14.8162    27.3561  1020.1724    20.1260    14.8148     89.558    88.0465     2.6075      8.305     5.3634     7.6648    234.802    239.528  0.000e+00
   55.49002 -131.92270    108.831     10.390     10.296    14.8130    27.3590  1020.1752    20.1288    14.8116     89.602    88.0465     2.6075      8.309     5.3663     7.6689    234.928    239.657  0.000e+00
   55.49002 -131.92270    108.711     10.269     10.176    14.8179    27.3578  1020.1727    20.1269    14.8165     89.597    88.0465     2.6075      8.309     5.3655     7.6678    234.896    239.623  0.000e+00
   55.49002 -131.92270    108.743     10.302     10.208    14.8232    27.3550  1020.1696    20.1236    14.8217     89.594    88.0465     2.6075      8.309     5.3648     7.6668    234.866    239.592  0.000e+00
   55.49002 -131.92270    108.686     10.269     10.176    14.8232    27.3550  1020.1695    20.1237    14.8217     89.588    88.0465     2.6075      8.309     5.3645     7.6664    234.851    239.578  0.000e+00
   55.49002 -131.92270    108.574     10.156     10.064    14.8237    27.3545  1020.1685    20.1232    14.8223     89.531    88.0465     2.6075      8.309     5.3610     7.6614    234.701    239.424  0.000e+00
   55.49002 -131.92270    108.534     10.116     10.024    14.8233    27.3547  1020.1685    20.1234    14.8219     89.524    88.0465     2.6075      8.309     5.3606     7.6609    234.683    239.405  0.000e+00
   55.49002 -131.92270    108.574     10.156     10.064    14.8245    27.3545  1020.1683    20.1230    14.8231     89.570    88.0465     2.6075      8.309     5.3633     7.6646    234.799    239.524  0.000e+00
   55.49002 -131.92270    108.479     10.035      9.944    14.8267    27.3538  1020.1667    20.1220    14.8253     89.564    88.0465     2.6075      8.309     5.3627     7.6638    234.773    239.497  0.000e+00
   55.49002 -131.92270    108.447     10.003      9.912    14.8282    27.3529  1020.1656    20.1210    14.8268     89.558    88.0465     2.5782      8.309     5.3622     7.6631    234.751    239.475  0.000e+00
   55.49002 -131.92270    108.359      9.914      9.824    14.8291    27.3524  1020.1647    20.1204    14.8277     89.554    88.0465     2.4317      8.309     5.3619     7.6627    234.739    239.462  0.000e+00
   55.49002 -131.92270    108.334      9.914      9.824    14.8298    27.3523  1020.1644    20.1202    14.8284     89.605    88.0465     2.4024      8.309     5.3649     7.6669    234.869    239.595  0.000e+00
   55.49002 -131.92270    108.302      9.881      9.792    14.8342    27.3497  1020.1614    20.1173    14.8329     89.555    88.0465     2.3731      8.309     5.3615     7.6621    234.721    239.443  0.000e+00
   55.49002 -131.92270    108.303      9.857      9.768    14.8306    27.3514  1020.1633    20.1193    14.8293     89.550    88.0465     2.4024      8.309     5.3615     7.6621    234.722    239.444  0.000e+00
   55.49002 -131.92270    108.239      9.793      9.704    14.8254    27.3537  1020.1659    20.1222    14.8240     89.602    87.9626     2.4024      8.309     5.3651     7.6673    234.879    239.605  0.000e+00
   55.49002 -131.92270    108.207      9.760      9.672    14.8238    27.3546  1020.1668    20.1232    14.8225     89.604    87.8507     2.4024      8.309     5.3653     7.6676    234.890    239.616  0.000e+00
   55.49002 -131.92270    108.182      9.736      9.648    14.8245    27.3551  1020.1669    20.1234    14.8232     89.604    87.8228     2.4024      8.309     5.3653     7.6676    234.888    239.614  0.000e+00
   55.49002 -131.92270    108.126      9.680      9.592    14.8263    27.3543  1020.1656    20.1224    14.8250     89.604    87.7948     2.4024      8.309     5.3651     7.6673    234.879    239.605  0.000e+00
   55.49002 -131.92270    108.150      9.704      9.616    14.8269    27.3541  1020.1655    20.1222    14.8256     89.603    87.8228     2.4024      8.309     5.3650     7.6671    234.875    239.601  0.000e+00
   55.49002 -131.92270    108.038      9.615      9.528    14.8289    27.3538  1020.1645    20.1216    14.8276     89.601    87.8228     2.4024      8.309     5.3646     7.6666    234.859    239.585  0.000e+00
   55.49002 -131.92270    108.006      9.558      9.472    14.8363    27.3505  1020.1601    20.1175    14.8349     89.597    87.8228     2.4024      8.309     5.3637     7.6653    234.820    239.544  0.000e+00
   55.49002 -131.92270    108.030      9.583      9.496    14.8357    27.3506  1020.1604    20.1177    14.8344     89.652    87.8228     2.4024      8.309     5.3671     7.6701    234.967    239.694  0.000e+00
   55.49002 -131.92270    108.006      9.558      9.472    14.8297    27.3530  1020.1634    20.1208    14.8284     89.657    87.8228     2.4024      8.309     5.3679     7.6713    235.004    239.732  0.000e+00
   55.49004 -131.92268    107.942      9.494      9.408    14.8254    27.3554  1020.1659    20.1235    14.8241     89.660    87.8228     2.4024      8.309     5.3685     7.6722    235.029    239.758  0.000e+00
   55.49004 -131.92268    107.910      9.461      9.376    14.8282    27.3546  1020.1645    20.1223    14.8269     89.662    87.8228     2.4024      8.309     5.3684     7.6719    235.022    239.751  0.000e+00
   55.49004 -131.92268    107.886      9.437      9.352    14.8339    27.3514  1020.1608    20.1187    14.8326     89.663    87.8228     2.4024      8.309     5.3679     7.6713    235.003    239.731  0.000e+00
   55.49004 -131.92268    107.886      9.437      9.352    14.8356    27.3508  1020.1600    20.1179    14.8343     89.664    87.8228     2.4024      8.314     5.3678     7.6711    234.999    239.726  0.000e+00
   55.49004 -131.92268    107.774      9.348      9.264    14.8365    27.3508  1020.1594    20.1177    14.8352     89.663    87.8228     2.4024      8.309     5.3677     7.6709    234.992    239.719  0.000e+00
   55.49004 -131.92268    107.830      9.381      9.296    14.8379    27.3501  1020.1587    20.1168    14.8366     89.716    87.8228     2.4024      8.309     5.3707     7.6753    235.126    239.856  0.000e+00
   55.49004 -131.92268    107.830      9.381      9.296    14.8417    27.3487  1020.1569    20.1150    14.8404     89.718    87.8228     2.4024      8.314     5.3705     7.6749    235.115    239.845  0.000e+00
   55.49004 -131.92268    107.734      9.284      9.199    14.8458    27.3473  1020.1545    20.1131    14.8445     89.664    87.8228     2.4317      8.314     5.3668     7.6697    234.957    239.683  0.000e+00
   55.49004 -131.92268    107.766      9.316      9.231    14.8485    27.3468  1020.1537    20.1122    14.8472     89.661    87.8228     2.4317      8.314     5.3663     7.6690    234.935    239.660  0.000e+00
   55.49004 -131.92268    107.766      9.316      9.231    14.8507    27.3458  1020.1525    20.1110    14.8494     89.656    87.8228     2.4610      8.309     5.3658     7.6683    234.913    239.637  0.000e+00
