EcoFOCI/data/1_SampleCollection/2022_GOA-OA_CruiseData/CTD_raw_BottleFile_RC0083/RC0083_043.ros
* Sea-Bird SBE 9 Data File:
* FileName = C:\Data\RC0083ctd\RC0083_043.hex
* Software Version Seasave V 7.26.7.107
* Temperature SN = 2060
* Conductivity SN = 1084
* Number of Bytes Per Scan = 31
* Number of Voltage Words = 4
* Number of Scans Averaged by the Deck Unit = 1
* NMEA Latitude = 58 07.79 N
* NMEA Longitude = 136 33.45 W
* NMEA UTC (Time) = Aug 18 2022  22:19:16
* NMEA baud rate = 4800
** Ship: R/V Rachel Carson
** Cruise ID: RC0083
** Tech: McHugh/Nomura
** Chief Scientist: Cross
** Station: XS2
** Cast:  CTD043
# nquan = 21
# nvalues = 441                                   
# units = specified
# name 0 = latitude: Latitude [deg]
# name 1 = longitude: Longitude [deg]
# name 2 = sfdSM: Seafloor depth [salt water, m]
# name 3 = prDM: Pressure, Digiquartz [db]
# name 4 = depSM: Depth [salt water, m]
# name 5 = t090C: Temperature [ITS-90, deg C]
# name 6 = sal00: Salinity, Practical [PSU]
# name 7 = density00: Density [density, kg/m^3]
# name 8 = sigma-é00: Density [sigma-theta, kg/m^3]
# name 9 = potemp090C: Potential Temperature [ITS-90, deg C]
# name 10 = sbeox0PS: Oxygen, SBE 43 [% saturation]
# name 11 = CStarTr0: Beam Transmission, WET Labs C-Star [%]
# name 12 = flECO-AFL: Fluorescence, WET Labs ECO-AFL/FL [mg/m^3]
# name 13 = ph: pH
# name 14 = sbeox0ML/L: Oxygen, SBE 43 [ml/l]
# name 15 = sbeox0Mg/L: Oxygen, SBE 43 [mg/l]
# name 16 = sbox0Mm/Kg: Oxygen, SBE 43 [umol/kg]
# name 17 = sbeox0Mm/L: Oxygen, SBE 43 [umol/l]
# name 18 = scan: Scan Count
# name 19 = nbf: Bottles Fired
# name 20 = flag:  0.000e+00
# interval = seconds: 0.0416667
# start_time = Aug 18 2022 22:19:16 [NMEA time, header]
# bad_flag = -9.990e-29
*END*
[from data line 138]
   58.13006 -136.55404    297.952    201.284    199.319     6.2249    33.2248  1027.0492    26.1241     6.2078     43.984   101.0521    -0.0591      7.787     3.0587     4.3712    133.123    136.600      17106          3  0.000e+00
   58.13006 -136.55404    297.936    201.268    199.303     6.2251    33.2248  1027.0491    26.1240     6.2081     43.980   101.0241    -0.0591      7.787     3.0584     4.3708    133.110    136.588      17107          3  0.000e+00
   58.13006 -136.55404    297.896    201.227    199.263     6.2250    33.2245  1027.0486    26.1238     6.2079     43.919   101.0241    -0.0591      7.791     3.0541     4.3646    132.924    136.396      17108          3  0.000e+00
   58.13006 -136.55404    297.880    201.211    199.247     6.2251    33.2246  1027.0486    26.1238     6.2081     43.906   101.0241    -0.0591      7.791     3.0532     4.3634    132.886    136.358      17109          3  0.000e+00
   58.13006 -136.55404    297.896    201.227    199.263     6.2253    33.2243  1027.0484    26.1236     6.2082     43.894   101.0241    -0.0591      7.791     3.0524     4.3622    132.850    136.320      17110          3  0.000e+00
   58.13006 -136.55404    297.880    201.211    199.247     6.2246    33.2249  1027.0490    26.1241     6.2076     43.882   101.0521    -0.0591      7.791     3.0516     4.3610    132.814    136.284      17111          3  0.000e+00
   58.13006 -136.55404    297.896    201.227    199.263     6.2245    33.2249  1027.0490    26.1241     6.2074     43.870   101.0521    -0.0591      7.791     3.0508     4.3598    132.778    136.247      17112          3  0.000e+00
   58.13006 -136.55404    297.824    201.154    199.191     6.2245    33.2251  1027.0489    26.1243     6.2074     43.866   101.0241    -0.0591      7.791     3.0505     4.3594    132.766    136.234      17113          3  0.000e+00
   58.13006 -136.55404    297.832    201.163    199.199     6.2246    33.2254  1027.0492    26.1246     6.2076     43.863   100.8843    -0.0591      7.791     3.0502     4.3591    132.755    136.223      17114          3  0.000e+00
   58.13006 -136.55364    249.799    152.639    151.167     6.4128    32.9746  1026.6038    25.9022     6.3998     49.311   101.3038    -0.0591      7.829     3.4198     4.8872    148.870    152.726      19403          4  0.000e+00
   58.13006 -136.55364    249.807    152.647    151.175     6.4128    32.9751  1026.6042    25.9026     6.3998     49.312   101.3038    -0.0591      7.829     3.4198     4.8873    148.874    152.730      19404          4  0.000e+00
   58.13006 -136.55364    249.503    152.339    150.870     6.4130    32.9751  1026.6027    25.9026     6.3999     49.312   101.3038    -0.0591      7.829     3.4198     4.8872    148.872    152.728      19405          4  0.000e+00
   58.13006 -136.55364    249.575    152.412    150.942     6.4131    32.9745  1026.6026    25.9021     6.4001     49.314   101.3038    -0.0591      7.829     3.4200     4.8875    148.880    152.736      19406          4  0.000e+00
   58.13006 -136.55364    249.623    152.461    150.990     6.4136    32.9737  1026.6021    25.9014     6.4006     49.317   101.3038    -0.0591      7.829     3.4201     4.8877    148.887    152.743      19407          4  0.000e+00
   58.13006 -136.55364    249.567    152.404    150.934     6.4148    32.9722  1026.6005    25.9001     6.4017     49.319   101.3038    -0.0591      7.829     3.4202     4.8878    148.891    152.747      19408          4  0.000e+00
   58.13006 -136.55364    249.455    152.291    150.822     6.4162    32.9703  1026.5983    25.8984     6.4032     49.321   101.2758    -0.0591      7.829     3.4203     4.8879    148.894    152.750      19409          4  0.000e+00
   58.13006 -136.55364    249.382    152.218    150.750     6.4171    32.9694  1026.5971    25.8976     6.4041     49.323   101.3038    -0.0591      7.829     3.4204     4.8881    148.900    152.756      19410          4  0.000e+00
   58.13006 -136.55364    249.399    152.234    150.766     6.4175    32.9692  1026.5970    25.8973     6.4044     49.327   101.3038    -0.0591      7.829     3.4207     4.8885    148.910    152.767      19411          4  0.000e+00
   58.13006 -136.55364    249.270    152.104    150.638     6.4176    32.9690  1026.5962    25.8972     6.4046     49.322   101.3038    -0.0591      7.829     3.4203     4.8879    148.895    152.750      19412          4  0.000e+00
   58.13006 -136.55364    249.214    152.048    150.582     6.4179    32.9687  1026.5957    25.8969     6.4049     49.317   101.3038    -0.0591      7.829     3.4200     4.8875    148.880    152.735      19413          4  0.000e+00
   58.13006 -136.55364    249.150    151.983    150.518     6.4178    32.9688  1026.5955    25.8970     6.4048     49.313   101.3038    -0.0591      7.829     3.4196     4.8870    148.866    152.721      19414          4  0.000e+00
   58.13006 -136.55364    249.150    151.983    150.518     6.4179    32.9685  1026.5952    25.8967     6.4049     49.308   101.3038    -0.0591      7.829     3.4193     4.8866    148.853    152.708      19415          4  0.000e+00
   58.13006 -136.55364    249.102    151.935    150.470     6.4181    32.9682  1026.5948    25.8965     6.4051     49.312   101.3038    -0.0591      7.829     3.4196     4.8869    148.863    152.718      19416          4  0.000e+00
   58.13006 -136.55364    249.030    151.862    150.397     6.4178    32.9689  1026.5950    25.8971     6.4048     49.316   101.3318    -0.0591      7.829     3.4199     4.8873    148.876    152.731      19417          4  0.000e+00
   58.13006 -136.55364    248.982    151.813    150.349     6.4179    32.9685  1026.5945    25.8968     6.4049     49.320   101.3877    -0.0591      7.829     3.4202     4.8877    148.888    152.744      19418          4  0.000e+00
   58.13006 -136.55362    248.910    151.740    150.277     6.4178    32.9689  1026.5944    25.8970     6.4048     49.325   101.3877    -0.0591      7.829     3.4205     4.8882    148.902    152.758      19419          4  0.000e+00
   58.13006 -136.55362    248.862    151.692    150.229     6.4176    32.9693  1026.5946    25.8974     6.4046     49.330   101.3877    -0.0591      7.829     3.4208     4.8887    148.917    152.774      19420          4  0.000e+00
   58.13006 -136.55362    248.790    151.619    150.157     6.4175    32.9688  1026.5938    25.8970     6.4045     49.335   101.3877    -0.0591      7.829     3.4212     4.8892    148.934    152.791      19421          4  0.000e+00
   58.13006 -136.55362    248.741    151.570    150.109     6.4176    32.9683  1026.5932    25.8966     6.4046     49.340   101.3877    -0.0591      7.829     3.4216     4.8898    148.951    152.808      19422          4  0.000e+00
   58.13006 -136.55362    248.733    151.562    150.101     6.4176    32.9689  1026.5937    25.8971     6.4046     49.338   101.3877    -0.0591      7.829     3.4214     4.8896    148.944    152.801      19423          4  0.000e+00
   58.13006 -136.55362    248.677    151.506    150.045     6.4176    32.9690  1026.5935    25.8972     6.4047     49.344   101.3877    -0.0591      7.829     3.4218     4.8901    148.961    152.819      19424          4  0.000e+00
   58.13006 -136.55362    248.565    151.392    149.933     6.4178    32.9688  1026.5928    25.8970     6.4048     49.350   101.3877    -0.0591      7.829     3.4222     4.8907    148.979    152.837      19425          4  0.000e+00
   58.13006 -136.55362    248.613    151.441    149.981     6.4194    32.9670  1026.5914    25.8954     6.4065     49.357   101.3877    -0.0591      7.829     3.4226     4.8913    148.996    152.855      19426          4  0.000e+00
   58.13006 -136.55362    248.509    151.336    149.877     6.4201    32.9661  1026.5901    25.8946     6.4071     49.364   101.3877    -0.0591      7.829     3.4230     4.8919    149.015    152.873      19427          4  0.000e+00
   58.13006 -136.55362    248.557    151.384    149.925     6.4211    32.9651  1026.5894    25.8936     6.4082     49.371   101.3877    -0.0591      7.829     3.4235     4.8926    149.035    152.894      19428          4  0.000e+00
   58.13006 -136.55362    248.445    151.271    149.812     6.4215    32.9647  1026.5885    25.8933     6.4085     49.378   101.3877    -0.0591      7.829     3.4240     4.8932    149.056    152.916      19429          4  0.000e+00
   58.13006 -136.55362    248.437    151.263    149.804     6.4222    32.9641  1026.5879    25.8927     6.4092     49.378   101.3877    -0.0591      7.829     3.4239     4.8932    149.054    152.913      19430          4  0.000e+00
   58.13006 -136.55362    248.364    151.214    149.756     6.4232    32.9629  1026.5866    25.8917     6.4103     49.378   101.3877    -0.0591      7.829     3.4239     4.8930    149.050    152.909      19431          4  0.000e+00
   58.13006 -136.55362    248.381    151.206    149.748     6.4247    32.9615  1026.5853    25.8904     6.4118     49.378   101.3877    -0.0591      7.829     3.4238     4.8929    149.046    152.905      19432          4  0.000e+00
   58.13006 -136.55362    248.325    151.149    149.692     6.4254    32.9608  1026.5844    25.8897     6.4124     49.377   101.3877    -0.0591      7.829     3.4237     4.8928    149.043    152.902      19433          4  0.000e+00
   58.13006 -136.55362    248.381    151.206    149.748     6.4262    32.9599  1026.5839    25.8889     6.4132     49.377   101.3877    -0.0591      7.829     3.4237     4.8928    149.042    152.901      19434          4  0.000e+00
   58.13006 -136.55362    248.114    151.085    149.628     6.4265    32.9596  1026.5830    25.8886     6.4135     49.377   101.3877    -0.0591      7.829     3.4236     4.8927    149.039    152.898      19435          4  0.000e+00
   58.13006 -136.55362    247.854    151.093    149.636     6.4268    32.9593  1026.5828    25.8884     6.4139     49.377   101.3877    -0.0591      7.829     3.4236     4.8926    149.038    152.897      19436          4  0.000e+00
   58.13006 -136.55362    247.804    151.141    149.684     6.4265    32.9597  1026.5833    25.8887     6.4135     49.377   101.3038    -0.0591      7.829     3.4236     4.8927    149.040    152.899      19437          4  0.000e+00
   58.13006 -136.55362    247.700    151.036    149.580     6.4267    32.9594  1026.5826    25.8884     6.4137     49.376   101.1080    -0.0591      7.829     3.4236     4.8926    149.038    152.896      19438          4  0.000e+00
   58.13006 -136.55362    247.772    151.085    149.628     6.4265    32.9596  1026.5830    25.8886     6.4136     49.377   101.0521    -0.0591      7.829     3.4236     4.8926    149.039    152.897      19439          4  0.000e+00
   58.13006 -136.55362    247.780    151.093    149.636     6.4265    32.9597  1026.5831    25.8887     6.4135     49.377   101.0241    -0.0591      7.829     3.4236     4.8927    149.039    152.898      19440          4  0.000e+00
   58.13006 -136.55362    247.716    151.028    149.572     6.4270    32.9593  1026.5824    25.8883     6.4140     49.376   101.0521    -0.0591      7.829     3.4235     4.8926    149.037    152.895      19441          4  0.000e+00
   58.13006 -136.55362    247.724    151.036    149.580     6.4281    32.9582  1026.5815    25.8873     6.4152     49.376   101.0521    -0.0591      7.829     3.4235     4.8925    149.033    152.892      19442          4  0.000e+00
   58.13006 -136.55362    247.772    151.085    149.628     6.4284    32.9579  1026.5814    25.8870     6.4154     49.376   101.0521    -0.0591      7.829     3.4235     4.8925    149.034    152.892      19443          4  0.000e+00
   58.13006 -136.55362    247.724    151.036    149.580     6.4288    32.9577  1026.5810    25.8869     6.4158     49.376   101.0521    -0.0591      7.829     3.4234     4.8924    149.032    152.889      19444          4  0.000e+00
   58.13006 -136.55362    247.716    151.028    149.572     6.4292    32.9572  1026.5805    25.8864     6.4162     49.376   101.0521    -0.0591      7.829     3.4234     4.8924    149.030    152.888      19445          4  0.000e+00
   58.13006 -136.55362    247.716    151.028    149.572     6.4294    32.9572  1026.5805    25.8864     6.4165     49.376   101.0521    -0.0591      7.829     3.4234     4.8923    149.030    152.887      19446          4  0.000e+00
   58.13006 -136.55362    247.780    151.093    149.636     6.4289    32.9576  1026.5812    25.8868     6.4159     49.376   101.0521    -0.0591      7.829     3.4234     4.8924    149.032    152.890      19447          4  0.000e+00
   58.13006 -136.55362    247.772    151.085    149.628     6.4289    32.9577  1026.5811    25.8868     6.4159     49.376   101.0521    -0.0591      7.829     3.4234     4.8924    149.032    152.890      19448          4  0.000e+00
   58.13006 -136.55362    247.749    151.036    149.580     6.4297    32.9568  1026.5801    25.8860     6.4167     49.376   101.0521    -0.0591      7.829     3.4233     4.8923    149.029    152.887      19449          4  0.000e+00
   58.13006 -136.55362    248.090    151.085    149.628     6.4310    32.9556  1026.5792    25.8849     6.4180     49.376   101.0521    -0.0591      7.829     3.4233     4.8922    149.026    152.884      19450          4  0.000e+00
   58.13006 -136.55362    248.269    151.093    149.636     6.4308    32.9556  1026.5793    25.8849     6.4179     49.376   101.0521    -0.0591      7.829     3.4233     4.8922    149.027    152.885      19451          4  0.000e+00
   58.13010 -136.55322    198.659    100.988    100.027     7.0146    32.3878  1025.8242    25.3608     7.0056     50.352    93.5564     0.0874      7.856     3.4571     4.9405    150.574    154.393      21905          5  0.000e+00
   58.13010 -136.55322    198.988    101.320    100.355     7.0125    32.3896  1025.8274    25.3625     7.0035     50.363    93.5564     0.0874      7.856     3.4579     4.9418    150.612    154.432      21906          5  0.000e+00
   58.13010 -136.55322    198.780    101.110    100.147     7.0117    32.3902  1025.8270    25.3631     7.0027     50.370    93.5564     0.0874      7.856     3.4584     4.9425    150.634    154.454      21907          5  0.000e+00
   58.13010 -136.55322    198.723    101.053    100.091     7.0113    32.3908  1025.8272    25.3636     7.0023     50.385    93.5564     0.0874      7.856     3.4595     4.9439    150.679    154.500      21908          5  0.000e+00
   58.13010 -136.55322    198.812    101.142    100.179     7.0102    32.3914  1025.8283    25.3642     7.0012     50.456    93.5564     0.0874      7.856     3.4645     4.9511    150.896    154.724      21909          5  0.000e+00
   58.13010 -136.55322    198.780    101.110    100.147     7.0088    32.3923  1025.8291    25.3651     6.9998     50.414    93.5564     0.0874      7.856     3.4617     4.9470    150.773    154.597      21910          5  0.000e+00
   58.13010 -136.55322    198.756    101.085    100.123     7.0084    32.3927  1025.8293    25.3655     6.9994     50.419    93.5564     0.0874      7.856     3.4621     4.9476    150.791    154.615      21911          5  0.000e+00
   58.13010 -136.55322    198.780    101.110    100.147     7.0077    32.3929  1025.8296    25.3657     6.9987     50.425    93.5564     0.0874      7.856     3.4625     4.9482    150.808    154.634      21912          5  0.000e+00
   58.13010 -136.55322    198.756    101.085    100.123     7.0055    32.3948  1025.8313    25.3675     6.9965     50.429    93.5564     0.0874      7.856     3.4629     4.9488    150.828    154.654      21913          5  0.000e+00
   58.13010 -136.55322    198.780    101.110    100.147     7.0018    32.3981  1025.8345    25.3706     6.9928     50.433    93.5564     0.0874      7.861     3.4634     4.9496    150.850    154.677      21914          5  0.000e+00
