EcoFOCI/data/1_SampleCollection/2022_GOA-OA_CruiseData/CTD_raw_BottleFile_RC0083/RC0083_015.ros
* Sea-Bird SBE 9 Data File:
* FileName = C:\Data\RC0083ctd\RC0083_015.hex
* Software Version Seasave V 7.26.7.107
* Temperature SN = 2060
* Conductivity SN = 1084
* Number of Bytes Per Scan = 31
* Number of Voltage Words = 4
* Number of Scans Averaged by the Deck Unit = 1
* NMEA Latitude = 55 47.82 N
* NMEA Longitude = 134 21.35 W
* NMEA UTC (Time) = Aug 13 2022  08:05:54
* NMEA baud rate = 4800
** Ship: R/V Rachel Carson
** Cruise ID: RC0083 RC0083
** Tech: McHugh/Nomura
** Chief Scientist: Cross Cross
** Station: POW2
** Cast:  015
# nquan = 21
# nvalues = 245                                   
# units = specified
# name 0 = latitude: Latitude [deg]
# name 1 = longitude: Longitude [deg]
# name 2 = sfdSM: Seafloor depth [salt water, m]
# name 3 = prDM: Pressure, Digiquartz [db]
# name 4 = depSM: Depth [salt water, m]
# name 5 = t090C: Temperature [ITS-90, deg C]
# name 6 = sal00: Salinity, Practical [PSU]
# name 7 = density00: Density [density, kg/m^3]
# name 8 = sigma-é00: Density [sigma-theta, kg/m^3]
# name 9 = potemp090C: Potential Temperature [ITS-90, deg C]
# name 10 = sbeox0PS: Oxygen, SBE 43 [% saturation]
# name 11 = CStarTr0: Beam Transmission, WET Labs C-Star [%]
# name 12 = flECO-AFL: Fluorescence, WET Labs ECO-AFL/FL [mg/m^3]
# name 13 = ph: pH
# name 14 = sbeox0ML/L: Oxygen, SBE 43 [ml/l]
# name 15 = sbeox0Mg/L: Oxygen, SBE 43 [mg/l]
# name 16 = sbox0Mm/Kg: Oxygen, SBE 43 [umol/kg]
# name 17 = sbeox0Mm/L: Oxygen, SBE 43 [umol/l]
# name 18 = scan: Scan Count
# name 19 = nbf: Bottles Fired
# name 20 = flag:  0.000e+00
# interval = seconds: 0.0416667
# start_time = Aug 13 2022 08:05:54 [NMEA time, header]
# bad_flag = -9.990e-29
*END*
   55.79716 -134.35510     96.730     87.507     86.694     7.0313    32.7239  1026.0243    25.6230     7.0235     54.721   102.8701     0.0581      7.880     3.7473     5.3552    163.171    167.352       6063          1  0.000e+00
   55.79716 -134.35510     96.674     87.450     86.638     7.0315    32.7238  1026.0239    25.6229     7.0236     54.717   102.8980     0.0581      7.880     3.7470     5.3549    163.161    167.342       6064          1  0.000e+00
   55.79716 -134.35510     96.706     87.483     86.670     7.0313    32.7239  1026.0242    25.6230     7.0235     54.722   102.8980     0.0581      7.880     3.7473     5.3553    163.176    167.357       6065          1  0.000e+00
   55.79716 -134.35510     96.755     87.507     86.694     7.0313    32.7239  1026.0243    25.6230     7.0235     54.718   102.8701     0.0581      7.880     3.7471     5.3550    163.165    167.346       6066          1  0.000e+00
   55.79716 -134.35510     96.683     87.386     86.574     7.0310    32.7243  1026.0241    25.6233     7.0232     54.713   102.8980     0.0581      7.880     3.7468     5.3545    163.150    167.330       6067          1  0.000e+00
   55.79716 -134.35510     96.772     87.450     86.638     7.0315    32.7236  1026.0238    25.6227     7.0236     54.709   102.8980     0.0581      7.880     3.7464     5.3540    163.136    167.315       6068          1  0.000e+00
   55.79716 -134.35510     96.692     87.369     86.558     7.0312    32.7242  1026.0239    25.6232     7.0234     54.703   102.8980     0.0581      7.880     3.7460     5.3534    163.117    167.297       6069          1  0.000e+00
   55.79716 -134.35510     96.683     87.386     86.574     7.0315    32.7240  1026.0238    25.6230     7.0236     54.704   102.8980     0.0581      7.880     3.7461     5.3536    163.122    167.301       6070          1  0.000e+00
   55.79716 -134.35510     96.701     87.329     86.517     7.0313    32.7240  1026.0236    25.6231     7.0235     54.705   102.8980     0.0581      7.880     3.7462     5.3537    163.125    167.304       6071          1  0.000e+00
   55.79716 -134.35510     96.774     87.329     86.517     7.0315    32.7238  1026.0233    25.6228     7.0237     54.650   102.8701     0.0581      7.880     3.7424     5.3482    162.959    167.135       6072          1  0.000e+00
   55.79716 -134.35510     96.830     87.386     86.574     7.0315    32.7240  1026.0238    25.6230     7.0236     54.644   102.8701     0.0581      7.880     3.7420     5.3476    162.941    167.116       6073          1  0.000e+00
   55.79716 -134.35510     96.750     87.305     86.493     7.0315    32.7240  1026.0234    25.6230     7.0237     54.636   102.8980     0.0581      7.880     3.7415     5.3469    162.920    167.094       6074          1  0.000e+00
   55.79716 -134.35510     96.774     87.329     86.517     7.0315    32.7243  1026.0238    25.6233     7.0237     54.630   102.8980     0.0581      7.880     3.7410     5.3463    162.900    167.074       6075          1  0.000e+00
   55.79716 -134.35510     96.774     87.329     86.517     7.0317    32.7238  1026.0233    25.6228     7.0239     54.624   102.8980     0.0581      7.880     3.7406     5.3457    162.881    167.054       6076          1  0.000e+00
   55.79716 -134.35510     96.710     87.264     86.453     7.0316    32.7239  1026.0232    25.6230     7.0238     54.617   102.8701     0.0581      7.885     3.7401     5.3450    162.860    167.033       6077          1  0.000e+00
   55.79716 -134.35510     96.750     87.305     86.493     7.0315    32.7242  1026.0235    25.6232     7.0237     54.610   102.8980     0.0581      7.880     3.7397     5.3444    162.841    167.014       6078          1  0.000e+00
   55.79716 -134.35510     96.774     87.329     86.517     7.0315    32.7244  1026.0238    25.6233     7.0237     54.604   102.8701     0.0581      7.880     3.7392     5.3437    162.822    166.994       6079          1  0.000e+00
   55.79716 -134.35510     96.798     87.329     86.517     7.0313    32.7241  1026.0236    25.6231     7.0235     54.653   102.7862     0.0581      7.885     3.7427     5.3486    162.971    167.147       6080          1  0.000e+00
   55.79716 -134.35510     96.807     87.264     86.453     7.0313    32.7243  1026.0235    25.6233     7.0235     54.654   102.7582     0.0581      7.885     3.7427     5.3486    162.971    167.147       6081          1  0.000e+00
   55.79716 -134.35510     96.872     87.305     86.493     7.0313    32.7241  1026.0235    25.6231     7.0235     54.598   102.7582     0.0581      7.880     3.7389     5.3432    162.806    166.977       6082          1  0.000e+00
   55.79716 -134.35510     96.896     87.329     86.517     7.0312    32.7241  1026.0237    25.6232     7.0234     54.591   102.7582     0.0581      7.885     3.7384     5.3425    162.785    166.957       6083          1  0.000e+00
   55.79716 -134.35510     96.832     87.264     86.453     7.0313    32.7242  1026.0234    25.6232     7.0235     54.583   102.7582     0.0581      7.885     3.7379     5.3418    162.762    166.932       6084          1  0.000e+00
   55.79716 -134.35510     96.920     87.329     86.517     7.0315    32.7239  1026.0235    25.6230     7.0237     54.577   102.7582     0.0581      7.885     3.7374     5.3411    162.741    166.911       6085          1  0.000e+00
   55.79716 -134.35510     96.945     87.329     86.517     7.0316    32.7237  1026.0233    25.6228     7.0238     54.570   102.7582     0.0581      7.885     3.7369     5.3404    162.720    166.889       6086          1  0.000e+00
   55.79716 -134.35510     96.945     87.305     86.493     7.0320    32.7234  1026.0229    25.6225     7.0242     54.562   102.7582     0.0581      7.880     3.7364     5.3396    162.697    166.866       6087          1  0.000e+00
   55.79716 -134.35510     96.969     87.329     86.517     7.0317    32.7235  1026.0231    25.6226     7.0239     54.555   102.7582     0.0581      7.880     3.7359     5.3390    162.677    166.845       6088          1  0.000e+00
   55.79716 -134.35510     97.001     87.385     86.573     7.0316    32.7234  1026.0233    25.6226     7.0238     54.548   102.7582     0.0581      7.880     3.7354     5.3383    162.657    166.825       6089          1  0.000e+00
   55.79716 -134.35510     96.969     87.329     86.517     7.0313    32.7239  1026.0235    25.6230     7.0235     54.541   102.7582     0.0581      7.880     3.7349     5.3376    162.635    166.802       6090          1  0.000e+00
   55.79716 -134.35510     97.034     87.369     86.557     7.0313    32.7237  1026.0235    25.6228     7.0235     54.534   102.7582     0.0581      7.880     3.7345     5.3369    162.615    166.781       6091          1  0.000e+00
   55.79716 -134.35510     97.050     87.385     86.573     7.0313    32.7238  1026.0236    25.6229     7.0235     54.527   102.7582     0.0581      7.880     3.7340     5.3362    162.594    166.760       6092          1  0.000e+00
   55.79716 -134.35510     96.993     87.329     86.517     7.0318    32.7235  1026.0231    25.6226     7.0239     54.527   102.7582     0.0581      7.880     3.7340     5.3362    162.593    166.759       6093          1  0.000e+00
   55.79716 -134.35510     97.050     87.385     86.573     7.0318    32.7237  1026.0235    25.6227     7.0240     54.528   102.7582     0.0581      7.885     3.7340     5.3363    162.596    166.763       6094          1  0.000e+00
   55.79716 -134.35510     97.090     87.426     86.613     7.0320    32.7234  1026.0234    25.6225     7.0241     54.530   102.7582     0.0581      7.880     3.7341     5.3365    162.601    166.767       6095          1  0.000e+00
   55.79716 -134.35510     97.050     87.385     86.573     7.0320    32.7234  1026.0233    25.6225     7.0241     54.523   102.7582     0.0581      7.880     3.7337     5.3358    162.581    166.747       6096          1  0.000e+00
   55.79716 -134.35510     97.050     87.385     86.573     7.0320    32.7236  1026.0234    25.6226     7.0241     54.517   102.7582     0.0581      7.885     3.7333     5.3352    162.562    166.728       6097          1  0.000e+00
   55.79716 -134.35510     97.114     87.450     86.637     7.0323    32.7231  1026.0233    25.6222     7.0244     54.519   102.7582     0.0581      7.880     3.7334     5.3354    162.568    166.733       6098          1  0.000e+00
   55.79716 -134.35510     96.993     87.329     86.517     7.0320    32.7233  1026.0229    25.6224     7.0241     54.512   102.7582     0.0581      7.880     3.7329     5.3348    162.549    166.714       6099          1  0.000e+00
   55.79716 -134.35510     97.210     87.547     86.734     7.0323    32.7232  1026.0238    25.6223     7.0244     54.508   102.7582     0.0581      7.880     3.7326     5.3343    162.534    166.699       6100          1  0.000e+00
   55.79716 -134.35510     97.114     87.450     86.637     7.0320    32.7236  1026.0237    25.6226     7.0241     54.501   102.7582     0.0581      7.880     3.7322     5.3337    162.515    166.679       6101          1  0.000e+00
   55.79716 -134.35510     97.114     87.450     86.637     7.0321    32.7230  1026.0232    25.6222     7.0243     54.552   102.7582     0.0581      7.880     3.7356     5.3386    162.665    166.833       6102          1  0.000e+00
   55.79716 -134.35510     97.170     87.507     86.693     7.0322    32.7229  1026.0234    25.6221     7.0243     54.561   102.7582     0.0581      7.880     3.7363     5.3395    162.693    166.862       6103          1  0.000e+00
   55.79716 -134.35510     97.146     87.482     86.669     7.0321    32.7233  1026.0236    25.6224     7.0243     54.570   102.7582     0.0581      7.880     3.7369     5.3404    162.720    166.889       6104          1  0.000e+00
   55.79716 -134.35510     97.114     87.450     86.637     7.0322    32.7232  1026.0233    25.6223     7.0244     54.571   102.7582     0.0581      7.885     3.7369     5.3405    162.723    166.892       6105          1  0.000e+00
   55.79716 -134.35510     97.170     87.507     86.693     7.0320    32.7236  1026.0240    25.6226     7.0241     54.580   102.7582     0.0581      7.880     3.7376     5.3414    162.750    166.920       6106          1  0.000e+00
   55.79716 -134.35510     97.170     87.507     86.693     7.0321    32.7232  1026.0237    25.6224     7.0243     54.533   102.7582     0.0581      7.880     3.7343     5.3367    162.609    166.775       6107          1  0.000e+00
   55.79716 -134.35510     97.210     87.547     86.734     7.0322    32.7231  1026.0237    25.6222     7.0243     54.534   102.7582     0.0581      7.880     3.7345     5.3369    162.614    166.781       6108          1  0.000e+00
   55.79716 -134.35510     97.170     87.507     86.693     7.0323    32.7234  1026.0238    25.6225     7.0244     54.536   102.7582     0.0581      7.880     3.7345     5.3370    162.618    166.785       6109          1  0.000e+00
   55.79716 -134.35510     97.170     87.507     86.693     7.0320    32.7235  1026.0239    25.6226     7.0241     54.538   102.7582     0.0581      7.885     3.7347     5.3373    162.626    166.793       6110          1  0.000e+00
   55.79716 -134.35510     97.170     87.507     86.693     7.0316    32.7237  1026.0241    25.6227     7.0238     54.541   102.7582     0.0581      7.880     3.7349     5.3376    162.634    166.802       6111          1  0.000e+00
   55.79726 -134.35492     97.432     51.606     51.131     7.4036    32.4806  1025.6170    25.3806     7.3988     56.593   102.4505     0.2632      7.903     3.8487     5.5001    167.627    171.881       8684          2  0.000e+00
   55.79726 -134.35492     97.231     51.428     50.955     7.4033    32.4807  1025.6162    25.3806     7.3986     56.592   102.4505     0.2339      7.903     3.8487     5.5001    167.627    171.881       8685          2  0.000e+00
   55.79726 -134.35492     97.119     51.315     50.843     7.4028    32.4810  1025.6160    25.3809     7.3981     56.593   102.3946     0.2046      7.903     3.8487     5.5002    167.629    171.883       8686          2  0.000e+00
   55.79726 -134.35492     97.231     51.428     50.955     7.4024    32.4816  1025.6171    25.3815     7.3977     56.594   102.3946     0.2046      7.903     3.8488     5.5004    167.635    171.889       8687          2  0.000e+00
   55.79726 -134.35492     97.351     51.550     51.075     7.4029    32.4813  1025.6173    25.3811     7.3982     56.596   102.3946     0.2046      7.903     3.8489     5.5005    167.638    171.893       8688          2  0.000e+00
   55.79726 -134.35492     97.030     51.251     50.779     7.4031    32.4816  1025.6161    25.3814     7.3984     56.595   102.3946     0.2046      7.903     3.8488     5.5003    167.634    171.888       8689          2  0.000e+00
   55.79726 -134.35492     97.327     51.550     51.075     7.4032    32.4809  1025.6169    25.3808     7.3985     56.598   102.3946     0.2046      7.903     3.8490     5.5007    167.643    171.898       8690          2  0.000e+00
   55.79726 -134.35492     97.206     51.428     50.955     7.4037    32.4805  1025.6160    25.3804     7.3990     56.598   102.3946     0.2046      7.903     3.8490     5.5006    167.641    171.896       8691          2  0.000e+00
   55.79726 -134.35492     97.206     51.428     50.955     7.4047    32.4799  1025.6154    25.3798     7.4000     56.599   102.3946     0.2046      7.903     3.8490     5.5006    167.641    171.895       8692          2  0.000e+00
   55.79726 -134.35492     97.206     51.428     50.955     7.4052    32.4795  1025.6150    25.3794     7.4005     56.599   102.3946     0.2046      7.903     3.8490     5.5006    167.642    171.897       8693          2  0.000e+00
   55.79726 -134.35492     97.206     51.428     50.955     7.4053    32.4793  1025.6149    25.3793     7.4006     56.600   102.3946     0.2046      7.903     3.8491     5.5007    167.644    171.899       8694          2  0.000e+00
   55.79726 -134.35492     97.150     51.372     50.899     7.4057    32.4788  1025.6142    25.3788     7.4010     56.601   102.3946     0.2046      7.903     3.8491     5.5007    167.645    171.899       8695          2  0.000e+00
   55.79726 -134.35492     97.206     51.428     50.955     7.4048    32.4796  1025.6152    25.3796     7.4001     56.602   102.3946     0.2046      7.903     3.8492     5.5009    167.651    171.906       8696          2  0.000e+00
   55.79726 -134.35492     97.206     51.428     50.955     7.4042    32.4802  1025.6157    25.3801     7.3995     56.603   102.3946     0.2046      7.903     3.8493     5.5011    167.656    171.911       8697          2  0.000e+00
   55.79726 -134.35492     97.182     51.428     50.955     7.4041    32.4807  1025.6161    25.3805     7.3993     56.548   102.3946     0.2046      7.903     3.8456     5.4958    167.494    171.745       8698          2  0.000e+00
   55.79726 -134.35492     97.102     51.372     50.899     7.4042    32.4800  1025.6153    25.3800     7.3995     56.598   102.3946     0.2046      7.903     3.8490     5.5005    167.640    171.894       8699          2  0.000e+00
   55.79726 -134.35492     97.158     51.428     50.955     7.4048    32.4798  1025.6153    25.3798     7.4001     56.599   102.3946     0.2046      7.903     3.8490     5.5006    167.642    171.897       8700          2  0.000e+00
   55.79726 -134.35492     97.102     51.372     50.899     7.4043    32.4804  1025.6156    25.3802     7.3996     56.600   102.3946     0.2046      7.903     3.8491     5.5007    167.646    171.901       8701          2  0.000e+00
   55.79726 -134.35492     97.182     51.428     50.955     7.4033    32.4812  1025.6166    25.3810     7.3986     56.602   102.3946     0.2046      7.903     3.8493     5.5010    167.654    171.909       8702          2  0.000e+00
