EcoFOCI/data/1_SampleCollection/2022_GOA-OA_CruiseData/CTD_raw_BottleFile_RC0083/RC0083_013.ros
* Sea-Bird SBE 9 Data File:
* FileName = C:\Data\RC0083ctd\RC0083_013.hex
* Software Version Seasave V 7.26.7.107
* Temperature SN = 2060
* Conductivity SN = 1084
* Number of Bytes Per Scan = 31
* Number of Voltage Words = 4
* Number of Scans Averaged by the Deck Unit = 1
* NMEA Latitude = 55 43.96 N
* NMEA Longitude = 134 28.39 W
* NMEA UTC (Time) = Aug 13 2022  05:59:07
* NMEA baud rate = 4800
** Ship: R/V Rachel Carson
** Cruise ID: RC0083 RC0083
** Tech: McHugh/Nomura
** Chief Scientist: Cross Cross
** Station: POW4
** Cast:  013
# nquan = 21
# nvalues = 294                                   
# units = specified
# name 0 = latitude: Latitude [deg]
# name 1 = longitude: Longitude [deg]
# name 2 = sfdSM: Seafloor depth [salt water, m]
# name 3 = prDM: Pressure, Digiquartz [db]
# name 4 = depSM: Depth [salt water, m]
# name 5 = t090C: Temperature [ITS-90, deg C]
# name 6 = sal00: Salinity, Practical [PSU]
# name 7 = density00: Density [density, kg/m^3]
# name 8 = sigma-é00: Density [sigma-theta, kg/m^3]
# name 9 = potemp090C: Potential Temperature [ITS-90, deg C]
# name 10 = sbeox0PS: Oxygen, SBE 43 [% saturation]
# name 11 = CStarTr0: Beam Transmission, WET Labs C-Star [%]
# name 12 = flECO-AFL: Fluorescence, WET Labs ECO-AFL/FL [mg/m^3]
# name 13 = ph: pH
# name 14 = sbeox0ML/L: Oxygen, SBE 43 [ml/l]
# name 15 = sbeox0Mg/L: Oxygen, SBE 43 [mg/l]
# name 16 = sbox0Mm/Kg: Oxygen, SBE 43 [umol/kg]
# name 17 = sbeox0Mm/L: Oxygen, SBE 43 [umol/l]
# name 18 = scan: Scan Count
# name 19 = nbf: Bottles Fired
# name 20 = flag:  0.000e+00
# interval = seconds: 0.0416667
# start_time = Aug 13 2022 05:59:07 [NMEA time, header]
# bad_flag = -9.990e-29
*END*
[from data line 138]
   55.73454 -134.47224    148.507     50.338     49.875     8.5249    32.0205  1025.0880    24.8586     8.5198     69.612   103.2337     0.2339      8.005     4.6293     6.6157    201.729    206.744      14015          3  0.000e+00
   55.73454 -134.47224    148.507     50.338     49.875     8.5237    32.0215  1025.0890    24.8595     8.5187     69.556   103.2337     0.2339      8.005     4.6256     6.6105    201.571    206.582      14016          3  0.000e+00
   55.73454 -134.47224    148.564     50.395     49.931     8.5233    32.0214  1025.0893    24.8596     8.5182     69.550   103.2337     0.2339      8.005     4.6253     6.6100    201.554    206.564      14017          3  0.000e+00
   55.73454 -134.47224    148.564     50.395     49.931     8.5235    32.0212  1025.0891    24.8594     8.5185     69.543   103.2337     0.2339      8.005     4.6248     6.6093    201.533    206.543      14018          3  0.000e+00
   55.73454 -134.47224    148.628     50.459     49.995     8.5242    32.0211  1025.0892    24.8592     8.5192     69.530   103.2337     0.2339      8.005     4.6239     6.6080    201.494    206.503      14019          3  0.000e+00
   55.73454 -134.47224    148.684     50.516     50.051     8.5252    32.0201  1025.0885    24.8583     8.5202     69.573   103.2337     0.2339      8.005     4.6266     6.6119    201.614    206.626      14020          3  0.000e+00
   55.73454 -134.47224    148.748     50.580     50.115     8.5253    32.0201  1025.0888    24.8583     8.5202     69.520   103.2337     0.2339      8.005     4.6231     6.6069    201.459    206.467      14021          3  0.000e+00
   55.73454 -134.47224    148.740     50.572     50.107     8.5231    32.0223  1025.0908    24.8603     8.5180     69.515   103.2337     0.2339      8.005     4.6229     6.6066    201.452    206.460      14022          3  0.000e+00
   55.73456 -134.47224    148.804     50.637     50.171     8.5219    32.0232  1025.0920    24.8612     8.5169     69.511   103.2616     0.2339      8.005     4.6228     6.6064    201.444    206.452      14023          3  0.000e+00
   55.73486 -134.47226    124.211     25.815     25.579     9.1688    31.5668  1024.5227    24.4053     9.1662     73.150    99.7935     0.9372      8.021     4.8093     6.8729    209.664    214.781      15954          4  0.000e+00
   55.73486 -134.47226    124.211     25.815     25.579     9.1692    31.5665  1024.5224    24.4050     9.1665     73.144    99.7935     0.9372      8.021     4.8089     6.8724    209.648    214.765      15955          4  0.000e+00
   55.73486 -134.47226    124.147     25.750     25.515     9.1695    31.5664  1024.5220    24.4049     9.1669     73.140    99.7935     0.9372      8.021     4.8085     6.8719    209.633    214.749      15956          4  0.000e+00
   55.73486 -134.47226    124.267     25.871     25.635     9.1698    31.5662  1024.5223    24.4047     9.1671     73.199    99.7935     0.9372      8.021     4.8124     6.8774    209.803    214.923      15957          4  0.000e+00
   55.73486 -134.47226    124.331     25.936     25.699     9.1692    31.5659  1024.5225    24.4045     9.1665     73.157    99.7935     0.9372      8.021     4.8097     6.8736    209.685    214.802      15958          4  0.000e+00
   55.73486 -134.47226    124.211     25.815     25.579     9.1629    31.5676  1024.5242    24.4068     9.1603     73.163    99.7935     0.9958      8.021     4.8107     6.8750    209.728    214.847      15959          4  0.000e+00
   55.73486 -134.47226    124.211     25.815     25.579     9.1531    31.5709  1024.5284    24.4110     9.1504     73.165    99.7935     1.0544      8.021     4.8118     6.8765    209.774    214.894      15960          4  0.000e+00
   55.73486 -134.47226    124.267     25.871     25.635     9.1485    31.5722  1024.5303    24.4126     9.1458     73.168    99.7935     1.0544      8.021     4.8124     6.8774    209.801    214.923      15961          4  0.000e+00
   55.73486 -134.47226    124.267     25.871     25.635     9.1462    31.5707  1024.5295    24.4118     9.1435     73.178    99.7935     1.0544      8.021     4.8134     6.8788    209.843    214.966      15962          4  0.000e+00
   55.73486 -134.47226    124.211     25.815     25.579     9.1439    31.5698  1024.5289    24.4115     9.1413     73.182    99.7935     1.0544      8.021     4.8139     6.8796    209.867    214.990      15963          4  0.000e+00
   55.73486 -134.47226    124.388     25.993     25.755     9.1441    31.5692  1024.5292    24.4110     9.1414     73.189    99.7935     1.0544      8.021     4.8144     6.8803    209.888    215.012      15964          4  0.000e+00
   55.73486 -134.47226    124.267     25.871     25.635     9.1428    31.5713  1024.5305    24.4128     9.1402     73.202    99.8215     1.0544      8.021     4.8153     6.8815    209.927    215.051      15965          4  0.000e+00
   55.73486 -134.47226    124.332     25.936     25.699     9.1446    31.5730  1024.5319    24.4139     9.1419     73.265    99.8215     1.0544      8.021     4.8192     6.8871    210.097    215.226      15966          4  0.000e+00
   55.73486 -134.47224    124.332     25.936     25.699     9.1514    31.5704  1024.5288    24.4108     9.1488     73.225    99.8215     1.0544      8.021     4.8159     6.8825    209.954    215.080      15967          4  0.000e+00
   55.73486 -134.47224    124.332     25.936     25.699     9.1580    31.5677  1024.5257    24.4077     9.1553     73.289    99.8215     1.0544      8.021     4.8195     6.8876    210.112    215.240      15968          4  0.000e+00
   55.73486 -134.47224    124.332     25.936     25.699     9.1590    31.5684  1024.5260    24.4081     9.1563     73.251    99.8215     1.0544      8.021     4.8169     6.8839    209.999    215.124      15969          4  0.000e+00
   55.73486 -134.47224    124.268     25.871     25.635     9.1587    31.5687  1024.5260    24.4084     9.1561     73.263    99.8215     1.0544      8.021     4.8177     6.8850    210.032    215.158      15970          4  0.000e+00
   55.73486 -134.47224    124.444     26.049     25.811     9.1569    31.5686  1024.5270    24.4086     9.1542     73.325    99.8215     1.0544      8.021     4.8220     6.8911    210.220    215.351      15971          4  0.000e+00
   55.73486 -134.47224    124.388     25.993     25.755     9.1549    31.5692  1024.5276    24.4093     9.1522     73.338    99.8215     1.0544      8.021     4.8231     6.8926    210.265    215.398      15972          4  0.000e+00
   55.73486 -134.47224    124.388     25.993     25.755     9.1542    31.5700  1024.5283    24.4101     9.1515     73.352    99.8215     1.0544      8.021     4.8240     6.8940    210.307    215.441      15973          4  0.000e+00
   55.73486 -134.47224    124.388     25.993     25.755     9.1564    31.5701  1024.5280    24.4098     9.1537     73.366    99.8215     1.0544      8.021     4.8247     6.8950    210.337    215.472      15974          4  0.000e+00
   55.73486 -134.47224    124.444     26.049     25.811     9.1598    31.5688  1024.5267    24.4083     9.1571     73.381    99.8215     1.0544      8.021     4.8254     6.8959    210.367    215.501      15975          4  0.000e+00
   55.73486 -134.47224    124.388     25.993     25.755     9.1616    31.5684  1024.5259    24.4077     9.1589     73.396    99.8215     1.0544      8.021     4.8262     6.8971    210.401    215.537      15976          4  0.000e+00
   55.73486 -134.47224    124.564     26.170     25.931     9.1625    31.5681  1024.5263    24.4073     9.1597     73.414    99.8215     1.0544      8.021     4.8272     6.8986    210.448    215.585      15977          4  0.000e+00
   55.73486 -134.47224    124.332     25.936     25.699     9.1614    31.5685  1024.5257    24.4078     9.1587     73.476    99.8215     1.0544      8.021     4.8314     6.9046    210.631    215.772      15978          4  0.000e+00
   55.73486 -134.47224    124.444     26.049     25.811     9.1603    31.5689  1024.5267    24.4082     9.1576     73.493    99.8215     1.1130      8.021     4.8327     6.9064    210.685    215.828      15979          4  0.000e+00
   55.73486 -134.47224    124.508     26.114     25.875     9.1605    31.5682  1024.5264    24.4077     9.1578     73.510    99.8215     1.1716      8.021     4.8338     6.9080    210.734    215.877      15980          4  0.000e+00
   55.73486 -134.47224    124.444     26.049     25.811     9.1596    31.5679  1024.5261    24.4076     9.1569     73.581    99.8215     1.2009      8.021     4.8385     6.9148    210.941    216.089      15981          4  0.000e+00
   55.73486 -134.47224    124.508     26.114     25.875     9.1580    31.5680  1024.5267    24.4079     9.1553     73.604    99.8215     1.2009      8.021     4.8402     6.9172    211.015    216.165      15982          4  0.000e+00
   55.73486 -134.47224    124.444     26.049     25.811     9.1580    31.5677  1024.5261    24.4077     9.1553     73.626    99.8215     1.2009      8.021     4.8417     6.9193    211.078    216.230      15983          4  0.000e+00
   55.73486 -134.47224    124.508     26.114     25.875     9.1578    31.5675  1024.5263    24.4075     9.1551     73.594    99.8215     1.2009      8.026     4.8396     6.9163    210.987    216.137      15984          4  0.000e+00
   55.73486 -134.47224    124.508     26.114     25.875     9.1582    31.5671  1024.5260    24.4072     9.1555     73.609    99.8215     1.1716      8.026     4.8406     6.9177    211.031    216.181      15985          4  0.000e+00
   55.73486 -134.47224    124.508     26.114     25.875     9.1574    31.5674  1024.5263    24.4075     9.1547     73.680    99.8215     1.2009      8.026     4.8453     6.9244    211.235    216.391      15986          4  0.000e+00
   55.73486 -134.47224    124.508     26.114     25.875     9.1559    31.5686  1024.5275    24.4087     9.1532     73.702    99.8215     1.1716      8.021     4.8469     6.9267    211.303    216.461      15987          4  0.000e+00
   55.73486 -134.47224    124.508     26.114     25.875     9.1560    31.5695  1024.5282    24.4094     9.1533     73.723    99.8215     1.2009      8.026     4.8482     6.9286    211.363    216.523      15988          4  0.000e+00
   55.73486 -134.47224    124.508     26.114     25.875     9.1574    31.5684  1024.5271    24.4084     9.1547     73.792    99.8215     1.2009      8.021     4.8527     6.9349    211.556    216.720      15989          4  0.000e+00
   55.73486 -134.47224    124.508     26.114     25.875     9.1569    31.5684  1024.5272    24.4084     9.1542     73.812    99.8215     1.1716      8.021     4.8540     6.9369    211.616    216.782      15990          4  0.000e+00
   55.73486 -134.47224    124.508     26.114     25.875     9.1568    31.5683  1024.5271    24.4084     9.1541     73.825    99.8215     1.1716      8.026     4.8549     6.9381    211.652    216.819      15991          4  0.000e+00
   55.73486 -134.47224    124.508     26.114     25.875     9.1580    31.5679  1024.5266    24.4078     9.1553     73.843    99.8215     1.2009      8.026     4.8559     6.9396    211.699    216.866      15992          4  0.000e+00
   55.73486 -134.47224    124.508     26.114     25.875     9.1600    31.5681  1024.5265    24.4077     9.1573     73.908    99.8215     1.1716      8.026     4.8600     6.9454    211.876    217.047      15993          4  0.000e+00
   55.73486 -134.47224    124.508     26.114     25.875     9.1618    31.5677  1024.5259    24.4071     9.1591     73.930    99.8215     1.1716      8.021     4.8613     6.9473    211.932    217.105      15994          4  0.000e+00
   55.73486 -134.47224    124.388     25.993     25.755     9.1621    31.5680  1024.5255    24.4073     9.1594     73.950    99.8215     1.2009      8.026     4.8626     6.9491    211.989    217.163      15995          4  0.000e+00
   55.73486 -134.47224    124.644     26.251     26.011     9.1628    31.5677  1024.5264    24.4070     9.1601     73.973    99.8215     1.2009      8.026     4.8640     6.9512    212.051    217.227      15996          4  0.000e+00
   55.73486 -134.47224    124.444     26.049     25.811     9.1641    31.5676  1024.5252    24.4067     9.1614     73.984    99.8215     1.2009      8.026     4.8646     6.9519    212.075    217.251      15997          4  0.000e+00
   55.73486 -134.47224    124.444     26.049     25.811     9.1640    31.5674  1024.5250    24.4065     9.1613     74.001    99.8215     1.1716      8.026     4.8658     6.9537    212.127    217.305      15998          4  0.000e+00
   55.73486 -134.47224    124.508     26.114     25.875     9.1646    31.5666  1024.5246    24.4058     9.1619     74.067    99.8215     1.1716      8.026     4.8700     6.9597    212.313    217.494      15999          4  0.000e+00
   55.73486 -134.47224    124.444     26.049     25.811     9.1649    31.5672  1024.5247    24.4062     9.1622     74.081    99.8215     1.1423      8.026     4.8709     6.9610    212.351    217.534      16000          4  0.000e+00
   55.73486 -134.47224    124.444     26.049     25.811     9.1651    31.5670  1024.5245    24.4061     9.1624     74.094    99.8215     1.1130      8.026     4.8717     6.9622    212.388    217.572      16001          4  0.000e+00
   55.73486 -134.47224    124.444     26.049     25.811     9.1651    31.5670  1024.5245    24.4061     9.1624     74.106    99.8215     1.1130      8.026     4.8725     6.9633    212.422    217.606      16002          4  0.000e+00
   55.73506 -134.47226    109.813     11.357     11.254     9.9908    31.1622  1024.0100    23.9585     9.9896     95.645    86.1726     7.4427      8.170     6.1914     8.8482    270.039    276.509      17471          5  0.000e+00
   55.73506 -134.47226    109.757     11.325     11.222     9.9883    31.1635  1024.0113    23.9599     9.9871     95.646    86.1726     7.4427      8.170     6.1918     8.8487    270.054    276.524      17472          5  0.000e+00
   55.73506 -134.47226    109.718     11.212     11.110     9.9864    31.1648  1024.0121    23.9612     9.9852     95.645    86.1726     7.4427      8.170     6.1919     8.8489    270.060    276.531      17473          5  0.000e+00
   55.73506 -134.47226    109.886     11.357     11.254     9.9860    31.1652  1024.0131    23.9616     9.9848     95.701    86.1726     7.4427      8.170     6.1956     8.8541    270.218    276.693      17474          5  0.000e+00
   55.73506 -134.47226    109.918     11.390     11.286     9.9865    31.1648  1024.0129    23.9613     9.9853     95.706    86.2006     7.4427      8.170     6.1958     8.8545    270.231    276.706      17475          5  0.000e+00
   55.73506 -134.47226    109.974     11.446     11.342     9.9854    31.1649  1024.0134    23.9615     9.9842     95.710    86.2006     7.4427      8.170     6.1963     8.8551    270.250    276.725      17476          5  0.000e+00
   55.73506 -134.47226    109.918     11.390     11.286     9.9841    31.1650  1024.0135    23.9618     9.9828     95.719    86.2006     7.4427      8.170     6.1970     8.8562    270.282    276.759      17477          5  0.000e+00
   55.73506 -134.47226    110.006     11.478     11.374     9.9814    31.1660  1024.0151    23.9630     9.9802     95.783    86.1726     7.4427      8.170     6.2015     8.8625    270.477    276.958      17478          5  0.000e+00
   55.73506 -134.47226    110.038     11.511     11.406     9.9783    31.1671  1024.0166    23.9644     9.9770     95.798    86.1726     7.1204      8.170     6.2028     8.8644    270.534    277.018      17479          5  0.000e+00
   55.73506 -134.47226    109.974     11.446     11.342     9.9763    31.1677  1024.0170    23.9651     9.9751     95.810    86.1726     6.8859      8.170     6.2038     8.8659    270.579    277.064      17480          5  0.000e+00
