EcoFOCI/data/1_SampleCollection/2022_GOA-OA_CruiseData/CTD_raw_BottleFile_RC0083/RC0083_116.cnv
* Sea-Bird SBE 9 Data File:
* FileName = C:\Data\RC0083ctd\RC0083_116.hex
* Software Version Seasave V 7.26.7.107
* Temperature SN = 2060
* Conductivity SN = 2881
* Number of Bytes Per Scan = 31
* Number of Voltage Words = 4
* Number of Scans Averaged by the Deck Unit = 1
* NMEA Latitude = 56 03.63 N
* NMEA Longitude = 133 57.17 W
* NMEA UTC (Time) = Aug 23 2022  14:04:12
* NMEA baud rate = 4800
** Ship: R/V Rachel Carson
** Cruise ID: RC0083
** Tech: McHugh/Nomura
** Chief Scientist: Cross
** Station: LSS4
** Cast:  CTD116
# nquan = 19
# nvalues = 5261                                  
# units = specified
# name 0 = latitude: Latitude [deg]
# name 1 = longitude: Longitude [deg]
# name 2 = sfdSM: Seafloor depth [salt water, m]
# name 3 = prDM: Pressure, Digiquartz [db]
# name 4 = depSM: Depth [salt water, m]
# name 5 = t090C: Temperature [ITS-90, deg C]
# name 6 = sal00: Salinity, Practical [PSU]
# name 7 = density00: Density [density, kg/m^3]
# name 8 = sigma-é00: Density [sigma-theta, kg/m^3]
# name 9 = potemp090C: Potential Temperature [ITS-90, deg C]
# name 10 = sbeox0PS: Oxygen, SBE 43 [% saturation]
# name 11 = CStarTr0: Beam Transmission, WET Labs C-Star [%]
# name 12 = flECO-AFL: Fluorescence, WET Labs ECO-AFL/FL [mg/m^3]
# name 13 = ph: pH
# name 14 = sbeox0ML/L: Oxygen, SBE 43 [ml/l]
# name 15 = sbeox0Mg/L: Oxygen, SBE 43 [mg/l]
# name 16 = sbox0Mm/Kg: Oxygen, SBE 43 [umol/kg]
# name 17 = sbeox0Mm/L: Oxygen, SBE 43 [umol/l]
# name 18 = flag:  0.000e+00
# span 0 =   56.06042,   56.06086                 
# span 1 = -133.95378, -133.95290                 
# span 2 =      3.244,    116.470                 
# span 3 =      2.936,     75.337                 
# span 4 =      2.909,     74.637                 
# span 5 =     7.0249,     9.2571                 
# span 6 =    31.4121,    32.6602                 
# span 7 =  1024.2861,  1025.9189                 
# span 8 =    24.2706,    25.5736                 
# span 9 =     7.0181,     9.2567                 
# span 10 =     42.286,     71.753                
# span 11 =    94.1158,   101.1360                
# span 12 =     0.0581,     4.1606                
# span 13 =      7.822,      8.050                
# span 14 =     2.8964,     4.7201                
# span 15 =     4.1392,     6.7454                
# span 16 =    126.128,    205.798                
# span 17 =    129.351,    210.798                
# span 18 = 0.0000e+00, 0.0000e+00                
# interval = seconds: 0.0416667
# start_time = Aug 23 2022 14:04:12 [NMEA time, header]
# bad_flag = -9.990e-29
*END*
[from data line 3048]
   56.06070 -133.95366     94.180     72.410     71.738     7.0502    32.6375  1025.8844    25.5522     7.0438     43.011   100.9402     0.1167      7.828     2.9458     4.2098    128.280    131.558  0.000e+00
   56.06070 -133.95366     94.124     72.353     71.682     7.0502    32.6375  1025.8842    25.5523     7.0437     43.015   100.9402     0.1167      7.828     2.9460     4.2102    128.292    131.570  0.000e+00
   56.06070 -133.95366     94.131     72.410     71.738     7.0492    32.6387  1025.8855    25.5533     7.0427     42.964   100.9402     0.1167      7.828     2.9426     4.2052    128.141    131.416  0.000e+00
   56.06070 -133.95366     94.073     72.474     71.802     7.0469    32.6410  1025.8879    25.5554     7.0404     42.964   100.9402     0.1167      7.828     2.9427     4.2055    128.148    131.423  0.000e+00
   56.06070 -133.95366     94.024     72.474     71.802     7.0455    32.6425  1025.8893    25.5568     7.0390     42.966   100.9402     0.1167      7.828     2.9429     4.2057    128.156    131.431  0.000e+00
   56.06070 -133.95366     94.024     72.474     71.802     7.0440    32.6440  1025.8907    25.5582     7.0375     42.963   100.9402     0.1167      7.823     2.9428     4.2055    128.148    131.424  0.000e+00
   56.06070 -133.95366     94.080     72.531     71.858     7.0432    32.6445  1025.8914    25.5587     7.0367     42.903   100.9402     0.1167      7.823     2.9387     4.1998    127.974    131.245  0.000e+00
   56.06070 -133.95366     94.136     72.588     71.914     7.0435    32.6441  1025.8913    25.5583     7.0370     42.953   100.9402     0.1167      7.828     2.9421     4.2046    128.121    131.395  0.000e+00
   56.06070 -133.95366     94.136     72.588     71.914     7.0438    32.6435  1025.8908    25.5578     7.0373     42.953   100.9402     0.1167      7.828     2.9421     4.2045    128.119    131.394  0.000e+00
   56.06070 -133.95366     94.200     72.652     71.978     7.0446    32.6430  1025.8906    25.5573     7.0381     42.954   100.9402     0.1167      7.828     2.9421     4.2046    128.121    131.395  0.000e+00
   56.06070 -133.95366     94.032     72.483     71.810     7.0448    32.6431  1025.8899    25.5574     7.0383     42.961   100.9122     0.1167      7.828     2.9426     4.2053    128.143    131.418  0.000e+00
   56.06070 -133.95366     94.377     72.830     72.154     7.0446    32.6430  1025.8914    25.5573     7.0381     42.909   100.8843     0.1167      7.828     2.9391     4.2003    127.989    131.260  0.000e+00
   56.06070 -133.95366     93.951     72.474     71.802     7.0456    32.6419  1025.8887    25.5563     7.0391     42.849   100.8843     0.1167      7.828     2.9349     4.1942    127.806    131.072  0.000e+00
   56.06070 -133.95366     94.375     72.952     72.275     7.0474    32.6396  1025.8889    25.5543     7.0409     42.838   100.8843     0.1167      7.823     2.9341     4.1931    127.770    131.035  0.000e+00
   56.06070 -133.95366     94.174     72.774     72.098     7.0487    32.6386  1025.8872    25.5533     7.0422     42.825   100.8843     0.1167      7.828     2.9331     4.1917    127.729    130.992  0.000e+00
   56.06070 -133.95366     94.174     72.774     72.098     7.0494    32.6378  1025.8864    25.5526     7.0429     42.821   100.8843     0.1460      7.828     2.9328     4.1912    127.715    130.978  0.000e+00
   56.06070 -133.95366     94.230     72.830     72.154     7.0495    32.6376  1025.8865    25.5524     7.0430     42.876   100.8843     0.1753      7.823     2.9365     4.1966    127.878    131.146  0.000e+00
   56.06070 -133.95366     94.084     72.830     72.154     7.0496    32.6377  1025.8866    25.5525     7.0431     42.881   100.8843     0.1753      7.828     2.9369     4.1971    127.894    131.162  0.000e+00
   56.06070 -133.95366     93.986     72.830     72.154     7.0498    32.6374  1025.8863    25.5522     7.0433     42.881   100.8843     0.1753      7.828     2.9369     4.1971    127.894    131.162  0.000e+00
   56.06070 -133.95366     94.042     72.887     72.210     7.0498    32.6375  1025.8866    25.5523     7.0433     42.889   100.8843     0.1753      7.823     2.9374     4.1979    127.917    131.186  0.000e+00
   56.06070 -133.95366     94.106     72.952     72.275     7.0484    32.6391  1025.8884    25.5538     7.0419     42.892   100.8843     0.1753      7.828     2.9377     4.1983    127.929    131.198  0.000e+00
   56.06070 -133.95366     94.106     72.952     72.275     7.0458    32.6421  1025.8911    25.5565     7.0392     42.845   100.8843     0.1753      7.828     2.9346     4.1939    127.795    131.061  0.000e+00
   56.06070 -133.95366     94.106     72.952     72.275     7.0440    32.6431  1025.8921    25.5575     7.0375     42.844   100.8843     0.1753      7.823     2.9347     4.1939    127.795    131.062  0.000e+00
   56.06070 -133.95366     94.162     73.008     72.331     7.0435    32.6437  1025.8929    25.5580     7.0370     42.844   100.8843     0.1753      7.823     2.9347     4.1940    127.797    131.064  0.000e+00
   56.06070 -133.95366     94.162     73.008     72.331     7.0427    32.6446  1025.8938    25.5589     7.0362     42.846   100.8843     0.1753      7.823     2.9348     4.1942    127.803    131.069  0.000e+00
   56.06070 -133.95366     94.218     73.065     72.387     7.0421    32.6447  1025.8942    25.5590     7.0355     42.792   100.8843     0.1753      7.823     2.9312     4.1889    127.644    130.906  0.000e+00
   56.06070 -133.95366     94.258     73.129     72.451     7.0418    32.6448  1025.8946    25.5591     7.0352     42.790   100.8843     0.1753      7.828     2.9311     4.1888    127.639    130.902  0.000e+00
   56.06070 -133.95366     94.063     73.081     72.403     7.0406    32.6460  1025.8955    25.5603     7.0340     42.789   100.8843     0.1753      7.823     2.9311     4.1888    127.640    130.902  0.000e+00
   56.06070 -133.95366     94.062     73.129     72.451     7.0404    32.6461  1025.8958    25.5603     7.0339     42.784   100.8843     0.1753      7.823     2.9307     4.1883    127.624    130.886  0.000e+00
   56.06070 -133.95366     94.119     73.186     72.507     7.0404    32.6460  1025.8960    25.5603     7.0339     42.780   100.8843     0.1753      7.823     2.9305     4.1879    127.613    130.874  0.000e+00
   56.06070 -133.95366     94.119     73.186     72.507     7.0408    32.6459  1025.8959    25.5601     7.0342     42.827   100.8843     0.1753      7.828     2.9337     4.1925    127.753    131.018  0.000e+00
   56.06070 -133.95366     94.045     73.186     72.507     7.0409    32.6456  1025.8956    25.5599     7.0344     42.768   100.8843     0.1753      7.828     2.9296     4.1867    127.576    130.837  0.000e+00
   56.06070 -133.95366     93.987     73.251     72.571     7.0406    32.6460  1025.8963    25.5602     7.0341     42.761   100.9122     0.1753      7.823     2.9291     4.1860    127.554    130.815  0.000e+00
   56.06070 -133.95366     94.019     73.307     72.627     7.0406    32.6455  1025.8961    25.5599     7.0340     42.755   100.9122     0.1753      7.823     2.9287     4.1854    127.536    130.796  0.000e+00
   56.06070 -133.95366     93.963     73.251     72.571     7.0401    32.6466  1025.8968    25.5608     7.0336     42.698   100.9122     0.1460      7.828     2.9249     4.1799    127.369    130.625  0.000e+00
   56.06070 -133.95366     94.075     73.364     72.683     7.0403    32.6465  1025.8972    25.5607     7.0337     42.689   100.8843     0.1167      7.823     2.9242     4.1790    127.339    130.594  0.000e+00
   56.06070 -133.95366     94.043     73.307     72.627     7.0403    32.6465  1025.8969    25.5606     7.0337     42.686   100.8843     0.1167      7.823     2.9240     4.1787    127.331    130.586  0.000e+00
   56.06070 -133.95366     94.075     73.364     72.683     7.0401    32.6463  1025.8971    25.5605     7.0336     42.685   100.9122     0.1167      7.823     2.9240     4.1787    127.331    130.585  0.000e+00
   56.06070 -133.95366     94.139     73.429     72.747     7.0398    32.6457  1025.8970    25.5601     7.0332     42.750   100.9122     0.1167      7.823     2.9285     4.1851    127.525    130.785  0.000e+00
   56.06070 -133.95366     94.195     73.485     72.803     7.0400    32.6454  1025.8970    25.5599     7.0334     42.766   100.9122     0.1167      7.823     2.9295     4.1866    127.572    130.833  0.000e+00
   56.06070 -133.95366     94.139     73.429     72.747     7.0396    32.6465  1025.8976    25.5607     7.0331     42.719   100.9122     0.1167      7.828     2.9263     4.1820    127.432    130.689  0.000e+00
   56.06070 -133.95366     94.097     73.485     72.803     7.0396    32.6464  1025.8978    25.5607     7.0331     42.718   100.8843     0.1167      7.823     2.9263     4.1819    127.430    130.687  0.000e+00
   56.06070 -133.95366     94.113     73.550     72.867     7.0398    32.6463  1025.8980    25.5606     7.0332     42.662   100.9122     0.1167      7.823     2.9224     4.1764    127.262    130.515  0.000e+00
   56.06070 -133.95366     94.088     73.550     72.867     7.0395    32.6465  1025.8982    25.5608     7.0329     42.714   100.8843     0.1167      7.823     2.9260     4.1816    127.419    130.676  0.000e+00
   56.06070 -133.95366     94.088     73.550     72.867     7.0394    32.6470  1025.8985    25.5611     7.0329     42.711   100.8843     0.1460      7.823     2.9258     4.1812    127.408    130.665  0.000e+00
   56.06070 -133.95366     94.200     73.663     72.979     7.0391    32.6470  1025.8991    25.5612     7.0326     42.652   100.9122     0.1460      7.823     2.9218     4.1755    127.234    130.486  0.000e+00
   56.06070 -133.95366     93.950     73.558     72.875     7.0394    32.6470  1025.8986    25.5612     7.0329     42.651   100.8843     0.1167      7.823     2.9217     4.1753    127.229    130.481  0.000e+00
   56.06070 -133.95366     94.045     73.728     73.043     7.0400    32.6463  1025.8987    25.5605     7.0334     42.710   100.9122     0.1460      7.823     2.9256     4.1810    127.403    130.659  0.000e+00
   56.06070 -133.95366     94.045     73.728     73.043     7.0411    32.6452  1025.8977    25.5595     7.0345     42.718   100.9122     0.1460      7.823     2.9262     4.1818    127.426    130.683  0.000e+00
   56.06070 -133.95366     94.005     73.663     72.979     7.0418    32.6449  1025.8971    25.5592     7.0353     42.670   100.9122     0.1167      7.823     2.9229     4.1771    127.282    130.535  0.000e+00
   56.06070 -133.95366     94.125     73.784     73.099     7.0424    32.6437  1025.8967    25.5582     7.0358     42.676   100.9122     0.1460      7.823     2.9232     4.1776    127.298    130.552  0.000e+00
   56.06070 -133.95366     94.125     73.784     73.099     7.0423    32.6439  1025.8968    25.5584     7.0357     42.619   100.9122     0.1460      7.823     2.9193     4.1720    127.129    130.378  0.000e+00
   56.06070 -133.95366     94.157     73.841     73.156     7.0433    32.6430  1025.8962    25.5575     7.0367     42.615   100.9402     0.1167      7.823     2.9190     4.1715    127.113    130.362  0.000e+00
   56.06070 -133.95366     94.181     73.841     73.156     7.0437    32.6426  1025.8959    25.5572     7.0371     42.611   100.9122     0.1167      7.823     2.9187     4.1712    127.103    130.351  0.000e+00
   56.06070 -133.95366     94.221     73.906     73.220     7.0438    32.6427  1025.8962    25.5572     7.0372     42.610   100.9122     0.1167      7.828     2.9186     4.1710    127.099    130.347  0.000e+00
   56.06070 -133.95366     94.148     73.906     73.220     7.0438    32.6428  1025.8963    25.5573     7.0372     42.603   100.9122     0.1167      7.823     2.9182     4.1704    127.079    130.326  0.000e+00
   56.06072 -133.95366     94.025     73.906     73.220     7.0440    32.6421  1025.8958    25.5568     7.0374     42.605   100.9402     0.1167      7.823     2.9183     4.1705    127.083    130.331  0.000e+00
   56.06072 -133.95366     94.097     74.027     73.340     7.0441    32.6419  1025.8961    25.5565     7.0375     42.608   100.9122     0.1167      7.823     2.9185     4.1709    127.093    130.341  0.000e+00
   56.06072 -133.95366     94.097     74.027     73.340     7.0437    32.6422  1025.8964    25.5569     7.0371     42.613   100.9122     0.1167      7.823     2.9189     4.1713    127.108    130.356  0.000e+00
   56.06072 -133.95366     94.121     74.027     73.340     7.0432    32.6434  1025.8974    25.5579     7.0366     42.562   100.9122     0.1167      7.823     2.9154     4.1664    126.957    130.201  0.000e+00
   56.06072 -133.95366     94.111     74.140     73.452     7.0426    32.6440  1025.8985    25.5584     7.0359     42.558   100.9122     0.1167      7.823     2.9151     4.1660    126.945    130.189  0.000e+00
   56.06072 -133.95366     93.989     74.140     73.452     7.0418    32.6448  1025.8992    25.5591     7.0352     42.548   100.9122     0.1167      7.823     2.9145     4.1651    126.916    130.160  0.000e+00
   56.06072 -133.95366     93.965     74.140     73.452     7.0416    32.6449  1025.8994    25.5593     7.0349     42.539   100.9122     0.1167      7.823     2.9139     4.1642    126.891    130.134  0.000e+00
   56.06072 -133.95366     94.053     74.205     73.516     7.0408    32.6456  1025.9003    25.5599     7.0341     42.532   100.9122     0.1167      7.823     2.9134     4.1636    126.872    130.114  0.000e+00
   56.06072 -133.95366     94.109     74.261     73.572     7.0408    32.6455  1025.9005    25.5599     7.0341     42.526   100.9402     0.1167      7.823     2.9130     4.1630    126.854    130.097  0.000e+00
   56.06072 -133.95366     94.012     74.261     73.572     7.0411    32.6457  1025.9006    25.5600     7.0344     42.471   100.9402     0.1167      7.823     2.9093     4.1576    126.689    129.927  0.000e+00
   56.06072 -133.95366     94.058     74.383     73.692     7.0416    32.6446  1025.9002    25.5590     7.0349     42.469   100.9402     0.1167      7.828     2.9091     4.1574    126.682    129.920  0.000e+00
   56.06072 -133.95366     94.002     74.326     73.636     7.0414    32.6443  1025.8997    25.5588     7.0348     42.468   100.9402     0.1167      7.823     2.9090     4.1573    126.680    129.918  0.000e+00
   56.06072 -133.95366     94.058     74.383     73.692     7.0421    32.6438  1025.8995    25.5583     7.0354     42.469   100.9122     0.1167      7.828     2.9091     4.1574    126.682    129.920  0.000e+00
   56.06072 -133.95366     94.034     74.383     73.692     7.0427    32.6434  1025.8991    25.5579     7.0360     42.472   100.9122     0.1167      7.828     2.9093     4.1576    126.690    129.927  0.000e+00
   56.06072 -133.95366     94.008     74.504     73.812     7.0426    32.6439  1025.9001    25.5584     7.0359     42.471   100.9122     0.1167      7.823     2.9092     4.1575    126.686    129.924  0.000e+00
   56.06072 -133.95366     93.895     74.439     73.748     7.0426    32.6436  1025.8995    25.5581     7.0359     42.527   100.8563     0.1167      7.823     2.9130     4.1630    126.854    130.096  0.000e+00
   56.06072 -133.95366     93.959     74.504     73.812     7.0427    32.6433  1025.8996    25.5578     7.0360     42.478   100.8563     0.1167      7.823     2.9097     4.1582    126.707    129.946  0.000e+00
   56.06072 -133.95366     94.087     74.633     73.940     7.0421    32.6440  1025.9008    25.5585     7.0354     42.482   100.8563     0.1167      7.823     2.9099     4.1586    126.719    129.958  0.000e+00
   56.06072 -133.95366     94.022     74.617     73.924     7.0409    32.6450  1025.9017    25.5594     7.0343     42.479   100.8563     0.1167      7.823     2.9098     4.1584    126.714    129.953  0.000e+00
