EcoFOCI/data/1_SampleCollection/2022_GOA-OA_CruiseData/CTD_raw_BottleFile_RC0083/RC0083_099.cnv
* Sea-Bird SBE 9 Data File:
* FileName = C:\Data\RC0083ctd\RC0083_099.hex
* Software Version Seasave V 7.26.7.107
* Temperature SN = 2060
* Conductivity SN = 2881
* Number of Bytes Per Scan = 31
* Number of Voltage Words = 4
* Number of Scans Averaged by the Deck Unit = 1
* NMEA Latitude = 56 29.51 N
* NMEA Longitude = 132 43.97 W
* NMEA UTC (Time) = Aug 22 2022  23:31:32
* NMEA baud rate = 4800
** Ship: R/V Rachel Carson
** Cruise ID: RC0083
** Tech: McHugh/Nomura
** Chief Scientist: Cross
** Station: FWI7
** Cast:  CTD099
# nquan = 19
# nvalues = 9763                                  
# units = specified
# name 0 = latitude: Latitude [deg]
# name 1 = longitude: Longitude [deg]
# name 2 = sfdSM: Seafloor depth [salt water, m]
# name 3 = prDM: Pressure, Digiquartz [db]
# name 4 = depSM: Depth [salt water, m]
# name 5 = t090C: Temperature [ITS-90, deg C]
# name 6 = sal00: Salinity, Practical [PSU]
# name 7 = density00: Density [density, kg/m^3]
# name 8 = sigma-é00: Density [sigma-theta, kg/m^3]
# name 9 = potemp090C: Potential Temperature [ITS-90, deg C]
# name 10 = sbeox0PS: Oxygen, SBE 43 [% saturation]
# name 11 = CStarTr0: Beam Transmission, WET Labs C-Star [%]
# name 12 = flECO-AFL: Fluorescence, WET Labs ECO-AFL/FL [mg/m^3]
# name 13 = ph: pH
# name 14 = sbeox0ML/L: Oxygen, SBE 43 [ml/l]
# name 15 = sbeox0Mg/L: Oxygen, SBE 43 [mg/l]
# name 16 = sbox0Mm/Kg: Oxygen, SBE 43 [umol/kg]
# name 17 = sbeox0Mm/L: Oxygen, SBE 43 [umol/l]
# name 18 = flag:  0.000e+00
# span 0 =   56.49138,   56.49186                 
# span 1 = -132.73392, -132.73278                 
# span 2 =      3.031,    145.229                 
# span 3 =      2.324,    133.803                 
# span 4 =      2.303,    132.536                 
# span 5 =   -98.9762,    98.9762                 
# span 6 =     7.0813,    51.9669                 
# span 7 =   797.5634,  1026.0901                 
# span 8 =  -202.1064,    25.4768                 
# span 9 =   -98.9456,    98.9623                 
# span 10 =     -2.282,   1299.010                
# span 11 =    18.4597,    92.0740                
# span 12 =     0.0581,     8.7321                
# span 13 =      7.645,      8.589                
# span 14 = -1286.0198,     8.0288                
# span 15 = -1837.8509,    11.4740                
# span 16 = -71981.584,    355.499                
# span 17 = -57433.645,    358.568                
# span 18 = 0.0000e+00, 0.0000e+00                
# interval = seconds: 0.0416667
# start_time = Aug 22 2022 23:31:32 [NMEA time, header]
# bad_flag = -9.990e-29
*END*
   56.49186 -132.73278     11.698     10.130     10.037    10.9704    27.7324  1021.1744    21.1284    10.9693     80.056    76.9149     3.9262      8.128     5.1851     7.4101    226.776    231.568  0.000e+00
   56.49186 -132.73278     11.730     10.162     10.069    10.9584    27.7623  1021.1997    21.1536    10.9573     80.058    77.1386     3.9262      8.128     5.1856     7.4107    226.791    231.588  0.000e+00
   56.49186 -132.73278     11.698     10.130     10.037    10.9667    27.7631  1021.1988    21.1529    10.9655     80.057    77.1386     3.9262      8.128     5.1846     7.4093    226.746    231.542  0.000e+00
   56.49186 -132.73278     11.698     10.130     10.037    10.9754    27.7451  1021.1834    21.1375    10.9742     80.001    77.1106     3.9262      8.128     5.1806     7.4035    226.574    231.364  0.000e+00
   56.49186 -132.73278     11.698     10.130     10.037    10.9857    27.7138  1021.1573    21.1114    10.9845     79.995    77.0827     3.9262      8.128     5.1800     7.4028    226.558    231.340  0.000e+00
   56.49186 -132.73278     11.690     10.098     10.005    10.9934    27.6845  1021.1332    21.0874    10.9922     79.989    77.1106     3.9262      8.128     5.1798     7.4024    226.550    231.328  0.000e+00
   56.49186 -132.73278     11.746     10.130     10.037    10.9970    27.6680  1021.1199    21.0740    10.9958     79.984    77.1106     3.9262      8.128     5.1796     7.4022    226.547    231.321  0.000e+00
   56.49186 -132.73278     11.746     10.130     10.037    10.9972    27.6636  1021.1164    21.0705    10.9960     80.035    77.1106     3.9262      8.128     5.1830     7.4070    226.696    231.473  0.000e+00
   56.49186 -132.73278     11.746     10.130     10.037    10.9911    27.6751  1021.1264    21.0805    10.9899     79.982    77.1106     3.9262      8.128     5.1798     7.4025    226.556    231.332  0.000e+00
   56.49186 -132.73278     11.778     10.162     10.069    10.9717    27.7296  1021.1721    21.1260    10.9706     79.980    77.1106     3.9262      8.128     5.1801     7.4029    226.558    231.344  0.000e+00
   56.49186 -132.73278     11.795     10.130     10.037    10.9584    27.7980  1021.2273    21.1813    10.9573     79.977    77.0827     3.9262      8.128     5.1792     7.4016    226.504    231.302  0.000e+00
   56.49186 -132.73278     11.844     10.130     10.037    10.9545    27.8381  1021.2591    21.2131    10.9533     79.974    77.1106     3.9262      8.128     5.1781     7.4000    226.450    231.254  0.000e+00
   56.49186 -132.73278     11.844     10.130     10.037    10.9482    27.8513  1021.2703    21.2244    10.9471     79.971    77.1106     3.9262      8.129     5.1782     7.4001    226.451    231.257  0.000e+00
   56.49186 -132.73278     11.812     10.098     10.005    10.9423    27.8596  1021.2777    21.2319    10.9412     80.023    77.1106     3.9262      8.129     5.1819     7.4055    226.614    231.425  0.000e+00
   56.49186 -132.73278     11.844     10.130     10.037    10.9444    27.8721  1021.2871    21.2412    10.9433     80.025    77.1106     3.9262      8.129     5.1814     7.4048    226.589    231.402  0.000e+00
   56.49186 -132.73278     11.844     10.130     10.037    10.9322    27.9017  1021.3122    21.2662    10.9310     80.028    77.1106     3.9262      8.129     5.1820     7.4056    226.610    231.430  0.000e+00
   56.49186 -132.73278     11.837     10.098     10.005    10.9338    27.9103  1021.3185    21.2727    10.9327     79.975    77.1106     3.9262      8.129     5.1781     7.4000    226.437    231.254  0.000e+00
   56.49186 -132.73278     11.933     10.194     10.101    10.9470    27.8955  1021.3052    21.2589    10.9459     79.971    77.1106     3.9555      8.124     5.1769     7.3983    226.387    231.200  0.000e+00
   56.49186 -132.73278     11.869     10.130     10.037    10.9527    27.8823  1021.2937    21.2478    10.9516     80.022    77.1106     3.9555      8.124     5.1800     7.4027    226.524    231.337  0.000e+00
   56.49186 -132.73278     11.869     10.130     10.037    10.9548    27.8721  1021.2854    21.2394    10.9537     80.024    77.0827     3.9555      8.124     5.1802     7.4030    226.537    231.348  0.000e+00
   56.49186 -132.73278     11.837     10.098     10.005    10.9559    27.8593  1021.2751    21.2293    10.9548     79.971    76.9988     3.9555      8.124     5.1771     7.3986    226.402    231.208  0.000e+00
   56.49186 -132.73278     11.869     10.130     10.037    10.9507    27.8488  1021.2680    21.2221    10.9495     80.025    76.9708     3.9555      8.124     5.1815     7.4048    226.595    231.404  0.000e+00
   56.49186 -132.73278     11.869     10.130     10.037    10.9523    27.8364  1021.2582    21.2122    10.9511     80.027    76.9708     3.9555      8.124     5.1818     7.4054    226.614    231.421  0.000e+00
   56.49186 -132.73278     11.869     10.130     10.037    10.9553    27.8245  1021.2484    21.2024    10.9541     80.029    76.9708     3.9555      8.124     5.1820     7.4057    226.625    231.430  0.000e+00
   56.49186 -132.73278     11.901     10.162     10.069    10.9563    27.8143  1021.2404    21.1943    10.9551     80.032    76.9708     3.9555      8.124     5.1824     7.4062    226.644    231.448  0.000e+00
   56.49186 -132.73278     11.869     10.130     10.037    10.9563    27.8071  1021.2347    21.1887    10.9551     79.980    76.9708     3.9555      8.124     5.1793     7.4017    226.507    231.306  0.000e+00
   56.49186 -132.73278     11.844     10.130     10.037    10.9553    27.8073  1021.2350    21.1891    10.9541     80.032    76.9708     3.9555      8.124     5.1828     7.4067    226.661    231.463  0.000e+00
   56.49186 -132.73278     11.869     10.130     10.037    10.9497    27.8179  1021.2442    21.1982    10.9485     80.036    76.9708     3.9555      8.124     5.1833     7.4074    226.681    231.486  0.000e+00
   56.49186 -132.73278     11.901     10.162     10.069    10.9398    27.8326  1021.2574    21.2113    10.9387     80.040    76.9708     3.9555      8.124     5.1842     7.4087    226.717    231.526  0.000e+00
   56.49186 -132.73278     11.869     10.130     10.037    10.9328    27.8450  1021.2680    21.2220    10.9317     80.043    76.9708     3.9555      8.124     5.1848     7.4096    226.740    231.552  0.000e+00
   56.49186 -132.73278     11.844     10.130     10.037    10.9309    27.8541  1021.2754    21.2295    10.9298     79.991    76.9708     3.9555      8.119     5.1813     7.4046    226.588    231.398  0.000e+00
   56.49186 -132.73278     11.812     10.098     10.005    10.9310    27.8631  1021.2822    21.2364    10.9298     79.989    76.9708     3.9555      8.119     5.1809     7.4040    226.566    231.377  0.000e+00
   56.49186 -132.73278     50.354     10.130     10.037    10.9223    27.8805  1021.2973    21.2513    10.9212     80.043    76.9708     3.9555      8.119     5.1848     7.4096    226.734    231.552  0.000e+00
   56.49186 -132.73278    100.220     10.130     10.037    10.9174    27.8874  1021.3035    21.2576    10.9162     80.047    76.9708     3.9555      8.119     5.1854     7.4104    226.757    231.578  0.000e+00
   56.49186 -132.73278    110.037     10.130     10.037    10.9180    27.8811  1021.2985    21.2526    10.9169     80.105    76.9708     3.9555      8.119     5.1892     7.4160    226.929    231.752  0.000e+00
   56.49186 -132.73278    110.069     10.162     10.069    10.9158    27.8764  1021.2954    21.2493    10.9146     80.114    76.9708     3.9555      8.119     5.1902     7.4174    226.972    231.795  0.000e+00
   56.49186 -132.73278    109.158     10.130     10.037    10.9134    27.8763  1021.2956    21.2496    10.9122     80.067    76.9708     3.9262      8.119     5.1875     7.4134    226.851    231.672  0.000e+00
   56.49186 -132.73278    108.621     10.130     10.037    10.9194    27.8729  1021.2919    21.2459    10.9183     80.069    76.9708     3.7797      8.119     5.1870     7.4128    226.833    231.653  0.000e+00
   56.49186 -132.73278    108.670     10.130     10.037    10.9195    27.8739  1021.2927    21.2467    10.9184     80.071    76.9708     3.6625      8.114     5.1872     7.4130    226.839    231.659  0.000e+00
   56.49186 -132.73278    108.775     10.162     10.069    10.9139    27.8813  1021.2995    21.2534    10.9128     80.075    76.9708     3.6625      8.114     5.1878     7.4139    226.865    231.687  0.000e+00
   56.49186 -132.73278    108.767     10.130     10.037    10.9142    27.8871  1021.3038    21.2579    10.9131     80.078    76.9428     3.6625      8.114     5.1877     7.4138    226.861    231.684  0.000e+00
   56.49186 -132.73278    108.767     10.130     10.037    10.9157    27.8903  1021.3060    21.2601    10.9146     80.080    76.9428     3.6625      8.114     5.1876     7.4136    226.856    231.679  0.000e+00
   56.49186 -132.73278    108.767     10.130     10.037    10.9188    27.8912  1021.3062    21.2602    10.9177     80.083    76.9428     3.6625      8.114     5.1874     7.4133    226.846    231.669  0.000e+00
   56.49186 -132.73278    108.735     10.098     10.005    10.9225    27.8923  1021.3064    21.2605    10.9213     80.085    76.9428     3.6625      8.114     5.1871     7.4129    226.833    231.655  0.000e+00
   56.49186 -132.73278    108.743     10.130     10.037    10.9232    27.8956  1021.3089    21.2630    10.9221     80.033    76.9428     3.6625      8.114     5.1835     7.4078    226.677    231.497  0.000e+00
   56.49186 -132.73278    108.743     10.130     10.037    10.9263    27.8950  1021.3079    21.2620    10.9252     80.030    76.9428     3.6625      8.110     5.1831     7.4071    226.656    231.475  0.000e+00
   56.49186 -132.73278    108.799     10.162     10.069    10.9258    27.8930  1021.3066    21.2605    10.9247     80.029    76.9428     3.6625      8.110     5.1831     7.4071    226.657    231.476  0.000e+00
   56.49186 -132.73278    108.767     10.130     10.037    10.9237    27.8912  1021.3054    21.2595    10.9225     80.027    76.9428     3.6625      8.110     5.1832     7.4074    226.665    231.484  0.000e+00
   56.49186 -132.73278    108.743     10.130     10.037    10.9230    27.8924  1021.3065    21.2605    10.9219     80.026    76.9428     3.6625      8.110     5.1832     7.4073    226.662    231.481  0.000e+00
   56.49186 -132.73278    108.767     10.130     10.037    10.9227    27.8988  1021.3115    21.2656    10.9215     80.024    76.9428     3.6625      8.110     5.1829     7.4069    226.650    231.470  0.000e+00
   56.49186 -132.73278    108.735     10.098     10.005    10.9245    27.9046  1021.3155    21.2697    10.9233     79.968    76.9428     3.6625      8.110     5.1789     7.4011    226.472    231.289  0.000e+00
   56.49186 -132.73278    108.767     10.130     10.037    10.9291    27.9085  1021.3180    21.2720    10.9280     79.962    76.9428     3.6625      8.110     5.1778     7.3997    226.426    231.243  0.000e+00
   56.49186 -132.73278    108.840     10.130     10.037    10.9302    27.9156  1021.3233    21.2774    10.9290     79.896    76.9428     3.6625      8.105     5.1732     7.3931    226.223    231.036  0.000e+00
   56.49186 -132.73278    108.865     10.130     10.037    10.9230    27.9273  1021.3336    21.2876    10.9219     79.936    76.9428     3.6625      8.105     5.1762     7.3974    226.353    231.171  0.000e+00
   56.49186 -132.73278    108.833     10.098     10.005    10.8740    27.9642  1021.3702    21.3244    10.8729     79.931    76.9428     3.6625      8.105     5.1802     7.4030    226.518    231.348  0.000e+00
   56.49186 -132.73278    108.865     10.130     10.037    10.8225    27.9985  1021.4055    21.3595    10.8214     79.872    76.9428     3.6625      8.105     5.1810     7.4042    226.547    231.385  0.000e+00
   56.49186 -132.73278    108.865     10.130     10.037    10.8326    27.9872  1021.3951    21.3491    10.8315     79.807    76.9428     3.6625      8.105     5.1760     7.3971    226.330    231.162  0.000e+00
   56.49186 -132.73278    108.833     10.098     10.005    10.8540    27.9688  1021.3771    21.3313    10.8529     79.785    76.9428     4.1020      8.105     5.1728     7.3925    226.194    231.019  0.000e+00
   56.49186 -132.73278    108.840     10.130     10.037    10.8727    27.9529  1021.3618    21.3158    10.8716     79.765    76.9428     4.5123      8.105     5.1700     7.3884    226.071    230.890  0.000e+00
   56.49186 -132.73278    108.840     10.130     10.037    10.8856    27.9414  1021.3507    21.3047    10.8845     79.746    76.9428     4.6002      8.105     5.1677     7.3851    225.973    230.787  0.000e+00
   56.49186 -132.73278    108.809     10.073      9.981    10.8823    27.9398  1021.3498    21.3041    10.8812     79.728    77.2505     4.5709      8.105     5.1669     7.3841    225.942    230.756  0.000e+00
   56.49186 -132.73278    108.897     10.162     10.069    10.8489    27.9588  1021.3704    21.3243    10.8478     79.661    77.5022     4.5709      8.105     5.1657     7.3823    225.884    230.701  0.000e+00
   56.49186 -132.73278    108.784     10.073      9.981    10.7972    27.9884  1021.4016    21.3559    10.7960     79.650    77.5581     4.5709      8.105     5.1699     7.3882    226.058    230.886  0.000e+00
   56.49186 -132.73278    108.840     10.130     10.037    10.7525    28.0117  1021.4273    21.3813    10.7513     79.641    77.5581     4.5709      8.106     5.1735     7.3935    226.213    231.049  0.000e+00
   56.49186 -132.73278    108.865     10.130     10.037    10.7251    28.0229  1021.4405    21.3945    10.7239     79.631    77.5302     4.5709      8.106     5.1756     7.3964    226.299    231.141  0.000e+00
   56.49186 -132.73278    108.833     10.098     10.005    10.7044    28.0330  1021.4516    21.4057    10.7033     79.560    77.5302     4.5709      8.106     5.1729     7.3927    226.182    231.024  0.000e+00
   56.49186 -132.73278    108.865     10.130     10.037    10.6864    28.0443  1021.4635    21.4175    10.6853     79.540    77.5302     4.5709      8.106     5.1733     7.3932    226.196    231.040  0.000e+00
   56.49186 -132.73278    108.865     10.130     10.037    10.6865    28.0436  1021.4629    21.4169    10.6854     79.525    77.5302     4.5709      8.106     5.1723     7.3918    226.153    230.996  0.000e+00
   56.49186 -132.73278    108.865     10.130     10.037    10.6922    28.0377  1021.4574    21.4114    10.6911     79.510    77.5302     4.5709      8.106     5.1709     7.3898    226.094    230.934  0.000e+00
   56.49186 -132.73278    108.833     10.098     10.005    10.6831    28.0427  1021.4626    21.4167    10.6820     79.493    77.5302     4.5709      8.101     5.1707     7.3894    226.080    230.922  0.000e+00
   56.49186 -132.73278    108.865     10.130     10.037    10.6902    28.0364  1021.4567    21.4107    10.6891     79.426    77.5302     4.5709      8.101     5.1657     7.3823    225.865    230.701  0.000e+00
   56.49186 -132.73278    108.809     10.073      9.981    10.6814    28.0425  1021.4626    21.4169    10.6803     79.411    77.5302     4.5709      8.101     5.1655     7.3821    225.855    230.693  0.000e+00
   56.49186 -132.73278    108.833     10.098     10.005    10.6559    28.0630  1021.4829    21.4370    10.6548     79.345    77.5302     4.5709      8.101     5.1634     7.3791    225.759    230.599  0.000e+00
   56.49186 -132.73278    108.865     10.130     10.037    10.6504    28.0688  1021.4884    21.4424    10.6493     79.273    77.5302     4.5709      8.101     5.1592     7.3730    225.573    230.410  0.000e+00
   56.49186 -132.73278    108.865     10.130     10.037    10.6395    28.0778  1021.4971    21.4511    10.6384     79.248    77.5302     4.5709      8.101     5.1585     7.3720    225.541    230.379  0.000e+00
   56.49186 -132.73278    108.865     10.130     10.037    10.6366    28.0774  1021.4973    21.4513    10.6355     79.175    77.5302     4.5709      8.101     5.1541     7.3657    225.347    230.181  0.000e+00
