EcoFOCI/data/1_SampleCollection/2022_GOA-OA_CruiseData/CTD_raw_BottleFile_RC0083/RC0083_063.ros
* Sea-Bird SBE 9 Data File:
* FileName = C:\Data\RC0083ctd\RC0083_063.hex
* Software Version Seasave V 7.26.7.107
* Temperature SN = 2060
* Conductivity SN = 1084
* Number of Bytes Per Scan = 31
* Number of Voltage Words = 4
* Number of Scans Averaged by the Deck Unit = 1
* NMEA Latitude = 58 42.84 N
* NMEA Longitude = 136 06.86 W
* NMEA UTC (Time) = Aug 20 2022  15:08:42
* NMEA baud rate = 4800
** Ship: R/V Rachel Carson
** Cruise ID: RC0083
** Tech: McHugh/Nomura
** Chief Scientist: Cross
** Station: GB13
** Cast:  CTD063
# nquan = 21
# nvalues = 245                                   
# units = specified
# name 0 = latitude: Latitude [deg]
# name 1 = longitude: Longitude [deg]
# name 2 = sfdSM: Seafloor depth [salt water, m]
# name 3 = prDM: Pressure, Digiquartz [db]
# name 4 = depSM: Depth [salt water, m]
# name 5 = t090C: Temperature [ITS-90, deg C]
# name 6 = sal00: Salinity, Practical [PSU]
# name 7 = density00: Density [density, kg/m^3]
# name 8 = sigma-é00: Density [sigma-theta, kg/m^3]
# name 9 = potemp090C: Potential Temperature [ITS-90, deg C]
# name 10 = sbeox0PS: Oxygen, SBE 43 [% saturation]
# name 11 = CStarTr0: Beam Transmission, WET Labs C-Star [%]
# name 12 = flECO-AFL: Fluorescence, WET Labs ECO-AFL/FL [mg/m^3]
# name 13 = ph: pH
# name 14 = sbeox0ML/L: Oxygen, SBE 43 [ml/l]
# name 15 = sbeox0Mg/L: Oxygen, SBE 43 [mg/l]
# name 16 = sbox0Mm/Kg: Oxygen, SBE 43 [umol/kg]
# name 17 = sbeox0Mm/L: Oxygen, SBE 43 [umol/l]
# name 18 = scan: Scan Count
# name 19 = nbf: Bottles Fired
# name 20 = flag:  0.000e+00
# interval = seconds: 0.0416667
# start_time = Aug 20 2022 15:08:42 [NMEA time, header]
# bad_flag = -9.990e-29
*END*
   58.71388 -136.11356    107.083     97.638     96.704     6.7856    30.5796  1024.4170    23.9670     6.7773     69.536    93.8920    -0.0005      7.948     4.8570     6.9411    211.836    216.913       5304          1  0.000e+00
   58.71388 -136.11356    106.874     97.427     96.496     6.7853    30.5803  1024.4166    23.9676     6.7771     69.533    93.8920    -0.0005      7.948     4.8568     6.9409    211.828    216.905       5305          1  0.000e+00
   58.71388 -136.11356    107.083     97.638     96.704     6.7853    30.5800  1024.4173    23.9674     6.7770     69.535    93.8920    -0.0005      7.953     4.8569     6.9410    211.833    216.911       5306          1  0.000e+00
   58.71388 -136.11356    106.906     97.460     96.528     6.7856    30.5802  1024.4165    23.9674     6.7773     69.534    93.8920    -0.0005      7.948     4.8568     6.9409    211.828    216.905       5307          1  0.000e+00
   58.71388 -136.11356    106.995     97.549     96.616     6.7854    30.5803  1024.4171    23.9675     6.7772     69.535    93.8920    -0.0005      7.948     4.8569     6.9411    211.834    216.911       5308          1  0.000e+00
   58.71388 -136.11356    107.027     97.581     96.648     6.7854    30.5801  1024.4171    23.9674     6.7772     69.537    93.8920    -0.0005      7.948     4.8571     6.9412    211.840    216.917       5309          1  0.000e+00
   58.71388 -136.11356    106.938     97.492     96.560     6.7854    30.5800  1024.4166    23.9673     6.7772     69.531    93.8920    -0.0005      7.948     4.8566     6.9406    211.820    216.897       5310          1  0.000e+00
   58.71388 -136.11356    106.962     97.516     96.584     6.7853    30.5800  1024.4167    23.9673     6.7770     69.533    93.8920    -0.0005      7.948     4.8568     6.9409    211.829    216.906       5311          1  0.000e+00
   58.71388 -136.11356    107.027     97.581     96.648     6.7854    30.5797  1024.4168    23.9671     6.7772     69.529    93.8920    -0.0005      7.948     4.8565     6.9405    211.816    216.893       5312          1  0.000e+00
   58.71388 -136.11356    106.995     97.549     96.616     6.7849    30.5801  1024.4169    23.9674     6.7767     69.533    93.8920    -0.0005      7.948     4.8568     6.9409    211.828    216.905       5313          1  0.000e+00
   58.71388 -136.11356    106.962     97.516     96.584     6.7846    30.5805  1024.4172    23.9678     6.7764     69.536    93.9759    -0.0005      7.948     4.8571     6.9413    211.841    216.918       5314          1  0.000e+00
   58.71388 -136.11356    106.938     97.492     96.560     6.7846    30.5805  1024.4170    23.9678     6.7764     69.541    94.0878    -0.0005      7.948     4.8574     6.9417    211.855    216.932       5315          1  0.000e+00
   58.71388 -136.11356    107.027     97.581     96.648     6.7851    30.5799  1024.4170    23.9673     6.7768     69.547    94.1438    -0.0005      7.948     4.8578     6.9423    211.872    216.950       5316          1  0.000e+00
   58.71388 -136.11356    106.938     97.492     96.560     6.7853    30.5802  1024.4168    23.9675     6.7770     69.552    94.1158    -0.0005      7.953     4.8581     6.9428    211.886    216.965       5317          1  0.000e+00
   58.71388 -136.11356    107.027     97.581     96.648     6.7854    30.5799  1024.4169    23.9673     6.7772     69.560    94.1158    -0.0005      7.948     4.8587     6.9435    211.909    216.988       5318          1  0.000e+00
   58.71388 -136.11356    106.938     97.516     96.584     6.7854    30.5800  1024.4167    23.9673     6.7772     69.566    94.1158    -0.0005      7.948     4.8591     6.9442    211.929    217.008       5319          1  0.000e+00
   58.71388 -136.11356    106.970     97.549     96.616     6.7852    30.5801  1024.4169    23.9674     6.7770     69.567    94.1158    -0.0005      7.948     4.8592     6.9442    211.931    217.010       5320          1  0.000e+00
   58.71388 -136.11356    106.938     97.516     96.584     6.7851    30.5801  1024.4168    23.9674     6.7768     69.575    94.1158    -0.0005      7.948     4.8597     6.9451    211.956    217.036       5321          1  0.000e+00
   58.71388 -136.11356    106.970     97.549     96.616     6.7846    30.5801  1024.4170    23.9675     6.7764     69.576    94.1158    -0.0005      7.953     4.8599     6.9453    211.962    217.042       5322          1  0.000e+00
   58.71388 -136.11356    106.962     97.516     96.584     6.7846    30.5798  1024.4167    23.9673     6.7764     69.577    94.1158     0.0288      7.948     4.8600     6.9454    211.965    217.046       5323          1  0.000e+00
   58.71388 -136.11356    106.995     97.549     96.616     6.7844    30.5802  1024.4171    23.9676     6.7762     69.587    94.1158     0.0288      7.948     4.8607     6.9464    211.996    217.077       5324          1  0.000e+00
   58.71388 -136.11356    106.962     97.516     96.584     6.7846    30.5803  1024.4170    23.9676     6.7764     69.597    94.1158     0.0288      7.953     4.8613     6.9473    212.025    217.106       5325          1  0.000e+00
   58.71388 -136.11356    106.962     97.516     96.584     6.7853    30.5804  1024.4170    23.9677     6.7770     69.551    94.1158     0.0288      7.948     4.8580     6.9426    211.882    216.960       5326          1  0.000e+00
   58.71388 -136.11356    106.995     97.549     96.616     6.7853    30.5803  1024.4171    23.9676     6.7770     69.555    94.1158     0.0288      7.948     4.8584     6.9431    211.896    216.974       5327          1  0.000e+00
   58.71388 -136.11356    106.962     97.516     96.584     6.7854    30.5800  1024.4167    23.9673     6.7772     69.617    94.1158     0.0288      7.948     4.8626     6.9492    212.082    217.165       5328          1  0.000e+00
   58.71388 -136.11356    106.995     97.549     96.616     6.7854    30.5805  1024.4172    23.9677     6.7772     69.622    94.1158     0.0288      7.948     4.8630     6.9497    212.098    217.182       5329          1  0.000e+00
   58.71388 -136.11356    106.962     97.516     96.584     6.7857    30.5801  1024.4167    23.9674     6.7775     69.628    94.1158     0.0288      7.948     4.8634     6.9502    212.114    217.198       5330          1  0.000e+00
   58.71388 -136.11356    107.027     97.581     96.648     6.7857    30.5799  1024.4169    23.9672     6.7775     69.570    94.1158     0.0288      7.948     4.8593     6.9445    211.938    217.018       5331          1  0.000e+00
   58.71388 -136.11356    106.938     97.492     96.560     6.7859    30.5801  1024.4166    23.9673     6.7777     69.576    94.1158     0.0288      7.948     4.8597     6.9450    211.955    217.035       5332          1  0.000e+00
   58.71388 -136.11356    106.962     97.516     96.584     6.7857    30.5801  1024.4167    23.9674     6.7775     69.632    94.1158     0.0288      7.948     4.8637     6.9507    212.127    217.211       5333          1  0.000e+00
   58.71388 -136.11356    106.995     97.549     96.616     6.7857    30.5799  1024.4167    23.9672     6.7775     69.584    94.1158     0.0288      7.948     4.8603     6.9458    211.980    217.061       5334          1  0.000e+00
   58.71388 -136.11356    107.027     97.581     96.648     6.7862    30.5795  1024.4165    23.9668     6.7780     69.576    94.1438     0.0288      7.948     4.8598     6.9451    211.957    217.037       5335          1  0.000e+00
   58.71388 -136.11356    106.938     97.492     96.560     6.7861    30.5800  1024.4165    23.9672     6.7778     69.569    94.1438     0.0288      7.948     4.8592     6.9443    211.933    217.012       5336          1  0.000e+00
   58.71388 -136.11356    107.027     97.581     96.648     6.7862    30.5796  1024.4166    23.9669     6.7780     69.563    94.1438     0.0288      7.948     4.8588     6.9437    211.915    216.994       5337          1  0.000e+00
   58.71388 -136.11356    106.962     97.516     96.584     6.7859    30.5801  1024.4167    23.9674     6.7777     69.564    94.1438     0.0288      7.953     4.8589     6.9438    211.919    216.998       5338          1  0.000e+00
   58.71388 -136.11356    106.970     97.549     96.616     6.7857    30.5803  1024.4170    23.9675     6.7775     69.566    94.1717     0.0288      7.948     4.8591     6.9441    211.927    217.007       5339          1  0.000e+00
   58.71388 -136.11356    106.938     97.516     96.584     6.7856    30.5795  1024.4163    23.9669     6.7773     69.569    94.1438     0.0288      7.948     4.8593     6.9444    211.937    217.017       5340          1  0.000e+00
   58.71388 -136.11356    106.970     97.549     96.616     6.7856    30.5796  1024.4165    23.9670     6.7773     69.573    94.1438     0.0288      7.948     4.8596     6.9448    211.948    217.028       5341          1  0.000e+00
   58.71388 -136.11356    106.938     97.516     96.584     6.7851    30.5799  1024.4166    23.9673     6.7768     69.569    94.1717     0.0288      7.948     4.8593     6.9445    211.938    217.018       5342          1  0.000e+00
   58.71388 -136.11356    106.970     97.549     96.616     6.7849    30.5798  1024.4167    23.9672     6.7767     69.566    94.1438     0.0288      7.948     4.8591     6.9442    211.929    217.009       5343          1  0.000e+00
   58.71388 -136.11356    106.938     97.516     96.584     6.7843    30.5784  1024.4156    23.9662     6.7760     69.619    94.1438     0.0288      7.948     4.8629     6.9496    212.096    217.179       5344          1  0.000e+00
   58.71388 -136.11356    107.002     97.581     96.648     6.7841    30.5789  1024.4163    23.9666     6.7758     69.624    94.1438     0.0288      7.948     4.8633     6.9502    212.112    217.195       5345          1  0.000e+00
   58.71388 -136.11356    106.970     97.549     96.616     6.7838    30.5799  1024.4170    23.9675     6.7755     69.572    94.1717     0.0288      7.953     4.8597     6.9449    211.953    217.033       5346          1  0.000e+00
   58.71388 -136.11356    106.938     97.516     96.584     6.7836    30.5808  1024.4175    23.9681     6.7754     69.568    94.1438     0.0288      7.948     4.8594     6.9446    211.943    217.022       5347          1  0.000e+00
   58.71388 -136.11356    106.970     97.549     96.616     6.7838    30.5807  1024.4176    23.9681     6.7755     69.566    94.1717     0.0288      7.948     4.8593     6.9444    211.935    217.015       5348          1  0.000e+00
   58.71388 -136.11356    106.938     97.516     96.584     6.7838    30.5810  1024.4177    23.9683     6.7755     69.620    94.1438     0.0288      7.948     4.8630     6.9497    212.099    217.182       5349          1  0.000e+00
   58.71388 -136.11356    106.938     97.516     96.584     6.7840    30.5807  1024.4174    23.9680     6.7758     69.625    94.1438     0.0288      7.953     4.8634     6.9503    212.114    217.198       5350          1  0.000e+00
   58.71388 -136.11356    106.970     97.549     96.616     6.7841    30.5805  1024.4174    23.9679     6.7759     69.575    94.1717     0.0288      7.948     4.8598     6.9452    211.959    217.040       5351          1  0.000e+00
   58.71388 -136.11356    107.002     97.581     96.648     6.7843    30.5809  1024.4179    23.9682     6.7760     69.573    94.1438     0.0288      7.948     4.8597     6.9450    211.953    217.033       5352          1  0.000e+00
   58.71368 -136.11326     94.498     51.098     50.615     7.3127    30.3058  1023.9183    23.6833     7.3082     67.245    93.1928     0.1753      7.961     4.6484     6.6430    202.795    207.598       7892          2  0.000e+00
   58.71368 -136.11326     94.506     51.106     50.623     7.3127    30.3059  1023.9184    23.6833     7.3082     67.247    93.2208     0.1753      7.961     4.6486     6.6433    202.802    207.605       7893          2  0.000e+00
   58.71368 -136.11326    121.355     50.920     50.439     7.3125    30.3061  1023.9178    23.6836     7.3080     67.241    93.2208     0.1753      7.961     4.6481     6.6427    202.783    207.586       7894          2  0.000e+00
   58.71368 -136.11326    146.472     51.106     50.623     7.3125    30.3060  1023.9186    23.6835     7.3080     67.245    93.1928     0.1753      7.961     4.6484     6.6431    202.797    207.599       7895          2  0.000e+00
   58.71368 -136.11326    150.559     51.041     50.559     7.3125    30.3061  1023.9183    23.6835     7.3080     67.248    93.1928     0.1753      7.961     4.6486     6.6433    202.804    207.607       7896          2  0.000e+00
   58.71368 -136.11326    150.210     50.985     50.503     7.3125    30.3061  1023.9181    23.6835     7.3080     67.250    93.1928     0.1753      7.961     4.6488     6.6436    202.813    207.616       7897          2  0.000e+00
   58.71368 -136.11326    149.321     51.098     50.615     7.3127    30.3055  1023.9181    23.6830     7.3082     67.255    93.1928     0.1753      7.961     4.6491     6.6441    202.826    207.630       7898          2  0.000e+00
   58.71368 -136.11326    149.038     50.985     50.503     7.3127    30.3058  1023.9178    23.6833     7.3082     67.258    93.1928     0.1753      7.961     4.6493     6.6443    202.835    207.639       7899          2  0.000e+00
   58.71366 -136.11326    149.199     51.098     50.615     7.3128    30.3055  1023.9181    23.6830     7.3084     67.263    93.1928     0.1753      7.961     4.6497     6.6448    202.850    207.654       7900          2  0.000e+00
   58.71366 -136.11326    149.200     51.050     50.567     7.3130    30.3058  1023.9180    23.6832     7.3085     67.267    93.1928     0.1753      7.961     4.6499     6.6452    202.862    207.666       7901          2  0.000e+00
   58.71366 -136.11326    149.136     50.985     50.503     7.3131    30.3054  1023.9174    23.6829     7.3087     67.272    93.1648     0.1753      7.961     4.6502     6.6456    202.875    207.679       7902          2  0.000e+00
   58.71366 -136.11326    149.192     51.041     50.559     7.3133    30.3047  1023.9171    23.6823     7.3089     67.277    93.1369     0.1753      7.961     4.6506     6.6462    202.892    207.697       7903          2  0.000e+00
   58.71366 -136.11326    149.200     51.050     50.567     7.3137    30.3045  1023.9169    23.6821     7.3092     67.283    93.1369     0.1753      7.961     4.6510     6.6467    202.907    207.712       7904          2  0.000e+00
   58.71366 -136.11326    149.192     51.041     50.559     7.3135    30.3049  1023.9172    23.6824     7.3090     67.281    93.1369     0.1753      7.961     4.6508     6.6465    202.902    207.707       7905          2  0.000e+00
   58.71366 -136.11326    149.200     51.050     50.567     7.3136    30.3052  1023.9175    23.6827     7.3091     67.279    93.1369     0.1753      7.961     4.6507     6.6463    202.895    207.700       7906          2  0.000e+00
   58.71366 -136.11326    131.389     51.041     50.559     7.3135    30.3051  1023.9174    23.6826     7.3090     67.277    93.1369     0.1753      7.961     4.6506     6.6462    202.890    207.695       7907          2  0.000e+00
   58.71366 -136.11326    110.787     51.050     50.567     7.3131    30.3051  1023.9175    23.6826     7.3087     67.283    93.1369     0.1753      7.961     4.6510     6.6468    202.910    207.715       7908          2  0.000e+00
   58.71366 -136.11326    105.895     51.041     50.559     7.3130    30.3057  1023.9180    23.6832     7.3085     67.289    93.1369     0.1753      7.961     4.6514     6.6474    202.928    207.734       7909          2  0.000e+00
   58.71366 -136.11326    106.684     51.050     50.567     7.3127    30.3060  1023.9182    23.6834     7.3082     67.288    93.1369     0.1753      7.956     4.6514     6.6473    202.925    207.731       7910          2  0.000e+00
