EcoFOCI/data/1_SampleCollection/2022_GOA-OA_CruiseData/CTD_raw_BottleFile_RC0083/RC0083_042.cnv
* Sea-Bird SBE 9 Data File:
* FileName = C:\Data\RC0083ctd\RC0083_042.hex
* Software Version Seasave V 7.26.7.107
* Temperature SN = 2060
* Conductivity SN = 1084
* Number of Bytes Per Scan = 31
* Number of Voltage Words = 4
* Number of Scans Averaged by the Deck Unit = 1
* NMEA Latitude = 58 06.53 N
* NMEA Longitude = 136 31.59 W
* NMEA UTC (Time) = Aug 18 2022  21:43:42
* NMEA baud rate = 4800
** Ship: R/V Rachel Carson
** Cruise ID: RC0083
** Tech: McHugh/Nomura
** Chief Scientist: Cross
** Station: XS1
** Cast:  CTD042
# nquan = 19
# nvalues = 10395                                 
# units = specified
# name 0 = latitude: Latitude [deg]
# name 1 = longitude: Longitude [deg]
# name 2 = sfdSM: Seafloor depth [salt water, m]
# name 3 = prDM: Pressure, Digiquartz [db]
# name 4 = depSM: Depth [salt water, m]
# name 5 = t090C: Temperature [ITS-90, deg C]
# name 6 = sal00: Salinity, Practical [PSU]
# name 7 = density00: Density [density, kg/m^3]
# name 8 = sigma-é00: Density [sigma-theta, kg/m^3]
# name 9 = potemp090C: Potential Temperature [ITS-90, deg C]
# name 10 = sbeox0PS: Oxygen, SBE 43 [% saturation]
# name 11 = CStarTr0: Beam Transmission, WET Labs C-Star [%]
# name 12 = flECO-AFL: Fluorescence, WET Labs ECO-AFL/FL [mg/m^3]
# name 13 = ph: pH
# name 14 = sbeox0ML/L: Oxygen, SBE 43 [ml/l]
# name 15 = sbeox0Mg/L: Oxygen, SBE 43 [mg/l]
# name 16 = sbox0Mm/Kg: Oxygen, SBE 43 [umol/kg]
# name 17 = sbeox0Mm/L: Oxygen, SBE 43 [umol/l]
# name 18 = flag:  0.000e+00
# span 0 =   58.10838,   58.10880                 
# span 1 = -136.52654, -136.52406                 
# span 2 =      2.832,     82.743                 
# span 3 =      2.502,     72.298                 
# span 4 =      2.478,     71.615                 
# span 5 =     7.9678,    14.1456                 
# span 6 =    31.0683,    32.1323                 
# span 7 =  1023.1708,  1025.3552                 
# span 8 =    23.1577,    25.0279                 
# span 9 =     7.9610,    14.1451                 
# span 10 =     58.597,    102.143                
# span 11 =    86.5921,    96.7728                
# span 12 =     0.2046,     2.0508                
# span 13 =      7.943,      8.314                
# span 14 =     3.9213,     6.0625                
# span 15 =     5.6040,     8.6640                
# span 16 =    170.873,    264.602                
# span 17 =    175.127,    270.753                
# span 18 = 0.0000e+00, 0.0000e+00                
# interval = seconds: 0.0416667
# start_time = Aug 18 2022 21:43:42 [NMEA time, header]
# bad_flag = -9.990e-29
*END*
[from data line 10134]
   58.10840 -136.52412     51.423      3.075      3.046    14.1377    31.1158  1023.1731    23.1594    14.1373    101.922    94.0878     0.9958      8.299     6.0466     8.6412    263.930    270.042  0.000e+00
   58.10840 -136.52412     51.391      3.043      3.014    14.1374    31.1160  1023.1732    23.1597    14.1370    101.917    94.0878     0.9958      8.299     6.0463     8.6408    263.917    270.029  0.000e+00
   58.10840 -136.52412     51.423      3.075      3.046    14.1367    31.1157  1023.1733    23.1596    14.1363    101.864    94.0878     0.9958      8.299     6.0433     8.6365    263.786    269.895  0.000e+00
   58.10840 -136.52412     51.244      3.043      3.014    14.1364    31.1152  1023.1728    23.1593    14.1359    101.912    94.0878     0.9958      8.303     6.0462     8.6407    263.912    270.024  0.000e+00
   58.10840 -136.52412     50.925      3.140      3.110    14.1359    31.1155  1023.1736    23.1596    14.1355    101.914    94.0878     0.9958      8.303     6.0464     8.6409    263.918    270.031  0.000e+00
   58.10840 -136.52412     50.738      3.099      3.070    14.1357    31.1157  1023.1736    23.1598    14.1352    101.914    94.0878     0.9958      8.299     6.0464     8.6409    263.919    270.032  0.000e+00
   58.10840 -136.52412     50.834      3.196      3.166    14.1358    31.1154  1023.1737    23.1595    14.1354    101.910    94.0878     0.9958      8.299     6.0462     8.6406    263.909    270.021  0.000e+00
   58.10840 -136.52412     50.803      3.140      3.110    14.1355    31.1158  1023.1739    23.1599    14.1351    101.909    94.0878     0.9958      8.299     6.0461     8.6405    263.909    270.021  0.000e+00
   58.10840 -136.52412     50.883      3.220      3.190    14.1357    31.1159  1023.1743    23.1600    14.1352    101.858    94.0878     0.9958      8.299     6.0431     8.6361    263.774    269.883  0.000e+00
   58.10840 -136.52412     50.915      3.253      3.222    14.1362    31.1160  1023.1744    23.1599    14.1357    101.853    94.0878     0.9958      8.299     6.0427     8.6357    263.760    269.869  0.000e+00
   58.10840 -136.52412     50.883      3.220      3.190    14.1360    31.1158  1023.1741    23.1598    14.1356    101.849    94.0878     0.9958      8.299     6.0425     8.6353    263.748    269.857  0.000e+00
   58.10840 -136.52412     50.915      3.253      3.222    14.1360    31.1158  1023.1742    23.1598    14.1355    101.897    94.0878     0.9958      8.299     6.0454     8.6395    263.875    269.987  0.000e+00
   58.10840 -136.52412     51.003      3.341      3.310    14.1357    31.1163  1023.1751    23.1603    14.1353    101.899    94.0598     0.9958      8.299     6.0455     8.6396    263.881    269.993  0.000e+00
   58.10840 -136.52412     50.979      3.317      3.286    14.1365    31.1166  1023.1751    23.1603    14.1360    101.847    94.0878     0.9958      8.299     6.0423     8.6351    263.741    269.849  0.000e+00
   58.10838 -136.52412     50.979      3.317      3.286    14.1369    31.1164  1023.1748    23.1601    14.1364    101.843    94.0878     0.9958      8.299     6.0420     8.6346    263.728    269.836  0.000e+00
   58.10838 -136.52412     51.003      3.341      3.310    14.1376    31.1160  1023.1745    23.1596    14.1371    101.892    94.0878     0.9958      8.299     6.0449     8.6387    263.853    269.964  0.000e+00
   58.10838 -136.52412     51.035      3.374      3.342    14.1382    31.1161  1023.1746    23.1596    14.1377    101.841    94.0878     0.9958      8.299     6.0417     8.6343    263.717    269.825  0.000e+00
   58.10838 -136.52412     51.059      3.398      3.366    14.1387    31.1161  1023.1746    23.1595    14.1382    101.838    94.0878     0.9958      8.299     6.0415     8.6339    263.705    269.813  0.000e+00
   58.10838 -136.52412     53.712      3.438      3.406    14.1388    31.1161  1023.1748    23.1595    14.1383    101.835    94.0878     0.9958      8.299     6.0413     8.6336    263.697    269.804  0.000e+00
   58.10838 -136.52412     67.085      3.455      3.422    14.1394    31.1158  1023.1745    23.1591    14.1389    101.832    94.0878     0.9958      8.299     6.0411     8.6333    263.687    269.794  0.000e+00
   58.10838 -136.52412     72.881      3.438      3.406    14.1401    31.1164  1023.1747    23.1594    14.1396    101.776    94.0878     0.9958      8.299     6.0376     8.6284    263.536    269.640  0.000e+00
   58.10838 -136.52412     73.304      3.495      3.462    14.1410    31.1163  1023.1747    23.1592    14.1405    101.768    94.0878     0.9958      8.299     6.0371     8.6276    263.513    269.616  0.000e+00
   58.10838 -136.52412     72.702      3.455      3.422    14.1410    31.1164  1023.1746    23.1593    14.1405    101.813    94.0878     0.9958      8.299     6.0398     8.6314    263.630    269.735  0.000e+00
   58.10838 -136.52412     72.700      3.551      3.518    14.1413    31.1166  1023.1751    23.1593    14.1408    101.760    94.0878     0.9958      8.299     6.0365     8.6268    263.489    269.592  0.000e+00
   58.10838 -136.52412     72.986      3.519      3.486    14.1419    31.1161  1023.1745    23.1589    14.1414    101.758    94.0878     0.9958      8.299     6.0364     8.6266    263.482    269.584  0.000e+00
   58.10838 -136.52412     73.108      3.495      3.462    14.1422    31.1163  1023.1745    23.1589    14.1417    101.752    94.0878     0.9958      8.299     6.0359     8.6260    263.464    269.565  0.000e+00
   58.10838 -136.52412     73.164      3.551      3.518    14.1418    31.1162  1023.1748    23.1590    14.1413    101.694    94.0878     0.9958      8.299     6.0326     8.6212    263.317    269.415  0.000e+00
   58.10838 -136.52412     73.188      3.576      3.542    14.1407    31.1163  1023.1751    23.1592    14.1402    101.737    94.0878     0.9958      8.299     6.0353     8.6250    263.434    269.535  0.000e+00
   58.10838 -136.52412     73.286      3.551      3.518    14.1406    31.1161  1023.1749    23.1591    14.1401    101.679    94.0878     0.9958      8.299     6.0318     8.6201    263.285    269.382  0.000e+00
   58.10838 -136.52412     73.579      3.576      3.542    14.1404    31.1160  1023.1749    23.1590    14.1399    101.670    94.1158     1.0251      8.299     6.0314     8.6194    263.264    269.361  0.000e+00
   58.10838 -136.52412     73.628      3.551      3.518    14.1399    31.1160  1023.1750    23.1592    14.1394    101.609    94.1158     1.0544      8.299     6.0278     8.6143    263.107    269.200  0.000e+00
   58.10838 -136.52412     73.652      3.576      3.542    14.1399    31.1165  1023.1754    23.1595    14.1394    101.596    94.1438     1.0544      8.299     6.0270     8.6132    263.074    269.166  0.000e+00
   58.10838 -136.52412     73.628      3.551      3.518    14.1407    31.1167  1023.1753    23.1595    14.1402    101.584    94.1158     1.0544      8.299     6.0262     8.6120    263.037    269.129  0.000e+00
   58.10838 -136.52412     73.604      3.551      3.518    14.1410    31.1165  1023.1751    23.1593    14.1405    101.573    94.1158     1.0544      8.299     6.0255     8.6110    263.008    269.099  0.000e+00
   58.10838 -136.52412     73.572      3.519      3.486    14.1411    31.1169  1023.1752    23.1596    14.1407    101.563    94.1158     1.0544      8.303     6.0248     8.6101    262.979    269.069  0.000e+00
   58.10838 -136.52412     73.668      3.616      3.582    14.1417    31.1163  1023.1751    23.1590    14.1412    101.554    94.1158     1.0544      8.299     6.0243     8.6093    262.956    269.045  0.000e+00
   58.10838 -136.52412     73.572      3.519      3.486    14.1414    31.1166  1023.1750    23.1593    14.1409    101.545    94.1158     1.0544      8.299     6.0238     8.6086    262.932    269.021  0.000e+00
   58.10838 -136.52412     73.628      3.551      3.518    14.1415    31.1167  1023.1752    23.1594    14.1410    101.538    94.1158     1.0544      8.299     6.0233     8.6079    262.913    269.002  0.000e+00
   58.10838 -136.52410     73.767      3.519      3.486    14.1412    31.1164  1023.1749    23.1592    14.1407    101.531    94.1158     1.0544      8.299     6.0229     8.6074    262.896    268.985  0.000e+00
   58.10838 -136.52410     73.921      3.551      3.518    14.1408    31.1169  1023.1755    23.1597    14.1403    101.520    94.1158     1.0544      8.299     6.0223     8.6065    262.869    268.957  0.000e+00
   58.10838 -136.52410     73.890      3.495      3.462    14.1404    31.1166  1023.1751    23.1596    14.1399    101.461    94.1158     1.0544      8.299     6.0189     8.6016    262.720    268.804  0.000e+00
   58.10838 -136.52410     73.914      3.519      3.486    14.1407    31.1163  1023.1749    23.1592    14.1402    101.505    94.1158     1.0544      8.299     6.0215     8.6053    262.832    268.919  0.000e+00
   58.10838 -136.52410     73.890      3.495      3.462    14.1404    31.1169  1023.1753    23.1598    14.1400    101.448    94.1158     1.0544      8.299     6.0181     8.6005    262.687    268.770  0.000e+00
   58.10838 -136.52410     73.916      3.398      3.366    14.1402    31.1167  1023.1748    23.1597    14.1397    101.440    94.1158     1.0544      8.299     6.0177     8.5999    262.666    268.749  0.000e+00
   58.10838 -136.52410     74.085      3.495      3.462    14.1401    31.1172  1023.1756    23.1601    14.1396    101.435    94.1158     1.0544      8.299     6.0174     8.5994    262.653    268.736  0.000e+00
   58.10838 -136.52410     73.965      3.374      3.342    14.1401    31.1172  1023.1751    23.1601    14.1397    101.481    94.1158     1.0544      8.303     6.0201     8.6033    262.772    268.858  0.000e+00
   58.10838 -136.52410     73.989      3.398      3.366    14.1405    31.1166  1023.1746    23.1595    14.1400    101.429    94.1158     1.0544      8.299     6.0170     8.5989    262.637    268.720  0.000e+00
   58.10838 -136.52410     73.990      3.374      3.342    14.1402    31.1166  1023.1746    23.1596    14.1397    101.478    94.1158     1.0544      8.299     6.0200     8.6031    262.767    268.852  0.000e+00
   58.10838 -136.52410     74.080      3.341      3.310    14.1408    31.1161  1023.1739    23.1590    14.1404    101.481    94.1158     1.0544      8.299     6.0201     8.6033    262.770    268.856  0.000e+00
   58.10838 -136.52410     74.129      3.317      3.286    14.1409    31.1164  1023.1740    23.1593    14.1404    101.484    94.0598     1.0544      8.299     6.0202     8.6035    262.778    268.864  0.000e+00
   58.10838 -136.52410     74.065      3.277      3.246    14.1408    31.1170  1023.1743    23.1598    14.1404    101.488    94.0039     1.0544      8.299     6.0205     8.6038    262.788    268.874  0.000e+00
   58.10838 -136.52410     74.041      3.253      3.222    14.1410    31.1164  1023.1737    23.1592    14.1406    101.488    94.0039     1.0544      8.299     6.0204     8.6038    262.787    268.873  0.000e+00
   58.10838 -136.52410     74.041      3.253      3.222    14.1409    31.1163  1023.1737    23.1592    14.1404    101.494    94.0039     1.0544      8.299     6.0208     8.6044    262.804    268.890  0.000e+00
   58.10838 -136.52410     73.945      3.156      3.126    14.1406    31.1167  1023.1736    23.1596    14.1402    101.500    94.0039     1.0544      8.299     6.0212     8.6049    262.819    268.906  0.000e+00
   58.10838 -136.52410     73.985      3.196      3.166    14.1407    31.1163  1023.1735    23.1593    14.1403    101.508    94.0039     1.0544      8.299     6.0217     8.6056    262.841    268.928  0.000e+00
   58.10838 -136.52410     73.889      3.099      3.070    14.1405    31.1158  1023.1727    23.1589    14.1401    101.515    94.0039     1.0544      8.299     6.0222     8.6063    262.862    268.950  0.000e+00
   58.10838 -136.52410     73.929      3.140      3.110    14.1406    31.1163  1023.1732    23.1592    14.1402    101.525    94.0039     1.0544      8.299     6.0227     8.6071    262.887    268.975  0.000e+00
   58.10838 -136.52410     74.011      3.099      3.070    14.1402    31.1171  1023.1737    23.1599    14.1398    101.530    94.0039     1.0544      8.299     6.0230     8.6075    262.899    268.988  0.000e+00
   58.10838 -136.52410     74.028      3.018      2.990    14.1403    31.1167  1023.1730    23.1596    14.1399    101.535    94.0039     1.0544      8.299     6.0233     8.6079    262.911    269.000  0.000e+00
   58.10838 -136.52410     74.021      2.962      2.934    14.1407    31.1163  1023.1724    23.1592    14.1403    101.540    94.0039     1.0544      8.299     6.0236     8.6083    262.924    269.013  0.000e+00
   58.10838 -136.52410     74.101      3.043      3.014    14.1409    31.1169  1023.1732    23.1596    14.1405    101.553    94.0039     1.0544      8.299     6.0243     8.6094    262.956    269.046  0.000e+00
   58.10838 -136.52410     74.053      3.018      2.990    14.1408    31.1172  1023.1733    23.1599    14.1404    101.566    94.0039     1.0544      8.299     6.0251     8.6105    262.990    269.080  0.000e+00
   58.10838 -136.52410     73.957      2.922      2.894    14.1410    31.1165  1023.1723    23.1593    14.1406    101.627    94.0039     1.0544      8.299     6.0287     8.6156    263.146    269.240  0.000e+00
   58.10838 -136.52410     73.908      2.897      2.870    14.1409    31.1175  1023.1729    23.1601    14.1405    101.641    94.0039     1.0544      8.299     6.0295     8.6167    263.181    269.276  0.000e+00
   58.10838 -136.52410     73.957      2.922      2.894    14.1410    31.1173  1023.1729    23.1599    14.1405    101.661    94.0039     1.0544      8.299     6.0307     8.6185    263.234    269.331  0.000e+00
   58.10838 -136.52410     73.877      2.841      2.814    14.1410    31.1172  1023.1724    23.1598    14.1406    101.675    94.0039     1.0544      8.299     6.0315     8.6197    263.271    269.368  0.000e+00
   58.10838 -136.52410     73.877      2.841      2.814    14.1412    31.1170  1023.1723    23.1597    14.1408    101.691    94.0039     1.0544      8.299     6.0325     8.6210    263.311    269.409  0.000e+00
   58.10838 -136.52410     73.837      2.800      2.774    14.1415    31.1172  1023.1722    23.1598    14.1411    101.707    94.0039     1.0544      8.299     6.0333     8.6223    263.350    269.449  0.000e+00
   58.10838 -136.52410     73.813      2.776      2.750    14.1415    31.1173  1023.1721    23.1598    14.1411    101.723    94.0039     1.0544      8.299     6.0343     8.6236    263.392    269.492  0.000e+00
   58.10838 -136.52410     70.174      2.800      2.774    14.1417    31.1174  1023.1723    23.1599    14.1413    101.735    94.0319     1.0544      8.299     6.0350     8.6246    263.422    269.523  0.000e+00
   58.10838 -136.52410     36.248      2.720      2.694    14.1415    31.1176  1023.1722    23.1601    14.1411    101.746    94.0598     1.0251      8.299     6.0356     8.6255    263.451    269.552  0.000e+00
   58.10838 -136.52410     19.202      2.744      2.718    14.1415    31.1175  1023.1722    23.1600    14.1411    101.764    94.0878     1.0251      8.299     6.0367     8.6271    263.497    269.599  0.000e+00
   58.10838 -136.52410     17.493      2.720      2.694    14.1417    31.1171  1023.1717    23.1596    14.1413    101.829    94.0878     1.0251      8.299     6.0406     8.6326    263.666    269.772  0.000e+00
   58.10838 -136.52410     18.894      2.679      2.654    14.1415    31.1175  1023.1719    23.1600    14.1412    101.793    94.0878     1.0251      8.299     6.0385     8.6296    263.573    269.678  0.000e+00
   58.10838 -136.52410     19.562      2.663      2.638    14.1415    31.1176  1023.1719    23.1601    14.1412    101.806    94.0878     1.0251      8.299     6.0392     8.6306    263.605    269.711  0.000e+00
