EcoFOCI/data/1_SampleCollection/2022_GOA-OA_CruiseData/CTD_raw_BottleFile_RC0083/RC0083_115.cnv
* Sea-Bird SBE 9 Data File:
* FileName = C:\Data\RC0083ctd\RC0083_115.hex
* Software Version Seasave V 7.26.7.107
* Temperature SN = 2060
* Conductivity SN = 2881
* Number of Bytes Per Scan = 31
* Number of Voltage Words = 4
* Number of Scans Averaged by the Deck Unit = 1
* NMEA Latitude = 56 02.44 N
* NMEA Longitude = 133 53.90 W
* NMEA UTC (Time) = Aug 23 2022  13:33:50
* NMEA baud rate = 4800
** Ship: R/V Rachel Carson
** Cruise ID: RC0083
** Tech: McHugh/Nomura
** Chief Scientist: Cross
** Station: LSS3
** Cast:  CTD115
# nquan = 19
# nvalues = 17221                                 
# units = specified
# name 0 = latitude: Latitude [deg]
# name 1 = longitude: Longitude [deg]
# name 2 = sfdSM: Seafloor depth [salt water, m]
# name 3 = prDM: Pressure, Digiquartz [db]
# name 4 = depSM: Depth [salt water, m]
# name 5 = t090C: Temperature [ITS-90, deg C]
# name 6 = sal00: Salinity, Practical [PSU]
# name 7 = density00: Density [density, kg/m^3]
# name 8 = sigma-é00: Density [sigma-theta, kg/m^3]
# name 9 = potemp090C: Potential Temperature [ITS-90, deg C]
# name 10 = sbeox0PS: Oxygen, SBE 43 [% saturation]
# name 11 = CStarTr0: Beam Transmission, WET Labs C-Star [%]
# name 12 = flECO-AFL: Fluorescence, WET Labs ECO-AFL/FL [mg/m^3]
# name 13 = ph: pH
# name 14 = sbeox0ML/L: Oxygen, SBE 43 [ml/l]
# name 15 = sbeox0Mg/L: Oxygen, SBE 43 [mg/l]
# name 16 = sbox0Mm/Kg: Oxygen, SBE 43 [umol/kg]
# name 17 = sbeox0Mm/L: Oxygen, SBE 43 [umol/l]
# name 18 = flag:  0.000e+00
# span 0 =   56.04060,   56.04106                 
# span 1 = -133.89848, -133.89794                 
# span 2 =      2.571,    277.694                 
# span 3 =      1.778,    262.835                 
# span 4 =      1.762,    260.277                 
# span 5 =     6.1982,    12.0509                 
# span 6 =    30.8175,    33.4093                 
# span 7 =  1023.3601,  1027.4801                 
# span 8 =    23.3510,    26.2737                 
# span 9 =     6.1757,    12.0505                 
# span 10 =     32.372,     88.638                
# span 11 =    91.7944,   102.3946                
# span 12 =    -0.0591,     6.6222                
# span 13 =      7.758,      8.205                
# span 14 =     2.2482,     5.6120                
# span 15 =     3.2129,     8.0201                
# span 16 =     97.838,    244.721                
# span 17 =    100.405,    250.633                
# span 18 = 0.0000e+00, 0.0000e+00                
# interval = seconds: 0.0416667
# start_time = Aug 23 2022 13:33:50 [NMEA time, header]
# bad_flag = -9.990e-29
*END*
[from data line 16534]
   56.04098 -133.89796    127.084     28.789     28.525     8.2053    31.6933  1024.7804    24.6488     8.2025     49.609    99.5697     0.7321      7.896     3.3299     4.7588    145.137    148.715  0.000e+00
   56.04098 -133.89796    126.866     28.668     28.405     8.2062    31.6931  1024.7795    24.6485     8.2034     49.606    99.5697     0.7321      7.896     3.3297     4.7584    145.126    148.704  0.000e+00
   56.04098 -133.89796    126.989     28.668     28.405     8.2073    31.6933  1024.7795    24.6485     8.2045     49.605    99.5697     0.7321      7.896     3.3295     4.7582    145.118    148.695  0.000e+00
   56.04098 -133.89796    127.157     28.789     28.525     8.2079    31.6939  1024.7804    24.6489     8.2052     49.605    99.5697     0.7321      7.896     3.3294     4.7581    145.114    148.691  0.000e+00
   56.04098 -133.89796    127.093     28.724     28.461     8.2084    31.6943  1024.7804    24.6491     8.2057     49.604    99.5697     0.7321      7.896     3.3293     4.7579    145.110    148.686  0.000e+00
   56.04098 -133.89796    126.973     28.603     28.341     8.2089    31.6945  1024.7799    24.6492     8.2062     49.603    99.5697     0.7321      7.896     3.3292     4.7578    145.105    148.682  0.000e+00
   56.04098 -133.89796    126.949     28.603     28.341     8.2093    31.6941  1024.7795    24.6488     8.2066     49.659    99.5697     0.7321      7.896     3.3330     4.7632    145.270    148.851  0.000e+00
   56.04098 -133.89796     84.329     28.547     28.285     8.2091    31.6952  1024.7801    24.6497     8.2064     49.666    99.5418     0.7321      7.896     3.3334     4.7637    145.288    148.869  0.000e+00
   56.04098 -133.89796     39.136     28.506     28.245     8.2084    31.6968  1024.7814    24.6511     8.2057     49.672    99.5418     0.7614      7.896     3.3339     4.7644    145.308    148.890  0.000e+00
   56.04098 -133.89796     28.961     28.490     28.229     8.2075    31.6997  1024.7836    24.6535     8.2047     49.679    99.5697     0.7321      7.896     3.3344     4.7651    145.329    148.912  0.000e+00
   56.04098 -133.89796     30.891     28.490     28.229     8.2055    31.7022  1024.7859    24.6558     8.2027     49.687    99.5697     0.7321      7.896     3.3350     4.7660    145.355    148.939  0.000e+00
   56.04098 -133.89796     32.658     28.425     28.165     8.2040    31.7039  1024.7871    24.6573     8.2013     49.695    99.5418     0.7614      7.896     3.3355     4.7668    145.380    148.965  0.000e+00
   56.04098 -133.89796     33.049     28.425     28.165     8.2022    31.7047  1024.7880    24.6582     8.1995     49.703    99.5697     0.8200      7.896     3.3362     4.7677    145.409    148.994  0.000e+00
   56.04098 -133.89796     32.895     28.369     28.109     8.2003    31.7053  1024.7886    24.6589     8.1976     49.711    99.5697     0.8786      7.896     3.3369     4.7687    145.438    149.024  0.000e+00
   56.04098 -133.89796     32.758     28.304     28.045     8.1985    31.7060  1024.7891    24.6598     8.1958     49.657    99.5697     0.8786      7.896     3.3333     4.7637    145.285    148.867  0.000e+00
   56.04098 -133.89796     32.758     28.304     28.045     8.1966    31.7068  1024.7900    24.6607     8.1938     49.716    99.5697     0.8786      7.896     3.3374     4.7695    145.463    149.050  0.000e+00
   56.04098 -133.89796     32.646     28.191     27.933     8.1943    31.7080  1024.7907    24.6619     8.1915     49.724    99.5697     0.8786      7.896     3.3382     4.7706    145.494    149.082  0.000e+00
   56.04098 -133.89796     32.702     28.248     27.989     8.1917    31.7096  1024.7926    24.6635     8.1890     49.734    99.5697     0.8786      7.896     3.3390     4.7717    145.529    149.118  0.000e+00
   56.04098 -133.89796     32.646     28.191     27.933     8.1897    31.7108  1024.7936    24.6648     8.1870     49.743    99.5418     0.8786      7.896     3.3397     4.7728    145.561    149.151  0.000e+00
   56.04098 -133.89796     32.646     28.191     27.933     8.1886    31.7106  1024.7936    24.6648     8.1859     49.747    99.4579     0.8786      7.896     3.3400     4.7732    145.575    149.166  0.000e+00
   56.04098 -133.89796     32.526     28.070     27.813     8.1908    31.7075  1024.7903    24.6620     8.1881     49.805    99.3740     0.8493      7.896     3.3439     4.7787    145.743    149.337  0.000e+00
   56.04098 -133.89796     32.470     28.013     27.757     8.1941    31.7032  1024.7862    24.6582     8.1914     49.820    99.3740     0.8493      7.896     3.3447     4.7799    145.779    149.374  0.000e+00
   56.04098 -133.89796     32.582     28.127     27.869     8.1941    31.7017  1024.7855    24.6570     8.1914     49.830    99.3740     0.8786      7.896     3.3454     4.7809    145.810    149.405  0.000e+00
   56.04098 -133.89796     32.470     28.014     27.757     8.1906    31.7043  1024.7875    24.6595     8.1879     49.838    99.3740     0.8786      7.896     3.3462     4.7820    145.844    149.440  0.000e+00
   56.04098 -133.89796     32.350     27.892     27.637     8.1863    31.7088  1024.7912    24.6637     8.1836     49.909    99.3740     0.8786      7.901     3.3511     4.7891    146.060    149.662  0.000e+00
   56.04098 -133.89796     32.470     28.014     27.757     8.1826    31.7125  1024.7952    24.6672     8.1799     49.868    99.3740     0.8786      7.896     3.3486     4.7855    145.949    149.549  0.000e+00
   56.04098 -133.89796     32.350     27.892     27.637     8.1802    31.7147  1024.7966    24.6692     8.1775     49.932    99.3740     0.8786      7.901     3.3530     4.7918    146.141    149.747  0.000e+00
   56.04098 -133.89796     32.286     27.828     27.573     8.1769    31.7166  1024.7984    24.6712     8.1742     49.946    99.3740     0.8786      7.896     3.3542     4.7934    146.190    149.796  0.000e+00
   56.04098 -133.89796     32.286     27.828     27.573     8.1723    31.7192  1024.8010    24.6739     8.1697     49.903    99.3740     0.8493      7.896     3.3516     4.7898    146.078    149.682  0.000e+00
   56.04098 -133.89796     61.045     27.771     27.516     8.1695    31.7199  1024.8017    24.6748     8.1669     49.910    99.3740     0.8786      7.901     3.3522     4.7907    146.106    149.711  0.000e+00
   56.04098 -133.89796    113.761     27.715     27.460     8.1719    31.7166  1024.7985    24.6719     8.1693     49.916    99.3740     0.8493      7.901     3.3525     4.7911    146.120    149.725  0.000e+00
   56.04098 -133.89796    127.396     27.650     27.396     8.1760    31.7118  1024.7938    24.6675     8.1734     49.978    99.3740     0.8786      7.901     3.3565     4.7968    146.292    149.901  0.000e+00
   56.04098 -133.89796    127.364     27.618     27.364     8.1795    31.7072  1024.7896    24.6634     8.1768     49.933    99.3740     0.9372      7.901     3.3533     4.7922    146.155    149.759  0.000e+00
   56.04098 -133.89796    126.564     27.771     27.517     8.1819    31.7049  1024.7882    24.6613     8.1792     49.939    99.3740     0.9372      7.901     3.3536     4.7927    146.168    149.772  0.000e+00
   56.04098 -133.89796    125.746     27.537     27.284     8.1836    31.7039  1024.7861    24.6602     8.1809     49.943    99.3740     0.9372      7.901     3.3538     4.7929    146.174    149.779  0.000e+00
   56.04098 -133.89796    125.795     27.537     27.284     8.1848    31.7031  1024.7853    24.6595     8.1822     49.948    99.3740     0.9665      7.901     3.3540     4.7932    146.186    149.791  0.000e+00
   56.04098 -133.89796    125.892     27.537     27.284     8.1871    31.7018  1024.7839    24.6581     8.1845     49.953    99.3740     0.9372      7.901     3.3542     4.7935    146.194    149.798  0.000e+00
   56.04098 -133.89796    125.797     27.416     27.164     8.1904    31.6995  1024.7811    24.6558     8.1877     50.013    99.3740     0.9372      7.901     3.3580     4.7989    146.360    149.969  0.000e+00
   56.04098 -133.89796    125.853     27.472     27.220     8.1930    31.6983  1024.7800    24.6545     8.1904     50.023    99.3740     0.9372      7.901     3.3585     4.7997    146.382    149.991  0.000e+00
   56.04098 -133.89796    125.677     27.295     27.044     8.1948    31.6984  1024.7790    24.6543     8.1921     50.031    99.4299     0.9372      7.901     3.3589     4.8003    146.401    150.010  0.000e+00
   56.04098 -133.89796    125.772     27.416     27.164     8.1985    31.6973  1024.7782    24.6529     8.1959     50.034    99.4858     0.9372      7.901     3.3589     4.8002    146.400    150.009  0.000e+00
   56.04098 -133.89796    125.733     27.351     27.100     8.2026    31.6957  1024.7760    24.6511     8.1999     50.036    99.5138     0.9372      7.901     3.3587     4.8000    146.392    150.001  0.000e+00
   56.04098 -133.89796    125.596     27.238     26.988     8.2062    31.6932  1024.7730    24.6486     8.2036     50.036    99.4858     0.9372      7.901     3.3585     4.7997    146.384    149.992  0.000e+00
   56.04098 -133.89796    125.596     27.238     26.988     8.2091    31.6914  1024.7712    24.6467     8.2065     50.037    99.4858     0.9665      7.901     3.3584     4.7995    146.377    149.985  0.000e+00
   56.04098 -133.89796    125.596     27.238     26.988     8.2106    31.6917  1024.7712    24.6468     8.2080     50.036    99.4858     0.9372      7.901     3.3582     4.7993    146.372    149.979  0.000e+00
   56.04098 -133.89796    125.476     27.117     26.868     8.2184    31.6874  1024.7661    24.6422     8.2158     50.034    99.4858     0.9372      7.901     3.3576     4.7983    146.344    149.950  0.000e+00
   56.04098 -133.89796    125.412     27.052     26.804     8.2264    31.6825  1024.7609    24.6373     8.2238     50.031    99.4858     0.9665      7.901     3.3569     4.7973    146.314    149.919  0.000e+00
   56.04098 -133.89796    125.532     27.173     26.924     8.2361    31.6757  1024.7547    24.6305     8.2335     50.029    99.4858     0.9372      7.900     3.3561     4.7963    146.282    149.885  0.000e+00
   56.04098 -133.89796    125.437     27.052     26.804     8.2451    31.6696  1024.7480    24.6244     8.2424     50.024    99.4858     0.9665      7.900     3.3553     4.7950    146.246    149.847  0.000e+00
   56.04098 -133.89796    125.356     26.996     26.748     8.2532    31.6652  1024.7431    24.6198     8.2506     50.019    99.4858     0.9372      7.900     3.3544     4.7938    146.209    149.809  0.000e+00
   56.04098 -133.89796    125.325     26.939     26.692     8.2619    31.6610  1024.7383    24.6153     8.2593     50.013    99.4858     0.9665      7.900     3.3535     4.7925    146.168    149.766  0.000e+00
   56.04098 -133.89796    125.325     26.939     26.692     8.2704    31.6577  1024.7345    24.6114     8.2678     50.007    99.4858     0.9372      7.900     3.3525     4.7911    146.126    149.723  0.000e+00
   56.04098 -133.89796    125.325     26.939     26.692     8.2787    31.6554  1024.7315    24.6084     8.2761     50.000    99.4858     0.9372      7.900     3.3515     4.7896    146.082    149.677  0.000e+00
   56.04098 -133.89796    125.236     26.874     26.628     8.2852    31.6550  1024.7299    24.6072     8.2825     50.049    99.4858     0.9372      7.900     3.3542     4.7935    146.202    149.800  0.000e+00
   56.04098 -133.89796    125.149     26.761     26.516     8.2911    31.6554  1024.7289    24.6066     8.2885     49.990    99.4858     0.9665      7.900     3.3498     4.7872    146.010    149.602  0.000e+00
   56.04098 -133.89796    125.236     26.875     26.628     8.2963    31.6566  1024.7295    24.6068     8.2937     49.988    99.4858     0.9665      7.900     3.3492     4.7864    145.985    149.577  0.000e+00
   56.04098 -133.89796    125.149     26.761     26.516     8.2999    31.6580  1024.7296    24.6074     8.2973     50.040    99.4858     0.9665      7.900     3.3524     4.7910    146.124    149.720  0.000e+00
   56.04098 -133.89796    125.060     26.697     26.452     8.3020    31.6604  1024.7309    24.6090     8.2994     50.041    99.4858     0.9372      7.900     3.3523     4.7908    146.120    149.716  0.000e+00
   56.04098 -133.89796    125.060     26.697     26.452     8.3028    31.6625  1024.7324    24.6105     8.3002     50.043    99.4858     0.9372      7.900     3.3524     4.7909    146.120    149.716  0.000e+00
   56.04098 -133.89796    125.060     26.697     26.452     8.3041    31.6630  1024.7326    24.6106     8.3015     50.044    99.4579     0.9665      7.905     3.3523     4.7908    146.118    149.714  0.000e+00
   56.04098 -133.89796    124.940     26.576     26.332     8.3051    31.6645  1024.7331    24.6117     8.3025     50.043    99.4299     0.9372      7.905     3.3522     4.7906    146.111    149.707  0.000e+00
   56.04098 -133.89796    124.964     26.576     26.332     8.3062    31.6656  1024.7337    24.6124     8.3036     49.987    99.4019     0.9372      7.905     3.3483     4.7850    145.941    149.533  0.000e+00
   56.04098 -133.89796    125.029     26.640     26.396     8.3074    31.6671  1024.7351    24.6134     8.3048     50.036    99.4019     0.9665      7.900     3.3514     4.7895    146.080    149.675  0.000e+00
   56.04098 -133.89796    124.852     26.463     26.220     8.3084    31.6689  1024.7355    24.6147     8.3058     50.027    99.4019     0.9665      7.905     3.3507     4.7885    146.048    149.643  0.000e+00
   56.04098 -133.89796    124.884     26.519     26.276     8.3088    31.6696  1024.7362    24.6151     8.3062     50.081    99.4019     0.9372      7.905     3.3543     4.7936    146.202    149.801  0.000e+00
   56.04098 -133.89796    124.852     26.463     26.220     8.3092    31.6697  1024.7360    24.6151     8.3066     50.026    99.4019     0.9372      7.905     3.3506     4.7883    146.043    149.638  0.000e+00
   56.04098 -133.89796    124.852     26.463     26.220     8.3093    31.6697  1024.7360    24.6151     8.3067     50.078    99.4019     0.9372      7.905     3.3540     4.7933    146.193    149.792  0.000e+00
   56.04098 -133.89796    124.788     26.398     26.156     8.3095    31.6703  1024.7361    24.6156     8.3069     50.022    99.4019     0.9665      7.905     3.3503     4.7879    146.028    149.623  0.000e+00
   56.04098 -133.89796    124.732     26.341     26.100     8.3092    31.6712  1024.7367    24.6164     8.3066     50.072    99.4019     0.9372      7.905     3.3536     4.7926    146.173    149.771  0.000e+00
   56.04098 -133.89796    114.444     26.285     26.044     8.3089    31.6729  1024.7377    24.6177     8.3064     50.076    99.4019     0.9665      7.905     3.3539     4.7930    146.185    149.784  0.000e+00
   56.04098 -133.89796     57.853     26.398     26.156     8.3087    31.6734  1024.7387    24.6181     8.3061     50.081    99.4019     0.9665      7.905     3.3542     4.7935    146.200    149.799  0.000e+00
   56.04098 -133.89796     32.540     26.285     26.044     8.3083    31.6738  1024.7386    24.6185     8.3057     50.028    99.4019     0.9665      7.905     3.3507     4.7884    146.045    149.641  0.000e+00
   56.04098 -133.89796     30.766     26.220     25.980     8.3077    31.6739  1024.7384    24.6187     8.3052     50.025    99.4019     0.9958      7.905     3.3505     4.7882    146.038    149.633  0.000e+00
   56.04098 -133.89796     33.159     26.220     25.980     8.3070    31.6736  1024.7383    24.6186     8.3045     50.027    99.4019     1.0837      7.905     3.3507     4.7885    146.048    149.644  0.000e+00
   56.04098 -133.89796     34.136     26.220     25.980     8.3067    31.6737  1024.7384    24.6187     8.3041     50.024    99.4019     1.1130      7.905     3.3505     4.7882    146.039    149.634  0.000e+00
