EcoFOCI/data/1_SampleCollection/2022_GOA-OA_CruiseData/CTD_raw_BottleFile_RC0083/RC0083_014.cnv
* Sea-Bird SBE 9 Data File:
* FileName = C:\Data\RC0083ctd\RC0083_014.hex
* Software Version Seasave V 7.26.7.107
* Temperature SN = 2060
* Conductivity SN = 1084
* Number of Bytes Per Scan = 31
* Number of Voltage Words = 4
* Number of Scans Averaged by the Deck Unit = 1
* NMEA Latitude = 55 45.82 N
* NMEA Longitude = 134 25.01 W
* NMEA UTC (Time) = Aug 13 2022  07:08:13
* NMEA baud rate = 4800
** Ship: R/V Rachel Carson
** Cruise ID: RC0083 RC0083
** Tech: McHugh/Nomura
** Chief Scientist: Cross Cross
** Station: POW3
** Cast:  014
# nquan = 19
# nvalues = 15279                                 
# units = specified
# name 0 = latitude: Latitude [deg]
# name 1 = longitude: Longitude [deg]
# name 2 = sfdSM: Seafloor depth [salt water, m]
# name 3 = prDM: Pressure, Digiquartz [db]
# name 4 = depSM: Depth [salt water, m]
# name 5 = t090C: Temperature [ITS-90, deg C]
# name 6 = sal00: Salinity, Practical [PSU]
# name 7 = density00: Density [density, kg/m^3]
# name 8 = sigma-é00: Density [sigma-theta, kg/m^3]
# name 9 = potemp090C: Potential Temperature [ITS-90, deg C]
# name 10 = sbeox0PS: Oxygen, SBE 43 [% saturation]
# name 11 = CStarTr0: Beam Transmission, WET Labs C-Star [%]
# name 12 = flECO-AFL: Fluorescence, WET Labs ECO-AFL/FL [mg/m^3]
# name 13 = ph: pH
# name 14 = sbeox0ML/L: Oxygen, SBE 43 [ml/l]
# name 15 = sbeox0Mg/L: Oxygen, SBE 43 [mg/l]
# name 16 = sbox0Mm/Kg: Oxygen, SBE 43 [umol/kg]
# name 17 = sbeox0Mm/L: Oxygen, SBE 43 [umol/l]
# name 18 = flag:  0.000e+00
# span 0 =   55.76370,   55.76574                 
# span 1 = -134.41786, -134.41692                 
# span 2 =      2.769,    133.497                 
# span 3 =      2.600,    118.584                 
# span 4 =      2.577,    117.473                 
# span 5 =     6.4916,    10.5889                 
# span 6 =    30.8547,    33.1278                 
# span 7 =  1023.6357,  1026.5535                 
# span 8 =    23.6204,    26.0126                 
# span 9 =     6.4814,    10.5886                 
# span 10 =     49.885,    120.541                
# span 11 =    66.8181,   104.5762                
# span 12 =    -0.1177,    18.8127                
# span 13 =      7.839,      8.315                
# span 14 =     3.4488,     7.7184                
# span 15 =     4.9287,    11.0303                
# span 16 =    150.122,    336.747                
# span 17 =    154.025,    344.702                
# span 18 = 0.0000e+00, 0.0000e+00                
# interval = seconds: 0.0416667
# start_time = Aug 13 2022 07:08:13 [NMEA time, header]
# bad_flag = -9.990e-29
*END*
[from data line 7315]
   55.76454 -134.41738    125.669    113.593    112.531     6.5136    33.1093  1026.5170    25.9951     6.5038     50.276   104.2965    -0.0591      7.844     3.4755     4.9668    151.283    155.216  0.000e+00
   55.76454 -134.41738    125.749    113.674    112.611     6.5135    33.1096  1026.5176    25.9953     6.5037     50.273   104.2965    -0.0591      7.844     3.4752     4.9665    151.272    155.204  0.000e+00
   55.76454 -134.41738    125.783    113.609    112.547     6.5135    33.1098  1026.5175    25.9955     6.5037     50.276   104.2965    -0.0591      7.844     3.4755     4.9668    151.281    155.214  0.000e+00
   55.76454 -134.41738    125.775    113.553    112.491     6.5135    33.1095  1026.5170    25.9953     6.5037     50.271   104.2965    -0.0591      7.844     3.4751     4.9663    151.267    155.199  0.000e+00
   55.76454 -134.41738    125.815    113.593    112.531     6.5131    33.1099  1026.5175    25.9956     6.5033     50.267   104.2965    -0.0591      7.844     3.4748     4.9659    151.254    155.186  0.000e+00
   55.76454 -134.41738    125.775    113.553    112.491     6.5133    33.1099  1026.5173    25.9956     6.5035     50.261   104.2965    -0.0591      7.844     3.4744     4.9653    151.237    155.168  0.000e+00
   55.76454 -134.41738    125.768    113.496    112.435     6.5135    33.1097  1026.5169    25.9954     6.5037     50.255   104.2965    -0.0591      7.844     3.4740     4.9647    151.219    155.150  0.000e+00
   55.76454 -134.41738    125.897    113.553    112.491     6.5135    33.1099  1026.5173    25.9956     6.5037     50.250   104.2965    -0.0591      7.844     3.4736     4.9642    151.202    155.133  0.000e+00
   55.76454 -134.41738    125.730    113.359    112.298     6.5135    33.1100  1026.5165    25.9957     6.5037     50.250   104.2965    -0.0591      7.844     3.4737     4.9642    151.204    155.135  0.000e+00
   55.76454 -134.41738    125.978    113.609    112.547     6.5135    33.1096  1026.5173    25.9953     6.5037     50.254   104.2965    -0.0591      7.844     3.4739     4.9646    151.216    155.146  0.000e+00
   55.76454 -134.41738    125.866    113.496    112.435     6.5131    33.1100  1026.5171    25.9957     6.5033     50.255   104.2965    -0.0591      7.844     3.4741     4.9648    151.220    155.151  0.000e+00
   55.76454 -134.41738    125.850    113.431    112.371     6.5135    33.1097  1026.5166    25.9954     6.5037     50.257   104.2965    -0.0591      7.844     3.4741     4.9649    151.224    155.155  0.000e+00
   55.76454 -134.41738    125.924    113.431    112.371     6.5138    33.1096  1026.5165    25.9953     6.5040     50.259   104.2965    -0.0591      7.844     3.4742     4.9650    151.228    155.160  0.000e+00
   55.76454 -134.41738    125.964    113.472    112.411     6.5140    33.1093  1026.5164    25.9951     6.5042     50.261   104.2965    -0.0591      7.844     3.4744     4.9652    151.234    155.166  0.000e+00
   55.76454 -134.41738    125.868    113.375    112.314     6.5139    33.1091  1026.5158    25.9949     6.5041     50.254   104.2965    -0.0591      7.844     3.4739     4.9646    151.215    155.145  0.000e+00
   55.76454 -134.41738    125.924    113.431    112.371     6.5138    33.1092  1026.5161    25.9950     6.5040     50.256   104.2965    -0.0591      7.844     3.4741     4.9648    151.221    155.152  0.000e+00
   55.76454 -134.41738    125.997    113.431    112.371     6.5139    33.1091  1026.5160    25.9949     6.5041     50.258   104.2965    -0.0591      7.844     3.4742     4.9649    151.226    155.157  0.000e+00
   55.76454 -134.41738    125.853    113.237    112.178     6.5140    33.1092  1026.5153    25.9950     6.5042     50.250   104.2965    -0.0591      7.844     3.4736     4.9642    151.202    155.132  0.000e+00
   55.76454 -134.41738    126.046    113.431    112.371     6.5141    33.1089  1026.5158    25.9947     6.5043     50.244   104.2965    -0.0591      7.844     3.4732     4.9636    151.185    155.115  0.000e+00
   55.76454 -134.41738    125.990    113.375    112.314     6.5138    33.1092  1026.5159    25.9950     6.5040     50.237   104.2965    -0.0591      7.844     3.4728     4.9629    151.164    155.093  0.000e+00
   55.76454 -134.41738    125.926    113.310    112.250     6.5141    33.1094  1026.5157    25.9951     6.5043     50.229   104.2965    -0.0591      7.844     3.4722     4.9621    151.138    155.067  0.000e+00
   55.76454 -134.41738    125.983    113.294    112.234     6.5140    33.1096  1026.5158    25.9953     6.5042     50.229   104.2965    -0.0591      7.844     3.4722     4.9621    151.139    155.068  0.000e+00
   55.76454 -134.41738    126.048    113.310    112.250     6.5141    33.1090  1026.5154    25.9948     6.5043     50.230   104.2685    -0.0591      7.844     3.4722     4.9622    151.141    155.070  0.000e+00
   55.76454 -134.41738    125.992    113.253    112.194     6.5143    33.1088  1026.5149    25.9946     6.5045     50.230   104.2965    -0.0591      7.844     3.4722     4.9621    151.140    155.069  0.000e+00
   55.76454 -134.41738    125.992    113.253    112.194     6.5143    33.1088  1026.5150    25.9946     6.5045     50.230   104.2685    -0.0591      7.844     3.4722     4.9622    151.141    155.070  0.000e+00
   55.76454 -134.41738    126.000    113.237    112.178     6.5146    33.1085  1026.5146    25.9943     6.5048     50.165   104.2965    -0.0591      7.844     3.4678     4.9558    150.946    154.870  0.000e+00
   55.76454 -134.41738    126.065    113.253    112.194     6.5148    33.1085  1026.5146    25.9943     6.5050     50.215   104.2685    -0.0591      7.844     3.4712     4.9606    151.094    155.022  0.000e+00
   55.76454 -134.41738    126.033    113.197    112.138     6.5149    33.1082  1026.5141    25.9941     6.5051     50.215   104.2685    -0.0591      7.844     3.4711     4.9606    151.094    155.021  0.000e+00
   55.76454 -134.41738    126.033    113.197    112.138     6.5149    33.1084  1026.5143    25.9942     6.5051     50.215   104.2685    -0.0591      7.844     3.4712     4.9606    151.094    155.022  0.000e+00
   55.76454 -134.41738    126.009    113.172    112.114     6.5152    33.1077  1026.5136    25.9937     6.5054     50.215   104.2685    -0.0591      7.844     3.4712     4.9606    151.095    155.022  0.000e+00
   55.76454 -134.41738    126.058    113.197    112.138     6.5152    33.1078  1026.5138    25.9937     6.5054     50.216   104.2685    -0.0591      7.844     3.4712     4.9607    151.096    155.024  0.000e+00
   55.76454 -134.41738    126.106    113.197    112.138     6.5152    33.1079  1026.5139    25.9938     6.5054     50.216   104.2685    -0.0591      7.844     3.4712     4.9607    151.097    155.024  0.000e+00
   55.76454 -134.41738    126.067    113.132    112.074     6.5156    33.1076  1026.5132    25.9935     6.5058     50.216   104.2685    -0.0591      7.844     3.4712     4.9607    151.096    155.023  0.000e+00
   55.76454 -134.41738    126.051    113.116    112.058     6.5157    33.1076  1026.5132    25.9935     6.5059     50.216   104.2685    -0.0591      7.844     3.4712     4.9607    151.096    155.023  0.000e+00
   55.76454 -134.41738    126.011    113.075    112.018     6.5161    33.1070  1026.5124    25.9929     6.5063     50.216   104.2685    -0.0591      7.844     3.4712     4.9607    151.095    155.023  0.000e+00
   55.76454 -134.41738    126.091    113.132    112.074     6.5162    33.1071  1026.5128    25.9931     6.5064     50.217   104.2685    -0.0591      7.844     3.4712     4.9607    151.096    155.024  0.000e+00
   55.76454 -134.41738    126.084    113.075    112.018     6.5161    33.1072  1026.5126    25.9931     6.5063     50.217   104.2685    -0.0591      7.844     3.4712     4.9607    151.097    155.024  0.000e+00
   55.76454 -134.41738    126.068    113.059    112.002     6.5165    33.1069  1026.5123    25.9928     6.5067     50.217   104.2965    -0.0591      7.844     3.4712     4.9607    151.096    155.024  0.000e+00
   55.76454 -134.41738    126.028    113.019    111.962     6.5165    33.1068  1026.5120    25.9927     6.5067     50.217   104.2965    -0.0591      7.844     3.4712     4.9607    151.096    155.024  0.000e+00
   55.76454 -134.41738    126.084    113.075    112.018     6.5167    33.1065  1026.5120    25.9925     6.5069     50.218   104.2685    -0.0591      7.844     3.4712     4.9607    151.098    155.025  0.000e+00
   55.76454 -134.41738    126.077    113.019    111.962     6.5166    33.1066  1026.5118    25.9925     6.5069     50.218   104.3245    -0.0591      7.844     3.4712     4.9607    151.098    155.026  0.000e+00
   55.76454 -134.41738    126.101    112.994    111.938     6.5168    33.1066  1026.5117    25.9925     6.5071     50.218   104.3804    -0.0591      7.844     3.4712     4.9607    151.098    155.025  0.000e+00
   55.76454 -134.41738    126.061    112.954    111.898     6.5167    33.1071  1026.5119    25.9930     6.5069     50.218   104.3804    -0.0591      7.848     3.4712     4.9607    151.098    155.025  0.000e+00
   55.76454 -134.41738    126.061    112.954    111.898     6.5167    33.1067  1026.5116    25.9926     6.5069     50.218   104.3524    -0.0591      7.844     3.4713     4.9608    151.099    155.027  0.000e+00
   55.76454 -134.41738    126.061    112.954    111.898     6.5166    33.1070  1026.5119    25.9929     6.5069     50.218   104.3804    -0.0591      7.844     3.4713     4.9608    151.100    155.028  0.000e+00
   55.76454 -134.41738    126.054    112.873    111.817     6.5168    33.1068  1026.5113    25.9927     6.5071     50.218   104.3804    -0.0591      7.844     3.4713     4.9608    151.099    155.027  0.000e+00
   55.76454 -134.41738    126.103    112.897    111.842     6.5165    33.1071  1026.5117    25.9930     6.5067     50.219   104.3804    -0.0591      7.844     3.4713     4.9609    151.102    155.029  0.000e+00
   55.76454 -134.41738    126.103    112.897    111.842     6.5166    33.1071  1026.5117    25.9930     6.5069     50.219   104.3804    -0.0591      7.844     3.4713     4.9609    151.102    155.030  0.000e+00
   55.76454 -134.41738    126.039    112.832    111.777     6.5168    33.1070  1026.5113    25.9929     6.5071     50.219   104.3804    -0.0591      7.844     3.4713     4.9608    151.101    155.029  0.000e+00
   55.76454 -134.41738    126.079    112.873    111.817     6.5168    33.1066  1026.5111    25.9925     6.5071     50.219   104.3804    -0.0591      7.844     3.4714     4.9609    151.103    155.031  0.000e+00
   55.76454 -134.41738    126.056    112.776    111.721     6.5167    33.1067  1026.5108    25.9926     6.5070     50.219   104.3804    -0.0591      7.844     3.4713     4.9609    151.103    155.030  0.000e+00
   55.76454 -134.41738    126.080    112.776    111.721     6.5170    33.1068  1026.5108    25.9927     6.5072     50.219   104.3804    -0.0591      7.844     3.4713     4.9609    151.103    155.030  0.000e+00
   55.76454 -134.41738    126.080    112.776    111.721     6.5167    33.1068  1026.5108    25.9927     6.5070     50.220   104.3804    -0.0591      7.844     3.4714     4.9610    151.105    155.032  0.000e+00
   55.76456 -134.41738    126.064    112.760    111.705     6.5167    33.1068  1026.5108    25.9927     6.5070     50.220   104.3804    -0.0591      7.844     3.4714     4.9610    151.105    155.033  0.000e+00
   55.76456 -134.41738    126.049    112.719    111.665     6.5168    33.1064  1026.5103    25.9924     6.5071     50.220   104.3804    -0.0591      7.844     3.4714     4.9610    151.105    155.033  0.000e+00
   55.76456 -134.41738    126.033    112.654    111.601     6.5175    33.1061  1026.5096    25.9920     6.5078     50.277   104.3804    -0.0591      7.844     3.4753     4.9665    151.273    155.205  0.000e+00
   55.76456 -134.41738    126.058    112.654    111.601     6.5180    33.1057  1026.5093    25.9917     6.5083     50.228   104.3804    -0.0591      7.844     3.4718     4.9616    151.125    155.053  0.000e+00
   55.76456 -134.41738    126.042    112.638    111.585     6.5180    33.1056  1026.5091    25.9916     6.5083     50.227   104.3804    -0.0591      7.844     3.4718     4.9616    151.125    155.052  0.000e+00
   55.76456 -134.41738    126.002    112.598    111.545     6.5183    33.1056  1026.5089    25.9916     6.5086     50.227   104.3804    -0.0591      7.844     3.4718     4.9615    151.123    155.051  0.000e+00
   55.76456 -134.41738    126.026    112.598    111.545     6.5181    33.1057  1026.5090    25.9916     6.5084     50.227   104.3524    -0.0591      7.844     3.4718     4.9616    151.123    155.051  0.000e+00
   55.76456 -134.41738    126.011    112.533    111.481     6.5180    33.1056  1026.5086    25.9916     6.5083     50.227   104.3804    -0.0591      7.844     3.4718     4.9615    151.123    155.050  0.000e+00
   55.76456 -134.41738    126.019    112.517    111.465     6.5181    33.1054  1026.5084    25.9914     6.5084     50.227   104.3804    -0.0591      7.844     3.4718     4.9615    151.122    155.050  0.000e+00
   55.76456 -134.41738    125.979    112.476    111.425     6.5184    33.1055  1026.5082    25.9915     6.5087     50.226   104.3804    -0.0591      7.844     3.4717     4.9615    151.120    155.048  0.000e+00
   55.76456 -134.41738    125.923    112.420    111.369     6.5181    33.1055  1026.5080    25.9915     6.5084     50.226   104.3804    -0.0591      7.844     3.4717     4.9615    151.120    155.048  0.000e+00
   55.76456 -134.41738    125.972    112.420    111.369     6.5181    33.1056  1026.5081    25.9916     6.5084     50.226   104.3804    -0.0591      7.844     3.4717     4.9615    151.120    155.048  0.000e+00
   55.76456 -134.41738    125.997    112.395    111.345     6.5181    33.1058  1026.5081    25.9917     6.5084     50.226   104.3804    -0.0591      7.844     3.4717     4.9614    151.119    155.047  0.000e+00
   55.76456 -134.41738    125.981    112.355    111.305     6.5186    33.1051  1026.5073    25.9911     6.5089     50.226   104.3804    -0.0591      7.844     3.4717     4.9614    151.117    155.045  0.000e+00
   55.76456 -134.41738    125.925    112.298    111.248     6.5188    33.1051  1026.5070    25.9911     6.5091     50.282   104.3804    -0.0591      7.844     3.4755     4.9669    151.286    155.218  0.000e+00
   55.76456 -134.41738    125.861    112.234    111.184     6.5191    33.1049  1026.5065    25.9909     6.5094     50.289   104.3804    -0.0591      7.844     3.4760     4.9676    151.306    155.239  0.000e+00
   55.76456 -134.41738    125.918    112.217    111.168     6.5193    33.1047  1026.5063    25.9908     6.5096     50.296   104.3804    -0.0591      7.844     3.4765     4.9682    151.326    155.260  0.000e+00
   55.76456 -134.41738    125.983    112.234    111.184     6.5196    33.1044  1026.5061    25.9904     6.5099     50.303   104.3804    -0.0591      7.844     3.4769     4.9689    151.346    155.280  0.000e+00
   55.76456 -134.41738    125.951    112.177    111.128     6.5197    33.1045  1026.5059    25.9905     6.5100     50.309   104.3804    -0.0591      7.844     3.4773     4.9695    151.364    155.298  0.000e+00
   55.76456 -134.41738    125.871    112.120    111.072     6.5197    33.1047  1026.5058    25.9906     6.5100     50.314   104.3804    -0.0591      7.844     3.4777     4.9700    151.381    155.316  0.000e+00
   55.76456 -134.41738    125.815    112.039    110.992     6.5197    33.1046  1026.5054    25.9906     6.5100     50.320   104.3804    -0.0591      7.844     3.4781     4.9706    151.397    155.332  0.000e+00
   55.76456 -134.41738    125.929    112.056    111.008     6.5199    33.1040  1026.5049    25.9901     6.5102     50.317   104.3804    -0.0591      7.844     3.4779     4.9703    151.390    155.324  0.000e+00
