EcoFOCI/data/1_SampleCollection/2022_GOA-OA_CruiseData/CTD_raw_BottleFile_RC0083/RC0083_103.cnv
* Sea-Bird SBE 9 Data File:
* FileName = C:\Data\RC0083ctd\RC0083_103.hex
* Software Version Seasave V 7.26.7.107
* Temperature SN = 2060
* Conductivity SN = 2881
* Number of Bytes Per Scan = 31
* Number of Voltage Words = 4
* Number of Scans Averaged by the Deck Unit = 1
* NMEA Latitude = 56 27.06 N
* NMEA Longitude = 132 32.11 W
* NMEA UTC (Time) = Aug 23 2022  01:18:26
* NMEA baud rate = 4800
** Ship: R/V Rachel Carson
** Cruise ID: RC0083
** Tech: McHugh/Nomura
** Chief Scientist: Cross
** Station: WI3
** Cast:  CTD103
# nquan = 19
# nvalues = 10130                                 
# units = specified
# name 0 = latitude: Latitude [deg]
# name 1 = longitude: Longitude [deg]
# name 2 = sfdSM: Seafloor depth [salt water, m]
# name 3 = prDM: Pressure, Digiquartz [db]
# name 4 = depSM: Depth [salt water, m]
# name 5 = t090C: Temperature [ITS-90, deg C]
# name 6 = sal00: Salinity, Practical [PSU]
# name 7 = density00: Density [density, kg/m^3]
# name 8 = sigma-é00: Density [sigma-theta, kg/m^3]
# name 9 = potemp090C: Potential Temperature [ITS-90, deg C]
# name 10 = sbeox0PS: Oxygen, SBE 43 [% saturation]
# name 11 = CStarTr0: Beam Transmission, WET Labs C-Star [%]
# name 12 = flECO-AFL: Fluorescence, WET Labs ECO-AFL/FL [mg/m^3]
# name 13 = ph: pH
# name 14 = sbeox0ML/L: Oxygen, SBE 43 [ml/l]
# name 15 = sbeox0Mg/L: Oxygen, SBE 43 [mg/l]
# name 16 = sbox0Mm/Kg: Oxygen, SBE 43 [umol/kg]
# name 17 = sbeox0Mm/L: Oxygen, SBE 43 [umol/l]
# name 18 = flag:  0.000e+00
# span 0 =   56.45092,   56.45106                 
# span 1 = -132.53610, -132.53512                 
# span 2 =      5.404,    207.046                 
# span 3 =      3.306,    148.044                 
# span 4 =      3.276,    146.639                 
# span 5 =     6.0138,    12.1481                 
# span 6 =    15.2387,    33.3036                 
# span 7 =  1011.2872,  1026.8930                 
# span 8 =    11.2715,    26.2120                 
# span 9 =     6.0016,    12.1478                 
# span 10 =     21.580,     97.586                
# span 11 =     8.1951,    92.3258                
# span 12 =    -0.0591,    13.3035                
# span 13 =      7.614,      8.416                
# span 14 =     1.5072,     6.4509                
# span 15 =     2.1539,     9.2189                
# span 16 =     65.591,    284.480                
# span 17 =     67.309,    288.096                
# span 18 = 0.0000e+00, 0.0000e+00                
# interval = seconds: 0.0416667
# start_time = Aug 23 2022 01:18:26 [NMEA time, header]
# bad_flag = -9.990e-29
*END*
[from data line 686]
   56.45106 -132.53512    104.612      6.084      6.028    10.5229    27.1944  1020.8108    20.7831    10.5222     81.270    64.4687     6.1240      8.163     5.3336     7.6222    233.347    238.196  0.000e+00
   56.45106 -132.53512    104.580      6.052      5.996    10.5191    27.1773  1020.7979    20.7703    10.5185     81.417    64.3568     5.5086      8.163     5.3442     7.6374    233.816    238.673  0.000e+00
   56.45106 -132.53512    104.492      5.963      5.908    10.5584    27.1190  1020.7459    20.7188    10.5577     81.551    64.2729     5.3914      8.163     5.3504     7.6463    234.099    238.949  0.000e+00
   56.45106 -132.53512    104.516      5.987      5.932    10.6646    26.9461  1020.5946    20.5673    10.6640     81.716    64.2449     5.4207      8.168     5.3547     7.6524    234.321    239.140  0.000e+00
   56.45106 -132.53512    104.556      6.028      5.972    10.7173    26.8105  1020.4809    20.4535    10.7166     81.903    64.2449     5.4500      8.167     5.3654     7.6677    234.817    239.620  0.000e+00
   56.45106 -132.53512    104.436      5.907      5.852    10.6991    26.7860  1020.4642    20.4373    10.6985     82.056    64.2449     5.4500      8.167     5.3784     7.6863    235.389    240.199  0.000e+00
   56.45106 -132.53512    104.404      5.874      5.820    10.7031    26.7788  1020.4579    20.4312    10.7024     82.203    64.2449     5.4500      8.167     5.3878     7.6997    235.802    240.620  0.000e+00
   56.45106 -132.53512    104.380      5.850      5.796    10.7150    26.8072  1020.4780    20.4513    10.7143     82.348    64.2729     5.4500      8.172     5.3949     7.7099    236.109    240.938  0.000e+00
   56.45106 -132.53512    104.340      5.810      5.756    10.6588    26.9296  1020.5819    20.5555    10.6582     82.564    64.2449     5.4500      8.172     5.4115     7.7336    236.811    241.678  0.000e+00
   56.45106 -132.53512    104.380      5.850      5.796    10.6138    27.0244  1020.6630    20.6364    10.6132     82.723    64.2449     5.4500      8.173     5.4240     7.7514    237.337    242.234  0.000e+00
   56.45106 -132.53512    104.316      5.785      5.732    10.5896    27.0711  1020.7028    20.6765    10.5890     82.868    64.2449     5.4500      8.173     5.4347     7.7668    237.798    242.715  0.000e+00
   56.45106 -132.53512    104.284      5.753      5.700    10.5735    27.0985  1020.7266    20.7004    10.5729     83.065    64.2449     5.4500      8.177     5.4486     7.7866    238.400    243.335  0.000e+00
   56.45106 -132.53512    104.260      5.729      5.676    10.5648    27.1160  1020.7414    20.7154    10.5642     83.203    64.2449     5.4500      8.177     5.4581     7.8002    238.812    243.759  0.000e+00
   56.45106 -132.53512    104.260      5.729      5.676    10.5580    27.1288  1020.7525    20.7264    10.5574     83.340    64.2449     5.4500      8.177     5.4675     7.8136    239.219    244.177  0.000e+00
   56.45106 -132.53512    104.164      5.632      5.580    10.5541    27.1408  1020.7620    20.7364    10.5535     83.469    64.2449     5.4500      8.177     5.4759     7.8257    239.588    244.556  0.000e+00
   56.45106 -132.53512    104.140      5.608      5.556    10.5415    27.1680  1020.7851    20.7596    10.5409     83.654    64.2449     5.4500      8.182     5.4887     7.8439    240.141    245.126  0.000e+00
   56.45106 -132.53512    104.164      5.632      5.580    10.5293    27.1937  1020.8071    20.7815    10.5287     83.735    64.2449     5.4500      8.182     5.4945     7.8522    240.390    245.386  0.000e+00
   56.45106 -132.53512    104.140      5.608      5.556    10.5921    27.0714  1020.7019    20.6763    10.5915     83.837    64.2449     5.4500      8.182     5.4980     7.8572    240.566    245.540  0.000e+00
   56.45106 -132.53512     74.853      5.551      5.500    10.8013    26.6781  1020.3623    20.3371    10.8007     83.888    64.2449     5.4500      8.181     5.4900     7.8458    240.296    245.183  0.000e+00
   56.45106 -132.53512     20.152      5.575      5.524    10.8526    26.4759  1020.1971    20.1718    10.8520     83.987    64.2729     5.4500      8.181     5.4974     7.8563    240.658    245.513  0.000e+00
   56.45106 -132.53512      5.436      5.487      5.436    10.9408    26.3467  1020.0821    20.0572    10.9402     84.071    64.2449     4.8053      8.181     5.4968     7.8555    240.660    245.486  0.000e+00
   56.45106 -132.53512      5.404      5.454      5.404    10.9546    26.2892  1020.0351    20.0102    10.9540     84.173    64.7204     3.8676      8.185     5.5038     7.8655    240.979    245.801  0.000e+00
   56.45106 -132.53512      6.553      5.430      5.380    10.9273    26.3292  1020.0704    20.0457    10.9267     84.287    65.3916     3.5746      8.185     5.5132     7.8789    241.380    246.219  0.000e+00
   56.45106 -132.53512      7.090      5.430      5.380    10.8346    26.5142  1020.2291    20.2044    10.8340     84.422    65.5594     3.5746      8.186     5.5267     7.8982    241.933    246.821  0.000e+00
   56.45106 -132.53512      6.911      5.398      5.348    10.7931    26.6530  1020.3435    20.3189    10.7925     84.483    65.5594     3.6332      8.186     5.5308     7.9040    242.085    247.004  0.000e+00
   56.45106 -132.53512      6.701      5.309      5.260    10.8219    26.5952  1020.2935    20.2694    10.8213     84.567    65.5315     3.6332      8.186     5.5349     7.9099    242.276    247.187  0.000e+00
   56.45106 -132.53512      6.701      5.333      5.284    10.7947    26.4864  1020.2135    20.1893    10.7941     84.671    65.5035     3.6332      8.186     5.5488     7.9297    242.903    247.807  0.000e+00
   56.45106 -132.53512      6.677      5.309      5.260    10.8307    26.3933  1020.1353    20.1111    10.8301     84.805    65.5035     3.6332      8.191     5.5565     7.9408    243.261    248.154  0.000e+00
   56.45106 -132.53512      6.628      5.309      5.260    10.8256    26.4337  1020.1675    20.1434    10.8250     84.842    65.5035     3.6332      8.191     5.5581     7.9431    243.325    248.226  0.000e+00
   56.45106 -132.53512      6.483      5.212      5.164    10.7985    26.4838  1020.2103    20.1866    10.7979     84.934    65.5035     3.6332      8.191     5.5656     7.9539    243.643    248.561  0.000e+00
   56.45106 -132.53512      6.499      5.252      5.204    10.9660    26.1555  1019.9285    19.9046    10.9654     84.960    65.5035     3.6332      8.195     5.5587     7.9439    243.404    248.249  0.000e+00
   56.45106 -132.53512      6.403      5.155      5.108    11.1413    25.7646  1019.5962    19.5727    11.1408     84.927    65.5035     3.6332      8.194     5.5491     7.9302    243.064    247.821  0.000e+00
   56.45106 -132.53512      6.379      5.131      5.084    11.1517    25.6432  1019.5002    19.4769    11.1512     84.892    65.5035     3.6332      8.194     5.5498     7.9313    243.120    247.855  0.000e+00
   56.45106 -132.53512      6.427      5.131      5.084    11.1764    25.5680  1019.4379    19.4145    11.1758     84.957    65.5035     3.6332      8.194     5.5538     7.9369    243.308    248.031  0.000e+00
   56.45106 -132.53512      6.395      5.099      5.052    11.2513    25.4604  1019.3420    19.3188    11.2508     84.946    65.5035     3.6332      8.194     5.5477     7.9283    243.067    247.762  0.000e+00
   56.45106 -132.53512      6.371      5.075      5.028    11.2808    25.4302  1019.3136    19.2906    11.2802     84.943    65.5035     3.6332      8.193     5.5451     7.9245    242.957    247.644  0.000e+00
   56.45106 -132.53512      6.275      4.978      4.932    11.2518    25.4799  1019.3565    19.3338    11.2512     85.007    65.5315     3.6332      8.198     5.5510     7.9330    243.206    247.908  0.000e+00
   56.45106 -132.53512      6.307      5.010      4.964    11.2389    25.5232  1019.3923    19.3695    11.2383     85.012    65.5315     3.6332      8.198     5.5514     7.9335    243.214    247.925  0.000e+00
   56.45106 -132.53512      6.202      4.954      4.908    11.2294    25.5734  1019.4325    19.4100    11.2288     85.010    65.5315     3.6332      8.198     5.5506     7.9324    243.171    247.891  0.000e+00
   56.45106 -132.53512      6.202      4.978      4.932    11.2183    25.6235  1019.4733    19.4507    11.2177     85.004    65.5035     3.6332      8.198     5.5498     7.9313    243.126    247.855  0.000e+00
   56.45106 -132.53512      6.178      4.954      4.908    11.2101    25.6506  1019.4956    19.4730    11.2096     85.047    65.5035     3.3694      8.198     5.5526     7.9353    243.244    247.980  0.000e+00
   56.45106 -132.53512      6.202      4.978      4.932    11.2031    25.6489  1019.4955    19.4729    11.2025     85.035    65.2518     2.4610      8.198     5.5528     7.9354    243.249    247.986  0.000e+00
   56.45106 -132.53512      6.146      4.897      4.852    11.1997    25.6336  1019.4838    19.4615    11.1992     85.021    64.6085     2.1094      8.203     5.5528     7.9355    243.254    247.989  0.000e+00
   56.45106 -132.53512      5.938      4.711      4.668    11.2138    25.6118  1019.4638    19.4424    11.2133     85.002    64.3848     2.0801      8.203     5.5506     7.9324    243.164    247.892  0.000e+00
   56.45106 -132.53512      6.106      4.857      4.812    11.2312    25.5783  1019.4356    19.4135    11.2307     84.928    64.4127     2.1094      8.203     5.5449     7.9242    242.917    247.633  0.000e+00
   56.45106 -132.53512      6.323      5.075      5.028    11.2902    25.4491  1019.3267    19.3036    11.2897     84.888    64.4407     2.1094      8.203     5.5397     7.9168    242.719    247.404  0.000e+00
   56.45106 -132.53512      6.050      4.800      4.756    11.3062    25.3856  1019.2737    19.2518    11.3056     84.853    64.4407     2.1094      8.203     5.5377     7.9140    242.643    247.315  0.000e+00
   56.45106 -132.53512      6.347      5.075      5.028    11.1770    25.6326  1019.4876    19.4645    11.1764     84.867    64.4407     2.1094      8.208     5.5455     7.9251    242.934    247.662  0.000e+00
   56.45106 -132.53512      6.195      4.897      4.852    11.0784    25.8800  1019.6948    19.6725    11.0779     84.924    64.4407     2.1094      8.208     5.5524     7.9350    243.187    247.972  0.000e+00
   56.45106 -132.53512      6.155      4.857      4.812    11.0305    25.9792  1019.7794    19.7573    11.0299     84.916    64.4407     2.1094      8.209     5.5542     7.9375    243.245    248.051  0.000e+00
   56.45106 -132.53512      6.131      4.832      4.788    11.0120    26.0107  1019.8068    19.7848    11.0115     84.953    64.4407     2.1094      8.209     5.5577     7.9426    243.393    248.208  0.000e+00
   56.45106 -132.53512      6.099      4.800      4.756    11.0213    26.0069  1019.8021    19.7803    11.0207     84.875    64.4407     2.1094      8.209     5.5517     7.9339    243.128    247.937  0.000e+00
   56.45106 -132.53512      6.026      4.776      4.732    11.0307    25.9864  1019.7845    19.7628    11.0302     84.796    64.4407     2.1094      8.213     5.5461     7.9259    242.887    247.688  0.000e+00
   56.45106 -132.53512      6.002      4.776      4.732    11.0382    25.9573  1019.7608    19.7390    11.0376     84.772    64.4407     2.1094      8.213     5.5446     7.9238    242.829    247.622  0.000e+00
   56.45106 -132.53512      5.962      4.736      4.692    11.0533    25.9228  1019.7314    19.7098    11.0528     84.799    64.4407     2.1094      8.213     5.5458     7.9255    242.887    247.675  0.000e+00
   56.45106 -132.53512      5.938      4.711      4.668    11.0647    25.9011  1019.7125    19.6911    11.0642     84.778    64.4407     2.1094      8.213     5.5438     7.9226    242.803    247.584  0.000e+00
   56.45106 -132.53512      5.962      4.736      4.692    11.0583    25.9009  1019.7135    19.6920    11.0578     84.761    64.4407     2.1094      8.213     5.5434     7.9221    242.789    247.570  0.000e+00
   56.45106 -132.53512      5.962      4.711      4.668    11.0408    25.9112  1019.7243    19.7028    11.0403     84.751    64.4407     2.1094      8.213     5.5446     7.9237    242.835    247.620  0.000e+00
   56.45106 -132.53512      5.875      4.598      4.556    11.0107    25.9484  1019.7575    19.7366    11.0102     84.689    64.4407     2.1094      8.218     5.5428     7.9212    242.751    247.542  0.000e+00
   56.45106 -132.53512      5.955      4.679      4.636    10.9439    26.0301  1019.8321    19.8108    10.9434     84.688    64.4407     2.1094      8.218     5.5480     7.9286    242.959    247.772  0.000e+00
   56.45106 -132.53512      5.931      4.655      4.612    10.9664    26.0252  1019.8246    19.8034    10.9659     84.725    64.4407     2.1094      8.218     5.5478     7.9284    242.955    247.767  0.000e+00
   56.45106 -132.53512      5.899      4.622      4.580    10.9723    26.0731  1019.8607    19.8396    10.9718     84.718    64.2169     1.8749      8.218     5.5449     7.9243    242.820    247.637  0.000e+00
   56.45106 -132.53512      5.931      4.655      4.612    10.8937    26.2544  1020.0143    19.9931    10.8931     84.678    63.0702     1.7577      8.223     5.5454     7.9250    242.805    247.659  0.000e+00
   56.45106 -132.53512      5.875      4.598      4.556    10.8147    26.4571  1020.1842    20.1633    10.8142     84.688    62.5668     1.7284      8.224     5.5485     7.9294    242.899    247.797  0.000e+00
   56.45106 -132.53512      5.835      4.558      4.516    10.7512    26.6322  1020.3303    20.3095    10.7507     84.702    62.5388     1.7284      8.224     5.5509     7.9328    242.970    247.905  0.000e+00
   56.45106 -132.53512      5.875      4.598      4.556    10.7013    26.7479  1020.4283    20.4074    10.7008     84.710    62.5947     1.7577      8.224     5.5534     7.9364    243.057    248.017  0.000e+00
   56.45106 -132.53512      5.899      4.622      4.580    10.6814    26.7836  1020.4593    20.4383    10.6809     84.713    62.6227     1.7577      8.229     5.5548     7.9384    243.108    248.077  0.000e+00
   56.45106 -132.53512      5.779      4.477      4.436    10.6755    26.7884  1020.4634    20.4430    10.6750     84.659    62.6227     1.7577      8.229     5.5518     7.9340    242.975    247.942  0.000e+00
   56.45106 -132.53512      5.860      4.534      4.492    10.6708    26.7973  1020.4713    20.4507    10.6703     84.659    62.5947     1.7577      8.229     5.5520     7.9344    242.985    247.954  0.000e+00
   56.45106 -132.53512      5.764      4.437      4.396    10.6732    26.7859  1020.4616    20.4414    10.6727     84.659    62.5947     1.7284      8.229     5.5522     7.9346    242.992    247.960  0.000e+00
   56.45106 -132.53512      5.804      4.477      4.436    10.6740    26.7587  1020.4405    20.4201    10.6736     84.665    62.5947     1.7577      8.229     5.5534     7.9363    243.051    248.014  0.000e+00
   56.45106 -132.53512      5.715      4.437      4.396    10.6694    26.7537  1020.4372    20.4170    10.6689     84.674    62.5947     1.7577      8.234     5.5547     7.9383    243.111    248.075  0.000e+00
   56.45106 -132.53512      5.706      4.477      4.436    10.6376    26.8267  1020.4992    20.4788    10.6371     84.640    62.5947     1.7577      8.234     5.5538     7.9369    243.054    248.031  0.000e+00
   56.45106 -132.53512      5.586      4.380      4.340    10.6242    26.9039  1020.5609    20.5410    10.6237     84.648    62.5947     1.7577      8.234     5.5532     7.9361    243.014    248.006  0.000e+00
   56.45106 -132.53512      5.682      4.477      4.436    10.6167    26.9511  1020.5992    20.5789    10.6162     84.662    62.6227     1.7577      8.234     5.5533     7.9363    243.011    248.012  0.000e+00
