EcoFOCI/data/1_SampleCollection/2022_GOA-OA_CruiseData/CTD_raw_BottleFile_RC0083/RC0083_146.cnv
* Sea-Bird SBE 9 Data File:
* FileName = C:\Data\RC0083ctd\RC0083_146.hex
* Software Version Seasave V 7.26.7.107
* Temperature SN = 2060
* Conductivity SN = 2881
* Number of Bytes Per Scan = 31
* Number of Voltage Words = 4
* Number of Scans Averaged by the Deck Unit = 1
* NMEA Latitude = 54 55.77 N
* NMEA Longitude = 131 10.41 W
* NMEA UTC (Time) = Aug 28 2022  19:58:30
* NMEA baud rate = 4800
** Ship: R/V Rachel Carson
** Cruise ID: RC0083
** Tech: McHugh/Nomura
** Chief Scientist: Cross
** Station: RC1
** Cast:  CTD146
# nquan = 19
# nvalues = 9999                                  
# units = specified
# name 0 = latitude: Latitude [deg]
# name 1 = longitude: Longitude [deg]
# name 2 = sfdSM: Seafloor depth [salt water, m]
# name 3 = prDM: Pressure, Digiquartz [db]
# name 4 = depSM: Depth [salt water, m]
# name 5 = t090C: Temperature [ITS-90, deg C]
# name 6 = sal00: Salinity, Practical [PSU]
# name 7 = density00: Density [density, kg/m^3]
# name 8 = sigma-é00: Density [sigma-theta, kg/m^3]
# name 9 = potemp090C: Potential Temperature [ITS-90, deg C]
# name 10 = sbeox0PS: Oxygen, SBE 43 [% saturation]
# name 11 = CStarTr0: Beam Transmission, WET Labs C-Star [%]
# name 12 = flECO-AFL: Fluorescence, WET Labs ECO-AFL/FL [mg/m^3]
# name 13 = ph: pH
# name 14 = sbeox0ML/L: Oxygen, SBE 43 [ml/l]
# name 15 = sbeox0Mg/L: Oxygen, SBE 43 [mg/l]
# name 16 = sbox0Mm/Kg: Oxygen, SBE 43 [umol/kg]
# name 17 = sbeox0Mm/L: Oxygen, SBE 43 [umol/l]
# name 18 = flag:  0.000e+00
# span 0 =   54.92946,   54.93238                 
# span 1 = -131.17448, -131.17346                 
# span 2 =      7.458,    173.200                 
# span 3 =      2.420,    132.031                 
# span 4 =      2.398,    130.800                 
# span 5 =     6.2119,    12.4353                 
# span 6 =    28.8418,    33.0886                 
# span 7 =  1021.7472,  1026.6216                 
# span 8 =    21.7327,    26.0174                 
# span 9 =     6.2009,    12.4349                 
# span 10 =     29.971,     83.423                
# span 11 =    91.5706,   103.6532                
# span 12 =    -0.0591,     2.8127                
# span 13 =      7.695,      8.208                
# span 14 =     2.0863,     5.2033                
# span 15 =     2.9815,     7.4361                
# span 16 =     90.811,    227.436                
# span 17 =     93.173,    232.381                
# span 18 = 0.0000e+00, 0.0000e+00                
# interval = seconds: 0.0416667
# start_time = Aug 28 2022 19:58:30 [NMEA time, header]
# bad_flag = -9.990e-29
*END*
[from data line 9220]
   54.93212 -131.17446     86.736     27.745     27.493     9.0076    30.7951  1023.9531    23.8267     9.0048     53.672   101.9191     0.5562      7.898     3.5591     5.0863    155.250    158.949  0.000e+00
   54.93212 -131.17446     86.528     28.004     27.749     9.0103    30.7923  1023.9517    23.8241     9.0075     53.615   101.8912     0.5562      7.898     3.5551     5.0806    155.076    158.770  0.000e+00
   54.93212 -131.17446     87.337     27.810     27.557     9.0119    30.7908  1023.9494    23.8226     9.0090     53.656   101.8912     0.5856      7.898     3.5578     5.0844    155.193    158.890  0.000e+00
   54.93212 -131.17446     87.784     27.866     27.613     9.0127    30.7900  1023.9489    23.8219     9.0099     53.646   101.9191     0.5856      7.898     3.5570     5.0834    155.161    158.857  0.000e+00
   54.93212 -131.17446     87.728     27.810     27.557     9.0138    30.7888  1023.9475    23.8208     9.0110     53.637   101.8912     0.5562      7.898     3.5564     5.0825    155.134    158.829  0.000e+00
   54.93212 -131.17446     87.791     27.923     27.669     9.0140    30.7889  1023.9481    23.8209     9.0112     53.627   101.9191     0.5562      7.898     3.5557     5.0814    155.102    158.797  0.000e+00
   54.93212 -131.17446     87.679     27.810     27.557     9.0141    30.7892  1023.9478    23.8211     9.0113     53.667   101.8912     0.5562      7.898     3.5583     5.0852    155.217    158.915  0.000e+00
   54.93212 -131.17446     87.655     27.810     27.557     9.0140    30.7895  1023.9480    23.8213     9.0112     53.660   101.8912     0.5562      7.898     3.5579     5.0846    155.198    158.895  0.000e+00
   54.93212 -131.17446     87.735     27.866     27.613     9.0138    30.7898  1023.9486    23.8216     9.0110     53.712   101.8912     0.5562      7.898     3.5614     5.0895    155.349    159.050  0.000e+00
   54.93212 -131.17446     87.615     27.745     27.493     9.0136    30.7899  1023.9481    23.8217     9.0108     53.710   101.8912     0.5562      7.898     3.5612     5.0893    155.343    159.043  0.000e+00
   54.93212 -131.17446     87.735     27.866     27.613     9.0135    30.7899  1023.9487    23.8217     9.0107     53.706   101.8912     0.5562      7.898     3.5609     5.0889    155.331    159.031  0.000e+00
   54.93212 -131.17446     87.615     27.745     27.493     9.0132    30.7902  1023.9484    23.8220     9.0104     53.697   101.9191     0.5562      7.898     3.5603     5.0881    155.305    159.005  0.000e+00
   54.93212 -131.17446     87.679     27.810     27.557     9.0132    30.7904  1023.9489    23.8221     9.0103     53.691   101.9191     0.5856      7.898     3.5600     5.0876    155.290    158.989  0.000e+00
   54.93212 -131.17446     87.679     27.810     27.557     9.0127    30.7907  1023.9492    23.8224     9.0099     53.682   101.9191     0.5856      7.898     3.5594     5.0868    155.266    158.965  0.000e+00
   54.93212 -131.17446    103.220     27.745     27.493     9.0123    30.7911  1023.9493    23.8228     9.0095     53.726   101.8912     0.5562      7.898     3.5623     5.0909    155.392    159.094  0.000e+00
   54.93212 -131.17446    122.820     27.810     27.557     9.0127    30.7907  1023.9492    23.8224     9.0099     53.723   101.8912     0.6149      7.898     3.5621     5.0906    155.383    159.084  0.000e+00
   54.93212 -131.17446    127.437     27.688     27.437     9.0132    30.7903  1023.9482    23.8220     9.0104     53.715   101.8912     0.6149      7.898     3.5616     5.0899    155.359    159.060  0.000e+00
   54.93212 -131.17446    126.971     27.810     27.557     9.0135    30.7899  1023.9484    23.8217     9.0107     53.706   101.8912     0.6442      7.898     3.5610     5.0890    155.333    159.033  0.000e+00
   54.93212 -131.17446    126.006     27.624     27.373     9.0138    30.7898  1023.9474    23.8215     9.0110     53.692   101.8632     0.6442      7.898     3.5600     5.0876    155.291    158.990  0.000e+00
   54.93212 -131.17446    125.915     27.705     27.453     9.0141    30.7895  1023.9475    23.8213     9.0113     53.677   101.8632     0.6149      7.898     3.5590     5.0861    155.246    158.944  0.000e+00
   54.93212 -131.17446    125.979     27.745     27.493     9.0141    30.7896  1023.9478    23.8214     9.0113     53.714   101.8632     0.6149      7.898     3.5614     5.0896    155.352    159.053  0.000e+00
   54.93212 -131.17446    125.883     27.624     27.373     9.0146    30.7888  1023.9466    23.8207     9.0118     53.646   101.8632     0.6442      7.898     3.5569     5.0832    155.157    158.853  0.000e+00
   54.93212 -131.17446    125.796     27.511     27.261     9.0148    30.7884  1023.9457    23.8203     9.0120     53.682   101.8632     0.6149      7.898     3.5593     5.0866    155.260    158.958  0.000e+00
   54.93212 -131.17446    126.028     27.745     27.493     9.0146    30.7885  1023.9469    23.8205     9.0118     53.673   101.8632     0.6149      7.903     3.5587     5.0857    155.234    158.932  0.000e+00
   54.93212 -131.17446    125.908     27.624     27.373     9.0151    30.7885  1023.9462    23.8204     9.0123     53.664   101.8632     0.6149      7.903     3.5581     5.0849    155.208    158.905  0.000e+00
   54.93212 -131.17446    125.771     27.511     27.261     9.0148    30.7890  1023.9461    23.8208     9.0120     53.709   101.8632     0.6149      7.898     3.5611     5.0891    155.338    159.038  0.000e+00
   54.93212 -131.17446    125.796     27.511     27.261     9.0150    30.7890  1023.9461    23.8207     9.0122     53.763   101.8632     0.6149      7.898     3.5647     5.0943    155.494    159.198  0.000e+00
   54.93212 -131.17446    125.796     27.511     27.261     9.0148    30.7890  1023.9462    23.8208     9.0120     53.765   101.8632     0.6149      7.898     3.5648     5.0944    155.499    159.203  0.000e+00
   54.93212 -131.17446    125.732     27.446     27.197     9.0145    30.7892  1023.9461    23.8210     9.0117     53.763   101.8632     0.6149      7.903     3.5647     5.0943    155.494    159.198  0.000e+00
   54.93212 -131.17446    125.707     27.446     27.197     9.0145    30.7890  1023.9459    23.8208     9.0117     53.759   101.8632     0.6149      7.903     3.5644     5.0939    155.482    159.186  0.000e+00
   54.93212 -131.17446    125.676     27.389     27.141     9.0143    30.7893  1023.9459    23.8211     9.0115     53.751   101.8632     0.6149      7.903     3.5639     5.0932    155.461    159.164  0.000e+00
   54.93212 -131.17446    125.676     27.389     27.141     9.0141    30.7901  1023.9465    23.8217     9.0114     53.747   101.8632     0.6149      7.898     3.5636     5.0928    155.449    159.152  0.000e+00
   54.93212 -131.17446    125.531     27.268     27.021     9.0138    30.7902  1023.9462    23.8219     9.0110     53.795   101.8632     0.6149      7.903     3.5669     5.0974    155.589    159.296  0.000e+00
   54.93212 -131.17446    125.531     27.268     27.021     9.0133    30.7910  1023.9469    23.8226     9.0105     53.798   101.8632     0.6149      7.903     3.5670     5.0976    155.596    159.303  0.000e+00
   54.93214 -131.17448    125.500     27.212     26.965     9.0128    30.7918  1023.9473    23.8233     9.0101     53.741   101.8632     0.6149      7.903     3.5633     5.0923    155.434    159.137  0.000e+00
   54.93214 -131.17448    125.556     27.268     27.021     9.0123    30.7918  1023.9477    23.8234     9.0096     53.733   101.8632     0.5856      7.903     3.5628     5.0916    155.412    159.114  0.000e+00
   54.93214 -131.17448    125.379     27.090     26.845     9.0116    30.7921  1023.9472    23.8237     9.0089     53.727   101.8632     0.5562      7.903     3.5624     5.0911    155.396    159.098  0.000e+00
   54.93214 -131.17448    125.323     27.034     26.789     9.0116    30.7921  1023.9469    23.8237     9.0089     53.775   101.8632     0.5269      7.903     3.5656     5.0956    155.535    159.241  0.000e+00
   54.93214 -131.17448    125.323     27.034     26.789     9.0121    30.7917  1023.9465    23.8233     9.0093     53.827   101.8912     0.5269      7.903     3.5690     5.1005    155.684    159.393  0.000e+00
   54.93214 -131.17448    125.323     27.034     26.789     9.0116    30.7919  1023.9467    23.8235     9.0089     53.882   101.9191     0.5269      7.903     3.5727     5.1058    155.845    159.558  0.000e+00
   54.93214 -131.17448    125.219     26.929     26.685     9.0109    30.7923  1023.9467    23.8240     9.0082     53.828   101.9191     0.5269      7.903     3.5692     5.1007    155.690    159.399  0.000e+00
   54.93214 -131.17448    125.059     26.792     26.548     9.0094    30.7938  1023.9474    23.8254     9.0067     53.827   101.9191     0.5269      7.903     3.5692     5.1007    155.691    159.400  0.000e+00
   54.93214 -131.17448    125.115     26.848     26.604     9.0079    30.7952  1023.9490    23.8266     9.0052     53.825   101.8912     0.5269      7.903     3.5691     5.1007    155.688    159.398  0.000e+00
   54.93214 -131.17448    125.003     26.735     26.492     9.0076    30.7955  1023.9488    23.8270     9.0049     53.875   101.9191     0.5269      7.903     3.5725     5.1054    155.834    159.547  0.000e+00
   54.93214 -131.17448    125.003     26.735     26.492     9.0081    30.7953  1023.9485    23.8267     9.0054     53.879   101.9191     0.5269      7.903     3.5727     5.1058    155.844    159.557  0.000e+00
   54.93214 -131.17448    124.963     26.670     26.428     9.0084    30.7949  1023.9479    23.8263     9.0057     53.874   101.9191     0.5269      7.903     3.5724     5.1053    155.829    159.542  0.000e+00
   54.93214 -131.17448    124.883     26.614     26.372     9.0083    30.7947  1023.9475    23.8262     9.0056     53.867   101.9191     0.5269      7.903     3.5719     5.1046    155.809    159.521  0.000e+00
   54.93214 -131.17448    124.851     26.557     26.316     9.0088    30.7944  1023.9470    23.8259     9.0061     53.862   101.9191     0.5269      7.903     3.5716     5.1042    155.796    159.508  0.000e+00
   54.93214 -131.17448    124.787     26.493     26.252     9.0097    30.7943  1023.9464    23.8257     9.0070     53.862   101.9191     0.5269      7.903     3.5715     5.1040    155.791    159.503  0.000e+00
   54.93214 -131.17448    124.787     26.493     26.252     9.0127    30.7915  1023.9438    23.8231     9.0100     53.859   101.9191     0.5562      7.903     3.5712     5.1035    155.777    159.488  0.000e+00
   54.93214 -131.17448    124.667     26.371     26.132     9.0172    30.7880  1023.9398    23.8196     9.0146     53.848   101.9191     0.5269      7.903     3.5701     5.1020    155.732    159.441  0.000e+00
   54.93214 -131.17448    124.667     26.371     26.132     9.0215    30.7847  1023.9365    23.8164     9.0188     53.896   101.9191     0.5562      7.903     3.5731     5.1063    155.861    159.573  0.000e+00
   54.93214 -131.17448    124.611     26.315     26.076     9.0231    30.7834  1023.9351    23.8152     9.0204     53.892   101.9191     0.5562      7.903     3.5727     5.1058    155.845    159.557  0.000e+00
   54.93214 -131.17448    124.491     26.194     25.956     9.0247    30.7823  1023.9334    23.8140     9.0221     53.941   101.9191     0.5562      7.903     3.5758     5.1102    155.983    159.697  0.000e+00
   54.93214 -131.17448    108.789     26.194     25.956     9.0257    30.7815  1023.9327    23.8133     9.0231     53.939   101.9191     0.5269      7.903     3.5756     5.1099    155.972    159.686  0.000e+00
   54.93214 -131.17448     53.990     26.194     25.956     9.0269    30.7812  1023.9322    23.8129     9.0242     53.939   101.9191     0.5562      7.903     3.5756     5.1098    155.970    159.684  0.000e+00
   54.93214 -131.17448     32.722     26.072     25.836     9.0281    30.7805  1023.9309    23.8121     9.0254     53.937   101.9191     0.5856      7.903     3.5753     5.1095    155.959    159.673  0.000e+00
   54.93214 -131.17448     32.136     26.072     25.836     9.0294    30.7800  1023.9303    23.8115     9.0268     53.938   101.9191     0.5856      7.903     3.5753     5.1095    155.960    159.674  0.000e+00
   54.93214 -131.17448     34.351     26.016     25.780     9.0306    30.7790  1023.9291    23.8106     9.0280     53.882   101.9191     0.5856      7.903     3.5715     5.1040    155.794    159.503  0.000e+00
   54.93214 -131.17448     35.126     25.959     25.724     9.0301    30.7791  1023.9290    23.8107     9.0275     53.874   101.9471     0.5856      7.903     3.5710     5.1033    155.772    159.481  0.000e+00
   54.93214 -131.17448     35.061     25.895     25.660     9.0285    30.7807  1023.9302    23.8122     9.0259     53.919   101.9471     0.6149      7.903     3.5741     5.1078    155.908    159.620  0.000e+00
   54.93214 -131.17448     34.964     25.895     25.660     9.0285    30.7810  1023.9304    23.8124     9.0259     53.913   101.9471     0.6149      7.903     3.5737     5.1072    155.889    159.602  0.000e+00
   54.93214 -131.17448     34.859     25.838     25.604     9.0306    30.7800  1023.9291    23.8114     9.0280     53.904   101.9471     0.6149      7.903     3.5730     5.1061    155.857    159.569  0.000e+00
   54.93214 -131.17448     34.827     25.782     25.548     9.0323    30.7791  1023.9278    23.8103     9.0296     53.899   101.9471     0.5856      7.903     3.5725     5.1055    155.838    159.549  0.000e+00
   54.93214 -131.17448     34.827     25.782     25.548     9.0334    30.7789  1023.9275    23.8100     9.0308     53.948   101.9471     0.6149      7.903     3.5757     5.1100    155.976    159.690  0.000e+00
   54.93214 -131.17448     34.739     25.717     25.484     9.0347    30.7780  1023.9263    23.8091     9.0321     53.945   101.9471     0.5856      7.903     3.5754     5.1096    155.963    159.676  0.000e+00
   54.93214 -131.17448     34.763     25.717     25.484     9.0356    30.7773  1023.9257    23.8085     9.0330     53.995   101.9471     0.5856      7.903     3.5787     5.1143    156.107    159.824  0.000e+00
   54.93214 -131.17448     34.643     25.596     25.364     9.0356    30.7773  1023.9251    23.8085     9.0330     53.993   101.9471     0.6149      7.903     3.5785     5.1141    156.100    159.816  0.000e+00
   54.93214 -131.17448     34.707     25.660     25.428     9.0349    30.7777  1023.9258    23.8089     9.0323     53.989   101.9471     0.5856      7.903     3.5783     5.1138    156.092    159.808  0.000e+00
   54.93214 -131.17448     34.643     25.596     25.364     9.0340    30.7781  1023.9260    23.8093     9.0315     53.989   101.9471     0.5856      7.903     3.5783     5.1138    156.092    159.808  0.000e+00
   54.93214 -131.17448     34.587     25.539     25.308     9.0336    30.7787  1023.9262    23.8098     9.0310     53.980   101.9471     0.5856      7.903     3.5778     5.1130    156.067    159.783  0.000e+00
   54.93214 -131.17448     38.233     25.596     25.364     9.0352    30.7778  1023.9255    23.8089     9.0326     53.975   101.9471     0.5856      7.903     3.5773     5.1124    156.048    159.764  0.000e+00
   54.93214 -131.17448     93.066     25.483     25.251     9.0376    30.7768  1023.9239    23.8078     9.0350     54.022   101.9471     0.5856      7.903     3.5803     5.1166    156.179    159.897  0.000e+00
   54.93214 -131.17448    123.696     25.539     25.307     9.0382    30.7761  1023.9235    23.8071     9.0356     54.019   101.9471     0.5856      7.903     3.5801     5.1163    156.167    159.885  0.000e+00
   54.93214 -131.17448    125.251     25.483     25.251     9.0378    30.7767  1023.9238    23.8077     9.0353     53.963   101.9471     0.5856      7.903     3.5763     5.1109    156.005    159.719  0.000e+00
