EcoFOCI/data/1_SampleCollection/2022_GOA-OA_CruiseData/CTD_raw_BottleFile_RC0083/RC0083_010.ros
* Sea-Bird SBE 9 Data File:
* FileName = C:\Data\RC0083ctd\RC0083_010.hex
* Software Version Seasave V 7.26.7.107
* Temperature SN = 2060
* Conductivity SN = 1084
* Number of Bytes Per Scan = 31
* Number of Voltage Words = 4
* Number of Scans Averaged by the Deck Unit = 1
* NMEA Latitude = 55 22.64 N
* NMEA Longitude = 135 05.29 W
* NMEA UTC (Time) = Aug 13 2022  01:11:18
* NMEA baud rate = 4800
** Ship: R/V Rachel Carson
** Cruise ID: RC0083 RC0083
** Tech: McHugh/Nomura
** Chief Scientist: Cross Cross
** Station: POW7
** Cast:  010
# nquan = 21
# nvalues = 490                                   
# units = specified
# name 0 = latitude: Latitude [deg]
# name 1 = longitude: Longitude [deg]
# name 2 = sfdSM: Seafloor depth [salt water, m]
# name 3 = prDM: Pressure, Digiquartz [db]
# name 4 = depSM: Depth [salt water, m]
# name 5 = t090C: Temperature [ITS-90, deg C]
# name 6 = sal00: Salinity, Practical [PSU]
# name 7 = density00: Density [density, kg/m^3]
# name 8 = sigma-é00: Density [sigma-theta, kg/m^3]
# name 9 = potemp090C: Potential Temperature [ITS-90, deg C]
# name 10 = sbeox0PS: Oxygen, SBE 43 [% saturation]
# name 11 = CStarTr0: Beam Transmission, WET Labs C-Star [%]
# name 12 = flECO-AFL: Fluorescence, WET Labs ECO-AFL/FL [mg/m^3]
# name 13 = ph: pH
# name 14 = sbeox0ML/L: Oxygen, SBE 43 [ml/l]
# name 15 = sbeox0Mg/L: Oxygen, SBE 43 [mg/l]
# name 16 = sbox0Mm/Kg: Oxygen, SBE 43 [umol/kg]
# name 17 = sbeox0Mm/L: Oxygen, SBE 43 [umol/l]
# name 18 = scan: Scan Count
# name 19 = nbf: Bottles Fired
# name 20 = flag:  0.000e+00
# interval = seconds: 0.0416667
# start_time = Aug 13 2022 01:11:18 [NMEA time, header]
# bad_flag = -9.990e-29
*END*
[from data line 276]
   55.38156 -135.09160    198.782    101.088    100.149     6.6067    32.7205  1026.1410    25.6764     6.5980     65.175   106.8696    -0.0884      7.963     4.5073     6.4413    196.255    201.294      38440          6  0.000e+00
   55.38156 -135.09160    198.661    100.967    100.029     6.6066    32.7206  1026.1405    25.6765     6.5979     65.202   106.8696    -0.0884      7.963     4.5091     6.4440    196.335    201.377      38441          6  0.000e+00
   55.38156 -135.09160    198.750    101.056    100.117     6.6070    32.7193  1026.1398    25.6754     6.5983     65.234   106.8696    -0.0884      7.963     4.5113     6.4472    196.433    201.476      38442          6  0.000e+00
   55.38156 -135.09160    198.661    100.967    100.029     6.6068    32.7200  1026.1400    25.6760     6.5980     65.269   106.8696    -0.0884      7.968     4.5138     6.4506    196.539    201.585      38443          6  0.000e+00
   55.38156 -135.09160    198.694    100.999    100.061     6.6067    32.7207  1026.1407    25.6765     6.5980     65.310   106.8696    -0.0884      7.963     4.5166     6.4546    196.660    201.709      38444          6  0.000e+00
   55.38156 -135.09160    198.662    100.967    100.029     6.6065    32.7215  1026.1412    25.6772     6.5977     65.338   106.8696    -0.0884      7.968     4.5185     6.4574    196.744    201.796      38445          6  0.000e+00
   55.38156 -135.09160    198.694    100.999    100.061     6.6067    32.7212  1026.1411    25.6769     6.5980     65.370   106.8696    -0.0884      7.968     4.5207     6.4605    196.839    201.894      38446          6  0.000e+00
   55.38156 -135.09160    198.605    100.910     99.973     6.6070    32.7204  1026.1400    25.6763     6.5983     65.404   106.8696    -0.0884      7.963     4.5231     6.4639    196.943    202.000      38447          6  0.000e+00
   55.38156 -135.09160    198.694    100.999    100.061     6.6069    32.7203  1026.1404    25.6762     6.5982     65.436   106.8696    -0.0884      7.968     4.5252     6.4670    197.038    202.098      38448          6  0.000e+00
   55.38156 -135.09160    198.605    100.910     99.973     6.6068    32.7207  1026.1403    25.6765     6.5980     65.469   106.8696    -0.0591      7.968     4.5275     6.4703    197.138    202.200      38449          6  0.000e+00
   55.38156 -135.09160    198.638    100.943    100.005     6.6068    32.7206  1026.1403    25.6764     6.5980     65.498   106.8696    -0.0591      7.968     4.5296     6.4732    197.227    202.291      38450          6  0.000e+00
   55.38156 -135.09160    198.662    100.967    100.029     6.6065    32.7207  1026.1406    25.6765     6.5978     65.531   106.8696    -0.0591      7.968     4.5318     6.4764    197.325    202.392      38451          6  0.000e+00
   55.38156 -135.09160    198.638    100.943    100.005     6.6065    32.7208  1026.1405    25.6766     6.5978     65.565   106.8696    -0.0591      7.968     4.5342     6.4799    197.430    202.499      38452          6  0.000e+00
   55.38156 -135.09160    198.606    100.910     99.973     6.6067    32.7208  1026.1404    25.6766     6.5980     65.595   106.8696    -0.0591      7.968     4.5363     6.4828    197.518    202.589      38453          6  0.000e+00
   55.38156 -135.09160    198.574    100.878     99.941     6.6066    32.7216  1026.1408    25.6772     6.5979     65.675   106.8696    -0.0591      7.968     4.5418     6.4907    197.759    202.837      38454          6  0.000e+00
   55.38156 -135.09160    198.662    100.967    100.029     6.6069    32.7211  1026.1408    25.6768     6.5982     65.710   106.8696    -0.0591      7.968     4.5442     6.4941    197.863    202.944      38455          6  0.000e+00
   55.38156 -135.09160    198.638    100.943    100.005     6.6070    32.7209  1026.1406    25.6766     6.5983     65.746   106.8696    -0.0591      7.968     4.5467     6.4976    197.970    203.054      38456          6  0.000e+00
   55.38156 -135.09160    198.606    100.911     99.973     6.6069    32.7208  1026.1403    25.6766     6.5982     65.783   106.8696    -0.0591      7.968     4.5493     6.5014    198.084    203.170      38457          6  0.000e+00
   55.38188 -135.09192    148.791     50.623     50.159     7.9908    32.2126  1025.3187    25.0874     7.9860     85.793   106.3103     0.0874      8.107     5.7672     8.2418    251.258    257.561      41106          7  0.000e+00
   55.38188 -135.09192    148.735     50.566     50.103     7.9898    32.2134  1025.3192    25.0881     7.9850     85.796   106.3382     0.0874      8.107     5.7674     8.2422    251.270    257.574      41107          7  0.000e+00
   55.38188 -135.09192    148.847     50.680     50.215     7.9879    32.2138  1025.3203    25.0887     7.9831     85.799   106.3382     0.0874      8.107     5.7679     8.2429    251.291    257.595      41108          7  0.000e+00
   55.38188 -135.09192    148.855     50.688     50.223     7.9875    32.2152  1025.3215    25.0899     7.9826     85.800   106.3382     0.0874      8.107     5.7680     8.2430    251.294    257.599      41109          7  0.000e+00
   55.38188 -135.09192    148.791     50.623     50.159     7.9870    32.2160  1025.3219    25.0906     7.9821     85.800   106.3382     0.0874      8.107     5.7680     8.2430    251.292    257.597      41110          7  0.000e+00
   55.38188 -135.09192    148.855     50.688     50.223     7.9847    32.2176  1025.3237    25.0921     7.9799     85.744   106.3382     0.0874      8.107     5.7645     8.2380    251.139    257.440      41111          7  0.000e+00
   55.38188 -135.09192    148.911     50.744     50.279     7.9839    32.2167  1025.3234    25.0916     7.9790     85.791   106.3382     0.0874      8.107     5.7677     8.2427    251.282    257.587      41112          7  0.000e+00
   55.38188 -135.09192    148.911     50.744     50.279     7.9847    32.2167  1025.3233    25.0915     7.9799     85.794   106.3382     0.0874      8.107     5.7679     8.2429    251.288    257.593      41113          7  0.000e+00
   55.38188 -135.09192    148.911     50.744     50.279     7.9908    32.2152  1025.3213    25.0895     7.9859     85.796   106.3382     0.0874      8.107     5.7673     8.2420    251.262    257.566      41114          7  0.000e+00
   55.38188 -135.09192    148.911     50.744     50.279     7.9999    32.2129  1025.3182    25.0864     7.9950     85.741   106.3382     0.0874      8.107     5.7625     8.2351    251.054    257.352      41115          7  0.000e+00
   55.38188 -135.09192    148.968     50.801     50.335     8.0069    32.2110  1025.3159    25.0838     8.0020     85.790   106.3382     0.0874      8.107     5.7649     8.2387    251.162    257.462      41116          7  0.000e+00
   55.38188 -135.09192    148.976     50.809     50.343     8.0104    32.2104  1025.3150    25.0829     8.0055     85.790   106.3382     0.0874      8.107     5.7645     8.2380    251.143    257.443      41117          7  0.000e+00
   55.38188 -135.09192    148.968     50.801     50.335     8.0131    32.2097  1025.3140    25.0819     8.0083     85.789   106.3382     0.0874      8.107     5.7641     8.2375    251.126    257.425      41118          7  0.000e+00
   55.38188 -135.09192    149.032     50.866     50.399     8.0162    32.2083  1025.3127    25.0804     8.0113     85.788   106.3382     0.0874      8.107     5.7637     8.2369    251.109    257.407      41119          7  0.000e+00
   55.38188 -135.09192    149.032     50.866     50.399     8.0166    32.2077  1025.3122    25.0799     8.0117     85.786   106.3382     0.0874      8.107     5.7635     8.2367    251.102    257.399      41120          7  0.000e+00
   55.38188 -135.09192    149.032     50.866     50.399     8.0120    32.2082  1025.3132    25.0809     8.0071     85.729   106.3382     0.0874      8.107     5.7602     8.2320    250.958    257.252      41121          7  0.000e+00
   55.38188 -135.09192    149.088     50.922     50.455     8.0047    32.2099  1025.3159    25.0832     7.9999     85.720   106.3382     0.0874      8.107     5.7605     8.2324    250.971    257.266      41122          7  0.000e+00
   55.38188 -135.09192    149.088     50.922     50.455     7.9943    32.2128  1025.3197    25.0870     7.9894     85.711   106.3382     0.0874      8.107     5.7612     8.2333    250.997    257.294      41123          7  0.000e+00
   55.38188 -135.09192    149.152     50.987     50.519     7.9877    32.2145  1025.3223    25.0893     7.9828     85.701   106.3382     0.0874      8.107     5.7613     8.2335    251.002    257.299      41124          7  0.000e+00
   55.38188 -135.09192    149.144     50.979     50.511     7.9835    32.2155  1025.3236    25.0907     7.9786     85.689   106.3382     0.0874      8.107     5.7610     8.2331    250.989    257.287      41125          7  0.000e+00
   55.38188 -135.09192    149.152     50.987     50.519     7.9786    32.2163  1025.3250    25.0921     7.9737     85.677   106.3382     0.0874      8.107     5.7608     8.2328    250.980    257.278      41126          7  0.000e+00
   55.38188 -135.09192    149.144     50.979     50.511     7.9723    32.2160  1025.3257    25.0927     7.9674     85.665   106.3382     0.0874      8.107     5.7608     8.2328    250.980    257.278      41127          7  0.000e+00
   55.38188 -135.09192    149.208     51.044     50.575     7.9622    32.2187  1025.3295    25.0963     7.9573     85.653   106.3662     0.0874      8.107     5.7612     8.2334    250.998    257.297      41128          7  0.000e+00
   55.38188 -135.09192    149.208     51.044     50.575     7.9571    32.2208  1025.3319    25.0987     7.9522     85.639   106.3662     0.0874      8.107     5.7609     8.2329    250.982    257.282      41129          7  0.000e+00
   55.38188 -135.09192    149.272     51.108     50.640     7.9535    32.2216  1025.3333    25.0998     7.9486     85.625   106.3662     0.0874      8.107     5.7604     8.2322    250.960    257.259      41130          7  0.000e+00
   55.38188 -135.09192    149.264     51.100     50.632     7.9463    32.2235  1025.3358    25.1023     7.9415     85.610   106.3662     0.0874      8.107     5.7603     8.2320    250.954    257.253      41131          7  0.000e+00
   55.38188 -135.09192    149.272     51.108     50.640     7.9412    32.2244  1025.3373    25.1037     7.9363     85.595   106.3662     0.0874      8.107     5.7598     8.2314    250.935    257.235      41132          7  0.000e+00
   55.38188 -135.09192    149.264     51.100     50.632     7.9390    32.2249  1025.3380    25.1044     7.9341     85.585   106.3662     0.0874      8.107     5.7595     8.2309    250.919    257.219      41133          7  0.000e+00
   55.38188 -135.09192    149.328     51.165     50.696     7.9394    32.2247  1025.3381    25.1043     7.9345     85.576   106.3662     0.0874      8.107     5.7588     8.2299    250.890    257.188      41134          7  0.000e+00
   55.38188 -135.09192    149.328     51.165     50.696     7.9418    32.2233  1025.3367    25.1028     7.9369     85.565   106.3662     0.0874      8.107     5.7578     8.2285    250.847    257.144      41135          7  0.000e+00
   55.38188 -135.09192    149.328     51.165     50.696     7.9425    32.2234  1025.3366    25.1028     7.9376     85.554   106.3662     0.0874      8.107     5.7570     8.2273    250.812    257.108      41136          7  0.000e+00
   55.38188 -135.09192    149.328     51.165     50.696     7.9426    32.2229  1025.3362    25.1024     7.9377     85.543   106.3662     0.0874      8.107     5.7563     8.2263    250.780    257.075      41137          7  0.000e+00
   55.38188 -135.09192    149.384     51.221     50.752     7.9426    32.2232  1025.3367    25.1026     7.9377     85.533   106.3662     0.0874      8.107     5.7555     8.2252    250.748    257.043      41138          7  0.000e+00
   55.38188 -135.09192    149.384     51.221     50.752     7.9444    32.2217  1025.3353    25.1012     7.9395     85.584   106.3662     0.0874      8.107     5.7588     8.2299    250.890    257.188      41139          7  0.000e+00
   55.38188 -135.09192    149.384     51.221     50.752     7.9461    32.2214  1025.3348    25.1007     7.9412     85.586   106.3662     0.0874      8.107     5.7588     8.2298    250.888    257.186      41140          7  0.000e+00
   55.38188 -135.09192    149.384     51.221     50.752     7.9475    32.2207  1025.3340    25.1000     7.9426     85.588   106.3662     0.0874      8.107     5.7587     8.2298    250.888    257.185      41141          7  0.000e+00
   55.38188 -135.09192    149.384     51.221     50.752     7.9488    32.2202  1025.3335    25.0994     7.9439     85.535   106.3662     0.0874      8.107     5.7550     8.2244    250.724    257.017      41142          7  0.000e+00
   55.38188 -135.09192    149.440     51.278     50.808     7.9491    32.2195  1025.3331    25.0988     7.9442     85.530   106.3662     0.0874      8.107     5.7547     8.2240    250.711    257.003      41143          7  0.000e+00
   55.38188 -135.09192    149.384     51.222     50.752     7.9483    32.2196  1025.3331    25.0990     7.9434     85.525   106.3662     0.0874      8.107     5.7544     8.2236    250.699    256.991      41144          7  0.000e+00
   55.38188 -135.09192    149.440     51.278     50.808     7.9482    32.2192  1025.3330    25.0987     7.9433     85.520   106.3662     0.0874      8.107     5.7541     8.2232    250.688    256.980      41145          7  0.000e+00
   55.38188 -135.09192    149.384     51.222     50.752     7.9477    32.2198  1025.3333    25.0992     7.9428     85.515   106.3662     0.0874      8.107     5.7538     8.2228    250.673    256.965      41146          7  0.000e+00
   55.38188 -135.09192    149.384     51.222     50.752     7.9473    32.2193  1025.3329    25.0989     7.9424     85.510   106.3662     0.0874      8.107     5.7535     8.2224    250.662    256.953      41147          7  0.000e+00
   55.38188 -135.09192    149.448     51.286     50.816     7.9434    32.2213  1025.3354    25.1010     7.9385     85.562   106.3662     0.0874      8.107     5.7575     8.2280    250.832    257.128      41148          7  0.000e+00
   55.38188 -135.09192    149.384     51.222     50.752     7.9415    32.2221  1025.3360    25.1019     7.9366     85.508   106.3662     0.0874      8.107     5.7540     8.2231    250.683    256.975      41149          7  0.000e+00
   55.38188 -135.09192    149.384     51.222     50.752     7.9394    32.2241  1025.3378    25.1038     7.9345     85.503   106.3662     0.0874      8.107     5.7539     8.2229    250.676    256.969      41150          7  0.000e+00
   55.38188 -135.09192    149.448     51.286     50.816     7.9397    32.2244  1025.3384    25.1040     7.9348     85.498   106.3662     0.0874      8.107     5.7535     8.2224    250.660    256.953      41151          7  0.000e+00
   55.38188 -135.09192    149.384     51.222     50.752     7.9383    32.2249  1025.3387    25.1046     7.9334     85.492   106.3662     0.0874      8.107     5.7533     8.2221    250.650    256.943      41152          7  0.000e+00
   55.38188 -135.09192    149.384     51.222     50.752     7.9385    32.2242  1025.3381    25.1040     7.9336     85.494   106.3662     0.0874      8.107     5.7534     8.2223    250.656    256.949      41153          7  0.000e+00
   55.38188 -135.09192    149.384     51.222     50.752     7.9388    32.2230  1025.3371    25.1030     7.9339     85.489   106.3662     0.0874      8.107     5.7531     8.2218    250.642    256.934      41154          7  0.000e+00
   55.38210 -135.09214    123.753     25.351     25.120    12.3419    31.9145  1024.2439    24.1304    12.3387    101.349    97.6119     2.9885      8.250     6.2088     8.8730    270.753    277.286      43072          8  0.000e+00
