EcoFOCI/data/1_SampleCollection/2022_GOA-OA_CruiseData/CTD_raw_BottleFile_RC0083/RC0083_042.cnv
* Sea-Bird SBE 9 Data File:
* FileName = C:\Data\RC0083ctd\RC0083_042.hex
* Software Version Seasave V 7.26.7.107
* Temperature SN = 2060
* Conductivity SN = 1084
* Number of Bytes Per Scan = 31
* Number of Voltage Words = 4
* Number of Scans Averaged by the Deck Unit = 1
* NMEA Latitude = 58 06.53 N
* NMEA Longitude = 136 31.59 W
* NMEA UTC (Time) = Aug 18 2022  21:43:42
* NMEA baud rate = 4800
** Ship: R/V Rachel Carson
** Cruise ID: RC0083
** Tech: McHugh/Nomura
** Chief Scientist: Cross
** Station: XS1
** Cast:  CTD042
# nquan = 19
# nvalues = 10395                                 
# units = specified
# name 0 = latitude: Latitude [deg]
# name 1 = longitude: Longitude [deg]
# name 2 = sfdSM: Seafloor depth [salt water, m]
# name 3 = prDM: Pressure, Digiquartz [db]
# name 4 = depSM: Depth [salt water, m]
# name 5 = t090C: Temperature [ITS-90, deg C]
# name 6 = sal00: Salinity, Practical [PSU]
# name 7 = density00: Density [density, kg/m^3]
# name 8 = sigma-é00: Density [sigma-theta, kg/m^3]
# name 9 = potemp090C: Potential Temperature [ITS-90, deg C]
# name 10 = sbeox0PS: Oxygen, SBE 43 [% saturation]
# name 11 = CStarTr0: Beam Transmission, WET Labs C-Star [%]
# name 12 = flECO-AFL: Fluorescence, WET Labs ECO-AFL/FL [mg/m^3]
# name 13 = ph: pH
# name 14 = sbeox0ML/L: Oxygen, SBE 43 [ml/l]
# name 15 = sbeox0Mg/L: Oxygen, SBE 43 [mg/l]
# name 16 = sbox0Mm/Kg: Oxygen, SBE 43 [umol/kg]
# name 17 = sbeox0Mm/L: Oxygen, SBE 43 [umol/l]
# name 18 = flag:  0.000e+00
# span 0 =   58.10838,   58.10880                 
# span 1 = -136.52654, -136.52406                 
# span 2 =      2.832,     82.743                 
# span 3 =      2.502,     72.298                 
# span 4 =      2.478,     71.615                 
# span 5 =     7.9678,    14.1456                 
# span 6 =    31.0683,    32.1323                 
# span 7 =  1023.1708,  1025.3552                 
# span 8 =    23.1577,    25.0279                 
# span 9 =     7.9610,    14.1451                 
# span 10 =     58.597,    102.143                
# span 11 =    86.5921,    96.7728                
# span 12 =     0.2046,     2.0508                
# span 13 =      7.943,      8.314                
# span 14 =     3.9213,     6.0625                
# span 15 =     5.6040,     8.6640                
# span 16 =    170.873,    264.602                
# span 17 =    175.127,    270.753                
# span 18 = 0.0000e+00, 0.0000e+00                
# interval = seconds: 0.0416667
# start_time = Aug 18 2022 21:43:42 [NMEA time, header]
# bad_flag = -9.990e-29
*END*
[from data line 1829]
   58.10870 -136.52600     72.825     17.160     17.001    13.4741    31.2238  1023.4533    23.3768    13.4718     98.791    94.2836     1.6991      8.287     5.9370     8.4846    259.091    265.148  0.000e+00
   58.10870 -136.52600     72.881     17.217     17.057    13.4731    31.2242  1023.4541    23.3774    13.4708     98.786    94.3116     1.6991      8.287     5.9368     8.4843    259.082    265.139  0.000e+00
   58.10870 -136.52600     72.937     17.274     17.113    13.4721    31.2246  1023.4548    23.3778    13.4698     98.731    94.2836     1.6991      8.287     5.9336     8.4797    258.942    264.996  0.000e+00
   58.10870 -136.52600     73.286     17.306     17.145    13.4706    31.2248  1023.4555    23.3783    13.4683     98.726    94.2836     1.6991      8.287     5.9335     8.4796    258.937    264.990  0.000e+00
   58.10870 -136.52600     77.868     17.395     17.233    13.4695    31.2253  1023.4565    23.3789    13.4671     98.724    94.3116     1.6991      8.287     5.9335     8.4796    258.938    264.992  0.000e+00
   58.10870 -136.52600     80.414     17.451     17.289    13.4691    31.2253  1023.4568    23.3790    13.4667     98.672    94.5633     1.6991      8.283     5.9305     8.4752    258.804    264.854  0.000e+00
   58.10870 -136.52600     80.771     17.516     17.353    13.4686    31.2252  1023.4571    23.3790    13.4663     98.666    94.8709     1.6991      8.287     5.9301     8.4747    258.789    264.839  0.000e+00
   58.10870 -136.52600     80.632     17.572     17.409    13.4656    31.2259  1023.4585    23.3801    13.4632     98.662    94.9269     1.6991      8.287     5.9302     8.4749    258.794    264.845  0.000e+00
   58.10870 -136.52600     80.534     17.572     17.409    13.4615    31.2271  1023.4602    23.3818    13.4592     98.607    94.8989     1.6698      8.288     5.9274     8.4709    258.670    264.718  0.000e+00
   58.10870 -136.52600     80.710     17.750     17.585    13.4586    31.2281  1023.4624    23.3832    13.4562     98.553    94.8989     1.6991      8.288     5.9244     8.4666    258.540    264.586  0.000e+00
   58.10870 -136.52600     80.686     17.726     17.561    13.4570    31.2285  1023.4629    23.3839    13.4546     98.541    94.8989     1.6991      8.283     5.9239     8.4659    258.517    264.562  0.000e+00
   58.10870 -136.52600     80.774     17.815     17.649    13.4540    31.2299  1023.4650    23.3855    13.4516     98.534    94.8989     1.6991      8.288     5.9238     8.4657    258.511    264.557  0.000e+00
   58.10870 -136.52600     80.774     17.815     17.649    13.4502    31.2312  1023.4667    23.3873    13.4478     98.475    94.8989     1.6991      8.283     5.9207     8.4613    258.377    264.419  0.000e+00
   58.10870 -136.52600     80.902     17.992     17.825    13.4491    31.2312  1023.4678    23.3875    13.4467     98.417    94.8989     1.6991      8.283     5.9173     8.4565    258.229    264.269  0.000e+00
   58.10870 -136.52600     80.772     17.936     17.769    13.4508    31.2312  1023.4672    23.3872    13.4484     98.408    94.8989     1.6991      8.283     5.9166     8.4554    258.195    264.233  0.000e+00
   58.10870 -136.52600     80.924     18.114     17.945    13.4517    31.2311  1023.4678    23.3870    13.4492     98.346    94.8989     1.6991      8.283     5.9127     8.4499    258.028    264.062  0.000e+00
   58.10870 -136.52600     80.924     18.114     17.945    13.4463    31.2309  1023.4686    23.3879    13.4439     98.333    94.8989     1.6991      8.283     5.9126     8.4497    258.023    264.058  0.000e+00
   58.10870 -136.52600     80.924     18.114     17.945    13.4317    31.2315  1023.4719    23.3912    13.4293     98.271    94.8989     1.6991      8.283     5.9106     8.4469    257.936    263.970  0.000e+00
   58.10870 -136.52600     81.027     18.267     18.097    13.4084    31.2323  1023.4779    23.3964    13.4060     98.209    94.8989     1.6991      8.283     5.9097     8.4456    257.895    263.929  0.000e+00
   58.10870 -136.52600     80.953     18.291     18.121    13.3894    31.2321  1023.4816    23.4000    13.3869     98.192    94.8989     1.6991      8.283     5.9110     8.4475    257.951    263.987  0.000e+00
   58.10870 -136.52600     80.985     18.348     18.177    13.3778    31.2327  1023.4846    23.4028    13.3754     98.126    94.8989     1.6991      8.283     5.9084     8.4438    257.837    263.871  0.000e+00
   58.10870 -136.52600     81.105     18.469     18.297    13.3752    31.2320  1023.4852    23.4028    13.3727     98.112    94.8989     1.6991      8.283     5.9080     8.4431    257.816    263.850  0.000e+00
   58.10870 -136.52600     81.049     18.412     18.241    13.3675    31.2326  1023.4869    23.4048    13.3650     98.100    94.8989     1.6991      8.283     5.9082     8.4434    257.824    263.859  0.000e+00
   58.10870 -136.52600     81.103     18.590     18.417    13.3548    31.2310  1023.4890    23.4060    13.3523     98.037    94.8989     1.6991      8.283     5.9059     8.4402    257.727    263.759  0.000e+00
   58.10870 -136.52600     81.086     18.647     18.473    13.3288    31.2309  1023.4942    23.4110    13.3264     97.970    94.8989     1.6991      8.283     5.9051     8.4390    257.689    263.722  0.000e+00
   58.10870 -136.52600     81.061     18.647     18.473    13.3034    31.2307  1023.4991    23.4159    13.3009     97.955    94.9549     1.6991      8.279     5.9073     8.4421    257.784    263.821  0.000e+00
   58.10870 -136.52600     81.182     18.744     18.569    13.2779    31.2350  1023.5078    23.4242    13.2754     97.887    95.0947     1.6991      8.279     5.9061     8.4405    257.731    263.768  0.000e+00
   58.10870 -136.52600     81.301     18.889     18.713    13.2639    31.2362  1023.5122    23.4279    13.2614     97.871    95.1506     1.6405      8.279     5.9068     8.4415    257.761    263.800  0.000e+00
   58.10870 -136.52600     81.211     18.945     18.769    13.2644    31.2347  1023.5112    23.4266    13.2619     97.805    95.1506     1.5819      8.279     5.9028     8.4358    257.587    263.621  0.000e+00
   58.10870 -136.52600     81.194     19.002     18.825    13.2673    31.2329  1023.5095    23.4247    13.2648     97.738    95.1227     1.5233      8.279     5.8985     8.4296    257.398    263.428  0.000e+00
   58.10870 -136.52600     81.314     19.123     18.945    13.2599    31.2333  1023.5118    23.4265    13.2574     97.671    95.1227     1.5233      8.279     5.8954     8.4251    257.260    263.287  0.000e+00
   58.10870 -136.52600     81.370     19.180     19.001    13.2498    31.2318  1023.5129    23.4273    13.2473     97.650    95.1227     1.5233      8.274     5.8954     8.4251    257.262    263.289  0.000e+00
   58.10870 -136.52600     81.314     19.123     18.945    13.2399    31.2324  1023.5151    23.4297    13.2374     97.633    95.1227     1.5526      8.274     5.8956     8.4253    257.268    263.296  0.000e+00
   58.10870 -136.52600     81.258     19.067     18.889    13.2377    31.2321  1023.5150    23.4299    13.2352     97.568    95.1227     1.5526      8.274     5.8919     8.4201    257.107    263.131  0.000e+00
   58.10870 -136.52600     81.314     19.123     18.945    13.2386    31.2313  1023.5144    23.4291    13.2360     97.556    95.1227     1.5233      8.274     5.8911     8.4190    257.074    263.097  0.000e+00
   58.10870 -136.52600     81.346     19.155     18.977    13.2404    31.2305  1023.5137    23.4282    13.2378     97.490    95.1227     1.5526      8.274     5.8869     8.4130    256.892    262.910  0.000e+00
   58.10870 -136.52600     81.314     19.123     18.945    13.2415    31.2307  1023.5134    23.4280    13.2390     97.476    95.1506     1.5526      8.274     5.8860     8.4116    256.849    262.867  0.000e+00
   58.10870 -136.52600     81.289     19.123     18.945    13.2449    31.2320  1023.5138    23.4284    13.2424     97.415    95.1227     1.5526      8.274     5.8818     8.4056    256.667    262.680  0.000e+00
   58.10870 -136.52600     81.135     19.067     18.889    13.2515    31.2297  1023.5104    23.4253    13.2490     97.400    95.1227     1.5526      8.270     5.8801     8.4033    256.596    262.607  0.000e+00
   58.10870 -136.52600     81.167     19.123     18.945    13.2471    31.2286  1023.5107    23.4254    13.2446     97.338    95.1506     1.5526      8.270     5.8770     8.3988    256.459    262.466  0.000e+00
   58.10870 -136.52600     81.223     19.180     19.001    13.2419    31.2265  1023.5104    23.4247    13.2394     97.329    95.1227     1.5526      8.270     5.8772     8.3990    256.466    262.474  0.000e+00
   58.10870 -136.52600     81.311     19.244     19.065    13.2325    31.2257  1023.5118    23.4259    13.2299     97.267    95.1506     1.5526      8.270     5.8746     8.3953    256.353    262.358  0.000e+00
   58.10870 -136.52600     81.309     19.365     19.185    13.2211    31.2262  1023.5150    23.4286    13.2185     97.205    95.1227     1.5233      8.270     5.8722     8.3919    256.249    262.252  0.000e+00
   58.10870 -136.52600     81.187     19.365     19.185    13.2128    31.2272  1023.5175    23.4310    13.2102     97.195    95.1227     1.5526      8.270     5.8725     8.3925    256.263    262.268  0.000e+00
   58.10870 -136.52600     81.219     19.422     19.241    13.2076    31.2283  1023.5195    23.4328    13.2050     97.137    95.1227     1.5526      8.270     5.8697     8.3883    256.137    262.140  0.000e+00
   58.10870 -136.52600     81.195     19.398     19.217    13.2048    31.2285  1023.5202    23.4336    13.2022     97.073    95.1786     1.5526      8.270     5.8662     8.3833    255.984    261.982  0.000e+00
   58.10870 -136.52600     81.163     19.365     19.185    13.2017    31.2286  1023.5207    23.4342    13.1992     97.010    95.4024     1.5526      8.270     5.8627     8.3783    255.832    261.827  0.000e+00
   58.10870 -136.52600     81.187     19.365     19.185    13.1998    31.2287  1023.5211    23.4347    13.1972     97.000    95.4863     1.5233      8.270     5.8623     8.3779    255.817    261.812  0.000e+00
   58.10870 -136.52600     81.187     19.365     19.185    13.1993    31.2294  1023.5218    23.4353    13.1967     96.938    95.4583     1.4940      8.270     5.8586     8.3725    255.653    261.644  0.000e+00
   58.10870 -136.52600     81.187     19.365     19.185    13.2026    31.2312  1023.5225    23.4360    13.2000     96.929    95.4583     1.4647      8.270     5.8576     8.3711    255.609    261.600  0.000e+00
   58.10870 -136.52600     81.187     19.365     19.185    13.2093    31.2333  1023.5228    23.4364    13.2067     96.873    95.4583     1.4647      8.270     5.8533     8.3649    255.422    261.408  0.000e+00
   58.10870 -136.52600     81.163     19.365     19.185    13.2186    31.2323  1023.5202    23.4338    13.2161     96.811    95.4583     1.4647      8.270     5.8485     8.3581    255.213    261.194  0.000e+00
   58.10870 -136.52600     80.992     19.365     19.185    13.2226    31.2314  1023.5188    23.4323    13.2200     96.804    95.4583     1.4647      8.270     5.8476     8.3568    255.175    261.155  0.000e+00
   58.10870 -136.52600     80.975     19.422     19.241    13.2212    31.2311  1023.5191    23.4324    13.2186     96.750    95.4583     1.4647      8.270     5.8445     8.3524    255.041    261.017  0.000e+00
   58.10870 -136.52600     80.862     19.333     19.153    13.2159    31.2318  1023.5202    23.4339    13.2133     96.690    95.4583     1.4647      8.270     5.8415     8.3481    254.909    260.882  0.000e+00
   58.10870 -136.52600     81.031     19.478     19.297    13.2140    31.2304  1023.5202    23.4332    13.2114     96.687    95.4583     1.4647      8.270     5.8416     8.3482    254.913    260.886  0.000e+00
   58.10870 -136.52600     80.982     19.478     19.297    13.2125    31.2299  1023.5201    23.4331    13.2099     96.688    95.4583     1.4647      8.270     5.8419     8.3486    254.925    260.899  0.000e+00
   58.10870 -136.52600     80.804     19.422     19.241    13.2140    31.2307  1023.5201    23.4334    13.2114     96.636    95.4583     1.4647      8.270     5.8385     8.3439    254.779    260.750  0.000e+00
   58.10870 -136.52600     80.811     19.478     19.297    13.2166    31.2324  1023.5212    23.4342    13.2140     96.581    95.4583     1.4647      8.270     5.8348     8.3386    254.617    260.584  0.000e+00
   58.10870 -136.52600     80.755     19.422     19.241    13.2237    31.2319  1023.5192    23.4325    13.2212     96.579    95.4583     1.4647      8.270     5.8338     8.3371    254.574    260.539  0.000e+00
   58.10870 -136.52600     80.811     19.478     19.297    13.2313    31.2318  1023.5178    23.4309    13.2287     96.530    95.4583     1.4647      8.274     5.8300     8.3317    254.408    260.369  0.000e+00
   58.10870 -136.52600     80.811     19.478     19.297    13.2381    31.2305  1023.5156    23.4286    13.2355     96.531    95.4583     1.4647      8.274     5.8292     8.3306    254.375    260.334  0.000e+00
   58.10870 -136.52600     80.755     19.422     19.241    13.2446    31.2290  1023.5128    23.4262    13.2420     96.477    95.4583     1.4647      8.274     5.8253     8.3250    254.203    260.158  0.000e+00
   58.10870 -136.52600     80.811     19.478     19.297    13.2507    31.2285  1023.5115    23.4246    13.2481     96.480    95.4583     1.4647      8.274     5.8247     8.3241    254.178    260.132  0.000e+00
   58.10870 -136.52600     80.787     19.454     19.273    13.2538    31.2302  1023.5121    23.4253    13.2512     96.428    95.4583     1.4647      8.274     5.8212     8.3191    254.024    259.975  0.000e+00
   58.10870 -136.52600     80.811     19.478     19.297    13.2558    31.2304  1023.5119    23.4250    13.2532     96.432    95.4583     1.4647      8.274     5.8212     8.3190    254.022    259.973  0.000e+00
   58.10870 -136.52600     80.811     19.478     19.297    13.2589    31.2289  1023.5102    23.4232    13.2563     96.382    95.5981     1.4647      8.274     5.8179     8.3143    253.879    259.826  0.000e+00
   58.10870 -136.52600     80.875     19.543     19.361    13.2602    31.2281  1023.5096    23.4223    13.2576     96.329    95.6541     1.4647      8.274     5.8145     8.3095    253.733    259.676  0.000e+00
   58.10870 -136.52600     80.811     19.478     19.297    13.2601    31.2278  1023.5091    23.4222    13.2575     96.328    95.6541     1.4940      8.274     5.8145     8.3095    253.732    259.675  0.000e+00
   58.10870 -136.52600     80.875     19.543     19.361    13.2594    31.2260  1023.5081    23.4209    13.2568     96.276    95.6541     1.5233      8.279     5.8115     8.3052    253.602    259.542  0.000e+00
   58.10870 -136.52600     80.875     19.543     19.361    13.2501    31.2274  1023.5111    23.4238    13.2475     96.278    95.6541     1.5233      8.279     5.8127     8.3069    253.652    259.594  0.000e+00
   58.10870 -136.52600     80.777     19.543     19.361    13.2409    31.2261  1023.5118    23.4246    13.2383     96.286    95.6541     1.5233      8.279     5.8143     8.3092    253.723    259.667  0.000e+00
   58.10870 -136.52600     80.704     19.543     19.361    13.2324    31.2251  1023.5128    23.4256    13.2297     96.241    95.6541     1.5233      8.274     5.8127     8.3069    253.652    259.594  0.000e+00
   58.10870 -136.52600     80.760     19.600     19.417    13.2261    31.2252  1023.5143    23.4268    13.2235     96.192    95.6541     1.5233      8.279     5.8105     8.3037    253.555    259.495  0.000e+00
   58.10870 -136.52600     80.704     19.543     19.361    13.2210    31.2244  1023.5144    23.4272    13.2184     96.197    95.6541     1.5233      8.279     5.8114     8.3050    253.595    259.536  0.000e+00
