EcoFOCI/data/1_SampleCollection/2022_GOA-OA_CruiseData/CTD_raw_BottleFile_RC0083/RC0083_122.cnv
* Sea-Bird SBE 9 Data File:
* FileName = C:\Data\RC0083ctd\RC0083_122.hex
* Software Version Seasave V 7.26.7.107
* Temperature SN = 2060
* Conductivity SN = 2881
* Number of Bytes Per Scan = 31
* Number of Voltage Words = 4
* Number of Scans Averaged by the Deck Unit = 1
* NMEA Latitude = 56 51.28 N
* NMEA Longitude = 134 26.13 W
* NMEA UTC (Time) = Aug 24 2022  01:21:28
* NMEA baud rate = 4800
** Ship: R/V Rachel Carson
** Cruise ID: RC0083
** Tech: McHugh/Nomura
** Chief Scientist: Cross
** Station: FSW1
** Cast:  CTD122
# nquan = 19
# nvalues = 8951                                  
# units = specified
# name 0 = latitude: Latitude [deg]
# name 1 = longitude: Longitude [deg]
# name 2 = sfdSM: Seafloor depth [salt water, m]
# name 3 = prDM: Pressure, Digiquartz [db]
# name 4 = depSM: Depth [salt water, m]
# name 5 = t090C: Temperature [ITS-90, deg C]
# name 6 = sal00: Salinity, Practical [PSU]
# name 7 = density00: Density [density, kg/m^3]
# name 8 = sigma-é00: Density [sigma-theta, kg/m^3]
# name 9 = potemp090C: Potential Temperature [ITS-90, deg C]
# name 10 = sbeox0PS: Oxygen, SBE 43 [% saturation]
# name 11 = CStarTr0: Beam Transmission, WET Labs C-Star [%]
# name 12 = flECO-AFL: Fluorescence, WET Labs ECO-AFL/FL [mg/m^3]
# name 13 = ph: pH
# name 14 = sbeox0ML/L: Oxygen, SBE 43 [ml/l]
# name 15 = sbeox0Mg/L: Oxygen, SBE 43 [mg/l]
# name 16 = sbox0Mm/Kg: Oxygen, SBE 43 [umol/kg]
# name 17 = sbeox0Mm/L: Oxygen, SBE 43 [umol/l]
# name 18 = flag:  0.000e+00
# span 0 =   56.85444,   56.85466                 
# span 1 = -134.43544, -134.43440                 
# span 2 =      6.176,    152.743                 
# span 3 =      1.701,    120.946                 
# span 4 =      1.685,    119.802                 
# span 5 =     6.2613,    11.5573                 
# span 6 =    28.6311,    32.7433                 
# span 7 =  1021.7368,  1026.2939                 
# span 8 =    21.7276,    25.7385                 
# span 9 =     6.2512,    11.5571                 
# span 10 =     37.207,     91.732                
# span 11 =    88.7457,   104.8559                
# span 12 =    -0.0591,     3.3694                
# span 13 =      7.772,      8.202                
# span 14 =     2.5929,     5.8347                
# span 15 =     3.7056,     8.3383                
# span 16 =    112.896,    255.031                
# span 17 =    115.800,    260.576                
# span 18 = 0.0000e+00, 0.0000e+00                
# interval = seconds: 0.0416667
# start_time = Aug 24 2022 01:21:28 [NMEA time, header]
# bad_flag = -9.990e-29
*END*
[from data line 6629]
   56.85444 -134.43442    127.153     69.438     68.789     6.9914    31.9441  1025.3333    25.0143     6.9853     47.566   103.8770     0.0874      7.852     3.2770     4.6832    142.781    146.353  0.000e+00
   56.85444 -134.43442    127.217     69.502     68.853     6.9909    31.9416  1025.3316    25.0123     6.9848     47.559   103.8490     0.0874      7.852     3.2767     4.6827    142.766    146.336  0.000e+00
   56.85444 -134.43442    127.121     69.381     68.733     6.9897    31.9369  1025.3275    25.0088     6.9836     47.549   103.8490     0.0874      7.852     3.2762     4.6820    142.745    146.315  0.000e+00
   56.85444 -134.43442    127.129     69.389     68.741     6.9887    31.9307  1025.3228    25.0040     6.9827     47.545   103.8490     0.0874      7.852     3.2761     4.6819    142.743    146.312  0.000e+00
   56.85444 -134.43442    127.121     69.381     68.733     6.9878    31.9260  1025.3192    25.0004     6.9817     47.540   103.8770     0.0874      7.852     3.2759     4.6816    142.733    146.302  0.000e+00
   56.85444 -134.43442    127.057     69.316     68.669     6.9873    31.9228  1025.3164    24.9980     6.9812     47.538   103.8770     0.0874      7.852     3.2759     4.6816    142.735    146.303  0.000e+00
   56.85444 -134.43442    127.057     69.316     68.669     6.9867    31.9186  1025.3133    24.9948     6.9806     47.536   103.8770     0.0874      7.852     3.2759     4.6816    142.735    146.303  0.000e+00
   56.85444 -134.43442    126.945     69.203     68.557     6.9863    31.9171  1025.3116    24.9936     6.9802     47.475   103.8770     0.0874      7.852     3.2718     4.6757    142.555    146.118  0.000e+00
   56.85444 -134.43442    127.148     69.260     68.613     6.9865    31.9166  1025.3115    24.9933     6.9804     47.465   103.8770     0.0874      7.852     3.2711     4.6747    142.523    146.085  0.000e+00
   56.85444 -134.43442    127.189     69.203     68.557     6.9865    31.9181  1025.3124    24.9944     6.9804     47.452   103.8770     0.0874      7.852     3.2702     4.6734    142.484    146.046  0.000e+00
   56.85444 -134.43442    127.150     69.138     68.493     6.9863    31.9208  1025.3142    24.9965     6.9802     47.496   103.8770     0.0874      7.852     3.2731     4.6776    142.613    146.178  0.000e+00
   56.85444 -134.43442    127.158     69.147     68.501     6.9860    31.9229  1025.3159    24.9982     6.9799     47.495   103.8770     0.0874      7.852     3.2730     4.6775    142.608    146.173  0.000e+00
   56.85444 -134.43442    127.118     69.082     68.437     6.9855    31.9214  1025.3146    24.9972     6.9795     47.492   103.8770     0.0874      7.852     3.2729     4.6773    142.603    146.167  0.000e+00
   56.85444 -134.43442    127.265     69.082     68.437     6.9853    31.9176  1025.3116    24.9942     6.9792     47.488   103.8770     0.0874      7.852     3.2728     4.6771    142.597    146.161  0.000e+00
   56.85444 -134.43442    127.274     69.017     68.373     6.9852    31.9142  1025.3086    24.9915     6.9791     47.484   103.8770     0.0874      7.852     3.2725     4.6767    142.586    146.150  0.000e+00
   56.85444 -134.43442    127.274     69.017     68.373     6.9852    31.9141  1025.3085    24.9914     6.9791     47.471   103.8770     0.0874      7.852     3.2717     4.6755    142.550    146.112  0.000e+00
   56.85444 -134.43442    127.218     68.961     68.317     6.9851    31.9142  1025.3084    24.9915     6.9791     47.457   103.8770     0.0874      7.852     3.2707     4.6742    142.508    146.069  0.000e+00
   56.85444 -134.43442    127.186     68.904     68.261     6.9852    31.9134  1025.3074    24.9909     6.9791     47.449   103.8770     0.0874      7.852     3.2701     4.6733    142.483    146.043  0.000e+00
   56.85444 -134.43442    127.357     68.904     68.261     6.9847    31.9116  1025.3061    24.9895     6.9786     47.440   103.8770     0.0874      7.852     3.2696     4.6725    142.458    146.018  0.000e+00
   56.85444 -134.43442    127.389     68.912     68.269     6.9848    31.9090  1025.3041    24.9875     6.9787     47.486   103.8770     0.0874      7.852     3.2728     4.6772    142.601    146.164  0.000e+00
   56.85444 -134.43442    127.342     68.839     68.196     6.9851    31.9074  1025.3024    24.9862     6.9790     47.480   103.8770     0.0874      7.852     3.2724     4.6766    142.584    146.147  0.000e+00
   56.85444 -134.43442    127.261     68.783     68.140     6.9851    31.9067  1025.3016    24.9856     6.9790     47.416   103.8770     0.0874      7.852     3.2680     4.6704    142.393    145.951  0.000e+00
   56.85444 -134.43442    127.261     68.783     68.140     6.9859    31.9060  1025.3009    24.9849     6.9799     47.409   103.8770     0.0874      7.852     3.2675     4.6695    142.368    145.925  0.000e+00
   56.85444 -134.43442    127.205     68.726     68.084     6.9867    31.9058  1025.3005    24.9847     6.9807     47.400   103.8770     0.0874      7.852     3.2668     4.6686    142.340    145.896  0.000e+00
   56.85444 -134.43442    127.205     68.726     68.084     6.9867    31.9062  1025.3008    24.9850     6.9807     47.448   103.8770     0.0874      7.852     3.2701     4.6733    142.483    146.043  0.000e+00
   56.85444 -134.43442    127.141     68.661     68.020     6.9869    31.9067  1025.3008    24.9853     6.9809     47.444   103.8770     0.0874      7.852     3.2698     4.6729    142.469    146.029  0.000e+00
   56.85444 -134.43442    127.029     68.548     67.908     6.9870    31.9076  1025.3010    24.9860     6.9810     47.438   103.8770     0.0874      7.852     3.2694     4.6723    142.452    146.011  0.000e+00
   56.85444 -134.43442    127.327     68.726     68.084     6.9868    31.9085  1025.3026    24.9868     6.9808     47.434   103.8490     0.0874      7.852     3.2691     4.6718    142.437    145.996  0.000e+00
   56.85444 -134.43442    127.305     68.605     67.964     6.9867    31.9092  1025.3026    24.9874     6.9807     47.433   103.8210     0.0874      7.852     3.2690     4.6717    142.434    145.993  0.000e+00
   56.85444 -134.43442    127.265     68.540     67.900     6.9865    31.9095  1025.3026    24.9877     6.9805     47.425   103.7931     0.0874      7.852     3.2684     4.6709    142.410    145.968  0.000e+00
   56.85444 -134.43442    127.265     68.540     67.900     6.9860    31.9102  1025.3032    24.9883     6.9800     47.416   103.8210     0.0874      7.852     3.2679     4.6701    142.384    145.942  0.000e+00
   56.85444 -134.43442    127.265     68.540     67.900     6.9860    31.9110  1025.3038    24.9889     6.9800     47.406   103.8210     0.0874      7.852     3.2672     4.6691    142.354    145.911  0.000e+00
   56.85444 -134.43442    127.209     68.483     67.844     6.9867    31.9117  1025.3040    24.9893     6.9807     47.458   103.8210     0.0874      7.852     3.2707     4.6741    142.508    146.069  0.000e+00
   56.85444 -134.43442    127.153     68.427     67.788     6.9876    31.9112  1025.3032    24.9888     6.9816     47.409   103.8210     0.0874      7.852     3.2672     4.6692    142.356    145.913  0.000e+00
   56.85444 -134.43442    127.097     68.370     67.732     6.9891    31.9102  1025.3020    24.9878     6.9831     47.466   103.7931     0.0874      7.852     3.2711     4.6747    142.524    146.085  0.000e+00
   56.85444 -134.43442    127.153     68.427     67.788     6.9892    31.9093  1025.3015    24.9871     6.9832     47.472   103.8210     0.0874      7.852     3.2715     4.6753    142.545    146.106  0.000e+00
   56.85444 -134.43442    127.057     68.305     67.668     6.9907    31.9043  1025.2968    24.9829     6.9847     47.477   103.7931     0.0874      7.852     3.2718     4.6758    142.559    146.121  0.000e+00
   56.85444 -134.43442    127.204     68.305     67.668     6.9927    31.8994  1025.2927    24.9789     6.9867     47.482   103.8210     0.0874      7.852     3.2721     4.6762    142.572    146.133  0.000e+00
   56.85444 -134.43442    127.277     68.305     67.668     6.9928    31.9008  1025.2938    24.9800     6.9868     47.422   103.8210     0.0874      7.852     3.2680     4.6703    142.391    145.948  0.000e+00
   56.85444 -134.43442    127.213     68.241     67.604     6.9920    31.9047  1025.2966    24.9831     6.9860     47.412   103.7931     0.0874      7.852     3.2672     4.6692    142.359    145.915  0.000e+00
   56.85444 -134.43442    127.213     68.241     67.604     6.9907    31.9080  1025.2994    24.9859     6.9847     47.408   103.8210     0.1167      7.852     3.2670     4.6689    142.348    145.905  0.000e+00
   56.85444 -134.43442    127.158     68.136     67.500     6.9900    31.9085  1025.2994    24.9864     6.9840     47.460   103.7931     0.0874      7.852     3.2706     4.6740    142.505    146.066  0.000e+00
   56.85444 -134.43442    127.352     68.184     67.548     6.9955    31.8967  1025.2897    24.9764     6.9895     47.461   103.7931     0.0874      7.852     3.2705     4.6739    142.502    146.061  0.000e+00
   56.85444 -134.43442    127.345     68.127     67.491     7.0022    31.8818  1025.2768    24.9638     6.9962     47.460   103.8210     0.0874      7.852     3.2703     4.6735    142.493    146.050  0.000e+00
   56.85444 -134.43442    127.281     68.063     67.427     7.0075    31.8716  1025.2677    24.9550     7.0015     47.458   103.8210     0.0874      7.852     3.2700     4.6731    142.481    146.037  0.000e+00
   56.85444 -134.43442    127.281     68.063     67.427     7.0102    31.8672  1025.2639    24.9512     7.0042     47.456   103.8210     0.0874      7.852     3.2698     4.6728    142.473    146.027  0.000e+00
   56.85444 -134.43442    127.225     68.006     67.371     7.0124    31.8646  1025.2613    24.9488     7.0064     47.460   103.8210     0.0874      7.852     3.2699     4.6730    142.480    146.034  0.000e+00
   56.85444 -134.43442    127.225     68.006     67.371     7.0148    31.8623  1025.2592    24.9468     7.0088     47.521   103.7931     0.0874      7.852     3.2740     4.6788    142.656    146.215  0.000e+00
   56.85444 -134.43442    127.177     67.958     67.323     7.0127    31.8671  1025.2630    24.9508     7.0067     47.530   103.8210     0.0874      7.852     3.2747     4.6798    142.686    146.247  0.000e+00
   56.85444 -134.43442    127.169     67.950     67.315     7.0098    31.8725  1025.2676    24.9555     7.0038     47.483   103.8210     0.0874      7.852     3.2715     4.6753    142.547    146.104  0.000e+00
   56.85444 -134.43442    127.105     67.885     67.251     7.0084    31.8749  1025.2694    24.9575     7.0024     47.541   103.8210     0.0874      7.852     3.2756     4.6811    142.725    146.287  0.000e+00
   56.85444 -134.43442    127.049     67.828     67.195     7.0062    31.8787  1025.2724    24.9608     7.0003     47.549   103.8210     0.0874      7.852     3.2762     4.6819    142.750    146.313  0.000e+00
   56.85444 -134.43442    127.024     67.828     67.195     7.0043    31.8825  1025.2756    24.9640     6.9984     47.612   103.8210     0.0874      7.852     3.2806     4.6883    142.943    146.512  0.000e+00
   56.85444 -134.43442    127.024     67.828     67.195     7.0028    31.8835  1025.2766    24.9650     6.9968     47.624   103.8210     0.0874      7.852     3.2815     4.6897    142.984    146.554  0.000e+00
   56.85444 -134.43442    126.848     67.650     67.019     7.0019    31.8829  1025.2754    24.9646     6.9960     47.634   103.8210     0.0874      7.852     3.2823     4.6907    143.017    146.588  0.000e+00
   56.85444 -134.43442    127.032     67.836     67.203     7.0023    31.8808  1025.2746    24.9630     6.9963     47.588   103.8210     0.0874      7.852     3.2792     4.6862    142.880    146.447  0.000e+00
   56.85444 -134.43442    127.075     67.707     67.075     7.0046    31.8780  1025.2715    24.9605     6.9987     47.583   103.8210     0.0874      7.852     3.2787     4.6856    142.860    146.426  0.000e+00
   56.85444 -134.43442    127.117     67.650     67.019     7.0075    31.8772  1025.2702    24.9594     7.0016     47.578   103.7931     0.0874      7.852     3.2781     4.6847    142.834    146.399  0.000e+00
   56.85444 -134.43442    127.141     67.650     67.019     7.0104    31.8776  1025.2701    24.9594     7.0045     47.571   103.8210     0.0874      7.852     3.2774     4.6838    142.805    146.369  0.000e+00
   56.85444 -134.43442    127.077     67.586     66.955     7.0114    31.8809  1025.2723    24.9618     7.0055     47.627   103.8210     0.0874      7.852     3.2811     4.6890    142.966    146.535  0.000e+00
   56.85444 -134.43442    127.045     67.529     66.899     7.0102    31.8871  1025.2771    24.9669     7.0042     47.632   103.8210     0.0874      7.852     3.2814     4.6894    142.977    146.547  0.000e+00
   56.85444 -134.43442    127.200     67.537     66.907     7.0084    31.8901  1025.2797    24.9694     7.0024     47.636   103.8210     0.0874      7.852     3.2817     4.6899    142.992    146.562  0.000e+00
   56.85444 -134.43442    127.289     67.529     66.899     7.0090    31.8860  1025.2764    24.9662     7.0031     47.638   103.8210     0.0874      7.852     3.2820     4.6902    143.002    146.572  0.000e+00
   56.85444 -134.43442    127.169     67.408     66.779     7.0129    31.8759  1025.2673    24.9577     7.0069     47.638   103.8210     0.0874      7.852     3.2819     4.6902    143.001    146.570  0.000e+00
   56.85444 -134.43442    127.225     67.464     66.835     7.0187    31.8654  1025.2586    24.9487     7.0127     47.582   103.8210     0.0874      7.852     3.2778     4.6843    142.823    146.386  0.000e+00
   56.85444 -134.43442    127.113     67.351     66.722     7.0260    31.8572  1025.2507    24.9413     7.0201     47.630   103.8210     0.0874      7.852     3.2808     4.6885    142.953    146.519  0.000e+00
   56.85444 -134.43442    127.169     67.408     66.779     7.0378    31.8459  1025.2405    24.9308     7.0319     47.628   103.8210     0.0874      7.852     3.2799     4.6874    142.919    146.482  0.000e+00
   56.85444 -134.43442    127.057     67.294     66.666     7.0448    31.8401  1025.2344    24.9253     7.0388     47.681   103.8210     0.0874      7.852     3.2832     4.6920    143.061    146.627  0.000e+00
   56.85444 -134.43442    127.049     67.286     66.658     7.0414    31.8454  1025.2390    24.9299     7.0355     47.691   103.7931     0.0874      7.852     3.2840     4.6931    143.095    146.663  0.000e+00
   56.85444 -134.43442    127.049     67.286     66.658     7.0427    31.8463  1025.2395    24.9304     7.0368     47.699   103.7931     0.0874      7.852     3.2844     4.6938    143.115    146.683  0.000e+00
   56.85444 -134.43442    127.066     67.230     66.602     7.0422    31.8490  1025.2415    24.9327     7.0363     47.642   103.7931     0.0874      7.852     3.2805     4.6882    142.944    146.507  0.000e+00
   56.85444 -134.43442    127.157     67.173     66.546     7.0435    31.8488  1025.2409    24.9323     7.0376     47.635   103.7931     0.0874      7.852     3.2799     4.6873    142.917    146.481  0.000e+00
   56.85444 -134.43442    127.206     67.173     66.546     7.0448    31.8483  1025.2403    24.9318     7.0388     47.626   103.7931     0.0874      7.852     3.2793     4.6864    142.889    146.452  0.000e+00
   56.85444 -134.43442    127.093     67.060     66.434     7.0490    31.8446  1025.2363    24.9283     7.0431     47.623   103.7931     0.0874      7.852     3.2788     4.6857    142.868    146.430  0.000e+00
   56.85444 -134.43442    127.141     67.108     66.482     7.0546    31.8392  1025.2316    24.9233     7.0486     47.676   103.7931     0.0874      7.851     3.2821     4.6905    143.016    146.580  0.000e+00
