EcoFOCI/data/1_SampleCollection/2022_GOA-OA_CruiseData/CTD_raw_BottleFile_RC0083/RC0083_005.ros
* Sea-Bird SBE 9 Data File:
* FileName = C:\Data\RC0083ctd\RC0083_005.hex
* Software Version Seasave V 7.26.7.107
* Temperature SN = 2060
* Conductivity SN = 1084
* Number of Bytes Per Scan = 31
* Number of Voltage Words = 4
* Number of Scans Averaged by the Deck Unit = 1
* NMEA Latitude = 54 38.64 N
* NMEA Longitude = 133 33.20 W
* NMEA UTC (Time) = Aug 12 2022  09:21:35
* NMEA baud rate = 4800
** Ship: R/V Rachel Carson
** Cruise ID: RC0083 RC0083
** Tech: McHugh/Nomura
** Chief Scientist: Cross Cross
** Station: DE5
** Cast:  005
# nquan = 21
# nvalues = 490                                   
# units = specified
# name 0 = latitude: Latitude [deg]
# name 1 = longitude: Longitude [deg]
# name 2 = sfdSM: Seafloor depth [salt water, m]
# name 3 = prDM: Pressure, Digiquartz [db]
# name 4 = depSM: Depth [salt water, m]
# name 5 = t090C: Temperature [ITS-90, deg C]
# name 6 = sal00: Salinity, Practical [PSU]
# name 7 = density00: Density [density, kg/m^3]
# name 8 = sigma-é00: Density [sigma-theta, kg/m^3]
# name 9 = potemp090C: Potential Temperature [ITS-90, deg C]
# name 10 = sbeox0PS: Oxygen, SBE 43 [% saturation]
# name 11 = CStarTr0: Beam Transmission, WET Labs C-Star [%]
# name 12 = flECO-AFL: Fluorescence, WET Labs ECO-AFL/FL [mg/m^3]
# name 13 = ph: pH
# name 14 = sbeox0ML/L: Oxygen, SBE 43 [ml/l]
# name 15 = sbeox0Mg/L: Oxygen, SBE 43 [mg/l]
# name 16 = sbox0Mm/Kg: Oxygen, SBE 43 [umol/kg]
# name 17 = sbeox0Mm/L: Oxygen, SBE 43 [umol/l]
# name 18 = scan: Scan Count
# name 19 = nbf: Bottles Fired
# name 20 = flag:  0.000e+00
# interval = seconds: 0.0416667
# start_time = Aug 12 2022 09:21:35 [NMEA time, header]
# bad_flag = -9.990e-29
*END*
   54.64176 -133.55156    326.890    316.962    313.874     5.3182    33.8640  1028.2014    26.7408     5.2929     24.228   102.8141    -0.0591      7.693     1.7138     2.4492     74.545     76.538      17284          1  0.000e+00
   54.64176 -133.55156    326.801    316.897    313.810     5.3178    33.8642  1028.2013    26.7410     5.2925     24.228   102.8141    -0.0591      7.693     1.7138     2.4492     74.545     76.538      17285          1  0.000e+00
   54.64176 -133.55156    326.922    317.019    313.930     5.3176    33.8644  1028.2020    26.7412     5.2924     24.228   102.7302    -0.0591      7.693     1.7138     2.4492     74.546     76.539      17286          1  0.000e+00
   54.64176 -133.55156    326.866    316.962    313.874     5.3176    33.8645  1028.2019    26.7413     5.2924     24.228   102.6184    -0.0591      7.693     1.7138     2.4492     74.545     76.539      17287          1  0.000e+00
   54.64176 -133.55156    326.866    316.962    313.874     5.3176    33.8641  1028.2016    26.7410     5.2924     24.228   102.6184    -0.0591      7.693     1.7138     2.4492     74.545     76.539      17288          1  0.000e+00
   54.64176 -133.55156    326.897    317.019    313.930     5.3171    33.8643  1028.2020    26.7411     5.2918     24.228   102.6184    -0.0591      7.693     1.7138     2.4493     74.547     76.540      17289          1  0.000e+00
   54.64176 -133.55156    326.825    316.970    313.882     5.3167    33.8646  1028.2021    26.7415     5.2914     24.228   102.6184    -0.0591      7.693     1.7139     2.4493     74.547     76.541      17290          1  0.000e+00
   54.64176 -133.55156    326.792    316.962    313.874     5.3167    33.8648  1028.2022    26.7416     5.2914     24.228   102.6184    -0.0591      7.693     1.7138     2.4493     74.547     76.541      17291          1  0.000e+00
   54.64176 -133.55156    326.873    317.019    313.930     5.3170    33.8644  1028.2021    26.7412     5.2917     24.228   102.6184    -0.0591      7.693     1.7139     2.4493     74.547     76.541      17292          1  0.000e+00
   54.64176 -133.55156    326.817    316.962    313.874     5.3165    33.8648  1028.2022    26.7416     5.2913     24.228   102.6184    -0.0591      7.693     1.7139     2.4493     74.547     76.541      17293          1  0.000e+00
   54.64176 -133.55156    326.792    316.962    313.874     5.3162    33.8645  1028.2020    26.7414     5.2909     24.228   102.6184    -0.0591      7.693     1.7139     2.4493     74.548     76.542      17294          1  0.000e+00
   54.64176 -133.55156    326.849    317.019    313.930     5.3149    33.8647  1028.2026    26.7418     5.2897     24.288   102.6184    -0.0591      7.693     1.7181     2.4554     74.733     76.732      17295          1  0.000e+00
   54.64176 -133.55156    326.800    316.970    313.882     5.3143    33.8646  1028.2024    26.7417     5.2890     24.237   102.6184    -0.0591      7.693     1.7146     2.4503     74.578     76.572      17296          1  0.000e+00
   54.64176 -133.55156    326.792    316.962    313.874     5.3143    33.8653  1028.2029    26.7423     5.2890     24.236   102.6184    -0.0591      7.693     1.7145     2.4502     74.576     76.571      17297          1  0.000e+00
   54.64176 -133.55156    326.792    316.962    313.874     5.3146    33.8653  1028.2028    26.7422     5.2894     24.236   102.6184    -0.0591      7.693     1.7145     2.4502     74.575     76.569      17298          1  0.000e+00
   54.64176 -133.55156    326.768    316.962    313.874     5.3146    33.8648  1028.2025    26.7418     5.2894     24.236   102.6184    -0.0591      7.693     1.7145     2.4501     74.574     76.568      17299          1  0.000e+00
   54.64176 -133.55156    326.704    316.897    313.810     5.3149    33.8645  1028.2019    26.7416     5.2897     24.235   102.6184    -0.0591      7.693     1.7144     2.4501     74.571     76.566      17300          1  0.000e+00
   54.64176 -133.55156    326.704    316.897    313.810     5.3149    33.8647  1028.2020    26.7417     5.2897     24.235   102.6184    -0.0884      7.693     1.7144     2.4500     74.570     76.564      17301          1  0.000e+00
   54.64176 -133.55156    326.704    316.897    313.810     5.3144    33.8646  1028.2020    26.7417     5.2892     24.234   102.6184    -0.0884      7.693     1.7144     2.4500     74.570     76.564      17302          1  0.000e+00
   54.64176 -133.55156    326.575    316.792    313.705     5.3135    33.8653  1028.2023    26.7424     5.2882     24.234   102.6184    -0.0884      7.693     1.7144     2.4500     74.570     76.564      17303          1  0.000e+00
   54.64176 -133.55156    326.800    317.019    313.930     5.3130    33.8652  1028.2033    26.7423     5.2877     24.234   102.6184    -0.0884      7.693     1.7144     2.4501     74.572     76.566      17304          1  0.000e+00
   54.64176 -133.55156    326.623    316.840    313.754     5.3129    33.8651  1028.2023    26.7422     5.2876     24.233   102.6184    -0.0884      7.693     1.7144     2.4500     74.569     76.563      17305          1  0.000e+00
   54.64176 -133.55156    326.623    316.840    313.754     5.3125    33.8658  1028.2030    26.7429     5.2873     24.233   102.5904    -0.0884      7.693     1.7143     2.4500     74.568     76.562      17306          1  0.000e+00
   54.64176 -133.55156    326.599    316.840    313.754     5.3127    33.8656  1028.2028    26.7427     5.2874     24.233   102.5624    -0.0884      7.693     1.7143     2.4499     74.567     76.561      17307          1  0.000e+00
   54.64176 -133.55156    326.623    316.840    313.754     5.3133    33.8657  1028.2027    26.7427     5.2881     24.291   102.5624    -0.0884      7.693     1.7184     2.4558     74.747     76.746      17308          1  0.000e+00
   54.64176 -133.55156    326.454    316.670    313.585     5.3146    33.8659  1028.2020    26.7427     5.2893     24.299   102.5624    -0.0884      7.693     1.7189     2.4565     74.767     76.767      17309          1  0.000e+00
   54.64176 -133.55156    326.679    316.897    313.810     5.3160    33.8652  1028.2023    26.7420     5.2908     24.307   102.5624    -0.0884      7.693     1.7195     2.4573     74.791     76.791      17310          1  0.000e+00
   54.64176 -133.55156    326.567    316.784    313.697     5.3164    33.8650  1028.2016    26.7418     5.2911     24.255   102.5624    -0.0884      7.693     1.7157     2.4520     74.629     76.625      17311          1  0.000e+00
   54.64176 -133.55156    326.567    316.784    313.697     5.3162    33.8644  1028.2011    26.7413     5.2909     24.253   102.5624    -0.0884      7.693     1.7157     2.4518     74.626     76.621      17312          1  0.000e+00
   54.64176 -133.55156    326.527    316.719    313.633     5.3149    33.8646  1028.2012    26.7416     5.2897     24.252   102.5624    -0.0884      7.693     1.7156     2.4518     74.623     76.618      17313          1  0.000e+00
   54.64176 -133.55156    326.527    316.719    313.633     5.3149    33.8651  1028.2016    26.7420     5.2897     24.310   102.5624    -0.0884      7.693     1.7197     2.4576     74.800     76.801      17314          1  0.000e+00
   54.64176 -133.55156    326.551    316.719    313.633     5.3152    33.8651  1028.2015    26.7420     5.2900     24.257   102.5624    -0.0884      7.693     1.7160     2.4523     74.639     76.635      17315          1  0.000e+00
   54.64176 -133.55156    326.503    316.670    313.585     5.3152    33.8653  1028.2015    26.7422     5.2900     24.255   102.5624    -0.0884      7.693     1.7158     2.4521     74.633     76.628      17316          1  0.000e+00
   54.64176 -133.55156    326.495    316.662    313.577     5.3154    33.8650  1028.2012    26.7419     5.2901     24.253   102.5624    -0.0884      7.693     1.7157     2.4519     74.627     76.622      17317          1  0.000e+00
   54.64176 -133.55156    326.455    316.597    313.513     5.3164    33.8645  1028.2003    26.7414     5.2912     24.251   102.5624    -0.0884      7.693     1.7155     2.4516     74.619     76.614      17318          1  0.000e+00
   54.64176 -133.55156    326.519    316.662    313.577     5.3171    33.8643  1028.2003    26.7411     5.2919     24.250   102.5624    -0.0884      7.693     1.7154     2.4514     74.613     76.608      17319          1  0.000e+00
   54.64176 -133.55156    326.480    316.597    313.513     5.3172    33.8650  1028.2006    26.7417     5.2920     24.307   102.5624    -0.0884      7.693     1.7194     2.4572     74.788     76.788      17320          1  0.000e+00
   54.64176 -133.55156    326.480    316.597    313.513     5.3176    33.8643  1028.2000    26.7411     5.2924     24.313   102.5624    -0.0591      7.693     1.7198     2.4578     74.808     76.808      17321          1  0.000e+00
   54.64174 -133.55156    326.431    316.548    313.464     5.3183    33.8648  1028.2001    26.7414     5.2931     24.319   102.5624    -0.0591      7.693     1.7202     2.4584     74.825     76.826      17322          1  0.000e+00
   54.64174 -133.55156    326.448    316.540    313.456     5.3194    33.8642  1028.1994    26.7408     5.2941     24.266   102.5624    -0.0591      7.693     1.7164     2.4529     74.659     76.655      17323          1  0.000e+00
   54.64174 -133.55156    326.472    316.540    313.456     5.3197    33.8639  1028.1992    26.7405     5.2944     24.263   102.5624    -0.0591      7.693     1.7162     2.4526     74.649     76.645      17324          1  0.000e+00
   54.64174 -133.55156    326.416    316.483    313.400     5.3202    33.8639  1028.1988    26.7404     5.2950     24.319   102.5624    -0.0591      7.693     1.7201     2.4583     74.821     76.822      17325          1  0.000e+00
   54.64174 -133.55156    326.416    316.483    313.400     5.3205    33.8635  1028.1985    26.7401     5.2952     24.325   102.5904    -0.0591      7.693     1.7205     2.4588     74.837     76.839      17326          1  0.000e+00
   54.64174 -133.55156    326.416    316.483    313.400     5.3207    33.8638  1028.1987    26.7403     5.2955     24.330   102.7302    -0.0591      7.693     1.7209     2.4593     74.853     76.854      17327          1  0.000e+00
   54.64174 -133.55156    326.440    316.483    313.400     5.3206    33.8637  1028.1986    26.7403     5.2954     24.334   102.7862    -0.0591      7.693     1.7212     2.4598     74.868     76.870      17328          1  0.000e+00
   54.64174 -133.55156    326.409    316.426    313.344     5.3207    33.8638  1028.1984    26.7403     5.2955     24.339   102.7862    -0.0591      7.693     1.7215     2.4602     74.880     76.883      17329          1  0.000e+00
   54.64174 -133.55156    326.401    316.418    313.336     5.3209    33.8637  1028.1983    26.7402     5.2956     24.283   102.7582    -0.0591      7.693     1.7176     2.4546     74.710     76.708      17330          1  0.000e+00
   54.64174 -133.55156    326.224    316.240    313.159     5.3206    33.8638  1028.1976    26.7403     5.2954     24.278   102.7582    -0.0591      7.693     1.7172     2.4541     74.694     76.692      17331          1  0.000e+00
   54.64174 -133.55156    326.546    316.540    313.456     5.3210    33.8635  1028.1987    26.7401     5.2957     24.333   102.7582    -0.0591      7.693     1.7211     2.4597     74.864     76.866      17332          1  0.000e+00
   54.64140 -133.55140    351.695    255.515    253.063     5.4787    33.8332  1027.8741    26.6969     5.4582     26.880   106.6179    -0.0884      7.716     1.8946     2.7075     82.411     84.611      21415          2  0.000e+00
   54.64140 -133.55140    351.663    255.482    253.031     5.4788    33.8331  1027.8739    26.6968     5.4582     26.823   106.5900    -0.0884      7.716     1.8906     2.7018     82.238     84.433      21416          2  0.000e+00
   54.64140 -133.55140    351.639    255.458    253.007     5.4789    33.8332  1027.8739    26.6969     5.4584     26.817   106.5900    -0.0884      7.716     1.8901     2.7012     82.219     84.414      21417          2  0.000e+00
   54.64140 -133.55140    351.784    255.604    253.151     5.4789    33.8335  1027.8748    26.6971     5.4584     26.803   106.5900    -0.0884      7.716     1.8891     2.6998     82.175     84.369      21418          2  0.000e+00
   54.64140 -133.55140    351.816    255.636    253.183     5.4792    33.8332  1027.8747    26.6968     5.4587     26.856   106.5900    -0.0884      7.716     1.8929     2.7051     82.337     84.535      21419          2  0.000e+00
   54.64140 -133.55140    351.583    255.401    252.950     5.4792    33.8333  1027.8736    26.6969     5.4587     26.858   106.5900    -0.0884      7.716     1.8930     2.7053     82.343     84.542      21420          2  0.000e+00
   54.64140 -133.55140    351.840    255.661    253.207     5.4792    33.8336  1027.8751    26.6971     5.4587     26.853   106.5900    -0.0884      7.716     1.8926     2.7048     82.327     84.525      21421          2  0.000e+00
   54.64140 -133.55140    351.639    255.458    253.007     5.4792    33.8329  1027.8736    26.6966     5.4587     26.855   106.5900    -0.0884      7.716     1.8928     2.7050     82.333     84.531      21422          2  0.000e+00
   54.64140 -133.55140    351.759    255.580    253.127     5.4788    33.8333  1027.8745    26.6969     5.4582     26.799   106.5900    -0.0884      7.716     1.8889     2.6994     82.163     84.357      21423          2  0.000e+00
   54.64140 -133.55140    351.840    255.661    253.207     5.4789    33.8334  1027.8749    26.6970     5.4584     26.861   106.5900    -0.0884      7.716     1.8932     2.7056     82.353     84.552      21424          2  0.000e+00
   54.64140 -133.55140    351.639    255.458    253.007     5.4788    33.8337  1027.8743    26.6973     5.4582     26.864   106.5900    -0.0884      7.716     1.8934     2.7059     82.361     84.560      21425          2  0.000e+00
   54.64140 -133.55140    351.896    255.717    253.263     5.4789    33.8331  1027.8750    26.6968     5.4584     26.809   106.5900    -0.0884      7.716     1.8896     2.7004     82.194     84.388      21426          2  0.000e+00
   54.64140 -133.55140    351.816    255.636    253.183     5.4788    33.8331  1027.8746    26.6968     5.4582     26.804   106.5900    -0.0884      7.716     1.8892     2.6999     82.178     84.372      21427          2  0.000e+00
   54.64140 -133.55140    351.759    255.580    253.127     5.4789    33.8332  1027.8744    26.6968     5.4584     26.858   106.5620    -0.0884      7.716     1.8930     2.7053     82.343     84.541      21428          2  0.000e+00
   54.64140 -133.55140    351.719    255.539    253.087     5.4786    33.8336  1027.8746    26.6972     5.4580     26.862   106.5620    -0.0884      7.716     1.8933     2.7057     82.355     84.553      21429          2  0.000e+00
   54.64140 -133.55140    351.936    255.758    253.304     5.4788    33.8336  1027.8756    26.6972     5.4582     26.866   106.5620    -0.0884      7.716     1.8936     2.7061     82.369     84.568      21430          2  0.000e+00
   54.64140 -133.55140    351.695    255.515    253.063     5.4786    33.8337  1027.8746    26.6973     5.4580     26.811   106.5900    -0.0884      7.716     1.8897     2.7006     82.199     84.393      21431          2  0.000e+00
   54.64140 -133.55140    351.960    255.782    253.328     5.4788    33.8333  1027.8754    26.6969     5.4582     26.866   106.5900    -0.0884      7.716     1.8936     2.7061     82.368     84.567      21432          2  0.000e+00
   54.64140 -133.55140    351.695    255.515    253.063     5.4788    33.8334  1027.8743    26.6970     5.4582     26.869   106.5620    -0.0884      7.716     1.8938     2.7064     82.378     84.577      21433          2  0.000e+00
