EcoFOCI/data/1_SampleCollection/2022_GOA-OA_CruiseData/CTD_raw_BottleFile_RC0083/RC0083_048.cnv
* Sea-Bird SBE 9 Data File:
* FileName = C:\Data\RC0083ctd\RC0083_048.hex
* Software Version Seasave V 7.26.7.107
* Temperature SN = 2060
* Conductivity SN = 1084
* Number of Bytes Per Scan = 31
* Number of Voltage Words = 4
* Number of Scans Averaged by the Deck Unit = 1
* NMEA Latitude = 58 10.30 N
* NMEA Longitude = 137 13.34 W
* NMEA UTC (Time) = Aug 19 2022  07:25:00
* NMEA baud rate = 4800
** Ship: R/V Rachel Carson
** Cruise ID: RC0083
** Tech: McHugh/Nomura
** Chief Scientist: Cross
** Station: SEM10
** Cast:  CTD048
# nquan = 19
# nvalues = 13290                                 
# units = specified
# name 0 = latitude: Latitude [deg]
# name 1 = longitude: Longitude [deg]
# name 2 = sfdSM: Seafloor depth [salt water, m]
# name 3 = prDM: Pressure, Digiquartz [db]
# name 4 = depSM: Depth [salt water, m]
# name 5 = t090C: Temperature [ITS-90, deg C]
# name 6 = sal00: Salinity, Practical [PSU]
# name 7 = density00: Density [density, kg/m^3]
# name 8 = sigma-é00: Density [sigma-theta, kg/m^3]
# name 9 = potemp090C: Potential Temperature [ITS-90, deg C]
# name 10 = sbeox0PS: Oxygen, SBE 43 [% saturation]
# name 11 = CStarTr0: Beam Transmission, WET Labs C-Star [%]
# name 12 = flECO-AFL: Fluorescence, WET Labs ECO-AFL/FL [mg/m^3]
# name 13 = ph: pH
# name 14 = sbeox0ML/L: Oxygen, SBE 43 [ml/l]
# name 15 = sbeox0Mg/L: Oxygen, SBE 43 [mg/l]
# name 16 = sbox0Mm/Kg: Oxygen, SBE 43 [umol/kg]
# name 17 = sbeox0Mm/L: Oxygen, SBE 43 [umol/l]
# name 18 = flag:  0.000e+00
# span 0 =   58.17160,   58.17256                 
# span 1 = -137.22380, -137.22232                 
# span 2 =      3.561,    128.979                 
# span 3 =      2.117,    115.361                 
# span 4 =      2.097,    114.258                 
# span 5 =     6.4477,    14.5465                 
# span 6 =    31.0769,    32.7787                 
# span 7 =  1023.0630,  1026.2721                 
# span 8 =    23.0527,    25.7427                 
# span 9 =     6.4379,    14.5452                 
# span 10 =     59.535,    103.109                
# span 11 =    94.9828,   106.6179                
# span 12 =    -0.1177,     2.5782                
# span 13 =      7.882,      8.302                
# span 14 =     4.1306,     6.1583                
# span 15 =     5.9030,     8.8009                
# span 16 =    179.842,    268.211                
# span 17 =    184.471,    275.031                
# span 18 = 0.0000e+00, 0.0000e+00                
# interval = seconds: 0.0416667
# start_time = Aug 19 2022 07:25:00 [NMEA time, header]
# bad_flag = -9.990e-29
*END*
[from data line 5105]
   58.17206 -137.22254    123.747    113.747    112.660     6.4561    32.7664  1026.2551    25.7320     6.4464     66.623   104.4643    -0.0884      7.892     4.6221     6.6054    201.244    206.423  0.000e+00
   58.17206 -137.22254    123.923    113.925    112.837     6.4557    32.7668  1026.2563    25.7324     6.4460     66.519   104.4643    -0.1177      7.887     4.6149     6.5952    200.932    206.102  0.000e+00
   58.17206 -137.22254    123.787    113.788    112.700     6.4551    32.7679  1026.2566    25.7333     6.4454     66.464   104.4923    -0.0884      7.892     4.6111     6.5898    200.767    205.934  0.000e+00
   58.17206 -137.22254    123.836    113.812    112.725     6.4569    32.7640  1026.2534    25.7301     6.4471     66.300   104.4643    -0.0884      7.892     4.5997     6.5734    200.268    205.421  0.000e+00
   58.17206 -137.22254    123.715    113.691    112.604     6.4590    32.7589  1026.2486    25.7257     6.4493     66.178   104.4643    -0.0884      7.892     4.5912     6.5612    199.898    205.041  0.000e+00
   58.17206 -137.22254    123.772    113.747    112.660     6.4606    32.7551  1026.2456    25.7225     6.4509     66.046   104.2126    -0.0884      7.892     4.5819     6.5480    199.497    204.629  0.000e+00
   58.17206 -137.22254    123.715    113.690    112.604     6.4622    32.7515  1026.2423    25.7195     6.4525     65.852   103.8770    -0.0884      7.892     4.5684     6.5287    198.909    204.025  0.000e+00
   58.17206 -137.22254    123.755    113.731    112.644     6.4642    32.7462  1026.2380    25.7151     6.4545     65.704   103.7931    -0.1177      7.892     4.5581     6.5140    198.461    203.564  0.000e+00
   58.17206 -137.22254    123.644    113.569    112.484     6.4669    32.7394  1026.2316    25.7094     6.4572     65.551   103.8210    -0.0884      7.892     4.5474     6.4987    197.996    203.087  0.000e+00
   58.17206 -137.22254    123.669    113.569    112.484     6.4689    32.7352  1026.2281    25.7058     6.4592     65.405   103.8210    -0.0884      7.892     4.5372     6.4841    197.552    202.630  0.000e+00
   58.17206 -137.22254    123.612    113.512    112.428     6.4691    32.7363  1026.2286    25.7066     6.4594     65.256   103.8210    -0.0884      7.892     4.5268     6.4692    197.100    202.166  0.000e+00
   58.17206 -137.22254    123.588    113.488    112.404     6.4673    32.7418  1026.2331    25.7112     6.4576     65.106   103.8490    -0.0884      7.892     4.5164     6.4544    196.646    201.702  0.000e+00
   58.17206 -137.22254    123.548    113.448    112.364     6.4660    32.7443  1026.2351    25.7134     6.4564     64.954   103.8210    -0.1177      7.892     4.5059     6.4394    196.189    201.234  0.000e+00
   58.17206 -137.22254    123.597    113.448    112.364     6.4664    32.7432  1026.2341    25.7124     6.4567     64.752   103.8210    -0.1177      7.892     4.4919     6.4194    195.579    200.608  0.000e+00
   58.17206 -137.22254    123.565    113.391    112.308     6.4665    32.7426  1026.2334    25.7120     6.4569     64.598   103.8210    -0.0591      7.892     4.4812     6.4041    195.116    200.132  0.000e+00
   58.17206 -137.22254    123.565    113.391    112.308     6.4677    32.7387  1026.2301    25.7087     6.4580     64.380   103.8210    -0.0591      7.892     4.4661     6.3825    194.458    199.457  0.000e+00
   58.17206 -137.22254    123.606    113.432    112.348     6.4690    32.7354  1026.2275    25.7059     6.4593     64.212   103.8210    -0.0591      7.892     4.4544     6.3658    193.948    198.933  0.000e+00
   58.17206 -137.22254    123.534    113.334    112.252     6.4693    32.7342  1026.2261    25.7050     6.4596     64.043   103.8210    -0.0591      7.897     4.4427     6.3490    193.438    198.410  0.000e+00
   58.17206 -137.22254    123.519    113.270    112.188     6.4699    32.7323  1026.2243    25.7034     6.4602     63.827   103.8210    -0.0591      7.897     4.4277     6.3276    192.785    197.740  0.000e+00
   58.17206 -137.22254    123.607    113.334    112.252     6.4712    32.7283  1026.2212    25.7001     6.4615     63.606   103.8210    -0.0591      7.897     4.4123     6.3057    192.117    197.055  0.000e+00
   58.17206 -137.22254    123.647    113.375    112.292     6.4725    32.7255  1026.2190    25.6977     6.4628     63.436   103.8490    -0.0591      7.897     4.4005     6.2888    191.603    196.527  0.000e+00
   58.17206 -137.22254    123.607    113.334    112.252     6.4728    32.7254  1026.2187    25.6975     6.4631     63.268   103.8210    -0.0591      7.897     4.3889     6.2721    191.096    196.007  0.000e+00
   58.17206 -137.22254    123.631    113.334    112.252     6.4727    32.7268  1026.2199    25.6987     6.4630     63.048   103.8210    -0.0591      7.897     4.3735     6.2502    190.429    195.322  0.000e+00
   58.17206 -137.22254    123.705    113.334    112.252     6.4714    32.7309  1026.2232    25.7021     6.4617     62.880   103.8210    -0.0591      7.897     4.3619     6.2336    189.922    194.804  0.000e+00
   58.17206 -137.22254    123.641    113.270    112.188     6.4693    32.7359  1026.2271    25.7063     6.4596     62.668   103.8210    -0.0591      7.897     4.3473     6.2127    189.283    194.149  0.000e+00
   58.17206 -137.22254    123.625    113.253    112.172     6.4686    32.7365  1026.2277    25.7069     6.4589     62.510   104.0727    -0.0591      7.897     4.3363     6.1971    188.807    193.661  0.000e+00
   58.17206 -137.22254    123.584    113.213    112.131     6.4688    32.7362  1026.2272    25.7066     6.4592     62.292   104.6042    -0.0591      7.897     4.3212     6.1755    188.150    192.986  0.000e+00
   58.17206 -137.22254    123.520    113.148    112.067     6.4685    32.7382  1026.2285    25.7082     6.4588     62.129   104.7720    -0.0591      7.897     4.3099     6.1593    187.656    192.480  0.000e+00
   58.17206 -137.22254    123.464    113.092    112.011     6.4668    32.7442  1026.2332    25.7132     6.4572     61.924   104.7440    -0.0591      7.897     4.2957     6.1389    187.035    191.844  0.000e+00
   58.17206 -137.22254    123.448    113.075    111.995     6.4640    32.7513  1026.2391    25.7191     6.4543     61.767   104.7440    -0.0591      7.897     4.2848     6.1235    186.563    191.361  0.000e+00
   58.17206 -137.22254    123.408    113.035    111.955     6.4624    32.7546  1026.2417    25.7219     6.4527     61.616   104.7440    -0.0591      7.897     4.2745     6.1087    186.111    190.898  0.000e+00
   58.17206 -137.22254    123.295    112.970    111.891     6.4619    32.7546  1026.2415    25.7220     6.4522     61.474   104.7160    -0.0591      7.897     4.2646     6.0946    185.682    190.458  0.000e+00
   58.17206 -137.22254    122.676    113.035    111.955     6.4620    32.7537  1026.2410    25.7213     6.4524     61.283   104.7160    -0.0591      7.897     4.2514     6.0756    185.105    189.867  0.000e+00
   58.17206 -137.22254    122.229    112.954    111.875     6.4625    32.7521  1026.2393    25.7199     6.4529     61.091   104.7160    -0.0591      7.897     4.2381     6.0567    184.528    189.274  0.000e+00
   58.17206 -137.22254    122.285    113.035    111.955     6.4633    32.7501  1026.2380    25.7182     6.4537     60.959   104.7160    -0.0591      7.897     4.2289     6.0435    184.128    188.863  0.000e+00
   58.17206 -137.22254    122.245    112.970    111.891     6.4638    32.7482  1026.2362    25.7167     6.4542     60.779   104.7160    -0.0884      7.897     4.2164     6.0256    183.583    188.304  0.000e+00
   58.17206 -137.22254    122.334    113.035    111.955     6.4646    32.7467  1026.2352    25.7154     6.4550     60.650   104.7160    -0.0884      7.897     4.2074     6.0128    183.193    187.904  0.000e+00
   58.17206 -137.22254    122.658    113.092    112.011     6.4646    32.7461  1026.2350    25.7149     6.4549     60.531   104.7440    -0.0884      7.901     4.1992     6.0011    182.835    187.537  0.000e+00
   58.17206 -137.22254    122.740    113.075    111.995     6.4654    32.7443  1026.2334    25.7134     6.4557     60.422   104.7440    -0.0884      7.897     4.1916     5.9903    182.505    187.198  0.000e+00
   58.17206 -137.22254    122.780    113.091    112.011     6.4659    32.7434  1026.2327    25.7126     6.4562     60.316   104.7160    -0.0884      7.897     4.1842     5.9797    182.184    186.868  0.000e+00
   58.17206 -137.22254    122.780    113.091    112.011     6.4664    32.7426  1026.2320    25.7119     6.4567     60.164   104.7160    -0.0884      7.897     4.1737     5.9646    181.723    186.396  0.000e+00
   58.17206 -137.22254    122.861    113.148    112.067     6.4665    32.7423  1026.2320    25.7117     6.4569     60.064   104.7440    -0.0884      7.897     4.1667     5.9547    181.422    186.087  0.000e+00
   58.17206 -137.22254    123.040    113.132    112.051     6.4665    32.7422  1026.2318    25.7116     6.4569     59.976   104.7160    -0.0884      7.897     4.1606     5.9459    181.154    185.812  0.000e+00
   58.17206 -137.22254    123.130    113.148    112.067     6.4664    32.7424  1026.2321    25.7118     6.4567     59.899   104.7160    -0.0884      7.897     4.1553     5.9383    180.922    185.574  0.000e+00
   58.17206 -137.22254    123.194    113.213    112.131     6.4664    32.7423  1026.2323    25.7117     6.4567     59.826   104.7440    -0.0884      7.901     4.1502     5.9311    180.702    185.348  0.000e+00
   58.17206 -137.22254    123.169    113.213    112.131     6.4672    32.7412  1026.2314    25.7108     6.4575     59.757   104.7440    -0.0884      7.901     4.1454     5.9241    180.491    185.132  0.000e+00
   58.17206 -137.22254    123.282    113.253    112.171     6.4675    32.7401  1026.2306    25.7099     6.4579     59.700   104.8279    -0.0884      7.897     4.1414     5.9185    180.319    184.955  0.000e+00
   58.17206 -137.22254    123.396    113.269    112.187     6.4678    32.7384  1026.2293    25.7084     6.4582     59.647   104.8838    -0.1177      7.901     4.1377     5.9132    180.160    184.792  0.000e+00
   58.17206 -137.22254    123.421    113.269    112.187     6.4693    32.7353  1026.2267    25.7058     6.4596     59.654   104.8838    -0.0884      7.901     4.1382     5.9139    180.182    184.813  0.000e+00
   58.17206 -137.22254    123.485    113.334    112.251     6.4693    32.7352  1026.2269    25.7058     6.4596     59.618   104.8838    -0.0884      7.901     4.1357     5.9103    180.071    184.700  0.000e+00
   58.17206 -137.22254    123.541    113.391    112.308     6.4686    32.7362  1026.2281    25.7066     6.4589     59.585   104.8838    -0.0884      7.901     4.1334     5.9071    179.972    184.599  0.000e+00
   58.17206 -137.22254    123.574    113.375    112.291     6.4682    32.7392  1026.2304    25.7091     6.4585     59.563   104.8838    -0.0884      7.901     4.1319     5.9049    179.905    184.530  0.000e+00
   58.17206 -137.22254    123.694    113.447    112.364     6.4669    32.7413  1026.2325    25.7109     6.4572     59.595   104.8838    -0.0884      7.901     4.1342     5.9081    180.004    184.632  0.000e+00
   58.17206 -137.22254    123.759    113.512    112.428     6.4663    32.7436  1026.2348    25.7128     6.4566     59.581   104.8838    -0.0884      7.901     4.1332     5.9068    179.963    184.590  0.000e+00
   58.17206 -137.22254    123.759    113.512    112.428     6.4651    32.7459  1026.2367    25.7147     6.4554     59.628   104.8838    -0.0884      7.901     4.1365     5.9115    180.104    184.736  0.000e+00
   58.17206 -137.22254    123.799    113.553    112.468     6.4646    32.7476  1026.2383    25.7162     6.4549     59.620   104.8838    -0.0591      7.901     4.1360     5.9107    180.082    184.713  0.000e+00
   58.17206 -137.22254    123.839    113.569    112.484     6.4633    32.7514  1026.2415    25.7193     6.4536     59.673   104.8838    -0.0591      7.901     4.1396     5.9159    180.240    184.876  0.000e+00
   58.17206 -137.22254    123.919    113.625    112.540     6.4616    32.7560  1026.2457    25.7232     6.4519     59.736   104.8838    -0.0591      7.897     4.1440     5.9222    180.431    185.072  0.000e+00
   58.17206 -137.22254    123.984    113.690    112.604     6.4598    32.7595  1026.2490    25.7262     6.4501     59.752   104.8838    -0.0591      7.897     4.1452     5.9240    180.483    185.126  0.000e+00
   58.17206 -137.22254    124.040    113.747    112.660     6.4592    32.7614  1026.2507    25.7277     6.4494     59.827   104.8838    -0.0591      7.897     4.1505     5.9314    180.710    185.360  0.000e+00
   58.17206 -137.22254    124.080    113.787    112.700     6.4582    32.7628  1026.2522    25.7290     6.4484     59.912   104.8838    -0.0591      7.897     4.1564     5.9399    180.969    185.625  0.000e+00
   58.17206 -137.22254    124.079    113.811    112.724     6.4581    32.7627  1026.2523    25.7289     6.4484     60.006   104.8838    -0.0591      7.897     4.1629     5.9493    181.253    185.917  0.000e+00
   58.17206 -137.22254    124.135    113.868    112.780     6.4582    32.7621  1026.2520    25.7284     6.4484     60.101   104.8838    -0.0591      7.897     4.1696     5.9587    181.542    186.213  0.000e+00
   58.17206 -137.22254    124.191    113.925    112.836     6.4582    32.7618  1026.2520    25.7281     6.4484     60.205   104.8838    -0.0591      7.897     4.1768     5.9690    181.856    186.535  0.000e+00
   58.17206 -137.22254    124.239    113.973    112.884     6.4582    32.7615  1026.2520    25.7279     6.4484     60.309   104.8838    -0.0591      7.897     4.1840     5.9793    182.169    186.856  0.000e+00
   58.17206 -137.22254    124.255    113.989    112.900     6.4588    32.7603  1026.2511    25.7269     6.4491     60.420   104.8559    -0.0591      7.897     4.1916     5.9903    182.503    187.198  0.000e+00
   58.17206 -137.22254    124.327    114.111    113.020     6.4585    32.7613  1026.2524    25.7277     6.4488     60.538   104.7440    -0.0591      7.897     4.1999     6.0020    182.862    187.567  0.000e+00
   58.17206 -137.22254    124.302    114.111    113.020     6.4580    32.7627  1026.2536    25.7289     6.4483     60.655   104.6881    -0.0591      7.897     4.2080     6.0136    183.215    187.928  0.000e+00
   58.17206 -137.22254    124.238    114.046    112.956     6.4579    32.7635  1026.2539    25.7295     6.4481     60.769   104.6881    -0.0591      7.892     4.2159     6.0249    183.559    188.282  0.000e+00
   58.17206 -137.22254    124.398    114.208    113.116     6.4569    32.7651  1026.2561    25.7309     6.4472     60.891   104.6881    -0.0591      7.892     4.2244     6.0370    183.928    188.660  0.000e+00
   58.17206 -137.22254    124.454    114.289    113.197     6.4562    32.7666  1026.2577    25.7322     6.4465     61.017   104.6881    -0.0591      7.892     4.2331     6.0496    184.309    189.052  0.000e+00
   58.17206 -137.22254    124.317    114.224    113.132     6.4551    32.7693  1026.2597    25.7345     6.4454     61.138   104.6881    -0.0591      7.892     4.2416     6.0617    184.678    189.430  0.000e+00
   58.17206 -137.22254    124.381    114.289    113.197     6.4541    32.7710  1026.2614    25.7359     6.4444     61.265   104.6881    -0.0591      7.892     4.2505     6.0743    185.063    189.826  0.000e+00
   58.17206 -137.22254    124.501    114.410    113.317     6.4528    32.7728  1026.2637    25.7375     6.4431     61.445   104.6881    -0.0591      7.892     4.2630     6.0923    185.609    190.386  0.000e+00
   58.17206 -137.22254    124.421    114.329    113.237     6.4526    32.7734  1026.2637    25.7380     6.4428     61.577   104.6881    -0.0591      7.892     4.2722     6.1054    186.009    190.797  0.000e+00
