EcoFOCI/data/1_SampleCollection/2022_GOA-OA_CruiseData/CTD_raw_BottleFile_RC0083/RC0083_042.cnv
* Sea-Bird SBE 9 Data File:
* FileName = C:\Data\RC0083ctd\RC0083_042.hex
* Software Version Seasave V 7.26.7.107
* Temperature SN = 2060
* Conductivity SN = 1084
* Number of Bytes Per Scan = 31
* Number of Voltage Words = 4
* Number of Scans Averaged by the Deck Unit = 1
* NMEA Latitude = 58 06.53 N
* NMEA Longitude = 136 31.59 W
* NMEA UTC (Time) = Aug 18 2022  21:43:42
* NMEA baud rate = 4800
** Ship: R/V Rachel Carson
** Cruise ID: RC0083
** Tech: McHugh/Nomura
** Chief Scientist: Cross
** Station: XS1
** Cast:  CTD042
# nquan = 19
# nvalues = 10395                                 
# units = specified
# name 0 = latitude: Latitude [deg]
# name 1 = longitude: Longitude [deg]
# name 2 = sfdSM: Seafloor depth [salt water, m]
# name 3 = prDM: Pressure, Digiquartz [db]
# name 4 = depSM: Depth [salt water, m]
# name 5 = t090C: Temperature [ITS-90, deg C]
# name 6 = sal00: Salinity, Practical [PSU]
# name 7 = density00: Density [density, kg/m^3]
# name 8 = sigma-é00: Density [sigma-theta, kg/m^3]
# name 9 = potemp090C: Potential Temperature [ITS-90, deg C]
# name 10 = sbeox0PS: Oxygen, SBE 43 [% saturation]
# name 11 = CStarTr0: Beam Transmission, WET Labs C-Star [%]
# name 12 = flECO-AFL: Fluorescence, WET Labs ECO-AFL/FL [mg/m^3]
# name 13 = ph: pH
# name 14 = sbeox0ML/L: Oxygen, SBE 43 [ml/l]
# name 15 = sbeox0Mg/L: Oxygen, SBE 43 [mg/l]
# name 16 = sbox0Mm/Kg: Oxygen, SBE 43 [umol/kg]
# name 17 = sbeox0Mm/L: Oxygen, SBE 43 [umol/l]
# name 18 = flag:  0.000e+00
# span 0 =   58.10838,   58.10880                 
# span 1 = -136.52654, -136.52406                 
# span 2 =      2.832,     82.743                 
# span 3 =      2.502,     72.298                 
# span 4 =      2.478,     71.615                 
# span 5 =     7.9678,    14.1456                 
# span 6 =    31.0683,    32.1323                 
# span 7 =  1023.1708,  1025.3552                 
# span 8 =    23.1577,    25.0279                 
# span 9 =     7.9610,    14.1451                 
# span 10 =     58.597,    102.143                
# span 11 =    86.5921,    96.7728                
# span 12 =     0.2046,     2.0508                
# span 13 =      7.943,      8.314                
# span 14 =     3.9213,     6.0625                
# span 15 =     5.6040,     8.6640                
# span 16 =    170.873,    264.602                
# span 17 =    175.127,    270.753                
# span 18 = 0.0000e+00, 0.0000e+00                
# interval = seconds: 0.0416667
# start_time = Aug 18 2022 21:43:42 [NMEA time, header]
# bad_flag = -9.990e-29
*END*
[from data line 1448]
   58.10874 -136.52612     80.929      4.166      4.128    14.1179    31.1144  1023.1810    23.1624    14.1173    101.926    93.7242     0.8200      8.308     6.0493     8.6451    264.047    270.163  0.000e+00
   58.10874 -136.52612     80.904      4.191      4.152    14.1174    31.1146  1023.1813    23.1627    14.1169    101.923    93.7242     0.8200      8.308     6.0492     8.6450    264.043    270.159  0.000e+00
   58.10874 -136.52612     80.838      4.223      4.184    14.1172    31.1152  1023.1820    23.1632    14.1166    101.921    93.7242     0.7907      8.308     6.0491     8.6448    264.038    270.154  0.000e+00
   58.10874 -136.52612     80.814      4.223      4.184    14.1176    31.1148  1023.1816    23.1628    14.1170    101.918    93.7522     0.8493      8.308     6.0489     8.6445    264.029    270.145  0.000e+00
   58.10874 -136.52612     80.862      4.247      4.208    14.1174    31.1149  1023.1818    23.1629    14.1168    101.916    93.7522     0.8786      8.313     6.0488     8.6443    264.023    270.139  0.000e+00
   58.10874 -136.52612     80.878      4.287      4.248    14.1164    31.1147  1023.1820    23.1630    14.1158    101.860    93.7522     0.9079      8.308     6.0456     8.6398    263.885    269.997  0.000e+00
   58.10874 -136.52612     80.862      4.247      4.208    14.1164    31.1141  1023.1814    23.1625    14.1158    101.851    93.7522     0.9079      8.308     6.0451     8.6391    263.863    269.974  0.000e+00
   58.10874 -136.52612     80.902      4.287      4.248    14.1160    31.1142  1023.1817    23.1626    14.1154    101.896    93.7522     0.9079      8.308     6.0478     8.6429    263.981    270.096  0.000e+00
   58.10874 -136.52612     80.926      4.312      4.272    14.1169    31.1146  1023.1820    23.1628    14.1163    101.893    93.7522     0.8786      8.313     6.0475     8.6425    263.967    270.081  0.000e+00
   58.10874 -136.52612     80.958      4.344      4.304    14.1174    31.1158  1023.1830    23.1636    14.1168    101.890    93.7522     0.9079      8.313     6.0472     8.6421    263.954    270.068  0.000e+00
   58.10874 -136.52612     80.934      4.344      4.304    14.1185    31.1155  1023.1825    23.1631    14.1179    101.886    93.7522     0.9079      8.308     6.0468     8.6415    263.938    270.052  0.000e+00
   58.10874 -136.52612     80.811      4.368      4.328    14.1190    31.1153  1023.1824    23.1630    14.1184    101.887    93.7522     0.9079      8.313     6.0469     8.6416    263.940    270.054  0.000e+00
   58.10874 -136.52612     80.858      4.465      4.424    14.1190    31.1151  1023.1826    23.1628    14.1184    101.884    93.7522     0.9079      8.308     6.0467     8.6414    263.933    270.046  0.000e+00
   58.10872 -136.52612     80.738      4.368      4.328    14.1193    31.1149  1023.1820    23.1626    14.1187    101.826    93.7522     0.9079      8.313     6.0432     8.6364    263.780    269.890  0.000e+00
   58.10872 -136.52612     80.858      4.465      4.424    14.1192    31.1153  1023.1827    23.1629    14.1186    101.823    93.7522     0.9079      8.308     6.0430     8.6361    263.773    269.882  0.000e+00
   58.10872 -136.52612     80.834      4.465      4.424    14.1200    31.1152  1023.1825    23.1627    14.1194    101.819    93.7522     0.9079      8.313     6.0427     8.6357    263.759    269.868  0.000e+00
   58.10872 -136.52612     80.736      4.489      4.448    14.1194    31.1145  1023.1822    23.1622    14.1187    101.816    93.7522     0.9079      8.313     6.0426     8.6355    263.755    269.864  0.000e+00
   58.10872 -136.52612     80.743      4.522      4.480    14.1182    31.1147  1023.1827    23.1626    14.1176    101.760    93.7522     0.9079      8.308     6.0394     8.6310    263.616    269.722  0.000e+00
   58.10872 -136.52612     80.767      4.546      4.504    14.1178    31.1148  1023.1830    23.1628    14.1171    101.752    93.7522     0.9079      8.313     6.0390     8.6304    263.597    269.703  0.000e+00
   58.10872 -136.52612     80.807      4.586      4.544    14.1167    31.1144  1023.1831    23.1627    14.1160    101.745    93.7522     0.8786      8.308     6.0387     8.6300    263.585    269.690  0.000e+00
   58.10872 -136.52612     80.807      4.586      4.544    14.1123    31.1151  1023.1845    23.1641    14.1117    101.738    93.7522     0.9079      8.308     6.0388     8.6301    263.588    269.694  0.000e+00
   58.10872 -136.52612     80.831      4.610      4.568    14.1093    31.1155  1023.1856    23.1651    14.1087    101.678    93.7522     0.9079      8.313     6.0357     8.6255    263.449    269.552  0.000e+00
   58.10872 -136.52612     80.863      4.643      4.600    14.1095    31.1152  1023.1854    23.1648    14.1088    101.667    93.8361     0.8786      8.308     6.0350     8.6246    263.421    269.523  0.000e+00
   58.10872 -136.52612     80.943      4.723      4.680    14.1112    31.1144  1023.1849    23.1638    14.1105    101.657    93.9480     0.9372      8.313     6.0342     8.6235    263.387    269.488  0.000e+00
   58.10872 -136.52612     80.863      4.643      4.600    14.1109    31.1145  1023.1846    23.1640    14.1102    101.646    93.9759     0.9958      8.308     6.0336     8.6226    263.360    269.460  0.000e+00
   58.10872 -136.52612     80.797      4.699      4.656    14.1098    31.1146  1023.1852    23.1643    14.1092    101.637    93.9759     1.0251      8.313     6.0332     8.6220    263.342    269.442  0.000e+00
   58.10872 -136.52612     80.788      4.788      4.744    14.1073    31.1156  1023.1869    23.1656    14.1066    101.577    93.9759     1.0251      8.308     6.0299     8.6173    263.197    269.294  0.000e+00
   58.10872 -136.52612     80.795      4.820      4.776    14.1022    31.1170  1023.1891    23.1677    14.1016    101.564    93.9759     1.0251      8.313     6.0297     8.6170    263.189    269.286  0.000e+00
   58.10872 -136.52612     80.763      4.788      4.744    14.0982    31.1179  1023.1905    23.1692    14.0975    101.546    93.9759     0.9958      8.308     6.0291     8.6162    263.162    269.259  0.000e+00
   58.10872 -136.52612     80.915      4.941      4.896    14.0955    31.1195  1023.1930    23.1710    14.0948    101.483    93.9759     1.0251      8.313     6.0256     8.6112    263.011    269.105  0.000e+00
   58.10872 -136.52612     80.761      4.885      4.840    14.0936    31.1207  1023.1940    23.1723    14.0929    101.467    93.9759     1.0251      8.308     6.0249     8.6101    262.976    269.070  0.000e+00
   58.10872 -136.52612     80.688      4.909      4.864    14.0924    31.1208  1023.1945    23.1726    14.0917    101.394    93.9759     1.0251      8.308     6.0207     8.6041    262.794    268.883  0.000e+00
   58.10872 -136.52612     80.776      4.998      4.952    14.0909    31.1215  1023.1957    23.1735    14.0902    101.376    93.9759     1.0251      8.308     6.0198     8.6029    262.755    268.844  0.000e+00
   58.10872 -136.52612     80.840      5.063      5.016    14.0882    31.1227  1023.1974    23.1749    14.0875    101.360    93.9759     1.0251      8.313     6.0191     8.6019    262.723    268.812  0.000e+00
   58.10872 -136.52612     80.864      5.087      5.040    14.0875    31.1230  1023.1979    23.1753    14.0868    101.344    93.9759     1.0251      8.308     6.0182     8.6006    262.685    268.773  0.000e+00
   58.10872 -136.52612     80.896      5.119      5.072    14.0888    31.1225  1023.1974    23.1746    14.0881    101.329    93.9759     1.0251      8.308     6.0172     8.5992    262.641    268.728  0.000e+00
   58.10872 -136.52612     80.920      5.143      5.096    14.0893    31.1225  1023.1974    23.1745    14.0886    101.316    93.9759     1.0251      8.313     6.0163     8.5979    262.604    268.690  0.000e+00
   58.10872 -136.52610     81.016      5.240      5.192    14.0872    31.1228  1023.1986    23.1753    14.0864    101.305    93.9759     1.0251      8.308     6.0159     8.5974    262.586    268.671  0.000e+00
   58.10872 -136.52610     81.072      5.297      5.248    14.0847    31.1234  1023.1997    23.1762    14.0839    101.294    93.9759     1.0251      8.313     6.0156     8.5969    262.572    268.657  0.000e+00
   58.10872 -136.52610     80.991      5.264      5.216    14.0845    31.1232  1023.1995    23.1761    14.0837    101.284    93.9759     1.0251      8.313     6.0150     8.5961    262.546    268.631  0.000e+00
   58.10872 -136.52610     80.916      5.361      5.312    14.0870    31.1221  1023.1986    23.1747    14.0863    101.277    93.9759     1.0251      8.308     6.0143     8.5951    262.516    268.600  0.000e+00
   58.10872 -136.52610     80.923      5.442      5.392    14.0907    31.1216  1023.1978    23.1736    14.0900    101.218    93.9759     1.0251      8.313     6.0104     8.5894    262.344    268.423  0.000e+00
   58.10872 -136.52610     80.843      5.361      5.312    14.0925    31.1215  1023.1970    23.1731    14.0918    101.259    93.9759     0.9958      8.308     6.0126     8.5926    262.441    268.522  0.000e+00
   58.10872 -136.52610     81.075      5.596      5.544    14.0927    31.1213  1023.1978    23.1729    14.0919    101.205    93.9480     1.0251      8.313     6.0094     8.5880    262.300    268.378  0.000e+00
   58.10872 -136.52610     81.001      5.620      5.568    14.0905    31.1218  1023.1987    23.1738    14.0898    101.250    93.9480     1.0544      8.313     6.0123     8.5922    262.427    268.509  0.000e+00
   58.10872 -136.52610     80.855      5.596      5.544    14.0865    31.1235  1023.2008    23.1759    14.0857    101.248    93.9480     1.0837      8.308     6.0126     8.5926    262.442    268.524  0.000e+00
   58.10872 -136.52610     80.806      5.596      5.544    14.0833    31.1250  1023.2026    23.1777    14.0825    101.248    93.9480     1.0837      8.313     6.0129     8.5931    262.455    268.538  0.000e+00
   58.10872 -136.52610     81.006      5.797      5.744    14.0816    31.1255  1023.2043    23.1785    14.0808    101.252    93.9480     1.0837      8.313     6.0134     8.5937    262.473    268.556  0.000e+00
   58.10872 -136.52610     80.926      5.717      5.664    14.0842    31.1245  1023.2026    23.1772    14.0834    101.253    93.9480     1.0837      8.308     6.0132     8.5934    262.464    268.548  0.000e+00
   58.10872 -136.52610     80.908      5.797      5.744    14.0853    31.1235  1023.2020    23.1762    14.0845    101.258    93.9480     1.0837      8.308     6.0133     8.5936    262.472    268.555  0.000e+00
   58.10872 -136.52610     80.882      5.894      5.840    14.0858    31.1227  1023.2017    23.1755    14.0850    101.264    93.9480     1.0837      8.308     6.0137     8.5941    262.487    268.570  0.000e+00
   58.10872 -136.52610     80.914      5.951      5.896    14.0848    31.1235  1023.2027    23.1763    14.0840    101.271    93.9480     1.0837      8.313     6.0142     8.5949    262.509    268.593  0.000e+00
   58.10872 -136.52610     80.938      5.975      5.920    14.0810    31.1252  1023.2049    23.1783    14.0801    101.279    93.9480     1.0837      8.313     6.0151     8.5961    262.547    268.633  0.000e+00
   58.10872 -136.52610     81.002      6.015      5.960    14.0775    31.1269  1023.2071    23.1804    14.0767    101.288    93.9480     1.0837      8.313     6.0160     8.5974    262.587    268.674  0.000e+00
   58.10872 -136.52610     81.058      6.072      6.016    14.0750    31.1287  1023.2093    23.1823    14.0741    101.294    93.9480     1.0837      8.313     6.0166     8.5983    262.612    268.700  0.000e+00
   58.10872 -136.52610     81.122      6.161      6.104    14.0716    31.1304  1023.2117    23.1843    14.0708    101.301    93.9480     1.0837      8.308     6.0173     8.5994    262.645    268.734  0.000e+00
   58.10872 -136.52610     81.178      6.193      6.136    14.0686    31.1319  1023.2136    23.1861    14.0677    101.314    93.9480     1.0837      8.308     6.0184     8.6009    262.692    268.782  0.000e+00
   58.10872 -136.52610     81.258      6.274      6.216    14.0661    31.1327  1023.2151    23.1872    14.0652    101.329    93.9480     1.0837      8.308     6.0196     8.6026    262.742    268.834  0.000e+00
   58.10872 -136.52610     81.274      6.314      6.256    14.0647    31.1327  1023.2156    23.1875    14.0638    101.344    93.9480     1.0837      8.308     6.0207     8.6041    262.789    268.883  0.000e+00
   58.10872 -136.52610     81.110      6.371      6.312    14.0632    31.1334  1023.2167    23.1883    14.0623    101.361    93.9480     1.0837      8.313     6.0218     8.6058    262.840    268.935  0.000e+00
   58.10872 -136.52610     81.117      6.451      6.392    14.0586    31.1348  1023.2190    23.1903    14.0577    101.380    93.9480     1.0837      8.308     6.0235     8.6081    262.911    269.008  0.000e+00
   58.10872 -136.52610     81.157      6.492      6.432    14.0500    31.1374  1023.2230    23.1941    14.0491    101.400    93.9480     1.0837      8.308     6.0256     8.6112    263.003    269.103  0.000e+00
   58.10872 -136.52610     81.277      6.613      6.552    14.0448    31.1383  1023.2253    23.1959    14.0439    101.416    93.9480     1.0837      8.308     6.0272     8.6134    263.072    269.174  0.000e+00
   58.10872 -136.52610     81.252      6.637      6.576    14.0432    31.1387  1023.2260    23.1965    14.0423    101.432    93.8920     1.0837      8.308     6.0283     8.6151    263.121    269.225  0.000e+00
   58.10872 -136.52610     81.113      6.670      6.608    14.0406    31.1396  1023.2274    23.1977    14.0396    101.450    93.8641     1.1423      8.308     6.0297     8.6170    263.179    269.284  0.000e+00
   58.10872 -136.52610     81.096      6.726      6.664    14.0387    31.1397  1023.2281    23.1981    14.0378    101.522    93.8920     1.2009      8.308     6.0341     8.6234    263.375    269.485  0.000e+00
   58.10872 -136.52610     81.184      6.815      6.752    14.0375    31.1398  1023.2288    23.1985    14.0366    101.542    93.8920     1.2009      8.313     6.0355     8.6253    263.433    269.544  0.000e+00
   58.10872 -136.52610     81.160      6.791      6.728    14.0372    31.1396  1023.2286    23.1984    14.0362    101.508    93.8920     1.2009      8.308     6.0335     8.6225    263.347    269.456  0.000e+00
   58.10872 -136.52610     81.184      6.815      6.752    14.0378    31.1390  1023.2281    23.1978    14.0369    101.576    93.8920     1.2009      8.308     6.0375     8.6282    263.522    269.635  0.000e+00
   58.10872 -136.52610     81.272      6.904      6.840    14.0377    31.1390  1023.2286    23.1978    14.0368    101.598    93.8920     1.1716      8.308     6.0388     8.6301    263.579    269.694  0.000e+00
   58.10872 -136.52610     81.272      6.904      6.840    14.0368    31.1391  1023.2288    23.1981    14.0359    101.614    93.8920     1.2009      8.308     6.0399     8.6316    263.626    269.741  0.000e+00
   58.10872 -136.52610     81.240      6.871      6.808    14.0348    31.1398  1023.2296    23.1990    14.0338    101.630    93.8641     1.2009      8.308     6.0411     8.6333    263.678    269.795  0.000e+00
   58.10872 -136.52610     81.272      6.904      6.840    14.0331    31.1403  1023.2305    23.1998    14.0321    101.648    93.8920     1.2009      8.308     6.0423     8.6351    263.731    269.850  0.000e+00
   58.10872 -136.52610     81.238      6.968      6.904    14.0329    31.1400  1023.2306    23.1996    14.0320    101.666    93.8641     1.2009      8.308     6.0434     8.6367    263.780    269.899  0.000e+00
   58.10872 -136.52610     81.084      6.936      6.872    14.0338    31.1396  1023.2300    23.1991    14.0328    101.684    93.8920     1.1716      8.308     6.0444     8.6380    263.821    269.942  0.000e+00
