EcoFOCI/data/1_SampleCollection/2022_GOA-OA_CruiseData/CTD_raw_BottleFile_RC0083/RC0083_050.ros
* Sea-Bird SBE 9 Data File:
* FileName = C:\Data\RC0083ctd\RC0083_050.hex
* Software Version Seasave V 7.26.7.107
* Temperature SN = 2060
* Conductivity SN = 1084
* Number of Bytes Per Scan = 31
* Number of Voltage Words = 4
* Number of Scans Averaged by the Deck Unit = 1
* NMEA Latitude = 58 14.01 N
* NMEA Longitude = 137 00.36 W
* NMEA UTC (Time) = Aug 19 2022  09:01:05
* NMEA baud rate = 4800
** Ship: R/V Rachel Carson
** Cruise ID: RC0083
** Tech: McHugh/Nomura
** Chief Scientist: Cross
** Station: SEM2.5
** Cast:  CTD050
# nquan = 21
# nvalues = 294                                   
# units = specified
# name 0 = latitude: Latitude [deg]
# name 1 = longitude: Longitude [deg]
# name 2 = sfdSM: Seafloor depth [salt water, m]
# name 3 = prDM: Pressure, Digiquartz [db]
# name 4 = depSM: Depth [salt water, m]
# name 5 = t090C: Temperature [ITS-90, deg C]
# name 6 = sal00: Salinity, Practical [PSU]
# name 7 = density00: Density [density, kg/m^3]
# name 8 = sigma-é00: Density [sigma-theta, kg/m^3]
# name 9 = potemp090C: Potential Temperature [ITS-90, deg C]
# name 10 = sbeox0PS: Oxygen, SBE 43 [% saturation]
# name 11 = CStarTr0: Beam Transmission, WET Labs C-Star [%]
# name 12 = flECO-AFL: Fluorescence, WET Labs ECO-AFL/FL [mg/m^3]
# name 13 = ph: pH
# name 14 = sbeox0ML/L: Oxygen, SBE 43 [ml/l]
# name 15 = sbeox0Mg/L: Oxygen, SBE 43 [mg/l]
# name 16 = sbox0Mm/Kg: Oxygen, SBE 43 [umol/kg]
# name 17 = sbeox0Mm/L: Oxygen, SBE 43 [umol/l]
# name 18 = scan: Scan Count
# name 19 = nbf: Bottles Fired
# name 20 = flag:  0.000e+00
# interval = seconds: 0.0416667
# start_time = Aug 19 2022 09:01:05 [NMEA time, header]
# bad_flag = -9.990e-29
*END*
[from data line 276]
   58.23512 -137.00502     71.911      3.765      3.730    14.4378    31.5928  1023.4821    23.4654    14.4373    101.483    93.4445     2.1094      8.297     5.9664     8.5266    260.350    266.459      14173          6  0.000e+00
   58.23512 -137.00502     67.777      3.733      3.698    14.4375    31.5925  1023.4818    23.4652    14.4369    101.537    93.4445     2.0508      8.297     5.9696     8.5312    260.491    266.604      14174          6  0.000e+00
   58.23512 -137.00502     68.395      3.765      3.730    14.4371    31.5926  1023.4821    23.4654    14.4365    101.491    93.4445     2.0215      8.297     5.9670     8.5274    260.376    266.486      14175          6  0.000e+00
   58.23512 -137.00502     68.902      3.588      3.554    14.4368    31.5927  1023.4814    23.4655    14.4363    101.486    93.4445     2.0215      8.297     5.9667     8.5270    260.363    266.473      14176          6  0.000e+00
   58.23512 -137.00502     69.273      3.790      3.754    14.4364    31.5929  1023.4826    23.4657    14.4359    101.491    93.4445     1.9921      8.297     5.9670     8.5275    260.377    266.487      14177          6  0.000e+00
   58.23512 -137.00502     68.969      3.531      3.498    14.4363    31.5927  1023.4812    23.4656    14.4358    101.543    93.4445     1.9921      8.297     5.9701     8.5319    260.513    266.626      14178          6  0.000e+00
   58.23512 -137.00502     69.200      3.790      3.754    14.4363    31.5925  1023.4823    23.4655    14.4357    101.549    93.4445     2.0215      8.297     5.9705     8.5324    260.529    266.642      14179          6  0.000e+00
   58.23512 -137.00502     69.120      3.709      3.674    14.4357    31.5929  1023.4824    23.4659    14.4352    101.551    93.4445     2.0215      8.297     5.9706     8.5326    260.535    266.649      14180          6  0.000e+00
   58.23512 -137.00502     69.000      3.612      3.578    14.4360    31.5930  1023.4819    23.4659    14.4355    101.553    93.4445     2.0215      8.297     5.9707     8.5327    260.538    266.652      14181          6  0.000e+00
   58.23512 -137.00502     69.040      3.652      3.618    14.4363    31.5928  1023.4819    23.4657    14.4357    101.556    93.4445     2.0215      8.297     5.9709     8.5330    260.545    266.659      14182          6  0.000e+00
   58.23512 -137.00502     69.056      3.669      3.634    14.4366    31.5929  1023.4820    23.4657    14.4361    101.506    93.4445     2.0215      8.297     5.9679     8.5287    260.415    266.526      14183          6  0.000e+00
   58.23512 -137.00502     65.599      3.531      3.498    14.4364    31.5931  1023.4815    23.4658    14.4359    101.502    93.4445     1.9921      8.297     5.9677     8.5284    260.406    266.517      14184          6  0.000e+00
   58.23512 -137.00502     30.910      3.765      3.730    14.4366    31.5928  1023.4823    23.4656    14.4360    101.503    93.4445     2.0215      8.297     5.9677     8.5285    260.408    266.519      14185          6  0.000e+00
   58.23512 -137.00502     12.663      3.612      3.578    14.4366    31.5930  1023.4818    23.4658    14.4361    101.500    93.4445     2.0215      8.297     5.9675     8.5282    260.398    266.509      14186          6  0.000e+00
   58.23512 -137.00502     10.822      3.652      3.618    14.4366    31.5927  1023.4818    23.4655    14.4361    101.499    93.4445     2.0215      8.297     5.9675     8.5281    260.397    266.507      14187          6  0.000e+00
   58.23512 -137.00502     12.248      3.612      3.578    14.4366    31.5927  1023.4816    23.4655    14.4361    101.497    93.4445     1.9921      8.297     5.9674     8.5279    260.392    266.502      14188          6  0.000e+00
   58.23512 -137.00502     12.900      3.531      3.498    14.4370    31.5928  1023.4812    23.4655    14.4365    101.495    93.4166     2.0215      8.297     5.9672     8.5277    260.385    266.495      14189          6  0.000e+00
   58.23512 -137.00502     13.205      3.790      3.754    14.4370    31.5929  1023.4825    23.4656    14.4364    101.492    93.3886     2.0215      8.297     5.9670     8.5275    260.377    266.487      14190          6  0.000e+00
