EcoFOCI/data/1_SampleCollection/2022_GOA-OA_CruiseData/CTD_raw_BottleFile_RC0083/RC0083_047.ros
* Sea-Bird SBE 9 Data File:
* FileName = C:\Data\RC0083ctd\RC0083_047.hex
* Software Version Seasave V 7.26.7.107
* Temperature SN = 2060
* Conductivity SN = 1084
* Number of Bytes Per Scan = 31
* Number of Voltage Words = 4
* Number of Scans Averaged by the Deck Unit = 1
* NMEA Latitude = 58 05.53 N
* NMEA Longitude = 137 29.42 W
* NMEA UTC (Time) = Aug 19 2022  05:56:59
* NMEA baud rate = 4800
** Ship: R/V Rachel Carson
** Cruise ID: RC0083
** Tech: McHugh/Nomura
** Chief Scientist: Cross
** Station: SEM20
** Cast:  CTD047
# nquan = 21
# nvalues = 294                                   
# units = specified
# name 0 = latitude: Latitude [deg]
# name 1 = longitude: Longitude [deg]
# name 2 = sfdSM: Seafloor depth [salt water, m]
# name 3 = prDM: Pressure, Digiquartz [db]
# name 4 = depSM: Depth [salt water, m]
# name 5 = t090C: Temperature [ITS-90, deg C]
# name 6 = sal00: Salinity, Practical [PSU]
# name 7 = density00: Density [density, kg/m^3]
# name 8 = sigma-é00: Density [sigma-theta, kg/m^3]
# name 9 = potemp090C: Potential Temperature [ITS-90, deg C]
# name 10 = sbeox0PS: Oxygen, SBE 43 [% saturation]
# name 11 = CStarTr0: Beam Transmission, WET Labs C-Star [%]
# name 12 = flECO-AFL: Fluorescence, WET Labs ECO-AFL/FL [mg/m^3]
# name 13 = ph: pH
# name 14 = sbeox0ML/L: Oxygen, SBE 43 [ml/l]
# name 15 = sbeox0Mg/L: Oxygen, SBE 43 [mg/l]
# name 16 = sbox0Mm/Kg: Oxygen, SBE 43 [umol/kg]
# name 17 = sbeox0Mm/L: Oxygen, SBE 43 [umol/l]
# name 18 = scan: Scan Count
# name 19 = nbf: Bottles Fired
# name 20 = flag:  0.000e+00
# interval = seconds: 0.0416667
# start_time = Aug 19 2022 05:56:59 [NMEA time, header]
# bad_flag = -9.990e-29
*END*
[from data line 138]
   58.09198 -137.49170    140.696     52.200     51.709     7.0035    32.3586  1025.5784    25.3387     6.9989     85.300   105.9187     0.0874      8.058     5.8591     8.3732    255.200    261.667      10579          3  0.000e+00
   58.09198 -137.49170    140.590     52.192     51.701     7.0037    32.3585  1025.5782    25.3386     6.9991     85.361   105.9187     0.0874      8.058     5.8633     8.3792    255.384    261.855      10580          3  0.000e+00
   58.09198 -137.49170    140.574     52.200     51.709     7.0027    32.3580  1025.5780    25.3383     6.9981     85.322   105.9187     0.0874      8.058     5.8608     8.3756    255.274    261.742      10581          3  0.000e+00
   58.09198 -137.49170    140.590     52.192     51.701     7.0028    32.3583  1025.5782    25.3385     6.9981     85.391   105.9187     0.0874      8.063     5.8655     8.3824    255.479    261.952      10582          3  0.000e+00
   58.09198 -137.49170    140.654     52.257     51.765     7.0048    32.3581  1025.5780    25.3381     7.0002     85.415   105.9187     0.0874      8.058     5.8669     8.3843    255.540    262.014      10583          3  0.000e+00
   58.09198 -137.49170    140.605     52.257     51.765     7.0062    32.3581  1025.5778    25.3379     7.0016     85.442   105.9187     0.0874      8.058     5.8685     8.3867    255.612    262.089      10584          3  0.000e+00
   58.09198 -137.49170    140.501     52.200     51.709     7.0075    32.3586  1025.5778    25.3381     7.0029     85.464   105.9187     0.0874      8.058     5.8699     8.3886    255.669    262.148      10585          3  0.000e+00
   58.09198 -137.49170    140.557     52.257     51.765     7.0087    32.3584  1025.5778    25.3379     7.0040     85.491   105.9187     0.0874      8.063     5.8715     8.3910    255.742    262.222      10586          3  0.000e+00
   58.09198 -137.49170    140.557     52.257     51.765     7.0084    32.3587  1025.5780    25.3381     7.0037     85.520   105.9467     0.0874      8.058     5.8735     8.3939    255.830    262.313      10587          3  0.000e+00
   58.09188 -137.49198    123.996     25.702     25.462    11.8726    32.0145  1024.4107    24.2954    11.8694    101.372   101.5276     1.7577      8.229     6.2679     8.9574    273.285    279.924      12212          4  0.000e+00
   58.09188 -137.49198    124.045     25.702     25.462    11.8667    32.0172  1024.4139    24.2986    11.8635    101.385   101.5276     1.7577      8.233     6.2694     8.9596    273.348    279.990      12213          4  0.000e+00
   58.09188 -137.49198    124.214     25.823     25.582    11.8675    32.0182  1024.4150    24.2992    11.8643    101.393   101.5276     1.7284      8.233     6.2697     8.9601    273.363    280.006      12214          4  0.000e+00
   58.09188 -137.49198    124.214     25.823     25.582    11.8720    32.0172  1024.4135    24.2976    11.8687    101.399   101.5276     1.7284      8.233     6.2695     8.9598    273.356    279.998      12215          4  0.000e+00
   58.09188 -137.49198    124.094     25.702     25.462    11.8763    32.0161  1024.4112    24.2960    11.8731    101.350   101.5276     1.7577      8.233     6.2660     8.9547    273.201    279.839      12216          4  0.000e+00
   58.09188 -137.49198    124.150     25.758     25.518    11.8791    32.0153  1024.4104    24.2948    11.8759    101.405   101.5276     1.7577      8.233     6.2690     8.9591    273.335    279.975      12217          4  0.000e+00
   58.09188 -137.49198    124.150     25.758     25.518    11.8808    32.0150  1024.4098    24.2943    11.8776    101.406   101.5276     1.7577      8.229     6.2689     8.9588    273.328    279.968      12218          4  0.000e+00
   58.09188 -137.49198    124.094     25.702     25.462    11.8817    32.0151  1024.4095    24.2942    11.8785    101.406   101.5276     1.7577      8.233     6.2687     8.9586    273.321    279.961      12219          4  0.000e+00
   58.09188 -137.49198    124.150     25.758     25.518    11.8828    32.0146  1024.4092    24.2936    11.8796    101.406   101.5276     1.7577      8.233     6.2687     8.9585    273.318    279.958      12220          4  0.000e+00
   58.09188 -137.49198    124.150     25.758     25.518    11.8821    32.0148  1024.4094    24.2939    11.8789    101.413   101.5276     1.7577      8.233     6.2691     8.9592    273.338    279.979      12221          4  0.000e+00
   58.09188 -137.49198    124.094     25.701     25.462    11.8808    32.0150  1024.4096    24.2943    11.8776    101.472   101.4996     1.7577      8.233     6.2729     8.9647    273.505    280.150      12222          4  0.000e+00
   58.09188 -137.49198    124.094     25.701     25.462    11.8796    32.0154  1024.4101    24.2948    11.8764    101.477   101.4716     1.7577      8.233     6.2734     8.9654    273.526    280.172      12223          4  0.000e+00
   58.09188 -137.49198    124.150     25.758     25.518    11.8801    32.0144  1024.4095    24.2939    11.8769    101.483   101.4157     1.7577      8.233     6.2738     8.9658    273.541    280.186      12224          4  0.000e+00
   58.09188 -137.49198    124.094     25.701     25.462    11.8785    32.0150  1024.4100    24.2947    11.8753    101.487   101.4437     1.7577      8.233     6.2742     8.9665    273.560    280.206      12225          4  0.000e+00
   58.09188 -137.49198    124.094     25.701     25.462    11.8756    32.0154  1024.4108    24.2955    11.8724    101.492   101.4157     1.7870      8.233     6.2748     8.9674    273.587    280.234      12226          4  0.000e+00
   58.09188 -137.49198    124.094     25.701     25.462    11.8733    32.0168  1024.4123    24.2970    11.8701    101.549   101.4157     1.7577      8.233     6.2787     8.9728    273.753    280.405      12227          4  0.000e+00
   58.09188 -137.49198    124.094     25.701     25.462    11.8710    32.0176  1024.4134    24.2981    11.8678    101.558   101.4437     1.7577      8.233     6.2795     8.9740    273.789    280.442      12228          4  0.000e+00
   58.09188 -137.49198    124.094     25.701     25.462    11.8695    32.0184  1024.4143    24.2990    11.8663    101.566   101.4437     1.7870      8.233     6.2802     8.9750    273.818    280.472      12229          4  0.000e+00
   58.09188 -137.49198    124.094     25.701     25.462    11.8685    32.0193  1024.4152    24.2999    11.8653    101.574   101.4437     1.7870      8.233     6.2807     8.9758    273.842    280.496      12230          4  0.000e+00
   58.09188 -137.49198    124.094     25.701     25.462    11.8688    32.0194  1024.4152    24.2999    11.8656    101.580   101.4437     1.7870      8.233     6.2811     8.9763    273.857    280.512      12231          4  0.000e+00
   58.09188 -137.49198    124.094     25.701     25.462    11.8693    32.0195  1024.4152    24.2999    11.8661    101.586   101.4437     1.7577      8.233     6.2814     8.9767    273.870    280.525      12232          4  0.000e+00
   58.09188 -137.49198    124.094     25.701     25.462    11.8708    32.0188  1024.4144    24.2991    11.8676    101.645   101.4437     1.7577      8.233     6.2848     8.9816    274.021    280.679      12233          4  0.000e+00
   58.09188 -137.49198    124.094     25.701     25.462    11.8730    32.0179  1024.4133    24.2980    11.8698    101.654   101.4437     1.7577      8.233     6.2852     8.9821    274.036    280.695      12234          4  0.000e+00
   58.09188 -137.49198    124.094     25.701     25.462    11.8751    32.0176  1024.4126    24.2973    11.8719    101.663   101.4437     1.7870      8.233     6.2854     8.9825    274.048    280.707      12235          4  0.000e+00
   58.09188 -137.49198    124.094     25.701     25.462    11.8773    32.0165  1024.4114    24.2961    11.8741    101.671   101.4437     1.7870      8.233     6.2857     8.9828    274.059    280.718      12236          4  0.000e+00
   58.09188 -137.49198    124.094     25.701     25.462    11.8770    32.0176  1024.4123    24.2970    11.8738    101.678   101.4437     1.7870      8.233     6.2861     8.9835    274.078    280.737      12237          4  0.000e+00
   58.09188 -137.49198    124.094     25.701     25.462    11.8778    32.0173  1024.4119    24.2966    11.8746    101.684   101.4437     1.7870      8.233     6.2864     8.9839    274.090    280.749      12238          4  0.000e+00
   58.09188 -137.49198    124.030     25.637     25.397    11.8783    32.0171  1024.4114    24.2964    11.8751    101.688   101.4437     1.7870      8.233     6.2866     8.9841    274.099    280.758      12239          4  0.000e+00
   58.09188 -137.49198    124.094     25.701     25.462    11.8785    32.0170  1024.4116    24.2963    11.8753    101.693   101.4157     1.7870      8.233     6.2869     8.9845    274.111    280.771      12240          4  0.000e+00
   58.09188 -137.49198    124.094     25.701     25.462    11.8795    32.0168  1024.4112    24.2959    11.8763    101.696   101.4437     1.7577      8.233     6.2869     8.9846    274.114    280.774      12241          4  0.000e+00
   58.09188 -137.49198    124.094     25.701     25.461    11.8804    32.0166  1024.4109    24.2956    11.8772    101.758   101.4437     1.7870      8.233     6.2906     8.9899    274.276    280.940      12242          4  0.000e+00
   58.09188 -137.49198    124.094     25.701     25.461    11.8809    32.0164  1024.4107    24.2954    11.8777    101.771   101.3877     1.7577      8.233     6.2914     8.9910    274.308    280.973      12243          4  0.000e+00
   58.09188 -137.49198    124.094     25.701     25.461    11.8818    32.0163  1024.4104    24.2951    11.8786    101.783   101.3598     1.7870      8.233     6.2920     8.9919    274.336    281.001      12244          4  0.000e+00
   58.09188 -137.49198    124.094     25.701     25.461    11.8834    32.0160  1024.4099    24.2946    11.8802    101.788   101.3598     1.7870      8.233     6.2921     8.9920    274.340    281.005      12245          4  0.000e+00
   58.09188 -137.49198    124.094     25.701     25.461    11.8841    32.0159  1024.4097    24.2944    11.8809    101.798   101.3598     1.8163      8.233     6.2926     8.9928    274.363    281.029      12246          4  0.000e+00
   58.09188 -137.49198     79.820     25.701     25.461    11.8843    32.0157  1024.4094    24.2942    11.8811    101.807   101.3598     1.8163      8.233     6.2932     8.9936    274.387    281.053      12247          4  0.000e+00
   58.09188 -137.49198     34.577     25.758     25.518    11.8861    32.0145  1024.4084    24.2929    11.8829    101.809   101.3598     1.8163      8.233     6.2931     8.9935    274.386    281.051      12248          4  0.000e+00
   58.09188 -137.49198     25.461     25.701     25.461    11.8888    32.0129  1024.4065    24.2912    11.8856    101.809   101.3598     1.8163      8.233     6.2928     8.9931    274.372    281.037      12249          4  0.000e+00
   58.09188 -137.49198     26.560     25.701     25.461    11.8921    32.0113  1024.4046    24.2893    11.8889    101.808   101.3598     1.8163      8.233     6.2924     8.9925    274.354    281.018      12250          4  0.000e+00
   58.09188 -137.49198     28.392     25.701     25.461    11.8926    32.0121  1024.4051    24.2899    11.8893    101.866   101.3598     1.8163      8.233     6.2959     8.9974    274.506    281.174      12251          4  0.000e+00
   58.09188 -137.49198     28.758     25.701     25.461    11.8943    32.0129  1024.4054    24.2902    11.8911    101.875   101.3598     1.8163      8.233     6.2962     8.9979    274.519    281.187      12252          4  0.000e+00
   58.09188 -137.49198     28.741     25.758     25.518    11.8966    32.0135  1024.4057    24.2902    11.8934    101.883   101.3598     1.8163      8.233     6.2963     8.9981    274.527    281.195      12253          4  0.000e+00
   58.09188 -137.49198     28.587     25.701     25.461    11.8984    32.0138  1024.4054    24.2901    11.8952    101.889   101.3598     1.8163      8.233     6.2964     8.9982    274.530    281.199      12254          4  0.000e+00
   58.09188 -137.49198     28.643     25.758     25.518    11.8989    32.0131  1024.4050    24.2895    11.8957    101.895   101.3598     1.8163      8.233     6.2968     8.9987    274.545    281.214      12255          4  0.000e+00
   58.09188 -137.49198     28.587     25.701     25.461    11.8999    32.0115  1024.4033    24.2880    11.8967    101.892   101.3598     1.8163      8.233     6.2965     8.9984    274.535    281.203      12256          4  0.000e+00
   58.09188 -137.49198     28.587     25.701     25.461    11.9005    32.0097  1024.4018    24.2865    11.8973    101.895   101.3598     1.8163      8.233     6.2967     8.9986    274.542    281.210      12257          4  0.000e+00
   58.09188 -137.49198     28.643     25.758     25.517    11.8929    32.0142  1024.4070    24.2914    11.8897    101.898   101.3598     1.8163      8.233     6.2977     9.0000    274.585    281.255      12258          4  0.000e+00
   58.09188 -137.49198     28.643     25.758     25.517    11.8881    32.0168  1024.4099    24.2943    11.8849    101.899   101.3598     1.8163      8.233     6.2983     9.0009    274.610    281.281      12259          4  0.000e+00
   58.09188 -137.49198     28.643     25.758     25.517    11.8832    32.0179  1024.4117    24.2961    11.8800    101.898   101.3598     1.8163      8.233     6.2989     9.0017    274.634    281.307      12260          4  0.000e+00
   58.09182 -137.49216    110.151     11.626     11.518    14.3371    31.6329  1023.5691    23.5175    14.3354    102.284    95.8778     2.0215      8.298     6.0243     8.6093    262.862    269.044      13551          5  0.000e+00
   58.09182 -137.49216    110.095     11.570     11.462    14.3365    31.6328  1023.5688    23.5174    14.3349    102.282    95.8499     2.0215      8.298     6.0242     8.6092    262.861    269.043      13552          5  0.000e+00
   58.09182 -137.49216    110.215     11.691     11.582    14.3360    31.6331  1023.5697    23.5178    14.3344    102.282    95.8499     2.0215      8.298     6.0243     8.6093    262.863    269.044      13553          5  0.000e+00
   58.09182 -137.49216    110.295     11.772     11.662    14.3355    31.6325  1023.5697    23.5174    14.3339    102.281    95.8499     2.0215      8.298     6.0243     8.6093    262.863    269.044      13554          5  0.000e+00
   58.09182 -137.49216    110.327     11.804     11.694    14.3350    31.6324  1023.5699    23.5175    14.3333    102.278    95.8778     2.0215      8.298     6.0242     8.6091    262.858    269.039      13555          5  0.000e+00
   58.09182 -137.49216    110.503     11.982     11.870    14.3338    31.6329  1023.5713    23.5181    14.3321    102.276    95.8499     2.0215      8.298     6.0242     8.6092    262.858    269.040      13556          5  0.000e+00
   58.09182 -137.49216    110.447     11.925     11.814    14.3333    31.6326  1023.5709    23.5180    14.3316    102.270    95.9058     2.0215      8.298     6.0239     8.6088    262.846    269.028      13557          5  0.000e+00
   58.09182 -137.49216    110.655     12.135     12.022    14.3330    31.6324  1023.5718    23.5179    14.3313    102.272    95.9338     2.0215      8.298     6.0241     8.6090    262.854    269.035      13558          5  0.000e+00
   58.09182 -137.49216    110.743     12.224     12.110    14.3323    31.6325  1023.5724    23.5181    14.3306    102.266    95.9617     2.0215      8.298     6.0238     8.6087    262.843    269.024      13559          5  0.000e+00
   58.09182 -137.49216    110.919     12.402     12.286    14.3323    31.6320  1023.5728    23.5177    14.3306    102.261    95.9338     2.0215      8.298     6.0235     8.6082    262.830    269.011      13560          5  0.000e+00
