EcoFOCI/data/1_SampleCollection/2022_GOA-OA_CruiseData/CTD_raw_BottleFile_RC0083/RC0083_022.ros
* Sea-Bird SBE 9 Data File:
* FileName = C:\Data\RC0083ctd\RC0083_022.hex
* Software Version Seasave V 7.26.7.107
* Temperature SN = 2060
* Conductivity SN = 1084
* Number of Bytes Per Scan = 31
* Number of Voltage Words = 4
* Number of Scans Averaged by the Deck Unit = 1
* NMEA Latitude = 56 44.03 N
* NMEA Longitude = 135 37.02 W
* NMEA UTC (Time) = Aug 14 2022  20:04:00
* NMEA baud rate = 4800
** Ship: R/V Rachel Carson
** Cruise ID: RC0083
** Tech: McHugh/Nomura
** Chief Scientist: Cross
** Station: SEC05
** Cast:  CTD022
# nquan = 21
# nvalues = 294                                   
# units = specified
# name 0 = latitude: Latitude [deg]
# name 1 = longitude: Longitude [deg]
# name 2 = sfdSM: Seafloor depth [salt water, m]
# name 3 = prDM: Pressure, Digiquartz [db]
# name 4 = depSM: Depth [salt water, m]
# name 5 = t090C: Temperature [ITS-90, deg C]
# name 6 = sal00: Salinity, Practical [PSU]
# name 7 = density00: Density [density, kg/m^3]
# name 8 = sigma-é00: Density [sigma-theta, kg/m^3]
# name 9 = potemp090C: Potential Temperature [ITS-90, deg C]
# name 10 = sbeox0PS: Oxygen, SBE 43 [% saturation]
# name 11 = CStarTr0: Beam Transmission, WET Labs C-Star [%]
# name 12 = flECO-AFL: Fluorescence, WET Labs ECO-AFL/FL [mg/m^3]
# name 13 = ph: pH
# name 14 = sbeox0ML/L: Oxygen, SBE 43 [ml/l]
# name 15 = sbeox0Mg/L: Oxygen, SBE 43 [mg/l]
# name 16 = sbox0Mm/Kg: Oxygen, SBE 43 [umol/kg]
# name 17 = sbeox0Mm/L: Oxygen, SBE 43 [umol/l]
# name 18 = scan: Scan Count
# name 19 = nbf: Bottles Fired
# name 20 = flag:  0.000e+00
# interval = seconds: 0.0416667
# start_time = Aug 14 2022 20:04:00 [NMEA time, header]
# bad_flag = -9.990e-29
*END*
[from data line 69]
   56.73654 -135.61850    147.342     75.052     74.351     7.8473    32.2695  1025.4959    25.1529     7.8401     61.947   104.5762    -0.0005      7.926     4.1762     5.9682    181.932    186.508       9819          2  0.000e+00
   56.73654 -135.61850    147.230     74.939     74.239     7.8480    32.2688  1025.4947    25.1522     7.8408     61.939   104.5762    -0.0005      7.926     4.1756     5.9673    181.906    186.482       9820          2  0.000e+00
   56.73654 -135.61850    147.462     75.173     74.471     7.8477    32.2686  1025.4957    25.1521     7.8405     61.989   104.5762    -0.0005      7.921     4.1790     5.9723    182.057    186.636       9821          2  0.000e+00
   56.73654 -135.61850    147.254     74.939     74.239     7.8470    32.2693  1025.4953    25.1528     7.8398     61.988   104.5762    -0.0005      7.921     4.1790     5.9722    182.054    186.634       9822          2  0.000e+00
   56.73654 -135.61850    147.391     75.052     74.351     7.8471    32.2695  1025.4960    25.1529     7.8400     61.989   104.5762    -0.0005      7.921     4.1790     5.9723    182.057    186.636       9823          2  0.000e+00
   56.73654 -135.61850    147.215     74.874     74.175     7.8473    32.2689  1025.4947    25.1524     7.8402     61.988   104.5762    -0.0005      7.926     4.1790     5.9722    182.054    186.633       9824          2  0.000e+00
   56.73654 -135.61850    147.279     74.939     74.239     7.8478    32.2688  1025.4948    25.1523     7.8407     61.989   104.5762    -0.0005      7.921     4.1790     5.9722    182.054    186.633       9825          2  0.000e+00
   56.73654 -135.61850    147.159     74.817     74.118     7.8481    32.2683  1025.4938    25.1519     7.8410     61.988   104.5762    -0.0005      7.926     4.1789     5.9721    182.051    186.630       9826          2  0.000e+00
   56.73654 -135.61850    147.425     74.939     74.239     7.8482    32.2684  1025.4944    25.1519     7.8410     61.989   104.5762    -0.0005      7.926     4.1790     5.9722    182.055    186.634       9827          2  0.000e+00
   56.73654 -135.61850    147.283     74.696     73.998     7.8482    32.2684  1025.4933    25.1519     7.8411     61.988   104.5762    -0.0005      7.926     4.1789     5.9720    182.050    186.629       9828          2  0.000e+00
   56.73654 -135.61850    147.403     74.817     74.118     7.8481    32.2687  1025.4941    25.1522     7.8410     61.989   104.5482    -0.0005      7.926     4.1790     5.9722    182.053    186.632       9829          2  0.000e+00
   56.73654 -135.61850    147.523     74.939     74.239     7.8484    32.2685  1025.4944    25.1519     7.8413     61.990   104.5482    -0.0005      7.926     4.1790     5.9722    182.056    186.635       9830          2  0.000e+00
   56.73654 -135.61850    147.283     74.696     73.998     7.8488    32.2681  1025.4929    25.1515     7.8417     61.988   104.5762    -0.0005      7.926     4.1789     5.9720    182.050    186.629       9831          2  0.000e+00
   56.73654 -135.61850    147.314     74.753     74.054     7.8496    32.2677  1025.4928    25.1511     7.8425     61.989   104.5482    -0.0005      7.926     4.1789     5.9720    182.049    186.628       9832          2  0.000e+00
   56.73654 -135.61850    147.258     74.696     73.998     7.8499    32.2678  1025.4926    25.1512     7.8428     61.989   104.5762    -0.0005      7.926     4.1788     5.9719    182.047    186.626       9833          2  0.000e+00
   56.73654 -135.61850    147.138     74.575     73.878     7.8504    32.2676  1025.4918    25.1510     7.8433     61.988   104.5762    -0.0005      7.926     4.1787     5.9718    182.043    186.622       9834          2  0.000e+00
   56.73654 -135.61850    147.202     74.640     73.942     7.8508    32.2668  1025.4914    25.1503     7.8437     61.989   104.5482    -0.0005      7.926     4.1788     5.9719    182.045    186.623       9835          2  0.000e+00
   56.73654 -135.61850    147.476     74.817     74.118     7.8508    32.2673  1025.4926    25.1506     7.8436     61.991   104.5762    -0.0005      7.926     4.1789     5.9720    182.050    186.628       9836          2  0.000e+00
   56.73654 -135.61850    147.544     74.640     73.942     7.8509    32.2670  1025.4916    25.1504     7.8438     61.989   104.5482    -0.0005      7.926     4.1788     5.9719    182.046    186.625       9837          2  0.000e+00
   56.73654 -135.61850    147.578     74.575     73.878     7.8510    32.2671  1025.4913    25.1504     7.8439     61.989   104.5762    -0.0005      7.921     4.1788     5.9719    182.045    186.624       9838          2  0.000e+00
   56.73654 -135.61850    147.642     74.640     73.942     7.8510    32.2671  1025.4916    25.1505     7.8439     61.990   104.5762    -0.0005      7.926     4.1788     5.9719    182.047    186.626       9839          2  0.000e+00
   56.73654 -135.61850    147.578     74.575     73.878     7.8510    32.2669  1025.4912    25.1503     7.8440     61.990   104.5482    -0.0005      7.926     4.1788     5.9719    182.047    186.625       9840          2  0.000e+00
   56.73654 -135.61850    147.375     74.518     73.822     7.8510    32.2671  1025.4911    25.1505     7.8439     61.997   104.5482    -0.0005      7.926     4.1793     5.9726    182.068    186.647       9841          2  0.000e+00
   56.73654 -135.61850    147.356     74.696     73.998     7.8509    32.2673  1025.4921    25.1507     7.8438     61.999   104.5482    -0.0005      7.926     4.1794     5.9728    182.074    186.653       9842          2  0.000e+00
   56.73654 -135.61850    147.187     74.575     73.878     7.8513    32.2671  1025.4913    25.1505     7.8442     61.999   104.5762    -0.0005      7.926     4.1794     5.9727    182.072    186.651       9843          2  0.000e+00
   56.73654 -135.61850    147.212     74.575     73.878     7.8510    32.2672  1025.4914    25.1505     7.8439     61.999   104.5482    -0.0005      7.926     4.1794     5.9728    182.075    186.654       9844          2  0.000e+00
   56.73654 -135.61850    147.035     74.397     73.702     7.8509    32.2675  1025.4908    25.1508     7.8438     62.054   104.5482    -0.0005      7.926     4.1831     5.9781    182.236    186.819       9845          2  0.000e+00
   56.73654 -135.61850    147.356     74.696     73.998     7.8510    32.2668  1025.4916    25.1502     7.8439     62.008   104.5482    -0.0005      7.926     4.1801     5.9737    182.101    186.681       9846          2  0.000e+00
   56.73654 -135.61850    147.204     74.518     73.822     7.8513    32.2665  1025.4906    25.1500     7.8442     62.063   104.5482    -0.0005      7.926     4.1837     5.9789    182.261    186.845       9847          2  0.000e+00
   56.73730 -135.61868    150.933     52.791     52.301     8.7442    31.8538  1024.9356    24.6952     8.7388     70.632   104.0727     0.0581      7.994     4.6791     6.6869    203.933    208.970      12190          3  0.000e+00
   56.73730 -135.61868    150.637     52.492     52.004     8.7444    31.8542  1024.9346    24.6955     8.7391     70.621   104.0727     0.0581      7.994     4.6784     6.6859    203.901    208.936      12191          3  0.000e+00
   56.73730 -135.61868    150.581     52.435     51.948     8.7443    31.8536  1024.9338    24.6950     8.7390     70.613   104.0727     0.0581      7.994     4.6779     6.6851    203.879    208.913      12192          3  0.000e+00
   56.73730 -135.61868    150.757     52.613     52.125     8.7439    31.8544  1024.9354    24.6957     8.7386     70.607   104.0727     0.0581      7.994     4.6775     6.6846    203.863    208.897      12193          3  0.000e+00
   56.73730 -135.61868    150.637     52.492     52.004     8.7448    31.8538  1024.9341    24.6951     8.7395     70.606   104.0727     0.0581      7.994     4.6773     6.6844    203.856    208.890      12194          3  0.000e+00
   56.73730 -135.61868    150.581     52.435     51.948     8.7453    31.8537  1024.9338    24.6950     8.7400     70.606   104.0727     0.0874      7.994     4.6773     6.6843    203.854    208.888      12195          3  0.000e+00
   56.73730 -135.61868    150.637     52.492     52.004     8.7462    31.8534  1024.9337    24.6946     8.7409     70.600   104.0727     0.0581      7.994     4.6768     6.6837    203.834    208.868      12196          3  0.000e+00
   56.73730 -135.61868    150.637     52.492     52.004     8.7469    31.8533  1024.9334    24.6944     8.7416     70.594   104.0727     0.0581      7.994     4.6764     6.6830    203.814    208.848      12197          3  0.000e+00
   56.73730 -135.61868    150.517     52.371     51.884     8.7492    31.8526  1024.9320    24.6935     8.7439     70.588   104.0727     0.0581      7.994     4.6757     6.6821    203.786    208.818      12198          3  0.000e+00
   56.73730 -135.61868    150.581     52.435     51.948     8.7527    31.8516  1024.9310    24.6922     8.7474     70.583   104.0727     0.0581      7.994     4.6751     6.6811    203.757    208.788      12199          3  0.000e+00
   56.73730 -135.61868    150.637     52.492     52.005     8.7541    31.8504  1024.9301    24.6910     8.7488     70.578   104.0727     0.0581      7.994     4.6747     6.6805    203.739    208.770      12200          3  0.000e+00
   56.73730 -135.61868    150.461     52.314     51.828     8.7541    31.8499  1024.9289    24.6907     8.7488     70.572   104.0727     0.0581      7.994     4.6743     6.6800    203.722    208.752      12201          3  0.000e+00
   56.73730 -135.61868    150.517     52.371     51.884     8.7538    31.8505  1024.9296    24.6911     8.7485     70.513   104.0727     0.0581      7.994     4.6704     6.6744    203.553    208.579      12202          3  0.000e+00
   56.73730 -135.61868    150.461     52.314     51.828     8.7556    31.8494  1024.9283    24.6901     8.7503     70.557   104.0727     0.0581      7.994     4.6731     6.6784    203.673    208.702      12203          3  0.000e+00
   56.73730 -135.61868    150.461     52.314     51.828     8.7575    31.8489  1024.9276    24.6894     8.7522     70.554   104.0448     0.0581      7.994     4.6727     6.6778    203.655    208.683      12204          3  0.000e+00
   56.73730 -135.61868    150.341     52.193     51.708     8.7595    31.8477  1024.9258    24.6882     8.7542     70.549   104.0448     0.0581      7.994     4.6722     6.6771    203.635    208.662      12205          3  0.000e+00
   56.73730 -135.61868    150.517     52.371     51.884     8.7605    31.8476  1024.9264    24.6879     8.7552     70.555   104.0727     0.0581      7.994     4.6725     6.6775    203.647    208.675      12206          3  0.000e+00
   56.73730 -135.61868    150.341     52.193     51.708     8.7609    31.8473  1024.9253    24.6876     8.7556     70.558   104.0727     0.0581      7.994     4.6727     6.6777    203.655    208.683      12207          3  0.000e+00
   56.73730 -135.61868    150.341     52.193     51.708     8.7609    31.8470  1024.9250    24.6873     8.7556     70.556   104.0727     0.0581      7.994     4.6726     6.6776    203.651    208.678      12208          3  0.000e+00
   56.73730 -135.61868    150.277     52.128     51.644     8.7603    31.8472  1024.9250    24.6876     8.7550     70.554   104.0448     0.0581      7.994     4.6725     6.6775    203.647    208.675      12209          3  0.000e+00
   56.73730 -135.61868    150.285     52.136     51.652     8.7599    31.8473  1024.9251    24.6877     8.7546     70.553   104.0727     0.0581      7.994     4.6725     6.6775    203.646    208.674      12210          3  0.000e+00
   56.73730 -135.61868    150.277     52.128     51.644     8.7586    31.8477  1024.9256    24.6882     8.7534     70.560   104.0727     0.0581      7.994     4.6730     6.6782    203.669    208.698      12211          3  0.000e+00
   56.73730 -135.61868    150.221     52.072     51.588     8.7571    31.8485  1024.9262    24.6891     8.7518     70.559   104.0448     0.0581      7.994     4.6731     6.6784    203.673    208.702      12212          3  0.000e+00
   56.73730 -135.61868    150.221     52.072     51.588     8.7558    31.8487  1024.9266    24.6894     8.7505     70.559   104.0727     0.0581      7.994     4.6733     6.6786    203.680    208.708      12213          3  0.000e+00
   56.73730 -135.61868    150.165     52.015     51.532     8.7548    31.8489  1024.9267    24.6898     8.7495     70.559   104.0448     0.0581      7.994     4.6734     6.6787    203.684    208.712      12214          3  0.000e+00
   56.73730 -135.61868    150.109     51.959     51.476     8.7543    31.8494  1024.9268    24.6902     8.7491     70.559   104.0727     0.0581      7.994     4.6734     6.6788    203.685    208.714      12215          3  0.000e+00
   56.73730 -135.61868    150.165     52.015     51.532     8.7537    31.8497  1024.9274    24.6905     8.7484     70.561   104.0727     0.0581      7.994     4.6736     6.6790    203.692    208.721      12216          3  0.000e+00
   56.73730 -135.61868    150.045     51.894     51.412     8.7537    31.8500  1024.9271    24.6908     8.7484     70.561   104.0448     0.0581      7.994     4.6736     6.6790    203.692    208.721      12217          3  0.000e+00
   56.73730 -135.61868    150.045     51.894     51.412     8.7552    31.8497  1024.9266    24.6903     8.7500     70.562   104.0448     0.0581      7.994     4.6735     6.6789    203.688    208.718      12218          3  0.000e+00
   56.73730 -135.61870    150.045     51.894     51.412     8.7576    31.8490  1024.9257    24.6894     8.7523     70.563   104.0448     0.0581      7.994     4.6733     6.6787    203.683    208.712      12219          3  0.000e+00
   56.73730 -135.61870    149.989     51.837     51.356     8.7604    31.8482  1024.9244    24.6884     8.7552     70.565   104.0448     0.0581      7.994     4.6731     6.6784    203.674    208.703      12220          3  0.000e+00
   56.73730 -135.61870    149.868     51.716     51.236     8.7638    31.8464  1024.9219    24.6864     8.7586     70.620   104.0448     0.0581      7.994     4.6766     6.6833    203.823    208.855      12221          3  0.000e+00
   56.73730 -135.61870    150.101     51.951     51.468     8.7660    31.8451  1024.9217    24.6851     8.7607     70.631   104.0448     0.0581      7.994     4.6771     6.6840    203.847    208.879      12222          3  0.000e+00
   56.73730 -135.61870    149.868     51.716     51.236     8.7665    31.8448  1024.9203    24.6848     8.7612     70.583   104.0727     0.0581      7.994     4.6739     6.6794    203.706    208.735      12223          3  0.000e+00
   56.73730 -135.61870    149.868     51.716     51.236     8.7676    31.8443  1024.9197    24.6842     8.7623     70.586   104.0448     0.0581      7.994     4.6739     6.6795    203.709    208.737      12224          3  0.000e+00
   56.73730 -135.61870    149.868     51.716     51.236     8.7679    31.8448  1024.9201    24.6846     8.7627     70.643   104.0448     0.0581      7.994     4.6777     6.6849    203.873    208.906      12225          3  0.000e+00
   56.73730 -135.61870    149.868     51.716     51.236     8.7696    31.8434  1024.9187    24.6832     8.7643     70.653   104.0448     0.0581      7.994     4.6782     6.6856    203.895    208.928      12226          3  0.000e+00
   56.73730 -135.61870    149.748     51.595     51.116     8.7692    31.8433  1024.9181    24.6832     8.7640     70.606   104.0727     0.0581      7.994     4.6752     6.6813    203.763    208.792      12227          3  0.000e+00
   56.73730 -135.61870    149.812     51.660     51.180     8.7674    31.8445  1024.9197    24.6844     8.7622     70.610   104.0448     0.0581      7.994     4.6756     6.6819    203.781    208.811      12228          3  0.000e+00
