EcoFOCI/data/1_SampleCollection/2022_GOA-OA_CruiseData/CTD_raw_BottleFile_RC0083/RC0083_015.cnv
* Sea-Bird SBE 9 Data File:
* FileName = C:\Data\RC0083ctd\RC0083_015.hex
* Software Version Seasave V 7.26.7.107
* Temperature SN = 2060
* Conductivity SN = 1084
* Number of Bytes Per Scan = 31
* Number of Voltage Words = 4
* Number of Scans Averaged by the Deck Unit = 1
* NMEA Latitude = 55 47.82 N
* NMEA Longitude = 134 21.35 W
* NMEA UTC (Time) = Aug 13 2022  08:05:54
* NMEA baud rate = 4800
** Ship: R/V Rachel Carson
** Cruise ID: RC0083 RC0083
** Tech: McHugh/Nomura
** Chief Scientist: Cross Cross
** Station: POW2
** Cast:  015
# nquan = 19
# nvalues = 13897                                 
# units = specified
# name 0 = latitude: Latitude [deg]
# name 1 = longitude: Longitude [deg]
# name 2 = sfdSM: Seafloor depth [salt water, m]
# name 3 = prDM: Pressure, Digiquartz [db]
# name 4 = depSM: Depth [salt water, m]
# name 5 = t090C: Temperature [ITS-90, deg C]
# name 6 = sal00: Salinity, Practical [PSU]
# name 7 = density00: Density [density, kg/m^3]
# name 8 = sigma-é00: Density [sigma-theta, kg/m^3]
# name 9 = potemp090C: Potential Temperature [ITS-90, deg C]
# name 10 = sbeox0PS: Oxygen, SBE 43 [% saturation]
# name 11 = CStarTr0: Beam Transmission, WET Labs C-Star [%]
# name 12 = flECO-AFL: Fluorescence, WET Labs ECO-AFL/FL [mg/m^3]
# name 13 = ph: pH
# name 14 = sbeox0ML/L: Oxygen, SBE 43 [ml/l]
# name 15 = sbeox0Mg/L: Oxygen, SBE 43 [mg/l]
# name 16 = sbox0Mm/Kg: Oxygen, SBE 43 [umol/kg]
# name 17 = sbeox0Mm/L: Oxygen, SBE 43 [umol/l]
# name 18 = flag:  0.000e+00
# span 0 =   55.79704,   55.79744                 
# span 1 = -134.35580, -134.35456                 
# span 2 =      9.330,    111.616                 
# span 3 =      2.213,     88.856                 
# span 4 =      2.193,     88.030                 
# span 5 =     7.0278,    10.0992                 
# span 6 =    31.1783,    32.7263                 
# span 7 =  1023.9723,  1026.0313                 
# span 8 =    23.9584,    25.6253                 
# span 9 =     7.0199,    10.0988                 
# span 10 =     54.398,     98.473                
# span 11 =    80.6068,   103.1498                
# span 12 =    -0.0005,    11.1057                
# span 13 =      7.876,      8.199                
# span 14 =     3.7222,     6.3711                
# span 15 =     5.3193,     9.1049                
# span 16 =    162.084,    277.866                
# span 17 =    166.231,    284.533                
# span 18 = 0.0000e+00, 0.0000e+00                
# interval = seconds: 0.0416667
# start_time = Aug 13 2022 08:05:54 [NMEA time, header]
# bad_flag = -9.990e-29
*END*
[from data line 3734]
   55.79710 -134.35534     98.458     51.040     50.570     7.5090    32.4135  1025.5469    25.3132     7.5042     57.752   102.0310     0.2925      7.903     3.9197     5.6017    170.734    175.056  0.000e+00
   55.79710 -134.35534     98.394     50.975     50.506     7.5091    32.4136  1025.5467    25.3133     7.5044     57.747   101.9751     0.2925      7.903     3.9194     5.6012    170.720    175.041  0.000e+00
   55.79710 -134.35534     98.458     51.040     50.570     7.5091    32.4132  1025.5466    25.3129     7.5044     57.689   101.9471     0.2925      7.903     3.9155     5.5956    170.548    174.865  0.000e+00
   55.79710 -134.35534     98.450     51.032     50.562     7.5085    32.4139  1025.5472    25.3136     7.5038     57.736   101.9471     0.2925      7.903     3.9187     5.6002    170.688    175.009  0.000e+00
   55.79710 -134.35534     98.409     51.040     50.570     7.5080    32.4142  1025.5476    25.3139     7.5033     57.735   101.9471     0.2925      7.903     3.9187     5.6002    170.689    175.010  0.000e+00
   55.79710 -134.35534     98.441     51.097     50.626     7.5077    32.4140  1025.5477    25.3137     7.5030     57.737   101.9471     0.2925      7.903     3.9188     5.6004    170.695    175.016  0.000e+00
   55.79710 -134.35534     98.416     51.097     50.626     7.5070    32.4145  1025.5482    25.3142     7.5023     57.739   101.9471     0.2925      7.903     3.9190     5.6007    170.703    175.025  0.000e+00
   55.79710 -134.35534     98.416     51.097     50.626     7.5067    32.4145  1025.5483    25.3143     7.5020     57.687   101.9471     0.2925      7.903     3.9155     5.5957    170.550    174.867  0.000e+00
   55.79710 -134.35534     98.472     51.153     50.682     7.5060    32.4149  1025.5489    25.3147     7.5013     57.685   101.9471     0.2925      7.903     3.9154     5.5956    170.546    174.864  0.000e+00
   55.79710 -134.35534     98.472     51.153     50.682     7.5056    32.4152  1025.5492    25.3150     7.5008     57.684   101.9471     0.2925      7.903     3.9154     5.5955    170.545    174.862  0.000e+00
   55.79710 -134.35534     98.448     51.153     50.682     7.5052    32.4155  1025.5495    25.3153     7.5005     57.685   101.9471     0.2925      7.903     3.9155     5.5956    170.548    174.865  0.000e+00
   55.79710 -134.35534     98.504     51.210     50.738     7.5038    32.4162  1025.5505    25.3160     7.4991     57.632   101.9471     0.2339      7.903     3.9120     5.5906    170.396    174.710  0.000e+00
   55.79710 -134.35534     98.512     51.218     50.746     7.5018    32.4177  1025.5520    25.3175     7.4970     57.621   101.9471     0.1753      7.903     3.9114     5.5898    170.371    174.684  0.000e+00
   55.79710 -134.35534     98.479     51.210     50.738     7.4993    32.4197  1025.5539    25.3194     7.4946     57.612   101.9471     0.1753      7.903     3.9110     5.5892    170.351    174.664  0.000e+00
   55.79710 -134.35534     98.495     51.274     50.802     7.4997    32.4192  1025.5538    25.3190     7.4949     57.604   101.9471     0.2046      7.903     3.9104     5.5884    170.328    174.641  0.000e+00
   55.79710 -134.35534     98.551     51.331     50.858     7.4927    32.4241  1025.5589    25.3238     7.4879     57.599   101.9471     0.1753      7.903     3.9106     5.5886    170.334    174.647  0.000e+00
   55.79710 -134.35534     98.559     51.339     50.866     7.4807    32.4330  1025.5676    25.3325     7.4759     57.596   101.9471     0.2046      7.903     3.9112     5.5895    170.359    174.674  0.000e+00
   55.79710 -134.35532     98.559     51.339     50.866     7.4718    32.4391  1025.5736    25.3385     7.4670     57.593   101.9471     0.1753      7.903     3.9117     5.5902    170.379    174.696  0.000e+00
   55.79710 -134.35532     98.582     51.387     50.914     7.4637    32.4450  1025.5795    25.3442     7.4590     57.593   101.9471     0.2046      7.903     3.9122     5.5909    170.401    174.719  0.000e+00
   55.79710 -134.35532     98.573     51.452     50.978     7.4558    32.4510  1025.5857    25.3500     7.4511     57.594   101.9471     0.1753      7.903     3.9128     5.5918    170.427    174.747  0.000e+00
   55.79710 -134.35532     98.549     51.452     50.978     7.4519    32.4535  1025.5882    25.3525     7.4471     57.596   101.9471     0.2046      7.903     3.9132     5.5924    170.444    174.765  0.000e+00
   55.79710 -134.35532     98.573     51.452     50.978     7.4496    32.4548  1025.5896    25.3539     7.4449     57.591   101.9751     0.1753      7.903     3.9131     5.5922    170.437    174.759  0.000e+00
   55.79710 -134.35532     98.693     51.573     51.099     7.4479    32.4564  1025.5916    25.3554     7.4432     57.588   102.0590     0.2046      7.908     3.9130     5.5921    170.434    174.756  0.000e+00
   55.79710 -134.35532     98.693     51.573     51.099     7.4481    32.4561  1025.5913    25.3551     7.4434     57.530   102.0869     0.2046      7.903     3.9091     5.5864    170.262    174.579  0.000e+00
   55.79710 -134.35532     98.749     51.630     51.155     7.4476    32.4566  1025.5920    25.3556     7.4429     57.523   102.0869     0.1753      7.903     3.9086     5.5857    170.241    174.557  0.000e+00
   55.79710 -134.35532     98.749     51.630     51.155     7.4472    32.4573  1025.5927    25.3562     7.4425     57.516   102.0869     0.2046      7.903     3.9081     5.5851    170.222    174.538  0.000e+00
   55.79710 -134.35532     98.805     51.686     51.211     7.4483    32.4557  1025.5915    25.3548     7.4436     57.511   102.0869     0.1753      7.903     3.9078     5.5846    170.205    174.520  0.000e+00
   55.79710 -134.35532     98.813     51.695     51.219     7.4470    32.4566  1025.5924    25.3556     7.4422     57.508   102.0590     0.2046      7.903     3.9076     5.5844    170.199    174.514  0.000e+00
   55.79710 -134.35532     98.828     51.808     51.331     7.4447    32.4584  1025.5947    25.3574     7.4400     57.451   102.0869     0.1753      7.903     3.9039     5.5791    170.038    174.349  0.000e+00
   55.79710 -134.35532     98.738     51.816     51.339     7.4441    32.4589  1025.5952    25.3579     7.4393     57.444   102.0869     0.2046      7.903     3.9035     5.5784    170.017    174.329  0.000e+00
   55.79710 -134.35532     98.794     51.872     51.395     7.4433    32.4585  1025.5952    25.3577     7.4386     57.438   102.0869     0.2046      7.903     3.9032     5.5780    170.005    174.316  0.000e+00
   55.79710 -134.35532     98.818     51.872     51.395     7.4413    32.4604  1025.5970    25.3594     7.4366     57.435   102.0869     0.2632      7.903     3.9031     5.5779    170.000    174.311  0.000e+00
   55.79710 -134.35532     98.931     51.985     51.507     7.4365    32.4644  1025.6013    25.3632     7.4318     57.434   102.0869     0.2925      7.903     3.9033     5.5783    170.011    174.323  0.000e+00
   55.79710 -134.35532     98.914     51.994     51.515     7.4363    32.4647  1025.6016    25.3635     7.4316     57.378   102.0869     0.2925      7.903     3.8995     5.5728    169.846    174.154  0.000e+00
   55.79710 -134.35532     98.970     52.050     51.571     7.4401    32.4615  1025.5989    25.3605     7.4353     57.373   102.0869     0.2925      7.903     3.8989     5.5720    169.819    174.126  0.000e+00
   55.79710 -134.35532     98.995     52.050     51.571     7.4426    32.4595  1025.5970    25.3586     7.4378     57.361   102.0869     0.2925      7.903     3.8980     5.5706    169.779    174.084  0.000e+00
   55.79710 -134.35532     99.082     52.163     51.683     7.4426    32.4593  1025.5973    25.3584     7.4378     57.361   102.0869     0.2925      7.903     3.8980     5.5706    169.777    174.082  0.000e+00
   55.79710 -134.35532     99.090     52.171     51.691     7.4385    32.4620  1025.6000    25.3611     7.4337     57.306   102.0869     0.2925      7.903     3.8945     5.5657    169.628    173.930  0.000e+00
   55.79710 -134.35532     99.024     52.228     51.747     7.4340    32.4648  1025.6031    25.3639     7.4292     57.351   102.0869     0.2925      7.903     3.8979     5.5705    169.775    174.081  0.000e+00
   55.79710 -134.35532     99.015     52.293     51.811     7.4276    32.4692  1025.6078    25.3682     7.4228     57.294   102.0869     0.2925      7.903     3.8945     5.5656    169.624    173.927  0.000e+00
   55.79710 -134.35532     99.007     52.285     51.803     7.4209    32.4746  1025.6129    25.3734     7.4161     57.286   102.0869     0.2925      7.903     3.8944     5.5655    169.622    173.926  0.000e+00
   55.79710 -134.35532     99.151     52.406     51.923     7.4173    32.4773  1025.6161    25.3761     7.4125     57.282   102.0869     0.2925      7.903     3.8944     5.5655    169.619    173.923  0.000e+00
   55.79710 -134.35532     99.103     52.406     51.923     7.4149    32.4790  1025.6178    25.3777     7.4100     57.278   102.1149     0.2925      7.903     3.8943     5.5654    169.616    173.921  0.000e+00
   55.79710 -134.35532     99.045     52.470     51.987     7.4124    32.4803  1025.6195    25.3791     7.4076     57.278   102.1429     0.2925      7.903     3.8945     5.5656    169.622    173.927  0.000e+00
   55.79710 -134.35532     99.020     52.470     51.987     7.4081    32.4835  1025.6225    25.3822     7.4033     57.279   102.1429     0.2925      7.903     3.8948     5.5661    169.638    173.943  0.000e+00
   55.79710 -134.35532     99.132     52.584     52.099     7.4026    32.4873  1025.6268    25.3860     7.3977     57.227   102.1429     0.2925      7.903     3.8917     5.5617    169.501    173.804  0.000e+00
   55.79710 -134.35532     99.140     52.592     52.107     7.3983    32.4899  1025.6295    25.3886     7.3935     57.226   102.1149     0.2925      7.903     3.8919     5.5619    169.510    173.813  0.000e+00
   55.79710 -134.35532     99.099     52.648     52.163     7.3986    32.4903  1025.6300    25.3889     7.3938     57.226   102.1429     0.2925      7.903     3.8919     5.5620    169.510    173.814  0.000e+00
   55.79710 -134.35532     98.977     52.648     52.163     7.3985    32.4908  1025.6304    25.3893     7.3937     57.221   102.1429     0.2925      7.903     3.8916     5.5615    169.495    173.799  0.000e+00
   55.79710 -134.35532     99.033     52.705     52.219     7.3958    32.4929  1025.6327    25.3913     7.3909     57.219   102.1429     0.2925      7.903     3.8917     5.5616    169.497    173.801  0.000e+00
   55.79710 -134.35532     99.097     52.769     52.283     7.3947    32.4935  1025.6336    25.3919     7.3899     57.164   102.1429     0.2925      7.898     3.8879     5.5563    169.336    173.635  0.000e+00
   55.79710 -134.35532     99.064     52.761     52.275     7.3920    32.4947  1025.6349    25.3932     7.3872     57.151   102.1429     0.2632      7.898     3.8873     5.5553    169.307    173.606  0.000e+00
   55.79710 -134.35532     98.420     52.826     52.339     7.3891    32.4964  1025.6369    25.3949     7.3842     57.148   102.1429     0.2339      7.898     3.8873     5.5554    169.308    173.608  0.000e+00
   55.79710 -134.35532     98.037     52.883     52.396     7.3854    32.4994  1025.6401    25.3978     7.3805     57.148   102.1429     0.2339      7.898     3.8876     5.5557    169.318    173.619  0.000e+00
   55.79710 -134.35532     97.988     52.883     52.396     7.3833    32.5005  1025.6412    25.3990     7.3785     57.150   102.1429     0.2339      7.898     3.8878     5.5561    169.330    173.631  0.000e+00
   55.79710 -134.35532     98.012     52.883     52.396     7.3824    32.5012  1025.6419    25.3997     7.3776     57.154   102.1429     0.2339      7.898     3.8882     5.5566    169.345    173.646  0.000e+00
   55.79710 -134.35532     98.076     52.947     52.460     7.3828    32.5007  1025.6417    25.3992     7.3779     57.153   102.1429     0.2339      7.898     3.8881     5.5565    169.342    173.643  0.000e+00
   55.79710 -134.35532     98.213     53.060     52.572     7.3829    32.5002  1025.6419    25.3988     7.3781     57.155   102.1429     0.2339      7.898     3.8882     5.5567    169.347    173.648  0.000e+00
   55.79710 -134.35532     98.101     52.947     52.460     7.3816    32.5010  1025.6422    25.3996     7.3767     57.101   102.1429     0.2339      7.898     3.8847     5.5516    169.193    173.490  0.000e+00
   55.79710 -134.35532     98.221     53.068     52.580     7.3800    32.5025  1025.6441    25.4010     7.3752     57.156   102.1429     0.2339      7.898     3.8885     5.5571    169.360    173.661  0.000e+00
   55.79710 -134.35532     98.213     53.060     52.572     7.3785    32.5037  1025.6452    25.4021     7.3737     57.101   102.1429     0.2339      7.898     3.8848     5.5518    169.199    173.497  0.000e+00
   55.79710 -134.35532     98.196     53.068     52.580     7.3781    32.5036  1025.6453    25.4021     7.3733     57.096   102.1429     0.2339      7.898     3.8845     5.5514    169.186    173.483  0.000e+00
   55.79710 -134.35532     98.277     53.125     52.636     7.3772    32.5046  1025.6464    25.4030     7.3723     57.093   102.2548     0.2339      7.898     3.8844     5.5512    169.181    173.478  0.000e+00
   55.79710 -134.35532     98.252     53.125     52.636     7.3778    32.5043  1025.6461    25.4028     7.3729     57.036   102.3107     0.2339      7.898     3.8805     5.5457    169.011    173.304  0.000e+00
   55.79710 -134.35532     98.277     53.125     52.636     7.3783    32.5037  1025.6456    25.4022     7.3734     57.031   102.3107     0.2339      7.898     3.8801     5.5451    168.992    173.285  0.000e+00
   55.79710 -134.35532     98.333     53.182     52.692     7.3771    32.5042  1025.6464    25.4028     7.3723     57.028   102.2827     0.2339      7.898     3.8800     5.5449    168.988    173.281  0.000e+00
   55.79710 -134.35532     98.308     53.182     52.692     7.3774    32.5040  1025.6462    25.4026     7.3725     57.027   102.2827     0.2339      7.898     3.8799     5.5448    168.984    173.277  0.000e+00
   55.79710 -134.35532     98.308     53.182     52.692     7.3776    32.5042  1025.6463    25.4027     7.3727     57.028   102.2827     0.2339      7.898     3.8800     5.5449    168.988    173.280  0.000e+00
   55.79710 -134.35532     98.389     53.238     52.748     7.3779    32.5042  1025.6465    25.4026     7.3730     57.033   102.2827     0.2339      7.898     3.8803     5.5453    168.999    173.292  0.000e+00
   55.79710 -134.35532     98.397     53.246     52.756     7.3813    32.5014  1025.6439    25.4000     7.3764     57.039   102.2827     0.2339      7.898     3.8804     5.5455    169.008    173.301  0.000e+00
   55.79710 -134.35532     98.333     53.182     52.692     7.3838    32.4991  1025.6414    25.3978     7.3789     57.047   102.2827     0.2339      7.898     3.8808     5.5461    169.025    173.318  0.000e+00
   55.79710 -134.35532     98.364     53.238     52.748     7.3843    32.4989  1025.6415    25.3976     7.3794     57.059   102.2827     0.2339      7.898     3.8816     5.5472    169.058    173.351  0.000e+00
   55.79710 -134.35532     98.404     53.303     52.812     7.3862    32.4979  1025.6407    25.3965     7.3813     57.009   102.3107     0.2339      7.898     3.8781     5.5422    168.906    173.195  0.000e+00
   55.79710 -134.35532     98.315     53.238     52.748     7.3875    32.4969  1025.6394    25.3955     7.3826     57.010   102.2827     0.2339      7.898     3.8780     5.5421    168.904    173.193  0.000e+00
   55.79710 -134.35532     98.348     53.246     52.756     7.3884    32.4961  1025.6387    25.3948     7.3836     57.013   102.2827     0.2339      7.898     3.8782     5.5424    168.912    173.201  0.000e+00
