EcoFOCI/data/1_SampleCollection/2022_GOA-OA_CruiseData/CTD_raw_BottleFile_RC0083/RC0083_076.cnv
* Sea-Bird SBE 9 Data File:
* FileName = C:\Data\RC0083ctd\RC0083_076.hex
* Software Version Seasave V 7.26.7.107
* Temperature SN = 2060
* Conductivity SN = 1084
* Number of Bytes Per Scan = 31
* Number of Voltage Words = 4
* Number of Scans Averaged by the Deck Unit = 1
* NMEA Latitude = 58 24.84 N
* NMEA Longitude = 135 59.68 W
* NMEA UTC (Time) = Aug 21 2022  04:04:57
* NMEA baud rate = 4800
** Ship: R/V Rachel Carson
** Cruise ID: RC0083
** Tech: McHugh/Nomura
** Chief Scientist: Cross
** Station: GB01
** Cast:  CTD076
# nquan = 19
# nvalues = 8959                                  
# units = specified
# name 0 = latitude: Latitude [deg]
# name 1 = longitude: Longitude [deg]
# name 2 = sfdSM: Seafloor depth [salt water, m]
# name 3 = prDM: Pressure, Digiquartz [db]
# name 4 = depSM: Depth [salt water, m]
# name 5 = t090C: Temperature [ITS-90, deg C]
# name 6 = sal00: Salinity, Practical [PSU]
# name 7 = density00: Density [density, kg/m^3]
# name 8 = sigma-é00: Density [sigma-theta, kg/m^3]
# name 9 = potemp090C: Potential Temperature [ITS-90, deg C]
# name 10 = sbeox0PS: Oxygen, SBE 43 [% saturation]
# name 11 = CStarTr0: Beam Transmission, WET Labs C-Star [%]
# name 12 = flECO-AFL: Fluorescence, WET Labs ECO-AFL/FL [mg/m^3]
# name 13 = ph: pH
# name 14 = sbeox0ML/L: Oxygen, SBE 43 [ml/l]
# name 15 = sbeox0Mg/L: Oxygen, SBE 43 [mg/l]
# name 16 = sbox0Mm/Kg: Oxygen, SBE 43 [umol/kg]
# name 17 = sbeox0Mm/L: Oxygen, SBE 43 [umol/l]
# name 18 = flag:  0.000e+00
# span 0 =   58.41404,   58.41534                 
# span 1 = -135.99464, -135.99430                 
# span 2 =      6.220,     67.623                 
# span 3 =      2.894,     55.107                 
# span 4 =      2.867,     54.587                 
# span 5 =     7.6606,    10.2799                 
# span 6 =    27.1385,    31.5384                 
# span 7 =  1020.7941,  1024.8558                 
# span 8 =    20.7782,    24.6047                 
# span 9 =     7.6555,    10.2795                 
# span 10 =     55.754,     90.304                
# span 11 =    80.3271,    89.7526                
# span 12 =     0.2339,     3.7797                
# span 13 =      7.893,      8.176                
# span 14 =     3.7927,     6.0012                
# span 15 =     5.4202,     8.5763                
# span 16 =    165.317,    262.435                
# span 17 =    169.383,    268.013                
# span 18 = 0.0000e+00, 0.0000e+00                
# interval = seconds: 0.0416667
# start_time = Aug 21 2022 04:04:57 [NMEA time, header]
# bad_flag = -9.990e-29
*END*
[from data line 2210]
   58.41418 -135.99448     48.518     25.213     24.977     8.1710    30.0863  1023.5094    23.3939     8.1686     66.364    87.6270     1.0837      7.968     4.5049     6.4380    196.590    201.189  0.000e+00
   58.41418 -135.99448     56.326     25.157     24.921     8.1705    30.0873  1023.5101    23.3948     8.1682     66.258    87.6270     1.0837      7.968     4.4977     6.4277    196.277    200.868  0.000e+00
   58.41418 -135.99448     58.286     25.213     24.977     8.1699    30.0886  1023.5114    23.3959     8.1675     66.254    87.6270     1.1130      7.968     4.4975     6.4273    196.265    200.856  0.000e+00
   58.41418 -135.99448     57.993     25.213     24.977     8.1695    30.0895  1023.5122    23.3966     8.1672     66.253    87.6270     1.0837      7.968     4.4974     6.4273    196.263    200.855  0.000e+00
   58.41418 -135.99448     57.772     25.310     25.073     8.1694    30.0897  1023.5128    23.3968     8.1670     66.250    87.6270     1.0837      7.968     4.4973     6.4270    196.256    200.847  0.000e+00
   58.41418 -135.99448     57.667     25.278     25.041     8.1688    30.0909  1023.5137    23.3979     8.1664     66.196    87.6270     1.0837      7.968     4.4936     6.4218    196.094    200.683  0.000e+00
   58.41418 -135.99448     57.787     25.399     25.161     8.1686    30.0912  1023.5145    23.3981     8.1662     66.195    87.6270     1.1130      7.968     4.4935     6.4217    196.092    200.680  0.000e+00
   58.41418 -135.99448     57.747     25.335     25.097     8.1684    30.0913  1023.5143    23.3982     8.1661     66.197    87.6270     1.1130      7.968     4.4936     6.4219    196.098    200.686  0.000e+00
   58.41420 -135.99448     57.811     25.399     25.161     8.1683    30.0914  1023.5147    23.3983     8.1659     66.197    87.6270     1.1130      7.968     4.4937     6.4219    196.098    200.687  0.000e+00
   58.41420 -135.99448     57.867     25.456     25.217     8.1685    30.0912  1023.5148    23.3981     8.1661     66.145    87.6270     1.0837      7.968     4.4902     6.4169    195.946    200.531  0.000e+00
   58.41420 -135.99448     57.811     25.399     25.161     8.1683    30.0914  1023.5147    23.3983     8.1659     66.146    87.6270     1.0837      7.968     4.4902     6.4170    195.948    200.533  0.000e+00
   58.41420 -135.99448     57.867     25.456     25.217     8.1683    30.0920  1023.5154    23.3988     8.1659     66.089    87.6270     1.0837      7.968     4.4863     6.4114    195.779    200.360  0.000e+00
   58.41420 -135.99448     57.923     25.512     25.273     8.1675    30.0926  1023.5163    23.3994     8.1651     66.085    87.6270     1.0837      7.968     4.4861     6.4111    195.770    200.351  0.000e+00
   58.41420 -135.99448     54.226     25.577     25.337     8.1671    30.0931  1023.5170    23.3998     8.1647     66.085    87.6549     1.1130      7.968     4.4862     6.4112    195.772    200.353  0.000e+00
   58.41420 -135.99448     35.750     25.512     25.273     8.1665    30.0944  1023.5179    23.4010     8.1641     66.034    87.6549     1.1130      7.968     4.4827     6.4062    195.620    200.197  0.000e+00
   58.41420 -135.99448     27.902     25.577     25.337     8.1660    30.0943  1023.5181    23.4009     8.1636     66.084    87.6549     1.0837      7.968     4.4862     6.4112    195.771    200.352  0.000e+00
   58.41420 -135.99448     27.462     25.577     25.337     8.1658    30.0947  1023.5184    23.4012     8.1634     66.034    87.6549     1.1130      7.968     4.4828     6.4064    195.624    200.202  0.000e+00
   58.41420 -135.99448     28.275     25.633     25.393     8.1650    30.0958  1023.5197    23.4022     8.1626     66.031    87.6549     1.1130      7.968     4.4826     6.4061    195.615    200.193  0.000e+00
   58.41420 -135.99448     28.648     25.690     25.449     8.1623    30.0992  1023.5230    23.4053     8.1599     65.976    87.6549     1.0837      7.968     4.4791     6.4010    195.460    200.035  0.000e+00
   58.41420 -135.99448     28.673     25.690     25.449     8.1589    30.1058  1023.5286    23.4109     8.1565     65.973    87.6549     1.0837      7.968     4.4790     6.4010    195.458    200.034  0.000e+00
   58.41420 -135.99448     28.624     25.690     25.449     8.1543    30.1173  1023.5383    23.4206     8.1519     65.975    87.6549     1.1130      7.968     4.4793     6.4013    195.467    200.045  0.000e+00
   58.41420 -135.99448     28.688     25.755     25.513     8.1504    30.1295  1023.5487    23.4307     8.1480     65.927    87.6549     1.1130      7.968     4.4760     6.3967    195.323    199.900  0.000e+00
   58.41420 -135.99448     28.688     25.755     25.513     8.1470    30.1411  1023.5583    23.4403     8.1446     65.923    87.6549     1.1130      7.968     4.4758     6.3964    195.312    199.890  0.000e+00
   58.41420 -135.99448     28.744     25.811     25.569     8.1437    30.1537  1023.5689    23.4506     8.1413     65.924    87.6549     1.0837      7.968     4.4759     6.3965    195.312    199.892  0.000e+00
   58.41420 -135.99448     28.688     25.755     25.513     8.1411    30.1640  1023.5770    23.4590     8.1387     65.929    87.6549     1.0837      7.968     4.4761     6.3969    195.323    199.905  0.000e+00
   58.41420 -135.99448     28.808     25.876     25.633     8.1405    30.1679  1023.5807    23.4622     8.1381     65.939    87.6549     1.1130      7.968     4.4768     6.3978    195.351    199.934  0.000e+00
   58.41420 -135.99448     28.808     25.876     25.633     8.1406    30.1689  1023.5815    23.4629     8.1382     65.946    87.6549     1.1130      7.968     4.4772     6.3983    195.367    199.951  0.000e+00
   58.41420 -135.99448     28.808     25.876     25.633     8.1405    30.1697  1023.5822    23.4636     8.1381     65.901    87.6549     1.0837      7.968     4.4741     6.3940    195.234    199.815  0.000e+00
   58.41420 -135.99448     28.937     25.932     25.689     8.1399    30.1717  1023.5841    23.4652     8.1374     65.910    87.6549     1.0837      7.968     4.4747     6.3948    195.259    199.841  0.000e+00
   58.41420 -135.99448     45.030     25.932     25.689     8.1389    30.1748  1023.5867    23.4679     8.1365     65.867    87.6549     1.1130      7.963     4.4718     6.3907    195.132    199.711  0.000e+00
   58.41420 -135.99448     56.686     25.989     25.745     8.1382    30.1774  1023.5891    23.4700     8.1358     65.870    87.6549     1.1130      7.963     4.4720     6.3910    195.141    199.721  0.000e+00
   58.41420 -135.99448     58.639     25.989     25.745     8.1377    30.1785  1023.5900    23.4709     8.1353     65.877    87.6549     1.0837      7.963     4.4725     6.3917    195.162    199.743  0.000e+00
   58.41420 -135.99448     57.931     25.989     25.745     8.1372    30.1804  1023.5915    23.4724     8.1348     65.881    87.6549     1.1130      7.963     4.4728     6.3921    195.174    199.755  0.000e+00
   58.41420 -135.99446     57.531     26.053     25.809     8.1369    30.1819  1023.5930    23.4736     8.1345     65.890    87.7109     1.1130      7.963     4.4734     6.3929    195.199    199.781  0.000e+00
   58.41420 -135.99446     57.458     26.053     25.809     8.1367    30.1826  1023.5937    23.4743     8.1343     65.902    87.7389     1.1130      7.963     4.4742     6.3941    195.235    199.818  0.000e+00
   58.41420 -135.99446     57.563     26.110     25.866     8.1364    30.1840  1023.5950    23.4754     8.1340     65.856    87.7668     1.0837      7.963     4.4711     6.3896    195.099    199.679  0.000e+00
   58.41420 -135.99446     57.563     26.110     25.866     8.1362    30.1857  1023.5964    23.4768     8.1338     65.862    87.7389     1.0837      7.963     4.4715     6.3902    195.115    199.696  0.000e+00
   58.41420 -135.99446     57.587     26.110     25.865     8.1357    30.1871  1023.5976    23.4779     8.1333     65.817    87.7668     1.0544      7.963     4.4684     6.3858    194.982    199.560  0.000e+00
   58.41420 -135.99446     57.643     26.167     25.922     8.1360    30.1871  1023.5977    23.4778     8.1335     65.818    87.7389     1.0544      7.963     4.4685     6.3859    194.984    199.561  0.000e+00
   58.41420 -135.99446     57.683     26.231     25.986     8.1360    30.1869  1023.5979    23.4777     8.1335     65.823    87.7389     1.0544      7.963     4.4688     6.3864    194.998    199.577  0.000e+00
   58.41420 -135.99446     57.683     26.231     25.986     8.1357    30.1870  1023.5980    23.4778     8.1333     65.831    87.7389     1.0544      7.963     4.4694     6.3872    195.024    199.603  0.000e+00
   58.41420 -135.99446     57.707     26.231     25.986     8.1355    30.1882  1023.5990    23.4788     8.1330     65.844    87.7389     1.0544      7.963     4.4702     6.3884    195.061    199.640  0.000e+00
   58.41420 -135.99446     57.763     26.288     26.042     8.1353    30.1889  1023.5998    23.4794     8.1328     65.799    87.7668     1.0544      7.963     4.4672     6.3840    194.926    199.503  0.000e+00
   58.41420 -135.99446     58.789     26.288     26.042     8.1348    30.1901  1023.6009    23.4804     8.1323     65.798    87.7389     1.0544      7.963     4.4671     6.3839    194.924    199.501  0.000e+00
   58.41420 -135.99446     63.224     26.352     26.106     8.1336    30.1915  1023.6024    23.4817     8.1312     65.809    87.7668     1.0544      7.963     4.4679     6.3851    194.959    199.537  0.000e+00
   58.41420 -135.99446     65.031     26.352     26.106     8.1338    30.1917  1023.6026    23.4818     8.1313     65.815    87.7389     1.0544      7.963     4.4684     6.3857    194.979    199.557  0.000e+00
   58.41420 -135.99446     65.160     26.409     26.162     8.1335    30.1919  1023.6030    23.4820     8.1310     65.772    87.7668     1.0544      7.963     4.4654     6.3815    194.850    199.425  0.000e+00
   58.41420 -135.99446     64.989     26.409     26.162     8.1334    30.1925  1023.6035    23.4825     8.1309     65.772    87.7389     1.0544      7.963     4.4654     6.3816    194.851    199.427  0.000e+00
   58.41420 -135.99446     64.916     26.409     26.162     8.1330    30.1926  1023.6036    23.4826     8.1305     65.777    87.7668     1.0544      7.963     4.4658     6.3820    194.866    199.442  0.000e+00
   58.41420 -135.99446     64.972     26.465     26.218     8.1329    30.1931  1023.6043    23.4830     8.1304     65.792    87.7389     1.0544      7.963     4.4669     6.3836    194.913    199.490  0.000e+00
   58.41420 -135.99446     64.972     26.465     26.218     8.1327    30.1934  1023.6046    23.4833     8.1302     65.742    87.7668     1.0544      7.963     4.4635     6.3787    194.764    199.338  0.000e+00
   58.41420 -135.99446     65.061     26.530     26.282     8.1317    30.1954  1023.6066    23.4850     8.1292     65.745    87.7389     1.0544      7.963     4.4637     6.3790    194.773    199.347  0.000e+00
   58.41420 -135.99446     65.036     26.530     26.282     8.1307    30.1979  1023.6087    23.4871     8.1282     65.750    87.7389     1.0544      7.963     4.4641     6.3796    194.790    199.365  0.000e+00
   58.41420 -135.99446     65.061     26.530     26.282     8.1296    30.2002  1023.6106    23.4891     8.1271     65.760    87.6829     1.0544      7.963     4.4648     6.3806    194.820    199.396  0.000e+00
   58.41420 -135.99446     65.156     26.651     26.402     8.1283    30.2027  1023.6133    23.4912     8.1258     65.767    87.5990     1.0544      7.963     4.4653     6.3813    194.842    199.420  0.000e+00
   58.41420 -135.99446     65.156     26.651     26.402     8.1271    30.2053  1023.6155    23.4934     8.1247     65.776    87.5990     1.0544      7.963     4.4660     6.3823    194.872    199.450  0.000e+00
   58.41420 -135.99446     65.117     26.587     26.338     8.1267    30.2070  1023.6166    23.4948     8.1242     65.733    87.5990     1.0251      7.963     4.4631     6.3781    194.744    199.320  0.000e+00
   58.41420 -135.99446     65.181     26.651     26.402     8.1269    30.2075  1023.6173    23.4952     8.1244     65.743    87.5990     0.9958      7.963     4.4637     6.3791    194.773    199.349  0.000e+00
   58.41420 -135.99446     65.268     26.764     26.514     8.1270    30.2080  1023.6182    23.4956     8.1245     65.750    87.5990     0.9958      7.963     4.4641     6.3797    194.792    199.369  0.000e+00
   58.41420 -135.99446     65.212     26.708     26.458     8.1271    30.2083  1023.6181    23.4957     8.1246     65.704    87.5990     0.9958      7.963     4.4610     6.3752    194.655    199.228  0.000e+00
   58.41420 -135.99446     65.268     26.764     26.514     8.1274    30.2084  1023.6184    23.4958     8.1248     65.704    87.5990     0.9958      7.958     4.4609     6.3751    194.652    199.226  0.000e+00
   58.41420 -135.99446     65.268     26.764     26.514     8.1276    30.2083  1023.6183    23.4957     8.1251     65.706    87.5990     0.9958      7.963     4.4611     6.3754    194.659    199.233  0.000e+00
   58.41420 -135.99446     65.332     26.829     26.578     8.1276    30.2082  1023.6185    23.4956     8.1251     65.713    87.5990     0.9958      7.963     4.4616     6.3760    194.679    199.253  0.000e+00
   58.41420 -135.99446     65.315     26.885     26.634     8.1278    30.2082  1023.6188    23.4956     8.1253     65.716    87.5990     0.9958      7.963     4.4617     6.3763    194.686    199.261  0.000e+00
   58.41420 -135.99446     65.210     26.829     26.578     8.1274    30.2092  1023.6193    23.4964     8.1248     65.673    87.5990     0.9958      7.963     4.4588     6.3721    194.560    199.132  0.000e+00
   58.41420 -135.99446     65.266     26.885     26.634     8.1269    30.2104  1023.6206    23.4974     8.1243     65.676    87.5990     0.9958      7.958     4.4590     6.3724    194.569    199.141  0.000e+00
   58.41420 -135.99446     65.291     26.885     26.634     8.1260    30.2119  1023.6219    23.4987     8.1235     65.682    87.5990     0.9958      7.963     4.4595     6.3730    194.588    199.160  0.000e+00
   58.41420 -135.99446     65.411     27.007     26.754     8.1249    30.2145  1023.6247    23.5009     8.1224     65.630    87.5990     0.9958      7.963     4.4560     6.3681    194.435    199.004  0.000e+00
   58.41420 -135.99446     65.347     26.942     26.690     8.1234    30.2172  1023.6267    23.5032     8.1209     65.628    87.5990     0.9958      7.963     4.4559     6.3680    194.432    199.002  0.000e+00
   58.41420 -135.99446     65.386     27.007     26.754     8.1231    30.2179  1023.6276    23.5039     8.1206     65.630    87.5990     0.9958      7.958     4.4561     6.3682    194.440    199.010  0.000e+00
   58.41420 -135.99446     65.386     27.007     26.754     8.1221    30.2201  1023.6295    23.5057     8.1196     65.629    87.5990     0.9958      7.963     4.4560     6.3681    194.437    199.007  0.000e+00
   58.41420 -135.99446     65.467     27.063     26.810     8.1213    30.2215  1023.6309    23.5069     8.1188     65.631    87.5990     0.9958      7.963     4.4562     6.3684    194.444    199.015  0.000e+00
   58.41420 -135.99446     65.418     27.063     26.810     8.1210    30.2221  1023.6314    23.5074     8.1185     65.635    87.5990     0.9958      7.963     4.4566     6.3689    194.459    199.030  0.000e+00
   58.41420 -135.99446     65.384     27.128     26.874     8.1210    30.2220  1023.6317    23.5074     8.1185     65.589    87.6270     0.9958      7.958     4.4534     6.3643    194.320    198.888  0.000e+00
   58.41420 -135.99446     65.335     27.128     26.874     8.1205    30.2233  1023.6327    23.5084     8.1180     65.593    87.7389     0.9958      7.958     4.4537     6.3648    194.334    198.902  0.000e+00
