EcoFOCI/data/1_SampleCollection/2022_GOA-OA_CruiseData/CTD_raw_BottleFile_RC0083/RC0083_026.ros
* Sea-Bird SBE 9 Data File:
* FileName = C:\Data\RC0083ctd\RC0083_026.hex
* Software Version Seasave V 7.26.7.107
* Temperature SN = 2060
* Conductivity SN = 1084
* Number of Bytes Per Scan = 31
* Number of Voltage Words = 4
* Number of Scans Averaged by the Deck Unit = 1
* NMEA Latitude = 59 19.14 N
* NMEA Longitude = 135 22.97 W
* NMEA UTC (Time) = Aug 17 2022  16:53:25
* NMEA baud rate = 4800
** Ship: R/V Rachel Carson
** Cruise ID: RC0083
** Tech: McHugh/Nomura
** Chief Scientist: Cross
** Station: LC05
** Cast:  CTD026
# nquan = 21
# nvalues = 392                                   
# units = specified
# name 0 = latitude: Latitude [deg]
# name 1 = longitude: Longitude [deg]
# name 2 = sfdSM: Seafloor depth [salt water, m]
# name 3 = prDM: Pressure, Digiquartz [db]
# name 4 = depSM: Depth [salt water, m]
# name 5 = t090C: Temperature [ITS-90, deg C]
# name 6 = sal00: Salinity, Practical [PSU]
# name 7 = density00: Density [density, kg/m^3]
# name 8 = sigma-é00: Density [sigma-theta, kg/m^3]
# name 9 = potemp090C: Potential Temperature [ITS-90, deg C]
# name 10 = sbeox0PS: Oxygen, SBE 43 [% saturation]
# name 11 = CStarTr0: Beam Transmission, WET Labs C-Star [%]
# name 12 = flECO-AFL: Fluorescence, WET Labs ECO-AFL/FL [mg/m^3]
# name 13 = ph: pH
# name 14 = sbeox0ML/L: Oxygen, SBE 43 [ml/l]
# name 15 = sbeox0Mg/L: Oxygen, SBE 43 [mg/l]
# name 16 = sbox0Mm/Kg: Oxygen, SBE 43 [umol/kg]
# name 17 = sbeox0Mm/L: Oxygen, SBE 43 [umol/l]
# name 18 = scan: Scan Count
# name 19 = nbf: Bottles Fired
# name 20 = flag:  0.000e+00
# interval = seconds: 0.0416667
# start_time = Aug 17 2022 16:53:25 [NMEA time, header]
# bad_flag = -9.990e-29
*END*
[from data line 276]
   59.32914 -135.38110    123.956     25.565     25.323     7.2034    29.6729  1023.3176    23.1998     7.2012     82.113    95.4863     0.0288      8.043     5.7142     8.1662    249.410    255.196      41750          6  0.000e+00
   59.32914 -135.38110    123.956     25.565     25.323     7.2031    29.6728  1023.3176    23.1998     7.2010     82.118    95.4863     0.0288      8.043     5.7146     8.1667    249.426    255.213      41751          6  0.000e+00
   59.32914 -135.38110    124.068     25.678     25.435     7.2030    29.6732  1023.3184    23.2001     7.2008     82.124    95.4863     0.0288      8.043     5.7150     8.1673    249.446    255.233      41752          6  0.000e+00
   59.32914 -135.38110    124.107     25.742     25.499     7.2031    29.6729  1023.3185    23.1998     7.2009     82.075    95.4863     0.0288      8.043     5.7116     8.1624    249.295    255.079      41753          6  0.000e+00
   59.32914 -135.38110    124.188     25.799     25.555     7.2028    29.6734  1023.3192    23.2003     7.2006     82.074    95.4863    -0.0005      8.043     5.7116     8.1624    249.295    255.079      41754          6  0.000e+00
   59.32914 -135.38110    124.188     25.799     25.555     7.2030    29.6733  1023.3191    23.2002     7.2008     82.129    95.4863    -0.0005      8.043     5.7154     8.1678    249.460    255.248      41755          6  0.000e+00
   59.32914 -135.38110    124.308     25.920     25.675     7.2030    29.6728  1023.3193    23.1998     7.2008     82.082    95.4303    -0.0005      8.043     5.7121     8.1631    249.318    255.102      41756          6  0.000e+00
   59.32914 -135.38110    124.132     25.742     25.499     7.2031    29.6734  1023.3189    23.2002     7.2009     82.136    95.3464    -0.0005      8.043     5.7158     8.1685    249.480    255.268      41757          6  0.000e+00
   59.32914 -135.38110    124.484     26.098     25.852     7.2033    29.6729  1023.3201    23.1998     7.2011     82.147    95.3464    -0.0005      8.043     5.7166     8.1696    249.515    255.304      41758          6  0.000e+00
   59.32914 -135.38110    124.364     25.977     25.732     7.2030    29.6728  1023.3195    23.1998     7.2008     82.154    95.3464    -0.0005      8.043     5.7171     8.1704    249.538    255.327      41759          6  0.000e+00
   59.32914 -135.38110    124.308     25.920     25.676     7.2027    29.6734  1023.3198    23.2003     7.2004     82.107    95.3464    -0.0005      8.043     5.7138     8.1657    249.394    255.181      41760          6  0.000e+00
   59.32914 -135.38110    124.364     25.977     25.732     7.2022    29.6729  1023.3197    23.2000     7.1999     82.157    95.3464    -0.0005      8.043     5.7174     8.1708    249.551    255.341      41761          6  0.000e+00
   59.32914 -135.38110    124.364     25.977     25.732     7.2014    29.6732  1023.3200    23.2003     7.1992     82.159    95.3464    -0.0005      8.043     5.7177     8.1711    249.560    255.350      41762          6  0.000e+00
   59.32914 -135.38110    124.308     25.920     25.676     7.2009    29.6735  1023.3201    23.2006     7.1987     82.160    95.3464    -0.0005      8.043     5.7178     8.1713    249.566    255.356      41763          6  0.000e+00
   59.32914 -135.38110    124.308     25.920     25.676     7.2002    29.6734  1023.3201    23.2006     7.1980     82.162    95.3464    -0.0005      8.043     5.7180     8.1716    249.575    255.365      41764          6  0.000e+00
   59.32914 -135.38110    124.364     25.977     25.732     7.1996    29.6742  1023.3210    23.2013     7.1974     82.171    95.3464    -0.0005      8.043     5.7187     8.1726    249.607    255.398      41765          6  0.000e+00
   59.32914 -135.38110    124.364     25.977     25.732     7.1991    29.6739  1023.3209    23.2012     7.1969     82.181    95.3464    -0.0005      8.043     5.7195     8.1737    249.639    255.431      41766          6  0.000e+00
   59.32914 -135.38110    124.428     26.041     25.796     7.1988    29.6736  1023.3210    23.2010     7.1966     82.191    95.3185    -0.0005      8.043     5.7202     8.1748    249.673    255.465      41767          6  0.000e+00
   59.33000 -135.38092    110.715     12.197     12.083     8.2515    28.5033  1022.1985    22.1425     8.2504     87.168    96.4652     0.1753      8.115     5.9674     8.5280    260.732    266.505      44418          7  0.000e+00
   59.33000 -135.38092    110.715     12.197     12.083     8.2530    28.5019  1022.1972    22.1412     8.2519     87.168    96.4652     0.1753      8.115     5.9673     8.5278    260.725    266.498      44419          7  0.000e+00
   59.33000 -135.38092    110.563     12.044     11.931     8.2560    28.4988  1022.1936    22.1383     8.2549     87.166    96.4652     0.1753      8.115     5.9669     8.5272    260.708    266.480      44420          7  0.000e+00
   59.33000 -135.38092    110.659     12.141     12.027     8.2581    28.4962  1022.1918    22.1360     8.2570     87.167    96.4652     0.1753      8.115     5.9667     8.5271    260.704    266.474      44421          7  0.000e+00
   59.33000 -135.38092    110.595     12.076     11.963     8.2582    28.4963  1022.1915    22.1361     8.2571     87.166    96.4652     0.1753      8.115     5.9667     8.5270    260.701    266.472      44422          7  0.000e+00
   59.33000 -135.38092    110.627     12.108     11.995     8.2570    28.4980  1022.1932    22.1376     8.2559     87.167    96.4372     0.1753      8.115     5.9668     8.5272    260.708    266.479      44423          7  0.000e+00
   59.33000 -135.38092    110.659     12.141     12.027     8.2568    28.4970  1022.1926    22.1368     8.2557     87.168    96.2135     0.1753      8.115     5.9670     8.5274    260.713    266.484      44424          7  0.000e+00
   59.33000 -135.38092    110.595     12.076     11.963     8.2586    28.4933  1022.1892    22.1337     8.2575     87.167    95.9617     0.1753      8.115     5.9668     8.5272    260.707    266.478      44425          7  0.000e+00
   59.33000 -135.38092    110.659     12.141     12.027     8.2605    28.4900  1022.1866    22.1309     8.2594     87.168    95.9058     0.1753      8.115     5.9667     8.5271    260.704    266.474      44426          7  0.000e+00
   59.33000 -135.38092    110.563     12.044     11.931     8.2630    28.4864  1022.1830    22.1276     8.2619     87.167    95.9058     0.2046      8.115     5.9664     8.5266    260.693    266.462      44427          7  0.000e+00
   59.33000 -135.38092    110.659     12.141     12.027     8.2647    28.4829  1022.1804    22.1247     8.2635     87.168    95.9338     0.2046      8.115     5.9664     8.5266    260.693    266.461      44428          7  0.000e+00
   59.33000 -135.38092    110.659     12.141     12.027     8.2663    28.4802  1022.1782    22.1224     8.2651     87.168    95.9338     0.2046      8.115     5.9663     8.5265    260.689    266.456      44429          7  0.000e+00
   59.33000 -135.38092    110.595     12.076     11.963     8.2665    28.4797  1022.1774    22.1219     8.2654     87.167    95.9338     0.2046      8.115     5.9663     8.5264    260.687    266.454      44430          7  0.000e+00
   59.33000 -135.38092    110.747     12.230     12.115     8.2671    28.4792  1022.1776    22.1215     8.2660     87.224    95.9338     0.2046      8.115     5.9701     8.5319    260.854    266.625      44431          7  0.000e+00
   59.33000 -135.38092    110.659     12.141     12.027     8.2672    28.4789  1022.1769    22.1212     8.2661     87.230    95.9338     0.2046      8.115     5.9705     8.5324    260.872    266.642      44432          7  0.000e+00
   59.33000 -135.38092    110.659     12.141     12.027     8.2676    28.4786  1022.1767    22.1209     8.2665     87.237    95.9338     0.2046      8.115     5.9709     8.5330    260.890    266.661      44433          7  0.000e+00
   59.33000 -135.38092    110.715     12.198     12.083     8.2671    28.4798  1022.1780    22.1219     8.2660     87.244    95.9338     0.2046      8.115     5.9714     8.5337    260.911    266.683      44434          7  0.000e+00
   59.33002 -135.38092    110.747     12.230     12.115     8.2668    28.4799  1022.1783    22.1221     8.2656     87.195    95.9338     0.2046      8.115     5.9681     8.5291    260.768    266.537      44435          7  0.000e+00
   59.33002 -135.38092    110.771     12.254     12.139     8.2660    28.4815  1022.1797    22.1235     8.2649     87.195    95.9338     0.2046      8.115     5.9681     8.5291    260.768    266.537      44436          7  0.000e+00
   59.33002 -135.38092    110.771     12.254     12.139     8.2647    28.4834  1022.1814    22.1251     8.2635     87.249    95.9338     0.2046      8.115     5.9720     8.5345    260.935    266.708      44437          7  0.000e+00
   59.33002 -135.38092    110.715     12.198     12.083     8.2663    28.4811  1022.1791    22.1231     8.2651     87.254    95.9338     0.2046      8.115     5.9722     8.5348    260.944    266.717      44438          7  0.000e+00
   59.33002 -135.38092    110.859     12.343     12.227     8.2672    28.4801  1022.1788    22.1221     8.2661     87.261    95.9338     0.2046      8.115     5.9725     8.5354    260.961    266.734      44439          7  0.000e+00
   59.33002 -135.38092    110.891     12.375     12.259     8.2677    28.4803  1022.1791    22.1222     8.2666     87.266    95.9338     0.2046      8.115     5.9728     8.5358    260.974    266.747      44440          7  0.000e+00
   59.33002 -135.38092    110.836     12.319     12.203     8.2658    28.4834  1022.1815    22.1249     8.2646     87.264    95.9338     0.2046      8.115     5.9728     8.5357    260.972    266.746      44441          7  0.000e+00
   59.33002 -135.38092    110.860     12.343     12.227     8.2622    28.4886  1022.1862    22.1295     8.2611     87.269    95.9338     0.2046      8.115     5.9734     8.5367    260.998    266.774      44442          7  0.000e+00
   59.33002 -135.38092    110.892     12.375     12.259     8.2575    28.4954  1022.1923    22.1354     8.2564     87.274    95.9338     0.2046      8.115     5.9742     8.5377    261.029    266.806      44443          7  0.000e+00
   59.33002 -135.38092    110.956     12.440     12.323     8.2527    28.5037  1022.1998    22.1427     8.2516     87.279    95.7939     0.2046      8.115     5.9749     8.5387    261.057    266.837      44444          7  0.000e+00
   59.33002 -135.38092    110.956     12.440     12.323     8.2487    28.5107  1022.2058    22.1487     8.2475     87.283    95.5702     0.2046      8.115     5.9754     8.5395    261.080    266.862      44445          7  0.000e+00
   59.33002 -135.38092    110.980     12.464     12.347     8.2458    28.5156  1022.2101    22.1529     8.2446     87.287    95.5142     0.2046      8.115     5.9759     8.5402    261.099    266.884      44446          7  0.000e+00
   59.33002 -135.38092    110.956     12.440     12.323     8.2440    28.5175  1022.2117    22.1546     8.2429     87.290    95.5142     0.1753      8.115     5.9763     8.5407    261.115    266.900      44447          7  0.000e+00
   59.33002 -135.38092    111.012     12.497     12.379     8.2428    28.5197  1022.2140    22.1566     8.2417     87.293    95.5142     0.1753      8.115     5.9766     8.5411    261.128    266.913      44448          7  0.000e+00
   59.33002 -135.38092    111.068     12.553     12.435     8.2409    28.5242  1022.2180    22.1603     8.2397     87.352    95.5422     0.1753      8.115     5.9806     8.5469    261.305    267.095      44449          7  0.000e+00
   59.33002 -135.38092    111.036     12.521     12.403     8.2392    28.5284  1022.2213    22.1638     8.2381     87.305    95.5422     0.1753      8.115     5.9775     8.5425    261.168    266.957      44450          7  0.000e+00
   59.33002 -135.38092    111.132     12.618     12.499     8.2375    28.5327  1022.2254    22.1674     8.2364     87.308    95.5422     0.1753      8.116     5.9778     8.5428    261.178    266.968      44451          7  0.000e+00
   59.33002 -135.38092    111.068     12.553     12.435     8.2347    28.5378  1022.2295    22.1718     8.2335     87.309    95.5422     0.1753      8.116     5.9780     8.5432    261.188    266.979      44452          7  0.000e+00
   59.33002 -135.38092    111.132     12.618     12.499     8.2314    28.5429  1022.2342    22.1763     8.2302     87.311    95.5142     0.1753      8.111     5.9784     8.5438    261.204    266.997      44453          7  0.000e+00
   59.33002 -135.38092    111.100     12.586     12.467     8.2289    28.5475  1022.2380    22.1802     8.2278     87.312    95.5422     0.1753      8.116     5.9786     8.5441    261.212    267.005      44454          7  0.000e+00
   59.33002 -135.38092    111.132     12.618     12.499     8.2264    28.5518  1022.2419    22.1839     8.2252     87.313    95.5422     0.1753      8.116     5.9789     8.5444    261.222    267.017      44455          7  0.000e+00
   59.33002 -135.38092    111.188     12.675     12.555     8.2255    28.5535  1022.2436    22.1854     8.2243     87.314    95.5422     0.1753      8.116     5.9790     8.5446    261.226    267.022      44456          7  0.000e+00
   59.33002 -135.38092    111.132     12.618     12.499     8.2243    28.5557  1022.2452    22.1872     8.2231     87.313    95.5422     0.1753      8.116     5.9790     8.5446    261.227    267.023      44457          7  0.000e+00
   59.33002 -135.38092    111.156     12.642     12.523     8.2209    28.5634  1022.2518    22.1937     8.2197     87.313    95.5422     0.1753      8.116     5.9792     8.5449    261.233    267.031      44458          7  0.000e+00
   59.33002 -135.38092    111.132     12.618     12.499     8.2187    28.5755  1022.2615    22.2035     8.2175     87.312    95.5422     0.1753      8.116     5.9790     8.5445    261.221    267.021      44459          7  0.000e+00
   59.33002 -135.38092    111.188     12.675     12.555     8.2200    28.5883  1022.2716    22.2134     8.2189     87.312    95.5422     0.1753      8.116     5.9782     8.5435    261.186    266.988      44460          7  0.000e+00
   59.33002 -135.38092    111.068     12.554     12.435     8.2229    28.5979  1022.2782    22.2205     8.2217     87.308    95.5422     0.1753      8.116     5.9773     8.5421    261.142    266.944      44461          7  0.000e+00
   59.33002 -135.38092    111.276     12.764     12.644     8.2248    28.6035  1022.2833    22.2247     8.2236     87.309    95.5142     0.1753      8.116     5.9768     8.5415    261.121    266.924      44462          7  0.000e+00
   59.33002 -135.38092    111.188     12.675     12.556     8.2262    28.6072  1022.2856    22.2273     8.2251     87.305    95.5422     0.1753      8.116     5.9762     8.5406    261.095    266.899      44463          7  0.000e+00
   59.33002 -135.38092    111.188     12.675     12.556     8.2269    28.6104  1022.2880    22.2298     8.2257     87.303    95.5702     0.1753      8.116     5.9759     8.5401    261.078    266.882      44464          7  0.000e+00
   59.33002 -135.38092    111.188     12.675     12.556     8.2273    28.6127  1022.2897    22.2315     8.2262     87.300    95.7939     0.1753      8.116     5.9755     8.5396    261.063    266.867      44465          7  0.000e+00
   59.33002 -135.38092    111.156     12.643     12.524     8.2277    28.6149  1022.2912    22.2331     8.2265     87.242    95.8778     0.1753      8.116     5.9714     8.5337    260.883    266.683      44466          7  0.000e+00
   59.33064 -135.38082      4.363      2.481      2.458    10.9870    11.1128  1008.2561     8.2445    10.9868    100.441    74.8452     3.1643      8.332     7.2261    10.3268    320.080    322.718      46126          8  0.000e+00
