EcoFOCI/data/1_SampleCollection/2022_GOA-OA_CruiseData/CTD_raw_BottleFile_RC0083/RC0083_076.ros
* Sea-Bird SBE 9 Data File:
* FileName = C:\Data\RC0083ctd\RC0083_076.hex
* Software Version Seasave V 7.26.7.107
* Temperature SN = 2060
* Conductivity SN = 1084
* Number of Bytes Per Scan = 31
* Number of Voltage Words = 4
* Number of Scans Averaged by the Deck Unit = 1
* NMEA Latitude = 58 24.84 N
* NMEA Longitude = 135 59.68 W
* NMEA UTC (Time) = Aug 21 2022  04:04:57
* NMEA baud rate = 4800
** Ship: R/V Rachel Carson
** Cruise ID: RC0083
** Tech: McHugh/Nomura
** Chief Scientist: Cross
** Station: GB01
** Cast:  CTD076
# nquan = 21
# nvalues = 196                                   
# units = specified
# name 0 = latitude: Latitude [deg]
# name 1 = longitude: Longitude [deg]
# name 2 = sfdSM: Seafloor depth [salt water, m]
# name 3 = prDM: Pressure, Digiquartz [db]
# name 4 = depSM: Depth [salt water, m]
# name 5 = t090C: Temperature [ITS-90, deg C]
# name 6 = sal00: Salinity, Practical [PSU]
# name 7 = density00: Density [density, kg/m^3]
# name 8 = sigma-é00: Density [sigma-theta, kg/m^3]
# name 9 = potemp090C: Potential Temperature [ITS-90, deg C]
# name 10 = sbeox0PS: Oxygen, SBE 43 [% saturation]
# name 11 = CStarTr0: Beam Transmission, WET Labs C-Star [%]
# name 12 = flECO-AFL: Fluorescence, WET Labs ECO-AFL/FL [mg/m^3]
# name 13 = ph: pH
# name 14 = sbeox0ML/L: Oxygen, SBE 43 [ml/l]
# name 15 = sbeox0Mg/L: Oxygen, SBE 43 [mg/l]
# name 16 = sbox0Mm/Kg: Oxygen, SBE 43 [umol/kg]
# name 17 = sbeox0Mm/L: Oxygen, SBE 43 [umol/l]
# name 18 = scan: Scan Count
# name 19 = nbf: Bottles Fired
# name 20 = flag:  0.000e+00
# interval = seconds: 0.0416667
# start_time = Aug 21 2022 04:04:57 [NMEA time, header]
# bad_flag = -9.990e-29
*END*
[from data line 138]
   58.41508 -135.99434     64.073     10.249     10.153     8.7595    28.7801  1022.3344    22.2875     8.7585     75.398    84.0469     2.3438      8.037     5.0935     7.2792    222.518    227.477       7622          3  0.000e+00
   58.41508 -135.99434     64.073     10.224     10.129     8.7599    28.7800  1022.3341    22.2873     8.7589     75.398    84.0190     2.3438      8.037     5.0935     7.2791    222.516    227.475       7623          3  0.000e+00
   58.41508 -135.99434     64.137     10.289     10.193     8.7600    28.7798  1022.3343    22.2872     8.7590     75.399    84.0190     2.3438      8.037     5.0935     7.2792    222.518    227.478       7624          3  0.000e+00
   58.41508 -135.99434     64.097     10.249     10.153     8.7595    28.7799  1022.3342    22.2873     8.7585     75.399    84.0190     2.3438      8.037     5.0936     7.2792    222.520    227.479       7625          3  0.000e+00
   58.41508 -135.99434     64.137     10.289     10.193     8.7584    28.7808  1022.3353    22.2882     8.7574     75.399    84.0190     2.3145      8.037     5.0937     7.2795    222.527    227.487       7626          3  0.000e+00
   58.41508 -135.99434     64.073     10.224     10.129     8.7577    28.7811  1022.3353    22.2885     8.7568     75.399    84.0190     2.3438      8.037     5.0938     7.2795    222.529    227.489       7627          3  0.000e+00
   58.41508 -135.99434     64.097     10.249     10.153     8.7575    28.7810  1022.3354    22.2885     8.7565     75.407    84.0190     2.3438      8.037     5.0943     7.2803    222.553    227.513       7628          3  0.000e+00
   58.41508 -135.99434     64.137     10.289     10.193     8.7577    28.7812  1022.3357    22.2886     8.7567     75.408    84.0190     2.3145      8.037     5.0944     7.2804    222.554    227.514       7629          3  0.000e+00
   58.41508 -135.99434     64.137     10.289     10.193     8.7576    28.7814  1022.3359    22.2888     8.7566     75.408    84.0190     2.3438      8.037     5.0944     7.2804    222.556    227.516       7630          3  0.000e+00
   58.41530 -135.99440     10.522      3.153      3.123     9.7794    27.6316  1021.2538    21.2394     9.7791     85.576    80.6347     3.3987      8.143     5.6929     8.1357    248.957    254.245       8828          4  0.000e+00
   58.41530 -135.99440     10.514      3.193      3.163     9.7794    27.6331  1021.2552    21.2406     9.7791     85.517    80.6347     3.3987      8.143     5.6890     8.1301    248.785    254.069       8829          4  0.000e+00
   58.41530 -135.99440     10.530      3.209      3.179     9.7757    27.6377  1021.2595    21.2448     9.7753     85.506    80.6347     3.3987      8.147     5.6885     8.1295    248.764    254.049       8830          4  0.000e+00
   58.41530 -135.99440     10.570      3.249      3.219     9.7706    27.6416  1021.2634    21.2486     9.7702     85.494    80.6347     3.3987      8.143     5.6882     8.1290    248.751    254.036       8831          4  0.000e+00
   58.41530 -135.99440     10.450      3.128      3.099     9.7644    27.6479  1021.2688    21.2545     9.7641     85.534    80.6347     3.3694      8.148     5.6914     8.1336    248.888    254.178       8832          4  0.000e+00
   58.41530 -135.99440     10.594      3.274      3.243     9.7545    27.6575  1021.2784    21.2635     9.7542     85.528    80.6347     3.3401      8.148     5.6919     8.1343    248.907    254.200       8833          4  0.000e+00
   58.41530 -135.99440     10.514      3.193      3.163     9.7467    27.6662  1021.2860    21.2714     9.7464     85.517    80.7466     3.3108      8.148     5.6919     8.1343    248.905    254.200       8834          4  0.000e+00
   58.41530 -135.99440     10.530      3.209      3.179     9.7363    27.6780  1021.2968    21.2822     9.7360     85.507    80.9144     3.3108      8.148     5.6921     8.1346    248.911    254.209       8835          4  0.000e+00
   58.41530 -135.99440     10.570      3.249      3.219     9.7308    27.6850  1021.3033    21.2885     9.7305     85.502    80.9424     3.3108      8.148     5.6922     8.1347    248.914    254.213       8836          4  0.000e+00
   58.41530 -135.99440     10.530      3.209      3.179     9.7268    27.6882  1021.3062    21.2916     9.7265     85.495    80.9424     3.3108      8.148     5.6921     8.1346    248.909    254.208       8837          4  0.000e+00
   58.41530 -135.99440     10.570      3.249      3.219     9.7303    27.6829  1021.3018    21.2869     9.7300     85.486    80.9144     3.3108      8.148     5.6913     8.1334    248.874    254.171       8838          4  0.000e+00
   58.41530 -135.99440     10.530      3.209      3.179     9.7365    27.6763  1021.2955    21.2808     9.7362     85.482    80.9144     3.3108      8.148     5.6904     8.1322    248.839    254.135       8839          4  0.000e+00
   58.41530 -135.99440     12.450      3.249      3.219     9.7408    27.6730  1021.2925    21.2776     9.7404     85.532    80.9424     3.3108      8.148     5.6934     8.1364    248.969    254.266       8840          4  0.000e+00
   58.41530 -135.99440     15.658      3.209      3.179     9.7484    27.6684  1021.2875    21.2729     9.7481     85.533    80.9144     3.3108      8.148     5.6926     8.1353    248.936    254.231       8841          4  0.000e+00
   58.41530 -135.99440     16.650      3.249      3.219     9.7500    27.6708  1021.2893    21.2745     9.7496     85.533    80.9144     3.3108      8.152     5.6924     8.1349    248.925    254.221       8842          4  0.000e+00
   58.41532 -135.99440     16.601      3.274      3.243     9.7440    27.6797  1021.2973    21.2823     9.7437     85.534    80.9144     3.3108      8.152     5.6928     8.1356    248.943    254.241       8843          4  0.000e+00
   58.41532 -135.99440     16.430      3.249      3.219     9.7370    27.6885  1021.3051    21.2903     9.7367     85.533    80.9144     3.3108      8.152     5.6933     8.1363    248.963    254.264       8844          4  0.000e+00
   58.41532 -135.99440     16.366      3.209      3.179     9.7301    27.6993  1021.3144    21.2998     9.7297     85.531    80.9144     3.3108      8.152     5.6937     8.1368    248.975    254.279       8845          4  0.000e+00
   58.41532 -135.99440     16.406      3.249      3.219     9.7170    27.7151  1021.3289    21.3140     9.7167     85.590    80.9144     3.3108      8.152     5.6987     8.1440    249.192    254.503       8846          4  0.000e+00
   58.41532 -135.99440     16.406      3.249      3.219     9.6947    27.7346  1021.3475    21.3326     9.6943     85.601    80.9144     3.2815      8.153     5.7015     8.1481    249.312    254.631       8847          4  0.000e+00
   58.41532 -135.99440     16.430      3.274      3.243     9.6768    27.7448  1021.3583    21.3433     9.6764     85.611    80.9144     3.3108      8.153     5.7041     8.1517    249.421    254.744       8848          4  0.000e+00
   58.41532 -135.99440     16.350      3.193      3.163     9.6796    27.7373  1021.3516    21.3370     9.6793     85.616    80.9144     3.3108      8.148     5.7043     8.1521    249.433    254.756       8849          4  0.000e+00
   58.41532 -135.99440     16.430      3.274      3.243     9.6857    27.7294  1021.3449    21.3300     9.6853     85.621    80.9144     3.3108      8.153     5.7042     8.1519    249.429    254.749       8850          4  0.000e+00
   58.41532 -135.99440     16.406      3.249      3.219     9.6764    27.7351  1021.3507    21.3359     9.6761     85.626    80.9144     3.3108      8.153     5.7055     8.1537    249.484    254.807       8851          4  0.000e+00
   58.41532 -135.99440     16.366      3.209      3.179     9.6688    27.7394  1021.3550    21.3403     9.6685     85.684    80.9144     3.3108      8.153     5.7102     8.1604    249.687    255.015       8852          4  0.000e+00
   58.41532 -135.99440     16.406      3.249      3.219     9.6644    27.7401  1021.3564    21.3415     9.6641     85.693    80.9144     3.3987      8.153     5.7113     8.1620    249.736    255.066       8853          4  0.000e+00
   58.41532 -135.99440     16.430      3.274      3.243     9.6641    27.7378  1021.3547    21.3398     9.6638     85.700    80.9424     3.4573      8.153     5.7119     8.1628    249.763    255.092       8854          4  0.000e+00
   58.41532 -135.99440     19.263      3.249      3.219     9.6825    27.7221  1021.3396    21.3247     9.6822     85.709    80.9983     3.4573      8.148     5.7107     8.1612    249.716    255.041       8855          4  0.000e+00
   58.41532 -135.99440     37.685      3.209      3.179     9.6992    27.7079  1021.3258    21.3111     9.6989     85.765    80.9983     3.4573      8.153     5.7129     8.1642    249.812    255.136       8856          4  0.000e+00
   58.41532 -135.99440     46.247      3.249      3.219     9.7162    27.6930  1021.3118    21.2969     9.7159     85.779    80.9983     3.4573      8.148     5.7122     8.1633    249.786    255.106       8857          4  0.000e+00
   58.41532 -135.99440     46.931      3.274      3.243     9.7328    27.6785  1021.2981    21.2831     9.7325     85.791    80.9983     3.4573      8.152     5.7114     8.1622    249.757    255.073       8858          4  0.000e+00
   58.41532 -135.99440     46.125      3.249      3.219     9.7440    27.6693  1021.2891    21.2742     9.7437     85.803    80.9983     3.4573      8.148     5.7111     8.1617    249.744    255.057       8859          4  0.000e+00
   58.41532 -135.99440     45.768      3.209      3.179     9.7421    27.6702  1021.2899    21.2752     9.7417     85.814    80.9983     3.4573      8.152     5.7121     8.1631    249.787    255.101       8860          4  0.000e+00
   58.41532 -135.99440     45.783      3.249      3.219     9.7378    27.6729  1021.2928    21.2780     9.7375     85.880    80.9983     3.4573      8.148     5.7169     8.1700    249.997    255.316       8861          4  0.000e+00
   58.41532 -135.99440     45.752      3.193      3.163     9.7269    27.6812  1021.3007    21.2862     9.7265     85.896    80.9983     3.4573      8.148     5.7190     8.1731    250.089    255.413       8862          4  0.000e+00
   58.41532 -135.99440     45.856      3.274      3.243     9.7089    27.6954  1021.3149    21.2999     9.7085     85.906    80.9983     3.4573      8.148     5.7215     8.1766    250.193    255.522       8863          4  0.000e+00
   58.41532 -135.99440     45.712      3.128      3.099     9.7028    27.7003  1021.3190    21.3047     9.7025     85.917    80.9983     3.4573      8.148     5.7228     8.1785    250.249    255.581       8864          4  0.000e+00
   58.41532 -135.99440     45.912      3.330      3.299     9.7015    27.7016  1021.3211    21.3059     9.7011     85.930    80.9983     3.4573      8.148     5.7238     8.1799    250.291    255.624       8865          4  0.000e+00
   58.41532 -135.99440     45.776      3.193      3.163     9.7087    27.6956  1021.3147    21.3001     9.7084     85.936    80.9983     3.4573      8.148     5.7235     8.1794    250.280    255.611       8866          4  0.000e+00
   58.41532 -135.99440     45.792      3.209      3.179     9.7121    27.6922  1021.3116    21.2970     9.7118     85.943    80.9983     3.4573      8.148     5.7236     8.1796    250.286    255.617       8867          4  0.000e+00
   58.41532 -135.99440     45.832      3.249      3.219     9.7091    27.6938  1021.3135    21.2986     9.7088     86.003    80.9983     3.4573      8.148     5.7280     8.1858    250.476    255.811       8868          4  0.000e+00
   58.41532 -135.99440     45.792      3.209      3.179     9.7031    27.6977  1021.3173    21.3026     9.7028     86.013    80.9983     3.4573      8.148     5.7293     8.1877    250.532    255.869       8869          4  0.000e+00
   58.41532 -135.99440     46.003      3.249      3.219     9.7063    27.6942  1021.3142    21.2994     9.7059     86.021    80.9983     3.4573      8.148     5.7295     8.1881    250.545    255.881       8870          4  0.000e+00
   58.41532 -135.99440     46.102      3.153      3.123     9.7187    27.6835  1021.3035    21.2892     9.7184     86.079    80.9983     3.4573      8.148     5.7322     8.1919    250.663    255.999       8871          4  0.000e+00
   58.41532 -135.99440     46.223      3.249      3.219     9.7361    27.6694  1021.2904    21.2756     9.7357     86.088    80.9983     3.4573      8.148     5.7311     8.1903    250.618    255.950       8872          4  0.000e+00
   58.41532 -135.99440     46.183      3.209      3.179     9.7426    27.6632  1021.2843    21.2697     9.7423     86.095    80.9983     3.4280      8.148     5.7309     8.1901    250.613    255.944       8873          4  0.000e+00
   58.41532 -135.99440     46.167      3.193      3.163     9.7411    27.6649  1021.2858    21.2713     9.7408     86.101    81.0263     3.3987      8.148     5.7315     8.1909    250.637    255.968       8874          4  0.000e+00
   58.41532 -135.99440     46.183      3.209      3.179     9.7382    27.6674  1021.2883    21.2737     9.7378     86.112    81.1382     3.3987      8.152     5.7325     8.1923    250.681    256.014       8875          4  0.000e+00
   58.41532 -135.99440     46.142      3.193      3.163     9.7374    27.6677  1021.2886    21.2740     9.7370     86.175    81.2221     3.3987      8.152     5.7368     8.1985    250.868    256.205       8876          4  0.000e+00
