EcoFOCI/data/1_SampleCollection/2022_GOA-OA_CruiseData/CTD_raw_BottleFile_RC0083/RC0083_014.ros
* Sea-Bird SBE 9 Data File:
* FileName = C:\Data\RC0083ctd\RC0083_014.hex
* Software Version Seasave V 7.26.7.107
* Temperature SN = 2060
* Conductivity SN = 1084
* Number of Bytes Per Scan = 31
* Number of Voltage Words = 4
* Number of Scans Averaged by the Deck Unit = 1
* NMEA Latitude = 55 45.82 N
* NMEA Longitude = 134 25.01 W
* NMEA UTC (Time) = Aug 13 2022  07:08:13
* NMEA baud rate = 4800
** Ship: R/V Rachel Carson
** Cruise ID: RC0083 RC0083
** Tech: McHugh/Nomura
** Chief Scientist: Cross Cross
** Station: POW3
** Cast:  014
# nquan = 21
# nvalues = 245                                   
# units = specified
# name 0 = latitude: Latitude [deg]
# name 1 = longitude: Longitude [deg]
# name 2 = sfdSM: Seafloor depth [salt water, m]
# name 3 = prDM: Pressure, Digiquartz [db]
# name 4 = depSM: Depth [salt water, m]
# name 5 = t090C: Temperature [ITS-90, deg C]
# name 6 = sal00: Salinity, Practical [PSU]
# name 7 = density00: Density [density, kg/m^3]
# name 8 = sigma-é00: Density [sigma-theta, kg/m^3]
# name 9 = potemp090C: Potential Temperature [ITS-90, deg C]
# name 10 = sbeox0PS: Oxygen, SBE 43 [% saturation]
# name 11 = CStarTr0: Beam Transmission, WET Labs C-Star [%]
# name 12 = flECO-AFL: Fluorescence, WET Labs ECO-AFL/FL [mg/m^3]
# name 13 = ph: pH
# name 14 = sbeox0ML/L: Oxygen, SBE 43 [ml/l]
# name 15 = sbeox0Mg/L: Oxygen, SBE 43 [mg/l]
# name 16 = sbox0Mm/Kg: Oxygen, SBE 43 [umol/kg]
# name 17 = sbeox0Mm/L: Oxygen, SBE 43 [umol/l]
# name 18 = scan: Scan Count
# name 19 = nbf: Bottles Fired
# name 20 = flag:  0.000e+00
# interval = seconds: 0.0416667
# start_time = Aug 13 2022 07:08:13 [NMEA time, header]
# bad_flag = -9.990e-29
*END*
[from data line 207]
   55.76570 -134.41784     26.745      3.036      3.009    10.5725    30.8598  1023.6402    23.6265    10.5722    119.700    67.5173    18.3731      8.315     7.6658    10.9552    334.454    342.356      14999          5  0.000e+00
   55.76570 -134.41784     26.712      3.077      3.049    10.5724    30.8601  1023.6406    23.6267    10.5720    119.676    67.5173    18.3731      8.315     7.6643    10.9530    334.386    342.287      15000          5  0.000e+00
   55.76570 -134.41784     26.679      3.093      3.065    10.5727    30.8598  1023.6404    23.6265    10.5723    119.700    67.5173    18.3731      8.315     7.6658    10.9552    334.453    342.355      15001          5  0.000e+00
   55.76570 -134.41784     26.574      3.012      2.985    10.5724    30.8602  1023.6404    23.6268    10.5720    119.677    67.5173    18.3731      8.310     7.6643    10.9531    334.389    342.289      15002          5  0.000e+00
   55.76570 -134.41784     26.598      3.036      3.009    10.5724    30.8601  1023.6404    23.6267    10.5720    119.710    67.5173    18.3731      8.310     7.6665    10.9562    334.483    342.386      15003          5  0.000e+00
   55.76570 -134.41784     26.638      3.077      3.049    10.5724    30.8602  1023.6407    23.6268    10.5720    119.691    67.5173    18.3731      8.315     7.6653    10.9545    334.430    342.332      15004          5  0.000e+00
   55.76570 -134.41784     26.534      2.972      2.945    10.5722    30.8603  1023.6403    23.6269    10.5718    119.672    67.5173    18.3731      8.310     7.6641    10.9527    334.377    342.277      15005          5  0.000e+00
   55.76570 -134.41784     26.574      3.012      2.985    10.5720    30.8603  1023.6405    23.6269    10.5717    119.704    67.5173    18.3731      8.310     7.6661    10.9557    334.467    342.370      15006          5  0.000e+00
   55.76570 -134.41784     26.598      3.036      3.009    10.5720    30.8604  1023.6408    23.6270    10.5717    119.689    67.5173    18.3438      8.310     7.6652    10.9543    334.427    342.328      15007          5  0.000e+00
   55.76570 -134.41784     26.518      2.955      2.929    10.5718    30.8603  1023.6404    23.6270    10.5715    119.669    67.5173    18.3438      8.315     7.6639    10.9525    334.371    342.271      15008          5  0.000e+00
   55.76570 -134.41784     26.534      2.972      2.945    10.5720    30.8607  1023.6406    23.6272    10.5717    119.645    67.5173    18.3731      8.310     7.6623    10.9503    334.302    342.200      15009          5  0.000e+00
   55.76570 -134.41784     26.518      2.955      2.929    10.5720    30.8607  1023.6406    23.6273    10.5716    119.622    67.5173    18.3731      8.315     7.6609    10.9482    334.239    342.136      15010          5  0.000e+00
   55.76570 -134.41784     65.442      3.077      3.049    10.5718    30.8605  1023.6410    23.6271    10.5715    119.658    67.5173    18.3731      8.315     7.6632    10.9515    334.340    342.240      15011          5  0.000e+00
   55.76570 -134.41784     98.242      2.859      2.833    10.5720    30.8606  1023.6401    23.6271    10.5717    119.636    67.5173    18.3731      8.310     7.6618    10.9495    334.278    342.176      15012          5  0.000e+00
   55.76570 -134.41784    102.929      2.955      2.929    10.5725    30.8602  1023.6401    23.6268    10.5722    119.621    67.5173    18.3731      8.310     7.6608    10.9480    334.233    342.130      15013          5  0.000e+00
   55.76570 -134.41784    102.889      2.915      2.889    10.5723    30.8603  1023.6401    23.6269    10.5720    119.661    67.4054    18.2559      8.315     7.6633    10.9516    334.344    342.244      15014          5  0.000e+00
   55.76570 -134.41784    101.634      2.955      2.929    10.5724    30.8601  1023.6401    23.6267    10.5720    119.649    67.0977    15.6478      8.315     7.6626    10.9506    334.312    342.211      15015          5  0.000e+00
   55.76570 -134.41784    101.375      2.915      2.889    10.5720    30.8605  1023.6403    23.6271    10.5717    119.639    66.9859    13.9775      8.315     7.6620    10.9497    334.285    342.183      15016          5  0.000e+00
   55.76570 -134.41784    101.424      2.891      2.865    10.5712    30.8607  1023.6405    23.6274    10.5709    119.625    66.9859    13.6845      8.315     7.6612    10.9486    334.252    342.149      15017          5  0.000e+00
   55.76570 -134.41784    101.497      2.915      2.889    10.5710    30.8609  1023.6408    23.6276    10.5706    119.668    67.0138    13.7431      8.310     7.6640    10.9526    334.374    342.275      15018          5  0.000e+00
   55.76570 -134.41784    101.561      2.955      2.929    10.5706    30.8607  1023.6409    23.6275    10.5702    119.660    67.0138    13.8310      8.315     7.6636    10.9520    334.355    342.255      15019          5  0.000e+00
   55.76570 -134.41784    101.465      2.859      2.833    10.5696    30.8614  1023.6411    23.6282    10.5692    119.653    67.0138    13.8310      8.315     7.6632    10.9515    334.340    342.240      15020          5  0.000e+00
   55.76570 -134.41784    101.617      3.012      2.985    10.5684    30.8621  1023.6426    23.6289    10.5681    119.700    67.0138    13.8310      8.315     7.6664    10.9560    334.477    342.381      15021          5  0.000e+00
   55.76570 -134.41784    101.401      2.794      2.769    10.5673    30.8624  1023.6420    23.6294    10.5670    119.689    67.0138    13.8310      8.315     7.6659    10.9553    334.455    342.358      15022          5  0.000e+00
   55.76570 -134.41784    101.497      2.891      2.865    10.5675    30.8622  1023.6423    23.6292    10.5672    119.686    67.0138    13.8310      8.315     7.6656    10.9550    334.444    342.347      15023          5  0.000e+00
   55.76570 -134.41784    101.497      2.891      2.865    10.5685    30.8621  1023.6419    23.6289    10.5682    119.731    66.9859    13.8310      8.310     7.6684    10.9589    334.564    342.470      15024          5  0.000e+00
   55.76570 -134.41784    101.521      2.915      2.889    10.5694    30.8613  1023.6413    23.6281    10.5691    119.732    67.0138    13.8310      8.310     7.6683    10.9588    334.561    342.466      15025          5  0.000e+00
   55.76570 -134.41784    101.497      2.891      2.865    10.5698    30.8608  1023.6407    23.6277    10.5694    119.728    67.0138    13.8310      8.310     7.6680    10.9584    334.549    342.454      15026          5  0.000e+00
   55.76570 -134.41784    101.521      2.915      2.889    10.5692    30.8614  1023.6414    23.6283    10.5688    119.721    67.0138    13.8310      8.310     7.6677    10.9579    334.534    342.439      15027          5  0.000e+00
   55.76570 -134.41784    101.497      2.891      2.865    10.5691    30.8615  1023.6415    23.6284    10.5688    119.771    67.0138    13.8310      8.315     7.6709    10.9624    334.673    342.581      15028          5  0.000e+00
   55.76570 -134.41784    101.465      2.859      2.833    10.5698    30.8617  1023.6413    23.6284    10.5694    119.769    67.0138    13.8310      8.315     7.6706    10.9621    334.662    342.569      15029          5  0.000e+00
   55.76570 -134.41784    101.497      2.891      2.865    10.5706    30.8615  1023.6412    23.6281    10.5702    119.770    67.0138    13.8310      8.315     7.6706    10.9620    334.661    342.568      15030          5  0.000e+00
   55.76570 -134.41784    101.521      2.915      2.889    10.5712    30.8611  1023.6409    23.6277    10.5708    119.769    67.0138    13.8310      8.315     7.6704    10.9617    334.652    342.559      15031          5  0.000e+00
   55.76570 -134.41784    101.497      2.891      2.865    10.5710    30.8610  1023.6407    23.6276    10.5707    119.763    67.0138    13.8310      8.315     7.6700    10.9613    334.638    342.544      15032          5  0.000e+00
   55.76570 -134.41784    101.521      2.915      2.889    10.5704    30.8617  1023.6415    23.6283    10.5700    119.815    67.0138    13.8310      8.315     7.6735    10.9661    334.786    342.697      15033          5  0.000e+00
   55.76570 -134.41784    101.497      2.891      2.865    10.5704    30.8616  1023.6413    23.6282    10.5700    119.815    67.0418    13.8310      8.315     7.6735    10.9662    334.787    342.698      15034          5  0.000e+00
   55.76570 -134.41784    101.521      2.915      2.889    10.5710    30.8611  1023.6409    23.6277    10.5707    119.867    67.3215    13.5965      8.315     7.6767    10.9707    334.927    342.841      15035          5  0.000e+00
   55.76570 -134.41784    101.497      2.891      2.865    10.5723    30.8607  1023.6403    23.6272    10.5720    119.818    67.4613    13.3035      8.315     7.6734    10.9660    334.783    342.693      15036          5  0.000e+00
