EcoFOCI/data/1_SampleCollection/2022_GOA-OA_CruiseData/CTD_raw_BottleFile_RC0083/RC0083_129.ros
* Sea-Bird SBE 9 Data File:
* FileName = C:\Data\RC0083ctd\RC0083_129.hex
* Software Version Seasave V 7.26.7.107
* Temperature SN = 2060
* Conductivity SN = 2881
* Number of Bytes Per Scan = 31
* Number of Voltage Words = 4
* Number of Scans Averaged by the Deck Unit = 1
* NMEA Latitude = 57 15.18 N
* NMEA Longitude = 134 42.62 W
* NMEA UTC (Time) = Aug 24 2022  07:10:06
* NMEA baud rate = 4800
** Ship: R/V Rachel Carson
** Cruise ID: RC0083
** Tech: McHugh/Nomura
** Chief Scientist: Cross
** Station: MSC3B
** Cast:  CTD129
# nquan = 21
# nvalues = 490                                   
# units = specified
# name 0 = latitude: Latitude [deg]
# name 1 = longitude: Longitude [deg]
# name 2 = sfdSM: Seafloor depth [salt water, m]
# name 3 = prDM: Pressure, Digiquartz [db]
# name 4 = depSM: Depth [salt water, m]
# name 5 = t090C: Temperature [ITS-90, deg C]
# name 6 = sal00: Salinity, Practical [PSU]
# name 7 = density00: Density [density, kg/m^3]
# name 8 = sigma-é00: Density [sigma-theta, kg/m^3]
# name 9 = potemp090C: Potential Temperature [ITS-90, deg C]
# name 10 = sbeox0PS: Oxygen, SBE 43 [% saturation]
# name 11 = CStarTr0: Beam Transmission, WET Labs C-Star [%]
# name 12 = flECO-AFL: Fluorescence, WET Labs ECO-AFL/FL [mg/m^3]
# name 13 = ph: pH
# name 14 = sbeox0ML/L: Oxygen, SBE 43 [ml/l]
# name 15 = sbeox0Mg/L: Oxygen, SBE 43 [mg/l]
# name 16 = sbox0Mm/Kg: Oxygen, SBE 43 [umol/kg]
# name 17 = sbeox0Mm/L: Oxygen, SBE 43 [umol/l]
# name 18 = scan: Scan Count
# name 19 = nbf: Bottles Fired
# name 20 = flag:  0.000e+00
# interval = seconds: 0.0416667
# start_time = Aug 24 2022 07:10:06 [NMEA time, header]
# bad_flag = -9.990e-29
*END*
[from data line 69]
   57.25974 -134.70754    597.993    504.738    499.483     5.1606    33.8607  1029.0814    26.7582     5.1203     19.229   102.9540    -0.0591      7.664     1.3653     1.9511     59.385     60.974      47065          2  0.000e+00
   57.25974 -134.70754    597.889    504.633    499.378     5.1609    33.8605  1029.0807    26.7580     5.1206     19.229   102.9540    -0.0591      7.659     1.3653     1.9512     59.386     60.975      47066          2  0.000e+00
   57.25974 -134.70754    598.018    504.739    499.483     5.1605    33.8609  1029.0816    26.7584     5.1201     19.238   102.9540    -0.0591      7.659     1.3660     1.9521     59.414     61.004      47067          2  0.000e+00
   57.25974 -134.70754    598.130    504.853    499.596     5.1608    33.8600  1029.0814    26.7576     5.1204     19.239   102.9540    -0.0591      7.659     1.3660     1.9522     59.416     61.006      47068          2  0.000e+00
   57.25974 -134.70754    597.913    504.633    499.378     5.1606    33.8606  1029.0809    26.7581     5.1203     19.176   102.9540    -0.0884      7.659     1.3616     1.9458     59.223     60.808      47069          2  0.000e+00
   57.25974 -134.70754    598.018    504.739    499.483     5.1607    33.8606  1029.0813    26.7581     5.1204     19.169   102.9540    -0.0884      7.659     1.3610     1.9450     59.199     60.783      47070          2  0.000e+00
   57.25974 -134.70754    598.155    504.877    499.620     5.1606    33.8606  1029.0820    26.7581     5.1203     19.161   102.9260    -0.0884      7.664     1.3605     1.9442     59.175     60.758      47071          2  0.000e+00
   57.25974 -134.70754    597.897    504.616    499.362     5.1608    33.8604  1029.0806    26.7579     5.1204     19.214   102.9540    -0.0884      7.659     1.3642     1.9496     59.339     60.927      47072          2  0.000e+00
   57.25974 -134.70754    598.009    504.755    499.499     5.1606    33.8606  1029.0814    26.7581     5.1203     19.161   102.9540    -0.0884      7.659     1.3604     1.9442     59.174     60.757      47073          2  0.000e+00
   57.25974 -134.70754    598.074    504.796    499.539     5.1605    33.8606  1029.0816    26.7581     5.1201     19.153   102.9540    -0.0884      7.664     1.3599     1.9434     59.150     60.732      47074          2  0.000e+00
   57.25974 -134.70754    597.897    504.616    499.362     5.1609    33.8604  1029.0806    26.7579     5.1206     19.144   102.9540    -0.0884      7.664     1.3593     1.9425     59.123     60.705      47075          2  0.000e+00
   57.25974 -134.70754    598.009    504.755    499.499     5.1608    33.8602  1029.0811    26.7578     5.1204     19.136   102.9540    -0.0884      7.659     1.3587     1.9418     59.099     60.681      47076          2  0.000e+00
   57.25974 -134.70754    597.993    504.739    499.483     5.1605    33.8605  1029.0813    26.7581     5.1201     19.137   102.9540    -0.0884      7.659     1.3588     1.9418     59.101     60.682      47077          2  0.000e+00
   57.25974 -134.70754    598.074    504.820    499.563     5.1608    33.8604  1029.0816    26.7580     5.1204     19.129   102.9540    -0.0884      7.659     1.3582     1.9410     59.077     60.658      47078          2  0.000e+00
   57.25974 -134.70754    597.897    504.617    499.362     5.1606    33.8605  1029.0807    26.7581     5.1203     19.183   102.9540    -0.0884      7.659     1.3620     1.9465     59.243     60.828      47079          2  0.000e+00
   57.25974 -134.70754    598.018    504.739    499.483     5.1605    33.8605  1029.0813    26.7580     5.1202     19.183   102.9260    -0.0884      7.664     1.3621     1.9465     59.244     60.829      47080          2  0.000e+00
   57.25974 -134.70754    597.953    504.698    499.443     5.1606    33.8604  1029.0810    26.7580     5.1203     19.183   102.8980    -0.0884      7.659     1.3620     1.9465     59.243     60.828      47081          2  0.000e+00
   57.25974 -134.70754    597.993    504.739    499.483     5.1606    33.8600  1029.0809    26.7577     5.1203     19.182   102.9260    -0.0884      7.659     1.3620     1.9464     59.241     60.826      47082          2  0.000e+00
   57.25974 -134.70754    598.098    504.820    499.564     5.1608    33.8601  1029.0813    26.7577     5.1204     19.128   102.9260    -0.0884      7.659     1.3581     1.9409     59.073     60.654      47083          2  0.000e+00
   57.25974 -134.70754    597.953    504.674    499.419     5.1605    33.8605  1029.0810    26.7581     5.1202     19.127   102.9260    -0.0884      7.659     1.3581     1.9408     59.071     60.652      47084          2  0.000e+00
   57.25974 -134.70754    597.833    504.551    499.298     5.1606    33.8605  1029.0804    26.7581     5.1203     19.127   102.9260    -0.1177      7.659     1.3580     1.9408     59.070     60.650      47085          2  0.000e+00
   57.25974 -134.70754    597.889    504.633    499.378     5.1606    33.8606  1029.0809    26.7582     5.1203     19.119   102.8980    -0.0884      7.659     1.3575     1.9400     59.045     60.625      47086          2  0.000e+00
   57.25974 -134.70754    597.953    504.674    499.419     5.1608    33.8601  1029.0806    26.7577     5.1204     19.111   102.8980    -0.0884      7.659     1.3569     1.9392     59.021     60.600      47087          2  0.000e+00
   57.25974 -134.70754    597.953    504.698    499.443     5.1606    33.8603  1029.0809    26.7579     5.1203     19.103   102.9260    -0.0884      7.659     1.3564     1.9384     58.996     60.575      47088          2  0.000e+00
   57.25974 -134.70754    597.954    504.674    499.419     5.1607    33.8603  1029.0808    26.7579     5.1204     19.095   102.9260    -0.0884      7.659     1.3558     1.9375     58.971     60.549      47089          2  0.000e+00
   57.25974 -134.70754    597.873    504.617    499.362     5.1610    33.8601  1029.0803    26.7577     5.1207     19.095   102.9260    -0.0884      7.659     1.3558     1.9375     58.971     60.549      47090          2  0.000e+00
   57.25974 -134.70754    597.889    504.633    499.378     5.1606    33.8604  1029.0807    26.7580     5.1203     19.096   102.9260    -0.0884      7.659     1.3558     1.9376     58.974     60.552      47091          2  0.000e+00
   57.25974 -134.70754    597.873    504.617    499.362     5.1606    33.8604  1029.0807    26.7580     5.1203     19.150   102.9260    -0.0884      7.659     1.3597     1.9432     59.142     60.725      47092          2  0.000e+00
   57.25974 -134.70754    598.034    504.755    499.499     5.1607    33.8603  1029.0812    26.7579     5.1204     19.159   102.9260    -0.0884      7.659     1.3604     1.9441     59.170     60.754      47093          2  0.000e+00
   57.26048 -134.70778    452.356    357.418    353.822     5.1749    33.8002  1028.3550    26.7073     5.1467     19.467   101.6394    -0.0884      7.664     1.3823     1.9754     60.127     61.733      53671          3  0.000e+00
   57.26048 -134.70778    452.782    357.873    354.272     5.1748    33.8001  1028.3571    26.7072     5.1466     19.474   101.6394    -0.0884      7.664     1.3828     1.9761     60.148     61.755      53672          3  0.000e+00
   57.26048 -134.70778    452.509    357.597    353.998     5.1749    33.8003  1028.3559    26.7073     5.1467     19.418   101.6394    -0.0884      7.664     1.3788     1.9705     59.976     61.578      53673          3  0.000e+00
   57.26048 -134.70778    452.533    357.597    353.999     5.1749    33.8005  1028.3561    26.7075     5.1467     19.416   101.6394    -0.0884      7.664     1.3786     1.9702     59.969     61.571      53674          3  0.000e+00
   57.26048 -134.70778    452.782    357.873    354.272     5.1749    33.8002  1028.3571    26.7072     5.1467     19.414   101.6394    -0.0884      7.664     1.3785     1.9701     59.964     61.566      53675          3  0.000e+00
   57.26048 -134.70778    452.573    357.662    354.063     5.1748    33.8000  1028.3560    26.7071     5.1466     19.472   101.6394    -0.0884      7.664     1.3826     1.9759     60.143     61.749      53676          3  0.000e+00
   57.26048 -134.70778    452.477    357.540    353.942     5.1747    33.8006  1028.3559    26.7076     5.1465     19.477   101.6394    -0.0884      7.664     1.3830     1.9764     60.157     61.764      53677          3  0.000e+00
   57.26048 -134.70778    452.726    357.816    354.216     5.1749    33.8005  1028.3571    26.7075     5.1467     19.422   101.6394    -0.0884      7.664     1.3791     1.9708     59.987     61.589      53678          3  0.000e+00
   57.26048 -134.70778    452.477    357.540    353.942     5.1747    33.8002  1028.3556    26.7073     5.1465     19.418   101.6394    -0.0884      7.664     1.3788     1.9705     59.977     61.579      53679          3  0.000e+00
   57.26048 -134.70778    452.654    357.719    354.119     5.1748    33.8006  1028.3567    26.7075     5.1466     19.416   101.6394    -0.0884      7.664     1.3787     1.9702     59.969     61.571      53680          3  0.000e+00
   57.26048 -134.70778    452.630    357.694    354.095     5.1750    33.8002  1028.3563    26.7072     5.1468     19.413   101.6394    -0.0884      7.664     1.3784     1.9699     59.960     61.561      53681          3  0.000e+00
   57.26048 -134.70778    452.573    357.662    354.063     5.1750    33.8001  1028.3560    26.7071     5.1468     19.410   101.6394    -0.0884      7.664     1.3782     1.9696     59.951     61.552      53682          3  0.000e+00
   57.26048 -134.70778    452.654    357.719    354.119     5.1750    33.8001  1028.3563    26.7071     5.1468     19.407   101.6394    -0.0884      7.664     1.3780     1.9693     59.942     61.543      53683          3  0.000e+00
   57.26048 -134.70778    452.630    357.694    354.095     5.1749    33.7999  1028.3560    26.7070     5.1468     19.404   101.6394    -0.0884      7.664     1.3778     1.9691     59.933     61.534      53684          3  0.000e+00
   57.26048 -134.70778    452.598    357.662    354.063     5.1749    33.8001  1028.3561    26.7072     5.1467     19.401   101.6394    -0.0884      7.664     1.3776     1.9688     59.924     61.524      53685          3  0.000e+00
   57.26048 -134.70778    452.630    357.719    354.119     5.1750    33.7998  1028.3561    26.7069     5.1468     19.338   101.7513    -0.0884      7.664     1.3731     1.9623     59.729     61.324      53686          3  0.000e+00
   57.26048 -134.70778    452.605    357.694    354.095     5.1750    33.7999  1028.3561    26.7070     5.1468     19.388   101.8073    -0.0884      7.664     1.3767     1.9674     59.884     61.483      53687          3  0.000e+00
   57.26048 -134.70778    452.598    357.662    354.063     5.1749    33.7999  1028.3559    26.7070     5.1468     19.394   101.8073    -0.0884      7.664     1.3771     1.9680     59.900     61.500      53688          3  0.000e+00
   57.26048 -134.70778    452.654    357.719    354.119     5.1749    33.8000  1028.3563    26.7071     5.1467     19.452   101.8073    -0.0884      7.664     1.3812     1.9739     60.081     61.685      53689          3  0.000e+00
   57.26048 -134.70778    452.630    357.694    354.095     5.1749    33.8001  1028.3563    26.7072     5.1467     19.397   101.8073    -0.0884      7.664     1.3773     1.9683     59.909     61.510      53690          3  0.000e+00
   57.26048 -134.70778    452.654    357.719    354.119     5.1750    33.7998  1028.3561    26.7069     5.1468     19.402   101.8073    -0.0884      7.664     1.3777     1.9688     59.926     61.527      53691          3  0.000e+00
   57.26048 -134.70778    452.598    357.662    354.063     5.1749    33.8000  1028.3560    26.7071     5.1468     19.408   101.8073    -0.0884      7.664     1.3781     1.9694     59.944     61.545      53692          3  0.000e+00
   57.26048 -134.70778    452.782    357.873    354.272     5.1749    33.7998  1028.3569    26.7070     5.1467     19.414   101.8073    -0.0884      7.664     1.3785     1.9701     59.964     61.566      53693          3  0.000e+00
   57.26048 -134.70778    452.509    357.597    353.999     5.1749    33.7999  1028.3556    26.7070     5.1467     19.420   101.8073    -0.0884      7.664     1.3790     1.9707     59.982     61.584      53694          3  0.000e+00
   57.26048 -134.70778    452.751    357.816    354.216     5.1750    33.8001  1028.3568    26.7072     5.1468     19.427   101.8073    -0.0884      7.664     1.3795     1.9714     60.004     61.607      53695          3  0.000e+00
   57.26048 -134.70778    452.534    357.597    353.999     5.1751    33.7996  1028.3553    26.7067     5.1469     19.426   101.8073    -0.0884      7.664     1.3794     1.9712     60.000     61.602      53696          3  0.000e+00
   57.26048 -134.70778    452.630    357.719    354.119     5.1749    33.8000  1028.3563    26.7071     5.1467     19.425   101.8073    -0.0884      7.664     1.3793     1.9712     59.998     61.600      53697          3  0.000e+00
   57.26048 -134.70778    452.726    357.816    354.216     5.1747    33.8002  1028.3569    26.7072     5.1465     19.424   101.8073    -0.0884      7.664     1.3793     1.9711     59.996     61.598      53698          3  0.000e+00
   57.26048 -134.70778    452.573    357.662    354.063     5.1749    33.8002  1028.3561    26.7072     5.1467     19.415   101.8073    -0.0884      7.664     1.3786     1.9702     59.967     61.568      53699          3  0.000e+00
   57.26048 -134.70778    452.630    357.719    354.119     5.1749    33.8001  1028.3564    26.7072     5.1467     19.406   101.8073    -0.0884      7.664     1.3779     1.9692     59.938     61.539      53700          3  0.000e+00
   57.26048 -134.70778    452.782    357.873    354.272     5.1750    33.8000  1028.3569    26.7071     5.1468     19.457   101.8073    -0.0884      7.664     1.3816     1.9744     60.097     61.702      53701          3  0.000e+00
   57.26048 -134.70778    452.509    357.597    353.999     5.1749    33.8003  1028.3559    26.7073     5.1467     19.454   101.8073    -0.0884      7.664     1.3814     1.9741     60.087     61.691      53702          3  0.000e+00
   57.26048 -134.70778    452.710    357.776    354.176     5.1750    33.8000  1028.3565    26.7071     5.1468     19.451   101.8073    -0.0884      7.664     1.3812     1.9738     60.078     61.682      53703          3  0.000e+00
   57.26048 -134.70778    452.807    357.873    354.272     5.1751    33.7996  1028.3567    26.7068     5.1469     19.387   101.8073    -0.0884      7.664     1.3766     1.9673     59.880     61.479      53704          3  0.000e+00
   57.26050 -134.70778    452.574    357.662    354.063     5.1749    33.8004  1028.3563    26.7074     5.1467     19.383   101.8073    -0.0884      7.664     1.3763     1.9669     59.867     61.466      53705          3  0.000e+00
   57.26050 -134.70778    452.654    357.719    354.119     5.1749    33.8000  1028.3563    26.7071     5.1467     19.379   101.7793    -0.0884      7.664     1.3760     1.9665     59.855     61.454      53706          3  0.000e+00
   57.26050 -134.70778    452.847    357.938    354.336     5.1747    33.7998  1028.3571    26.7069     5.1465     19.376   101.7513    -0.0884      7.664     1.3758     1.9662     59.846     61.444      53707          3  0.000e+00
   57.26050 -134.70778    452.598    357.662    354.063     5.1748    33.7999  1028.3559    26.7070     5.1466     19.379   101.7513    -0.0591      7.664     1.3761     1.9665     59.856     61.455      53708          3  0.000e+00
   57.26050 -134.70778    452.686    357.776    354.176     5.1747    33.8005  1028.3569    26.7075     5.1465     19.384   101.7513    -0.0591      7.664     1.3764     1.9670     59.871     61.470      53709          3  0.000e+00
