EcoFOCI/data/1_SampleCollection/2022_GOA-OA_CruiseData/CTD_raw_BottleFile_RC0083/RC0083_075.cnv
* Sea-Bird SBE 9 Data File:
* FileName = C:\Data\RC0083ctd\RC0083_075.hex
* Software Version Seasave V 7.26.7.107
* Temperature SN = 2060
* Conductivity SN = 1084
* Number of Bytes Per Scan = 31
* Number of Voltage Words = 4
* Number of Scans Averaged by the Deck Unit = 1
* NMEA Latitude = 58 29.33 N
* NMEA Longitude = 136 03.82 W
* NMEA UTC (Time) = Aug 21 2022  03:18:24
* NMEA baud rate = 4800
** Ship: R/V Rachel Carson
** Cruise ID: RC0083
** Tech: McHugh/Nomura
** Chief Scientist: Cross
** Station: GB02
** Cast:  CTD075
# nquan = 19
# nvalues = 8662                                  
# units = specified
# name 0 = latitude: Latitude [deg]
# name 1 = longitude: Longitude [deg]
# name 2 = sfdSM: Seafloor depth [salt water, m]
# name 3 = prDM: Pressure, Digiquartz [db]
# name 4 = depSM: Depth [salt water, m]
# name 5 = t090C: Temperature [ITS-90, deg C]
# name 6 = sal00: Salinity, Practical [PSU]
# name 7 = density00: Density [density, kg/m^3]
# name 8 = sigma-é00: Density [sigma-theta, kg/m^3]
# name 9 = potemp090C: Potential Temperature [ITS-90, deg C]
# name 10 = sbeox0PS: Oxygen, SBE 43 [% saturation]
# name 11 = CStarTr0: Beam Transmission, WET Labs C-Star [%]
# name 12 = flECO-AFL: Fluorescence, WET Labs ECO-AFL/FL [mg/m^3]
# name 13 = ph: pH
# name 14 = sbeox0ML/L: Oxygen, SBE 43 [ml/l]
# name 15 = sbeox0Mg/L: Oxygen, SBE 43 [mg/l]
# name 16 = sbox0Mm/Kg: Oxygen, SBE 43 [umol/kg]
# name 17 = sbeox0Mm/L: Oxygen, SBE 43 [umol/l]
# name 18 = flag:  0.000e+00
# span 0 =   58.48766,   58.48878                 
# span 1 = -136.06362, -136.06326                 
# span 2 =      7.434,    113.439                 
# span 3 =      2.017,     78.954                 
# span 4 =      1.998,     78.204                 
# span 5 =     7.8280,     9.6412                 
# span 6 =    21.3996,    30.9524                 
# span 7 =  1016.4194,  1024.4805                 
# span 8 =    16.4067,    24.1194                 
# span 9 =     7.8241,     9.6410                 
# span 10 =     58.868,    108.720                
# span 11 =    59.1266,    89.8365                
# span 12 =     0.2925,     6.2998                
# span 13 =      7.907,      8.320                
# span 14 =     4.0037,     7.5039                
# span 15 =     5.7216,    10.7238                
# span 16 =    174.593,    329.244                
# span 17 =    178.803,    335.123                
# span 18 = 0.0000e+00, 0.0000e+00                
# interval = seconds: 0.0416667
# start_time = Aug 21 2022 03:18:24 [NMEA time, header]
# bad_flag = -9.990e-29
*END*
[from data line 8077]
   58.48766 -136.06342     86.629     11.054     10.951     8.7410    26.9661  1020.9228    20.8720     8.7400     81.908    75.6842     3.2815      8.071     5.6011     8.0045    245.029    250.143  0.000e+00
   58.48766 -136.06342     86.661     11.111     11.007     8.7399    26.9650  1020.9224    20.8714     8.7388     81.977    75.7122     3.2522      8.071     5.6059     8.0114    245.243    250.361  0.000e+00
   58.48766 -136.06342     86.743     11.022     10.919     8.7406    26.9646  1020.9216    20.8709     8.7395     82.044    75.7122     3.2522      8.071     5.6104     8.0179    245.439    250.562  0.000e+00
   58.48766 -136.06342     86.890     10.998     10.895     8.7390    26.9728  1020.9281    20.8776     8.7380     82.112    75.7122     3.2522      8.071     5.6150     8.0244    245.637    250.765  0.000e+00
   58.48766 -136.06342     86.915     10.998     10.895     8.7361    26.9808  1020.9348    20.8843     8.7351     82.181    75.7122     3.2522      8.071     5.6198     8.0312    245.844    250.978  0.000e+00
   58.48766 -136.06342     86.915     10.998     10.895     8.7345    26.9835  1020.9371    20.8865     8.7335     82.304    75.7122     3.2522      8.071     5.6283     8.0434    246.217    251.359  0.000e+00
   58.48766 -136.06342     86.939     11.022     10.919     8.7335    26.9855  1020.9389    20.8882     8.7325     82.372    75.7122     3.2522      8.071     5.6330     8.0501    246.422    251.569  0.000e+00
   58.48766 -136.06342     86.851     10.933     10.831     8.7342    26.9827  1020.9362    20.8860     8.7332     82.437    75.7122     3.2815      8.071     5.6375     8.0565    246.619    251.770  0.000e+00
   58.48766 -136.06342     86.851     10.933     10.831     8.7358    26.9746  1020.9297    20.8795     8.7348     82.565    75.7122     3.2815      8.071     5.6463     8.0691    247.006    252.164  0.000e+00
   58.48766 -136.06342     86.875     10.958     10.855     8.7394    26.9587  1020.9169    20.8665     8.7384     82.636    75.6842     3.2522      8.075     5.6513     8.0763    247.229    252.388  0.000e+00
   58.48766 -136.06342     86.915     10.998     10.895     8.7444    26.9368  1020.8992    20.8487     8.7434     82.762    75.7122     3.2522      8.075     5.6601     8.0888    247.616    252.778  0.000e+00
   58.48766 -136.06342     86.875     10.933     10.831     8.7479    26.9240  1020.8884    20.8382     8.7469     82.830    75.7122     3.2522      8.075     5.6648     8.0955    247.824    252.988  0.000e+00
   58.48766 -136.06342     86.909     10.844     10.743     8.7504    26.9183  1020.8832    20.8333     8.7494     82.959    75.7122     3.2522      8.075     5.6735     8.1079    248.205    253.376  0.000e+00
   58.48766 -136.06342     86.951     10.812     10.711     8.7532    26.9121  1020.8778    20.8282     8.7522     83.039    75.7122     3.2522      8.075     5.6788     8.1156    248.440    253.615  0.000e+00
   58.48766 -136.06342     87.015     10.877     10.775     8.7550    26.9059  1020.8730    20.8231     8.7540     83.112    75.7122     3.2522      8.075     5.6838     8.1227    248.659    253.837  0.000e+00
   58.48766 -136.06342     86.919     10.780     10.679     8.7577    26.8926  1020.8618    20.8123     8.7567     83.236    75.6842     3.3987      8.075     5.6924     8.1350    249.039    254.222  0.000e+00
   58.48766 -136.06342     87.063     10.877     10.775     8.7593    26.8831  1020.8546    20.8046     8.7582     83.312    75.6842     3.4573      8.075     5.6977     8.1427    249.275    254.461  0.000e+00
   58.48766 -136.06342     87.097     10.812     10.711     8.7600    26.8789  1020.8509    20.8012     8.7589     83.440    75.6283     3.4867      8.075     5.7065     8.1552    249.661    254.854  0.000e+00
   58.48766 -136.06342     87.122     10.812     10.711     8.7599    26.8789  1020.8509    20.8013     8.7589     83.518    75.4884     3.4867      8.075     5.7119     8.1629    249.895    255.093  0.000e+00
   58.48766 -136.06342     87.154     10.844     10.743     8.7593    26.8787  1020.8510    20.8012     8.7583     83.594    75.4605     3.4867      8.075     5.7172     8.1705    250.128    255.331  0.000e+00
   58.48766 -136.06342     87.122     10.812     10.711     8.7602    26.8700  1020.8439    20.7942     8.7592     83.722    75.4605     3.4867      8.075     5.7262     8.1833    250.521    255.731  0.000e+00
   58.48766 -136.06342     87.122     10.812     10.711     8.7636    26.8511  1020.8287    20.7790     8.7626     83.799    75.4605     3.4573      8.075     5.7317     8.1912    250.767    255.977  0.000e+00
   58.48766 -136.06342     87.065     10.780     10.679     8.7674    26.8345  1020.8150    20.7655     8.7664     83.873    75.4605     3.4573      8.075     5.7369     8.1986    250.997    256.209  0.000e+00
   58.48766 -136.06342     87.066     10.756     10.655     8.7694    26.8241  1020.8065    20.7571     8.7684     83.938    75.4605     3.4573      8.075     5.7415     8.2051    251.199    256.414  0.000e+00
   58.48766 -136.06342     87.066     10.756     10.655     8.7718    26.8108  1020.7958    20.7464     8.7708     84.062    75.4605     3.4867      8.075     5.7501     8.2175    251.581    256.801  0.000e+00
   58.48766 -136.06342     87.034     10.723     10.623     8.7751    26.7897  1020.7787    20.7294     8.7741     84.190    75.4605     3.4573      8.075     5.7592     8.2305    251.982    257.206  0.000e+00
   58.48766 -136.06342     87.180     10.699     10.599     8.7781    26.7710  1020.7636    20.7144     8.7772     84.273    75.4605     3.4867      8.080     5.7652     8.2391    252.249    257.474  0.000e+00
   58.48766 -136.06342     87.351     10.699     10.599     8.7833    26.7401  1020.7387    20.6895     8.7823     84.347    75.4605     3.4867      8.080     5.7707     8.2469    252.496    257.720  0.000e+00
   58.48766 -136.06342     87.400     10.723     10.623     8.7900    26.6944  1020.7022    20.6529     8.7890     84.471    75.4605     3.4867      8.080     5.7801     8.2603    252.915    258.138  0.000e+00
   58.48766 -136.06342     87.376     10.699     10.599     8.7976    26.6487  1020.6653    20.6161     8.7966     84.544    75.4605     3.4573      8.080     5.7857     8.2684    253.172    258.392  0.000e+00
   58.48766 -136.06342     87.376     10.699     10.599     8.8036    26.6179  1020.6404    20.5912     8.8026     84.668    75.4605     3.4573      8.080     5.7946     8.2811    253.568    258.789  0.000e+00
   58.48766 -136.06342     87.344     10.667     10.567     8.8059    26.6068  1020.6312    20.5822     8.8049     84.742    75.4605     3.4573      8.080     5.7998     8.2885    253.796    259.020  0.000e+00
   58.48766 -136.06342     87.256     10.578     10.479     8.8075    26.5976  1020.6234    20.5748     8.8066     84.812    75.4605     3.4867      8.080     5.8047     8.2955    254.012    259.238  0.000e+00
   58.48766 -136.06342     87.200     10.521     10.423     8.8093    26.5879  1020.6153    20.5670     8.8084     84.885    75.4605     3.4867      8.080     5.8098     8.3029    254.239    259.468  0.000e+00
   58.48766 -136.06342     87.256     10.578     10.479     8.8104    26.5832  1020.6117    20.5631     8.8094     84.950    75.4605     3.4573      8.080     5.8143     8.3092    254.435    259.667  0.000e+00
   58.48766 -136.06342     87.224     10.546     10.447     8.8111    26.5794  1020.6086    20.5601     8.8101     85.064    75.4605     3.4573      8.080     5.8222     8.3205    254.781    260.020  0.000e+00
   58.48766 -136.06342     87.200     10.521     10.423     8.8120    26.5748  1020.6047    20.5564     8.8110     85.127    75.4605     3.4280      8.080     5.8266     8.3267    254.973    260.214  0.000e+00
   58.48766 -136.06342     87.136     10.457     10.359     8.8126    26.5752  1020.6047    20.5566     8.8116     85.186    75.3206     3.4280      8.080     5.8305     8.3323    255.144    260.389  0.000e+00
   58.48766 -136.06342     87.104     10.424     10.327     8.8111    26.5905  1020.6166    20.5687     8.8101     85.241    74.8172     3.3987      8.080     5.8339     8.3372    255.291    260.542  0.000e+00
   58.48766 -136.06342     87.080     10.400     10.303     8.8089    26.5969  1020.6218    20.5741     8.8079     85.348    74.6214     3.3987      8.080     5.8413     8.3477    255.612    260.871  0.000e+00
   58.48766 -136.06342     87.080     10.400     10.303     8.8101    26.5898  1020.6161    20.5683     8.8091     85.402    74.5934     3.4280      8.080     5.8450     8.3531    255.779    261.040  0.000e+00
   58.48766 -136.06342     87.097     10.368     10.271     8.8107    26.5887  1020.6151    20.5674     8.8097     85.513    74.6214     3.4280      8.080     5.8526     8.3640    256.110    261.378  0.000e+00
   58.48766 -136.06342     87.089     10.336     10.239     8.8096    26.5964  1020.6211    20.5736     8.8087     85.565    74.6214     3.4280      8.085     5.8560     8.3689    256.259    261.531  0.000e+00
   58.48766 -136.06342     87.089     10.336     10.239     8.8093    26.6005  1020.6243    20.5768     8.8084     85.613    74.6214     3.4280      8.085     5.8592     8.3734    256.397    261.673  0.000e+00
   58.48766 -136.06342     87.057     10.303     10.207     8.8095    26.5979  1020.6221    20.5747     8.8085     85.663    74.6214     3.4280      8.085     5.8627     8.3784    256.551    261.829  0.000e+00
   58.48766 -136.06342     87.187     10.336     10.239     8.8105    26.5877  1020.6141    20.5667     8.8095     85.710    74.6214     3.4280      8.085     5.8662     8.3833    256.703    261.983  0.000e+00
   58.48766 -136.06342     87.302     10.279     10.183     8.8120    26.5772  1020.6055    20.5582     8.8110     85.751    74.6214     3.3987      8.085     5.8692     8.3876    256.837    262.117  0.000e+00
   58.48766 -136.06342     87.318     10.247     10.151     8.8129    26.5717  1020.6009    20.5539     8.8119     85.843    74.6214     3.4280      8.089     5.8755     8.3967    257.117    262.402  0.000e+00
   58.48766 -136.06342     87.294     10.223     10.127     8.8145    26.5618  1020.5928    20.5459     8.8135     85.882    74.6214     3.4280      8.089     5.8784     8.4008    257.244    262.530  0.000e+00
   58.48766 -136.06342     87.294     10.223     10.127     8.8161    26.5519  1020.5849    20.5379     8.8152     85.924    74.6214     3.3987      8.089     5.8814     8.4052    257.379    262.666  0.000e+00
   58.48766 -136.06342     87.254     10.182     10.087     8.8171    26.5461  1020.5800    20.5333     8.8161     85.962    74.6214     3.4280      8.089     5.8841     8.4090    257.498    262.785  0.000e+00
   58.48766 -136.06342     87.230     10.158     10.063     8.8176    26.5453  1020.5792    20.5326     8.8166     85.996    74.6214     3.4280      8.089     5.8864     8.4123    257.598    262.887  0.000e+00
   58.48766 -136.06342     87.230     10.158     10.063     8.8176    26.5459  1020.5797    20.5330     8.8166     86.081    74.6214     3.4280      8.089     5.8922     8.4205    257.851    263.145  0.000e+00
   58.48766 -136.06342     87.142     10.069      9.975     8.8174    26.5467  1020.5799    20.5337     8.8164     86.112    74.6214     3.3987      8.094     5.8943     8.4236    257.944    263.241  0.000e+00
   58.48766 -136.06342     87.174     10.101     10.007     8.8176    26.5440  1020.5780    20.5316     8.8166     86.202    74.6214     3.4280      8.094     5.9006     8.4325    258.217    263.519  0.000e+00
   58.48766 -136.06342     87.174     10.101     10.007     8.8181    26.5410  1020.5755    20.5291     8.8171     86.184    74.6214     3.4280      8.094     5.8994     8.4308    258.167    263.467  0.000e+00
   58.48766 -136.06342     87.118     10.045      9.951     8.8186    26.5392  1020.5738    20.5276     8.8177     86.210    74.6214     3.4573      8.094     5.9011     8.4333    258.243    263.544  0.000e+00
   58.48766 -136.06342     87.167     10.069      9.975     8.8186    26.5396  1020.5742    20.5279     8.8177     86.294    74.5655     3.4867      8.094     5.9069     8.4415    258.494    263.801  0.000e+00
   58.48766 -136.06342     87.143     10.045      9.951     8.8184    26.5418  1020.5758    20.5297     8.8175     86.270    73.9222     3.4867      8.094     5.9052     8.4391    258.421    263.727  0.000e+00
   58.48766 -136.06342     87.054      9.980      9.887     8.8178    26.5457  1020.5787    20.5328     8.8168     86.298    73.5865     3.4867      8.099     5.9070     8.4417    258.499    263.807  0.000e+00
   58.48766 -136.06342     87.103     10.004      9.911     8.8176    26.5476  1020.5803    20.5344     8.8166     86.377    73.5586     3.4867      8.099     5.9124     8.4494    258.734    264.047  0.000e+00
   58.48766 -136.06342     87.023      9.924      9.831     8.8174    26.5489  1020.5810    20.5354     8.8165     86.410    73.5865     3.4867      8.099     5.9146     8.4526    258.832    264.147  0.000e+00
   58.48766 -136.06342     87.023      9.924      9.831     8.8171    26.5484  1020.5806    20.5350     8.8162     86.441    73.6145     3.4867      8.099     5.9168     8.4557    258.927    264.244  0.000e+00
   58.48766 -136.06342     86.991      9.891      9.799     8.8171    26.5460  1020.5786    20.5332     8.8162     86.467    73.6145     3.4867      8.099     5.9187     8.4584    259.010    264.328  0.000e+00
   58.48766 -136.06342     87.023      9.924      9.831     8.8181    26.5406  1020.5744    20.5288     8.8172     86.497    73.6145     3.4867      8.104     5.9208     8.4614    259.104    264.424  0.000e+00
   58.48766 -136.06342     86.934      9.859      9.767     8.8182    26.5401  1020.5737    20.5284     8.8173     86.523    73.6145     3.4573      8.104     5.9226     8.4640    259.183    264.504  0.000e+00
   58.48766 -136.06342     86.927      9.827      9.735     8.8179    26.5407  1020.5740    20.5289     8.8170     86.608    73.5865     3.4867      8.104     5.9284     8.4723    259.438    264.763  0.000e+00
   58.48766 -136.06342     86.934      9.859      9.767     8.8184    26.5379  1020.5719    20.5266     8.8175     86.642    73.6145     3.4867      8.108     5.9308     8.4757    259.542    264.869  0.000e+00
   58.48766 -136.06342     86.903      9.803      9.711     8.8191    26.5335  1020.5682    20.5231     8.8182     86.671    73.5865     3.4573      8.108     5.9329     8.4787    259.634    264.963  0.000e+00
   58.48766 -136.06342     86.944      9.770      9.679     8.8201    26.5282  1020.5638    20.5189     8.8192     86.705    73.6145     3.4867      8.108     5.9352     8.4821    259.739    265.068  0.000e+00
   58.48766 -136.06342     87.042      9.746      9.655     8.8202    26.5280  1020.5634    20.5187     8.8193     86.735    73.6145     3.4867      8.108     5.9373     8.4850    259.830    265.161  0.000e+00
   58.48766 -136.06342     87.091      9.746      9.655     8.8203    26.5218  1020.5586    20.5138     8.8194     86.818    73.6145     3.4867      8.108     5.9432     8.4934    260.088    265.423  0.000e+00
   58.48766 -136.06342     87.051      9.706      9.615     8.8241    26.4876  1020.5311    20.4865     8.8232     86.848    73.6145     3.4867      8.108     5.9460     8.4975    260.219    265.550  0.000e+00
   58.48766 -136.06342     87.027      9.681      9.591     8.8299    26.4453  1020.4972    20.4527     8.8290     86.880    73.6145     3.4867      8.113     5.9491     8.5019    260.363    265.688  0.000e+00
   58.48766 -136.06342     87.100      9.681      9.591     8.8331    26.4244  1020.4804    20.4360     8.8322     86.918    73.6145     3.4867      8.113     5.9521     8.5062    260.498    265.821  0.000e+00
