EcoFOCI/data/1_SampleCollection/2022_GOA-OA_CruiseData/CTD_raw_BottleFile_RC0083/RC0083_040.ros
* Sea-Bird SBE 9 Data File:
* FileName = C:\Data\RC0083ctd\RC0083_040.hex
* Software Version Seasave V 7.26.7.107
* Temperature SN = 2060
* Conductivity SN = 1084
* Number of Bytes Per Scan = 31
* Number of Voltage Words = 4
* Number of Scans Averaged by the Deck Unit = 1
* NMEA Latitude = 58 15.27 N
* NMEA Longitude = 135 26.59 W
* NMEA UTC (Time) = Aug 18 2022  13:05:02
* NMEA baud rate = 4800
** Ship: R/V Rachel Carson
** Cruise ID: RC0083
** Tech: McHugh/Nomura
** Chief Scientist: Cross
** Station: ISC
** Cast:  CTD040
# nquan = 21
# nvalues = 196                                   
# units = specified
# name 0 = latitude: Latitude [deg]
# name 1 = longitude: Longitude [deg]
# name 2 = sfdSM: Seafloor depth [salt water, m]
# name 3 = prDM: Pressure, Digiquartz [db]
# name 4 = depSM: Depth [salt water, m]
# name 5 = t090C: Temperature [ITS-90, deg C]
# name 6 = sal00: Salinity, Practical [PSU]
# name 7 = density00: Density [density, kg/m^3]
# name 8 = sigma-é00: Density [sigma-theta, kg/m^3]
# name 9 = potemp090C: Potential Temperature [ITS-90, deg C]
# name 10 = sbeox0PS: Oxygen, SBE 43 [% saturation]
# name 11 = CStarTr0: Beam Transmission, WET Labs C-Star [%]
# name 12 = flECO-AFL: Fluorescence, WET Labs ECO-AFL/FL [mg/m^3]
# name 13 = ph: pH
# name 14 = sbeox0ML/L: Oxygen, SBE 43 [ml/l]
# name 15 = sbeox0Mg/L: Oxygen, SBE 43 [mg/l]
# name 16 = sbox0Mm/Kg: Oxygen, SBE 43 [umol/kg]
# name 17 = sbeox0Mm/L: Oxygen, SBE 43 [umol/l]
# name 18 = scan: Scan Count
# name 19 = nbf: Bottles Fired
# name 20 = flag:  0.000e+00
# interval = seconds: 0.0416667
# start_time = Aug 18 2022 13:05:02 [NMEA time, header]
# bad_flag = -9.990e-29
*END*
[from data line 138]
   58.25476 -135.44448    123.771     25.375     25.138     7.7377    30.2105  1023.6678    23.5513     7.7354     61.829    91.0672     0.3218      7.940     4.2352     6.0526    184.794    189.146      20640          3  0.000e+00
   58.25476 -135.44448    123.707     25.311     25.074     7.7369    30.2113  1023.6682    23.5520     7.7346     61.829    91.0672     0.3218      7.945     4.2353     6.0526    184.795    189.148      20641          3  0.000e+00
   58.25476 -135.44448    123.771     25.375     25.138     7.7368    30.2114  1023.6686    23.5521     7.7345     61.830    91.0672     0.3218      7.940     4.2353     6.0527    184.798    189.151      20642          3  0.000e+00
   58.25476 -135.44448    123.707     25.311     25.074     7.7367    30.2111  1023.6681    23.5519     7.7344     61.885    91.0672     0.3218      7.940     4.2391     6.0581    184.964    189.320      20643          3  0.000e+00
   58.25476 -135.44448    123.771     25.375     25.138     7.7372    30.2111  1023.6684    23.5519     7.7349     61.837    91.0672     0.3218      7.945     4.2358     6.0534    184.819    189.172      20644          3  0.000e+00
   58.25476 -135.44448    123.771     25.375     25.138     7.7366    30.2116  1023.6689    23.5523     7.7343     61.837    91.0672     0.3218      7.940     4.2359     6.0535    184.821    189.174      20645          3  0.000e+00
   58.25476 -135.44448    123.707     25.311     25.074     7.7361    30.2122  1023.6691    23.5529     7.7338     61.892    91.0672     0.3511      7.940     4.2397     6.0589    184.986    189.343      20646          3  0.000e+00
   58.25476 -135.44448    123.707     25.311     25.074     7.7354    30.2125  1023.6694    23.5531     7.7331     61.844    91.0672     0.3511      7.945     4.2364     6.0542    184.844    189.197      20647          3  0.000e+00
   58.25476 -135.44448    123.771     25.375     25.138     7.7349    30.2131  1023.6702    23.5537     7.7326     61.844    91.0672     0.3511      7.945     4.2364     6.0543    184.846    189.200      20648          3  0.000e+00
   58.25490 -135.44466    101.926      3.325      3.294    12.2926    23.4906  1017.6349    17.6198    12.2922    106.647    89.3611     3.2229      8.373     6.8956     9.8545    302.625    307.957      23410          4  0.000e+00
   58.25490 -135.44466    101.654      3.050      3.022    12.2931    23.4894  1017.6326    17.6188    12.2928    106.648    89.3611     3.1936      8.373     6.8957     9.8546    302.628    307.960      23411          4  0.000e+00
   58.25490 -135.44466    101.990      3.389      3.358    12.2931    23.4890  1017.6339    17.6185    12.2927    106.712    89.3611     3.1936      8.373     6.8998     9.8605    302.808    308.143      23412          4  0.000e+00
   58.25490 -135.44466    101.830      3.228      3.198    12.2929    23.4892  1017.6333    17.6187    12.2926    106.667    89.3611     3.1936      8.373     6.8969     9.8563    302.682    308.014      23413          4  0.000e+00
   58.25490 -135.44466    101.870      3.268      3.238    12.2933    23.4887  1017.6331    17.6183    12.2929    106.726    89.3611     3.1936      8.373     6.9007     9.8617    302.848    308.183      23414          4  0.000e+00
   58.25490 -135.44466    101.830      3.228      3.198    12.2931    23.4886  1017.6328    17.6182    12.2928    106.729    89.3611     3.1936      8.373     6.9009     9.8621    302.860    308.196      23415          4  0.000e+00
   58.25490 -135.44466    101.870      3.268      3.238    12.2935    23.4883  1017.6327    17.6179    12.2931    106.740    89.3611     3.2229      8.368     6.9016     9.8630    302.888    308.224      23416          4  0.000e+00
   58.25490 -135.44466    101.830      3.228      3.198    12.2935    23.4879  1017.6322    17.6176    12.2931    106.743    89.3611     3.2229      8.373     6.9018     9.8634    302.898    308.234      23417          4  0.000e+00
   58.25490 -135.44466    101.870      3.268      3.238    12.2935    23.4878  1017.6324    17.6175    12.2931    106.747    89.3611     3.1936      8.373     6.9021     9.8637    302.909    308.246      23418          4  0.000e+00
   58.25490 -135.44466    101.814      3.212      3.182    12.2935    23.4881  1017.6323    17.6177    12.2931    106.702    89.3331     3.1936      8.373     6.8991     9.8595    302.780    308.114      23419          4  0.000e+00
   58.25490 -135.44466    101.830      3.228      3.198    12.2935    23.4876  1017.6321    17.6174    12.2931    106.758    89.3611     3.1936      8.373     6.9028     9.8648    302.941    308.279      23420          4  0.000e+00
   58.25490 -135.44466    101.870      3.268      3.238    12.2935    23.4875  1017.6321    17.6173    12.2931    106.761    89.3611     3.1936      8.373     6.9030     9.8651    302.951    308.288      23421          4  0.000e+00
   58.25490 -135.44466    101.774      3.171      3.142    12.2935    23.4870  1017.6313    17.6169    12.2931    106.762    89.3611     3.2522      8.373     6.9031     9.8652    302.954    308.291      23422          4  0.000e+00
   58.25490 -135.44466    101.814      3.212      3.182    12.2937    23.4866  1017.6312    17.6166    12.2933    106.770    89.3611     3.3108      8.373     6.9036     9.8659    302.977    308.314      23423          4  0.000e+00
   58.25490 -135.44466    101.830      3.228      3.198    12.2937    23.4865  1017.6312    17.6165    12.2933    106.772    89.3611     3.3108      8.373     6.9037     9.8661    302.981    308.319      23424          4  0.000e+00
   58.25490 -135.44466    101.870      3.268      3.238    12.2937    23.4866  1017.6314    17.6165    12.2933    106.779    89.3611     3.3108      8.373     6.9042     9.8667    303.002    308.340      23425          4  0.000e+00
   58.25490 -135.44466    101.774      3.171      3.142    12.2940    23.4862  1017.6306    17.6162    12.2936    106.785    89.4170     3.3108      8.373     6.9045     9.8672    303.016    308.354      23426          4  0.000e+00
   58.25490 -135.44466    101.814      3.212      3.182    12.2938    23.4864  1017.6310    17.6164    12.2934    106.732    89.5848     3.3108      8.373     6.9011     9.8624    302.868    308.204      23427          4  0.000e+00
   58.25490 -135.44466    101.830      3.228      3.198    12.2938    23.4860  1017.6307    17.6161    12.2934    106.786    89.6407     3.3108      8.373     6.9046     9.8674    303.022    308.361      23428          4  0.000e+00
   58.25490 -135.44466    101.814      3.212      3.182    12.2941    23.4855  1017.6302    17.6156    12.2937    106.786    89.6407     3.3108      8.373     6.9046     9.8673    303.021    308.359      23429          4  0.000e+00
   58.25490 -135.44466    101.830      3.228      3.198    12.2941    23.4855  1017.6302    17.6156    12.2937    106.786    89.6407     3.3108      8.373     6.9046     9.8673    303.020    308.358      23430          4  0.000e+00
   58.25490 -135.44466    101.750      3.147      3.118    12.2941    23.4855  1017.6299    17.6156    12.2938    106.778    89.6407     3.3108      8.373     6.9041     9.8666    302.998    308.335      23431          4  0.000e+00
   58.25490 -135.44466    101.830      3.228      3.198    12.2943    23.4853  1017.6301    17.6155    12.2939    106.777    89.6407     3.3108      8.368     6.9040     9.8665    302.995    308.332      23432          4  0.000e+00
   58.25490 -135.44466    101.814      3.212      3.182    12.2943    23.4853  1017.6300    17.6154    12.2939    106.775    89.6407     3.3108      8.373     6.9038     9.8663    302.988    308.326      23433          4  0.000e+00
   58.25490 -135.44466    101.814      3.212      3.182    12.2944    23.4851  1017.6298    17.6153    12.2941    106.772    89.6407     3.3108      8.368     6.9037     9.8660    302.981    308.318      23434          4  0.000e+00
   58.25490 -135.44466    101.774      3.171      3.142    12.2946    23.4849  1017.6295    17.6151    12.2943    106.769    89.6407     3.3108      8.373     6.9034     9.8657    302.969    308.306      23435          4  0.000e+00
   58.25490 -135.44466    101.814      3.212      3.182    12.2943    23.4853  1017.6300    17.6154    12.2939    106.772    89.6407     3.3108      8.373     6.9036     9.8660    302.979    308.316      23436          4  0.000e+00
   58.25490 -135.44466    101.774      3.171      3.142    12.2946    23.4851  1017.6296    17.6152    12.2943    106.773    89.6407     3.3108      8.373     6.9037     9.8661    302.982    308.319      23437          4  0.000e+00
   58.25490 -135.44466    101.814      3.212      3.182    12.2946    23.4853  1017.6299    17.6154    12.2943    106.770    89.6407     3.3108      8.373     6.9035     9.8657    302.971    308.308      23438          4  0.000e+00
   58.25490 -135.44466    101.830      3.228      3.198    12.2946    23.4852  1017.6299    17.6153    12.2943    106.765    89.6407     3.3108      8.373     6.9032     9.8653    302.960    308.296      23439          4  0.000e+00
   58.25490 -135.44466    101.750      3.147      3.118    12.2946    23.4853  1017.6296    17.6154    12.2943    106.759    89.6407     3.3108      8.373     6.9028     9.8648    302.942    308.279      23440          4  0.000e+00
   58.25490 -135.44466    101.830      3.228      3.198    12.2946    23.4853  1017.6301    17.6154    12.2943    106.755    89.6407     3.3108      8.373     6.9025     9.8644    302.930    308.266      23441          4  0.000e+00
   58.25490 -135.44468    101.814      3.212      3.182    12.2944    23.4850  1017.6297    17.6152    12.2941    106.749    89.6407     3.3108      8.373     6.9022     9.8639    302.914    308.250      23442          4  0.000e+00
   58.25490 -135.44468    101.774      3.171      3.142    12.2944    23.4850  1017.6296    17.6152    12.2941    106.742    89.6407     3.3108      8.373     6.9017     9.8632    302.895    308.230      23443          4  0.000e+00
   58.25490 -135.44468    101.814      3.212      3.182    12.2944    23.4852  1017.6299    17.6153    12.2941    106.742    89.6407     3.3108      8.373     6.9017     9.8632    302.893    308.229      23444          4  0.000e+00
   58.25490 -135.44468    101.830      3.228      3.198    12.2943    23.4855  1017.6302    17.6156    12.2939    106.794    89.6407     3.3108      8.373     6.9051     9.8680    303.042    308.381      23445          4  0.000e+00
   58.25490 -135.44468    101.814      3.212      3.182    12.2943    23.4852  1017.6299    17.6154    12.2939    106.792    89.6128     3.3108      8.373     6.9050     9.8679    303.037    308.375      23446          4  0.000e+00
   58.25490 -135.44468    101.774      3.172      3.142    12.2943    23.4856  1017.6301    17.6157    12.2939    106.741    89.5009     3.3108      8.373     6.9017     9.8632    302.892    308.228      23447          4  0.000e+00
   58.25490 -135.44468    101.815      3.212      3.182    12.2944    23.4853  1017.6300    17.6154    12.2941    106.793    89.4450     3.3108      8.373     6.9050     9.8679    303.038    308.376      23448          4  0.000e+00
   58.25490 -135.44468    101.815      3.212      3.182    12.2941    23.4855  1017.6302    17.6156    12.2937    106.795    89.4729     3.3108      8.368     6.9052     9.8682    303.047    308.385      23449          4  0.000e+00
   58.25490 -135.44468    101.831      3.228      3.198    12.2941    23.4856  1017.6303    17.6157    12.2937    106.798    89.4729     3.3108      8.373     6.9053     9.8684    303.054    308.392      23450          4  0.000e+00
   58.25490 -135.44468    101.815      3.212      3.182    12.2943    23.4854  1017.6301    17.6155    12.2939    106.799    89.4729     3.3108      8.373     6.9054     9.8685    303.057    308.395      23451          4  0.000e+00
   58.25490 -135.44468    101.831      3.228      3.198    12.2943    23.4858  1017.6305    17.6158    12.2939    106.800    89.4729     3.3108      8.373     6.9055     9.8686    303.060    308.398      23452          4  0.000e+00
   58.25490 -135.44468    101.815      3.212      3.182    12.2941    23.4863  1017.6309    17.6163    12.2937    106.801    89.4729     3.3108      8.373     6.9055     9.8687    303.061    308.400      23453          4  0.000e+00
   58.25490 -135.44468    101.831      3.228      3.198    12.2938    23.4865  1017.6311    17.6165    12.2934    106.801    89.4729     3.3108      8.373     6.9056     9.8688    303.064    308.403      23454          4  0.000e+00
   58.25490 -135.44468    101.815      3.212      3.182    12.2940    23.4865  1017.6310    17.6164    12.2936    106.801    89.4729     3.3108      8.373     6.9055     9.8687    303.062    308.401      23455          4  0.000e+00
   58.25490 -135.44468    101.831      3.228      3.198    12.2938    23.4870  1017.6315    17.6168    12.2934    106.801    89.4729     3.3108      8.373     6.9055     9.8687    303.061    308.400      23456          4  0.000e+00
   58.25490 -135.44468    101.871      3.268      3.238    12.2938    23.4872  1017.6318    17.6170    12.2934    106.800    89.4729     3.3108      8.373     6.9055     9.8686    303.058    308.397      23457          4  0.000e+00
   58.25490 -135.44468    101.831      3.228      3.198    12.2937    23.4875  1017.6319    17.6173    12.2933    106.798    89.4729     3.3108      8.373     6.9053     9.8684    303.052    308.391      23458          4  0.000e+00
