EcoFOCI/data/1_SampleCollection/2022_GOA-OA_CruiseData/CTD_raw_BottleFile_RC0083/RC0083_001.ros
* Sea-Bird SBE 9 Data File:
* FileName = C:\Data\RC0083ctd\RC0083_001.hex
* Software Version Seasave V 7.26.7.107
* Temperature SN = 2060
* Conductivity SN = 1084
* Number of Bytes Per Scan = 31
* Number of Voltage Words = 4
* Number of Scans Averaged by the Deck Unit = 1
* NMEA Latitude = 54 41.00 N
* NMEA Longitude = 132 51.47 W
* NMEA UTC (Time) = Aug 12 2022  03:46:21
* NMEA baud rate = 4800
** Ship: R/V Rachel Carson
** Cruise ID: RC0080 RC0083
** Tech: McHugh
** Chief Scientist: Newton Cross
** Station: DE1
** Cast:  001
# nquan = 21
# nvalues = 245                                   
# units = specified
# name 0 = latitude: Latitude [deg]
# name 1 = longitude: Longitude [deg]
# name 2 = sfdSM: Seafloor depth [salt water, m]
# name 3 = prDM: Pressure, Digiquartz [db]
# name 4 = depSM: Depth [salt water, m]
# name 5 = t090C: Temperature [ITS-90, deg C]
# name 6 = sal00: Salinity, Practical [PSU]
# name 7 = density00: Density [density, kg/m^3]
# name 8 = sigma-é00: Density [sigma-theta, kg/m^3]
# name 9 = potemp090C: Potential Temperature [ITS-90, deg C]
# name 10 = sbeox0PS: Oxygen, SBE 43 [% saturation]
# name 11 = CStarTr0: Beam Transmission, WET Labs C-Star [%]
# name 12 = flECO-AFL: Fluorescence, WET Labs ECO-AFL/FL [mg/m^3]
# name 13 = ph: pH
# name 14 = sbeox0ML/L: Oxygen, SBE 43 [ml/l]
# name 15 = sbeox0Mg/L: Oxygen, SBE 43 [mg/l]
# name 16 = sbox0Mm/Kg: Oxygen, SBE 43 [umol/kg]
# name 17 = sbeox0Mm/L: Oxygen, SBE 43 [umol/l]
# name 18 = scan: Scan Count
# name 19 = nbf: Bottles Fired
# name 20 = flag:  0.000e+00
# interval = seconds: 0.0416667
# start_time = Aug 12 2022 03:46:21 [NMEA time, header]
# bad_flag = -9.990e-29
*END*
[from data line 69]
   54.68468 -132.85430    117.124     51.390     50.921     8.5034    32.0467  1025.1166    24.8824     8.4983     58.361   101.0801     0.5269      7.895     3.8823     5.5482    169.174    173.383      13872          2  0.000e+00
   54.68468 -132.85430    117.156     51.446     50.977     8.5039    32.0468  1025.1169    24.8824     8.4988     58.362   101.0801     0.5269      7.895     3.8823     5.5482    169.173    173.382      13873          2  0.000e+00
   54.68468 -132.85430    117.131     51.446     50.977     8.5039    32.0466  1025.1167    24.8822     8.4988     58.362   101.0801     0.5562      7.895     3.8823     5.5482    169.173    173.383      13874          2  0.000e+00
   54.68468 -132.85430    117.195     51.511     51.041     8.5044    32.0465  1025.1169    24.8821     8.4993     58.362   101.0801     0.5269      7.895     3.8823     5.5481    169.172    173.382      13875          2  0.000e+00
   54.68468 -132.85430    117.195     51.511     51.041     8.5050    32.0461  1025.1164    24.8816     8.4999     58.362   101.0801     0.5269      7.895     3.8822     5.5481    169.171    173.380      13876          2  0.000e+00
   54.68468 -132.85430    117.195     51.511     51.041     8.5055    32.0462  1025.1164    24.8816     8.5003     58.362   101.0521     0.5269      7.895     3.8822     5.5480    169.169    173.378      13877          2  0.000e+00
   54.68468 -132.85430    117.259     51.624     51.154     8.5055    32.0461  1025.1169    24.8816     8.5003     58.363   101.0241     0.5562      7.895     3.8822     5.5481    169.171    173.380      13878          2  0.000e+00
   54.68468 -132.85430    117.178     51.567     51.098     8.5053    32.0466  1025.1171    24.8820     8.5002     58.362   101.0241     0.5269      7.895     3.8822     5.5481    169.170    173.379      13879          2  0.000e+00
   54.68468 -132.85430    117.234     51.624     51.154     8.5053    32.0469  1025.1176    24.8822     8.5002     58.363   101.0241     0.5562      7.895     3.8822     5.5481    169.171    173.380      13880          2  0.000e+00
   54.68468 -132.85430    117.242     51.632     51.162     8.5057    32.0467  1025.1173    24.8820     8.5005     58.308   101.0241     0.5562      7.895     3.8785     5.5428    169.010    173.215      13881          2  0.000e+00
   54.68468 -132.85430    117.298     51.689     51.218     8.5059    32.0466  1025.1176    24.8820     8.5007     58.357   101.0241     0.5562      7.895     3.8818     5.5474    169.151    173.360      13882          2  0.000e+00
   54.68468 -132.85430    117.249     51.689     51.218     8.5058    32.0468  1025.1177    24.8821     8.5007     58.357   101.0241     0.5562      7.895     3.8818     5.5475    169.152    173.361      13883          2  0.000e+00
   54.68468 -132.85430    117.225     51.689     51.218     8.5065    32.0464  1025.1173    24.8817     8.5013     58.357   101.0241     0.5562      7.895     3.8818     5.5474    169.151    173.359      13884          2  0.000e+00
   54.68468 -132.85430    117.225     51.689     51.218     8.5069    32.0463  1025.1171    24.8815     8.5018     58.302   101.0241     0.5269      7.895     3.8781     5.5421    168.990    173.194      13885          2  0.000e+00
   54.68468 -132.85430    117.281     51.745     51.274     8.5074    32.0463  1025.1173    24.8815     8.5023     58.296   101.0241     0.5269      7.895     3.8776     5.5415    168.971    173.175      13886          2  0.000e+00
   54.68468 -132.85430    117.257     51.745     51.274     8.5083    32.0459  1025.1169    24.8810     8.5031     58.290   101.0241     0.5269      7.895     3.8772     5.5408    168.950    173.154      13887          2  0.000e+00
   54.68468 -132.85430    117.183     51.745     51.274     8.5096    32.0447  1025.1158    24.8799     8.5044     58.339   101.0241     0.5562      7.895     3.8804     5.5454    169.090    173.296      13888          2  0.000e+00
   54.68468 -132.85430    117.159     51.745     51.274     8.5103    32.0451  1025.1159    24.8801     8.5052     58.285   101.0241     0.5269      7.895     3.8767     5.5402    168.929    173.132      13889          2  0.000e+00
   54.68468 -132.85430    117.159     51.745     51.274     8.5109    32.0447  1025.1156    24.8797     8.5057     58.335   101.0241     0.5269      7.895     3.8799     5.5448    169.072    173.278      13890          2  0.000e+00
   54.68468 -132.85430    117.159     51.745     51.274     8.5112    32.0446  1025.1154    24.8796     8.5060     58.336   101.0241     0.5562      7.895     3.8800     5.5449    169.075    173.281      13891          2  0.000e+00
   54.68468 -132.85430    116.744     51.745     51.274     8.5112    32.0443  1025.1152    24.8793     8.5060     58.338   101.0241     0.5562      7.895     3.8801     5.5451    169.079    173.286      13892          2  0.000e+00
   54.68468 -132.85430    116.085     51.745     51.274     8.5114    32.0444  1025.1152    24.8793     8.5062     58.339   101.0241     0.5562      7.895     3.8802     5.5452    169.083    173.289      13893          2  0.000e+00
   54.68468 -132.85430    115.914     51.745     51.274     8.5114    32.0443  1025.1152    24.8793     8.5062     58.341   101.0241     0.5562      7.895     3.8803     5.5453    169.087    173.294      13894          2  0.000e+00
   54.68468 -132.85430    115.914     51.745     51.274     8.5110    32.0447  1025.1155    24.8797     8.5059     58.287   101.0241     0.5269      7.895     3.8767     5.5402    168.932    173.135      13895          2  0.000e+00
   54.68468 -132.85430    115.882     51.689     51.218     8.5107    32.0451  1025.1156    24.8800     8.5055     58.281   101.0241     0.5269      7.895     3.8764     5.5397    168.917    173.119      13896          2  0.000e+00
   54.68468 -132.85430    116.004     51.689     51.218     8.5106    32.0450  1025.1156    24.8800     8.5055     58.277   100.9962     0.5562      7.895     3.8761     5.5393    168.903    173.105      13897          2  0.000e+00
   54.68468 -132.85430    116.207     51.745     51.274     8.5099    32.0449  1025.1159    24.8800     8.5048     58.272   100.9402     0.5269      7.895     3.8759     5.5390    168.894    173.096      13898          2  0.000e+00
   54.68468 -132.85430    116.119     51.632     51.162     8.5089    32.0457  1025.1161    24.8808     8.5037     58.267   100.9402     0.5269      7.895     3.8756     5.5386    168.882    173.084      13899          2  0.000e+00
   54.68468 -132.85430    116.175     51.689     51.218     8.5086    32.0457  1025.1164    24.8808     8.5035     58.264   100.9122     0.5269      7.895     3.8754     5.5383    168.873    173.075      13900          2  0.000e+00
   54.68498 -132.85378    124.779     25.572     25.340    10.7262    30.8599  1023.7165    23.6010    10.7233     78.090    94.7870     1.6405      8.063     4.9844     7.1233    217.472    222.605      17611          3  0.000e+00
   54.68498 -132.85378    124.028     25.160     24.932    10.7257    30.8590  1023.7140    23.6003    10.7228     78.078    94.7870     1.6405      8.068     4.9837     7.1223    217.442    222.574      17612          3  0.000e+00
   54.68498 -132.85378    123.870     25.394     25.164    10.7254    30.8578  1023.7143    23.5995    10.7225     78.072    94.7591     1.6405      8.068     4.9835     7.1218    217.430    222.561      17613          3  0.000e+00
   54.68498 -132.85378    123.772     25.394     25.164    10.7257    30.8568  1023.7134    23.5987    10.7228     78.065    94.7591     1.6405      8.063     4.9830     7.1211    217.408    222.539      17614          3  0.000e+00
   54.68498 -132.85378    123.716     25.337     25.108    10.7273    30.8538  1023.7105    23.5960    10.7244     78.056    94.7591     1.6405      8.063     4.9824     7.1203    217.383    222.512      17615          3  0.000e+00
   54.68498 -132.85378    123.677     25.273     25.044    10.7282    30.8517  1023.7085    23.5943    10.7253     78.055    94.7870     1.6405      8.063     4.9822     7.1201    217.378    222.507      17616          3  0.000e+00
   54.68498 -132.85378    123.677     25.273     25.044    10.7285    30.8500  1023.7071    23.5929    10.7256     78.055    94.8150     1.6405      8.068     4.9822     7.1201    217.378    222.507      17617          3  0.000e+00
   54.68498 -132.85378    123.621     25.216     24.988    10.7279    30.8498  1023.7067    23.5928    10.7250     78.000    94.8150     1.6405      8.063     4.9788     7.1153    217.230    222.355      17618          3  0.000e+00
   54.68498 -132.85378    123.565     25.160     24.932    10.7279    30.8490  1023.7059    23.5922    10.7250     77.995    94.8150     1.6405      8.063     4.9785     7.1148    217.215    222.340      17619          3  0.000e+00
   54.68498 -132.85378    123.757     25.354     25.124    10.7290    30.8474  1023.7053    23.5908    10.7261     77.992    94.8150     1.6698      8.068     4.9783     7.1144    217.206    222.330      17620          3  0.000e+00
   54.68498 -132.85378    123.621     25.216     24.988    10.7305    30.8455  1023.7030    23.5890    10.7276     77.987    94.8150     1.6991      8.063     4.9779     7.1138    217.188    222.311      17621          3  0.000e+00
   54.68498 -132.85378    123.621     25.216     24.988    10.7333    30.8431  1023.7006    23.5867    10.7304     78.038    94.8150     1.6991      8.063     4.9809     7.1182    217.320    222.446      17622          3  0.000e+00
   54.68498 -132.85378    123.565     25.160     24.932    10.7356    30.8403  1023.6978    23.5841    10.7327     78.041    94.8150     1.6991      8.063     4.9809     7.1182    217.323    222.448      17623          3  0.000e+00
   54.68498 -132.85378    123.621     25.216     24.988    10.7384    30.8366  1023.6947    23.5808    10.7355     77.992    94.8150     1.6991      8.063     4.9776     7.1135    217.178    222.299      17624          3  0.000e+00
   54.68498 -132.85378    123.621     25.216     24.988    10.7389    30.8350  1023.6934    23.5794    10.7360     77.984    94.8150     1.6991      8.063     4.9771     7.1128    217.157    222.277      17625          3  0.000e+00
   54.68498 -132.85378    123.565     25.160     24.932    10.7396    30.8332  1023.6916    23.5779    10.7367     77.983    94.8150     1.6991      8.063     4.9770     7.1127    217.153    222.273      17626          3  0.000e+00
   54.68500 -132.85376    123.621     25.216     24.988    10.7401    30.8320  1023.6908    23.5769    10.7372     77.977    94.8150     1.6991      8.063     4.9766     7.1121    217.137    222.257      17627          3  0.000e+00
   54.68500 -132.85376    123.621     25.216     24.988    10.7392    30.8320  1023.6910    23.5771    10.7363     77.972    94.8150     1.6991      8.068     4.9764     7.1117    217.126    222.245      17628          3  0.000e+00
   54.68500 -132.85376    123.565     25.160     24.932    10.7376    30.8334  1023.6921    23.5784    10.7347     77.966    94.8150     1.6991      8.068     4.9762     7.1114    217.116    222.235      17629          3  0.000e+00
   54.68500 -132.85376    123.621     25.216     24.988    10.7359    30.8355  1023.6943    23.5804    10.7330     77.962    94.8150     1.6991      8.068     4.9760     7.1112    217.110    222.229      17630          3  0.000e+00
   54.68500 -132.85376    123.621     25.216     24.988    10.7347    30.8367  1023.6954    23.5815    10.7318     77.965    94.8150     1.6991      8.063     4.9763     7.1116    217.120    222.240      17631          3  0.000e+00
   54.68500 -132.85376    123.677     25.273     25.044    10.7351    30.8371  1023.6959    23.5817    10.7322     77.968    94.8150     1.6991      8.063     4.9764     7.1118    217.127    222.248      17632          3  0.000e+00
   54.68500 -132.85376    123.621     25.216     24.988    10.7347    30.8380  1023.6964    23.5825    10.7318     77.972    94.8150     1.6991      8.063     4.9767     7.1122    217.137    222.258      17633          3  0.000e+00
   54.68500 -132.85376    123.652     25.273     25.044    10.7331    30.8395  1023.6981    23.5839    10.7302     77.977    94.8150     1.6991      8.063     4.9771     7.1128    217.157    222.278      17634          3  0.000e+00
   54.68500 -132.85376    123.677     25.273     25.044    10.7326    30.8434  1023.7012    23.5870    10.7298     77.982    94.8150     1.6991      8.063     4.9774     7.1132    217.168    222.291      17635          3  0.000e+00
   54.68500 -132.85376     93.704     25.338     25.108    10.7339    30.8480  1023.7049    23.5904    10.7310     77.929    94.7870     1.6991      8.068     4.9737     7.1079    217.005    222.125      17636          3  0.000e+00
   54.68500 -132.85376     65.865     25.338     25.108    10.7348    30.8494  1023.7058    23.5914    10.7319     77.923    94.7870     1.6991      8.063     4.9732     7.1072    216.983    222.102      17637          3  0.000e+00
   54.68500 -132.85376     59.951     25.160     24.932    10.7355    30.8491  1023.7047    23.5910    10.7326     77.916    94.7591     1.6991      8.063     4.9727     7.1065    216.962    222.080      17638          3  0.000e+00
   54.68500 -132.85376     61.670     25.515     25.285    10.7359    30.8478  1023.7052    23.5899    10.7330     77.916    94.7591     1.6991      8.063     4.9726     7.1064    216.960    222.078      17639          3  0.000e+00
   54.68500 -132.85376     62.674     25.394     25.164    10.7361    30.8458  1023.7031    23.5883    10.7332     77.965    94.7591     1.7577      8.063     4.9758     7.1110    217.100    222.221      17640          3  0.000e+00
   54.68500 -132.85376     62.893     25.394     25.164    10.7359    30.8440  1023.7017    23.5870    10.7330     77.914    94.7870     1.8163      8.063     4.9727     7.1065    216.963    222.080      17641          3  0.000e+00
   54.68500 -132.85376     62.884     25.459     25.228    10.7355    30.8409  1023.6996    23.5846    10.7326     77.967    94.7591     1.8163      8.068     4.9762     7.1115    217.116    222.237      17642          3  0.000e+00
   54.68500 -132.85376     62.835     25.459     25.228    10.7363    30.8387  1023.6978    23.5827    10.7334     77.972    94.7870     1.8163      8.063     4.9765     7.1119    217.129    222.249      17643          3  0.000e+00
   54.68500 -132.85376     62.835     25.459     25.229    10.7363    30.8387  1023.6978    23.5827    10.7334     77.977    94.7870     1.7870      8.063     4.9768     7.1123    217.143    222.264      17644          3  0.000e+00
   54.68500 -132.85376     62.891     25.515     25.285    10.7374    30.8401  1023.6990    23.5837    10.7345     77.983    94.7591     1.8163      8.068     4.9770     7.1127    217.152    222.274      17645          3  0.000e+00
   54.68500 -132.85376     62.947     25.572     25.341    10.7368    30.8456  1023.7036    23.5881    10.7339     77.990    94.7870     1.8163      8.063     4.9773     7.1131    217.165    222.288      17646          3  0.000e+00
   54.68500 -132.85376     62.947     25.572     25.341    10.7331    30.8519  1023.7091    23.5936    10.7302     77.997    94.7591     1.7870      8.063     4.9780     7.1140    217.192    222.317      17647          3  0.000e+00
   54.68500 -132.85376     62.947     25.572     25.341    10.7283    30.8553  1023.7126    23.5971    10.7254     78.004    94.7591     1.8163      8.063     4.9789     7.1153    217.230    222.356      17648          3  0.000e+00
   54.68500 -132.85376     63.012     25.637     25.405    10.7252    30.8576  1023.7152    23.5993    10.7223     78.013    94.7870     1.7870      8.068     4.9797     7.1165    217.266    222.393      17649          3  0.000e+00
