EcoFOCI/data/1_SampleCollection/2022_GOA-OA_CruiseData/CTD_raw_BottleFile_RC0083/RC0083_045.ros
* Sea-Bird SBE 9 Data File:
* FileName = C:\Data\RC0083ctd\RC0083_045.hex
* Software Version Seasave V 7.26.7.107
* Temperature SN = 2060
* Conductivity SN = 1084
* Number of Bytes Per Scan = 31
* Number of Voltage Words = 4
* Number of Scans Averaged by the Deck Unit = 1
* NMEA Latitude = 58 10.42 N
* NMEA Longitude = 136 36.93 W
* NMEA UTC (Time) = Aug 19 2022  00:09:40
* NMEA baud rate = 4800
** Ship: R/V Rachel Carson
** Cruise ID: RC0083
** Tech: McHugh/Nomura
** Chief Scientist: Cross
** Station: XS4
** Cast:  CTD045
# nquan = 21
# nvalues = 245                                   
# units = specified
# name 0 = latitude: Latitude [deg]
# name 1 = longitude: Longitude [deg]
# name 2 = sfdSM: Seafloor depth [salt water, m]
# name 3 = prDM: Pressure, Digiquartz [db]
# name 4 = depSM: Depth [salt water, m]
# name 5 = t090C: Temperature [ITS-90, deg C]
# name 6 = sal00: Salinity, Practical [PSU]
# name 7 = density00: Density [density, kg/m^3]
# name 8 = sigma-é00: Density [sigma-theta, kg/m^3]
# name 9 = potemp090C: Potential Temperature [ITS-90, deg C]
# name 10 = sbeox0PS: Oxygen, SBE 43 [% saturation]
# name 11 = CStarTr0: Beam Transmission, WET Labs C-Star [%]
# name 12 = flECO-AFL: Fluorescence, WET Labs ECO-AFL/FL [mg/m^3]
# name 13 = ph: pH
# name 14 = sbeox0ML/L: Oxygen, SBE 43 [ml/l]
# name 15 = sbeox0Mg/L: Oxygen, SBE 43 [mg/l]
# name 16 = sbox0Mm/Kg: Oxygen, SBE 43 [umol/kg]
# name 17 = sbeox0Mm/L: Oxygen, SBE 43 [umol/l]
# name 18 = scan: Scan Count
# name 19 = nbf: Bottles Fired
# name 20 = flag:  0.000e+00
# interval = seconds: 0.0416667
# start_time = Aug 19 2022 00:09:40 [NMEA time, header]
# bad_flag = -9.990e-29
*END*
[from data line 69]
   58.17368 -136.61292    123.038     51.138     50.657     9.2410    31.1947  1024.3362    24.1037     9.2356     68.554    87.2914     0.7321      8.026     4.5107     6.4463    196.707    201.448       6806          2  0.000e+00
   58.17368 -136.61292    123.190     51.316     50.833     9.2428    31.1945  1024.3366    24.1032     9.2375     68.558    87.2914     0.7321      8.026     4.5108     6.4463    196.710    201.451       6807          2  0.000e+00
   58.17368 -136.61292    123.094     51.194     50.713     9.2436    31.1947  1024.3361    24.1033     9.2382     68.553    87.2914     0.7321      8.026     4.5104     6.4458    196.693    201.433       6808          2  0.000e+00
   58.17368 -136.61292    123.101     51.251     50.769     9.2447    31.1950  1024.3364    24.1034     9.2394     68.550    87.2914     0.7028      8.026     4.5101     6.4454    196.680    201.421       6809          2  0.000e+00
   58.17368 -136.61292    123.165     51.316     50.833     9.2457    31.1958  1024.3372    24.1038     9.2404     68.549    87.2914     0.6442      8.026     4.5099     6.4451    196.671    201.411       6810          2  0.000e+00
   58.17368 -136.61292    123.077     51.251     50.769     9.2475    31.1969  1024.3375    24.1044     9.2422     68.547    87.2914     0.6442      8.026     4.5095     6.4446    196.656    201.396       6811          2  0.000e+00
   58.17368 -136.61292    123.205     51.380     50.897     9.2480    31.2005  1024.3408    24.1071     9.2427     68.493    87.2634     0.6442      8.026     4.5058     6.4393    196.493    201.230       6812          2  0.000e+00
   58.17368 -136.61292    123.165     51.316     50.833     9.2478    31.2005  1024.3405    24.1071     9.2425     68.542    87.2914     0.6442      8.026     4.5090     6.4439    196.633    201.374       6813          2  0.000e+00
   58.17368 -136.61292    123.141     51.316     50.833     9.2506    31.1969  1024.3373    24.1039     9.2453     68.543    87.2914     0.6442      8.026     4.5090     6.4437    196.630    201.370       6814          2  0.000e+00
   58.17368 -136.61292    123.197     51.372     50.889     9.2532    31.1987  1024.3386    24.1049     9.2478     68.546    87.2914     0.6442      8.026     4.5088     6.4436    196.624    201.364       6815          2  0.000e+00
   58.17368 -136.61292    123.205     51.380     50.897     9.2568    31.2041  1024.3422    24.1086     9.2514     68.494    87.2914     0.6442      8.026     4.5049     6.4380    196.453    201.189       6816          2  0.000e+00
   58.17368 -136.61292    123.221     51.372     50.889     9.2645    31.2063  1024.3427    24.1091     9.2592     68.491    87.2914     0.6442      8.026     4.5039     6.4365    196.407    201.142       6817          2  0.000e+00
   58.17368 -136.61292    123.261     51.437     50.953     9.2716    31.2087  1024.3437    24.1098     9.2662     68.489    86.9837     0.6442      8.026     4.5030     6.4352    196.370    201.104       6818          2  0.000e+00
   58.17368 -136.61292    123.228     51.429     50.945     9.2781    31.2101  1024.3438    24.1100     9.2728     68.544    85.5293     0.6442      8.026     4.5059     6.4393    196.495    201.232       6819          2  0.000e+00
   58.17368 -136.61292    123.156     51.380     50.897     9.2831    31.2112  1024.3436    24.1100     9.2777     68.495    84.9140     0.6442      8.026     4.5022     6.4341    196.333    201.067       6820          2  0.000e+00
   58.17368 -136.61292    123.228     51.429     50.945     9.2848    31.2108  1024.3433    24.1095     9.2795     68.498    84.8860     0.6442      8.026     4.5021     6.4340    196.332    201.066       6821          2  0.000e+00
   58.17368 -136.61292    123.292     51.493     51.009     9.2855    31.2091  1024.3422    24.1081     9.2801     68.494    84.9420     0.6442      8.030     4.5019     6.4337    196.323    201.055       6822          2  0.000e+00
   58.17368 -136.61290    123.204     51.429     50.945     9.2833    31.2074  1024.3408    24.1070     9.2779     68.491    84.9699     0.6442      8.026     4.5020     6.4338    196.325    201.058       6823          2  0.000e+00
   58.17368 -136.61290    123.187     51.437     50.953     9.2809    31.2054  1024.3398    24.1059     9.2756     68.489    84.9699     0.6442      8.030     4.5021     6.4340    196.332    201.065       6824          2  0.000e+00
   58.17368 -136.61290    123.155     51.429     50.945     9.2762    31.2048  1024.3399    24.1061     9.2708     68.488    84.9699     0.6442      8.026     4.5026     6.4346    196.351    201.084       6825          2  0.000e+00
   58.17368 -136.61290    123.219     51.493     51.009     9.2729    31.2033  1024.3396    24.1055     9.2675     68.488    84.9699     0.6442      8.026     4.5029     6.4352    196.368    201.102       6826          2  0.000e+00
   58.17368 -136.61290    123.155     51.429     50.945     9.2708    31.2020  1024.3386    24.1048     9.2654     68.495    84.9699     0.6442      8.026     4.5036     6.4362    196.399    201.133       6827          2  0.000e+00
   58.17368 -136.61290    123.219     51.493     51.009     9.2692    31.2014  1024.3387    24.1045     9.2638     68.497    84.9699     0.6442      8.026     4.5040     6.4366    196.412    201.147       6828          2  0.000e+00
   58.17368 -136.61290    123.195     51.493     51.009     9.2681    31.2019  1024.3393    24.1051     9.2627     68.499    84.9699     0.6442      8.026     4.5042     6.4370    196.423    201.158       6829          2  0.000e+00
   58.17368 -136.61290    123.163     51.437     50.953     9.2684    31.2027  1024.3395    24.1056     9.2630     68.509    84.9699     0.6442      8.030     4.5048     6.4378    196.448    201.183       6830          2  0.000e+00
   58.17368 -136.61290    123.195     51.493     51.009     9.2686    31.2028  1024.3398    24.1057     9.2633     68.520    84.9699     0.6442      8.026     4.5055     6.4388    196.480    201.216       6831          2  0.000e+00
   58.17368 -136.61290    123.195     51.493     51.009     9.2693    31.2030  1024.3400    24.1058     9.2639     68.526    84.9699     0.6442      8.030     4.5058     6.4392    196.492    201.228       6832          2  0.000e+00
   58.17368 -136.61290    123.106     51.429     50.945     9.2699    31.2050  1024.3411    24.1072     9.2646     68.531    84.9699     0.6442      8.026     4.5060     6.4395    196.502    201.239       6833          2  0.000e+00
   58.17368 -136.61290    123.090     51.437     50.953     9.2723    31.2071  1024.3424    24.1085     9.2669     68.531    84.9699     0.6442      8.026     4.5057     6.4391    196.488    201.225       6834          2  0.000e+00
   58.17370 -136.61238    126.492     30.662     30.375     9.5447    30.9833  1024.0301    23.8907     9.5414     71.310    83.4316     0.8200      8.058     4.6670     6.6696    203.565    208.428       8138          3  0.000e+00
   58.17370 -136.61238    126.517     30.662     30.375     9.5432    30.9858  1024.0322    23.8929     9.5399     71.341    83.4316     0.8200      8.058     4.6691     6.6726    203.656    208.522       8139          3  0.000e+00
   58.17370 -136.61238    126.445     30.541     30.255     9.5444    30.9862  1024.0318    23.8931     9.5412     71.268    83.4316     0.8493      8.058     4.6642     6.6656    203.442    208.303       8140          3  0.000e+00
   58.17370 -136.61238    126.590     30.662     30.375     9.5443    30.9865  1024.0326    23.8933     9.5411     71.253    83.4316     0.8200      8.058     4.6632     6.6642    203.398    208.258       8141          3  0.000e+00
   58.17370 -136.61238    126.470     30.541     30.255     9.5460    30.9879  1024.0329    23.8942     9.5427     71.229    83.4316     0.8200      8.058     4.6614     6.6617    203.322    208.180       8142          3  0.000e+00
   58.17370 -136.61238    126.526     30.597     30.311     9.5517    30.9890  1024.0331    23.8941     9.5485     71.208    83.4316     0.8200      8.058     4.6594     6.6587    203.232    208.088       8143          3  0.000e+00
   58.17370 -136.61238    126.494     30.541     30.255     9.5568    30.9899  1024.0327    23.8940     9.5535     71.192    83.4316     0.8200      8.058     4.6578     6.6565    203.165    208.019       8144          3  0.000e+00
   58.17370 -136.61238    126.559     30.557     30.271     9.5606    30.9907  1024.0329    23.8941     9.5574     71.179    83.4316     0.8200      8.058     4.6565     6.6546    203.107    207.960       8145          3  0.000e+00
   58.17370 -136.61238    126.567     30.541     30.255     9.5650    30.9916  1024.0328    23.8940     9.5618     71.165    83.4316     0.8200      8.058     4.6552     6.6527    203.048    207.900       8146          3  0.000e+00
   58.17370 -136.61238    126.567     30.541     30.255     9.5693    30.9918  1024.0322    23.8935     9.5660     71.098    83.4316     0.9079      8.058     4.6503     6.6458    202.838    207.684       8147          3  0.000e+00
   58.17370 -136.61238    126.567     30.541     30.255     9.5721    30.9904  1024.0307    23.8920     9.5688     71.081    83.4316     0.9372      8.058     4.6489     6.6438    202.777    207.622       8148          3  0.000e+00
   58.17370 -136.61238    126.577     30.476     30.191     9.5714    30.9903  1024.0304    23.8920     9.5682     71.064    83.4316     0.9372      8.058     4.6479     6.6423    202.733    207.576       8149          3  0.000e+00
   58.17370 -136.61238    126.763     30.540     30.255     9.5722    30.9915  1024.0316    23.8928     9.5690     71.042    83.4316     0.9372      8.058     4.6464     6.6402    202.666    207.508       8150          3  0.000e+00
   58.17370 -136.61238    126.787     30.540     30.255     9.5752    30.9912  1024.0309    23.8921     9.5720     71.028    83.4316     0.9372      8.058     4.6451     6.6384    202.611    207.452       8151          3  0.000e+00
   58.17370 -136.61238    126.723     30.476     30.191     9.5776    30.9905  1024.0296    23.8912     9.5744     71.014    83.4596     0.9372      8.058     4.6440     6.6367    202.561    207.401       8152          3  0.000e+00
   58.17370 -136.61238    126.723     30.476     30.191     9.5785    30.9891  1024.0283    23.8899     9.5753     71.001    83.5435     0.9372      8.058     4.6431     6.6355    202.525    207.363       8153          3  0.000e+00
   58.17370 -136.61238    126.723     30.476     30.191     9.5776    30.9891  1024.0285    23.8900     9.5744     70.936    83.5994     0.9372      8.058     4.6389     6.6295    202.341    207.175       8154          3  0.000e+00
   58.17370 -136.61238    126.787     30.540     30.255     9.5783    30.9906  1024.0298    23.8911     9.5751     70.927    83.5994     0.9372      8.058     4.6382     6.6285    202.311    207.144       8155          3  0.000e+00
   58.17370 -136.61238    126.723     30.476     30.191     9.5819    30.9922  1024.0303    23.8918     9.5787     70.918    83.5994     0.9079      8.058     4.6373     6.6271    202.267    207.100       8156          3  0.000e+00
   58.17370 -136.61238    126.683     30.435     30.151     9.5898    30.9919  1024.0286    23.8903     9.5866     70.911    83.5994     0.9372      8.058     4.6360     6.6253    202.212    207.043       8157          3  0.000e+00
   58.17370 -136.61238    126.723     30.476     30.191     9.5987    30.9912  1024.0268    23.8884     9.5955     70.851    83.5994     0.9372      8.058     4.6312     6.6184    202.003    206.829       8158          3  0.000e+00
   58.17370 -136.61238    126.699     30.476     30.191     9.6002    30.9894  1024.0252    23.8868     9.5970     70.842    83.5994     0.9372      8.058     4.6305     6.6174    201.973    206.797       8159          3  0.000e+00
   58.17370 -136.61238    126.699     30.476     30.191     9.5885    30.9885  1024.0263    23.8879     9.5853     70.836    83.5994     0.9372      8.058     4.6313     6.6186    202.008    206.833       8160          3  0.000e+00
   58.17370 -136.61238    126.723     30.476     30.191     9.5773    30.9887  1024.0283    23.8898     9.5741     70.777    83.5994     0.9372      8.058     4.6286     6.6147    201.889    206.712       8161          3  0.000e+00
   58.17370 -136.61238    126.723     30.476     30.191     9.5722    30.9895  1024.0297    23.8913     9.5690     70.822    83.5994     0.9372      8.058     4.6320     6.6196    202.039    206.866       8162          3  0.000e+00
   58.17370 -136.61238    126.667     30.419     30.135     9.5680    30.9891  1024.0298    23.8916     9.5648     70.814    83.5994     0.9372      8.058     4.6319     6.6195    202.035    206.862       8163          3  0.000e+00
   58.17370 -136.61238    126.787     30.540     30.255     9.5621    30.9885  1024.0308    23.8921     9.5589     70.754    83.5994     0.9372      8.058     4.6287     6.6148    201.892    206.716       8164          3  0.000e+00
   58.17370 -136.61238    126.691     30.419     30.135     9.5578    30.9876  1024.0302    23.8920     9.5546     70.749    83.5994     0.9372      8.058     4.6288     6.6150    201.898    206.722       8165          3  0.000e+00
   58.17372 -136.61236    126.723     30.476     30.191     9.5537    30.9878  1024.0313    23.8928     9.5505     70.748    83.5994     0.9372      8.058     4.6291     6.6155    201.913    206.737       8166          3  0.000e+00
   58.17372 -136.61236    126.723     30.476     30.191     9.5512    30.9886  1024.0323    23.8938     9.5480     70.741    83.5994     0.9372      8.058     4.6289     6.6152    201.904    206.728       8167          3  0.000e+00
   58.17372 -136.61236    126.756     30.435     30.151     9.5517    30.9883  1024.0318    23.8935     9.5485     70.743    83.5994     0.9958      8.058     4.6290     6.6153    201.906    206.730       8168          3  0.000e+00
   58.17372 -136.61236    126.894     30.476     30.191     9.5496    30.9869  1024.0312    23.8927     9.5464     70.740    83.5994     0.9958      8.058     4.6291     6.6154    201.911    206.736       8169          3  0.000e+00
   58.17372 -136.61236    126.943     30.476     30.191     9.5451    30.9862  1024.0314    23.8929     9.5419     70.740    83.5994     0.9958      8.058     4.6295     6.6161    201.931    206.756       8170          3  0.000e+00
   58.17372 -136.61236    126.918     30.476     30.191     9.5425    30.9866  1024.0321    23.8936     9.5393     70.741    83.5994     0.9958      8.058     4.6299     6.6166    201.946    206.771       8171          3  0.000e+00
   58.17372 -136.61236    126.918     30.476     30.191     9.5436    30.9883  1024.0333    23.8948     9.5404     70.690    83.5994     0.9958      8.058     4.6263     6.6115    201.791    206.612       8172          3  0.000e+00
   58.17372 -136.61236    126.918     30.476     30.191     9.5460    30.9894  1024.0338    23.8953     9.5427     70.688    83.8232     0.9958      8.058     4.6260     6.6110    201.774    206.596       8173          3  0.000e+00
   58.17372 -136.61236    126.918     30.476     30.191     9.5473    30.9881  1024.0325    23.8941     9.5440     70.743    83.9630     0.9958      8.058     4.6295     6.6160    201.928    206.753       8174          3  0.000e+00
   58.17372 -136.61236    126.918     30.476     30.191     9.5461    30.9864  1024.0314    23.8929     9.5429     70.698    84.0190     0.9958      8.058     4.6267     6.6120    201.807    206.628       8175          3  0.000e+00
   58.17372 -136.61236    126.918     30.476     30.191     9.5448    30.9889  1024.0336    23.8951     9.5416     70.703    84.0190     0.9958      8.058     4.6271     6.6126    201.823    206.646       8176          3  0.000e+00
