EcoFOCI/data/1_SampleCollection/2022_GOA-OA_CruiseData/CTD_raw_BottleFile_RC0083/RC0083_022.ros
* Sea-Bird SBE 9 Data File:
* FileName = C:\Data\RC0083ctd\RC0083_022.hex
* Software Version Seasave V 7.26.7.107
* Temperature SN = 2060
* Conductivity SN = 1084
* Number of Bytes Per Scan = 31
* Number of Voltage Words = 4
* Number of Scans Averaged by the Deck Unit = 1
* NMEA Latitude = 56 44.03 N
* NMEA Longitude = 135 37.02 W
* NMEA UTC (Time) = Aug 14 2022  20:04:00
* NMEA baud rate = 4800
** Ship: R/V Rachel Carson
** Cruise ID: RC0083
** Tech: McHugh/Nomura
** Chief Scientist: Cross
** Station: SEC05
** Cast:  CTD022
# nquan = 21
# nvalues = 294                                   
# units = specified
# name 0 = latitude: Latitude [deg]
# name 1 = longitude: Longitude [deg]
# name 2 = sfdSM: Seafloor depth [salt water, m]
# name 3 = prDM: Pressure, Digiquartz [db]
# name 4 = depSM: Depth [salt water, m]
# name 5 = t090C: Temperature [ITS-90, deg C]
# name 6 = sal00: Salinity, Practical [PSU]
# name 7 = density00: Density [density, kg/m^3]
# name 8 = sigma-é00: Density [sigma-theta, kg/m^3]
# name 9 = potemp090C: Potential Temperature [ITS-90, deg C]
# name 10 = sbeox0PS: Oxygen, SBE 43 [% saturation]
# name 11 = CStarTr0: Beam Transmission, WET Labs C-Star [%]
# name 12 = flECO-AFL: Fluorescence, WET Labs ECO-AFL/FL [mg/m^3]
# name 13 = ph: pH
# name 14 = sbeox0ML/L: Oxygen, SBE 43 [ml/l]
# name 15 = sbeox0Mg/L: Oxygen, SBE 43 [mg/l]
# name 16 = sbox0Mm/Kg: Oxygen, SBE 43 [umol/kg]
# name 17 = sbeox0Mm/L: Oxygen, SBE 43 [umol/l]
# name 18 = scan: Scan Count
# name 19 = nbf: Bottles Fired
# name 20 = flag:  0.000e+00
# interval = seconds: 0.0416667
# start_time = Aug 14 2022 20:04:00 [NMEA time, header]
# bad_flag = -9.990e-29
*END*
   56.73556 -135.61762    144.048    133.495    132.229     6.5528    32.8839  1026.4258    25.8125     6.5413     44.058   104.2685    -0.0591      7.781     3.0474     4.3550    132.671    136.095       6618          1  0.000e+00
   56.73556 -135.61762    144.225    133.673    132.405     6.5522    32.8844  1026.4271    25.8130     6.5406     44.064   104.2685    -0.0591      7.781     3.0478     4.3556    132.690    136.115       6619          1  0.000e+00
   56.73556 -135.61762    144.225    133.673    132.405     6.5517    32.8848  1026.4275    25.8134     6.5402     44.069   104.2685    -0.0591      7.781     3.0482     4.3562    132.707    136.133       6620          1  0.000e+00
   56.73556 -135.61762    144.281    133.730    132.461     6.5510    32.8857  1026.4285    25.8141     6.5394     44.075   104.2685    -0.0591      7.781     3.0486     4.3568    132.726    136.152       6621          1  0.000e+00
   56.73556 -135.61762    144.345    133.794    132.526     6.5502    32.8862  1026.4294    25.8147     6.5387     44.081   104.2685    -0.0591      7.781     3.0491     4.3575    132.747    136.174       6622          1  0.000e+00
   56.73556 -135.61762    144.433    133.908    132.638     6.5496    32.8863  1026.4300    25.8148     6.5380     44.088   104.2685    -0.0591      7.781     3.0496     4.3582    132.770    136.197       6623          1  0.000e+00
   56.73556 -135.61762    144.240    133.738    132.469     6.5485    32.8870  1026.4300    25.8156     6.5369     44.094   104.2685    -0.0591      7.781     3.0501     4.3589    132.789    136.217       6624          1  0.000e+00
   56.73556 -135.61762    144.352    133.851    132.582     6.5470    32.8882  1026.4316    25.8166     6.5354     44.101   104.2406    -0.0591      7.781     3.0507     4.3598    132.816    136.244       6625          1  0.000e+00
   56.73556 -135.61762    144.408    133.908    132.638     6.5462    32.8884  1026.4321    25.8169     6.5346     44.109   104.2126    -0.0591      7.781     3.0513     4.3606    132.841    136.270       6626          1  0.000e+00
   56.73556 -135.61762    144.593    134.094    132.822     6.5449    32.8894  1026.4339    25.8179     6.5333     44.174   104.1846    -0.0591      7.781     3.0559     4.3672    133.041    136.476       6627          1  0.000e+00
   56.73556 -135.61762    144.303    133.851    132.582     6.5446    32.8903  1026.4336    25.8186     6.5330     44.131   104.1846    -0.0591      7.781     3.0529     4.3629    132.912    136.343       6628          1  0.000e+00
   56.73556 -135.61762    144.488    134.037    132.766     6.5441    32.8897  1026.4340    25.8182     6.5326     44.140   104.1846    -0.0591      7.781     3.0536     4.3639    132.940    136.373       6629          1  0.000e+00
   56.73556 -135.61762    144.544    134.094    132.822     6.5433    32.8909  1026.4353    25.8193     6.5318     44.149   104.1846    -0.0591      7.781     3.0542     4.3648    132.967    136.400       6630          1  0.000e+00
   56.73556 -135.61762    144.544    134.094    132.822     6.5426    32.8919  1026.4362    25.8201     6.5310     44.157   104.1846    -0.0591      7.781     3.0548     4.3656    132.994    136.428       6631          1  0.000e+00
   56.73556 -135.61762    144.696    134.272    132.998     6.5420    32.8920  1026.4372    25.8203     6.5304     44.167   104.1846    -0.0591      7.781     3.0555     4.3667    133.026    136.461       6632          1  0.000e+00
   56.73556 -135.61762    144.558    134.207    132.934     6.5401    32.8937  1026.4385    25.8219     6.5285     44.233   104.1846    -0.0591      7.781     3.0602     4.3733    133.228    136.668       6633          1  0.000e+00
   56.73556 -135.61762    144.390    134.037    132.766     6.5376    32.8951  1026.4391    25.8233     6.5260     44.249   104.1846    -0.0591      7.781     3.0615     4.3751    133.283    136.725       6634          1  0.000e+00
   56.73556 -135.61762    144.622    134.272    132.998     6.5360    32.8959  1026.4411    25.8242     6.5244     44.267   104.2126    -0.0591      7.781     3.0628     4.3771    133.342    136.786       6635          1  0.000e+00
   56.73556 -135.61762    144.622    134.272    132.998     6.5350    32.8973  1026.4423    25.8253     6.5234     44.284   104.1846    -0.0591      7.781     3.0641     4.3788    133.395    136.840       6636          1  0.000e+00
   56.73556 -135.61762    144.573    134.272    132.998     6.5335    32.8976  1026.4428    25.8259     6.5219     44.293   104.1846    -0.0591      7.781     3.0648     4.3799    133.427    136.873       6637          1  0.000e+00
   56.73556 -135.61762    144.581    134.328    133.054     6.5309    32.8995  1026.4448    25.8276     6.5193     44.302   104.1846    -0.0591      7.781     3.0655     4.3810    133.460    136.907       6638          1  0.000e+00
   56.73556 -135.61762    144.589    134.337    133.062     6.5285    32.9015  1026.4468    25.8295     6.5169     44.311   104.1846    -0.0298      7.781     3.0663     4.3820    133.491    136.939       6639          1  0.000e+00
   56.73556 -135.61762    144.757    134.507    133.231     6.5279    32.9017  1026.4478    25.8297     6.5163     44.320   104.1846    -0.0298      7.781     3.0669     4.3829    133.520    136.968       6640          1  0.000e+00
   56.73556 -135.61762    144.525    134.272    132.998     6.5282    32.9014  1026.4465    25.8295     6.5166     44.326   104.1846    -0.0298      7.781     3.0673     4.3835    133.537    136.986       6641          1  0.000e+00
   56.73556 -135.61762    144.572    134.393    133.119     6.5292    32.9010  1026.4465    25.8290     6.5176     44.325   104.1846    -0.0298      7.781     3.0672     4.3834    133.533    136.982       6642          1  0.000e+00
   56.73556 -135.61762    144.523    134.393    133.119     6.5296    32.9002  1026.4459    25.8284     6.5180     44.332   104.1846    -0.0298      7.781     3.0677     4.3840    133.552    137.002       6643          1  0.000e+00
   56.73556 -135.61762    144.523    134.393    133.119     6.5312    32.8995  1026.4451    25.8276     6.5196     44.338   104.1846    -0.0298      7.781     3.0680     4.3844    133.566    137.016       6644          1  0.000e+00
   56.73556 -135.61762    144.579    134.450    133.175     6.5335    32.8977  1026.4436    25.8259     6.5219     44.344   104.1846    -0.0298      7.781     3.0683     4.3849    133.579    137.029       6645          1  0.000e+00
   56.73556 -135.61762    144.523    134.393    133.119     6.5348    32.8967  1026.4424    25.8249     6.5232     44.349   104.2406    -0.0298      7.781     3.0685     4.3852    133.591    137.041       6646          1  0.000e+00
   56.73556 -135.61762    144.506    134.450    133.175     6.5355    32.8960  1026.4420    25.8243     6.5239     44.346   104.2965    -0.0298      7.781     3.0683     4.3849    133.581    137.031       6647          1  0.000e+00
   56.73556 -135.61762    144.506    134.450    133.175     6.5350    32.8963  1026.4423    25.8246     6.5234     44.343   104.2965    -0.0298      7.781     3.0681     4.3846    133.572    137.021       6648          1  0.000e+00
   56.73556 -135.61762    144.425    134.393    133.119     6.5350    32.8964  1026.4422    25.8247     6.5234     44.338   104.2965    -0.0298      7.781     3.0678     4.3842    133.558    137.007       6649          1  0.000e+00
   56.73556 -135.61762    144.506    134.450    133.175     6.5332    32.8978  1026.4437    25.8260     6.5216     44.391   104.2965    -0.0298      7.781     3.0715     4.3895    133.720    137.174       6650          1  0.000e+00
   56.73556 -135.61762    144.401    134.393    133.119     6.5315    32.8988  1026.4445    25.8270     6.5199     44.344   104.2965    -0.0298      7.781     3.0684     4.3850    133.583    137.033       6651          1  0.000e+00
   56.73556 -135.61762    144.312    134.328    133.054     6.5290    32.9006  1026.4459    25.8287     6.5174     44.346   104.2965    -0.0298      7.781     3.0686     4.3854    133.595    137.046       6652          1  0.000e+00
   56.73556 -135.61762    144.352    134.393    133.119     6.5266    32.9020  1026.4476    25.8302     6.5150     44.348   104.2965    -0.0298      7.781     3.0689     4.3858    133.608    137.059       6653          1  0.000e+00
   56.73556 -135.61762    144.296    134.336    133.062     6.5242    32.9041  1026.4493    25.8321     6.5126     44.341   104.2965    -0.0298      7.781     3.0686     4.3853    133.592    137.043       6654          1  0.000e+00
   56.73556 -135.61762    144.288    134.328    133.054     6.5229    32.9045  1026.4498    25.8326     6.5114     44.334   104.2965    -0.0298      7.781     3.0682     4.3847    133.574    137.024       6655          1  0.000e+00
   56.73556 -135.61762    144.232    134.272    132.998     6.5221    32.9056  1026.4505    25.8336     6.5106     44.333   104.2965    -0.0298      7.781     3.0682     4.3847    133.574    137.025       6656          1  0.000e+00
   56.73556 -135.61762    144.143    134.207    132.934     6.5216    32.9057  1026.4504    25.8337     6.5101     44.333   104.2965    -0.0298      7.781     3.0682     4.3847    133.574    137.025       6657          1  0.000e+00
   56.73556 -135.61762    144.207    134.272    132.998     6.5223    32.9055  1026.4504    25.8335     6.5107     44.332   104.2965    -0.0298      7.781     3.0681     4.3846    133.571    137.022       6658          1  0.000e+00
   56.73556 -135.61762    144.087    134.150    132.878     6.5228    32.9048  1026.4493    25.8329     6.5112     44.323   104.2965    -0.0591      7.781     3.0674     4.3836    133.541    136.990       6659          1  0.000e+00
   56.73556 -135.61762    144.143    134.207    132.934     6.5235    32.9044  1026.4491    25.8325     6.5119     44.321   104.2965    -0.0591      7.781     3.0673     4.3834    133.535    136.984       6660          1  0.000e+00
   56.73556 -135.61762    144.111    134.150    132.878     6.5242    32.9041  1026.4485    25.8321     6.5127     44.319   104.2965    -0.0591      7.781     3.0671     4.3831    133.526    136.975       6661          1  0.000e+00
   56.73556 -135.61762    143.991    134.029    132.758     6.5257    32.9032  1026.4470    25.8312     6.5142     44.316   104.2965    -0.0591      7.781     3.0668     4.3827    133.512    136.961       6662          1  0.000e+00
   56.73556 -135.61762    144.055    134.094    132.822     6.5277    32.9016  1026.4459    25.8298     6.5161     44.313   104.2965    -0.0591      7.781     3.0665     4.3823    133.501    136.949       6663          1  0.000e+00
   56.73556 -135.61762    143.935    133.972    132.702     6.5297    32.9002  1026.4439    25.8283     6.5182     44.309   104.2965    -0.0591      7.781     3.0661     4.3818    133.484    136.932       6664          1  0.000e+00
   56.73556 -135.61762    143.991    134.029    132.758     6.5330    32.8981  1026.4421    25.8263     6.5214     44.306   104.2965    -0.0591      7.781     3.0657     4.3812    133.466    136.913       6665          1  0.000e+00
   56.73556 -135.61762    143.895    133.908    132.638     6.5353    32.8964  1026.4399    25.8247     6.5237     44.302   104.2965    -0.0591      7.781     3.0652     4.3805    133.447    136.893       6666          1  0.000e+00
   56.73654 -135.61850    147.804     75.173     74.471     7.8444    32.2710  1025.4980    25.1544     7.8372     61.989   104.5202    -0.0005      7.926     4.1793     5.9726    182.067    186.646       9799          2  0.000e+00
   56.73654 -135.61850    148.020     75.416     74.711     7.8442    32.2710  1025.4992    25.1545     7.8371     61.997   104.5202    -0.0005      7.926     4.1798     5.9734    182.091    186.672       9800          2  0.000e+00
   56.73654 -135.61850    147.980     75.351     74.647     7.8442    32.2710  1025.4989    25.1545     7.8371     62.003   104.5202    -0.0005      7.926     4.1802     5.9740    182.109    186.690       9801          2  0.000e+00
   56.73654 -135.61850    147.924     75.294     74.591     7.8446    32.2709  1025.4986    25.1544     7.8374     62.010   104.5202    -0.0005      7.921     4.1806     5.9746    182.126    186.708       9802          2  0.000e+00
   56.73654 -135.61850    147.958     75.230     74.527     7.8437    32.2714  1025.4988    25.1549     7.8366     62.009   104.5202    -0.0005      7.926     4.1807     5.9746    182.127    186.709       9803          2  0.000e+00
   56.73654 -135.61850    148.095     75.294     74.591     7.8434    32.2709  1025.4987    25.1546     7.8362     62.009   104.5202    -0.0005      7.926     4.1807     5.9747    182.130    186.711       9804          2  0.000e+00
   56.73654 -135.61850    148.271     75.472     74.767     7.8428    32.2716  1025.5001    25.1551     7.8356     62.011   104.5202    -0.0005      7.921     4.1809     5.9749    182.135    186.717       9805          2  0.000e+00
   56.73654 -135.61850    148.095     75.294     74.591     7.8428    32.2716  1025.4994    25.1552     7.8356     62.009   104.5202    -0.0005      7.926     4.1807     5.9747    182.130    186.712       9806          2  0.000e+00
   56.73654 -135.61850    148.102     75.351     74.647     7.8426    32.2717  1025.4997    25.1553     7.8355     62.009   104.5202    -0.0005      7.926     4.1808     5.9747    182.131    186.713       9807          2  0.000e+00
   56.73654 -135.61850    147.738     75.230     74.527     7.8429    32.2717  1025.4991    25.1552     7.8358     62.008   104.5202    -0.0005      7.926     4.1806     5.9746    182.126    186.708       9808          2  0.000e+00
   56.73654 -135.61850    147.705     75.294     74.591     7.8434    32.2715  1025.4992    25.1550     7.8362     62.008   104.5202    -0.0005      7.926     4.1806     5.9745    182.125    186.706       9809          2  0.000e+00
   56.73654 -135.61850    147.464     75.052     74.351     7.8441    32.2710  1025.4976    25.1545     7.8370     62.006   104.5202    -0.0005      7.926     4.1804     5.9742    182.116    186.697       9810          2  0.000e+00
   56.73654 -135.61850    147.881     75.472     74.767     7.8447    32.2705  1025.4990    25.1540     7.8376     62.008   104.5202    -0.0005      7.926     4.1806     5.9744    182.123    186.704       9811          2  0.000e+00
   56.73654 -135.61850    147.560     75.173     74.471     7.8449    32.2704  1025.4976    25.1540     7.8377     62.006   104.5202    -0.0005      7.926     4.1804     5.9742    182.114    186.695       9812          2  0.000e+00
   56.73654 -135.61850    147.607     75.294     74.591     7.8447    32.2706  1025.4983    25.1541     7.8376     62.006   104.5202    -0.0005      7.921     4.1804     5.9742    182.117    186.698       9813          2  0.000e+00
   56.73654 -135.61850    147.311     74.995     74.295     7.8446    32.2707  1025.4970    25.1542     7.8375     62.004   104.5202    -0.0005      7.921     4.1803     5.9740    182.109    186.690       9814          2  0.000e+00
   56.73654 -135.61850    147.607     75.294     74.591     7.8444    32.2705  1025.4982    25.1541     7.8372     62.006   104.5202    -0.0005      7.926     4.1804     5.9742    182.117    186.698       9815          2  0.000e+00
   56.73654 -135.61850    147.367     75.052     74.351     7.8444    32.2707  1025.4973    25.1542     7.8372     62.004   104.5202    -0.0005      7.921     4.1803     5.9740    182.110    186.691       9816          2  0.000e+00
   56.73654 -135.61850    147.487     75.173     74.471     7.8444    32.2705  1025.4977    25.1541     7.8372     62.004   104.5202    -0.0005      7.926     4.1803     5.9741    182.112    186.693       9817          2  0.000e+00
