EcoFOCI/data/1_SampleCollection/2022_GOA-OA_CruiseData/CTD_raw_BottleFile_RC0083/RC0083_148.cnv
* Sea-Bird SBE 9 Data File:
* FileName = C:\Data\RC0083ctd\RC0083_148.hex
* Software Version Seasave V 7.26.7.107
* Temperature SN = 2060
* Conductivity SN = 2881
* Number of Bytes Per Scan = 31
* Number of Voltage Words = 4
* Number of Scans Averaged by the Deck Unit = 1
* NMEA Latitude = 54 56.05 N
* NMEA Longitude = 131 03.67 W
* NMEA UTC (Time) = Aug 28 2022  20:53:48
* NMEA baud rate = 4800
** Ship: R/V Rachel Carson
** Cruise ID: RC0083
** Tech: McHugh/Nomura
** Chief Scientist: Cross
** Station: RC3
** Cast:  CTD148
# nquan = 19
# nvalues = 17428                                 
# units = specified
# name 0 = latitude: Latitude [deg]
# name 1 = longitude: Longitude [deg]
# name 2 = sfdSM: Seafloor depth [salt water, m]
# name 3 = prDM: Pressure, Digiquartz [db]
# name 4 = depSM: Depth [salt water, m]
# name 5 = t090C: Temperature [ITS-90, deg C]
# name 6 = sal00: Salinity, Practical [PSU]
# name 7 = density00: Density [density, kg/m^3]
# name 8 = sigma-é00: Density [sigma-theta, kg/m^3]
# name 9 = potemp090C: Potential Temperature [ITS-90, deg C]
# name 10 = sbeox0PS: Oxygen, SBE 43 [% saturation]
# name 11 = CStarTr0: Beam Transmission, WET Labs C-Star [%]
# name 12 = flECO-AFL: Fluorescence, WET Labs ECO-AFL/FL [mg/m^3]
# name 13 = ph: pH
# name 14 = sbeox0ML/L: Oxygen, SBE 43 [ml/l]
# name 15 = sbeox0Mg/L: Oxygen, SBE 43 [mg/l]
# name 16 = sbox0Mm/Kg: Oxygen, SBE 43 [umol/kg]
# name 17 = sbeox0Mm/L: Oxygen, SBE 43 [umol/l]
# name 18 = flag:  0.000e+00
# span 0 =   54.93412,   54.93888                 
# span 1 = -131.06158, -131.06122                 
# span 2 =     29.623,    317.817                 
# span 3 =      2.000,    228.369                 
# span 4 =      1.982,    226.187                 
# span 5 =     5.8962,    13.8517                 
# span 6 =    27.1484,    33.4466                 
# span 7 =  1020.1719,  1027.3907                 
# span 8 =    20.1583,    26.3404                 
# span 9 =     5.8772,    13.8513                 
# span 10 =     25.739,     96.563                
# span 11 =    84.4105,   103.7091                
# span 12 =    -0.1177,     5.7431                
# span 13 =      7.686,      8.356                
# span 14 =     1.8009,     5.9067                
# span 15 =     2.5737,     8.4412                
# span 16 =     78.366,    258.577                
# span 17 =     80.430,    263.792                
# span 18 = 0.0000e+00, 0.0000e+00                
# interval = seconds: 0.0416667
# start_time = Aug 28 2022 20:53:48 [NMEA time, header]
# bad_flag = -9.990e-29
*END*
[from data line 11353]
   54.93722 -131.06148    265.626    168.704    167.116     6.0698    33.2752  1026.9591    26.1829     6.0557     28.369   100.5487    -0.0591      7.700     1.9793     2.8286     86.139     88.394  0.000e+00
   54.93722 -131.06148    265.651    168.704    167.116     6.0699    33.2753  1026.9592    26.1830     6.0558     28.368   100.5487    -0.0591      7.700     1.9792     2.8285     86.135     88.391  0.000e+00
   54.93722 -131.06148    265.547    168.599    167.012     6.0697    33.2751  1026.9586    26.1828     6.0557     28.366   100.5487    -0.0591      7.700     1.9791     2.8283     86.130     88.385  0.000e+00
   54.93722 -131.06148    265.530    168.583    166.996     6.0701    33.2751  1026.9585    26.1828     6.0560     28.371   100.5487    -0.0591      7.700     1.9794     2.8288     86.146     88.401  0.000e+00
   54.93722 -131.06148    265.530    168.583    166.996     6.0698    33.2753  1026.9587    26.1830     6.0557     28.370   100.5487    -0.0591      7.705     1.9793     2.8286     86.141     88.396  0.000e+00
   54.93722 -131.06148    265.530    168.583    166.996     6.0699    33.2754  1026.9587    26.1830     6.0558     28.309   100.5487    -0.0591      7.705     1.9751     2.8226     85.958     88.209  0.000e+00
   54.93722 -131.06148    265.466    168.518    166.932     6.0699    33.2755  1026.9585    26.1831     6.0558     28.300   100.5487    -0.0591      7.705     1.9745     2.8217     85.930     88.180  0.000e+00
   54.93722 -131.06148    265.466    168.518    166.932     6.0703    33.2752  1026.9582    26.1828     6.0562     28.291   100.5487    -0.0591      7.700     1.9738     2.8208     85.902     88.152  0.000e+00
   54.93722 -131.06148    265.466    168.518    166.932     6.0703    33.2753  1026.9583    26.1829     6.0562     28.341   100.5487    -0.0591      7.700     1.9773     2.8257     86.052     88.305  0.000e+00
   54.93722 -131.06148    265.466    168.518    166.932     6.0701    33.2757  1026.9586    26.1832     6.0560     28.338   100.5487    -0.0591      7.700     1.9771     2.8255     86.045     88.298  0.000e+00
   54.93722 -131.06148    265.434    168.485    166.899     6.0704    33.2748  1026.9578    26.1825     6.0563     28.336   100.5487    -0.0591      7.700     1.9769     2.8252     86.037     88.289  0.000e+00
   54.93722 -131.06148    265.354    168.404    166.819     6.0707    33.2749  1026.9575    26.1826     6.0566     28.332   100.5207    -0.0591      7.705     1.9767     2.8249     86.026     88.279  0.000e+00
   54.93722 -131.06148    265.410    168.461    166.875     6.0705    33.2753  1026.9581    26.1829     6.0564     28.388   100.5207    -0.0591      7.700     1.9805     2.8304     86.194     88.451  0.000e+00
   54.93722 -131.06148    265.354    168.404    166.819     6.0704    33.2749  1026.9574    26.1826     6.0563     28.391   100.5207    -0.0591      7.705     1.9808     2.8307     86.204     88.461  0.000e+00
   54.93722 -131.06148    265.354    168.404    166.819     6.0705    33.2751  1026.9576    26.1827     6.0565     28.400   100.5207    -0.0591      7.705     1.9814     2.8317     86.233     88.491  0.000e+00
   54.93722 -131.06148    265.354    168.404    166.819     6.0704    33.2756  1026.9580    26.1832     6.0563     28.352   100.5207    -0.0591      7.705     1.9780     2.8268     86.085     88.339  0.000e+00
   54.93722 -131.06148    265.234    168.283    166.699     6.0705    33.2752  1026.9571    26.1828     6.0564     28.354   100.5207    -0.0591      7.705     1.9782     2.8270     86.092     88.346  0.000e+00
   54.93722 -131.06148    265.410    168.461    166.875     6.0704    33.2751  1026.9578    26.1827     6.0563     28.357   100.5207    -0.0591      7.705     1.9784     2.8274     86.102     88.356  0.000e+00
   54.93722 -131.06148    265.354    168.404    166.819     6.0704    33.2751  1026.9576    26.1827     6.0563     28.294   100.5207    -0.0591      7.705     1.9740     2.8211     85.911     88.160  0.000e+00
   54.93722 -131.06148    265.250    168.299    166.715     6.0707    33.2749  1026.9569    26.1825     6.0566     28.282   100.5207    -0.0591      7.700     1.9732     2.8199     85.874     88.122  0.000e+00
   54.93722 -131.06148    265.290    168.340    166.755     6.0706    33.2751  1026.9573    26.1827     6.0565     28.329   100.5207    -0.0591      7.705     1.9765     2.8245     86.016     88.268  0.000e+00
   54.93722 -131.06148    265.266    168.340    166.755     6.0707    33.2749  1026.9571    26.1825     6.0566     28.324   100.5207    -0.0591      7.705     1.9761     2.8241     86.001     88.253  0.000e+00
   54.93722 -131.06148    265.234    168.283    166.699     6.0707    33.2751  1026.9570    26.1827     6.0566     28.377   100.5207    -0.0591      7.705     1.9798     2.8293     86.162     88.418  0.000e+00
   54.93722 -131.06148    265.234    168.283    166.699     6.0710    33.2749  1026.9568    26.1825     6.0569     28.320   100.5207    -0.0591      7.705     1.9758     2.8236     85.988     88.239  0.000e+00
   54.93722 -131.06148    265.114    168.162    166.579     6.0707    33.2750  1026.9564    26.1826     6.0566     28.379   100.5207    -0.0591      7.700     1.9799     2.8295     86.167     88.423  0.000e+00
   54.93722 -131.06148    265.354    168.404    166.819     6.0707    33.2750  1026.9575    26.1826     6.0566     28.387   100.5207    -0.0591      7.705     1.9805     2.8304     86.194     88.450  0.000e+00
   54.93722 -131.06148    265.170    168.218    166.635     6.0709    33.2750  1026.9566    26.1826     6.0568     28.394   100.5207    -0.0591      7.700     1.9810     2.8310     86.214     88.471  0.000e+00
   54.93722 -131.06148    265.194    168.243    166.659     6.0710    33.2747  1026.9565    26.1823     6.0569     28.401   100.5207    -0.0591      7.700     1.9815     2.8318     86.236     88.494  0.000e+00
   54.93722 -131.06148    265.114    168.162    166.579     6.0707    33.2754  1026.9567    26.1829     6.0566     28.408   100.5207    -0.0591      7.700     1.9820     2.8324     86.256     88.515  0.000e+00
   54.93722 -131.06148    265.170    168.218    166.635     6.0707    33.2750  1026.9567    26.1826     6.0566     28.364   100.5207    -0.0591      7.705     1.9789     2.8280     86.122     88.377  0.000e+00
   54.93722 -131.06148    265.114    168.162    166.579     6.0704    33.2752  1026.9566    26.1828     6.0563     28.422   100.5207    -0.0591      7.705     1.9829     2.8338     86.299     88.558  0.000e+00
   54.93722 -131.06148    265.114    168.162    166.579     6.0706    33.2750  1026.9564    26.1826     6.0566     28.429   100.5207    -0.0591      7.705     1.9834     2.8345     86.319     88.579  0.000e+00
   54.93722 -131.06148    265.114    168.162    166.579     6.0709    33.2749  1026.9563    26.1825     6.0568     28.493   100.5766    -0.0591      7.705     1.9879     2.8409     86.514     88.779  0.000e+00
   54.93722 -131.06148    265.057    168.105    166.523     6.0709    33.2745  1026.9557    26.1822     6.0569     28.447   100.5766    -0.0591      7.705     1.9847     2.8363     86.375     88.637  0.000e+00
   54.93722 -131.06148    265.017    168.064    166.483     6.0710    33.2748  1026.9557    26.1824     6.0570     28.445   100.5766    -0.0591      7.705     1.9846     2.8361     86.369     88.630  0.000e+00
   54.93722 -131.06148    264.993    168.040    166.458     6.0711    33.2749  1026.9557    26.1825     6.0571     28.443   100.5766    -0.0591      7.705     1.9844     2.8359     86.362     88.623  0.000e+00
   54.93722 -131.06148    265.057    168.105    166.523     6.0709    33.2745  1026.9557    26.1822     6.0569     28.389   100.5766    -0.0591      7.700     1.9807     2.8306     86.199     88.456  0.000e+00
   54.93722 -131.06148    264.913    167.983    166.402     6.0712    33.2744  1026.9550    26.1821     6.0572     28.386   100.5766    -0.0591      7.700     1.9804     2.8302     86.190     88.446  0.000e+00
   54.93722 -131.06148    264.937    167.983    166.402     6.0709    33.2748  1026.9554    26.1824     6.0569     28.384   100.5766    -0.0591      7.705     1.9803     2.8300     86.182     88.439  0.000e+00
   54.93722 -131.06148    264.937    167.983    166.402     6.0710    33.2752  1026.9557    26.1827     6.0569     28.381   100.5766    -0.0591      7.700     1.9801     2.8297     86.174     88.430  0.000e+00
   54.93722 -131.06148    264.817    167.862    166.282     6.0710    33.2746  1026.9546    26.1822     6.0570     28.378   100.5766    -0.0591      7.705     1.9799     2.8294     86.165     88.421  0.000e+00
   54.93724 -131.06148    264.873    167.919    166.338     6.0709    33.2747  1026.9550    26.1823     6.0569     28.369   100.5766    -0.0591      7.705     1.9792     2.8285     86.136     88.391  0.000e+00
   54.93724 -131.06148    264.841    167.886    166.306     6.0709    33.2748  1026.9550    26.1825     6.0569     28.358   100.5766    -0.0591      7.705     1.9785     2.8275     86.105     88.360  0.000e+00
   54.93724 -131.06148    264.761    167.805    166.226     6.0710    33.2750  1026.9547    26.1826     6.0569     28.355   100.5766    -0.0591      7.700     1.9782     2.8271     86.094     88.348  0.000e+00
   54.93724 -131.06148    264.761    167.805    166.226     6.0710    33.2745  1026.9543    26.1822     6.0570     28.352   100.5766    -0.0591      7.705     1.9780     2.8268     86.085     88.339  0.000e+00
   54.93724 -131.06148    264.672    167.740    166.162     6.0710    33.2749  1026.9543    26.1825     6.0570     28.348   100.5766    -0.0591      7.705     1.9778     2.8265     86.074     88.328  0.000e+00
   54.93724 -131.06148    264.640    167.684    166.106     6.0710    33.2749  1026.9540    26.1825     6.0570     28.403   100.5766    -0.0591      7.705     1.9816     2.8319     86.241     88.499  0.000e+00
   54.93724 -131.06148    264.697    167.740    166.162     6.0711    33.2752  1026.9545    26.1827     6.0571     28.407   100.5766    -0.0591      7.705     1.9819     2.8323     86.252     88.510  0.000e+00
   54.93724 -131.06148    264.576    167.619    166.041     6.0710    33.2750  1026.9538    26.1825     6.0570     28.351   100.5766    -0.0591      7.705     1.9780     2.8268     86.083     88.337  0.000e+00
   54.93724 -131.06148    264.544    167.587    166.009     6.0712    33.2747  1026.9534    26.1823     6.0572     28.347   100.5766    -0.0591      7.705     1.9777     2.8264     86.072     88.325  0.000e+00
   54.93724 -131.06148    264.520    167.562    165.985     6.0716    33.2746  1026.9532    26.1822     6.0575     28.402   100.5766    -0.0591      7.705     1.9815     2.8318     86.236     88.494  0.000e+00
   54.93724 -131.06148    264.464    167.506    165.929     6.0716    33.2749  1026.9532    26.1825     6.0576     28.405   100.5766    -0.0591      7.705     1.9817     2.8320     86.244     88.502  0.000e+00
   54.93724 -131.06148    264.400    167.441    165.865     6.0713    33.2748  1026.9528    26.1824     6.0573     28.407   100.6046    -0.0591      7.700     1.9819     2.8323     86.252     88.510  0.000e+00
   54.93724 -131.06148    264.344    167.384    165.809     6.0713    33.2747  1026.9525    26.1823     6.0573     28.351   100.6046    -0.0591      7.705     1.9779     2.8267     86.081     88.335  0.000e+00
   54.93724 -131.06148    264.344    167.384    165.809     6.0713    33.2747  1026.9525    26.1823     6.0573     28.339   100.6046    -0.0591      7.705     1.9771     2.8255     86.046     88.298  0.000e+00
   54.93724 -131.06148    264.223    167.263    165.689     6.0710    33.2750  1026.9522    26.1826     6.0571     28.385   100.6046    -0.0591      7.705     1.9803     2.8301     86.185     88.441  0.000e+00
   54.93724 -131.06148    264.183    167.222    165.649     6.0713    33.2747  1026.9518    26.1823     6.0574     28.379   100.6046    -0.0591      7.705     1.9799     2.8295     86.166     88.422  0.000e+00
   54.93724 -131.06148    264.167    167.206    165.633     6.0716    33.2745  1026.9515    26.1821     6.0576     28.380   100.6046    -0.0591      7.705     1.9799     2.8295     86.168     88.424  0.000e+00
   54.93724 -131.06148    264.103    167.141    165.568     6.0714    33.2747  1026.9514    26.1823     6.0574     28.380   100.6046    -0.0591      7.705     1.9800     2.8296     86.169     88.426  0.000e+00
   54.93724 -131.06148    264.047    167.085    165.512     6.0717    33.2745  1026.9509    26.1821     6.0577     28.380   100.6046    -0.0591      7.705     1.9800     2.8296     86.169     88.425  0.000e+00
   54.93724 -131.06148    263.927    166.963    165.392     6.0720    33.2744  1026.9503    26.1820     6.0580     28.321   100.6046    -0.0591      7.705     1.9759     2.8237     85.991     88.242  0.000e+00
   54.93724 -131.06148    263.750    166.785    165.216     6.0725    33.2742  1026.9492    26.1817     6.0585     28.379   100.5766    -0.0591      7.705     1.9799     2.8294     86.165     88.421  0.000e+00
   54.93724 -131.06148    263.983    167.020    165.448     6.0728    33.2739  1026.9500    26.1815     6.0589     28.387   100.5766    -0.0591      7.705     1.9804     2.8302     86.189     88.446  0.000e+00
   54.93724 -131.06148    263.710    166.744    165.175     6.0731    33.2739  1026.9487    26.1814     6.0592     28.393   100.5766    -0.0591      7.705     1.9808     2.8308     86.207     88.464  0.000e+00
   54.93724 -131.06148    263.686    166.720    165.151     6.0733    33.2735  1026.9482    26.1811     6.0593     28.393   100.6046    -0.0591      7.705     1.9808     2.8308     86.207     88.464  0.000e+00
   54.93724 -131.06148    263.630    166.663    165.095     6.0738    33.2732  1026.9476    26.1808     6.0599     28.393   100.5766    -0.0591      7.705     1.9808     2.8307     86.204     88.461  0.000e+00
   54.93724 -131.06148    263.574    166.607    165.039     6.0741    33.2727  1026.9470    26.1804     6.0602     28.392   100.6046    -0.0591      7.705     1.9807     2.8306     86.202     88.458  0.000e+00
   54.93724 -131.06148    263.510    166.542    164.975     6.0743    33.2729  1026.9468    26.1805     6.0604     28.384   100.6046    -0.0591      7.705     1.9801     2.8298     86.176     88.432  0.000e+00
   54.93724 -131.06148    263.390    166.420    164.855     6.0744    33.2730  1026.9463    26.1806     6.0605     28.374   100.6046    -0.0591      7.705     1.9795     2.8289     86.148     88.403  0.000e+00
   54.93724 -131.06148    263.357    166.388    164.823     6.0747    33.2728  1026.9460    26.1803     6.0608     28.431   100.6046    -0.0591      7.705     1.9834     2.8344     86.318     88.578  0.000e+00
   54.93724 -131.06148    263.333    166.364    164.799     6.0749    33.2721  1026.9453    26.1798     6.0610     28.435   100.6046    -0.0591      7.705     1.9837     2.8349     86.330     88.591  0.000e+00
   54.93724 -131.06148    263.157    166.186    164.622     6.0752    33.2722  1026.9445    26.1798     6.0613     28.445   100.5766    -0.0591      7.700     1.9844     2.8359     86.361     88.622  0.000e+00
   54.93724 -131.06148    263.213    166.242    164.678     6.0757    33.2719  1026.9444    26.1795     6.0618     28.449   100.5487    -0.0591      7.705     1.9846     2.8362     86.371     88.632  0.000e+00
   54.93724 -131.06148    263.037    166.064    164.502     6.0760    33.2719  1026.9436    26.1795     6.0621     28.400   100.4927    -0.0591      7.705     1.9812     2.8313     86.222     88.480  0.000e+00
   54.93724 -131.06148    263.037    166.064    164.502     6.0773    33.2705  1026.9424    26.1782     6.0634     28.403   100.4927    -0.0591      7.705     1.9814     2.8316     86.230     88.487  0.000e+00
