EcoFOCI/data/1_SampleCollection/2022_GOA-OA_CruiseData/CTD_raw_BottleFile_RC0083/RC0083_015.ros
* Sea-Bird SBE 9 Data File:
* FileName = C:\Data\RC0083ctd\RC0083_015.hex
* Software Version Seasave V 7.26.7.107
* Temperature SN = 2060
* Conductivity SN = 1084
* Number of Bytes Per Scan = 31
* Number of Voltage Words = 4
* Number of Scans Averaged by the Deck Unit = 1
* NMEA Latitude = 55 47.82 N
* NMEA Longitude = 134 21.35 W
* NMEA UTC (Time) = Aug 13 2022  08:05:54
* NMEA baud rate = 4800
** Ship: R/V Rachel Carson
** Cruise ID: RC0083 RC0083
** Tech: McHugh/Nomura
** Chief Scientist: Cross Cross
** Station: POW2
** Cast:  015
# nquan = 21
# nvalues = 245                                   
# units = specified
# name 0 = latitude: Latitude [deg]
# name 1 = longitude: Longitude [deg]
# name 2 = sfdSM: Seafloor depth [salt water, m]
# name 3 = prDM: Pressure, Digiquartz [db]
# name 4 = depSM: Depth [salt water, m]
# name 5 = t090C: Temperature [ITS-90, deg C]
# name 6 = sal00: Salinity, Practical [PSU]
# name 7 = density00: Density [density, kg/m^3]
# name 8 = sigma-é00: Density [sigma-theta, kg/m^3]
# name 9 = potemp090C: Potential Temperature [ITS-90, deg C]
# name 10 = sbeox0PS: Oxygen, SBE 43 [% saturation]
# name 11 = CStarTr0: Beam Transmission, WET Labs C-Star [%]
# name 12 = flECO-AFL: Fluorescence, WET Labs ECO-AFL/FL [mg/m^3]
# name 13 = ph: pH
# name 14 = sbeox0ML/L: Oxygen, SBE 43 [ml/l]
# name 15 = sbeox0Mg/L: Oxygen, SBE 43 [mg/l]
# name 16 = sbox0Mm/Kg: Oxygen, SBE 43 [umol/kg]
# name 17 = sbeox0Mm/L: Oxygen, SBE 43 [umol/l]
# name 18 = scan: Scan Count
# name 19 = nbf: Bottles Fired
# name 20 = flag:  0.000e+00
# interval = seconds: 0.0416667
# start_time = Aug 13 2022 08:05:54 [NMEA time, header]
# bad_flag = -9.990e-29
*END*
[from data line 207]
   55.79744 -134.35458     98.265      3.424      3.393    10.0772    31.1962  1023.9863    23.9708    10.0768     97.358    81.5018     7.7650      8.194     6.2890     8.9876    274.293    280.868      13746          5  0.000e+00
   55.79744 -134.35458     98.385      3.521      3.489    10.0788    31.1971  1023.9871    23.9712    10.0784     97.361    81.5018     7.7650      8.194     6.2890     8.9876    274.292    280.867      13747          5  0.000e+00
   55.79744 -134.35458     98.169      3.303      3.273    10.0836    31.1973  1023.9856    23.9706    10.0832     97.360    81.5018     7.7650      8.194     6.2883     8.9866    274.261    280.835      13748          5  0.000e+00
   55.79744 -134.35458     98.385      3.521      3.489    10.0887    31.1970  1023.9855    23.9695    10.0883     97.418    81.5018     7.7650      8.194     6.2913     8.9910    274.394    280.971      13749          5  0.000e+00
   55.79744 -134.35458     98.169      3.303      3.273    10.0929    31.1968  1023.9836    23.9687    10.0926     97.422    81.5018     7.7650      8.194     6.2910     8.9905    274.381    280.957      13750          5  0.000e+00
   55.79744 -134.35458     98.209      3.343      3.313    10.0957    31.1962  1023.9829    23.9677    10.0954     97.429    81.5018     7.7650      8.194     6.2911     8.9906    274.384    280.960      13751          5  0.000e+00
   55.79744 -134.35458     98.329      3.464      3.433    10.0976    31.1951  1023.9823    23.9666    10.0972     97.436    81.5018     8.3218      8.194     6.2913     8.9910    274.395    280.971      13752          5  0.000e+00
   55.79744 -134.35458     98.233      3.368      3.337    10.0988    31.1944  1023.9811    23.9659    10.0984     97.440    81.5018     8.7907      8.194     6.2914     8.9911    274.399    280.976      13753          5  0.000e+00
   55.79744 -134.35458     98.200      3.408      3.377    10.0992    31.1943  1023.9811    23.9657    10.0988     97.444    81.5018     8.9079      8.194     6.2917     8.9914    274.410    280.987      13754          5  0.000e+00
   55.79744 -134.35458     97.510      3.303      3.273    10.0990    31.1946  1023.9809    23.9660    10.0986     97.501    81.5018     8.8786      8.194     6.2953     8.9967    274.569    281.150      13755          5  0.000e+00
   55.79744 -134.35458     97.257      3.343      3.313    10.0981    31.1943  1023.9810    23.9659    10.0977     97.456    81.5018     8.8786      8.194     6.2926     8.9927    274.449    281.026      13756          5  0.000e+00
   55.79744 -134.35458     97.256      3.368      3.337    10.0964    31.1944  1023.9815    23.9662    10.0960     97.458    81.5018     8.8493      8.194     6.2929     8.9932    274.465    281.042      13757          5  0.000e+00
   55.79744 -134.35458     97.145      3.230      3.201    10.0946    31.1951  1023.9817    23.9671    10.0942     97.511    81.3899     8.8786      8.194     6.2966     8.9985    274.625    281.207      13758          5  0.000e+00
   55.79744 -134.35458     97.305      3.368      3.337    10.0940    31.1952  1023.9825    23.9672    10.0936     97.465    81.1941     8.8786      8.194     6.2937     8.9943    274.498    281.077      13759          5  0.000e+00
   55.79744 -134.35458     97.281      3.343      3.313    10.0933    31.1953  1023.9826    23.9675    10.0929     97.518    81.1382     8.8493      8.194     6.2972     8.9993    274.650    281.233      13760          5  0.000e+00
   55.79744 -134.35458     97.065      3.125      3.097    10.0928    31.1953  1023.9816    23.9675    10.0925     97.520    81.1661     8.8786      8.194     6.2974     8.9996    274.658    281.241      13761          5  0.000e+00
   55.79744 -134.35458     97.345      3.408      3.377    10.0926    31.1946  1023.9824    23.9670    10.0922     97.533    81.1661     8.8786      8.194     6.2983     9.0009    274.698    281.281      13762          5  0.000e+00
   55.79744 -134.35458     97.225      3.287      3.257    10.0902    31.1949  1023.9825    23.9677    10.0898     97.588    81.1661     8.8493      8.194     6.3022     9.0064    274.867    281.455      13763          5  0.000e+00
   55.79744 -134.35458     97.227      3.190      3.161    10.0883    31.1958  1023.9831    23.9686    10.0880     97.594    81.1661     8.8493      8.194     6.3028     9.0073    274.895    281.483      13764          5  0.000e+00
   55.79744 -134.35458     97.567      3.287      3.257    10.0891    31.1958  1023.9834    23.9685    10.0888     97.608    81.1661     8.8786      8.194     6.3036     9.0084    274.928    281.518      13765          5  0.000e+00
   55.79744 -134.35458     97.505      3.125      3.097    10.0903    31.1949  1023.9818    23.9676    10.0900     97.611    81.1661     8.8786      8.194     6.3036     9.0085    274.931    281.520      13766          5  0.000e+00
   55.79744 -134.35458     97.721      3.343      3.313    10.0906    31.1951  1023.9828    23.9677    10.0903     97.624    81.1661     8.8786      8.194     6.3044     9.0096    274.965    281.555      13767          5  0.000e+00
   55.79744 -134.35458     97.505      3.125      3.097    10.0911    31.1952  1023.9819    23.9677    10.0908     97.630    81.1661     8.8493      8.194     6.3048     9.0101    274.980    281.571      13768          5  0.000e+00
   55.79744 -134.35458     97.780      3.230      3.201    10.0912    31.1949  1023.9821    23.9675    10.0908     97.694    81.1661     8.8493      8.194     6.3089     9.0160    275.159    281.754      13769          5  0.000e+00
   55.79744 -134.35458     97.969      3.125      3.097    10.0908    31.1936  1023.9807    23.9665    10.0905     97.706    81.1661     8.8493      8.194     6.3097     9.0172    275.197    281.793      13770          5  0.000e+00
   55.79744 -134.35458     98.146      3.230      3.201    10.0893    31.1929  1023.9808    23.9662    10.0890     97.773    81.1661     8.8786      8.194     6.3143     9.0238    275.397    281.998      13771          5  0.000e+00
   55.79744 -134.35458     97.986      3.069      3.041    10.0862    31.1925  1023.9803    23.9664    10.0859     97.788    81.1661     8.7028      8.194     6.3157     9.0258    275.459    282.061      13772          5  0.000e+00
   55.79744 -134.35458     98.122      3.230      3.201    10.0824    31.1908  1023.9804    23.9657    10.0821     97.806    81.1661     8.4683      8.194     6.3175     9.0283    275.534    282.138      13773          5  0.000e+00
   55.79744 -134.35458     97.979      3.012      2.985    10.0751    31.1920  1023.9815    23.9679    10.0748     97.871    81.1661     8.3804      8.194     6.3227     9.0357    275.761    282.371      13774          5  0.000e+00
   55.79744 -134.35458     98.148      3.109      3.081    10.0725    31.1934  1023.9835    23.9694    10.0721     97.837    81.1661     8.3804      8.194     6.3207     9.0330    275.677    282.284      13775          5  0.000e+00
   55.79744 -134.35458     98.268      3.230      3.201    10.0725    31.1931  1023.9838    23.9692    10.0721     97.848    81.1661     8.3804      8.194     6.3215     9.0341    275.710    282.318      13776          5  0.000e+00
   55.79744 -134.35458     98.108      3.069      3.041    10.0695    31.1929  1023.9834    23.9695    10.0692     97.909    81.1661     8.3804      8.194     6.3258     9.0403    275.899    282.512      13777          5  0.000e+00
   55.79744 -134.35458     98.084      3.045      3.017    10.0666    31.1936  1023.9843    23.9705    10.0662     97.922    81.0543     8.3804      8.194     6.3271     9.0420    275.952    282.567      13778          5  0.000e+00
   55.79744 -134.35458     98.110      2.948      2.921    10.0674    31.1955  1023.9852    23.9718    10.0670     97.932    80.7186     8.3804      8.194     6.3275     9.0426    275.971    282.587      13779          5  0.000e+00
   55.79744 -134.35458     98.424      3.166      3.137    10.0707    31.1952  1023.9854    23.9711    10.0703     97.997    80.6347     8.3804      8.194     6.3313     9.0481    276.136    282.756      13780          5  0.000e+00
   55.79744 -134.35458     98.328      3.069      3.041    10.0695    31.1963  1023.9860    23.9721    10.0692     98.010    80.6068     8.3804      8.194     6.3322     9.0494    276.176    282.796      13781          5  0.000e+00
   55.79744 -134.35458     98.304      3.045      3.017    10.0729    31.1976  1023.9864    23.9726    10.0726     98.020    80.6347     8.3804      8.194     6.3324     9.0496    276.182    282.803      13782          5  0.000e+00
   55.79744 -134.35458     98.208      2.948      2.921    10.0812    31.1975  1023.9845    23.9711    10.0809     98.027    80.6347     8.3804      8.194     6.3317     9.0486    276.152    282.772      13783          5  0.000e+00
