EcoFOCI/data/1_SampleCollection/2022_GOA-OA_CruiseData/CTD_raw_BottleFile_RC0083/RC0083_045.ros
* Sea-Bird SBE 9 Data File:
* FileName = C:\Data\RC0083ctd\RC0083_045.hex
* Software Version Seasave V 7.26.7.107
* Temperature SN = 2060
* Conductivity SN = 1084
* Number of Bytes Per Scan = 31
* Number of Voltage Words = 4
* Number of Scans Averaged by the Deck Unit = 1
* NMEA Latitude = 58 10.42 N
* NMEA Longitude = 136 36.93 W
* NMEA UTC (Time) = Aug 19 2022  00:09:40
* NMEA baud rate = 4800
** Ship: R/V Rachel Carson
** Cruise ID: RC0083
** Tech: McHugh/Nomura
** Chief Scientist: Cross
** Station: XS4
** Cast:  CTD045
# nquan = 21
# nvalues = 245                                   
# units = specified
# name 0 = latitude: Latitude [deg]
# name 1 = longitude: Longitude [deg]
# name 2 = sfdSM: Seafloor depth [salt water, m]
# name 3 = prDM: Pressure, Digiquartz [db]
# name 4 = depSM: Depth [salt water, m]
# name 5 = t090C: Temperature [ITS-90, deg C]
# name 6 = sal00: Salinity, Practical [PSU]
# name 7 = density00: Density [density, kg/m^3]
# name 8 = sigma-é00: Density [sigma-theta, kg/m^3]
# name 9 = potemp090C: Potential Temperature [ITS-90, deg C]
# name 10 = sbeox0PS: Oxygen, SBE 43 [% saturation]
# name 11 = CStarTr0: Beam Transmission, WET Labs C-Star [%]
# name 12 = flECO-AFL: Fluorescence, WET Labs ECO-AFL/FL [mg/m^3]
# name 13 = ph: pH
# name 14 = sbeox0ML/L: Oxygen, SBE 43 [ml/l]
# name 15 = sbeox0Mg/L: Oxygen, SBE 43 [mg/l]
# name 16 = sbox0Mm/Kg: Oxygen, SBE 43 [umol/kg]
# name 17 = sbeox0Mm/L: Oxygen, SBE 43 [umol/l]
# name 18 = scan: Scan Count
# name 19 = nbf: Bottles Fired
# name 20 = flag:  0.000e+00
# interval = seconds: 0.0416667
# start_time = Aug 19 2022 00:09:40 [NMEA time, header]
# bad_flag = -9.990e-29
*END*
   58.17370 -136.61380    114.461    103.530    102.544     6.7851    32.5824  1026.0198    25.5444     6.7760     48.569    91.0392    -0.0005      7.843     3.3480     4.7847    145.798    149.523       4472          1  0.000e+00
   58.17370 -136.61380    114.493    103.563    102.576     6.7873    32.5803  1026.0180    25.5424     6.7783     48.566    91.0112    -0.0005      7.843     3.3477     4.7842    145.784    149.508       4473          1  0.000e+00
   58.17370 -136.61380    114.356    103.474    102.488     6.7891    32.5787  1026.0161    25.5409     6.7801     48.570    90.8434    -0.0005      7.843     3.3479     4.7845    145.793    149.517       4474          1  0.000e+00
   58.17370 -136.61380    114.355    103.498    102.512     6.7910    32.5766  1026.0143    25.5390     6.7820     48.575    90.7315    -0.0005      7.843     3.3482     4.7848    145.805    149.528       4475          1  0.000e+00
   58.17370 -136.61380    114.420    103.563    102.576     6.7930    32.5743  1026.0125    25.5369     6.7839     48.581    90.7315    -0.0005      7.843     3.3485     4.7853    145.819    149.542       4476          1  0.000e+00
   58.17370 -136.61380    114.388    103.530    102.544     6.7917    32.5760  1026.0139    25.5385     6.7826     48.579    90.7315    -0.0005      7.843     3.3484     4.7852    145.815    149.539       4477          1  0.000e+00
   58.17370 -136.61380    114.420    103.563    102.576     6.7917    32.5758  1026.0139    25.5383     6.7826     48.578    90.7315    -0.0005      7.843     3.3483     4.7850    145.810    149.534       4478          1  0.000e+00
   58.17370 -136.61380    114.339    103.530    102.544     6.7931    32.5741  1026.0122    25.5368     6.7840     48.575    90.7315    -0.0005      7.843     3.3480     4.7847    145.800    149.524       4479          1  0.000e+00
   58.17370 -136.61380    114.307    103.498    102.512     6.7922    32.5751  1026.0130    25.5377     6.7831     48.581    90.7315    -0.0005      7.843     3.3485     4.7853    145.820    149.544       4480          1  0.000e+00
   58.17370 -136.61380    114.403    103.595    102.608     6.7910    32.5758  1026.0141    25.5384     6.7820     48.588    90.7595     0.0288      7.843     3.3491     4.7862    145.845    149.569       4481          1  0.000e+00
   58.17370 -136.61380    114.307    103.498    102.512     6.7896    32.5779  1026.0155    25.5402     6.7806     48.587    90.7595    -0.0005      7.843     3.3490     4.7861    145.842    149.567       4482          1  0.000e+00
   58.17370 -136.61380    114.339    103.530    102.544     6.7881    32.5796  1026.0172    25.5418     6.7791     48.594    90.7315    -0.0005      7.843     3.3496     4.7869    145.866    149.592       4483          1  0.000e+00
   58.17370 -136.61380    114.282    103.498    102.512     6.7872    32.5807  1026.0181    25.5428     6.7781     48.593    90.7595     0.0288      7.843     3.3496     4.7868    145.865    149.591       4484          1  0.000e+00
   58.17370 -136.61380    114.346    103.563    102.576     6.7863    32.5818  1026.0193    25.5437     6.7773     48.592    90.7315    -0.0005      7.843     3.3496     4.7869    145.866    149.592       4485          1  0.000e+00
   58.17370 -136.61380    114.258    103.474    102.488     6.7863    32.5813  1026.0185    25.5433     6.7773     48.599    90.7315     0.0288      7.843     3.3500     4.7875    145.885    149.612       4486          1  0.000e+00
   58.17370 -136.61380    114.282    103.498    102.512     6.7868    32.5818  1026.0190    25.5437     6.7778     48.550    90.7595    -0.0005      7.843     3.3466     4.7826    145.736    149.459       4487          1  0.000e+00
   58.17370 -136.61380    114.234    103.474    102.488     6.7870    32.5817  1026.0188    25.5436     6.7779     48.542    90.7315    -0.0005      7.843     3.3460     4.7818    145.712    149.434       4488          1  0.000e+00
   58.17370 -136.61380    114.258    103.498    102.512     6.7876    32.5809  1026.0182    25.5429     6.7786     48.535    90.7315    -0.0005      7.843     3.3455     4.7811    145.689    149.411       4489          1  0.000e+00
   58.17370 -136.61380    114.234    103.474    102.488     6.7885    32.5803  1026.0175    25.5423     6.7794     48.527    90.7315    -0.0005      7.843     3.3450     4.7803    145.665    149.386       4490          1  0.000e+00
   58.17370 -136.61380    114.202    103.441    102.456     6.7886    32.5801  1026.0171    25.5421     6.7796     48.521    90.7315    -0.0005      7.843     3.3445     4.7796    145.644    149.365       4491          1  0.000e+00
   58.17370 -136.61380    114.234    103.474    102.488     6.7890    32.5795  1026.0167    25.5415     6.7799     48.522    90.7315    -0.0005      7.843     3.3446     4.7797    145.649    149.369       4492          1  0.000e+00
   58.17370 -136.61380    114.202    103.441    102.456     6.7888    32.5798  1026.0169    25.5418     6.7797     48.573    90.7595     0.0288      7.843     3.3481     4.7847    145.801    149.525       4493          1  0.000e+00
   58.17370 -136.61380    114.138    103.377    102.391     6.7886    32.5801  1026.0168    25.5420     6.7796     48.574    91.5426    -0.0005      7.843     3.3482     4.7849    145.806    149.530       4494          1  0.000e+00
   58.17368 -136.61378    114.178    103.417    102.432     6.7886    32.5802  1026.0171    25.5422     6.7796     48.520    92.0740    -0.0005      7.843     3.3444     4.7795    145.643    149.363       4495          1  0.000e+00
   58.17368 -136.61378    114.138    103.377    102.391     6.7888    32.5798  1026.0165    25.5418     6.7797     48.514    92.1580    -0.0005      7.843     3.3441     4.7790    145.626    149.345       4496          1  0.000e+00
   58.17368 -136.61378    114.113    103.352    102.367     6.7894    32.5788  1026.0156    25.5410     6.7804     48.509    92.1300     0.0288      7.843     3.3437     4.7784    145.609    149.328       4497          1  0.000e+00
   58.17368 -136.61378    114.162    103.377    102.391     6.7904    32.5778  1026.0148    25.5400     6.7813     48.504    92.1020    -0.0005      7.843     3.3433     4.7779    145.592    149.311       4498          1  0.000e+00
   58.17368 -136.61378    114.138    103.352    102.367     6.7915    32.5763  1026.0133    25.5387     6.7825     48.500    92.1020     0.0288      7.843     3.3429     4.7773    145.576    149.294       4499          1  0.000e+00
   58.17368 -136.61378    114.106    103.320    102.335     6.7922    32.5758  1026.0127    25.5382     6.7831     48.552    92.1020    -0.0005      7.843     3.3464     4.7824    145.731    149.452       4500          1  0.000e+00
   58.17368 -136.61378    114.082    103.296    102.311     6.7926    32.5750  1026.0119    25.5376     6.7836     48.499    92.1020    -0.0005      7.843     3.3428     4.7771    145.570    149.288       4501          1  0.000e+00
   58.17368 -136.61378    114.106    103.320    102.335     6.7924    32.5753  1026.0123    25.5378     6.7833     48.495    92.1020    -0.0005      7.843     3.3425     4.7768    145.560    149.277       4502          1  0.000e+00
   58.17368 -136.61378    114.130    103.320    102.335     6.7923    32.5754  1026.0124    25.5379     6.7833     48.491    92.1020    -0.0005      7.843     3.3423     4.7765    145.550    149.267       4503          1  0.000e+00
   58.17368 -136.61378    114.042    103.231    102.247     6.7925    32.5753  1026.0119    25.5378     6.7834     48.488    92.1020    -0.0005      7.843     3.3420     4.7761    145.538    149.255       4504          1  0.000e+00
   58.17368 -136.61378    114.074    103.263    102.279     6.7928    32.5748  1026.0116    25.5373     6.7838     48.541    92.1020    -0.0005      7.843     3.3457     4.7814    145.699    149.419       4505          1  0.000e+00
   58.17368 -136.61378    114.106    103.296    102.311     6.7930    32.5750  1026.0118    25.5375     6.7839     48.490    92.1020     0.0288      7.843     3.3421     4.7763    145.543    149.260       4506          1  0.000e+00
   58.17368 -136.61378    114.034    103.199    102.215     6.7935    32.5743  1026.0108    25.5369     6.7844     48.543    92.1020    -0.0005      7.843     3.3458     4.7815    145.702    149.423       4507          1  0.000e+00
   58.17368 -136.61378    114.091    103.231    102.247     6.7941    32.5739  1026.0106    25.5365     6.7851     48.548    92.1020     0.0288      7.843     3.3461     4.7819    145.716    149.437       4508          1  0.000e+00
   58.17368 -136.61378    114.123    103.263    102.279     6.7943    32.5735  1026.0104    25.5361     6.7852     48.554    92.1020    -0.0005      7.843     3.3465     4.7824    145.732    149.453       4509          1  0.000e+00
   58.17368 -136.61378    114.035    103.174    102.191     6.7943    32.5734  1026.0099    25.5361     6.7852     48.502    92.1020     0.0288      7.843     3.3429     4.7773    145.576    149.294       4510          1  0.000e+00
   58.17368 -136.61378    114.123    103.263    102.279     6.7942    32.5741  1026.0108    25.5366     6.7851     48.556    92.1020    -0.0005      7.843     3.3467     4.7827    145.740    149.462       4511          1  0.000e+00
   58.17368 -136.61378    113.979    103.118    102.135     6.7936    32.5749  1026.0109    25.5373     6.7846     48.561    92.1020    -0.0005      7.843     3.3470     4.7832    145.755    149.477       4512          1  0.000e+00
   58.17368 -136.61378    114.172    103.263    102.279     6.7936    32.5748  1026.0115    25.5373     6.7846     48.511    92.1020     0.0288      7.843     3.3435     4.7783    145.605    149.323       4513          1  0.000e+00
   58.17368 -136.61378    114.108    103.198    102.215     6.7936    32.5748  1026.0112    25.5373     6.7846     48.509    92.4936    -0.0005      7.843     3.3434     4.7780    145.598    149.316       4514          1  0.000e+00
   58.17368 -136.61378    114.084    103.174    102.191     6.7938    32.5747  1026.0110    25.5372     6.7847     48.507    92.8851    -0.0005      7.843     3.3433     4.7779    145.592    149.310       4515          1  0.000e+00
   58.17368 -136.61378    114.052    103.142    102.159     6.7941    32.5740  1026.0102    25.5365     6.7851     48.505    92.9970    -0.0005      7.843     3.3431     4.7777    145.587    149.305       4516          1  0.000e+00
   58.17368 -136.61378    114.140    103.231    102.247     6.7943    32.5739  1026.0105    25.5364     6.7852     48.505    92.9691    -0.0005      7.843     3.3431     4.7776    145.586    149.303       4517          1  0.000e+00
   58.17368 -136.61378    114.076    103.142    102.159     6.7949    32.5738  1026.0099    25.5363     6.7859     48.504    92.9691     0.0288      7.843     3.3430     4.7774    145.580    149.297       4518          1  0.000e+00
   58.17368 -136.61376    114.108    103.174    102.191     6.7950    32.5734  1026.0097    25.5359     6.7860     48.504    92.9691     0.0288      7.843     3.3430     4.7774    145.579    149.297       4519          1  0.000e+00
   58.17368 -136.61376    114.132    103.198    102.215     6.7953    32.5732  1026.0097    25.5358     6.7862     48.560    92.9691    -0.0005      7.843     3.3468     4.7830    145.748    149.470       4520          1  0.000e+00
   58.17368 -136.61292    122.693     50.839     50.361     9.2410    31.1925  1024.3332    24.1020     9.2357     68.743    87.2074     0.7321      8.026     4.5232     6.4641    197.252    202.006       6786          2  0.000e+00
   58.17368 -136.61292    122.773     50.895     50.417     9.2400    31.1926  1024.3336    24.1022     9.2347     68.744    87.2074     0.7321      8.026     4.5234     6.4644    197.261    202.015       6787          2  0.000e+00
   58.17368 -136.61292    122.813     50.960     50.481     9.2398    31.1928  1024.3341    24.1024     9.2345     68.746    87.2074     0.7321      8.026     4.5235     6.4646    197.267    202.021       6788          2  0.000e+00
   58.17368 -136.61292    122.893     51.017     50.537     9.2403    31.1932  1024.3346    24.1026     9.2350     68.749    87.2074     0.7321      8.026     4.5236     6.4647    197.271    202.025       6789          2  0.000e+00
   58.17368 -136.61292    122.773     50.895     50.417     9.2412    31.1938  1024.3344    24.1029     9.2359     68.688    87.2074     0.7321      8.026     4.5196     6.4589    197.093    201.843       6790          2  0.000e+00
   58.17368 -136.61292    122.918     51.017     50.537     9.2421    31.1943  1024.3352    24.1031     9.2368     68.679    87.2074     0.7321      8.026     4.5188     6.4578    197.060    201.810       6791          2  0.000e+00
   58.17368 -136.61292    122.918     51.017     50.537     9.2421    31.1946  1024.3354    24.1034     9.2368     68.669    87.2074     0.7321      8.026     4.5181     6.4569    197.031    201.780       6792          2  0.000e+00
   58.17368 -136.61292    122.829     50.952     50.473     9.2424    31.1944  1024.3349    24.1032     9.2371     68.659    87.2074     0.7614      8.026     4.5175     6.4559    197.002    201.750       6793          2  0.000e+00
   58.17368 -136.61292    122.982     51.081     50.601     9.2429    31.1944  1024.3355    24.1032     9.2376     68.658    87.2074     0.7321      8.026     4.5174     6.4557    196.997    201.745       6794          2  0.000e+00
   58.17368 -136.61292    122.918     51.017     50.537     9.2437    31.1954  1024.3358    24.1038     9.2384     68.656    87.2074     0.7614      8.026     4.5171     6.4554    196.987    201.735       6795          2  0.000e+00
   58.17368 -136.61292    122.918     51.017     50.537     9.2452    31.1956  1024.3357    24.1037     9.2399     68.649    87.2074     0.7321      8.026     4.5165     6.4545    196.959    201.707       6796          2  0.000e+00
   58.17368 -136.61292    122.974     51.073     50.593     9.2471    31.1955  1024.3356    24.1033     9.2418     68.649    87.2074     0.7321      8.026     4.5163     6.4543    196.953    201.700       6797          2  0.000e+00
   58.17368 -136.61292    122.982     51.081     50.601     9.2468    31.1947  1024.3351    24.1028     9.2415     68.589    87.2354     0.7614      8.026     4.5124     6.4487    196.781    201.524       6798          2  0.000e+00
   58.17368 -136.61292    123.014     51.138     50.657     9.2439    31.1927  1024.3342    24.1017     9.2386     68.578    87.2634     0.7321      8.026     4.5120     6.4482    196.765    201.508       6799          2  0.000e+00
   58.17368 -136.61292    122.982     51.081     50.601     9.2408    31.1917  1024.3336    24.1013     9.2355     68.629    87.2914     0.7614      8.026     4.5157     6.4534    196.926    201.672       6800          2  0.000e+00
   58.17368 -136.61292    123.014     51.138     50.657     9.2382    31.1921  1024.3346    24.1021     9.2329     68.633    87.2914     0.7321      8.026     4.5163     6.4542    196.949    201.696       6801          2  0.000e+00
   58.17368 -136.61292    123.038     51.138     50.657     9.2380    31.1921  1024.3347    24.1021     9.2327     68.576    87.2914     0.7321      8.026     4.5125     6.4488    196.786    201.529       6802          2  0.000e+00
   58.17368 -136.61292    123.038     51.138     50.657     9.2385    31.1916  1024.3342    24.1016     9.2332     68.567    87.2914     0.7321      8.026     4.5119     6.4480    196.760    201.503       6803          2  0.000e+00
   58.17368 -136.61292    123.070     51.194     50.713     9.2374    31.1924  1024.3353    24.1025     9.2321     68.560    87.2914     0.7321      8.026     4.5116     6.4475    196.744    201.486       6804          2  0.000e+00
