EcoFOCI/data/1_SampleCollection/2022_GOA-OA_CruiseData/CTD_raw_BottleFile_RC0083/RC0083_129.ros
* Sea-Bird SBE 9 Data File:
* FileName = C:\Data\RC0083ctd\RC0083_129.hex
* Software Version Seasave V 7.26.7.107
* Temperature SN = 2060
* Conductivity SN = 2881
* Number of Bytes Per Scan = 31
* Number of Voltage Words = 4
* Number of Scans Averaged by the Deck Unit = 1
* NMEA Latitude = 57 15.18 N
* NMEA Longitude = 134 42.62 W
* NMEA UTC (Time) = Aug 24 2022  07:10:06
* NMEA baud rate = 4800
** Ship: R/V Rachel Carson
** Cruise ID: RC0083
** Tech: McHugh/Nomura
** Chief Scientist: Cross
** Station: MSC3B
** Cast:  CTD129
# nquan = 21
# nvalues = 490                                   
# units = specified
# name 0 = latitude: Latitude [deg]
# name 1 = longitude: Longitude [deg]
# name 2 = sfdSM: Seafloor depth [salt water, m]
# name 3 = prDM: Pressure, Digiquartz [db]
# name 4 = depSM: Depth [salt water, m]
# name 5 = t090C: Temperature [ITS-90, deg C]
# name 6 = sal00: Salinity, Practical [PSU]
# name 7 = density00: Density [density, kg/m^3]
# name 8 = sigma-é00: Density [sigma-theta, kg/m^3]
# name 9 = potemp090C: Potential Temperature [ITS-90, deg C]
# name 10 = sbeox0PS: Oxygen, SBE 43 [% saturation]
# name 11 = CStarTr0: Beam Transmission, WET Labs C-Star [%]
# name 12 = flECO-AFL: Fluorescence, WET Labs ECO-AFL/FL [mg/m^3]
# name 13 = ph: pH
# name 14 = sbeox0ML/L: Oxygen, SBE 43 [ml/l]
# name 15 = sbeox0Mg/L: Oxygen, SBE 43 [mg/l]
# name 16 = sbox0Mm/Kg: Oxygen, SBE 43 [umol/kg]
# name 17 = sbeox0Mm/L: Oxygen, SBE 43 [umol/l]
# name 18 = scan: Scan Count
# name 19 = nbf: Bottles Fired
# name 20 = flag:  0.000e+00
# interval = seconds: 0.0416667
# start_time = Aug 24 2022 07:10:06 [NMEA time, header]
# bad_flag = -9.990e-29
*END*
[from data line 414]
   57.26294 -134.71000    108.482     10.065      9.972    10.9270    28.6220  1021.8723    21.8267    10.9259     94.243    89.8645     4.4537      8.285     6.0753     8.6821    265.525    271.321      70964          9  0.000e+00
   57.26294 -134.71000    108.626     10.210     10.116    10.9270    28.6222  1021.8731    21.8269    10.9258     94.295    89.8645     4.4537      8.285     6.0786     8.6870    265.673    271.472      70965          9  0.000e+00
   57.26294 -134.71000    108.395      9.952      9.860    10.9280    28.6213  1021.8711    21.8260    10.9268     94.291    89.8645     4.4537      8.285     6.0783     8.6865    265.658    271.457      70966          9  0.000e+00
   57.26294 -134.71000    108.507     10.065      9.972    10.9288    28.6213  1021.8714    21.8258    10.9277     94.290    89.8645     4.4537      8.285     6.0781     8.6862    265.650    271.448      70967          9  0.000e+00
   57.26294 -134.71000    108.514     10.097     10.004    10.9294    28.6210  1021.8712    21.8255    10.9283     94.286    89.8645     4.4537      8.285     6.0778     8.6858    265.637    271.434      70968          9  0.000e+00
   57.26294 -134.71000    108.482     10.065      9.972    10.9314    28.6200  1021.8701    21.8244    10.9302     94.225    89.8645     4.4244      8.285     6.0736     8.6798    265.454    271.248      70969          9  0.000e+00
   57.26294 -134.71000    108.507     10.065      9.972    10.9330    28.6191  1021.8690    21.8234    10.9318     94.212    89.8645     4.4244      8.285     6.0726     8.6784    265.411    271.203      70970          9  0.000e+00
   57.26294 -134.71000    108.539     10.097     10.004    10.9334    28.6196  1021.8695    21.8238    10.9322     94.259    89.8645     4.4244      8.285     6.0756     8.6826    265.539    271.334      70971          9  0.000e+00
   57.26294 -134.71000    108.507     10.065      9.972    10.9323    28.6200  1021.8699    21.8243    10.9312     94.254    89.8645     4.4537      8.285     6.0753     8.6823    265.530    271.325      70972          9  0.000e+00
   57.26294 -134.71000    108.507     10.065      9.972    10.9302    28.6209  1021.8709    21.8253    10.9291     94.248    89.8645     4.4244      8.285     6.0752     8.6820    265.523    271.318      70973          9  0.000e+00
   57.26294 -134.71000    108.651     10.210     10.116    10.9299    28.6213  1021.8719    21.8256    10.9287     94.241    89.8645     4.4244      8.285     6.0748     8.6815    265.506    271.301      70974          9  0.000e+00
   57.26294 -134.71000    108.451     10.008      9.916    10.9308    28.6209  1021.8705    21.8252    10.9297     94.229    89.8645     4.4537      8.285     6.0739     8.6802    265.468    271.262      70975          9  0.000e+00
   57.26294 -134.71000    108.507     10.065      9.972    10.9317    28.6208  1021.8706    21.8250    10.9306     94.274    89.8645     4.4537      8.285     6.0767     8.6842    265.588    271.385      70976          9  0.000e+00
   57.26294 -134.71000    108.450     10.033      9.940    10.9307    28.6215  1021.8711    21.8257    10.9296     94.266    89.8645     4.3365      8.285     6.0763     8.6836    265.571    271.367      70977          9  0.000e+00
   57.26294 -134.71000    108.571     10.130     10.036    10.9296    28.6133  1021.8654    21.8195    10.9285     94.208    89.8365     3.9848      8.285     6.0730     8.6790    265.430    271.222      70978          9  0.000e+00
   57.26294 -134.71000    108.483     10.065      9.972    10.9281    28.6081  1021.8613    21.8157    10.9270     94.198    89.8645     3.8383      8.285     6.0727     8.6785    265.418    271.208      70979          9  0.000e+00
   57.26294 -134.71000    108.539     10.097     10.004    10.9291    28.6186  1021.8695    21.8237    10.9280     94.186    89.8925     3.8383      8.285     6.0715     8.6767    265.360    271.151      70980          9  0.000e+00
   57.26294 -134.71000    108.507     10.065      9.972    10.9313    28.6216  1021.8712    21.8256    10.9302     94.172    90.2001     3.8676      8.285     6.0702     8.6749    265.304    271.094      70981          9  0.000e+00
   57.26294 -134.71000    108.483     10.065      9.972    10.9334    28.6206  1021.8701    21.8245    10.9322     94.103    90.3679     3.8676      8.285     6.0655     8.6682    265.098    270.884      70982          9  0.000e+00
   57.26294 -134.71000    108.627     10.210     10.116    10.9343    28.6200  1021.8702    21.8240    10.9332     94.090    90.3959     3.8676      8.285     6.0645     8.6668    265.056    270.840      70983          9  0.000e+00
   57.26294 -134.71000    108.427     10.009      9.916    10.9341    28.6202  1021.8695    21.8241    10.9330     94.071    90.3679     3.8676      8.285     6.0633     8.6651    265.005    270.788      70984          9  0.000e+00
   57.26294 -134.71000    108.507     10.065      9.972    10.9338    28.6204  1021.8699    21.8243    10.9327     94.055    90.3679     3.8676      8.285     6.0623     8.6637    264.961    270.743      70985          9  0.000e+00
   57.26294 -134.71000    108.539     10.097     10.004    10.9319    28.6217  1021.8714    21.8257    10.9308     94.038    90.3679     3.8676      8.285     6.0614     8.6624    264.921    270.703      70986          9  0.000e+00
   57.26294 -134.71000    108.483     10.065      9.972    10.9320    28.6218  1021.8713    21.8257    10.9308     94.019    90.3679     3.8676      8.285     6.0602     8.6606    264.867    270.648      70987          9  0.000e+00
   57.26294 -134.71000    108.483     10.065      9.972    10.9334    28.6205  1021.8701    21.8245    10.9322     94.005    90.3679     3.8676      8.285     6.0591     8.6591    264.821    270.601      70988          9  0.000e+00
   57.26294 -134.71000    108.515     10.097     10.004    10.9341    28.6197  1021.8695    21.8237    10.9330     93.990    90.3679     3.8676      8.285     6.0581     8.6577    264.778    270.557      70989          9  0.000e+00
   57.26294 -134.71000    108.507     10.065      9.972    10.9338    28.6203  1021.8698    21.8242    10.9327     93.975    90.3679     3.8676      8.285     6.0571     8.6563    264.735    270.512      70990          9  0.000e+00
   57.26324 -134.71018    101.361      2.877      2.851    11.4041    28.5738  1021.7212    21.7082    11.4038    104.263    77.5022     6.0947      8.377     6.6544     9.5098    290.872    297.187      72271         10  0.000e+00
   57.26324 -134.71018    101.873      3.370      3.339    11.4040    28.5741  1021.7237    21.7085    11.4036    104.262    77.5022     6.0947      8.377     6.6544     9.5098    290.870    297.185      72272         10  0.000e+00
   57.26324 -134.71018    101.441      2.934      2.907    11.4050    28.5743  1021.7217    21.7085    11.4046    104.309    77.5022     6.0947      8.377     6.6572     9.5138    290.994    297.311      72273         10  0.000e+00
   57.26324 -134.71018    101.737      3.257      3.227    11.4058    28.5738  1021.7227    21.7080    11.4054    104.316    77.5022     6.0947      8.377     6.6576     9.5143    291.010    297.327      72274         10  0.000e+00
   57.26324 -134.71018    101.681      3.176      3.147    11.4062    28.5741  1021.7224    21.7081    11.4058    104.258    77.5022     6.1826      8.377     6.6538     9.5089    290.845    297.158      72275         10  0.000e+00
   57.26324 -134.71018    101.697      3.192      3.163    11.4064    28.5739  1021.7224    21.7079    11.4061    104.251    77.4742     6.2998      8.377     6.6533     9.5082    290.823    297.136      72276         10  0.000e+00
   57.26324 -134.71018    101.561      3.055      3.027    11.4063    28.5744  1021.7221    21.7083    11.4059    104.192    77.4742     6.3291      8.377     6.6496     9.5029    290.659    296.969      72277         10  0.000e+00
   57.26324 -134.71018    101.793      3.313      3.283    11.4068    28.5738  1021.7227    21.7077    11.4064    104.189    77.4742     6.3291      8.377     6.6493     9.5025    290.649    296.958      72278         10  0.000e+00
   57.26324 -134.71018    101.537      3.055      3.027    11.4071    28.5738  1021.7215    21.7077    11.4067    104.184    77.4742     6.3291      8.377     6.6490     9.5020    290.634    296.943      72279         10  0.000e+00
   57.26324 -134.71018    101.657      3.176      3.147    11.4078    28.5729  1021.7213    21.7069    11.4075    104.240    77.4742     6.3291      8.377     6.6525     9.5070    290.787    297.099      72280         10  0.000e+00
   57.26324 -134.71018    101.737      3.257      3.227    11.4071    28.5729  1021.7218    21.7070    11.4067    104.241    77.5022     6.3291      8.377     6.6526     9.5073    290.794    297.106      72281         10  0.000e+00
   57.26324 -134.71018    101.561      3.055      3.027    11.4056    28.5733  1021.7214    21.7076    11.4053    104.238    77.4742     6.3291      8.377     6.6527     9.5073    290.795    297.108      72282         10  0.000e+00
   57.26324 -134.71018    101.793      3.313      3.283    11.4043    28.5734  1021.7228    21.7079    11.4039    104.297    77.4742     6.3291      8.377     6.6566     9.5129    290.967    297.283      72283         10  0.000e+00
   57.26324 -134.71018    101.618      3.111      3.083    11.4036    28.5739  1021.7224    21.7084    11.4033    104.245    77.5022     6.3291      8.377     6.6533     9.5083    290.825    297.138      72284         10  0.000e+00
   57.26324 -134.71018    101.762      3.257      3.227    11.4035    28.5741  1021.7233    21.7085    11.4031    104.302    77.4742     6.3291      8.377     6.6570     9.5135    290.984    297.301      72285         10  0.000e+00
   57.26324 -134.71018    101.657      3.176      3.147    11.4038    28.5740  1021.7228    21.7084    11.4034    104.252    77.5022     6.3291      8.377     6.6537     9.5089    290.842    297.156      72286         10  0.000e+00
   57.26324 -134.71018    101.578      3.071      3.043    11.4041    28.5739  1021.7222    21.7083    11.4038    104.196    77.4742     6.3291      8.377     6.6502     9.5037    290.685    296.996      72287         10  0.000e+00
   57.26324 -134.71018    101.713      3.233      3.203    11.4044    28.5735  1021.7225    21.7079    11.4041    104.249    77.5022     6.3291      8.377     6.6535     9.5085    290.832    297.145      72288         10  0.000e+00
   57.26324 -134.71018    101.818      3.313      3.283    11.4046    28.5736  1021.7229    21.7080    11.4043    104.251    77.4742     6.3291      8.377     6.6536     9.5087    290.837    297.150      72289         10  0.000e+00
   57.26324 -134.71018    101.537      3.055      3.027    11.4043    28.5741  1021.7222    21.7084    11.4040    104.195    77.4742     6.3291      8.377     6.6500     9.5035    290.680    296.990      72290         10  0.000e+00
   57.26324 -134.71018    101.793      3.313      3.283    11.4050    28.5736  1021.7229    21.7079    11.4046    104.250    77.5022     6.3291      8.377     6.6534     9.5084    290.830    297.143      72291         10  0.000e+00
   57.26324 -134.71018    101.562      3.055      3.027    11.4050    28.5741  1021.7221    21.7083    11.4046    104.248    77.4742     6.3291      8.377     6.6533     9.5083    290.825    297.138      72292         10  0.000e+00
   57.26324 -134.71018    101.673      3.192      3.163    11.4053    28.5739  1021.7225    21.7081    11.4049    104.252    77.4742     6.3291      8.377     6.6536     9.5086    290.835    297.148      72293         10  0.000e+00
   57.26324 -134.71018    101.682      3.176      3.147    11.4053    28.5734  1021.7221    21.7077    11.4049    104.255    77.4742     6.3291      8.377     6.6537     9.5088    290.842    297.156      72294         10  0.000e+00
   57.26324 -134.71018    101.793      3.313      3.283    11.4045    28.5735  1021.7229    21.7079    11.4041    104.259    77.4463     6.4171      8.377     6.6541     9.5094    290.860    297.174      72295         10  0.000e+00
   57.26324 -134.71018    101.618      3.112      3.083    11.4040    28.5736  1021.7221    21.7081    11.4036    104.260    77.4463     6.6222      8.377     6.6542     9.5096    290.864    297.178      72296         10  0.000e+00
   57.26324 -134.71018    101.578      3.071      3.043    11.4040    28.5735  1021.7219    21.7080    11.4036    104.208    77.4463     6.7101      8.377     6.6509     9.5048    290.719    297.030      72297         10  0.000e+00
   57.26324 -134.71018    101.794      3.289      3.259    11.4038    28.5737  1021.7231    21.7082    11.4034    104.258    77.4463     6.7101      8.377     6.6542     9.5095    290.862    297.176      72298         10  0.000e+00
   57.26324 -134.71018    101.818      3.314      3.283    11.4034    28.5739  1021.7234    21.7084    11.4031    104.257    77.4463     6.7101      8.377     6.6541     9.5094    290.860    297.174      72299         10  0.000e+00
   57.26324 -134.71018    101.657      3.176      3.147    11.4033    28.5742  1021.7230    21.7087    11.4029    104.254    77.4463     6.7101      8.377     6.6539     9.5091    290.850    297.164      72300         10  0.000e+00
   57.26324 -134.71018    101.562      3.055      3.027    11.4040    28.5740  1021.7222    21.7084    11.4036    104.250    77.4463     6.7101      8.377     6.6536     9.5087    290.837    297.151      72301         10  0.000e+00
   57.26324 -134.71018    101.673      3.192      3.163    11.4040    28.5741  1021.7229    21.7085    11.4036    104.250    77.4463     6.7101      8.377     6.6536     9.5087    290.837    297.151      72302         10  0.000e+00
   57.26324 -134.71018    101.738      3.233      3.203    11.4044    28.5736  1021.7226    21.7080    11.4041    104.254    77.4463     6.7101      8.377     6.6538     9.5090    290.847    297.160      72303         10  0.000e+00
   57.26324 -134.71018    101.642      3.136      3.107    11.4044    28.5739  1021.7224    21.7083    11.4041    104.257    77.4463     6.7101      8.377     6.6540     9.5092    290.853    297.167      72304         10  0.000e+00
   57.26326 -134.71018    101.713      3.233      3.203    11.4046    28.5736  1021.7226    21.7080    11.4043    104.207    77.4463     6.7101      8.377     6.6508     9.5047    290.714    297.025      72305         10  0.000e+00
   57.26326 -134.71018    101.793      3.314      3.283    11.4050    28.5734  1021.7228    21.7078    11.4046    104.203    77.4463     6.7101      8.377     6.6505     9.5042    290.699    297.009      72306         10  0.000e+00
   57.26326 -134.71018    101.537      3.055      3.027    11.4048    28.5740  1021.7221    21.7082    11.4044    104.248    77.4463     6.7101      8.377     6.6534     9.5083    290.826    297.140      72307         10  0.000e+00
   57.26326 -134.71018    101.818      3.314      3.283    11.4048    28.5741  1021.7233    21.7084    11.4044    104.251    77.4463     6.7101      8.377     6.6535     9.5086    290.834    297.147      72308         10  0.000e+00
   57.26326 -134.71018    101.537      3.055      3.027    11.4053    28.5737  1021.7217    21.7079    11.4050    104.252    77.4463     6.7101      8.377     6.6536     9.5086    290.835    297.148      72309         10  0.000e+00
   57.26326 -134.71018    101.698      3.193      3.163    11.4052    28.5737  1021.7224    21.7080    11.4048    104.204    77.4463     6.7101      8.377     6.6505     9.5042    290.701    297.012      72310         10  0.000e+00
   57.26326 -134.71018    101.682      3.176      3.147    11.4050    28.5739  1021.7225    21.7081    11.4046    104.204    77.4463     6.7101      8.377     6.6505     9.5043    290.702    297.013      72311         10  0.000e+00
