EcoFOCI/data/1_SampleCollection/2022_GOA-OA_CruiseData/CTD_raw_BottleFile_RC0083/RC0083_052.ros
* Sea-Bird SBE 9 Data File:
* FileName = C:\Data\RC0083ctd\RC0083_052.hex
* Software Version Seasave V 7.26.7.107
* Temperature SN = 2060
* Conductivity SN = 1084
* Number of Bytes Per Scan = 31
* Number of Voltage Words = 4
* Number of Scans Averaged by the Deck Unit = 1
* NMEA Latitude = 58 16.24 N
* NMEA Longitude = 136 52.33 W
* NMEA UTC (Time) = Aug 19 2022  10:19:54
* NMEA baud rate = 4800
** Ship: R/V Rachel Carson
** Cruise ID: RC0083
** Tech: McHugh/Nomura
** Chief Scientist: Cross
** Station: SEM-2.5
** Cast:  CTD052
# nquan = 21
# nvalues = 245                                   
# units = specified
# name 0 = latitude: Latitude [deg]
# name 1 = longitude: Longitude [deg]
# name 2 = sfdSM: Seafloor depth [salt water, m]
# name 3 = prDM: Pressure, Digiquartz [db]
# name 4 = depSM: Depth [salt water, m]
# name 5 = t090C: Temperature [ITS-90, deg C]
# name 6 = sal00: Salinity, Practical [PSU]
# name 7 = density00: Density [density, kg/m^3]
# name 8 = sigma-é00: Density [sigma-theta, kg/m^3]
# name 9 = potemp090C: Potential Temperature [ITS-90, deg C]
# name 10 = sbeox0PS: Oxygen, SBE 43 [% saturation]
# name 11 = CStarTr0: Beam Transmission, WET Labs C-Star [%]
# name 12 = flECO-AFL: Fluorescence, WET Labs ECO-AFL/FL [mg/m^3]
# name 13 = ph: pH
# name 14 = sbeox0ML/L: Oxygen, SBE 43 [ml/l]
# name 15 = sbeox0Mg/L: Oxygen, SBE 43 [mg/l]
# name 16 = sbox0Mm/Kg: Oxygen, SBE 43 [umol/kg]
# name 17 = sbeox0Mm/L: Oxygen, SBE 43 [umol/l]
# name 18 = scan: Scan Count
# name 19 = nbf: Bottles Fired
# name 20 = flag:  0.000e+00
# interval = seconds: 0.0416667
# start_time = Aug 19 2022 10:19:54 [NMEA time, header]
# bad_flag = -9.990e-29
*END*
[from data line 138]
   58.27140 -136.87042     69.325     27.112     26.859     9.2418    31.0015  1024.0756    23.9522     9.2390     76.308    89.8365     1.0544      8.016     5.0271     7.1842    219.257    224.509       6809          3  0.000e+00
   58.27140 -136.87042     69.414     27.177     26.923     9.2418    31.0017  1024.0760    23.9523     9.2390     76.306    89.8086     1.0837      8.012     5.0269     7.1840    219.251    224.502       6810          3  0.000e+00
   58.27142 -136.87042     69.325     27.112     26.859     9.2414    31.0017  1024.0758    23.9524     9.2386     76.303    89.8086     1.0837      8.012     5.0268     7.1837    219.244    224.495       6811          3  0.000e+00
   58.27142 -136.87042     69.074     27.056     26.803     9.2413    31.0017  1024.0755    23.9524     9.2385     76.300    89.8086     1.0544      8.016     5.0266     7.1835    219.236    224.488       6812          3  0.000e+00
   58.27142 -136.87042     69.032     27.112     26.859     9.2413    31.0019  1024.0759    23.9526     9.2385     76.299    89.8086     1.0837      8.012     5.0265     7.1834    219.232    224.483       6813          3  0.000e+00
   58.27142 -136.87042     69.008     27.112     26.859     9.2414    31.0012  1024.0754    23.9520     9.2386     76.242    89.8086     1.0837      8.012     5.0228     7.1781    219.071    224.318       6814          3  0.000e+00
   58.27142 -136.87042     68.976     27.056     26.803     9.2406    31.0020  1024.0758    23.9527     9.2378     76.234    89.8086     1.0837      8.016     5.0223     7.1774    219.050    224.297       6815          3  0.000e+00
   58.27142 -136.87042     69.032     27.112     26.859     9.2413    31.0014  1024.0756    23.9522     9.2385     76.227    89.8086     1.0837      8.012     5.0218     7.1767    219.028    224.275       6816          3  0.000e+00
   58.27142 -136.87042     68.912     26.991     26.739     9.2423    31.0008  1024.0744    23.9516     9.2395     76.219    89.8086     1.0837      8.016     5.0212     7.1758    219.002    224.247       6817          3  0.000e+00
   58.27156 -136.87002     43.679      9.876      9.784    11.5877    31.0757  1023.6625    23.6181    11.5865     92.817    87.7389     2.9006      8.192     5.8080     8.3003    253.402    259.387       8615          4  0.000e+00
   58.27156 -136.87002     43.569      9.642      9.552    11.5879    31.0754  1023.6612    23.6178    11.5867     92.817    87.7389     2.9006      8.192     5.8080     8.3002    253.401    259.385       8616          4  0.000e+00
   58.27156 -136.87002     44.590      9.908      9.816    11.5873    31.0752  1023.6623    23.6177    11.5861     92.821    87.7109     2.9006      8.192     5.8084     8.3007    253.416    259.402       8617          4  0.000e+00
   58.27156 -136.87002     44.837      9.763      9.672    11.5857    31.0764  1023.6628    23.6189    11.5845     92.821    87.7389     2.9006      8.192     5.8085     8.3009    253.421    259.407       8618          4  0.000e+00
   58.27156 -136.87002     44.973      9.876      9.784    11.5855    31.0761  1023.6632    23.6188    11.5843     92.822    87.7389     2.9006      8.192     5.8086     8.3011    253.426    259.411       8619          4  0.000e+00
   58.27156 -136.87002     44.917      9.844      9.752    11.5844    31.0762  1023.6633    23.6190    11.5832     92.821    87.7389     2.9006      8.187     5.8087     8.3012    253.429    259.415       8620          4  0.000e+00
   58.27156 -136.87002     44.924      9.876      9.784    11.5830    31.0767  1023.6641    23.6197    11.5818     92.826    87.7389     2.9006      8.187     5.8091     8.3018    253.450    259.436       8621          4  0.000e+00
   58.27156 -136.87002     44.924      9.876      9.784    11.5827    31.0772  1023.6646    23.6201    11.5815     92.878    87.7109     2.9006      8.192     5.8124     8.3065    253.592    259.582       8622          4  0.000e+00
   58.27156 -136.87002     45.012      9.965      9.872    11.5820    31.0783  1023.6659    23.6211    11.5808     92.882    87.7109     2.9006      8.192     5.8127     8.3069    253.605    259.595       8623          4  0.000e+00
   58.27156 -136.87002     44.988      9.941      9.848    11.5816    31.0796  1023.6669    23.6221    11.5804     92.884    87.7389     2.9006      8.192     5.8128     8.3071    253.609    259.600       8624          4  0.000e+00
   58.27156 -136.87002     44.988      9.941      9.848    11.5817    31.0798  1023.6670    23.6223    11.5805     92.885    87.7389     2.9006      8.192     5.8128     8.3071    253.611    259.602       8625          4  0.000e+00
   58.27156 -136.87002     45.068     10.021      9.928    11.5814    31.0799  1023.6675    23.6224    11.5801     92.939    87.7389     3.1057      8.192     5.8163     8.3121    253.762    259.756       8626          4  0.000e+00
   58.27156 -136.87002     45.044      9.997      9.904    11.5816    31.0802  1023.6676    23.6227    11.5803     92.944    87.7389     3.2815      8.192     5.8165     8.3124    253.772    259.767       8627          4  0.000e+00
   58.27156 -136.87002     45.108     10.062      9.968    11.5823    31.0806  1023.6681    23.6228    11.5811     92.894    87.7109     3.3108      8.192     5.8133     8.3078    253.632    259.624       8628          4  0.000e+00
   58.27156 -136.87002     45.068     10.021      9.928    11.5832    31.0801  1023.6673    23.6223    11.5820     92.944    87.7389     3.2815      8.192     5.8164     8.3121    253.764    259.758       8629          4  0.000e+00
   58.27156 -136.87002     45.164     10.118     10.024    11.5827    31.0803  1023.6681    23.6225    11.5815     92.952    87.7948     3.2815      8.192     5.8169     8.3130    253.789    259.785       8630          4  0.000e+00
   58.27156 -136.87002     48.388     10.118     10.024    11.5819    31.0809  1023.6687    23.6231    11.5807     92.959    87.8228     3.2815      8.192     5.8174     8.3137    253.810    259.806       8631          4  0.000e+00
   58.27156 -136.87002     57.179     10.118     10.024    11.5815    31.0812  1023.6690    23.6235    11.5803     93.018    87.8228     3.2815      8.192     5.8212     8.3190    253.973    259.973       8632          4  0.000e+00
   58.27156 -136.87002     60.393     10.207     10.112    11.5810    31.0810  1023.6693    23.6234    11.5798     92.975    87.8228     3.2815      8.192     5.8186     8.3153    253.860    259.857       8633          4  0.000e+00
   58.27156 -136.87002     60.361     10.175     10.080    11.5810    31.0812  1023.6693    23.6235    11.5798     93.032    87.8228     3.2815      8.192     5.8221     8.3203    254.014    260.014       8634          4  0.000e+00
   58.27156 -136.87002     60.059     10.239     10.144    11.5809    31.0808  1023.6693    23.6232    11.5797     93.040    87.8228     3.2815      8.192     5.8227     8.3212    254.039    260.040       8635          4  0.000e+00
   58.27156 -136.87002     59.904     10.207     10.112    11.5802    31.0812  1023.6696    23.6237    11.5790     93.047    87.8228     3.2815      8.192     5.8231     8.3218    254.059    260.061       8636          4  0.000e+00
   58.27156 -136.87002     59.992     10.296     10.200    11.5796    31.0819  1023.6706    23.6243    11.5784     93.053    87.8228     3.2815      8.192     5.8236     8.3225    254.078    260.081       8637          4  0.000e+00
   58.27156 -136.87002     59.961     10.239     10.144    11.5782    31.0824  1023.6710    23.6249    11.5769     93.057    87.8228     3.2815      8.192     5.8240     8.3230    254.095    260.098       8638          4  0.000e+00
   58.27156 -136.87002     60.041     10.320     10.224    11.5772    31.0825  1023.6716    23.6252    11.5759     93.067    87.8228     3.2815      8.192     5.8247     8.3241    254.128    260.132       8639          4  0.000e+00
   58.27156 -136.87002     60.017     10.296     10.200    11.5761    31.0829  1023.6721    23.6257    11.5748     93.075    87.8228     3.2815      8.192     5.8253     8.3250    254.155    260.159       8640          4  0.000e+00
   58.27156 -136.87002     60.073     10.352     10.256    11.5735    31.0833  1023.6730    23.6265    11.5723     93.130    87.8228     3.2815      8.192     5.8291     8.3304    254.320    260.328       8641          4  0.000e+00
   58.27156 -136.87002     60.105     10.385     10.288    11.5711    31.0846  1023.6747    23.6279    11.5698     93.136    87.8228     3.2815      8.192     5.8297     8.3313    254.347    260.357       8642          4  0.000e+00
   58.27156 -136.87002     60.137     10.417     10.320    11.5691    31.0860  1023.6762    23.6294    11.5678     93.141    87.8228     3.2815      8.192     5.8302     8.3320    254.367    260.378       8643          4  0.000e+00
   58.27156 -136.87002     60.137     10.417     10.320    11.5661    31.0876  1023.6780    23.6312    11.5648     93.150    87.8228     3.2815      8.192     5.8311     8.3332    254.405    260.417       8644          4  0.000e+00
   58.27156 -136.87002     51.346     10.417     10.320    11.5638    31.0877  1023.6785    23.6316    11.5625     93.157    87.8228     3.2815      8.192     5.8319     8.3343    254.438    260.451       8645          4  0.000e+00
   58.27156 -136.87002     40.649     10.441     10.344    11.5624    31.0891  1023.6800    23.6330    11.5611     93.164    87.8228     3.3108      8.192     5.8324     8.3351    254.461    260.474       8646          4  0.000e+00
   58.27156 -136.87002     38.093     10.474     10.376    11.5617    31.0889  1023.6801    23.6330    11.5605     93.163    87.8228     3.3694      8.192     5.8324     8.3351    254.462    260.476       8647          4  0.000e+00
   58.27156 -136.87002     38.459     10.474     10.376    11.5617    31.0890  1023.6802    23.6330    11.5605     93.220    87.8228     3.3694      8.192     5.8360     8.3402    254.618    260.636       8648          4  0.000e+00
   58.27156 -136.87002     38.947     10.498     10.400    11.5614    31.0894  1023.6806    23.6334    11.5601     93.228    87.8228     3.3694      8.192     5.8365     8.3410    254.642    260.660       8649          4  0.000e+00
   58.27156 -136.87002     39.021     10.474     10.376    11.5614    31.0890  1023.6802    23.6331    11.5601     93.181    87.8787     3.3694      8.192     5.8336     8.3368    254.512    260.527       8650          4  0.000e+00
   58.27156 -136.87002     39.060     10.538     10.440    11.5604    31.0893  1023.6809    23.6335    11.5591     93.235    87.9067     3.3694      8.192     5.8371     8.3417    254.664    260.683       8651          4  0.000e+00
   58.27156 -136.87002     39.060     10.562     10.464    11.5594    31.0896  1023.6814    23.6339    11.5581     93.239    87.9067     3.3694      8.192     5.8374     8.3423    254.680    260.699       8652          4  0.000e+00
   58.27156 -136.87002     39.092     10.595     10.496    11.5586    31.0897  1023.6818    23.6341    11.5573     93.241    87.9067     3.3694      8.192     5.8377     8.3426    254.691    260.711       8653          4  0.000e+00
   58.27156 -136.87002     39.036     10.538     10.440    11.5576    31.0902  1023.6821    23.6347    11.5563     93.242    87.9067     3.3694      8.192     5.8378     8.3428    254.696    260.716       8654          4  0.000e+00
   58.27156 -136.87002     39.116     10.619     10.520    11.5566    31.0915  1023.6837    23.6359    11.5553     93.296    87.9067     3.3694      8.192     5.8413     8.3477    254.847    260.871       8655          4  0.000e+00
   58.27156 -136.87002     39.092     10.595     10.496    11.5571    31.0917  1023.6837    23.6360    11.5558     93.299    87.9067     3.3694      8.192     5.8414     8.3479    254.852    260.876       8656          4  0.000e+00
   58.27156 -136.87002     39.092     10.595     10.496    11.5581    31.0911  1023.6830    23.6353    11.5568     93.247    87.9067     3.3694      8.192     5.8380     8.3431    254.706    260.726       8657          4  0.000e+00
   58.27156 -136.87002     39.148     10.651     10.552    11.5569    31.0920  1023.6841    23.6362    11.5557     93.295    87.8787     3.3694      8.192     5.8412     8.3476    254.844    260.867       8658          4  0.000e+00
   58.27156 -136.87002     39.116     10.619     10.520    11.5553    31.0930  1023.6851    23.6373    11.5540     93.240    87.9067     3.3694      8.192     5.8379     8.3429    254.700    260.720       8659          4  0.000e+00
   58.27158 -136.87000     44.960     10.651     10.552    11.5544    31.0932  1023.6855    23.6376    11.5531     93.292    87.9067     3.3694      8.192     5.8412     8.3477    254.845    260.869       8660          4  0.000e+00
   58.27158 -136.87000     61.663     10.651     10.552    11.5551    31.0933  1023.6855    23.6375    11.5538     93.293    87.8787     3.3694      8.192     5.8412     8.3477    254.845    260.869       8661          4  0.000e+00
   58.27158 -136.87000     67.751     10.683     10.584    11.5571    31.0925  1023.6846    23.6365    11.5558     93.294    87.9067     3.3694      8.192     5.8410     8.3474    254.837    260.861       8662          4  0.000e+00
   58.27158 -136.87000     67.808     10.716     10.616    11.5584    31.0925  1023.6846    23.6364    11.5571     93.239    87.9067     3.3694      8.192     5.8374     8.3423    254.681    260.700       8663          4  0.000e+00
   58.27166 -136.86972     47.006      3.744      3.710    11.0705    30.5043  1023.2819    23.2650    11.0701     90.675    88.0465     1.9628      8.119     5.7579     8.2286    251.301    257.148      10133          5  0.000e+00
   58.27166 -136.86972     46.822      3.559      3.526    11.0678    30.5024  1023.2801    23.2640    11.0674     90.676    88.0465     1.9628      8.119     5.7584     8.2293    251.322    257.168      10134          5  0.000e+00
   58.27166 -136.86972     46.902      3.639      3.606    11.0705    30.5027  1023.2802    23.2638    11.0701     90.678    88.0465     1.9628      8.119     5.7582     8.2290    251.314    257.161      10135          5  0.000e+00
   58.27166 -136.86972     47.006      3.744      3.710    11.0705    30.5073  1023.2843    23.2674    11.0701     90.681    88.0465     1.9628      8.119     5.7582     8.2290    251.313    257.160      10136          5  0.000e+00
   58.27166 -136.86972     46.966      3.704      3.670    11.0725    30.5105  1023.2862    23.2695    11.0720     90.681    88.0465     1.9628      8.119     5.7578     8.2285    251.296    257.144      10137          5  0.000e+00
   58.27166 -136.86972     46.886      3.623      3.590    11.0755    30.5106  1023.2854    23.2691    11.0750     90.679    88.0465     1.9628      8.119     5.7573     8.2278    251.276    257.123      10138          5  0.000e+00
   58.27166 -136.86972     53.389      3.704      3.670    11.0779    30.5100  1023.2849    23.2681    11.0775     90.679    88.0465     1.9628      8.119     5.7570     8.2274    251.263    257.109      10139          5  0.000e+00
   58.27166 -136.86972     61.170      3.744      3.710    11.0799    30.5098  1023.2846    23.2677    11.0795     90.677    88.0465     1.9628      8.119     5.7567     8.2269    251.248    257.094      10140          5  0.000e+00
   58.27166 -136.86972     62.890      3.583      3.550    11.0811    30.5106  1023.2843    23.2681    11.0807     90.673    88.0465     1.9628      8.119     5.7562     8.2262    251.228    257.074      10141          5  0.000e+00
   58.27166 -136.86972     62.838      3.801      3.766    11.0804    30.5122  1023.2866    23.2695    11.0800     90.672    88.0465     1.9628      8.119     5.7562     8.2262    251.227    257.073      10142          5  0.000e+00
