EcoFOCI/data/1_SampleCollection/2022_GOA-OA_CruiseData/CTD_raw_BottleFile_RC0083/RC0083_010.ros
* Sea-Bird SBE 9 Data File:
* FileName = C:\Data\RC0083ctd\RC0083_010.hex
* Software Version Seasave V 7.26.7.107
* Temperature SN = 2060
* Conductivity SN = 1084
* Number of Bytes Per Scan = 31
* Number of Voltage Words = 4
* Number of Scans Averaged by the Deck Unit = 1
* NMEA Latitude = 55 22.64 N
* NMEA Longitude = 135 05.29 W
* NMEA UTC (Time) = Aug 13 2022  01:11:18
* NMEA baud rate = 4800
** Ship: R/V Rachel Carson
** Cruise ID: RC0083 RC0083
** Tech: McHugh/Nomura
** Chief Scientist: Cross Cross
** Station: POW7
** Cast:  010
# nquan = 21
# nvalues = 490                                   
# units = specified
# name 0 = latitude: Latitude [deg]
# name 1 = longitude: Longitude [deg]
# name 2 = sfdSM: Seafloor depth [salt water, m]
# name 3 = prDM: Pressure, Digiquartz [db]
# name 4 = depSM: Depth [salt water, m]
# name 5 = t090C: Temperature [ITS-90, deg C]
# name 6 = sal00: Salinity, Practical [PSU]
# name 7 = density00: Density [density, kg/m^3]
# name 8 = sigma-é00: Density [sigma-theta, kg/m^3]
# name 9 = potemp090C: Potential Temperature [ITS-90, deg C]
# name 10 = sbeox0PS: Oxygen, SBE 43 [% saturation]
# name 11 = CStarTr0: Beam Transmission, WET Labs C-Star [%]
# name 12 = flECO-AFL: Fluorescence, WET Labs ECO-AFL/FL [mg/m^3]
# name 13 = ph: pH
# name 14 = sbeox0ML/L: Oxygen, SBE 43 [ml/l]
# name 15 = sbeox0Mg/L: Oxygen, SBE 43 [mg/l]
# name 16 = sbox0Mm/Kg: Oxygen, SBE 43 [umol/kg]
# name 17 = sbeox0Mm/L: Oxygen, SBE 43 [umol/l]
# name 18 = scan: Scan Count
# name 19 = nbf: Bottles Fired
# name 20 = flag:  0.000e+00
# interval = seconds: 0.0416667
# start_time = Aug 13 2022 01:11:18 [NMEA time, header]
# bad_flag = -9.990e-29
*END*
   55.37960 -135.08962    597.989    504.530    499.357     4.5122    34.0423  1029.3043    26.9744     4.4743     11.777   106.8137    -0.0884      7.617     0.8482     1.2122     36.885     37.880      17989          1  0.000e+00
   55.37960 -135.08962    598.078    504.620    499.446     4.5122    34.0425  1029.3048    26.9745     4.4743     11.773   106.8417    -0.0884      7.617     0.8479     1.2117     36.872     37.866      17990          1  0.000e+00
   55.37960 -135.08962    598.054    504.595    499.421     4.5122    34.0419  1029.3043    26.9741     4.4743     11.768   106.8417    -0.0884      7.617     0.8476     1.2113     36.858     37.852      17991          1  0.000e+00
   55.37960 -135.08962    598.014    504.555    499.381     4.5122    34.0419  1029.3041    26.9741     4.4743     11.764   106.8417    -0.0884      7.617     0.8472     1.2108     36.844     37.838      17992          1  0.000e+00
   55.37960 -135.08962    598.110    504.652    499.478     4.5122    34.0421  1029.3047    26.9743     4.4742     11.769   106.8417    -0.0884      7.617     0.8477     1.2114     36.862     37.856      17993          1  0.000e+00
   55.37960 -135.08962    598.054    504.595    499.421     4.5122    34.0421  1029.3045    26.9743     4.4743     11.775   106.8417    -0.0884      7.617     0.8481     1.2120     36.881     37.876      17994          1  0.000e+00
   55.37960 -135.08962    598.134    504.677    499.502     4.5125    34.0412  1029.3041    26.9735     4.4746     11.782   106.8417    -0.0884      7.617     0.8486     1.2127     36.901     37.897      17995          1  0.000e+00
   55.37960 -135.08962    598.110    504.652    499.478     4.5123    34.0418  1029.3045    26.9740     4.4744     11.789   106.8417    -0.1177      7.617     0.8491     1.2134     36.923     37.919      17996          1  0.000e+00
   55.37960 -135.08962    598.110    504.652    499.478     4.5122    34.0422  1029.3048    26.9743     4.4742     11.786   106.8417    -0.0884      7.617     0.8489     1.2131     36.914     37.910      17997          1  0.000e+00
   55.37960 -135.08962    598.134    504.677    499.502     4.5123    34.0418  1029.3046    26.9740     4.4744     11.783   106.8417    -0.0884      7.617     0.8487     1.2128     36.905     37.901      17998          1  0.000e+00
   55.37960 -135.08962    598.175    504.718    499.542     4.5121    34.0419  1029.3049    26.9741     4.4742     11.780   106.8417    -0.0884      7.617     0.8485     1.2125     36.897     37.892      17999          1  0.000e+00
   55.37960 -135.08962    598.078    504.620    499.446     4.5120    34.0418  1029.3044    26.9741     4.4741     11.777   106.8417    -0.0884      7.617     0.8482     1.2122     36.888     37.883      18000          1  0.000e+00
   55.37960 -135.08962    598.175    504.718    499.542     4.5123    34.0415  1029.3045    26.9737     4.4744     11.785   106.8417    -0.0884      7.617     0.8488     1.2130     36.911     37.906      18001          1  0.000e+00
   55.37960 -135.08962    598.231    504.775    499.598     4.5120    34.0417  1029.3050    26.9739     4.4741     11.793   106.8417    -0.0884      7.617     0.8493     1.2138     36.935     37.932      18002          1  0.000e+00
   55.37960 -135.08962    598.134    504.677    499.502     4.5122    34.0421  1029.3048    26.9742     4.4742     11.729   106.8417    -0.0884      7.617     0.8447     1.2072     36.735     37.726      18003          1  0.000e+00
   55.37960 -135.08962    598.231    504.775    499.598     4.5119    34.0426  1029.3057    26.9747     4.4740     11.790   106.8417    -0.0884      7.617     0.8491     1.2135     36.925     37.921      18004          1  0.000e+00
   55.37960 -135.08962    598.255    504.799    499.623     4.5122    34.0417  1029.3051    26.9740     4.4742     11.860   106.8417    -0.0884      7.617     0.8542     1.2207     37.146     38.148      18005          1  0.000e+00
   55.37960 -135.08962    598.231    504.775    499.598     4.5122    34.0418  1029.3050    26.9740     4.4742     11.807   106.8417    -0.0884      7.617     0.8504     1.2153     36.980     37.977      18006          1  0.000e+00
   55.37960 -135.08962    598.287    504.832    499.655     4.5122    34.0420  1029.3055    26.9742     4.4742     11.806   106.8417    -0.0884      7.617     0.8503     1.2151     36.976     37.973      18007          1  0.000e+00
   55.37960 -135.08962    598.255    504.799    499.623     4.5121    34.0417  1029.3051    26.9740     4.4742     11.805   106.8417    -0.0884      7.617     0.8502     1.2150     36.972     37.970      18008          1  0.000e+00
   55.37960 -135.08962    598.352    504.897    499.719     4.5122    34.0417  1029.3056    26.9740     4.4742     11.803   106.8417    -0.0884      7.617     0.8501     1.2149     36.969     37.966      18009          1  0.000e+00
   55.37960 -135.08962    598.287    504.832    499.655     4.5120    34.0422  1029.3056    26.9743     4.4741     11.802   106.8137    -0.0884      7.617     0.8500     1.2148     36.965     37.962      18010          1  0.000e+00
   55.37960 -135.08962    598.311    504.856    499.679     4.5119    34.0424  1029.3060    26.9746     4.4739     11.863   106.8137    -0.0884      7.617     0.8544     1.2210     37.154     38.156      18011          1  0.000e+00
   55.37960 -135.08962    598.408    504.954    499.776     4.5120    34.0420  1029.3060    26.9742     4.4741     11.819   106.8137    -0.0884      7.617     0.8513     1.2165     37.019     38.017      18012          1  0.000e+00
   55.37960 -135.08962    598.376    504.921    499.743     4.5119    34.0424  1029.3062    26.9745     4.4740     11.818   106.8137    -0.0884      7.617     0.8512     1.2164     37.015     38.013      18013          1  0.000e+00
   55.37960 -135.08962    598.352    504.897    499.719     4.5117    34.0420  1029.3058    26.9742     4.4738     11.817   106.8137    -0.0884      7.617     0.8511     1.2163     37.011     38.010      18014          1  0.000e+00
   55.37960 -135.08962    598.472    505.019    499.840     4.5116    34.0422  1029.3065    26.9744     4.4736     11.816   106.8137    -0.0884      7.617     0.8510     1.2162     37.008     38.006      18015          1  0.000e+00
   55.37960 -135.08962    598.376    504.921    499.743     4.5112    34.0425  1029.3064    26.9747     4.4733     11.815   106.8137    -0.0884      7.617     0.8509     1.2161     37.004     38.002      18016          1  0.000e+00
   55.37960 -135.08962    598.472    505.019    499.840     4.5114    34.0422  1029.3066    26.9744     4.4735     11.813   106.8137    -0.0884      7.617     0.8508     1.2159     37.001     37.999      18017          1  0.000e+00
   55.37960 -135.08962    598.472    505.019    499.840     4.5112    34.0424  1029.3068    26.9746     4.4733     11.812   106.8137    -0.0884      7.617     0.8508     1.2158     36.997     37.995      18018          1  0.000e+00
   55.37960 -135.08962    598.497    505.043    499.864     4.5109    34.0429  1029.3073    26.9750     4.4730     11.760   106.8137    -0.0884      7.617     0.8470     1.2104     36.832     37.826      18019          1  0.000e+00
   55.37960 -135.08962    598.472    505.019    499.840     4.5111    34.0424  1029.3068    26.9746     4.4731     11.811   106.8137    -0.0884      7.617     0.8507     1.2157     36.993     37.991      18020          1  0.000e+00
   55.37960 -135.08962    598.497    505.043    499.864     4.5111    34.0422  1029.3068    26.9745     4.4731     11.811   106.8137    -0.0884      7.617     0.8507     1.2157     36.992     37.990      18021          1  0.000e+00
   55.37960 -135.08962    598.529    505.076    499.896     4.5108    34.0421  1029.3069    26.9744     4.4728     11.810   106.8137    -0.0884      7.617     0.8506     1.2156     36.991     37.989      18022          1  0.000e+00
   55.37960 -135.08962    598.529    505.076    499.896     4.5109    34.0422  1029.3069    26.9745     4.4730     11.820   106.8137    -0.0884      7.617     0.8513     1.2166     37.022     38.020      18023          1  0.000e+00
   55.37960 -135.08962    598.553    505.100    499.920     4.5106    34.0422  1029.3071    26.9745     4.4727     11.820   106.8137    -0.0884      7.617     0.8513     1.2167     37.022     38.021      18024          1  0.000e+00
   55.37960 -135.08962    598.472    505.019    499.840     4.5109    34.0425  1029.3069    26.9747     4.4730     11.882   106.8137    -0.0884      7.617     0.8558     1.2230     37.214     38.218      18025          1  0.000e+00
   55.37960 -135.08962    598.593    505.141    499.961     4.5111    34.0420  1029.3070    26.9743     4.4732     11.830   106.8137    -0.0884      7.617     0.8520     1.2176     37.051     38.051      18026          1  0.000e+00
   55.37960 -135.08962    598.432    504.978    499.800     4.5112    34.0420  1029.3063    26.9743     4.4733     11.829   106.8137    -0.0884      7.617     0.8520     1.2175     37.049     38.048      18027          1  0.000e+00
   55.37960 -135.08962    598.593    505.141    499.961     4.5114    34.0426  1029.3075    26.9747     4.4734     11.829   106.8137    -0.0884      7.617     0.8519     1.2175     37.048     38.048      18028          1  0.000e+00
   55.37960 -135.08962    598.472    505.019    499.840     4.5114    34.0422  1029.3066    26.9744     4.4734     11.828   106.8137    -0.0884      7.617     0.8519     1.2175     37.047     38.046      18029          1  0.000e+00
   55.37960 -135.08962    598.497    505.043    499.864     4.5112    34.0423  1029.3068    26.9745     4.4733     11.766   106.8137    -0.0884      7.617     0.8474     1.2111     36.853     37.847      18030          1  0.000e+00
   55.37962 -135.08962    598.472    505.019    499.840     4.5111    34.0425  1029.3069    26.9747     4.4732     11.756   106.8417    -0.0884      7.617     0.8467     1.2101     36.822     37.815      18031          1  0.000e+00
   55.37962 -135.08962    598.497    505.043    499.864     4.5109    34.0425  1029.3070    26.9747     4.4730     11.809   106.8696    -0.0884      7.617     0.8505     1.2155     36.986     37.984      18032          1  0.000e+00
   55.37962 -135.08962    598.472    505.019    499.840     4.5108    34.0421  1029.3066    26.9745     4.4728     11.871   106.8417    -0.0884      7.617     0.8550     1.2219     37.180     38.183      18033          1  0.000e+00
   55.37962 -135.08962    598.408    504.954    499.776     4.5109    34.0423  1029.3064    26.9745     4.4730     11.819   106.8417    -0.0884      7.617     0.8512     1.2165     37.017     38.016      18034          1  0.000e+00
   55.37962 -135.08962    598.376    504.921    499.743     4.5108    34.0426  1029.3065    26.9748     4.4728     11.819   106.8417    -0.0884      7.617     0.8512     1.2165     37.017     38.016      18035          1  0.000e+00
   55.37962 -135.08962    598.408    504.954    499.776     4.5110    34.0424  1029.3065    26.9746     4.4730     11.819   106.8417    -0.0884      7.617     0.8512     1.2165     37.017     38.016      18036          1  0.000e+00
   55.37962 -135.08962    598.408    504.954    499.776     4.5111    34.0423  1029.3064    26.9745     4.4731     11.819   106.8417    -0.0884      7.617     0.8512     1.2165     37.017     38.016      18037          1  0.000e+00
   55.38024 -135.09024    447.955    352.813    349.323     4.9960    33.9095  1028.4422    26.8142     4.9686     20.994   106.8417    -0.0884      7.669     1.4960     2.1379     65.066     66.811      24536          2  0.000e+00
   55.38024 -135.09024    447.995    352.853    349.363     4.9959    33.9092  1028.4422    26.8140     4.9685     20.997   106.8417    -0.0884      7.669     1.4962     2.1382     65.076     66.821      24537          2  0.000e+00
   55.38024 -135.09024    447.778    352.634    349.146     4.9956    33.9097  1028.4416    26.8145     4.9682     21.000   106.8137    -0.0884      7.669     1.4964     2.1385     65.084     66.829      24538          2  0.000e+00
   55.38024 -135.09024    447.931    352.788    349.298     4.9958    33.9092  1028.4419    26.8141     4.9684     21.003   106.8137    -0.1177      7.669     1.4966     2.1388     65.094     66.840      24539          2  0.000e+00
   55.38024 -135.09024    447.899    352.756    349.266     4.9953    33.9101  1028.4425    26.8148     4.9680     21.006   106.8417    -0.0884      7.669     1.4969     2.1392     65.104     66.849      24540          2  0.000e+00
   55.38024 -135.09024    447.955    352.813    349.323     4.9953    33.9098  1028.4425    26.8146     4.9680     21.009   106.8137    -0.0884      7.669     1.4971     2.1395     65.114     66.860      24541          2  0.000e+00
   55.38024 -135.09024    447.931    352.788    349.299     4.9956    33.9098  1028.4424    26.8146     4.9682     21.012   106.8137    -0.0884      7.669     1.4973     2.1398     65.122     66.869      24542          2  0.000e+00
   55.38024 -135.09024    447.955    352.813    349.323     4.9952    33.9101  1028.4428    26.8148     4.9678     21.015   106.8137    -0.0884      7.664     1.4975     2.1401     65.132     66.879      24543          2  0.000e+00
   55.38024 -135.09024    447.995    352.853    349.363     4.9956    33.9095  1028.4424    26.8143     4.9682     20.959   106.8137    -0.0884      7.669     1.4935     2.1343     64.957     66.698      24544          2  0.000e+00
   55.38024 -135.09024    448.019    352.878    349.387     4.9953    33.9096  1028.4426    26.8144     4.9680     20.953   106.8417    -0.0884      7.669     1.4931     2.1338     64.940     66.681      24545          2  0.000e+00
   55.38024 -135.09024    448.052    352.910    349.419     4.9956    33.9094  1028.4426    26.8142     4.9682     21.008   106.8137    -0.0884      7.669     1.4970     2.1393     65.108     66.854      24546          2  0.000e+00
   55.38024 -135.09024    448.019    352.878    349.387     4.9957    33.9094  1028.4425    26.8142     4.9683     21.011   106.8137    -0.0884      7.669     1.4972     2.1397     65.120     66.866      24547          2  0.000e+00
   55.38024 -135.09024    448.076    352.935    349.443     4.9953    33.9103  1028.4435    26.8149     4.9680     20.955   106.8137    -0.0884      7.669     1.4932     2.1340     64.947     66.688      24548          2  0.000e+00
   55.38024 -135.09024    448.116    352.975    349.483     4.9953    33.9100  1028.4434    26.8147     4.9680     20.951   106.8137    -0.0884      7.669     1.4929     2.1335     64.932     66.673      24549          2  0.000e+00
   55.38024 -135.09024    448.140    353.000    349.508     4.9956    33.9094  1028.4430    26.8142     4.9682     21.006   106.8137    -0.0884      7.669     1.4968     2.1391     65.103     66.849      24550          2  0.000e+00
   55.38024 -135.09024    448.116    352.975    349.483     4.9956    33.9097  1028.4432    26.8145     4.9682     21.010   106.8137    -0.0884      7.669     1.4972     2.1396     65.117     66.863      24551          2  0.000e+00
   55.38024 -135.09024    448.196    353.056    349.564     4.9959    33.9091  1028.4430    26.8139     4.9685     20.955   106.8137    -0.0884      7.669     1.4932     2.1340     64.946     66.688      24552          2  0.000e+00
   55.38024 -135.09024    448.196    353.056    349.564     4.9957    33.9093  1028.4432    26.8142     4.9683     21.011   106.8137    -0.0884      7.669     1.4972     2.1396     65.119     66.865      24553          2  0.000e+00
   55.38024 -135.09024    448.228    353.089    349.596     4.9956    33.9098  1028.4438    26.8145     4.9682     20.947   106.8137    -0.0884      7.669     1.4926     2.1331     64.920     66.661      24554          2  0.000e+00
