EcoFOCI/data/1_SampleCollection/2022_GOA-OA_CruiseData/CTD_raw_BottleFile_RC0083/RC0083_081.cnv
* Sea-Bird SBE 9 Data File:
* FileName = C:\Data\RC0083ctd\RC0083_081.hex
* Software Version Seasave V 7.26.7.107
* Temperature SN = 2060
* Conductivity SN = 2881
* Number of Bytes Per Scan = 31
* Number of Voltage Words = 4
* Number of Scans Averaged by the Deck Unit = 1
* NMEA Latitude = 58 12.37 N
* NMEA Longitude = 134 26.53 W
* NMEA UTC (Time) = Aug 22 2022  01:33:07
* NMEA baud rate = 4800
** Ship: R/V Rachel Carson
** Cruise ID: RC0083
** Tech: McHugh/Nomura
** Chief Scientist: Cross
** Station: SPB
** Cast:  CTD081
# nquan = 19
# nvalues = 9597                                  
# units = specified
# name 0 = latitude: Latitude [deg]
# name 1 = longitude: Longitude [deg]
# name 2 = sfdSM: Seafloor depth [salt water, m]
# name 3 = prDM: Pressure, Digiquartz [db]
# name 4 = depSM: Depth [salt water, m]
# name 5 = t090C: Temperature [ITS-90, deg C]
# name 6 = sal00: Salinity, Practical [PSU]
# name 7 = density00: Density [density, kg/m^3]
# name 8 = sigma-é00: Density [sigma-theta, kg/m^3]
# name 9 = potemp090C: Potential Temperature [ITS-90, deg C]
# name 10 = sbeox0PS: Oxygen, SBE 43 [% saturation]
# name 11 = CStarTr0: Beam Transmission, WET Labs C-Star [%]
# name 12 = flECO-AFL: Fluorescence, WET Labs ECO-AFL/FL [mg/m^3]
# name 13 = ph: pH
# name 14 = sbeox0ML/L: Oxygen, SBE 43 [ml/l]
# name 15 = sbeox0Mg/L: Oxygen, SBE 43 [mg/l]
# name 16 = sbox0Mm/Kg: Oxygen, SBE 43 [umol/kg]
# name 17 = sbeox0Mm/L: Oxygen, SBE 43 [umol/l]
# name 18 = flag:  0.000e+00
# span 0 =   58.20604,   58.20616                 
# span 1 = -134.44218, -134.44174                 
# span 2 =      3.427,    130.603                 
# span 3 =      3.100,     70.488                 
# span 4 =      3.072,     69.821                 
# span 5 =     5.5003,    13.0197                 
# span 6 =    18.6970,    32.3010                 
# span 7 =  1013.8144,  1025.8053                 
# span 8 =    13.7983,    25.4802                 
# span 9 =     5.4950,    13.0193                 
# span 10 =     29.931,    101.574                
# span 11 =    69.5031,    96.1855                
# span 12 =    -0.0005,     4.2779                
# span 13 =      7.591,      8.398                
# span 14 =     2.1302,     6.6880                
# span 15 =     3.0442,     9.5579                
# span 16 =     92.770,    293.918                
# span 17 =     95.133,    298.687                
# span 18 = 0.0000e+00, 0.0000e+00                
# interval = seconds: 0.0416667
# start_time = Aug 22 2022 01:33:07 [NMEA time, header]
# bad_flag = -9.990e-29
*END*
[from data line 1524]
   58.20608 -134.44210     22.192     16.805     16.649    10.2274    28.7783  1022.1392    22.0629    10.2255     87.523    94.4514     1.7870      8.179     5.7230     8.1788    250.073    255.591  0.000e+00
   58.20608 -134.44210     22.192     16.805     16.649    10.2135    28.7881  1022.1491    22.0727    10.2117     87.427    94.4514     1.7870      8.179     5.7182     8.1718    249.858    255.373  0.000e+00
   58.20608 -134.44210     22.216     16.830     16.673    10.1986    28.7987  1022.1599    22.0834    10.1968     87.382    94.4514     1.7870      8.179     5.7167     8.1697    249.791    255.308  0.000e+00
   58.20608 -134.44210     22.248     16.862     16.705    10.1894    28.8044  1022.1659    22.0892    10.1876     87.337    94.4514     1.7577      8.179     5.7147     8.1668    249.702    255.218  0.000e+00
   58.20608 -134.44210     22.248     16.862     16.705    10.1790    28.8115  1022.1731    22.0964    10.1772     87.236    94.4514     1.7870      8.179     5.7091     8.1589    249.457    254.969  0.000e+00
   58.20608 -134.44210     22.368     16.983     16.825    10.1728    28.8166  1022.1786    22.1014    10.1710     87.186    94.4514     1.7577      8.179     5.7065     8.1551    249.340    254.850  0.000e+00
   58.20608 -134.44210     22.368     16.983     16.825    10.1708    28.8192  1022.1810    22.1038    10.1690     87.135    94.4514     1.7870      8.174     5.7033     8.1505    249.200    254.708  0.000e+00
   58.20608 -134.44210     48.986     16.983     16.825    10.1669    28.8244  1022.1857    22.1084    10.1651     87.140    94.4514     1.7577      8.174     5.7039     8.1514    249.225    254.735  0.000e+00
   58.20608 -134.44210     76.807     17.039     16.881    10.1640    28.8292  1022.1901    22.1127    10.1622     87.095    94.4514     1.7870      8.174     5.7011     8.1475    249.105    254.613  0.000e+00
   58.20608 -134.44210     83.018     17.072     16.913    10.1595    28.8356  1022.1959    22.1183    10.1577     87.045    94.4514     1.7577      8.174     5.6982     8.1433    248.973    254.480  0.000e+00
   58.20608 -134.44210     81.845     17.096     16.937    10.1567    28.8395  1022.1995    22.1218    10.1549     86.994    94.4514     1.7870      8.174     5.6950     8.1388    248.836    254.341  0.000e+00
   58.20608 -134.44210     80.786     17.161     17.001    10.1565    28.8404  1022.2005    22.1225    10.1547     86.943    94.4514     1.7577      8.170     5.6917     8.1340    248.690    254.192  0.000e+00
   58.20608 -134.44210     80.517     17.161     17.001    10.1582    28.8396  1022.1996    22.1216    10.1564     86.836    94.4514     1.7870      8.170     5.6845     8.1238    248.377    253.871  0.000e+00
   58.20608 -134.44210     80.622     17.217     17.057    10.1555    28.8469  1022.2060    22.1277    10.1537     86.780    94.4514     1.7577      8.170     5.6809     8.1186    248.217    253.710  0.000e+00
   58.20608 -134.44210     80.671     17.217     17.057    10.1492    28.8599  1022.2172    22.1389    10.1474     86.668    94.4514     1.7577      8.170     5.6739     8.1086    247.908    253.396  0.000e+00
   58.20608 -134.44210     80.727     17.249     17.089    10.1454    28.8692  1022.2251    22.1467    10.1436     86.606    94.5074     1.7577      8.170     5.6700     8.1030    247.735    253.222  0.000e+00
   58.20608 -134.44210     80.815     17.338     17.177    10.1416    28.8782  1022.2332    22.1543    10.1398     86.545    94.6472     1.6991      8.170     5.6661     8.0975    247.565    253.050  0.000e+00
   58.20608 -134.44210     81.352     17.338     17.177    10.1393    28.8894  1022.2423    22.1635    10.1375     86.428    94.7031     1.6112      8.165     5.6584     8.0864    247.224    252.703  0.000e+00
   58.20608 -134.44212     81.701     17.395     17.233    10.1352    28.9037  1022.2543    22.1752    10.1334     86.362    94.7031     1.6112      8.165     5.6540     8.0802    247.031    252.509  0.000e+00
   58.20608 -134.44212     81.726     17.395     17.233    10.1308    28.9160  1022.2646    22.1855    10.1289     86.302    94.7031     1.6112      8.165     5.6502     8.0747    246.861    252.337  0.000e+00
   58.20608 -134.44212     81.765     17.459     17.297    10.1283    28.9252  1022.2725    22.1931    10.1265     86.243    94.6752     1.6112      8.165     5.6463     8.0691    246.688    252.163  0.000e+00
   58.20608 -134.44212     81.765     17.459     17.297    10.1270    28.9328  1022.2786    22.1992    10.1252     86.178    94.6752     1.6112      8.165     5.6419     8.0629    246.496    251.968  0.000e+00
   58.20608 -134.44212     81.853     17.548     17.385    10.1247    28.9399  1022.2849    22.2051    10.1229     86.059    94.7031     1.6112      8.165     5.6342     8.0518    246.156    251.622  0.000e+00
   58.20608 -134.44212     81.821     17.516     17.353    10.1208    28.9458  1022.2900    22.2103    10.1189     85.995    94.7031     1.6112      8.165     5.6303     8.0462    245.984    251.448  0.000e+00
   58.20608 -134.44212     81.941     17.637     17.473    10.1053    28.9574  1022.3020    22.2218    10.1035     85.934    94.7031     1.6112      8.165     5.6278     8.0426    245.873    251.336  0.000e+00
   58.20608 -134.44212     81.877     17.572     17.409    10.0785    28.9757  1022.3203    22.2404    10.0766     85.867    94.6752     1.6112      8.160     5.6260     8.0401    245.791    251.258  0.000e+00
   58.20608 -134.44212     81.941     17.637     17.473    10.0573    28.9892  1022.3345    22.2543    10.0554     85.746    94.6752     1.6112      8.161     5.6202     8.0319    245.535    251.000  0.000e+00
   58.20608 -134.44212     81.997     17.694     17.529    10.0427    28.9992  1022.3448    22.2643    10.0408     85.676    94.7031     1.6112      8.161     5.6171     8.0273    245.395    250.858  0.000e+00
   58.20608 -134.44212     82.061     17.758     17.593    10.0284    29.0087  1022.3548    22.2740    10.0265     85.551    94.6752     1.5819      8.161     5.6103     8.0177    245.097    250.556  0.000e+00
   58.20608 -134.44212     81.997     17.694     17.529    10.0192    29.0137  1022.3598    22.2794    10.0174     85.476    94.7031     1.6112      8.161     5.6063     8.0120    244.922    250.378  0.000e+00
   58.20608 -134.44212     72.430     17.847     17.681    10.0163    29.0142  1022.3613    22.2802    10.0144     85.404    94.6752     1.6112      8.161     5.6019     8.0057    244.730    250.183  0.000e+00
   58.20608 -134.44212     57.861     17.758     17.593    10.0155    29.0135  1022.3606    22.2798    10.0136     85.275    94.6752     1.6112      8.156     5.5936     7.9939    244.367    249.812  0.000e+00
   58.20608 -134.44212     54.042     17.871     17.705    10.0150    29.0131  1022.3608    22.2795    10.0131     85.205    94.6752     1.6112      8.156     5.5891     7.9874    244.171    249.611  0.000e+00
   58.20608 -134.44212     54.432     17.871     17.705    10.0126    29.0143  1022.3622    22.2809    10.0107     85.136    94.7031     1.6112      8.156     5.5848     7.9813    243.983    249.419  0.000e+00
   58.20608 -134.44212     55.082     17.936     17.769    10.0109    29.0149  1022.3632    22.2816    10.0090     85.008    94.6752     1.6112      8.156     5.5766     7.9696    243.624    249.053  0.000e+00
   58.20608 -134.44212     54.569     17.936     17.769    10.0080    29.0163  1022.3648    22.2832    10.0061     84.931    94.6472     1.6112      8.156     5.5719     7.9628    243.416    248.840  0.000e+00
   58.20608 -134.44212     54.162     17.992     17.825    10.0041    29.0184  1022.3672    22.2854    10.0022     84.862    94.4514     1.5526      8.156     5.5677     7.9568    243.234    248.655  0.000e+00
   58.20608 -134.44212     54.071     18.025     17.857    10.0030    29.0179  1022.3672    22.2852    10.0011     84.738    94.3675     1.4647      8.156     5.5598     7.9455    242.888    248.301  0.000e+00
   58.20608 -134.44212     54.128     18.057     17.889    10.0011    29.0178  1022.3676    22.2854     9.9992     84.667    94.3675     1.4354      8.156     5.5554     7.9392    242.694    248.103  0.000e+00
   58.20608 -134.44212     54.152     18.057     17.888     9.9992    29.0204  1022.3698    22.2877     9.9973     84.598    94.3955     1.4354      8.156     5.5509     7.9329    242.500    247.905  0.000e+00
   58.20608 -134.44212     54.208     18.113     17.944     9.9990    29.0213  1022.3709    22.2885     9.9971     84.475    94.3675     1.4354      8.151     5.5429     7.9214    242.149    247.547  0.000e+00
   58.20608 -134.44212     54.264     18.170     18.000     9.9983    29.0219  1022.3717    22.2890     9.9964     84.405    94.3955     1.4354      8.151     5.5384     7.9149    241.951    247.344  0.000e+00
   58.20608 -134.44212     54.264     18.170     18.000    10.0002    29.0202  1022.3700    22.2874     9.9982     84.282    94.3955     1.4354      8.151     5.5301     7.9031    241.590    246.974  0.000e+00
   58.20608 -134.44212     54.328     18.235     18.064    10.0027    29.0174  1022.3678    22.2849    10.0008     84.217    94.3955     1.4354      8.151     5.5256     7.8967    241.394    246.774  0.000e+00
   58.20608 -134.44212     54.328     18.235     18.064    10.0012    29.0190  1022.3693    22.2864     9.9992     84.154    94.3955     1.4354      8.151     5.5216     7.8909    241.219    246.595  0.000e+00
   58.20608 -134.44212     54.416     18.323     18.152     9.9987    29.0212  1022.3718    22.2885     9.9968     84.039    94.3955     1.4354      8.151     5.5143     7.8805    240.900    246.269  0.000e+00
   58.20608 -134.44212     54.384     18.291     18.120     9.9962    29.0232  1022.3736    22.2904     9.9943     83.970    94.3675     1.4354      8.151     5.5100     7.8744    240.712    246.078  0.000e+00
   58.20608 -134.44212     54.440     18.348     18.176     9.9923    29.0263  1022.3769    22.2935     9.9903     83.905    94.3955     1.4354      8.151     5.5061     7.8688    240.541    245.903  0.000e+00
   58.20608 -134.44212     54.440     18.348     18.176     9.9925    29.0258  1022.3765    22.2930     9.9905     83.787    94.3955     1.4354      8.151     5.4984     7.8577    240.202    245.556  0.000e+00
   58.20608 -134.44212     54.560     18.469     18.296     9.9938    29.0243  1022.3756    22.2916     9.9918     83.728    94.3955     1.4354      8.151     5.4944     7.8521    240.030    245.380  0.000e+00
   58.20608 -134.44212     54.536     18.469     18.296     9.9946    29.0236  1022.3750    22.2910     9.9926     83.666    94.3955     1.4354      8.147     5.4902     7.8461    239.848    245.194  0.000e+00
   58.20608 -134.44212     69.994     18.469     18.296     9.9892    29.0279  1022.3791    22.2951     9.9873     83.551    94.3955     1.4354      8.151     5.4832     7.8361    239.540    244.880  0.000e+00
   58.20608 -134.44212    106.907     18.533     18.360     9.9794    29.0362  1022.3875    22.3032     9.9775     83.490    94.3955     1.4354      8.151     5.4801     7.8316    239.402    244.741  0.000e+00
   58.20608 -134.44212    118.392     18.566     18.392     9.9712    29.0429  1022.3942    22.3097     9.9692     83.371    94.3955     1.4354      8.151     5.4730     7.8215    239.092    244.426  0.000e+00
   58.20608 -134.44212    118.416     18.590     18.416     9.9655    29.0476  1022.3989    22.3143     9.9635     83.249    94.3955     1.4354      8.147     5.4656     7.8109    238.765    244.093  0.000e+00
   58.20608 -134.44212    117.611     18.590     18.416     9.9633    29.0498  1022.4009    22.3163     9.9613     83.181    94.3955     1.4354      8.151     5.4613     7.8047    238.576    243.900  0.000e+00
   58.20608 -134.44212    117.203     18.646     18.472     9.9612    29.0518  1022.4030    22.3182     9.9592     83.122    94.7031     1.4354      8.147     5.4576     7.7994    238.415    243.736  0.000e+00
   58.20608 -134.44212    117.291     18.711     18.536     9.9611    29.0518  1022.4034    22.3183     9.9591     83.012    94.9269     1.4061      8.147     5.4503     7.7891    238.099    243.413  0.000e+00
   58.20608 -134.44212    117.364     18.711     18.536     9.9602    29.0524  1022.4040    22.3188     9.9582     82.899    94.9549     1.4061      8.147     5.4430     7.7787    237.779    243.086  0.000e+00
   58.20608 -134.44212    117.420     18.768     18.592     9.9567    29.0551  1022.4069    22.3215     9.9547     82.841    94.9549     1.4061      8.147     5.4395     7.7737    237.626    242.930  0.000e+00
   58.20608 -134.44212    117.445     18.768     18.592     9.9539    29.0570  1022.4088    22.3234     9.9519     82.731    94.9549     1.4061      8.147     5.4326     7.7637    237.322    242.620  0.000e+00
   58.20608 -134.44212    117.516     18.864     18.688     9.9533    29.0567  1022.4092    22.3233     9.9513     82.670    94.9269     1.4061      8.147     5.4287     7.7582    237.152    242.446  0.000e+00
   58.20608 -134.44212    117.501     18.824     18.648     9.9536    29.0560  1022.4083    22.3227     9.9516     82.557    94.9549     1.4061      8.147     5.4213     7.7475    236.827    242.114  0.000e+00
   58.20608 -134.44212    117.565     18.889     18.712     9.9557    29.0540  1022.4067    22.3208     9.9537     82.439    94.9549     1.4061      8.147     5.4133     7.7361    236.479    241.757  0.000e+00
   58.20608 -134.44212    117.621     18.945     18.768     9.9566    29.0535  1022.4065    22.3203     9.9545     82.374    94.9549     1.4061      8.147     5.4089     7.7299    236.290    241.564  0.000e+00
   58.20608 -134.44212    117.596     18.945     18.768     9.9577    29.0523  1022.4054    22.3192     9.9557     82.313    94.9269     1.4061      8.147     5.4048     7.7241    236.111    241.380  0.000e+00
   58.20608 -134.44212    117.685     19.010     18.832     9.9567    29.0525  1022.4059    22.3195     9.9547     82.251    94.9549     1.4061      8.147     5.4009     7.7184    235.939    241.205  0.000e+00
   58.20608 -134.44212    117.660     19.010     18.832     9.9551    29.0535  1022.4070    22.3205     9.9530     82.137    94.9549     1.4061      8.147     5.3936     7.7080    235.619    240.879  0.000e+00
   58.20608 -134.44212    117.741     19.066     18.888     9.9551    29.0537  1022.4075    22.3207     9.9530     82.079    94.9549     1.4061      8.147     5.3897     7.7025    235.450    240.706  0.000e+00
   58.20608 -134.44212    117.716     19.066     18.888     9.9536    29.0546  1022.4084    22.3217     9.9515     82.024    94.9549     1.4061      8.147     5.3863     7.6975    235.298    240.550  0.000e+00
   58.20608 -134.44212    117.837     19.163     18.984     9.9517    29.0563  1022.4104    22.3232     9.9497     81.918    94.9549     1.4061      8.147     5.3795     7.6879    235.003    240.249  0.000e+00
   58.20608 -134.44212    117.836     19.187     19.008     9.9506    29.0571  1022.4113    22.3241     9.9486     81.861    94.9549     1.4061      8.147     5.3759     7.6826    234.843    240.086  0.000e+00
   58.20608 -134.44212    117.836     19.187     19.008     9.9500    29.0571  1022.4114    22.3241     9.9479     81.808    94.9269     1.4061      8.147     5.3725     7.6778    234.695    239.934  0.000e+00
   58.20608 -134.44212    117.861     19.187     19.008     9.9491    29.0574  1022.4118    22.3245     9.9471     81.704    94.9549     1.4061      8.147     5.3657     7.6681    234.400    239.633  0.000e+00
   58.20608 -134.44212    117.948     19.301     19.120     9.9488    29.0568  1022.4119    22.3241     9.9468     81.655    94.9549     1.4061      8.147     5.3626     7.6637    234.263    239.493  0.000e+00
   58.20608 -134.44212    117.948     19.301     19.120     9.9487    29.0574  1022.4124    22.3246     9.9467     81.605    94.9549     1.4061      8.147     5.3592     7.6589    234.117    239.343  0.000e+00
