EcoFOCI/data/1_SampleCollection/2022_GOA-OA_CruiseData/CTD_raw_BottleFile_RC0083/RC0083_046.ros
* Sea-Bird SBE 9 Data File:
* FileName = C:\Data\RC0083ctd\RC0083_046.hex
* Software Version Seasave V 7.26.7.107
* Temperature SN = 2060
* Conductivity SN = 1084
* Number of Bytes Per Scan = 31
* Number of Voltage Words = 4
* Number of Scans Averaged by the Deck Unit = 1
* NMEA Latitude = 58 00.67 N
* NMEA Longitude = 137 43.94 W
* NMEA UTC (Time) = Aug 19 2022  04:29:14
* NMEA baud rate = 4800
** Ship: R/V Rachel Carson
** Cruise ID: RC0083
** Tech: McHugh/Nomura
** Chief Scientist: Cross
** Station: SEM30
** Cast:  CTD046
# nquan = 21
# nvalues = 294                                   
# units = specified
# name 0 = latitude: Latitude [deg]
# name 1 = longitude: Longitude [deg]
# name 2 = sfdSM: Seafloor depth [salt water, m]
# name 3 = prDM: Pressure, Digiquartz [db]
# name 4 = depSM: Depth [salt water, m]
# name 5 = t090C: Temperature [ITS-90, deg C]
# name 6 = sal00: Salinity, Practical [PSU]
# name 7 = density00: Density [density, kg/m^3]
# name 8 = sigma-é00: Density [sigma-theta, kg/m^3]
# name 9 = potemp090C: Potential Temperature [ITS-90, deg C]
# name 10 = sbeox0PS: Oxygen, SBE 43 [% saturation]
# name 11 = CStarTr0: Beam Transmission, WET Labs C-Star [%]
# name 12 = flECO-AFL: Fluorescence, WET Labs ECO-AFL/FL [mg/m^3]
# name 13 = ph: pH
# name 14 = sbeox0ML/L: Oxygen, SBE 43 [ml/l]
# name 15 = sbeox0Mg/L: Oxygen, SBE 43 [mg/l]
# name 16 = sbox0Mm/Kg: Oxygen, SBE 43 [umol/kg]
# name 17 = sbeox0Mm/L: Oxygen, SBE 43 [umol/l]
# name 18 = scan: Scan Count
# name 19 = nbf: Bottles Fired
# name 20 = flag:  0.000e+00
# interval = seconds: 0.0416667
# start_time = Aug 19 2022 04:29:14 [NMEA time, header]
# bad_flag = -9.990e-29
*END*
[from data line 138]
   58.01030 -137.73290    149.474     51.324     50.842     7.9216    32.2446  1025.3570    25.1224     7.9167     75.886   105.4432     0.0288      8.031     5.1081     7.3000    222.537    228.127      13371          3  0.000e+00
   58.01030 -137.73290    149.538     51.388     50.906     7.9215    32.2446  1025.3573    25.1224     7.9166     75.822   105.4432     0.0288      8.031     5.1038     7.2938    222.350    227.936      13372          3  0.000e+00
   58.01030 -137.73290    149.474     51.324     50.842     7.9212    32.2444  1025.3569    25.1223     7.9163     75.810   105.4432     0.0288      8.031     5.1030     7.2927    222.316    227.902      13373          3  0.000e+00
   58.01030 -137.73290    149.474     51.324     50.842     7.9210    32.2446  1025.3570    25.1225     7.9161     75.804   105.4712     0.0288      8.031     5.1026     7.2922    222.299    227.884      13374          3  0.000e+00
   58.01030 -137.73290    149.418     51.267     50.786     7.9208    32.2444  1025.3567    25.1224     7.9159     75.746   105.4992     0.0288      8.031     5.0988     7.2867    222.133    227.714      13375          3  0.000e+00
   58.01030 -137.73290    149.354     51.203     50.722     7.9202    32.2451  1025.3570    25.1230     7.9153     75.743   105.4992     0.0288      8.031     5.0986     7.2865    222.125    227.705      13376          3  0.000e+00
   58.01030 -137.73290    149.362     51.211     50.730     7.9203    32.2448  1025.3569    25.1228     7.9154     75.683   105.4992     0.0288      8.031     5.0946     7.2807    221.948    227.524      13377          3  0.000e+00
   58.01030 -137.73290    149.354     51.203     50.722     7.9202    32.2450  1025.3570    25.1230     7.9153     75.676   105.4992     0.0288      8.031     5.0941     7.2800    221.928    227.503      13378          3  0.000e+00
   58.01030 -137.73290    149.362     51.211     50.730     7.9208    32.2455  1025.3573    25.1232     7.9159     75.674   105.4992     0.0288      8.031     5.0939     7.2797    221.920    227.495      13379          3  0.000e+00
   58.01026 -137.73300     94.356     26.027     25.785    10.6275    32.0527  1024.6638    24.5464    10.6245     95.734   101.9191     1.4647      8.191     6.0773     8.6850    264.909    271.412      15098          4  0.000e+00
   58.01026 -137.73300     93.765     25.850     25.609    10.6282    32.0524  1024.6627    24.5460    10.6252     95.778   101.9191     1.4647      8.191     6.0800     8.6889    265.028    271.533      15099          4  0.000e+00
   58.01026 -137.73300     93.554     25.785     25.544    10.6275    32.0520  1024.6621    24.5458    10.6245     95.721   101.9191     1.4647      8.191     6.0765     8.6840    264.876    271.378      15100          4  0.000e+00
   58.01026 -137.73300     93.618     25.850     25.609    10.6267    32.0514  1024.6621    24.5455    10.6237     95.714   101.9191     1.4647      8.191     6.0762     8.6835    264.862    271.363      15101          4  0.000e+00
   58.01026 -137.73300     93.618     25.850     25.609    10.6263    32.0530  1024.6634    24.5468    10.6233     95.706   101.9191     1.4647      8.191     6.0757     8.6828    264.839    271.340      15102          4  0.000e+00
   58.01026 -137.73300     93.674     25.906     25.665    10.6272    32.0543  1024.6646    24.5477    10.6242     95.705   101.9191     1.4647      8.191     6.0755     8.6824    264.829    271.330      15103          4  0.000e+00
   58.01026 -137.73300     93.554     25.785     25.544    10.6300    32.0547  1024.6638    24.5475    10.6270     95.641   101.9191     1.4647      8.191     6.0710     8.6761    264.636    271.132      15104          4  0.000e+00
   58.01026 -137.73300     93.618     25.850     25.609    10.6328    32.0546  1024.6636    24.5469    10.6298     95.628   101.9191     1.4647      8.191     6.0698     8.6744    264.584    271.079      15105          4  0.000e+00
   58.01026 -137.73300     93.618     25.850     25.609    10.6351    32.0536  1024.6624    24.5457    10.6321     95.669   101.9191     1.4647      8.191     6.0721     8.6777    264.685    271.182      15106          4  0.000e+00
   58.01026 -137.73300     93.618     25.850     25.609    10.6366    32.0535  1024.6620    24.5454    10.6336     95.661   101.9191     1.4647      8.191     6.0715     8.6768    264.656    271.153      15107          4  0.000e+00
   58.01026 -137.73300     93.618     25.850     25.609    10.6369    32.0529  1024.6615    24.5449    10.6339     95.661   101.9191     1.4647      8.187     6.0714     8.6767    264.653    271.149      15108          4  0.000e+00
   58.01026 -137.73300     93.618     25.850     25.609    10.6367    32.0531  1024.6617    24.5451    10.6337     95.660   101.9191     1.4647      8.191     6.0714     8.6766    264.653    271.149      15109          4  0.000e+00
   58.01026 -137.73300     93.618     25.850     25.609    10.6363    32.0538  1024.6623    24.5457    10.6333     95.660   101.9191     1.4647      8.191     6.0714     8.6767    264.654    271.150      15110          4  0.000e+00
   58.01026 -137.73300    109.906     25.850     25.609    10.6365    32.0545  1024.6628    24.5462    10.6335     95.660   101.9191     1.4647      8.191     6.0714     8.6766    264.651    271.147      15111          4  0.000e+00
   58.01026 -137.73300    123.069     25.850     25.609    10.6374    32.0547  1024.6629    24.5462    10.6344     95.660   101.9471     1.4647      8.191     6.0712     8.6764    264.646    271.142      15112          4  0.000e+00
   58.01026 -137.73300    125.447     25.785     25.544    10.6381    32.0557  1024.6632    24.5469    10.6351     95.660   101.9471     1.4647      8.191     6.0711     8.6762    264.639    271.135      15113          4  0.000e+00
   58.01026 -137.73300    124.803     25.850     25.609    10.6392    32.0561  1024.6636    24.5470    10.6362     95.607   101.9471     1.4647      8.191     6.0676     8.6712    264.486    270.978      15114          4  0.000e+00
   58.01026 -137.73300    124.321     25.906     25.665    10.6401    32.0563  1024.6639    24.5470    10.6371     95.603   101.9471     1.4647      8.191     6.0672     8.6706    264.469    270.961      15115          4  0.000e+00
   58.01026 -137.73302    124.192     25.850     25.609    10.6410    32.0562  1024.6634    24.5467    10.6380     95.598   101.9471     1.4647      8.191     6.0667     8.6700    264.449    270.941      15116          4  0.000e+00
   58.01026 -137.73302    124.217     25.850     25.609    10.6416    32.0566  1024.6636    24.5470    10.6386     95.594   101.9471     1.4647      8.191     6.0664     8.6695    264.435    270.926      15117          4  0.000e+00
   58.01026 -137.73302    124.241     25.850     25.609    10.6422    32.0566  1024.6635    24.5469    10.6392     95.590   101.9471     1.4647      8.191     6.0661     8.6691    264.422    270.913      15118          4  0.000e+00
   58.01026 -137.73302    124.297     25.906     25.665    10.6422    32.0570  1024.6641    24.5472    10.6392     95.588   101.9471     1.4940      8.191     6.0660     8.6689    264.415    270.906      15119          4  0.000e+00
   58.01026 -137.73302    124.241     25.850     25.609    10.6425    32.0571  1024.6638    24.5472    10.6395     95.585   101.9471     1.4940      8.191     6.0657     8.6685    264.405    270.895      15120          4  0.000e+00
   58.01026 -137.73302    124.241     25.850     25.609    10.6425    32.0574  1024.6640    24.5474    10.6395     95.583   101.9471     1.4940      8.191     6.0656     8.6683    264.399    270.890      15121          4  0.000e+00
   58.01026 -137.73302    124.297     25.906     25.665    10.6428    32.0569  1024.6639    24.5470    10.6399     95.637   101.9471     1.4940      8.191     6.0690     8.6732    264.546    271.040      15122          4  0.000e+00
   58.01026 -137.73302    124.297     25.906     25.665    10.6425    32.0574  1024.6643    24.5474    10.6395     95.588   101.9471     1.4940      8.191     6.0659     8.6688    264.412    270.902      15123          4  0.000e+00
   58.01026 -137.73302    124.297     25.906     25.665    10.6425    32.0568  1024.6639    24.5470    10.6395     95.587   101.9471     1.4940      8.191     6.0659     8.6687    264.411    270.902      15124          4  0.000e+00
   58.01026 -137.73302    124.217     25.850     25.609    10.6424    32.0569  1024.6637    24.5471    10.6394     95.587   101.9471     1.4940      8.191     6.0658     8.6687    264.410    270.901      15125          4  0.000e+00
   58.01026 -137.73302    124.297     25.906     25.665    10.6422    32.0570  1024.6640    24.5472    10.6392     95.588   101.9471     1.4940      8.191     6.0659     8.6688    264.415    270.905      15126          4  0.000e+00
   58.01026 -137.73302    124.361     25.971     25.729    10.6420    32.0574  1024.6647    24.5475    10.6390     95.590   101.9471     1.4940      8.191     6.0661     8.6690    264.420    270.910      15127          4  0.000e+00
   58.01026 -137.73302    124.297     25.906     25.665    10.6418    32.0575  1024.6645    24.5477    10.6388     95.590   101.9471     1.4940      8.191     6.0661     8.6691    264.423    270.914      15128          4  0.000e+00
   58.01026 -137.73302    124.297     25.906     25.665    10.6418    32.0584  1024.6652    24.5483    10.6388     95.592   101.9471     1.4940      8.191     6.0662     8.6693    264.427    270.918      15129          4  0.000e+00
   58.01026 -137.73302    124.361     25.971     25.729    10.6417    32.0584  1024.6656    24.5484    10.6387     95.596   101.9471     1.4940      8.191     6.0665     8.6696    264.437    270.928      15130          4  0.000e+00
   58.01026 -137.73302    124.321     25.930     25.689    10.6416    32.0589  1024.6658    24.5488    10.6386     95.598   101.9471     1.4940      8.191     6.0666     8.6698    264.444    270.935      15131          4  0.000e+00
   58.01026 -137.73302    124.361     25.971     25.729    10.6412    32.0594  1024.6664    24.5492    10.6382     95.603   101.9471     1.4940      8.191     6.0669     8.6702    264.456    270.948      15132          4  0.000e+00
   58.01026 -137.73302    124.361     25.971     25.729    10.6410    32.0598  1024.6667    24.5496    10.6380     95.600   101.9191     1.4940      8.191     6.0668     8.6700    264.451    270.943      15133          4  0.000e+00
   58.01026 -137.73302    124.361     25.971     25.729    10.6407    32.0599  1024.6669    24.5497    10.6377     95.598   101.9471     1.4940      8.191     6.0667     8.6699    264.446    270.938      15134          4  0.000e+00
   58.01026 -137.73302    124.361     25.971     25.729    10.6400    32.0607  1024.6676    24.5504    10.6370     95.603   101.9471     1.4940      8.191     6.0670     8.6704    264.462    270.954      15135          4  0.000e+00
   58.01026 -137.73302    124.417     26.027     25.785    10.6406    32.0602  1024.6674    24.5500    10.6376     95.609   101.9471     1.4940      8.191     6.0674     8.6709    264.475    270.968      15136          4  0.000e+00
   58.01026 -137.73302    124.361     25.971     25.729    10.6402    32.0609  1024.6677    24.5506    10.6372     95.614   101.9471     1.4940      8.191     6.0677     8.6713    264.490    270.983      15137          4  0.000e+00
   58.01026 -137.73302    124.417     26.027     25.785    10.6406    32.0605  1024.6676    24.5502    10.6376     95.614   101.9191     1.4354      8.191     6.0677     8.6713    264.490    270.983      15138          4  0.000e+00
   58.01026 -137.73302    124.361     25.971     25.729    10.6409    32.0602  1024.6671    24.5499    10.6379     95.613   101.9471     1.3768      8.191     6.0676     8.6712    264.487    270.980      15139          4  0.000e+00
   58.01028 -137.73302    124.473     26.084     25.841    10.6404    32.0607  1024.6680    24.5504    10.6373     95.622   101.9471     1.3475      8.191     6.0682     8.6720    264.511    271.005      15140          4  0.000e+00
   58.01028 -137.73302    124.417     26.027     25.785    10.6392    32.0612  1024.6684    24.5510    10.6362     95.622   101.9471     1.3475      8.191     6.0683     8.6722    264.517    271.011      15141          4  0.000e+00
   58.01028 -137.73302    124.417     26.027     25.785    10.6387    32.0617  1024.6689    24.5515    10.6357     95.623   101.9191     1.3475      8.191     6.0684     8.6724    264.522    271.016      15142          4  0.000e+00
   58.01028 -137.73302    124.417     26.027     25.785    10.6377    32.0622  1024.6695    24.5520    10.6347     95.624   101.9471     1.3475      8.191     6.0686     8.6727    264.530    271.025      15143          4  0.000e+00
   58.01028 -137.73302    124.473     26.084     25.841    10.6371    32.0623  1024.6699    24.5522    10.6340     95.627   101.9191     1.3475      8.191     6.0689     8.6730    264.541    271.036      15144          4  0.000e+00
   58.01028 -137.73302    124.473     26.084     25.841    10.6361    32.0625  1024.6702    24.5525    10.6331     95.628   101.9471     1.3475      8.191     6.0691     8.6734    264.551    271.046      15145          4  0.000e+00
   58.01028 -137.73302    124.473     26.084     25.841    10.6359    32.0626  1024.6703    24.5526    10.6329     95.576   101.9471     1.3475      8.191     6.0658     8.6687    264.408    270.900      15146          4  0.000e+00
   58.01022 -137.73316     73.014     10.918     10.816    14.3593    31.6269  1023.5567    23.5082    14.3578    100.857    97.6958     1.9042      8.302     5.9377     8.4856    259.089    265.180      16439          5  0.000e+00
   58.01022 -137.73316     73.391     11.249     11.144    14.3595    31.6272  1023.5583    23.5084    14.3579    100.853    97.6958     1.9042      8.302     5.9375     8.4853    259.078    265.168      16440          5  0.000e+00
   58.01022 -137.73316     73.127     11.007     10.904    14.3605    31.6271  1023.5570    23.5081    14.3589    100.842    97.6958     1.9042      8.302     5.9367     8.4842    259.045    265.135      16441          5  0.000e+00
   58.01022 -137.73316     73.166     11.071     10.968    14.3612    31.6275  1023.5574    23.5083    14.3596    100.835    97.6958     1.9042      8.302     5.9362     8.4835    259.024    265.113      16442          5  0.000e+00
   58.01022 -137.73316     73.134     11.039     10.936    14.3588    31.6274  1023.5577    23.5087    14.3573    100.833    97.6958     1.9042      8.302     5.9364     8.4837    259.030    265.120      16443          5  0.000e+00
   58.01022 -137.73316     73.278     11.184     11.080    14.3536    31.6295  1023.5611    23.5114    14.3520    100.828    97.6958     1.9042      8.302     5.9367     8.4841    259.041    265.131      16444          5  0.000e+00
   58.01022 -137.73316     73.222     11.128     11.024    14.3565    31.6287  1023.5596    23.5102    14.3549    100.821    97.6958     1.9042      8.302     5.9359     8.4830    259.008    265.098      16445          5  0.000e+00
   58.01022 -137.73316     73.190     11.095     10.992    14.3607    31.6286  1023.5585    23.5093    14.3591    100.814    97.7518     1.9042      8.302     5.9350     8.4817    258.969    265.057      16446          5  0.000e+00
   58.01022 -137.73316     73.222     11.128     11.024    14.3649    31.6281  1023.5574    23.5080    14.3633    100.813    97.7518     1.9042      8.302     5.9345     8.4810    258.946    265.034      16447          5  0.000e+00
   58.01022 -137.73316     73.278     11.184     11.080    14.3681    31.6271  1023.5562    23.5065    14.3665    100.808    97.7518     1.9042      8.302     5.9338     8.4800    258.918    265.004      16448          5  0.000e+00
