EcoFOCI/data/1_SampleCollection/2022_GOA-OA_CruiseData/CTD_raw_BottleFile_RC0083/RC0083_001.ros
* Sea-Bird SBE 9 Data File:
* FileName = C:\Data\RC0083ctd\RC0083_001.hex
* Software Version Seasave V 7.26.7.107
* Temperature SN = 2060
* Conductivity SN = 1084
* Number of Bytes Per Scan = 31
* Number of Voltage Words = 4
* Number of Scans Averaged by the Deck Unit = 1
* NMEA Latitude = 54 41.00 N
* NMEA Longitude = 132 51.47 W
* NMEA UTC (Time) = Aug 12 2022  03:46:21
* NMEA baud rate = 4800
** Ship: R/V Rachel Carson
** Cruise ID: RC0080 RC0083
** Tech: McHugh
** Chief Scientist: Newton Cross
** Station: DE1
** Cast:  001
# nquan = 21
# nvalues = 245                                   
# units = specified
# name 0 = latitude: Latitude [deg]
# name 1 = longitude: Longitude [deg]
# name 2 = sfdSM: Seafloor depth [salt water, m]
# name 3 = prDM: Pressure, Digiquartz [db]
# name 4 = depSM: Depth [salt water, m]
# name 5 = t090C: Temperature [ITS-90, deg C]
# name 6 = sal00: Salinity, Practical [PSU]
# name 7 = density00: Density [density, kg/m^3]
# name 8 = sigma-é00: Density [sigma-theta, kg/m^3]
# name 9 = potemp090C: Potential Temperature [ITS-90, deg C]
# name 10 = sbeox0PS: Oxygen, SBE 43 [% saturation]
# name 11 = CStarTr0: Beam Transmission, WET Labs C-Star [%]
# name 12 = flECO-AFL: Fluorescence, WET Labs ECO-AFL/FL [mg/m^3]
# name 13 = ph: pH
# name 14 = sbeox0ML/L: Oxygen, SBE 43 [ml/l]
# name 15 = sbeox0Mg/L: Oxygen, SBE 43 [mg/l]
# name 16 = sbox0Mm/Kg: Oxygen, SBE 43 [umol/kg]
# name 17 = sbeox0Mm/L: Oxygen, SBE 43 [umol/l]
# name 18 = scan: Scan Count
# name 19 = nbf: Bottles Fired
# name 20 = flag:  0.000e+00
# interval = seconds: 0.0416667
# start_time = Aug 12 2022 03:46:21 [NMEA time, header]
# bad_flag = -9.990e-29
*END*
[from data line 207]
   54.68524 -132.85326    103.515      3.547      3.515    14.0682    28.7973  1021.4018    21.3860    14.0678    104.314    74.9570     3.2815      8.247     6.2870     8.9847    274.897    280.776      21058          5  0.000e+00
   54.68524 -132.85326    103.475      3.507      3.475    14.0698    28.7971  1021.4012    21.3855    14.0693    104.320    74.9570     3.2815      8.247     6.2871     8.9849    274.903    280.782      21059          5  0.000e+00
   54.68524 -132.85326    102.263      3.491      3.459    14.0684    28.7979  1021.4019    21.3863    14.0679    104.326    74.9570     3.2815      8.247     6.2876     8.9856    274.926    280.805      21060          5  0.000e+00
   54.68524 -132.85326    101.815      3.507      3.476    14.0652    28.7990  1021.4035    21.3878    14.0647    104.333    74.9570     3.2815      8.247     6.2884     8.9868    274.960    280.840      21061          5  0.000e+00
   54.68524 -132.85326    101.735      3.426      3.395    14.0645    28.7991  1021.4033    21.3880    14.0641    104.339    74.9570     3.2815      8.247     6.2888     8.9874    274.978    280.859      21062          5  0.000e+00
   54.68524 -132.85326    101.832      3.451      3.419    14.0628    28.7995  1021.4041    21.3887    14.0623    104.346    74.9570     3.2815      8.247     6.2895     8.9883    275.006    280.888      21063          5  0.000e+00
   54.68524 -132.85326    101.808      3.426      3.396    14.0610    28.7998  1021.4046    21.3893    14.0605    104.353    74.9570     3.2815      8.247     6.2901     8.9892    275.034    280.917      21064          5  0.000e+00
   54.68524 -132.85326    101.681      3.273      3.243    14.0581    28.7998  1021.4045    21.3899    14.0577    104.358    74.9570     3.2815      8.247     6.2908     8.9902    275.064    280.948      21065          5  0.000e+00
   54.68524 -132.85326    101.872      3.491      3.460    14.0495    28.8017  1021.4086    21.3930    14.0490    104.316    74.9570     3.3108      8.247     6.2893     8.9881    274.998    280.881      21066          5  0.000e+00
   54.68524 -132.85326    101.752      3.370      3.340    14.0347    28.8069  1021.4151    21.4000    14.0343    104.371    74.9570     3.3108      8.247     6.2943     8.9952    275.215    281.105      21067          5  0.000e+00
   54.68524 -132.85326    101.712      3.329      3.300    14.0228    28.8118  1021.4210    21.4061    14.0224    104.379    74.9570     3.3108      8.248     6.2962     8.9979    275.294    281.187      21068          5  0.000e+00
   54.68524 -132.85326    101.696      3.313      3.284    14.0232    28.8124  1021.4213    21.4065    14.0227    104.388    74.9570     3.3108      8.248     6.2966     8.9985    275.313    281.207      21069          5  0.000e+00
   54.68524 -132.85326    101.776      3.394      3.364    14.0288    28.8107  1021.4193    21.4041    14.0284    104.397    74.9570     3.3108      8.248     6.2965     8.9983    275.309    281.202      21070          5  0.000e+00
   54.68524 -132.85326    101.696      3.313      3.284    14.0353    28.8075  1021.4151    21.4003    14.0349    104.399    74.9570     3.3108      8.247     6.2959     8.9975    275.285    281.176      21071          5  0.000e+00
   54.68524 -132.85326    101.656      3.273      3.244    14.0372    28.8070  1021.4142    21.3996    14.0367    104.402    74.9570     3.3108      8.247     6.2959     8.9974    275.283    281.174      21072          5  0.000e+00
   54.68524 -132.85326    101.696      3.313      3.284    14.0377    28.8075  1021.4146    21.3998    14.0373    104.459    74.9850     3.3108      8.247     6.2992     9.0022    275.429    281.323      21073          5  0.000e+00
   54.68524 -132.85326    101.696      3.313      3.284    14.0400    28.8081  1021.4146    21.3998    14.0396    104.467    74.9850     3.3108      8.247     6.2994     9.0025    275.437    281.331      21074          5  0.000e+00
   54.68524 -132.85326    101.730      3.273      3.244    14.0459    28.8051  1021.4110    21.3964    14.0455    104.422    74.9850     3.3108      8.247     6.2960     8.9976    275.290    281.180      21075          5  0.000e+00
   54.68524 -132.85326    101.892      3.313      3.284    14.0501    28.8024  1021.4082    21.3934    14.0497    104.473    74.9850     3.3108      8.247     6.2986     9.0014    275.406    281.298      21076          5  0.000e+00
   54.68524 -132.85326    101.932      3.330      3.300    14.0527    28.8007  1021.4065    21.3916    14.0522    104.475    74.9850     3.3108      8.247     6.2985     9.0012    275.401    281.292      21077          5  0.000e+00
   54.68524 -132.85326    101.916      3.313      3.284    14.0535    28.8000  1021.4057    21.3909    14.0530    104.477    74.9850     3.3108      8.247     6.2986     9.0013    275.403    281.294      21078          5  0.000e+00
   54.68524 -132.85326    101.852      3.273      3.244    14.0528    28.8002  1021.4059    21.3913    14.0524    104.478    74.9850     3.3108      8.247     6.2987     9.0015    275.408    281.300      21079          5  0.000e+00
   54.68524 -132.85326    101.948      3.370      3.340    14.0518    28.8007  1021.4069    21.3918    14.0513    104.480    74.9850     3.3108      8.247     6.2990     9.0018    275.420    281.311      21080          5  0.000e+00
   54.68524 -132.85326    101.916      3.313      3.284    14.0524    28.8004  1021.4063    21.3915    14.0519    104.480    74.9850     3.3108      8.247     6.2989     9.0017    275.417    281.308      21081          5  0.000e+00
   54.68524 -132.85324    101.932      3.330      3.300    14.0528    28.8011  1021.4068    21.3919    14.0524    104.481    74.9850     3.3108      8.247     6.2988     9.0017    275.414    281.306      21082          5  0.000e+00
   54.68524 -132.85324    101.916      3.313      3.284    14.0537    28.8010  1021.4065    21.3917    14.0532    104.533    74.9850     3.3108      8.247     6.3019     9.0060    275.548    281.442      21083          5  0.000e+00
   54.68524 -132.85324    101.972      3.394      3.364    14.0544    28.8005  1021.4063    21.3911    14.0539    104.538    74.9850     3.3108      8.247     6.3021     9.0064    275.559    281.453      21084          5  0.000e+00
   54.68524 -132.85324    101.972      3.370      3.340    14.0545    28.8008  1021.4064    21.3913    14.0540    104.542    74.9850     3.3108      8.247     6.3023     9.0066    275.567    281.461      21085          5  0.000e+00
   54.68524 -132.85324    101.996      3.394      3.364    14.0546    28.8009  1021.4065    21.3914    14.0541    104.545    74.9850     3.3401      8.247     6.3025     9.0069    275.575    281.470      21086          5  0.000e+00
   54.68524 -132.85324    101.972      3.370      3.340    14.0546    28.8014  1021.4069    21.3918    14.0541    104.547    74.9850     3.3401      8.247     6.3026     9.0071    275.579    281.474      21087          5  0.000e+00
   54.68524 -132.85324    102.028      3.427      3.396    14.0546    28.8013  1021.4070    21.3917    14.0542    104.550    74.9850     3.3401      8.247     6.3028     9.0073    275.586    281.481      21088          5  0.000e+00
   54.68524 -132.85324    101.932      3.330      3.300    14.0552    28.8007  1021.4060    21.3912    14.0547    104.550    74.9850     3.3401      8.247     6.3027     9.0072    275.583    281.478      21089          5  0.000e+00
   54.68524 -132.85324    102.148      3.548      3.516    14.0567    28.8002  1021.4063    21.3905    14.0562    104.553    74.9850     3.3401      8.247     6.3027     9.0072    275.584    281.479      21090          5  0.000e+00
   54.68524 -132.85324    102.052      3.451      3.420    14.0569    28.8003  1021.4059    21.3905    14.0565    104.557    74.9850     3.3401      8.247     6.3029     9.0075    275.593    281.488      21091          5  0.000e+00
   54.68524 -132.85324    102.092      3.491      3.460    14.0564    28.8008  1021.4066    21.3910    14.0559    104.562    74.9570     3.3401      8.247     6.3033     9.0080    275.609    281.504      21092          5  0.000e+00
   54.68524 -132.85324    102.108      3.507      3.476    14.0565    28.8005  1021.4064    21.3907    14.0560    104.619    74.9291     3.3401      8.247     6.3067     9.0130    275.761    281.659      21093          5  0.000e+00
   54.68524 -132.85324    102.148      3.548      3.516    14.0552    28.8004  1021.4067    21.3909    14.0547    104.629    74.9011     3.3401      8.247     6.3075     9.0140    275.793    281.693      21094          5  0.000e+00
   54.68524 -132.85324    102.124      3.548      3.516    14.0521    28.8022  1021.4087    21.3929    14.0516    104.637    74.9011     3.3401      8.247     6.3083     9.0152    275.829    281.730      21095          5  0.000e+00
