EcoFOCI/data/1_SampleCollection/2022_GOA-OA_CruiseData/CTD_raw_BottleFile_RC0083/RC0083_029.ros
* Sea-Bird SBE 9 Data File:
* FileName = C:\Data\RC0083ctd\RC0083_029.hex
* Software Version Seasave V 7.26.7.107
* Temperature SN = 2060
* Conductivity SN = 1084
* Number of Bytes Per Scan = 31
* Number of Voltage Words = 4
* Number of Scans Averaged by the Deck Unit = 1
* NMEA Latitude = 58 37.53 N
* NMEA Longitude = 134 57.12 W
* NMEA UTC (Time) = Aug 18 2022  01:04:29
* NMEA baud rate = 4800
** Ship: R/V Rachel Carson
** Cruise ID: RC0083
** Tech: McHugh/Nomura
** Chief Scientist: Cross
** Station: JH1
** Cast:  CTD029
# nquan = 21
# nvalues = 196                                   
# units = specified
# name 0 = latitude: Latitude [deg]
# name 1 = longitude: Longitude [deg]
# name 2 = sfdSM: Seafloor depth [salt water, m]
# name 3 = prDM: Pressure, Digiquartz [db]
# name 4 = depSM: Depth [salt water, m]
# name 5 = t090C: Temperature [ITS-90, deg C]
# name 6 = sal00: Salinity, Practical [PSU]
# name 7 = density00: Density [density, kg/m^3]
# name 8 = sigma-é00: Density [sigma-theta, kg/m^3]
# name 9 = potemp090C: Potential Temperature [ITS-90, deg C]
# name 10 = sbeox0PS: Oxygen, SBE 43 [% saturation]
# name 11 = CStarTr0: Beam Transmission, WET Labs C-Star [%]
# name 12 = flECO-AFL: Fluorescence, WET Labs ECO-AFL/FL [mg/m^3]
# name 13 = ph: pH
# name 14 = sbeox0ML/L: Oxygen, SBE 43 [ml/l]
# name 15 = sbeox0Mg/L: Oxygen, SBE 43 [mg/l]
# name 16 = sbox0Mm/Kg: Oxygen, SBE 43 [umol/kg]
# name 17 = sbeox0Mm/L: Oxygen, SBE 43 [umol/l]
# name 18 = scan: Scan Count
# name 19 = nbf: Bottles Fired
# name 20 = flag:  0.000e+00
# interval = seconds: 0.0416667
# start_time = Aug 18 2022 01:04:29 [NMEA time, header]
# bad_flag = -9.990e-29
*END*
[from data line 138]
   58.62594 -134.95194     38.788      9.943      9.850    11.6486    22.5686  1017.0593    17.0140    11.6475    101.833    95.8219     0.7614      8.286     6.7152     9.5967    294.884    299.901       8450          3  0.000e+00
   58.62594 -134.95194     39.528     10.000      9.906    11.6499    22.5846  1017.0718    17.0262    11.6488    101.838    95.8219     0.7907      8.286     6.7147     9.5959    294.857    299.877       8451          3  0.000e+00
   58.62594 -134.95194     39.813      9.967      9.874    11.6457    22.6190  1017.0989    17.0535    11.6446    101.897    95.8219     0.7614      8.286     6.7177     9.6003    294.983    300.013       8452          3  0.000e+00
   58.62594 -134.95194     39.813      9.943      9.850    11.6319    22.6613  1017.1338    17.0884    11.6309    101.910    95.8219     0.7907      8.286     6.7188     9.6019    295.021    300.062       8453          3  0.000e+00
   58.62594 -134.95194     39.821     10.000      9.906    11.6225    22.6860  1017.1547    17.1091    11.6214    101.925    95.8219     0.7614      8.286     6.7201     9.6037    295.073    300.121       8454          3  0.000e+00
   58.62594 -134.95194     39.733      9.911      9.818    11.6199    22.6920  1017.1593    17.1141    11.6189    101.879    95.8219     0.7907      8.286     6.7172     9.5996    294.943    299.990       8455          3  0.000e+00
   58.62594 -134.95194     39.821     10.000      9.906    11.6203    22.6800  1017.1504    17.1048    11.6192    101.943    95.8219     0.7907      8.286     6.7219     9.6063    295.152    300.200       8456          3  0.000e+00
   58.62594 -134.95194     39.765      9.943      9.850    11.6233    22.6562  1017.1313    17.0859    11.6222    101.952    95.8219     0.7907      8.286     6.7231     9.6079    295.209    300.253       8457          3  0.000e+00
   58.62594 -134.95194     39.789      9.967      9.874    11.6276    22.6432  1017.1206    17.0752    11.6265    101.910    95.8219     0.7614      8.286     6.7202     9.6038    295.085    300.124       8458          3  0.000e+00
   58.62600 -134.95204     75.638      3.263      3.233    12.8481    14.7207  1010.7788    10.7638    12.8478    105.024    73.3069     2.3731      8.403     7.0886    10.1303    313.205    316.576       9500          4  0.000e+00
   58.62600 -134.95204     75.638      3.287      3.257    12.8483    14.7215  1010.7795    10.7644    12.8480    105.025    73.3628     2.3731      8.403     7.0886    10.1303    313.206    316.577       9501          4  0.000e+00
   58.62600 -134.95204     75.814      3.441      3.409    12.8482    14.7211  1010.7799    10.7641    12.8478    105.028    73.3628     2.3731      8.398     7.0889    10.1307    313.217    316.588       9502          4  0.000e+00
   58.62600 -134.95204     75.598      3.223      3.193    12.8481    14.7196  1010.7777    10.7630    12.8478    105.027    73.3628     2.3438      8.403     7.0888    10.1307    313.216    316.587       9503          4  0.000e+00
   58.62600 -134.95204     56.671      3.320      3.289    12.8482    14.7190  1010.7777    10.7624    12.8478    105.030    73.3348     2.3731      8.403     7.0890    10.1310    313.226    316.597       9504          4  0.000e+00
   58.62600 -134.95204     40.841      3.166      3.137    12.8483    14.7191  1010.7770    10.7625    12.8480    105.029    73.3628     2.3731      8.398     7.0890    10.1309    313.224    316.595       9505          4  0.000e+00
   58.62600 -134.95204     38.134      3.441      3.409    12.8486    14.7179  1010.7773    10.7615    12.8482    105.035    73.3348     2.3731      8.403     7.0894    10.1315    313.242    316.613       9506          4  0.000e+00
   58.62600 -134.95204     38.813      3.263      3.233    12.8479    14.7156  1010.7749    10.7599    12.8475    105.035    73.3348     2.3731      8.403     7.0896    10.1318    313.252    316.622       9507          4  0.000e+00
   58.62600 -134.95204     39.472      3.287      3.257    12.8476    14.7146  1010.7743    10.7592    12.8472    105.038    73.3348     2.3438      8.403     7.0899    10.1322    313.264    316.635       9508          4  0.000e+00
   58.62600 -134.95204     39.601      3.320      3.289    12.8477    14.7160  1010.7755    10.7602    12.8473    105.094    73.3628     2.3731      8.403     7.0936    10.1375    313.429    316.802       9509          4  0.000e+00
   58.62600 -134.95204     39.520      3.287      3.257    12.8479    14.7192  1010.7777    10.7626    12.8475    105.102    73.3628     2.3731      8.403     7.0940    10.1380    313.444    316.818       9510          4  0.000e+00
   58.62600 -134.95204     39.496      3.263      3.233    12.8483    14.7209  1010.7788    10.7639    12.8479    105.110    73.3628     2.3438      8.403     7.0944    10.1386    313.461    316.835       9511          4  0.000e+00
   58.62600 -134.95204     39.520      3.287      3.257    12.8485    14.7217  1010.7795    10.7645    12.8482    105.119    73.3348     2.3731      8.403     7.0949    10.1393    313.483    316.858       9512          4  0.000e+00
   58.62600 -134.95204     39.496      3.263      3.233    12.8483    14.7212  1010.7791    10.7641    12.8480    105.127    73.3348     2.3731      8.403     7.0955    10.1402    313.510    316.884       9513          4  0.000e+00
   58.62600 -134.95204     39.496      3.263      3.233    12.8483    14.7205  1010.7786    10.7636    12.8479    105.135    73.3348     2.3731      8.403     7.0961    10.1410    313.536    316.911       9514          4  0.000e+00
   58.62600 -134.95204     39.496      3.287      3.257    12.8482    14.7195  1010.7779    10.7628    12.8478    105.144    73.3348     2.3731      8.403     7.0967    10.1419    313.565    316.939       9515          4  0.000e+00
   58.62600 -134.95204     39.496      3.263      3.233    12.8480    14.7185  1010.7771    10.7621    12.8476    105.205    73.3348     2.3731      8.403     7.1009    10.1479    313.751    317.127       9516          4  0.000e+00
   58.62600 -134.95204     39.520      3.287      3.257    12.8478    14.7180  1010.7768    10.7617    12.8474    105.219    73.3628     2.3438      8.403     7.1019    10.1493    313.795    317.172       9517          4  0.000e+00
   58.62600 -134.95204     39.496      3.263      3.233    12.8477    14.7173  1010.7762    10.7612    12.8473    105.232    73.3348     2.3145      8.398     7.1028    10.1507    313.836    317.213       9518          4  0.000e+00
   58.62600 -134.95204     44.160      3.287      3.257    12.8473    14.7163  1010.7756    10.7605    12.8469    105.240    73.0831     2.3145      8.403     7.1035    10.1516    313.864    317.241       9519          4  0.000e+00
   58.62600 -134.95204     67.091      3.263      3.233    12.8468    14.7151  1010.7746    10.7596    12.8465    105.252    72.4398     2.3145      8.403     7.1044    10.1529    313.906    317.284       9520          4  0.000e+00
   58.62600 -134.95204     77.005      3.263      3.233    12.8463    14.7144  1010.7742    10.7592    12.8460    105.264    72.1881     2.3145      8.403     7.1054    10.1543    313.948    317.326       9521          4  0.000e+00
   58.62600 -134.95204     77.615      3.287      3.257    12.8466    14.7142  1010.7741    10.7590    12.8463    105.277    72.2161     2.3145      8.403     7.1062    10.1554    313.984    317.362       9522          4  0.000e+00
   58.62600 -134.95204     76.615      3.263      3.233    12.8468    14.7142  1010.7740    10.7590    12.8465    105.283    72.2440     2.3145      8.403     7.1065    10.1560    314.000    317.378       9523          4  0.000e+00
   58.62600 -134.95204     76.126      3.287      3.256    12.8468    14.7149  1010.7746    10.7595    12.8465    105.289    72.2440     2.3145      8.403     7.1069    10.1565    314.017    317.395       9524          4  0.000e+00
   58.62600 -134.95204     75.833      3.263      3.232    12.8468    14.7160  1010.7754    10.7604    12.8464    105.347    72.2440     2.3145      8.403     7.1108    10.1621    314.188    317.569       9525          4  0.000e+00
   58.62600 -134.95204     75.833      3.287      3.256    12.8470    14.7175  1010.7766    10.7615    12.8467    105.357    72.2440     2.3145      8.403     7.1114    10.1629    314.214    317.596       9526          4  0.000e+00
   58.62600 -134.95204     75.833      3.263      3.232    12.8473    14.7193  1010.7778    10.7628    12.8469    105.366    72.2440     2.3145      8.403     7.1119    10.1636    314.236    317.618       9527          4  0.000e+00
   58.62600 -134.95204     75.889      3.319      3.288    12.8477    14.7206  1010.7790    10.7638    12.8473    105.376    72.2440     2.3145      8.403     7.1124    10.1644    314.258    317.641       9528          4  0.000e+00
   58.62600 -134.95204     75.808      3.287      3.256    12.8483    14.7214  1010.7794    10.7643    12.8480    105.330    72.2440     2.3145      8.403     7.1092    10.1598    314.116    317.497       9529          4  0.000e+00
   58.62600 -134.95204     75.687      3.263      3.232    12.8488    14.7226  1010.7801    10.7651    12.8484    105.332    72.2440     2.3145      8.403     7.1092    10.1598    314.115    317.497       9530          4  0.000e+00
   58.62600 -134.95204     75.742      3.344      3.312    12.8488    14.7234  1010.7811    10.7657    12.8485    105.388    72.2440     2.3145      8.403     7.1129    10.1651    314.280    317.663       9531          4  0.000e+00
   58.62600 -134.95204     75.687      3.263      3.232    12.8492    14.7235  1010.7807    10.7658    12.8488    105.393    72.2440     2.3145      8.403     7.1132    10.1655    314.293    317.677       9532          4  0.000e+00
   58.62600 -134.95204     75.767      3.344      3.312    12.8494    14.7237  1010.7812    10.7659    12.8491    105.400    72.2440     2.3145      8.403     7.1136    10.1661    314.311    317.695       9533          4  0.000e+00
   58.62600 -134.95204     75.718      3.319      3.288    12.8492    14.7240  1010.7814    10.7662    12.8488    105.405    72.2161     2.3145      8.403     7.1140    10.1666    314.327    317.711       9534          4  0.000e+00
   58.62600 -134.95204     75.711      3.287      3.256    12.8497    14.7241  1010.7812    10.7661    12.8493    105.409    72.2440     2.3145      8.403     7.1142    10.1669    314.335    317.719       9535          4  0.000e+00
   58.62600 -134.95204     75.718      3.319      3.288    12.8494    14.7244  1010.7817    10.7664    12.8491    105.413    72.2440     2.3145      8.403     7.1145    10.1673    314.348    317.732       9536          4  0.000e+00
   58.62600 -134.95204     75.718      3.319      3.288    12.8497    14.7247  1010.7818    10.7666    12.8493    105.416    72.2440     2.3145      8.403     7.1146    10.1675    314.354    317.739       9537          4  0.000e+00
   58.62600 -134.95204     75.686      3.287      3.256    12.8498    14.7253  1010.7821    10.7671    12.8494    105.418    72.2440     2.3731      8.403     7.1147    10.1676    314.358    317.743       9538          4  0.000e+00
   58.62600 -134.95204     75.743      3.319      3.288    12.8494    14.7273  1010.7839    10.7687    12.8490    105.420    72.2440     2.4024      8.403     7.1148    10.1678    314.363    317.748       9539          4  0.000e+00
   58.62600 -134.95204     75.742      3.344      3.312    12.8492    14.7296  1010.7858    10.7705    12.8488    105.421    72.3000     2.4024      8.403     7.1148    10.1678    314.363    317.748       9540          4  0.000e+00
   58.62600 -134.95204     75.743      3.319      3.288    12.8499    14.7306  1010.7863    10.7711    12.8496    105.421    72.3279     2.4024      8.398     7.1147    10.1676    314.355    317.741       9541          4  0.000e+00
   58.62600 -134.95204     75.686      3.287      3.256    12.8500    14.7315  1010.7869    10.7718    12.8497    105.420    72.3279     2.4024      8.403     7.1145    10.1674    314.350    317.736       9542          4  0.000e+00
   58.62600 -134.95204     75.791      3.319      3.288    12.8503    14.7317  1010.7871    10.7719    12.8500    105.419    72.3000     2.4024      8.403     7.1144    10.1672    314.345    317.731       9543          4  0.000e+00
   58.62600 -134.95204     81.384      3.319      3.288    12.8499    14.7309  1010.7865    10.7713    12.8496    105.417    72.3000     2.4024      8.403     7.1144    10.1672    314.344    317.730       9544          4  0.000e+00
   58.62600 -134.95204     85.193      3.343      3.312    12.8497    14.7288  1010.7851    10.7697    12.8493    105.415    72.3000     2.4024      8.403     7.1144    10.1672    314.344    317.729       9545          4  0.000e+00
   58.62600 -134.95204     85.779      3.319      3.288    12.8494    14.7285  1010.7848    10.7696    12.8491    105.412    72.3000     2.4024      8.403     7.1142    10.1669    314.336    317.721       9546          4  0.000e+00
   58.62600 -134.95204     85.559      3.343      3.312    12.8498    14.7302  1010.7862    10.7708    12.8495    105.408    72.3000     2.4024      8.403     7.1138    10.1664    314.318    317.704       9547          4  0.000e+00
   58.62600 -134.95204     85.388      3.319      3.288    12.8502    14.7321  1010.7875    10.7722    12.8498    105.350    72.3000     2.4024      8.403     7.1098    10.1606    314.138    317.522       9548          4  0.000e+00
