EcoFOCI/data/1_SampleCollection/2022_GOA-OA_CruiseData/CTD_raw_BottleFile_RC0083/RC0083_036.ros
* Sea-Bird SBE 9 Data File:
* FileName = C:\Data\RC0083ctd\RC0083_036.hex
* Software Version Seasave V 7.26.7.107
* Temperature SN = 2060
* Conductivity SN = 1084
* Number of Bytes Per Scan = 31
* Number of Voltage Words = 4
* Number of Scans Averaged by the Deck Unit = 1
* NMEA Latitude = 58 06.17 N
* NMEA Longitude = 135 00.91 W
* NMEA UTC (Time) = Aug 18 2022  08:22:02
* NMEA baud rate = 4800
** Ship: R/V Rachel Carson
** Cruise ID: RC0083
** Tech: McHugh/Nomura
** Chief Scientist: Cross
** Station: UCB
** Cast:  CTD036
# nquan = 21
# nvalues = 196                                   
# units = specified
# name 0 = latitude: Latitude [deg]
# name 1 = longitude: Longitude [deg]
# name 2 = sfdSM: Seafloor depth [salt water, m]
# name 3 = prDM: Pressure, Digiquartz [db]
# name 4 = depSM: Depth [salt water, m]
# name 5 = t090C: Temperature [ITS-90, deg C]
# name 6 = sal00: Salinity, Practical [PSU]
# name 7 = density00: Density [density, kg/m^3]
# name 8 = sigma-é00: Density [sigma-theta, kg/m^3]
# name 9 = potemp090C: Potential Temperature [ITS-90, deg C]
# name 10 = sbeox0PS: Oxygen, SBE 43 [% saturation]
# name 11 = CStarTr0: Beam Transmission, WET Labs C-Star [%]
# name 12 = flECO-AFL: Fluorescence, WET Labs ECO-AFL/FL [mg/m^3]
# name 13 = ph: pH
# name 14 = sbeox0ML/L: Oxygen, SBE 43 [ml/l]
# name 15 = sbeox0Mg/L: Oxygen, SBE 43 [mg/l]
# name 16 = sbox0Mm/Kg: Oxygen, SBE 43 [umol/kg]
# name 17 = sbeox0Mm/L: Oxygen, SBE 43 [umol/l]
# name 18 = scan: Scan Count
# name 19 = nbf: Bottles Fired
# name 20 = flag:  0.000e+00
# interval = seconds: 0.0416667
# start_time = Aug 18 2022 08:22:02 [NMEA time, header]
# bad_flag = -9.990e-29
*END*
[from data line 138]
   58.10132 -135.01476    124.053     25.660     25.420     8.1320    30.0753  1023.5084    23.3908     8.1296     65.645    95.1506     0.5562      7.977     4.4604     6.3743    194.647    199.200      20100          3  0.000e+00
   58.10132 -135.01476    123.989     25.595     25.356     8.1319    30.0753  1023.5081    23.3908     8.1295     65.593    95.1786     0.5562      7.977     4.4568     6.3693    194.493    199.043      20101          3  0.000e+00
   58.10132 -135.01476    124.053     25.660     25.420     8.1322    30.0750  1023.5081    23.3905     8.1298     65.590    95.1786     0.5562      7.977     4.4566     6.3690    194.484    199.033      20102          3  0.000e+00
   58.10132 -135.01476    123.989     25.595     25.356     8.1320    30.0751  1023.5080    23.3907     8.1296     65.594    95.1786     0.5562      7.977     4.4569     6.3693    194.494    199.043      20103          3  0.000e+00
   58.10132 -135.01476    124.029     25.636     25.396     8.1320    30.0753  1023.5083    23.3908     8.1296     65.591    95.1506     0.5562      7.977     4.4567     6.3690    194.485    199.034      20104          3  0.000e+00
   58.10132 -135.01476    124.053     25.660     25.420     8.1324    30.0749  1023.5080    23.3904     8.1300     65.588    95.1786     0.5562      7.973     4.4564     6.3687    194.475    199.024      20105          3  0.000e+00
   58.10132 -135.01476    124.053     25.660     25.420     8.1322    30.0752  1023.5083    23.3907     8.1298     65.584    95.2345     0.5856      7.977     4.4562     6.3684    194.466    199.015      20106          3  0.000e+00
   58.10132 -135.01476    123.989     25.595     25.356     8.1320    30.0752  1023.5080    23.3907     8.1296     65.581    95.2905     0.5562      7.977     4.4560     6.3680    194.456    199.004      20107          3  0.000e+00
   58.10132 -135.01476    124.053     25.660     25.420     8.1320    30.0749  1023.5081    23.3905     8.1296     65.523    95.2625     0.5856      7.977     4.4521     6.3625    194.285    198.829      20108          3  0.000e+00
   58.10122 -135.01470    101.744      3.140      3.111    10.4807    28.1692  1021.5621    21.5478    10.4803     93.014    86.3124     4.1899      8.206     6.0720     8.6776    265.458    271.178      21879          4  0.000e+00
   58.10122 -135.01470    101.704      3.100      3.071    10.4806    28.1700  1021.5626    21.5485    10.4803     93.007    86.3124     4.1899      8.206     6.0716     8.6769    265.437    271.156      21880          4  0.000e+00
   58.10122 -135.01470    101.680      3.076      3.047    10.4807    28.1706  1021.5629    21.5490    10.4803     93.000    86.3124     4.1899      8.206     6.0711     8.6762    265.415    271.135      21881          4  0.000e+00
   58.10122 -135.01470    101.760      3.157      3.127    10.4810    28.1709  1021.5635    21.5491    10.4806     92.994    86.3124     4.1899      8.206     6.0706     8.6756    265.396    271.115      21882          4  0.000e+00
   58.10122 -135.01470    101.744      3.140      3.111    10.4808    28.1711  1021.5636    21.5493    10.4805     92.933    86.3124     4.1899      8.206     6.0666     8.6698    265.221    270.936      21883          4  0.000e+00
   58.10122 -135.01470    101.704      3.100      3.071    10.4810    28.1704  1021.5629    21.5488    10.4806     92.925    86.3124     4.1606      8.206     6.0662     8.6692    265.200    270.915      21884          4  0.000e+00
   58.10122 -135.01470    101.744      3.141      3.111    10.4810    28.1698  1021.5626    21.5483    10.4807     92.919    86.3404     4.1899      8.206     6.0658     8.6686    265.183    270.898      21885          4  0.000e+00
   58.10122 -135.01470    101.704      3.100      3.071    10.4812    28.1696  1021.5622    21.5481    10.4808     92.906    86.3404     4.1606      8.206     6.0649     8.6673    265.145    270.858      21886          4  0.000e+00
   58.10122 -135.01470    101.744      3.141      3.111    10.4810    28.1703  1021.5630    21.5487    10.4806     92.893    86.3404     4.1899      8.206     6.0641     8.6662    265.109    270.822      21887          4  0.000e+00
   58.10122 -135.01470    101.640      3.036      3.007    10.4808    28.1706  1021.5628    21.5490    10.4805     92.879    86.3404     4.1899      8.206     6.0632     8.6649    265.069    270.781      21888          4  0.000e+00
   58.10122 -135.01470    101.856      3.254      3.223    10.4810    28.1705  1021.5636    21.5488    10.4806     92.869    86.3404     4.1899      8.206     6.0625     8.6639    265.040    270.751      21889          4  0.000e+00
   58.10122 -135.01470    101.680      3.076      3.047    10.4808    28.1712  1021.5633    21.5494    10.4805     92.854    86.3404     4.1899      8.206     6.0615     8.6625    264.996    270.707      21890          4  0.000e+00
   58.10122 -135.01470    101.760      3.157      3.127    10.4808    28.1713  1021.5638    21.5495    10.4805     92.849    86.3404     4.1899      8.206     6.0611     8.6620    264.980    270.691      21891          4  0.000e+00
   58.10122 -135.01470    101.744      3.141      3.111    10.4807    28.1714  1021.5639    21.5496    10.4803     92.788    86.3404     4.1899      8.206     6.0572     8.6564    264.809    270.515      21892          4  0.000e+00
   58.10122 -135.01470    101.760      3.157      3.127    10.4806    28.1715  1021.5640    21.5496    10.4803     92.831    86.3124     4.1899      8.206     6.0600     8.6603    264.930    270.639      21893          4  0.000e+00
   58.10122 -135.01470    101.744      3.141      3.111    10.4808    28.1713  1021.5638    21.5495    10.4805     92.825    86.3124     4.1899      8.206     6.0596     8.6598    264.913    270.622      21894          4  0.000e+00
   58.10122 -135.01470    101.704      3.100      3.071    10.4807    28.1716  1021.5638    21.5498    10.4803     92.819    86.3404     4.1899      8.211     6.0592     8.6593    264.897    270.606      21895          4  0.000e+00
   58.10122 -135.01470    101.744      3.141      3.111    10.4808    28.1716  1021.5640    21.5497    10.4805     92.761    86.3404     4.1899      8.206     6.0554     8.6538    264.730    270.435      21896          4  0.000e+00
   58.10122 -135.01470    101.760      3.157      3.127    10.4808    28.1710  1021.5636    21.5492    10.4805     92.751    86.3404     4.1899      8.206     6.0548     8.6529    264.701    270.405      21897          4  0.000e+00
   58.10122 -135.01470    101.744      3.141      3.111    10.4810    28.1707  1021.5633    21.5490    10.4806     92.740    86.3404     4.1899      8.206     6.0541     8.6519    264.672    270.375      21898          4  0.000e+00
   58.10122 -135.01470    101.760      3.157      3.127    10.4808    28.1708  1021.5635    21.5491    10.4805     92.731    86.3404     4.1899      8.206     6.0535     8.6510    264.646    270.349      21899          4  0.000e+00
   58.10122 -135.01470    101.744      3.141      3.111    10.4808    28.1705  1021.5631    21.5488    10.4805     92.722    86.3124     4.1899      8.206     6.0529     8.6502    264.620    270.323      21900          4  0.000e+00
   58.10122 -135.01470    101.744      3.141      3.111    10.4808    28.1696  1021.5624    21.5482    10.4805     92.713    86.3404     4.1899      8.206     6.0524     8.6495    264.598    270.299      21901          4  0.000e+00
   58.10122 -135.01470    101.760      3.157      3.127    10.4810    28.1691  1021.5621    21.5477    10.4806     92.706    86.3404     4.1899      8.206     6.0519     8.6487    264.576    270.277      21902          4  0.000e+00
   58.10122 -135.01470    101.800      3.197      3.167    10.4816    28.1683  1021.5615    21.5470    10.4813     92.699    86.3404     4.1899      8.206     6.0514     8.6480    264.553    270.253      21903          4  0.000e+00
   58.10122 -135.01470    101.704      3.100      3.071    10.4824    28.1676  1021.5605    21.5464    10.4821     92.690    86.3124     4.1606      8.206     6.0507     8.6471    264.526    270.226      21904          4  0.000e+00
   58.10122 -135.01470    101.800      3.197      3.167    10.4823    28.1675  1021.5608    21.5463    10.4820     92.685    86.3124     4.1313      8.206     6.0504     8.6466    264.512    270.212      21905          4  0.000e+00
   58.10122 -135.01470    101.704      3.100      3.071    10.4820    28.1676  1021.5605    21.5464    10.4816     92.684    86.2845     4.1020      8.206     6.0504     8.6467    264.512    270.212      21906          4  0.000e+00
   58.10122 -135.01470    101.800      3.197      3.167    10.4822    28.1675  1021.5609    21.5463    10.4818     92.680    86.2845     4.0727      8.206     6.0501     8.6462    264.500    270.199      21907          4  0.000e+00
   58.10122 -135.01470    101.760      3.157      3.127    10.4822    28.1674  1021.5606    21.5462    10.4818     92.682    86.2845     4.0727      8.206     6.0502     8.6464    264.504    270.203      21908          4  0.000e+00
   58.10122 -135.01470    101.744      3.141      3.112    10.4823    28.1671  1021.5602    21.5460    10.4820     92.684    86.2845     4.1020      8.206     6.0504     8.6466    264.511    270.210      21909          4  0.000e+00
   58.10122 -135.01470    101.704      3.100      3.072    10.4818    28.1667  1021.5598    21.5457    10.4815     92.687    86.3124     4.1020      8.206     6.0506     8.6470    264.522    270.222      21910          4  0.000e+00
   58.10122 -135.01470    101.800      3.197      3.168    10.4810    28.1667  1021.5604    21.5459    10.4806     92.692    86.2845     4.1020      8.206     6.0511     8.6476    264.543    270.242      21911          4  0.000e+00
   58.10122 -135.01470    101.704      3.100      3.072    10.4799    28.1676  1021.5609    21.5468    10.4795     92.696    86.2845     4.1020      8.211     6.0515     8.6481    264.558    270.258      21912          4  0.000e+00
   58.10122 -135.01470    101.744      3.141      3.112    10.4797    28.1680  1021.5614    21.5471    10.4793     92.696    86.2845     4.1020      8.206     6.0515     8.6481    264.558    270.258      21913          4  0.000e+00
   58.10122 -135.01470    101.744      3.141      3.112    10.4798    28.1685  1021.5617    21.5475    10.4795     92.702    86.2845     4.1020      8.206     6.0518     8.6487    264.574    270.274      21914          4  0.000e+00
   58.10122 -135.01470    101.760      3.157      3.128    10.4800    28.1689  1021.5621    21.5477    10.4797     92.703    86.2845     4.0727      8.206     6.0518     8.6487    264.574    270.275      21915          4  0.000e+00
   58.10122 -135.01470    101.624      3.020      2.992    10.4801    28.1690  1021.5615    21.5478    10.4798     92.709    86.2845     4.1020      8.206     6.0522     8.6492    264.589    270.291      21916          4  0.000e+00
   58.10122 -135.01470    101.816      3.213      3.184    10.4805    28.1688  1021.5622    21.5476    10.4801     92.719    86.2845     4.0727      8.206     6.0528     8.6501    264.618    270.319      21917          4  0.000e+00
   58.10122 -135.01470    101.744      3.141      3.112    10.4813    28.1675  1021.5608    21.5465    10.4809     92.721    86.2845     4.1020      8.206     6.0529     8.6502    264.620    270.322      21918          4  0.000e+00
   58.10122 -135.01470    101.704      3.100      3.072    10.4822    28.1665  1021.5596    21.5455    10.4818     92.723    86.3124     4.1020      8.206     6.0530     8.6503    264.624    270.326      21919          4  0.000e+00
   58.10122 -135.01470    101.744      3.141      3.112    10.4823    28.1661  1021.5595    21.5452    10.4820     92.727    86.2845     4.1020      8.206     6.0532     8.6507    264.636    270.337      21920          4  0.000e+00
   58.10122 -135.01470    101.704      3.100      3.072    10.4822    28.1652  1021.5586    21.5445    10.4818     92.731    86.2845     4.1020      8.206     6.0535     8.6511    264.649    270.350      21921          4  0.000e+00
   58.10122 -135.01470    101.680      3.076      3.048    10.4816    28.1653  1021.5587    21.5447    10.4813     92.735    86.2845     4.1020      8.206     6.0539     8.6516    264.664    270.366      21922          4  0.000e+00
   58.10122 -135.01470    101.704      3.100      3.072    10.4818    28.1652  1021.5587    21.5446    10.4815     92.741    86.2845     4.1020      8.206     6.0542     8.6521    264.679    270.381      21923          4  0.000e+00
   58.10122 -135.01470    101.744      3.141      3.112    10.4816    28.1653  1021.5590    21.5447    10.4813     92.747    86.2845     4.1020      8.206     6.0546     8.6527    264.697    270.400      21924          4  0.000e+00
   58.10122 -135.01470    101.704      3.100      3.072    10.4818    28.1648  1021.5584    21.5443    10.4815     92.807    86.2565     4.1313      8.206     6.0585     8.6582    264.867    270.574      21925          4  0.000e+00
   58.10122 -135.01470    101.680      3.076      3.048    10.4810    28.1657  1021.5591    21.5451    10.4807     92.819    86.2006     4.1606      8.206     6.0594     8.6595    264.906    270.613      21926          4  0.000e+00
   58.10122 -135.01470    101.680      3.076      3.048    10.4810    28.1653  1021.5588    21.5448    10.4806     92.778    86.2006     4.1899      8.206     6.0567     8.6557    264.789    270.494      21927          4  0.000e+00
