EcoFOCI/data/1_SampleCollection/2022_GOA-OA_CruiseData/CTD_raw_BottleFile_RC0083/RC0083_013.cnv
* Sea-Bird SBE 9 Data File:
* FileName = C:\Data\RC0083ctd\RC0083_013.hex
* Software Version Seasave V 7.26.7.107
* Temperature SN = 2060
* Conductivity SN = 1084
* Number of Bytes Per Scan = 31
* Number of Voltage Words = 4
* Number of Scans Averaged by the Deck Unit = 1
* NMEA Latitude = 55 43.96 N
* NMEA Longitude = 134 28.39 W
* NMEA UTC (Time) = Aug 13 2022  05:59:07
* NMEA baud rate = 4800
** Ship: R/V Rachel Carson
** Cruise ID: RC0083 RC0083
** Tech: McHugh/Nomura
** Chief Scientist: Cross Cross
** Station: POW4
** Cast:  013
# nquan = 19
# nvalues = 19001                                 
# units = specified
# name 0 = latitude: Latitude [deg]
# name 1 = longitude: Longitude [deg]
# name 2 = sfdSM: Seafloor depth [salt water, m]
# name 3 = prDM: Pressure, Digiquartz [db]
# name 4 = depSM: Depth [salt water, m]
# name 5 = t090C: Temperature [ITS-90, deg C]
# name 6 = sal00: Salinity, Practical [PSU]
# name 7 = density00: Density [density, kg/m^3]
# name 8 = sigma-é00: Density [sigma-theta, kg/m^3]
# name 9 = potemp090C: Potential Temperature [ITS-90, deg C]
# name 10 = sbeox0PS: Oxygen, SBE 43 [% saturation]
# name 11 = CStarTr0: Beam Transmission, WET Labs C-Star [%]
# name 12 = flECO-AFL: Fluorescence, WET Labs ECO-AFL/FL [mg/m^3]
# name 13 = ph: pH
# name 14 = sbeox0ML/L: Oxygen, SBE 43 [ml/l]
# name 15 = sbeox0Mg/L: Oxygen, SBE 43 [mg/l]
# name 16 = sbox0Mm/Kg: Oxygen, SBE 43 [umol/kg]
# name 17 = sbeox0Mm/L: Oxygen, SBE 43 [umol/l]
# name 18 = flag:  0.000e+00
# span 0 =   55.73262,   55.73536                 
# span 1 = -134.47316, -134.47222                 
# span 2 =      3.152,    220.919                 
# span 3 =      2.218,    170.310                 
# span 4 =      2.198,    168.695                 
# span 5 =     5.9763,    10.4611                 
# span 6 =    30.9938,    33.6433                 
# span 7 =  1023.7675,  1027.2659                 
# span 8 =    23.7558,    26.4853                 
# span 9 =     5.9621,    10.4609                 
# span 10 =     33.843,    110.031                
# span 11 =    75.5444,   105.1635                
# span 12 =    -0.1177,    12.4244                
# span 13 =      7.734,      8.241                
# span 14 =     2.3603,     7.1047                
# span 15 =     3.3730,    10.1533                
# span 16 =    102.690,    309.891                
# span 17 =    105.409,    317.295                
# span 18 = 0.0000e+00, 0.0000e+00                
# interval = seconds: 0.0416667
# start_time = Aug 13 2022 05:59:07 [NMEA time, header]
# bad_flag = -9.990e-29
*END*
[from data line 17448]
   55.73506 -134.47226     21.069     10.493     10.397    10.0104    31.1550  1023.9973    23.9497    10.0093     95.386    86.1446     6.7394      8.175     6.1723     8.8209    269.208    275.655  0.000e+00
   55.73506 -134.47226     29.299     10.493     10.397    10.0104    31.1551  1023.9973    23.9498    10.0093     95.388    86.1446     6.7394      8.170     6.1724     8.8210    269.212    275.659  0.000e+00
   55.73506 -134.47226     47.271     10.517     10.422    10.0106    31.1549  1023.9973    23.9496    10.0095     95.389    86.1446     6.7394      8.170     6.1725     8.8211    269.215    275.663  0.000e+00
   55.73506 -134.47226     53.148     10.558     10.462    10.0108    31.1550  1023.9975    23.9496    10.0096     95.391    86.1446     6.7394      8.170     6.1726     8.8212    269.219    275.667  0.000e+00
   55.73506 -134.47226     53.008     10.614     10.518    10.0103    31.1548  1023.9977    23.9496    10.0091     95.400    86.1446     6.7394      8.170     6.1732     8.8221    269.247    275.695  0.000e+00
   55.73506 -134.47226     52.300     10.638     10.542    10.0093    31.1553  1023.9983    23.9501    10.0081     95.402    86.1446     6.7394      8.170     6.1735     8.8225    269.258    275.706  0.000e+00
   55.73506 -134.47226     52.112     10.671     10.574    10.0090    31.1556  1023.9988    23.9504    10.0078     95.404    86.1446     6.7394      8.175     6.1736     8.8227    269.264    275.713  0.000e+00
   55.73506 -134.47226     52.136     10.671     10.574    10.0086    31.1554  1023.9987    23.9503    10.0074     95.405    86.1446     6.7394      8.170     6.1738     8.8229    269.272    275.721  0.000e+00
   55.73506 -134.47226     52.249     10.760     10.662    10.0085    31.1553  1023.9990    23.9503    10.0073     95.408    86.1446     6.7394      8.170     6.1740     8.8232    269.280    275.729  0.000e+00
   55.73506 -134.47226     52.281     10.792     10.694    10.0077    31.1559  1023.9998    23.9509    10.0065     95.464    86.1446     6.7980      8.170     6.1777     8.8285    269.442    275.896  0.000e+00
   55.73506 -134.47226     52.281     10.792     10.694    10.0063    31.1564  1024.0004    23.9515    10.0051     95.472    86.1446     7.2083      8.170     6.1784     8.8295    269.472    275.926  0.000e+00
   55.73506 -134.47226     52.337     10.848     10.750    10.0051    31.1569  1024.0013    23.9521    10.0039     95.480    86.1446     7.4134      8.170     6.1790     8.8305    269.501    275.956  0.000e+00
   55.73506 -134.47226     52.369     10.881     10.782    10.0040    31.1578  1024.0023    23.9529    10.0028     95.542    86.1726     7.4720      8.170     6.1832     8.8364    269.681    276.140  0.000e+00
   55.73506 -134.47226     52.457     10.970     10.870    10.0028    31.1577  1024.0028    23.9531    10.0016     95.502    86.1726     7.4427      8.170     6.1807     8.8329    269.574    276.032  0.000e+00
   55.73506 -134.47226     52.457     10.970     10.870    10.0015    31.1586  1024.0037    23.9540    10.0003     95.563    86.1726     7.4427      8.170     6.1848     8.8387    269.752    276.214  0.000e+00
   55.73506 -134.47226     52.489     11.002     10.902     9.9999    31.1589  1024.0043    23.9545     9.9987     95.576    86.1726     7.4427      8.170     6.1858     8.8402    269.797    276.260  0.000e+00
   55.73506 -134.47226     52.521     11.034     10.934     9.9982    31.1596  1024.0053    23.9553     9.9970     95.588    86.1726     7.4427      8.170     6.1868     8.8416    269.840    276.304  0.000e+00
   55.73506 -134.47226     60.172     11.091     10.990     9.9959    31.1604  1024.0066    23.9563     9.9947     95.600    86.1726     7.4427      8.170     6.1879     8.8431    269.886    276.351  0.000e+00
   55.73506 -134.47226     95.727     11.091     10.990     9.9936    31.1617  1024.0080    23.9577     9.9924     95.611    86.1726     7.4134      8.170     6.1889     8.8445    269.928    276.395  0.000e+00
   55.73506 -134.47226    110.882     11.180     11.078     9.9923    31.1624  1024.0091    23.9584     9.9911     95.622    86.1726     7.4427      8.170     6.1897     8.8458    269.966    276.434  0.000e+00
   55.73506 -134.47226    111.166     11.268     11.166     9.9922    31.1620  1024.0092    23.9581     9.9909     95.633    86.1726     7.4427      8.170     6.1905     8.8468    269.997    276.466  0.000e+00
   55.73506 -134.47226    110.135     11.091     10.990     9.9923    31.1619  1024.0083    23.9580     9.9911     95.640    86.1726     7.4427      8.170     6.1909     8.8474    270.016    276.485  0.000e+00
   55.73506 -134.47226    109.813     11.357     11.254     9.9908    31.1622  1024.0100    23.9585     9.9896     95.645    86.1726     7.4427      8.170     6.1914     8.8482    270.039    276.509  0.000e+00
   55.73506 -134.47226    109.757     11.325     11.222     9.9883    31.1635  1024.0113    23.9599     9.9871     95.646    86.1726     7.4427      8.170     6.1918     8.8487    270.054    276.524  0.000e+00
   55.73506 -134.47226    109.718     11.212     11.110     9.9864    31.1648  1024.0121    23.9612     9.9852     95.645    86.1726     7.4427      8.170     6.1919     8.8489    270.060    276.531  0.000e+00
   55.73506 -134.47226    109.886     11.357     11.254     9.9860    31.1652  1024.0131    23.9616     9.9848     95.701    86.1726     7.4427      8.170     6.1956     8.8541    270.218    276.693  0.000e+00
   55.73506 -134.47226    109.918     11.390     11.286     9.9865    31.1648  1024.0129    23.9613     9.9853     95.706    86.2006     7.4427      8.170     6.1958     8.8545    270.231    276.706  0.000e+00
   55.73506 -134.47226    109.974     11.446     11.342     9.9854    31.1649  1024.0134    23.9615     9.9842     95.710    86.2006     7.4427      8.170     6.1963     8.8551    270.250    276.725  0.000e+00
   55.73506 -134.47226    109.918     11.390     11.286     9.9841    31.1650  1024.0135    23.9618     9.9828     95.719    86.2006     7.4427      8.170     6.1970     8.8562    270.282    276.759  0.000e+00
   55.73506 -134.47226    110.006     11.478     11.374     9.9814    31.1660  1024.0151    23.9630     9.9802     95.783    86.1726     7.4427      8.170     6.2015     8.8625    270.477    276.958  0.000e+00
   55.73506 -134.47226    110.038     11.511     11.406     9.9783    31.1671  1024.0166    23.9644     9.9770     95.798    86.1726     7.1204      8.170     6.2028     8.8644    270.534    277.018  0.000e+00
   55.73506 -134.47226    109.974     11.446     11.342     9.9763    31.1677  1024.0170    23.9651     9.9751     95.810    86.1726     6.8859      8.170     6.2038     8.8659    270.579    277.064  0.000e+00
   55.73506 -134.47226    110.062     11.535     11.430     9.9729    31.1687  1024.0188    23.9665     9.9716     95.823    86.1726     6.8273      8.170     6.2051     8.8678    270.635    277.121  0.000e+00
   55.73506 -134.47226    110.038     11.511     11.406     9.9706    31.1702  1024.0202    23.9680     9.9694     95.834    86.1726     6.8566      8.170     6.2061     8.8691    270.675    277.163  0.000e+00
   55.73506 -134.47226    110.038     11.511     11.406     9.9699    31.1702  1024.0204    23.9682     9.9686     95.843    86.1726     6.8566      8.170     6.2068     8.8701    270.707    277.195  0.000e+00
   55.73506 -134.47226    110.094     11.567     11.462     9.9695    31.1697  1024.0202    23.9678     9.9683     95.852    86.1726     6.8566      8.170     6.2075     8.8711    270.736    277.225  0.000e+00
   55.73506 -134.47226    110.182     11.656     11.550     9.9684    31.1704  1024.0214    23.9685     9.9672     95.861    86.1726     6.8566      8.170     6.2081     8.8720    270.765    277.255  0.000e+00
   55.73506 -134.47226    109.974     11.446     11.342     9.9671    31.1714  1024.0214    23.9695     9.9658     95.865    86.1726     6.8566      8.170     6.2085     8.8726    270.783    277.273  0.000e+00
   55.73506 -134.47226    110.094     11.567     11.462     9.9664    31.1721  1024.0226    23.9702     9.9651     95.872    86.1446     6.8566      8.166     6.2090     8.8733    270.805    277.296  0.000e+00
   55.73506 -134.47226    110.062     11.535     11.430     9.9676    31.1717  1024.0220    23.9697     9.9664     95.930    86.1726     6.8566      8.166     6.2126     8.8785    270.962    277.457  0.000e+00
   55.73506 -134.47226    110.094     11.567     11.462     9.9688    31.1709  1024.0213    23.9689     9.9676     95.939    86.1726     6.8566      8.166     6.2131     8.8792    270.983    277.478  0.000e+00
   55.73506 -134.47226    110.094     11.567     11.462     9.9691    31.1705  1024.0210    23.9685     9.9678     95.947    86.1726     6.8566      8.166     6.2136     8.8799    271.005    277.500  0.000e+00
   55.73506 -134.47226    110.094     11.567     11.462     9.9690    31.1710  1024.0214    23.9690     9.9677     95.954    86.1726     6.8566      8.166     6.2140     8.8805    271.023    277.519  0.000e+00
   55.73506 -134.47226    110.062     11.535     11.430     9.9705    31.1713  1024.0212    23.9689     9.9693     95.959    86.1446     6.8566      8.166     6.2141     8.8806    271.026    277.522  0.000e+00
   55.73506 -134.47226    110.038     11.511     11.406     9.9761    31.1692  1024.0186    23.9664     9.9749     95.961    86.1726     6.8566      8.166     6.2136     8.8799    271.005    277.500  0.000e+00
   55.73506 -134.47226    105.479     11.567     11.462     9.9805    31.1667  1024.0161    23.9637     9.9793     95.964    86.1446     6.8566      8.166     6.2133     8.8794    270.992    277.486  0.000e+00
   55.73506 -134.47226     88.199     11.478     11.374     9.9827    31.1655  1024.0144    23.9624     9.9815     95.964    86.1446     6.8566      8.166     6.2130     8.8791    270.981    277.475  0.000e+00
   55.73506 -134.47226     81.555     11.624     11.518     9.9849    31.1651  1024.0145    23.9618     9.9836     95.965    86.1726     6.8566      8.166     6.2129     8.8788    270.973    277.466  0.000e+00
   55.73506 -134.47226     81.078     11.390     11.286     9.9881    31.1641  1024.0121    23.9605     9.9868     95.961    86.1446     6.8566      8.166     6.2122     8.8778    270.943    277.435  0.000e+00
   55.73506 -134.47226     81.867     11.446     11.342     9.9898    31.1626  1024.0109    23.9590     9.9886     95.959    86.1726     6.8566      8.166     6.2118     8.8773    270.930    277.421  0.000e+00
   55.73506 -134.47226     82.168     11.478     11.374     9.9898    31.1625  1024.0109    23.9589     9.9886     95.955    86.1726     6.6808      8.166     6.2116     8.8770    270.920    277.411  0.000e+00
   55.73506 -134.47226     82.080     11.390     11.286     9.9887    31.1627  1024.0109    23.9593     9.9874     95.949    86.1446     6.3878      8.166     6.2114     8.8767    270.909    277.399  0.000e+00
   55.73506 -134.47226     82.111     11.446     11.342     9.9864    31.1630  1024.0117    23.9598     9.9851     95.943    86.2006     6.3291      8.166     6.2113     8.8766    270.906    277.397  0.000e+00
   55.73506 -134.47226     81.999     11.357     11.254     9.9843    31.1640  1024.0124    23.9610     9.9830     95.935    86.2565     6.3291      8.166     6.2110     8.8761    270.892    277.383  0.000e+00
   55.73506 -134.47226     82.031     11.390     11.286     9.9827    31.1645  1024.0133    23.9617     9.9815     95.926    86.2845     6.3291      8.166     6.2106     8.8756    270.876    277.366  0.000e+00
   55.73506 -134.47226     81.967     11.325     11.222     9.9814    31.1651  1024.0136    23.9623     9.9802     95.915    86.2845     6.3291      8.166     6.2100     8.8748    270.851    277.341  0.000e+00
   55.73506 -134.47226     81.911     11.268     11.166     9.9797    31.1660  1024.0144    23.9633     9.9785     95.902    86.2845     6.3291      8.166     6.2094     8.8739    270.824    277.314  0.000e+00
   55.73506 -134.47226     81.935     11.293     11.190     9.9788    31.1663  1024.0149    23.9637     9.9775     95.890    86.2845     6.3291      8.166     6.2087     8.8729    270.793    277.282  0.000e+00
   55.73506 -134.47226     81.911     11.268     11.166     9.9776    31.1668  1024.0153    23.9642     9.9764     95.882    86.2845     6.3291      8.166     6.2083     8.8724    270.776    277.265  0.000e+00
   55.73506 -134.47226     81.855     11.212     11.110     9.9771    31.1669  1024.0152    23.9644     9.9759     95.872    86.2845     6.3291      8.166     6.2078     8.8716    270.751    277.240  0.000e+00
   55.73506 -134.47226     82.855     11.236     11.134     9.9765    31.1670  1024.0155    23.9646     9.9752     95.862    86.2845     6.3291      8.166     6.2073     8.8708    270.728    277.216  0.000e+00
   55.73506 -134.47226    100.037     11.325     11.222     9.9765    31.1678  1024.0166    23.9652     9.9752     95.859    86.2845     6.3291      8.166     6.2070     8.8704    270.717    277.205  0.000e+00
   55.73506 -134.47226    109.469     11.034     10.934     9.9791    31.1672  1024.0143    23.9643     9.9779     95.843    86.2845     6.3291      8.166     6.2056     8.8685    270.658    277.144  0.000e+00
   55.73506 -134.47226    110.721     11.091     10.990     9.9835    31.1656  1024.0126    23.9623     9.9823     95.783    86.2565     6.3291      8.170     6.2012     8.8621    270.464    276.945  0.000e+00
   55.73506 -134.47226    110.013     11.115     11.014     9.9877    31.1638  1024.0107    23.9603     9.9865     95.769    86.2845     6.3291      8.170     6.1998     8.8602    270.405    276.884  0.000e+00
   55.73506 -134.47226    109.598     11.091     10.990     9.9902    31.1628  1024.0094    23.9591     9.9890     95.755    86.2845     6.3291      8.170     6.1986     8.8584    270.351    276.829  0.000e+00
   55.73506 -134.47226    109.453     10.970     10.870     9.9926    31.1621  1024.0079    23.9581     9.9914     95.739    86.2845     6.3291      8.166     6.1972     8.8565    270.293    276.769  0.000e+00
   55.73506 -134.47226    109.686     11.180     11.078     9.9946    31.1610  1024.0077    23.9570     9.9934     95.726    86.2845     6.3291      8.170     6.1962     8.8550    270.248    276.723  0.000e+00
   55.73506 -134.47226    109.382     10.848     10.750     9.9974    31.1599  1024.0048    23.9557     9.9962     95.706    86.2845     6.3291      8.170     6.1946     8.8527    270.179    276.651  0.000e+00
   55.73506 -134.47226    109.502     10.970     10.870    10.0002    31.1586  1024.0039    23.9542     9.9990     95.637    86.2845     6.3291      8.170     6.1898     8.8459    269.970    276.437  0.000e+00
   55.73506 -134.47226    109.470     10.937     10.838    10.0021    31.1574  1024.0025    23.9529    10.0009     95.614    86.2565     6.2119      8.170     6.1881     8.8434    269.896    276.360  0.000e+00
   55.73506 -134.47226    109.566     11.034     10.934    10.0034    31.1574  1024.0027    23.9527    10.0022     95.593    86.2845     5.7724      8.170     6.1865     8.8412    269.827    276.290  0.000e+00
   55.73506 -134.47226    109.270     10.735     10.638    10.0041    31.1574  1024.0013    23.9526    10.0029     95.512    86.3404     5.5965      8.170     6.1812     8.8335    269.594    276.052  0.000e+00
   55.73506 -134.47226    109.382     10.848     10.750    10.0046    31.1573  1024.0016    23.9525    10.0035     95.484    86.5362     5.5965      8.170     6.1793     8.8308    269.512    275.968  0.000e+00
   55.73506 -134.47226    109.326     10.816     10.718    10.0055    31.1568  1024.0010    23.9519    10.0043     95.461    86.6201     5.5965      8.170     6.1777     8.8286    269.443    275.897  0.000e+00
