EcoFOCI/data/1_SampleCollection/2022_GOA-OA_CruiseData/CTD_raw_BottleFile_RC0083/RC0083_078.ros
* Sea-Bird SBE 9 Data File:
* FileName = C:\Data\RC0083ctd\RC0083_078.hex
* Software Version Seasave V 7.26.7.107
* Temperature SN = 2060
* Conductivity SN = 2881
* Number of Bytes Per Scan = 31
* Number of Voltage Words = 4
* Number of Scans Averaged by the Deck Unit = 1
* NMEA Latitude = 58 21.01 N
* NMEA Longitude = 134 46.91 W
* NMEA UTC (Time) = Aug 21 2022  23:13:56
* NMEA baud rate = 4800
** Ship: R/V Rachel Carson
** Cruise ID: RC0083
** Tech: McHugh/Nomura
** Chief Scientist: Cross
** Station: LFC
** Cast:  CTD078
# nquan = 21
# nvalues = 196                                   
# units = specified
# name 0 = latitude: Latitude [deg]
# name 1 = longitude: Longitude [deg]
# name 2 = sfdSM: Seafloor depth [salt water, m]
# name 3 = prDM: Pressure, Digiquartz [db]
# name 4 = depSM: Depth [salt water, m]
# name 5 = t090C: Temperature [ITS-90, deg C]
# name 6 = sal00: Salinity, Practical [PSU]
# name 7 = density00: Density [density, kg/m^3]
# name 8 = sigma-é00: Density [sigma-theta, kg/m^3]
# name 9 = potemp090C: Potential Temperature [ITS-90, deg C]
# name 10 = sbeox0PS: Oxygen, SBE 43 [% saturation]
# name 11 = CStarTr0: Beam Transmission, WET Labs C-Star [%]
# name 12 = flECO-AFL: Fluorescence, WET Labs ECO-AFL/FL [mg/m^3]
# name 13 = ph: pH
# name 14 = sbeox0ML/L: Oxygen, SBE 43 [ml/l]
# name 15 = sbeox0Mg/L: Oxygen, SBE 43 [mg/l]
# name 16 = sbox0Mm/Kg: Oxygen, SBE 43 [umol/kg]
# name 17 = sbeox0Mm/L: Oxygen, SBE 43 [umol/l]
# name 18 = scan: Scan Count
# name 19 = nbf: Bottles Fired
# name 20 = flag:  0.000e+00
# interval = seconds: 0.0416667
# start_time = Aug 21 2022 23:13:56 [NMEA time, header]
# bad_flag = -9.990e-29
*END*
[from data line 69]
   58.34908 -134.78004     91.944     26.083     25.839     8.7927    30.0939  1023.4295    23.3103     8.7902     69.497    98.6747     0.4390      8.027     4.6517     6.6477    203.012    207.744      12299          2  0.000e+00
   58.34908 -134.78004     91.976     26.140     25.895     8.7933    30.0935  1023.4293    23.3099     8.7907     69.497    98.6747     0.4390      8.027     4.6516     6.6476    203.010    207.742      12300          2  0.000e+00
   58.34908 -134.78004     91.951     26.140     25.895     8.7932    30.0936  1023.4294    23.3100     8.7907     69.552    98.6747     0.4683      8.027     4.6553     6.6529    203.172    207.907      12301          2  0.000e+00
   58.34908 -134.78004     91.951     26.140     25.895     8.7928    30.0946  1023.4303    23.3109     8.7902     69.558    98.6747     0.4683      8.027     4.6557     6.6535    203.187    207.923      12302          2  0.000e+00
   58.34908 -134.78004     91.975     26.164     25.919     8.7939    30.0946  1023.4302    23.3107     8.7913     69.618    98.6747     0.4683      8.027     4.6596     6.6591    203.359    208.100      12303          2  0.000e+00
   58.34908 -134.78004     91.951     26.140     25.895     8.7932    30.0964  1023.4316    23.3122     8.7906     69.628    98.6747     0.4683      8.027     4.6603     6.6601    203.389    208.130      12304          2  0.000e+00
   58.34908 -134.78004     91.951     26.140     25.895     8.7959    30.0958  1023.4307    23.3114     8.7933     69.582    98.6747     0.4683      8.027     4.6570     6.6553    203.242    207.980      12305          2  0.000e+00
   58.34908 -134.78004     91.895     26.083     25.839     8.8007    30.0928  1023.4274    23.3083     8.7981     69.584    98.6747     0.4683      8.027     4.6567     6.6549    203.231    207.968      12306          2  0.000e+00
   58.34908 -134.78004     91.951     26.140     25.895     8.8036    30.0908  1023.4257    23.3063     8.8010     69.588    98.6747     0.4683      8.027     4.6567     6.6549    203.231    207.968      12307          2  0.000e+00
   58.34908 -134.78004     91.951     26.140     25.895     8.8041    30.0907  1023.4256    23.3062     8.8015     69.535    98.6747     0.4683      8.027     4.6531     6.6498    203.075    207.808      12308          2  0.000e+00
   58.34908 -134.78004     99.302     26.140     25.895     8.8038    30.0905  1023.4255    23.3061     8.8012     69.532    98.6747     0.4683      8.027     4.6530     6.6496    203.069    207.802      12309          2  0.000e+00
   58.34908 -134.78004    118.740     26.140     25.895     8.8036    30.0904  1023.4254    23.3060     8.8010     69.536    98.6747     0.4683      8.027     4.6532     6.6499    203.080    207.813      12310          2  0.000e+00
   58.34908 -134.78004    125.529     26.140     25.895     8.8038    30.0898  1023.4249    23.3055     8.8012     69.539    98.6747     0.4683      8.027     4.6535     6.6503    203.091    207.824      12311          2  0.000e+00
   58.34908 -134.78004    125.504     26.140     25.895     8.8041    30.0900  1023.4250    23.3056     8.8015     69.537    98.6747     0.4683      8.027     4.6533     6.6500    203.083    207.816      12312          2  0.000e+00
   58.34908 -134.78004    124.698     26.140     25.895     8.8048    30.0896  1023.4246    23.3052     8.8022     69.529    98.6747     0.4683      8.027     4.6527     6.6491    203.056    207.788      12313          2  0.000e+00
   58.34908 -134.78004    124.430     26.140     25.895     8.8053    30.0896  1023.4245    23.3051     8.8027     69.526    98.6747     0.4683      8.027     4.6525     6.6488    203.047    207.779      12314          2  0.000e+00
   58.34908 -134.78004    124.454     26.140     25.895     8.8054    30.0901  1023.4249    23.3055     8.8028     69.524    98.6747     0.4683      8.027     4.6523     6.6486    203.038    207.770      12315          2  0.000e+00
   58.34908 -134.78004    124.503     26.140     25.895     8.8071    30.0898  1023.4244    23.3050     8.8045     69.466    98.6747     0.4683      8.027     4.6482     6.6427    202.861    207.588      12316          2  0.000e+00
   58.34908 -134.78004    124.447     26.083     25.839     8.8072    30.0897  1023.4241    23.3049     8.8046     69.513    98.6747     0.4683      8.027     4.6513     6.6472    202.998    207.729      12317          2  0.000e+00
   58.34908 -134.78004    124.559     26.196     25.951     8.8071    30.0897  1023.4246    23.3050     8.8045     69.512    98.6747     0.4683      8.027     4.6513     6.6472    202.996    207.726      12318          2  0.000e+00
   58.34908 -134.78004    124.463     26.099     25.855     8.8048    30.0908  1023.4254    23.3062     8.8022     69.509    98.6747     0.4683      8.027     4.6513     6.6472    202.996    207.727      12319          2  0.000e+00
   58.34908 -134.78004    124.503     26.140     25.895     8.8023    30.0912  1023.4262    23.3068     8.7997     69.563    98.6747     0.4390      8.027     4.6552     6.6527    203.166    207.901      12320          2  0.000e+00
   58.34908 -134.78004    124.503     26.140     25.895     8.8002    30.0918  1023.4270    23.3076     8.7976     69.567    98.6747     0.4390      8.027     4.6556     6.6534    203.185    207.921      12321          2  0.000e+00
   58.34908 -134.78004    124.559     26.196     25.951     8.7986    30.0937  1023.4290    23.3093     8.7960     69.571    98.6468     0.4097      8.027     4.6560     6.6539    203.201    207.937      12322          2  0.000e+00
   58.34908 -134.78004    124.503     26.140     25.895     8.7997    30.0936  1023.4285    23.3091     8.7972     69.517    98.5629     0.4097      8.027     4.6523     6.6486    203.039    207.772      12323          2  0.000e+00
   58.34908 -134.78004    124.503     26.140     25.895     8.8015    30.0926  1023.4274    23.3080     8.7989     69.514    98.5069     0.4390      8.027     4.6519     6.6481    203.023    207.755      12324          2  0.000e+00
   58.34908 -134.78004    124.503     26.140     25.895     8.8023    30.0922  1023.4270    23.3076     8.7997     69.511    98.5069     0.4097      8.027     4.6517     6.6477    203.012    207.743      12325          2  0.000e+00
   58.34908 -134.78004    124.503     26.140     25.895     8.8026    30.0922  1023.4269    23.3076     8.8001     69.508    98.5069     0.4390      8.027     4.6514     6.6474    203.002    207.733      12326          2  0.000e+00
   58.34908 -134.78004    124.503     26.140     25.895     8.8025    30.0920  1023.4268    23.3074     8.7999     69.561    98.5069     0.4390      8.027     4.6550     6.6525    203.157    207.892      12327          2  0.000e+00
   58.34894 -134.78004    108.653     10.164     10.069    10.5250    28.3945  1021.7622    21.7161    10.5239     86.318    91.4028     2.2266      8.201     5.6214     8.0336    245.716    251.052      13636          3  0.000e+00
   58.34894 -134.78004    108.949     10.463     10.365    10.5224    28.3973  1021.7662    21.7186    10.5213     86.321    91.0392     2.2852      8.201     5.6218     8.0341    245.734    251.071      13637          3  0.000e+00
   58.34894 -134.78004    108.717     10.229     10.133    10.5204    28.3969  1021.7652    21.7187    10.5193     86.379    90.8434     2.2852      8.201     5.6258     8.0399    245.910    251.250      13638          3  0.000e+00
   58.34894 -134.78004    108.741     10.253     10.157    10.5178    28.3952  1021.7644    21.7178    10.5166     86.330    90.8434     2.2852      8.201     5.6230     8.0358    245.786    251.124      13639          3  0.000e+00
   58.34894 -134.78004    108.773     10.285     10.189    10.5168    28.3909  1021.7613    21.7146    10.5157     86.330    90.8434     2.2852      8.201     5.6233     8.0363    245.800    251.137      13640          3  0.000e+00
   58.34894 -134.78004    108.773     10.285     10.189    10.5215    28.3826  1021.7541    21.7074    10.5204     86.330    90.8714     2.2852      8.197     5.6230     8.0358    245.788    251.124      13641          3  0.000e+00
   58.34894 -134.78004    108.829     10.342     10.245    10.5258    28.3767  1021.7491    21.7021    10.5247     86.330    90.8714     2.2852      8.201     5.6227     8.0354    245.777    251.111      13642          3  0.000e+00
   58.34894 -134.78004    108.741     10.253     10.157    10.5293    28.3738  1021.7458    21.6993    10.5282     86.280    90.8714     2.2852      8.201     5.6191     8.0303    245.621    250.951      13643          3  0.000e+00
   58.34894 -134.78004    108.717     10.229     10.133    10.5308    28.3732  1021.7450    21.6986    10.5297     86.336    90.8714     2.2852      8.201     5.6226     8.0353    245.773    251.106      13644          3  0.000e+00
   58.34894 -134.78004    108.829     10.342     10.245    10.5289    28.3760  1021.7480    21.7010    10.5278     86.284    90.8714     2.2852      8.201     5.6194     8.0307    245.631    250.961      13645          3  0.000e+00
   58.34894 -134.78004    108.773     10.285     10.189    10.5270    28.3779  1021.7496    21.7029    10.5259     86.336    90.8714     2.2852      8.201     5.6229     8.0357    245.785    251.119      13646          3  0.000e+00
   58.34894 -134.78004    108.741     10.253     10.157    10.5254    28.3779  1021.7497    21.7031    10.5242     86.338    90.8714     2.2852      8.201     5.6233     8.0362    245.800    251.135      13647          3  0.000e+00
   58.34894 -134.78004    108.773     10.285     10.189    10.5247    28.3760  1021.7484    21.7017    10.5236     86.341    90.8714     2.2852      8.197     5.6236     8.0367    245.816    251.150      13648          3  0.000e+00
   58.34894 -134.78004    108.773     10.285     10.189    10.5262    28.3742  1021.7468    21.7001    10.5251     86.289    90.8714     2.2852      8.201     5.6201     8.0317    245.662    250.993      13649          3  0.000e+00
   58.34894 -134.78004    108.773     10.285     10.189    10.5323    28.3701  1021.7426    21.6959    10.5312     86.286    90.8714     2.2852      8.201     5.6193     8.0305    245.629    250.958      13650          3  0.000e+00
   58.34894 -134.78004    108.741     10.253     10.157    10.5419    28.3622  1021.7347    21.6882    10.5408     86.278    90.8714     2.2852      8.201     5.6178     8.0285    245.567    250.893      13651          3  0.000e+00
   58.34894 -134.78004    108.773     10.285     10.189    10.5424    28.3594  1021.7327    21.6860    10.5413     86.277    90.8714     2.2852      8.196     5.6178     8.0284    245.566    250.891      13652          3  0.000e+00
   58.34894 -134.78004    108.717     10.229     10.133    10.5360    28.3626  1021.7359    21.6895    10.5349     86.221    90.8714     2.2852      8.201     5.6149     8.0242    245.436    250.759      13653          3  0.000e+00
   58.34894 -134.78004    108.797     10.309     10.213    10.5329    28.3638  1021.7377    21.6909    10.5318     86.217    90.8714     2.2852      8.201     5.6149     8.0243    245.438    250.762      13654          3  0.000e+00
   58.34894 -134.78004     77.735     10.285     10.189    10.5347    28.3611  1021.7352    21.6885    10.5336     86.211    90.8714     2.2852      8.201     5.6144     8.0236    245.418    250.741      13655          3  0.000e+00
   58.34894 -134.78004     23.345     10.229     10.133    10.5397    28.3558  1021.7300    21.6836    10.5385     86.206    90.8714     2.2852      8.201     5.6137     8.0225    245.386    250.707      13656          3  0.000e+00
   58.34894 -134.78004     10.189     10.285     10.189    10.5500    28.3461  1021.7211    21.6744    10.5488     86.196    91.2070     2.3145      8.201     5.6121     8.0203    245.321    250.638      13657          3  0.000e+00
   58.34894 -134.78004     10.157     10.253     10.157    10.5551    28.3410  1021.7162    21.6696    10.5540     86.187    91.4308     2.3438      8.201     5.6111     8.0188    245.275    250.590      13658          3  0.000e+00
   58.34894 -134.78004     10.678     10.285     10.189    10.5494    28.3448  1021.7202    21.6735    10.5482     86.180    91.4587     2.3731      8.201     5.6112     8.0189    245.279    250.595      13659          3  0.000e+00
   58.34894 -134.78004     11.288     10.285     10.189    10.5434    28.3478  1021.7234    21.6767    10.5423     86.173    91.4587     2.3731      8.201     5.6113     8.0192    245.285    250.602      13660          3  0.000e+00
   58.34894 -134.78004     11.183     10.229     10.133    10.5424    28.3455  1021.7216    21.6751    10.5413     86.165    91.4587     2.3731      8.201     5.6110     8.0187    245.272    250.589      13661          3  0.000e+00
   58.34894 -134.78004     11.166     10.309     10.213    10.5419    28.3448  1021.7215    21.6747    10.5408     86.159    91.4587     2.3731      8.201     5.6107     8.0183    245.259    250.575      13662          3  0.000e+00
   58.34894 -134.78004     11.061     10.229     10.133    10.5418    28.3455  1021.7216    21.6752    10.5407     86.152    91.4308     2.3731      8.201     5.6103     8.0176    245.238    250.554      13663          3  0.000e+00
   58.34894 -134.78004     11.117     10.285     10.189    10.5372    28.3502  1021.7263    21.6796    10.5360     86.153    91.4587     2.3731      8.201     5.6107     8.0183    245.257    250.574      13664          3  0.000e+00
   58.34894 -134.78004     11.061     10.229     10.133    10.5285    28.3594  1021.7346    21.6882    10.5274     86.098    91.4587     2.3731      8.197     5.6079     8.0142    245.132    250.449      13665          3  0.000e+00
   58.34894 -134.78004     11.085     10.253     10.157    10.5260    28.3637  1021.7385    21.6919    10.5249     86.089    91.4587     2.3731      8.201     5.6074     8.0136    245.111    250.428      13666          3  0.000e+00
   58.34894 -134.78004     11.117     10.285     10.189    10.5253    28.3668  1021.7412    21.6945    10.5242     86.080    91.4587     2.3731      8.197     5.6069     8.0128    245.086    250.403      13667          3  0.000e+00
   58.34894 -134.78004     11.117     10.285     10.189    10.5236    28.3699  1021.7439    21.6971    10.5224     86.072    91.4308     2.3731      8.197     5.6064     8.0122    245.066    250.383      13668          3  0.000e+00
   58.34894 -134.78004     11.061     10.229     10.133    10.5290    28.3664  1021.7400    21.6936    10.5279     86.063    91.4587     2.3731      8.201     5.6053     8.0105    245.018    250.333      13669          3  0.000e+00
   58.34894 -134.78004     16.311     10.253     10.157    10.5383    28.3602  1021.7338    21.6872    10.5372     86.061    91.4587     2.3731      8.201     5.6042     8.0090    244.973    250.285      13670          3  0.000e+00
   58.34894 -134.78004     21.156     10.164     10.069    10.5403    28.3588  1021.7320    21.6858    10.5391     86.059    91.4587     2.3731      8.201     5.6039     8.0086    244.959    250.271      13671          3  0.000e+00
   58.34894 -134.78004     22.358     10.342     10.245    10.5474    28.3531  1021.7272    21.6803    10.5463     86.060    91.4587     2.3731      8.201     5.6033     8.0077    244.935    250.245      13672          3  0.000e+00
   58.34894 -134.78004     22.082     10.285     10.189    10.5594    28.3442  1021.7181    21.6714    10.5583     86.054    91.4587     2.3731      8.196     5.6018     8.0055    244.869    250.176      13673          3  0.000e+00
   58.34894 -134.78004     21.774     10.196     10.101    10.5625    28.3420  1021.7155    21.6691    10.5614     86.049    91.4308     2.3731      8.196     5.6012     8.0046    244.842    250.147      13674          3  0.000e+00
