EcoFOCI/data/1_SampleCollection/2022_GOA-OA_CruiseData/CTD_raw_BottleFile_RC0083/RC0083_056.ros
* Sea-Bird SBE 9 Data File:
* FileName = C:\Data\RC0083ctd\RC0083_056.hex
* Software Version Seasave V 7.26.7.107
* Temperature SN = 2060
* Conductivity SN = 1084
* Number of Bytes Per Scan = 31
* Number of Voltage Words = 4
* Number of Scans Averaged by the Deck Unit = 1
* NMEA Latitude = 58 58.28 N
* NMEA Longitude = 136 54.88 W
* NMEA UTC (Time) = Aug 20 2022  04:11:54
* NMEA baud rate = 4800
** Ship: R/V Rachel Carson
** Cruise ID: RC0083
** Tech: McHugh/Nomura
** Chief Scientist: Cross
** Station: GB11
** Cast:  CTD056
# nquan = 21
# nvalues = 147                                   
# units = specified
# name 0 = latitude: Latitude [deg]
# name 1 = longitude: Longitude [deg]
# name 2 = sfdSM: Seafloor depth [salt water, m]
# name 3 = prDM: Pressure, Digiquartz [db]
# name 4 = depSM: Depth [salt water, m]
# name 5 = t090C: Temperature [ITS-90, deg C]
# name 6 = sal00: Salinity, Practical [PSU]
# name 7 = density00: Density [density, kg/m^3]
# name 8 = sigma-é00: Density [sigma-theta, kg/m^3]
# name 9 = potemp090C: Potential Temperature [ITS-90, deg C]
# name 10 = sbeox0PS: Oxygen, SBE 43 [% saturation]
# name 11 = CStarTr0: Beam Transmission, WET Labs C-Star [%]
# name 12 = flECO-AFL: Fluorescence, WET Labs ECO-AFL/FL [mg/m^3]
# name 13 = ph: pH
# name 14 = sbeox0ML/L: Oxygen, SBE 43 [ml/l]
# name 15 = sbeox0Mg/L: Oxygen, SBE 43 [mg/l]
# name 16 = sbox0Mm/Kg: Oxygen, SBE 43 [umol/kg]
# name 17 = sbeox0Mm/L: Oxygen, SBE 43 [umol/l]
# name 18 = scan: Scan Count
# name 19 = nbf: Bottles Fired
# name 20 = flag:  0.000e+00
# interval = seconds: 0.0416667
# start_time = Aug 20 2022 04:11:54 [NMEA time, header]
# bad_flag = -9.990e-29
*END*
[from data line 69]
   58.97016 -136.91278    101.179      2.570      2.546     5.7626    18.0390  1014.2127    14.2005     5.7625     97.341    54.2879     0.2339      8.275     7.5690    10.8168    333.297    338.030      22115          2  0.000e+00
   58.97016 -136.91278    101.259      2.651      2.626     5.7414    17.9805  1014.1686    14.1561     5.7413     97.380    54.2600     0.2339      8.275     7.5789    10.8310    333.747    338.472      22116          2  0.000e+00
   58.97016 -136.91278    101.235      2.627      2.602     5.7266    17.8889  1014.0975    14.0851     5.7264     97.406    54.0083     0.2339      8.275     7.5883    10.8444    334.185    338.892      22117          2  0.000e+00
   58.97016 -136.91278    101.195      2.586      2.562     5.7307    17.8256  1014.0472    14.0349     5.7306     97.480    53.8404     0.2339      8.275     7.5965    10.8561    334.564    339.259      22118          2  0.000e+00
   58.97016 -136.91278    101.179      2.570      2.546     5.7173    17.8208  1014.0444    14.0322     5.7171     97.517    53.8404     0.2339      8.275     7.6021    10.8642    334.812    339.510      22119          2  0.000e+00
   58.97016 -136.91278    101.259      2.651      2.626     5.7021    17.8171  1014.0431    14.0305     5.7020     97.546    53.8404     0.2339      8.275     7.6073    10.8716    335.042    339.743      22120          2  0.000e+00
   58.97016 -136.91278    101.179      2.570      2.546     5.7113    17.7796  1014.0124    14.0002     5.7112     97.562    53.8404     0.2339      8.275     7.6088    10.8737    335.117    339.809      22121          2  0.000e+00
   58.97016 -136.91278    101.195      2.586      2.562     5.7074    17.7405  1013.9820    13.9697     5.7073     97.582    53.8404     0.2339      8.275     7.6130    10.8797    335.312    339.996      22122          2  0.000e+00
   58.97016 -136.91278    101.235      2.627      2.602     5.7079    17.7170  1013.9636    13.9511     5.7078     97.597    53.8404     0.2339      8.275     7.6153    10.8830    335.420    340.100      22123          2  0.000e+00
   58.97016 -136.91278    101.195      2.586      2.562     5.7131    17.7059  1013.9542    13.9420     5.7129     97.672    53.8404     0.2339      8.275     7.6207    10.8908    335.663    340.343      22124          2  0.000e+00
   58.97016 -136.91278    101.235      2.627      2.602     5.7135    17.7107  1013.9582    13.9458     5.7134     97.634    53.8404     0.2339      8.275     7.6175    10.8861    335.517    340.196      22125          2  0.000e+00
   58.97016 -136.91278    101.195      2.586      2.562     5.7087    17.7269  1013.9711    13.9588     5.7086     97.707    53.8404     0.2339      8.275     7.6232    10.8943    335.765    340.452      22126          2  0.000e+00
   58.97016 -136.91278    101.179      2.570      2.546     5.7048    17.7584  1013.9962    13.9840     5.7047     97.728    53.8404     0.2339      8.275     7.6240    10.8955    335.793    340.489      22127          2  0.000e+00
   58.97016 -136.91278    101.195      2.586      2.562     5.7031    17.7791  1014.0127    14.0005     5.7030     97.739    53.8404     0.2339      8.275     7.6241    10.8956    335.792    340.493      22128          2  0.000e+00
   58.97016 -136.91278    101.235      2.627      2.602     5.6999    17.7542  1013.9935    13.9811     5.6997     97.748    53.8404     0.2339      8.280     7.6267    10.8993    335.911    340.607      22129          2  0.000e+00
   58.97016 -136.91278    101.195      2.586      2.562     5.6890    17.6960  1013.9484    13.9361     5.6889     97.755    53.8404     0.2339      8.280     7.6322    10.9071    336.168    340.853      22130          2  0.000e+00
   58.97016 -136.91278    101.235      2.627      2.602     5.6827    17.6144  1013.8847    13.8723     5.6825     97.814    53.8404     0.2339      8.280     7.6422    10.9214    336.629    341.299      22131          2  0.000e+00
   58.97016 -136.91278    101.195      2.586      2.562     5.6752    17.5450  1013.8305    13.8182     5.6751     97.766    53.8404     0.2339      8.280     7.6433    10.9230    336.697    341.349      22132          2  0.000e+00
   58.97016 -136.91278    101.179      2.570      2.546     5.6682    17.5173  1013.8092    13.7970     5.6681     97.819    53.8404     0.2339      8.280     7.6501    10.9328    337.006    341.655      22133          2  0.000e+00
   58.97016 -136.91278    101.195      2.586      2.562     5.6475    17.5240  1013.8161    13.8039     5.6474     97.777    53.8404     0.2339      8.280     7.6504    10.9332    337.015    341.667      22134          2  0.000e+00
   58.97016 -136.91278    101.235      2.627      2.602     5.6339    17.4895  1013.7902    13.7777     5.6338     97.779    53.8404     0.2339      8.280     7.6549    10.9396    337.220    341.866      22135          2  0.000e+00
   58.97016 -136.91278    101.195      2.586      2.562     5.6372    17.4272  1013.7406    13.7283     5.6370     97.820    53.8404     0.2339      8.280     7.6607    10.9478    337.491    342.125      22136          2  0.000e+00
   58.97016 -136.91278    101.235      2.627      2.602     5.6342    17.3870  1013.7094    13.6969     5.6340     97.765    53.7565     0.2339      8.280     7.6589    10.9454    337.426    342.047      22137          2  0.000e+00
   58.97016 -136.91278    101.179      2.570      2.546     5.6182    17.3756  1013.7014    13.6892     5.6181     97.806    53.7006     0.2339      8.280     7.6657    10.9551    337.727    342.350      22138          2  0.000e+00
   58.97016 -136.91278    101.195      2.587      2.562     5.6075    17.3654  1013.6943    13.6820     5.6073     97.802    53.6726     0.2339      8.280     7.6680    10.9583    337.830    342.453      22139          2  0.000e+00
   58.97016 -136.91278    101.235      2.627      2.602     5.5962    17.3628  1013.6932    13.6808     5.5961     97.741    53.6726     0.2339      8.280     7.6654    10.9546    337.717    342.337      22140          2  0.000e+00
   58.97016 -136.91278    101.195      2.587      2.562     5.6004    17.3651  1013.6945    13.6822     5.6003     97.775    53.6726     0.2339      8.280     7.6672    10.9572    337.795    342.417      22141          2  0.000e+00
   58.97016 -136.91278    101.179      2.570      2.546     5.6193    17.3828  1013.7069    13.6947     5.6192     97.754    53.6726     0.2339      8.280     7.6611    10.9485    337.524    342.146      22142          2  0.000e+00
   58.97016 -136.91278    101.259      2.651      2.626     5.6328    17.4306  1013.7439    13.7314     5.6327     97.734    53.6726     0.2339      8.280     7.6545    10.9391    337.221    341.851      22143          2  0.000e+00
   58.97016 -136.91278    101.356      2.749      2.724     5.5668    16.3842  1012.9248    12.9117     5.5666     99.264    54.5956     0.1753      8.319     7.8413    11.2060    345.729    350.193      22323          3  0.000e+00
   58.97016 -136.91278    101.076      2.467      2.444     5.5676    16.3801  1012.9201    12.9084     5.5674     99.308    54.5956     0.1753      8.319     7.8449    11.2111    345.887    350.352      22324          3  0.000e+00
   58.97016 -136.91278    101.412      2.806      2.780     5.5645    16.3795  1012.9215    12.9081     5.5644     99.311    54.5956     0.1753      8.319     7.8457    11.2123    345.924    350.389      22325          3  0.000e+00
   58.97016 -136.91278    101.196      2.588      2.564     5.5628    16.3800  1012.9210    12.9087     5.5626     99.304    54.5956     0.1753      8.319     7.8454    11.2119    345.912    350.377      22326          3  0.000e+00
   58.97016 -136.91278    101.180      2.572      2.548     5.5613    16.3801  1012.9211    12.9089     5.5612     99.305    54.5956     0.1753      8.319     7.8458    11.2124    345.928    350.394      22327          3  0.000e+00
   58.97016 -136.91278    101.196      2.588      2.564     5.5596    16.3784  1012.9200    12.9077     5.5594     99.304    54.5956     0.1753      8.324     7.8462    11.2130    345.946    350.412      22328          3  0.000e+00
   58.97016 -136.91278    101.292      2.685      2.660     5.5577    16.3771  1012.9195    12.9068     5.5576     99.303    54.5956     0.1753      8.319     7.8465    11.2135    345.961    350.426      22329          3  0.000e+00
   58.97016 -136.91278    101.196      2.588      2.564     5.5597    16.3754  1012.9176    12.9052     5.5596     99.297    54.5956     0.1753      8.319     7.8457    11.2123    345.926    350.390      22330          3  0.000e+00
   58.97016 -136.91278    101.236      2.628      2.604     5.5636    16.3750  1012.9172    12.9047     5.5634     99.289    54.5956     0.1753      8.324     7.8444    11.2104    345.868    350.331      22331          3  0.000e+00
   58.97016 -136.91278    101.196      2.588      2.564     5.5664    16.3755  1012.9172    12.9049     5.5663     99.279    54.5956     0.1753      8.324     7.8430    11.2085    345.807    350.270      22332          3  0.000e+00
   58.97016 -136.91278    101.236      2.628      2.604     5.5670    16.3767  1012.9182    12.9057     5.5669     99.269    54.5956     0.1753      8.324     7.8420    11.2070    345.762    350.225      22333          3  0.000e+00
   58.97016 -136.91278    101.196      2.588      2.564     5.5677    16.3777  1012.9188    12.9065     5.5676     99.263    54.5956     0.1753      8.324     7.8414    11.2062    345.736    350.198      22334          3  0.000e+00
   58.97016 -136.91278    101.236      2.628      2.604     5.5700    16.3776  1012.9188    12.9063     5.5698     99.249    54.5956     0.1753      8.324     7.8398    11.2039    345.666    350.128      22335          3  0.000e+00
   58.97016 -136.91278    101.196      2.588      2.564     5.5710    16.3785  1012.9192    12.9069     5.5709     99.240    54.5956     0.1753      8.324     7.8389    11.2025    345.623    350.084      22336          3  0.000e+00
   58.97016 -136.91278    101.236      2.628      2.604     5.5722    16.3789  1012.9196    12.9071     5.5721     99.230    54.5956     0.1753      8.324     7.8379    11.2011    345.579    350.040      22337          3  0.000e+00
   58.97016 -136.91278    101.260      2.653      2.628     5.5721    16.3815  1012.9218    12.9092     5.5719     99.219    54.5956     0.1753      8.324     7.8369    11.1997    345.535    349.996      22338          3  0.000e+00
   58.97016 -136.91278    101.180      2.572      2.548     5.5708    16.3849  1012.9242    12.9120     5.5706     99.205    54.9312     0.1753      8.324     7.8359    11.1983    345.490    349.951      22339          3  0.000e+00
   58.97016 -136.91278    101.196      2.588      2.564     5.5700    16.3853  1012.9247    12.9123     5.5698     99.191    55.2389     0.1753      8.324     7.8349    11.1968    345.446    349.906      22340          3  0.000e+00
   58.97016 -136.91278    101.236      2.628      2.604     5.5692    16.3823  1012.9225    12.9100     5.5690     99.232    55.2948     0.1753      8.324     7.8384    11.2019    345.602    350.063      22341          3  0.000e+00
   58.97016 -136.91278    101.260      2.653      2.628     5.5688    16.3790  1012.9201    12.9074     5.5687     99.230    55.2669     0.1753      8.324     7.8385    11.2020    345.607    350.068      22342          3  0.000e+00
   58.97016 -136.91278    101.180      2.572      2.548     5.5677    16.3765  1012.9178    12.9056     5.5676     99.225    55.2669     0.1753      8.324     7.8385    11.2020    345.606    350.066      22343          3  0.000e+00
   58.97016 -136.91278    101.260      2.653      2.628     5.5672    16.3745  1012.9166    12.9040     5.5671     99.221    55.2669     0.1753      8.324     7.8383    11.2018    345.600    350.060      22344          3  0.000e+00
   58.97016 -136.91278    101.180      2.572      2.548     5.5670    16.3726  1012.9148    12.9026     5.5669     99.213    55.2669     0.1753      8.324     7.8378    11.2010    345.578    350.037      22345          3  0.000e+00
   58.97016 -136.91278    101.260      2.653      2.628     5.5660    16.3712  1012.9141    12.9015     5.5659     99.205    55.2669     0.1753      8.324     7.8375    11.2006    345.564    350.022      22346          3  0.000e+00
   58.97016 -136.91278    101.180      2.572      2.548     5.5637    16.3714  1012.9140    12.9018     5.5636     99.259    55.2669     0.1753      8.324     7.8422    11.2072    345.770    350.231      22347          3  0.000e+00
   58.97016 -136.91278    101.260      2.653      2.628     5.5624    16.3716  1012.9147    12.9021     5.5623     99.264    55.2669     0.1753      8.324     7.8428    11.2082    345.799    350.260      22348          3  0.000e+00
   58.97016 -136.91278    101.180      2.572      2.548     5.5630    16.3714  1012.9141    12.9019     5.5629     99.209    55.2669     0.1753      8.324     7.8384    11.2018    345.602    350.061      22349          3  0.000e+00
   58.97016 -136.91278    101.260      2.653      2.628     5.5649    16.3707  1012.9138    12.9012     5.5648     99.259    55.2669     0.1753      8.324     7.8420    11.2069    345.761    350.222      22350          3  0.000e+00
   58.97016 -136.91278    101.180      2.572      2.548     5.5669    16.3699  1012.9126    12.9004     5.5668     99.256    55.2669     0.1753      8.324     7.8414    11.2062    345.739    350.199      22351          3  0.000e+00
   58.97016 -136.91278    101.260      2.653      2.628     5.5684    16.3701  1012.9131    12.9005     5.5682     99.255    55.2669     0.1753      8.324     7.8410    11.2056    345.720    350.180      22352          3  0.000e+00
   58.97016 -136.91278    101.180      2.572      2.548     5.5690    16.3710  1012.9134    12.9011     5.5689     99.258    55.2669     0.1753      8.324     7.8411    11.2057    345.723    350.183      22353          3  0.000e+00
   58.97016 -136.91278    101.196      2.588      2.564     5.5692    16.3733  1012.9152    12.9029     5.5691     99.261    55.2669     0.1753      8.324     7.8412    11.2058    345.726    350.187      22354          3  0.000e+00
   58.97016 -136.91278    101.236      2.628      2.604     5.5694    16.3758  1012.9174    12.9049     5.5693     99.263    55.2669     0.1460      8.324     7.8412    11.2058    345.725    350.186      22355          3  0.000e+00
   58.97016 -136.91278    101.196      2.588      2.564     5.5717    16.3770  1012.9180    12.9056     5.5716     99.262    55.2669     0.1460      8.324     7.8406    11.2050    345.700    350.161      22356          3  0.000e+00
   58.97016 -136.91278    101.236      2.628      2.604     5.5732    16.3774  1012.9183    12.9058     5.5730     99.261    55.2669     0.1460      8.324     7.8402    11.2045    345.683    350.145      22357          3  0.000e+00
   58.97016 -136.91278    101.196      2.588      2.564     5.5714    16.3776  1012.9185    12.9062     5.5713     99.259    55.2669     0.1460      8.324     7.8404    11.2047    345.689    350.151      22358          3  0.000e+00
   58.97016 -136.91278    101.236      2.628      2.604     5.5700    16.3772  1012.9185    12.9060     5.5698     99.256    55.4067     0.1460      8.324     7.8405    11.2048    345.693    350.155      22359          3  0.000e+00
   58.97016 -136.91278    101.196      2.588      2.564     5.5709    16.3741  1012.9158    12.9034     5.5708     99.251    55.6305     0.1460      8.324     7.8400    11.2041    345.674    350.134      22360          3  0.000e+00
   58.97016 -136.91278    101.236      2.628      2.604     5.5709    16.3709  1012.9134    12.9009     5.5708     99.245    55.6864     0.1460      8.324     7.8397    11.2037    345.662    350.121      22361          3  0.000e+00
