EcoFOCI/data/1_SampleCollection/2022_GOA-OA_CruiseData/CTD_raw_BottleFile_RC0083/RC0083_043.ros
* Sea-Bird SBE 9 Data File:
* FileName = C:\Data\RC0083ctd\RC0083_043.hex
* Software Version Seasave V 7.26.7.107
* Temperature SN = 2060
* Conductivity SN = 1084
* Number of Bytes Per Scan = 31
* Number of Voltage Words = 4
* Number of Scans Averaged by the Deck Unit = 1
* NMEA Latitude = 58 07.79 N
* NMEA Longitude = 136 33.45 W
* NMEA UTC (Time) = Aug 18 2022  22:19:16
* NMEA baud rate = 4800
** Ship: R/V Rachel Carson
** Cruise ID: RC0083
** Tech: McHugh/Nomura
** Chief Scientist: Cross
** Station: XS2
** Cast:  CTD043
# nquan = 21
# nvalues = 441                                   
# units = specified
# name 0 = latitude: Latitude [deg]
# name 1 = longitude: Longitude [deg]
# name 2 = sfdSM: Seafloor depth [salt water, m]
# name 3 = prDM: Pressure, Digiquartz [db]
# name 4 = depSM: Depth [salt water, m]
# name 5 = t090C: Temperature [ITS-90, deg C]
# name 6 = sal00: Salinity, Practical [PSU]
# name 7 = density00: Density [density, kg/m^3]
# name 8 = sigma-é00: Density [sigma-theta, kg/m^3]
# name 9 = potemp090C: Potential Temperature [ITS-90, deg C]
# name 10 = sbeox0PS: Oxygen, SBE 43 [% saturation]
# name 11 = CStarTr0: Beam Transmission, WET Labs C-Star [%]
# name 12 = flECO-AFL: Fluorescence, WET Labs ECO-AFL/FL [mg/m^3]
# name 13 = ph: pH
# name 14 = sbeox0ML/L: Oxygen, SBE 43 [ml/l]
# name 15 = sbeox0Mg/L: Oxygen, SBE 43 [mg/l]
# name 16 = sbox0Mm/Kg: Oxygen, SBE 43 [umol/kg]
# name 17 = sbeox0Mm/L: Oxygen, SBE 43 [umol/l]
# name 18 = scan: Scan Count
# name 19 = nbf: Bottles Fired
# name 20 = flag:  0.000e+00
# interval = seconds: 0.0416667
# start_time = Aug 18 2022 22:19:16 [NMEA time, header]
# bad_flag = -9.990e-29
*END*
   58.13000 -136.55502    324.603    318.176    314.981     5.9701    33.4995  1027.8360    26.3741     5.9433     37.504    98.0314    -0.0591      7.749     2.6189     3.7426    113.953    116.958      11356          1  0.000e+00
   58.13000 -136.55502    324.723    318.297    315.102     5.9690    33.5002  1027.8372    26.3748     5.9422     37.560    97.9755    -0.0591      7.749     2.6228     3.7482    114.124    117.134      11357          1  0.000e+00
   58.13000 -136.55502    324.627    318.176    314.981     5.9692    33.5003  1027.8367    26.3748     5.9424     37.564    97.9755    -0.0591      7.749     2.6230     3.7486    114.134    117.145      11358          1  0.000e+00
   58.13000 -136.55502    324.571    318.119    314.925     5.9696    33.5000  1027.8362    26.3745     5.9428     37.567    97.9755    -0.0591      7.749     2.6233     3.7489    114.145    117.155      11359          1  0.000e+00
   58.13000 -136.55502    324.627    318.176    314.981     5.9697    33.4997  1027.8361    26.3742     5.9429     37.571    97.9755    -0.0591      7.749     2.6235     3.7493    114.156    117.167      11360          1  0.000e+00
   58.13000 -136.55502    324.515    318.062    314.869     5.9701    33.4993  1027.8352    26.3739     5.9433     37.574    98.0035    -0.0591      7.749     2.6237     3.7495    114.163    117.174      11361          1  0.000e+00
   58.13000 -136.55502    324.571    318.119    314.925     5.9698    33.4999  1027.8360    26.3744     5.9430     37.577    98.0035    -0.0591      7.749     2.6239     3.7498    114.173    117.184      11362          1  0.000e+00
   58.13000 -136.55502    324.620    318.119    314.925     5.9701    33.4996  1027.8358    26.3741     5.9433     37.579    98.0035    -0.0591      7.749     2.6241     3.7501    114.180    117.192      11363          1  0.000e+00
   58.13000 -136.55502    324.563    318.062    314.869     5.9698    33.4996  1027.8355    26.3741     5.9431     37.581    97.9755    -0.0591      7.749     2.6242     3.7503    114.187    117.198      11364          1  0.000e+00
   58.13000 -136.55502    324.507    318.005    314.813     5.9697    33.4999  1027.8355    26.3744     5.9429     37.583    98.0035    -0.0591      7.749     2.6243     3.7504    114.191    117.203      11365          1  0.000e+00
   58.13000 -136.55502    324.563    318.062    314.869     5.9698    33.4997  1027.8356    26.3742     5.9431     37.584    97.9755    -0.0591      7.749     2.6245     3.7506    114.196    117.208      11366          1  0.000e+00
   58.13000 -136.55502    324.443    317.940    314.748     5.9698    33.4996  1027.8350    26.3741     5.9431     37.576    97.9755    -0.0591      7.749     2.6239     3.7498    114.171    117.182      11367          1  0.000e+00
   58.13000 -136.55502    324.524    317.997    314.804     5.9698    33.4997  1027.8353    26.3743     5.9431     37.577    97.9755    -0.0591      7.749     2.6239     3.7498    114.173    117.184      11368          1  0.000e+00
   58.13000 -136.55502    324.492    317.940    314.748     5.9694    33.5003  1027.8356    26.3747     5.9426     37.517    98.0035    -0.0591      7.749     2.6198     3.7440    113.994    117.000      11369          1  0.000e+00
   58.13000 -136.55502    324.428    317.875    314.684     5.9692    33.5001  1027.8351    26.3746     5.9424     37.568    97.9755    -0.0591      7.749     2.6233     3.7490    114.146    117.157      11370          1  0.000e+00
   58.13000 -136.55502    324.492    317.940    314.748     5.9692    33.5006  1027.8358    26.3750     5.9424     37.567    97.9755    -0.0591      7.749     2.6233     3.7490    114.146    117.157      11371          1  0.000e+00
   58.13000 -136.55502    324.452    317.875    314.684     5.9696    33.5000  1027.8350    26.3745     5.9428     37.566    97.9755    -0.0591      7.749     2.6232     3.7488    114.142    117.153      11372          1  0.000e+00
   58.13000 -136.55502    324.445    317.818    314.628     5.9694    33.5003  1027.8350    26.3747     5.9426     37.565    97.9475    -0.0591      7.749     2.6231     3.7487    114.138    117.149      11373          1  0.000e+00
   58.13000 -136.55502    324.453    317.827    314.636     5.9696    33.4997  1027.8346    26.3743     5.9428     37.573    97.6678    -0.0591      7.749     2.6236     3.7495    114.161    117.172      11374          1  0.000e+00
   58.13000 -136.55502    324.445    317.818    314.628     5.9698    33.5000  1027.8347    26.3744     5.9431     37.580    97.5280    -0.0591      7.749     2.6241     3.7502    114.183    117.194      11375          1  0.000e+00
   58.13000 -136.55502    324.380    317.753    314.564     5.9701    33.4996  1027.8341    26.3741     5.9433     37.578    97.5000    -0.0591      7.749     2.6240     3.7500    114.177    117.188      11376          1  0.000e+00
   58.13000 -136.55502    324.373    317.697    314.507     5.9703    33.4994  1027.8336    26.3739     5.9436     37.576    97.5280    -0.0591      7.749     2.6239     3.7497    114.170    117.181      11377          1  0.000e+00
   58.13000 -136.55502    324.341    317.640    314.451     5.9706    33.4990  1027.8330    26.3736     5.9439     37.574    97.5280    -0.0591      7.749     2.6237     3.7495    114.162    117.173      11378          1  0.000e+00
   58.13000 -136.55502    324.518    317.818    314.628     5.9711    33.4987  1027.8335    26.3733     5.9444     37.522    97.5280    -0.0591      7.749     2.6200     3.7443    114.004    117.011      11379          1  0.000e+00
   58.13000 -136.55502    324.398    317.697    314.507     5.9718    33.4988  1027.8329    26.3732     5.9450     37.578    97.5280    -0.0591      7.749     2.6239     3.7499    114.174    117.185      11380          1  0.000e+00
   58.13000 -136.55502    324.277    317.575    314.387     5.9718    33.4983  1027.8320    26.3729     5.9450     37.576    97.5280    -0.0591      7.749     2.6238     3.7496    114.166    117.177      11381          1  0.000e+00
   58.13000 -136.55502    324.390    317.640    314.451     5.9718    33.4985  1027.8325    26.3730     5.9450     37.574    97.5280    -0.0591      7.749     2.6236     3.7494    114.159    117.170      11382          1  0.000e+00
   58.13000 -136.55502    324.447    317.648    314.459     5.9719    33.4978  1027.8320    26.3725     5.9452     37.580    97.5280    -0.0591      7.749     2.6240     3.7500    114.178    117.189      11383          1  0.000e+00
   58.13000 -136.55502    324.319    317.518    314.331     5.9719    33.4981  1027.8316    26.3727     5.9452     37.576    97.5280    -0.0591      7.749     2.6238     3.7496    114.167    117.178      11384          1  0.000e+00
   58.13000 -136.55502    324.375    317.575    314.387     5.9724    33.4977  1027.8315    26.3724     5.9457     37.573    97.5280    -0.0591      7.749     2.6235     3.7493    114.157    117.168      11385          1  0.000e+00
   58.13000 -136.55502    324.319    317.518    314.331     5.9724    33.4975  1027.8311    26.3722     5.9457     37.578    97.5280    -0.0591      7.749     2.6239     3.7498    114.173    117.184      11386          1  0.000e+00
   58.13000 -136.55502    324.392    317.518    314.331     5.9726    33.4976  1027.8311    26.3722     5.9458     37.516    97.5280    -0.0591      7.749     2.6195     3.7436    113.983    116.989      11387          1  0.000e+00
   58.13000 -136.55502    324.352    317.453    314.267     5.9727    33.4976  1027.8308    26.3722     5.9459     37.562    97.5280    -0.0591      7.749     2.6228     3.7482    114.124    117.133      11388          1  0.000e+00
   58.13000 -136.55502    324.416    317.518    314.331     5.9727    33.4970  1027.8306    26.3718     5.9460     37.559    97.5280    -0.0591      7.749     2.6225     3.7479    114.113    117.122      11389          1  0.000e+00
   58.13000 -136.55502    324.296    317.396    314.210     5.9729    33.4975  1027.8304    26.3721     5.9461     37.554    97.5280    -0.0591      7.749     2.6222     3.7474    114.097    117.106      11390          1  0.000e+00
   58.13000 -136.55502    324.320    317.396    314.210     5.9726    33.4975  1027.8305    26.3722     5.9458     37.549    97.5280    -0.0591      7.749     2.6219     3.7469    114.084    117.093      11391          1  0.000e+00
   58.13000 -136.55502    324.353    317.404    314.218     5.9726    33.4975  1027.8305    26.3722     5.9458     37.553    97.5280    -0.0591      7.749     2.6221     3.7473    114.096    117.105      11392          1  0.000e+00
   58.13000 -136.55502    324.393    317.396    314.210     5.9729    33.4974  1027.8303    26.3720     5.9461     37.557    97.5280    -0.0591      7.749     2.6224     3.7477    114.107    117.116      11393          1  0.000e+00
   58.13000 -136.55502    324.337    317.339    314.154     5.9727    33.4974  1027.8301    26.3720     5.9460     37.493    97.4721    -0.0591      7.749     2.6179     3.7413    113.913    116.917      11394          1  0.000e+00
   58.13000 -136.55502    324.337    317.339    314.154     5.9726    33.4976  1027.8303    26.3723     5.9459     37.538    97.4161    -0.0591      7.749     2.6211     3.7458    114.051    117.059      11395          1  0.000e+00
   58.13000 -136.55502    324.386    317.339    314.154     5.9726    33.4975  1027.8302    26.3721     5.9459     37.533    97.3882    -0.0591      7.749     2.6207     3.7453    114.035    117.042      11396          1  0.000e+00
   58.13000 -136.55502    324.346    317.275    314.090     5.9727    33.4973  1027.8297    26.3720     5.9460     37.468    97.4161    -0.0591      7.744     2.6162     3.7388    113.838    116.840      11397          1  0.000e+00
   58.13000 -136.55502    324.371    317.275    314.090     5.9732    33.4972  1027.8296    26.3719     5.9465     37.463    97.4161    -0.0591      7.749     2.6158     3.7382    113.820    116.822      11398          1  0.000e+00
   58.13000 -136.55502    324.371    317.275    314.090     5.9735    33.4967  1027.8291    26.3714     5.9468     37.517    97.3882    -0.0591      7.749     2.6196     3.7436    113.983    116.989      11399          1  0.000e+00
   58.13000 -136.55502    324.323    317.226    314.042     5.9742    33.4961  1027.8284    26.3709     5.9474     37.511    97.3882    -0.0591      7.749     2.6191     3.7430    113.965    116.970      11400          1  0.000e+00
   58.13000 -136.55502    324.395    317.275    314.090     5.9745    33.4956  1027.8282    26.3704     5.9478     37.506    97.3882    -0.0591      7.749     2.6187     3.7424    113.948    116.953      11401          1  0.000e+00
   58.13000 -136.55500    324.363    317.218    314.034     5.9750    33.4953  1027.8276    26.3702     5.9482     37.508    97.3882    -0.0591      7.749     2.6189     3.7427    113.955    116.960      11402          1  0.000e+00
   58.13000 -136.55500    324.388    317.218    314.034     5.9748    33.4953  1027.8276    26.3702     5.9481     37.511    97.3882    -0.0591      7.749     2.6191     3.7430    113.964    116.969      11403          1  0.000e+00
   58.13000 -136.55500    324.363    317.218    314.034     5.9750    33.4953  1027.8276    26.3702     5.9482     37.505    97.4161    -0.0591      7.749     2.6187     3.7423    113.945    116.950      11404          1  0.000e+00
   58.13006 -136.55442    325.672    253.871    251.361     6.0731    33.4013  1027.4498    26.2830     6.0517     39.957   100.0172    -0.0591      7.768     2.7852     3.9803    121.201    124.387      14698          2  0.000e+00
   58.13006 -136.55442    325.519    253.717    251.209     6.0728    33.4012  1027.4491    26.2830     6.0514     39.953   100.0172    -0.0591      7.768     2.7850     3.9800    121.192    124.377      14699          2  0.000e+00
   58.13006 -136.55442    325.431    253.628    251.121     6.0730    33.4013  1027.4487    26.2830     6.0516     39.959   100.0172    -0.0591      7.768     2.7853     3.9805    121.207    124.393      14700          2  0.000e+00
   58.13006 -136.55442    325.576    253.750    251.241     6.0728    33.4013  1027.4493    26.2831     6.0514     39.965   100.0172    -0.0591      7.768     2.7858     3.9812    121.229    124.415      14701          2  0.000e+00
   58.13006 -136.55442    325.568    253.717    251.209     6.0730    33.4011  1027.4489    26.2828     6.0516     39.972   100.0172    -0.0591      7.768     2.7863     3.9818    121.248    124.434      14702          2  0.000e+00
   58.13006 -136.55442    325.544    253.693    251.185     6.0730    33.4011  1027.4488    26.2828     6.0516     39.970   100.0172    -0.0591      7.768     2.7861     3.9817    121.242    124.429      14703          2  0.000e+00
   58.13006 -136.55442    325.504    253.652    251.145     6.0728    33.4010  1027.4486    26.2828     6.0514     39.968   100.0452    -0.0591      7.768     2.7860     3.9815    121.237    124.423      14704          2  0.000e+00
   58.13006 -136.55442    325.544    253.693    251.185     6.0728    33.4017  1027.4493    26.2833     6.0514     39.966   100.0172    -0.0591      7.768     2.7859     3.9813    121.232    124.418      14705          2  0.000e+00
   58.13006 -136.55442    325.568    253.693    251.185     6.0728    33.4017  1027.4493    26.2833     6.0514     40.032   100.0172    -0.0591      7.768     2.7904     3.9878    121.429    124.621      14706          2  0.000e+00
   58.13006 -136.55442    325.617    253.717    251.209     6.0730    33.4012  1027.4490    26.2829     6.0516     40.038   100.0172    -0.0591      7.768     2.7909     3.9885    121.449    124.641      14707          2  0.000e+00
   58.13006 -136.55442    325.593    253.693    251.185     6.0734    33.4007  1027.4485    26.2825     6.0519     39.986   100.0172    -0.0591      7.768     2.7872     3.9833    121.291    124.478      14708          2  0.000e+00
   58.13006 -136.55442    325.553    253.652    251.145     6.0731    33.4012  1027.4487    26.2829     6.0517     39.993   100.0172    -0.0591      7.768     2.7877     3.9839    121.310    124.498      14709          2  0.000e+00
   58.13006 -136.55442    325.649    253.750    251.241     6.0733    33.4004  1027.4485    26.2823     6.0519     40.000    99.9893    -0.0591      7.768     2.7882     3.9846    121.333    124.522      14710          2  0.000e+00
   58.13006 -136.55442    325.617    253.693    251.185     6.0734    33.4003  1027.4481    26.2822     6.0520     39.998    99.9893    -0.0591      7.768     2.7881     3.9845    121.327    124.516      14711          2  0.000e+00
   58.13006 -136.55442    325.641    253.717    251.209     6.0735    33.4007  1027.4486    26.2825     6.0521     39.997    99.9893    -0.0591      7.768     2.7880     3.9843    121.323    124.512      14712          2  0.000e+00
   58.13006 -136.55442    325.617    253.693    251.185     6.0733    33.4009  1027.4486    26.2826     6.0519     39.995    99.9893    -0.0591      7.768     2.7879     3.9842    121.319    124.508      14713          2  0.000e+00
   58.13006 -136.55442    325.673    253.750    251.241     6.0733    33.4006  1027.4486    26.2824     6.0519     39.994    99.9893    -0.0591      7.768     2.7878     3.9841    121.316    124.504      14714          2  0.000e+00
   58.13006 -136.55442    325.641    253.717    251.209     6.0731    33.4009  1027.4487    26.2826     6.0517     39.993   100.0172    -0.0591      7.768     2.7877     3.9839    121.311    124.500      14715          2  0.000e+00
   58.13006 -136.55442    325.698    253.750    251.241     6.0734    33.4009  1027.4489    26.2827     6.0519     40.000    99.9893    -0.0591      7.768     2.7882     3.9847    121.333    124.522      14716          2  0.000e+00
