EcoFOCI/data/1_SampleCollection/2022_GOA-OA_CruiseData/CTD_raw_BottleFile_RC0083/RC0083_005.ros
* Sea-Bird SBE 9 Data File:
* FileName = C:\Data\RC0083ctd\RC0083_005.hex
* Software Version Seasave V 7.26.7.107
* Temperature SN = 2060
* Conductivity SN = 1084
* Number of Bytes Per Scan = 31
* Number of Voltage Words = 4
* Number of Scans Averaged by the Deck Unit = 1
* NMEA Latitude = 54 38.64 N
* NMEA Longitude = 133 33.20 W
* NMEA UTC (Time) = Aug 12 2022  09:21:35
* NMEA baud rate = 4800
** Ship: R/V Rachel Carson
** Cruise ID: RC0083 RC0083
** Tech: McHugh/Nomura
** Chief Scientist: Cross Cross
** Station: DE5
** Cast:  005
# nquan = 21
# nvalues = 490                                   
# units = specified
# name 0 = latitude: Latitude [deg]
# name 1 = longitude: Longitude [deg]
# name 2 = sfdSM: Seafloor depth [salt water, m]
# name 3 = prDM: Pressure, Digiquartz [db]
# name 4 = depSM: Depth [salt water, m]
# name 5 = t090C: Temperature [ITS-90, deg C]
# name 6 = sal00: Salinity, Practical [PSU]
# name 7 = density00: Density [density, kg/m^3]
# name 8 = sigma-é00: Density [sigma-theta, kg/m^3]
# name 9 = potemp090C: Potential Temperature [ITS-90, deg C]
# name 10 = sbeox0PS: Oxygen, SBE 43 [% saturation]
# name 11 = CStarTr0: Beam Transmission, WET Labs C-Star [%]
# name 12 = flECO-AFL: Fluorescence, WET Labs ECO-AFL/FL [mg/m^3]
# name 13 = ph: pH
# name 14 = sbeox0ML/L: Oxygen, SBE 43 [ml/l]
# name 15 = sbeox0Mg/L: Oxygen, SBE 43 [mg/l]
# name 16 = sbox0Mm/Kg: Oxygen, SBE 43 [umol/kg]
# name 17 = sbeox0Mm/L: Oxygen, SBE 43 [umol/l]
# name 18 = scan: Scan Count
# name 19 = nbf: Bottles Fired
# name 20 = flag:  0.000e+00
# interval = seconds: 0.0416667
# start_time = Aug 12 2022 09:21:35 [NMEA time, header]
# bad_flag = -9.990e-29
*END*
[from data line 138]
   54.64112 -133.55142    299.689    202.979    201.057     5.8140    33.7543  1027.5276    26.5935     5.7972     31.698   106.7857    -0.0884      7.749     2.2177     3.1694     96.479     99.044      24427          3  0.000e+00
   54.64112 -133.55142    300.146    203.441    201.514     5.8140    33.7537  1027.5293    26.5930     5.7972     31.650   106.7857    -0.0884      7.749     2.2144     3.1647     96.335     98.897      24428          3  0.000e+00
   54.64112 -133.55142    299.986    203.279    201.354     5.8140    33.7539  1027.5286    26.5931     5.7972     31.650   106.7857    -0.0884      7.749     2.2144     3.1646     96.334     98.896      24429          3  0.000e+00
   54.64112 -133.55142    299.914    203.206    201.281     5.8143    33.7533  1027.5278    26.5926     5.7975     31.650   106.7857    -0.0884      7.749     2.2144     3.1646     96.333     98.895      24430          3  0.000e+00
   54.64112 -133.55142    299.922    203.214    201.289     5.8140    33.7540  1027.5284    26.5932     5.7972     31.650   106.7857    -0.0884      7.749     2.2144     3.1647     96.335     98.897      24431          3  0.000e+00
   54.64112 -133.55142    299.970    203.263    201.338     5.8142    33.7540  1027.5286    26.5932     5.7974     31.651   106.7857    -0.0884      7.749     2.2145     3.1647     96.336     98.898      24432          3  0.000e+00
   54.64112 -133.55142    299.866    203.157    201.233     5.8140    33.7542  1027.5283    26.5933     5.7972     31.651   106.7857    -0.0884      7.749     2.2145     3.1647     96.336     98.898      24433          3  0.000e+00
   54.64112 -133.55142    299.970    203.263    201.338     5.8142    33.7541  1027.5287    26.5933     5.7974     31.652   106.7857    -0.0884      7.749     2.2145     3.1648     96.338     98.900      24434          3  0.000e+00
   54.64112 -133.55142    299.986    203.279    201.354     5.8142    33.7540  1027.5287    26.5932     5.7974     31.652   106.7857    -0.0884      7.749     2.2145     3.1648     96.340     98.902      24435          3  0.000e+00
   54.64078 -133.55122    249.920    152.715    151.287     6.2560    33.4416  1026.9927    26.2907     6.2430     43.490   106.9535    -0.0884      7.825     3.0178     4.3127    131.322    134.774      27947          4  0.000e+00
   54.64078 -133.55122    249.968    152.764    151.335     6.2560    33.4412  1026.9925    26.2904     6.2430     43.493   106.9535    -0.0884      7.825     3.0180     4.3130    131.331    134.784      27948          4  0.000e+00
   54.64078 -133.55122    249.791    152.585    151.159     6.2560    33.4417  1026.9921    26.2908     6.2430     43.486   106.9535    -0.0884      7.825     3.0175     4.3124    131.311    134.763      27949          4  0.000e+00
   54.64078 -133.55122    249.920    152.715    151.287     6.2563    33.4418  1026.9927    26.2908     6.2433     43.490   106.9535    -0.0884      7.825     3.0177     4.3126    131.319    134.771      27950          4  0.000e+00
   54.64078 -133.55122    249.912    152.707    151.279     6.2562    33.4413  1026.9923    26.2904     6.2432     43.492   106.9535    -0.0884      7.825     3.0179     4.3129    131.326    134.779      27951          4  0.000e+00
   54.64078 -133.55122    249.920    152.715    151.287     6.2564    33.4417  1026.9926    26.2907     6.2434     43.494   106.9535    -0.0884      7.825     3.0180     4.3131    131.333    134.786      27952          4  0.000e+00
   54.64078 -133.55122    249.912    152.707    151.279     6.2564    33.4413  1026.9923    26.2904     6.2434     43.439   106.9535    -0.0884      7.825     3.0142     4.3076    131.167    134.616      27953          4  0.000e+00
   54.64078 -133.55122    249.984    152.780    151.351     6.2564    33.4414  1026.9927    26.2905     6.2434     43.483   106.9535    -0.0884      7.825     3.0173     4.3120    131.300    134.752      27954          4  0.000e+00
   54.64078 -133.55122    249.968    152.764    151.335     6.2562    33.4411  1026.9924    26.2903     6.2432     43.428   106.9256    -0.0884      7.825     3.0135     4.3066    131.135    134.583      27955          4  0.000e+00
   54.64078 -133.55122    249.984    152.780    151.351     6.2558    33.4421  1026.9933    26.2911     6.2428     43.489   106.9256    -0.0884      7.825     3.0177     4.3126    131.317    134.770      27956          4  0.000e+00
   54.64078 -133.55122    250.032    152.828    151.399     6.2557    33.4419  1026.9935    26.2910     6.2427     43.492   106.9256    -0.0884      7.825     3.0179     4.3129    131.328    134.780      27957          4  0.000e+00
   54.64078 -133.55122    249.968    152.764    151.335     6.2556    33.4420  1026.9932    26.2911     6.2426     43.495   106.9256    -0.0884      7.825     3.0181     4.3132    131.336    134.789      27958          4  0.000e+00
   54.64078 -133.55122    250.040    152.837    151.407     6.2558    33.4420  1026.9936    26.2911     6.2428     43.498   106.8976    -0.0884      7.825     3.0183     4.3135    131.345    134.799      27959          4  0.000e+00
   54.64078 -133.55122    250.032    152.828    151.399     6.2559    33.4422  1026.9936    26.2912     6.2428     43.501   106.9256    -0.0884      7.825     3.0185     4.3138    131.354    134.807      27960          4  0.000e+00
   54.64078 -133.55122    250.040    152.837    151.407     6.2556    33.4419  1026.9934    26.2910     6.2426     43.504   106.9256    -0.0884      7.825     3.0188     4.3141    131.364    134.818      27961          4  0.000e+00
   54.64078 -133.55122    250.088    152.885    151.456     6.2555    33.4423  1026.9941    26.2914     6.2425     43.507   106.9256    -0.0884      7.825     3.0190     4.3144    131.374    134.828      27962          4  0.000e+00
   54.64078 -133.55122    250.040    152.837    151.407     6.2556    33.4424  1026.9939    26.2914     6.2426     43.453   106.9256    -0.0884      7.825     3.0152     4.3090    131.209    134.659      27963          4  0.000e+00
   54.64078 -133.55122    250.088    152.885    151.456     6.2554    33.4424  1026.9942    26.2915     6.2423     43.505   106.8976    -0.0884      7.825     3.0189     4.3143    131.369    134.823      27964          4  0.000e+00
   54.64078 -133.55122    250.096    152.893    151.464     6.2554    33.4424  1026.9942    26.2914     6.2423     43.443   106.9256    -0.0884      7.825     3.0146     4.3081    131.182    134.631      27965          4  0.000e+00
   54.64078 -133.55122    250.152    152.950    151.520     6.2552    33.4424  1026.9944    26.2915     6.2422     43.496   106.9256    -0.0884      7.825     3.0182     4.3134    131.342    134.795      27966          4  0.000e+00
   54.64078 -133.55122    250.088    152.885    151.456     6.2552    33.4427  1026.9944    26.2917     6.2422     43.442   106.9256    -0.0884      7.825     3.0145     4.3080    131.178    134.627      27967          4  0.000e+00
   54.64078 -133.55122    250.160    152.958    151.528     6.2551    33.4427  1026.9947    26.2917     6.2421     43.487   106.9256    -0.0884      7.825     3.0176     4.3125    131.314    134.766      27968          4  0.000e+00
   54.64078 -133.55122    250.088    152.885    151.456     6.2551    33.4427  1026.9944    26.2917     6.2421     43.490   106.9256    -0.0884      7.825     3.0178     4.3128    131.323    134.776      27969          4  0.000e+00
   54.64078 -133.55122    250.160    152.958    151.528     6.2549    33.4427  1026.9947    26.2917     6.2419     43.494   106.8976    -0.0884      7.825     3.0181     4.3131    131.335    134.788      27970          4  0.000e+00
   54.64078 -133.55122    250.152    152.950    151.520     6.2550    33.4425  1026.9945    26.2915     6.2420     43.497   106.9256    -0.0884      7.825     3.0183     4.3135    131.345    134.798      27971          4  0.000e+00
   54.64078 -133.55122    250.160    152.958    151.528     6.2548    33.4429  1026.9949    26.2919     6.2418     43.443   106.8976    -0.0884      7.825     3.0146     4.3081    131.182    134.632      27972          4  0.000e+00
   54.64078 -133.55122    250.152    152.950    151.520     6.2552    33.4425  1026.9945    26.2915     6.2422     43.439   106.9256    -0.0884      7.825     3.0143     4.3077    131.168    134.617      27973          4  0.000e+00
   54.64078 -133.55122    250.216    153.015    151.584     6.2554    33.4425  1026.9948    26.2915     6.2423     43.492   106.9256    -0.0884      7.825     3.0180     4.3130    131.329    134.782      27974          4  0.000e+00
   54.64078 -133.55122    250.032    152.829    151.400     6.2554    33.4427  1026.9941    26.2917     6.2423     43.495   106.9256    -0.0884      7.825     3.0182     4.3133    131.338    134.791      27975          4  0.000e+00
   54.64078 -133.55122    250.265    153.063    151.632     6.2552    33.4423  1026.9949    26.2914     6.2422     43.501   106.9535    -0.0884      7.825     3.0185     4.3138    131.355    134.808      27976          4  0.000e+00
   54.64078 -133.55122    250.216    153.015    151.584     6.2547    33.4430  1026.9953    26.2920     6.2417     43.447   106.9535    -0.0884      7.825     3.0149     4.3085    131.195    134.644      27977          4  0.000e+00
   54.64078 -133.55122    250.152    152.950    151.520     6.2536    33.4443  1026.9962    26.2932     6.2406     43.443   106.9535    -0.0884      7.825     3.0146     4.3082    131.185    134.634      27978          4  0.000e+00
   54.64078 -133.55122    250.160    152.958    151.528     6.2536    33.4439  1026.9959    26.2929     6.2406     43.440   106.9535    -0.0884      7.825     3.0144     4.3079    131.175    134.624      27979          4  0.000e+00
   54.64078 -133.55122    250.208    153.007    151.576     6.2539    33.4440  1026.9961    26.2929     6.2408     43.494   106.9535    -0.0884      7.825     3.0182     4.3133    131.339    134.792      27980          4  0.000e+00
   54.64078 -133.55122    250.160    152.958    151.528     6.2535    33.4442  1026.9961    26.2931     6.2405     43.442   106.9535    -0.0884      7.820     3.0146     4.3081    131.182    134.631      27981          4  0.000e+00
   54.64078 -133.55122    250.152    152.950    151.520     6.2536    33.4440  1026.9959    26.2929     6.2406     43.488   106.9535    -0.0884      7.825     3.0178     4.3127    131.321    134.773      27982          4  0.000e+00
   54.64078 -133.55122    250.216    153.015    151.584     6.2534    33.4440  1026.9963    26.2930     6.2404     43.436   106.9535    -0.0884      7.825     3.0142     4.3076    131.165    134.614      27983          4  0.000e+00
   54.64078 -133.55122    250.152    152.950    151.520     6.2535    33.4436  1026.9956    26.2926     6.2405     43.482   106.9535    -0.0884      7.825     3.0174     4.3121    131.304    134.756      27984          4  0.000e+00
   54.64078 -133.55122    250.152    152.950    151.520     6.2538    33.4435  1026.9955    26.2925     6.2408     43.430   106.9535    -0.0884      7.825     3.0137     4.3069    131.145    134.593      27985          4  0.000e+00
   54.64078 -133.55122    250.160    152.958    151.528     6.2542    33.4434  1026.9954    26.2924     6.2412     43.427   106.9535    -0.0884      7.825     3.0135     4.3066    131.136    134.584      27986          4  0.000e+00
   54.64078 -133.55122    250.152    152.950    151.520     6.2548    33.4427  1026.9948    26.2918     6.2418     43.482   106.9535    -0.0884      7.825     3.0173     4.3120    131.300    134.752      27987          4  0.000e+00
   54.64078 -133.55122    250.160    152.958    151.528     6.2549    33.4424  1026.9945    26.2915     6.2419     43.431   106.9535    -0.0884      7.825     3.0137     4.3069    131.144    134.592      27988          4  0.000e+00
   54.64078 -133.55122    250.152    152.950    151.520     6.2549    33.4432  1026.9951    26.2921     6.2418     43.486   106.9535    -0.0884      7.825     3.0175     4.3123    131.310    134.763      27989          4  0.000e+00
   54.64078 -133.55122    250.160    152.958    151.528     6.2546    33.4429  1026.9949    26.2919     6.2415     43.435   106.9535    -0.0884      7.825     3.0140     4.3073    131.157    134.606      27990          4  0.000e+00
   54.64078 -133.55122    250.088    152.885    151.456     6.2546    33.4433  1026.9949    26.2922     6.2416     43.481   106.9535    -0.0884      7.825     3.0172     4.3119    131.298    134.750      27991          4  0.000e+00
   54.64078 -133.55122    250.152    152.950    151.520     6.2545    33.4432  1026.9952    26.2922     6.2415     43.488   106.9535    -0.0884      7.825     3.0177     4.3126    131.318    134.770      27992          4  0.000e+00
   54.64078 -133.55122    250.096    152.893    151.464     6.2548    33.4429  1026.9947    26.2919     6.2418     43.485   106.9535    -0.0884      7.825     3.0175     4.3123    131.309    134.761      27993          4  0.000e+00
   54.64078 -133.55122    250.088    152.885    151.456     6.2548    33.4428  1026.9945    26.2918     6.2418     43.491   106.9535    -0.0884      7.825     3.0179     4.3129    131.326    134.779      27994          4  0.000e+00
   54.64078 -133.55122    250.096    152.893    151.464     6.2549    33.4429  1026.9946    26.2919     6.2418     43.488   106.9535    -0.0884      7.825     3.0177     4.3126    131.318    134.770      27995          4  0.000e+00
   54.64046 -133.55106    199.077    101.380    100.445     6.6988    33.0371  1026.3794    25.9139     6.6899     52.769   106.4221    -0.0591      7.891     3.6340     5.1933    158.193    162.292      31072          5  0.000e+00
   54.64046 -133.55106    198.989    101.291    100.357     6.6985    33.0375  1026.3793    25.9143     6.6897     52.775   106.4221    -0.0591      7.891     3.6343     5.1938    158.209    162.309      31073          5  0.000e+00
   54.64046 -133.55106    199.142    101.445    100.509     6.6988    33.0372  1026.3798    25.9140     6.6899     52.781   106.4501    -0.0591      7.891     3.6348     5.1945    158.229    162.329      31074          5  0.000e+00
   54.64046 -133.55106    199.045    101.348    100.413     6.6983    33.0379  1026.3800    25.9147     6.6894     52.787   106.4221    -0.0591      7.891     3.6352     5.1950    158.245    162.346      31075          5  0.000e+00
   54.64046 -133.55106    199.077    101.380    100.445     6.6985    33.0374  1026.3796    25.9142     6.6897     52.792   106.4221    -0.0591      7.891     3.6355     5.1956    158.262    162.364      31076          5  0.000e+00
   54.64046 -133.55106    199.045    101.348    100.413     6.6983    33.0375  1026.3796    25.9143     6.6894     52.790   106.4221    -0.0591      7.891     3.6354     5.1954    158.256    162.357      31077          5  0.000e+00
   54.64046 -133.55106    199.077    101.380    100.445     6.6985    33.0374  1026.3797    25.9142     6.6896     52.788   106.4221    -0.0591      7.891     3.6352     5.1951    158.248    162.349      31078          5  0.000e+00
   54.64046 -133.55106    199.109    101.413    100.477     6.6984    33.0375  1026.3799    25.9143     6.6895     52.793   106.4221    -0.0591      7.891     3.6356     5.1956    158.264    162.366      31079          5  0.000e+00
   54.64046 -133.55106    199.109    101.413    100.477     6.6980    33.0376  1026.3801    25.9145     6.6891     52.798   106.4221    -0.0591      7.891     3.6360     5.1962    158.281    162.383      31080          5  0.000e+00
   54.64046 -133.55106    199.142    101.445    100.509     6.6978    33.0380  1026.3805    25.9148     6.6889     52.803   106.4221    -0.0591      7.891     3.6364     5.1967    158.297    162.400      31081          5  0.000e+00
