EcoFOCI/data/1_SampleCollection/2022_GOA-OA_CruiseData/CTD_raw_BottleFile_RC0083/RC0083_098.cnv
* Sea-Bird SBE 9 Data File:
* FileName = C:\Data\RC0083ctd\RC0083_098.hex
* Software Version Seasave V 7.26.7.107
* Temperature SN = 2060
* Conductivity SN = 2881
* Number of Bytes Per Scan = 31
* Number of Voltage Words = 4
* Number of Scans Averaged by the Deck Unit = 1
* NMEA Latitude = 57 04.92 N
* NMEA Longitude = 133 41.16 W
* NMEA UTC (Time) = Aug 22 2022  16:28:55
* NMEA baud rate = 4800
** Ship: R/V Rachel Carson
** Cruise ID: RC0083
** Tech: McHugh/Nomura
** Chief Scientist: Cross
** Station: FSD
** Cast:  CTD098
# nquan = 19
# nvalues = 5431                                  
# units = specified
# name 0 = latitude: Latitude [deg]
# name 1 = longitude: Longitude [deg]
# name 2 = sfdSM: Seafloor depth [salt water, m]
# name 3 = prDM: Pressure, Digiquartz [db]
# name 4 = depSM: Depth [salt water, m]
# name 5 = t090C: Temperature [ITS-90, deg C]
# name 6 = sal00: Salinity, Practical [PSU]
# name 7 = density00: Density [density, kg/m^3]
# name 8 = sigma-é00: Density [sigma-theta, kg/m^3]
# name 9 = potemp090C: Potential Temperature [ITS-90, deg C]
# name 10 = sbeox0PS: Oxygen, SBE 43 [% saturation]
# name 11 = CStarTr0: Beam Transmission, WET Labs C-Star [%]
# name 12 = flECO-AFL: Fluorescence, WET Labs ECO-AFL/FL [mg/m^3]
# name 13 = ph: pH
# name 14 = sbeox0ML/L: Oxygen, SBE 43 [ml/l]
# name 15 = sbeox0Mg/L: Oxygen, SBE 43 [mg/l]
# name 16 = sbox0Mm/Kg: Oxygen, SBE 43 [umol/kg]
# name 17 = sbeox0Mm/L: Oxygen, SBE 43 [umol/l]
# name 18 = flag:  0.000e+00
# span 0 =   57.08050,   57.08206                 
# span 1 = -133.68606, -133.68460                 
# span 2 =      5.418,     70.584                 
# span 3 =      2.873,     52.960                 
# span 4 =      2.847,     52.466                 
# span 5 =     6.6539,    12.1303                 
# span 6 =    25.4935,    32.0490                 
# span 7 =  1019.2105,  1025.3834                 
# span 8 =    19.1964,    25.1405                 
# span 9 =     6.6494,    12.1298                 
# span 10 =     42.912,    101.907                
# span 11 =    88.8296,   102.8701                
# span 12 =     0.0581,     2.0508                
# span 13 =      7.814,      8.294                
# span 14 =     2.9775,     6.5416                
# span 15 =     4.2552,     9.3486                
# span 16 =    129.716,    286.450                
# span 17 =    132.977,    292.148                
# span 18 = 0.0000e+00, 0.0000e+00                
# interval = seconds: 0.0416667
# start_time = Aug 22 2022 16:28:55 [NMEA time, header]
# bad_flag = -9.990e-29
*END*
[from data line 610]
   57.08184 -133.68602     68.346     11.628     11.521     9.8278    28.2883  1021.7969    21.7439     9.8266     91.877    91.6545     1.2302      8.228     6.0799     8.6888    265.750    271.528  0.000e+00
   57.08184 -133.68602     68.402     11.660     11.553     9.8281    28.2879  1021.7968    21.7436     9.8269     91.879    91.6825     1.2302      8.228     6.0800     8.6889    265.755    271.533  0.000e+00
   57.08184 -133.68602     68.370     11.628     11.521     9.8276    28.2876  1021.7964    21.7434     9.8264     91.881    91.6545     1.2595      8.228     6.0802     8.6892    265.761    271.540  0.000e+00
   57.08184 -133.68602     68.314     11.571     11.465     9.8273    28.2865  1021.7953    21.7426     9.8261     91.936    92.4376     1.2595      8.228     6.0839     8.6945    265.926    271.708  0.000e+00
   57.08184 -133.68602     68.312     11.692     11.585     9.8272    28.2855  1021.7952    21.7419     9.8260     91.943    93.4445     1.2302      8.228     6.0845     8.6953    265.950    271.732  0.000e+00
   57.08184 -133.68602     68.143     11.595     11.488     9.8270    28.2851  1021.7944    21.7416     9.8258     91.947    93.6683     1.2595      8.228     6.0848     8.6957    265.963    271.745  0.000e+00
   57.08184 -133.68602     68.175     11.628     11.521     9.8268    28.2850  1021.7946    21.7416     9.8256     91.952    93.6403     1.2595      8.228     6.0851     8.6962    265.977    271.760  0.000e+00
   57.08184 -133.68602     68.175     11.628     11.520     9.8275    28.2852  1021.7945    21.7415     9.8263     91.955    93.5844     1.2595      8.228     6.0852     8.6964    265.983    271.766  0.000e+00
   57.08184 -133.68602     68.143     11.595     11.488     9.8276    28.2859  1021.7950    21.7421     9.8264     91.903    93.5844     1.2595      8.228     6.0817     8.6913    265.829    271.608  0.000e+00
   57.08184 -133.68602     68.273     11.628     11.520     9.8285    28.2866  1021.7955    21.7425     9.8273     91.900    93.5844     1.2595      8.228     6.0814     8.6909    265.815    271.594  0.000e+00
   57.08184 -133.68602     68.321     11.628     11.520     9.8283    28.2870  1021.7959    21.7429     9.8271     91.897    93.5844     1.2595      8.228     6.0812     8.6906    265.805    271.584  0.000e+00
   57.08184 -133.68602     68.353     11.660     11.552     9.8275    28.2861  1021.7954    21.7423     9.8263     91.949    93.5844     1.2595      8.228     6.0847     8.6957    265.962    271.744  0.000e+00
   57.08184 -133.68602     68.297     11.628     11.520     9.8273    28.2849  1021.7944    21.7414     9.8261     91.943    93.5844     1.2302      8.228     6.0845     8.6953    265.950    271.732  0.000e+00
   57.08184 -133.68602     68.370     11.628     11.520     9.8275    28.2852  1021.7945    21.7415     9.8263     91.888    93.5844     1.2302      8.228     6.0808     8.6900    265.789    271.567  0.000e+00
   57.08184 -133.68602     68.566     11.628     11.520     9.8280    28.2861  1021.7952    21.7422     9.8268     91.937    93.5844     1.2302      8.228     6.0839     8.6945    265.927    271.708  0.000e+00
   57.08184 -133.68602     68.671     11.660     11.552     9.8285    28.2869  1021.7959    21.7428     9.8272     91.937    93.5844     1.2595      8.228     6.0838     8.6943    265.920    271.702  0.000e+00
   57.08184 -133.68602     68.639     11.628     11.520     9.8291    28.2882  1021.7966    21.7436     9.8279     91.934    93.6123     1.2302      8.228     6.0835     8.6939    265.907    271.689  0.000e+00
   57.08184 -133.68602     68.639     11.628     11.520     9.8301    28.2897  1021.7977    21.7447     9.8289     91.993    93.5844     1.2595      8.223     6.0872     8.6992    266.067    271.853  0.000e+00
   57.08184 -133.68602     68.622     11.660     11.552     9.8303    28.2905  1021.7984    21.7453     9.8291     91.995    93.5844     1.2595      8.228     6.0873     8.6993    266.072    271.858  0.000e+00
   57.08184 -133.68602     68.534     11.571     11.464     9.8300    28.2905  1021.7981    21.7453     9.8288     92.001    93.5844     1.2595      8.223     6.0877     8.7000    266.091    271.878  0.000e+00
   57.08184 -133.68602     68.703     11.692     11.584     9.8298    28.2896  1021.7980    21.7447     9.8285     92.009    93.5844     1.2595      8.228     6.0883     8.7008    266.117    271.904  0.000e+00
   57.08184 -133.68602     68.558     11.595     11.488     9.8298    28.2895  1021.7975    21.7446     9.8285     91.958    93.5844     1.2302      8.228     6.0849     8.6960    265.970    271.754  0.000e+00
   57.08184 -133.68602     68.639     11.628     11.520     9.8300    28.2895  1021.7975    21.7445     9.8288     91.958    93.5844     1.2595      8.228     6.0849     8.6960    265.970    271.753  0.000e+00
   57.08184 -133.68602     68.678     11.692     11.584     9.8306    28.2900  1021.7981    21.7448     9.8294     91.958    93.6683     1.2302      8.228     6.0848     8.6958    265.965    271.748  0.000e+00
   57.08184 -133.68602     68.614     11.628     11.520     9.8309    28.2906  1021.7982    21.7452     9.8297     91.957    93.8920     1.2302      8.228     6.0846     8.6955    265.956    271.740  0.000e+00
   57.08184 -133.68602     68.582     11.595     11.488     9.8309    28.2902  1021.7978    21.7450     9.8297     91.955    93.9480     1.2595      8.228     6.0845     8.6954    265.951    271.734  0.000e+00
   57.08184 -133.68602     68.639     11.628     11.520     9.8304    28.2890  1021.7971    21.7441     9.8292     91.953    93.9480     1.2595      8.228     6.0845     8.6954    265.952    271.735  0.000e+00
   57.08184 -133.68602     68.703     11.692     11.584     9.8288    28.2870  1021.7961    21.7428     9.8276     91.951    93.9480     1.2595      8.228     6.0847     8.6957    265.961    271.744  0.000e+00
   57.08184 -133.68602     68.558     11.595     11.488     9.8288    28.2854  1021.7944    21.7415     9.8276     91.942    93.9480     1.2595      8.228     6.0841     8.6948    265.936    271.717  0.000e+00
   57.08184 -133.68602     68.630     11.692     11.584     9.8293    28.2861  1021.7953    21.7420     9.8281     91.989    93.9480     1.2595      8.228     6.0872     8.6992    266.068    271.852  0.000e+00
   57.08184 -133.68602     68.566     11.628     11.520     9.8293    28.2872  1021.7959    21.7429     9.8281     91.989    93.9200     1.2595      8.228     6.0871     8.6991    266.066    271.851  0.000e+00
   57.08184 -133.68602     68.573     11.660     11.552     9.8296    28.2875  1021.7962    21.7431     9.8284     91.989    93.9480     1.2595      8.223     6.0871     8.6991    266.065    271.850  0.000e+00
   57.08184 -133.68602     68.541     11.628     11.520     9.8300    28.2885  1021.7968    21.7438     9.8288     91.989    93.9480     1.2595      8.223     6.0870     8.6989    266.058    271.843  0.000e+00
   57.08184 -133.68602     68.556     11.692     11.584     9.8296    28.2887  1021.7973    21.7440     9.8284     91.988    93.9200     1.2595      8.228     6.0870     8.6989    266.059    271.844  0.000e+00
   57.08184 -133.68602     68.468     11.628     11.520     9.8291    28.2874  1021.7961    21.7431     9.8279     91.986    93.9480     1.2595      8.228     6.0869     8.6988    266.057    271.842  0.000e+00
   57.08184 -133.68602     68.500     11.660     11.552     9.8296    28.2874  1021.7961    21.7430     9.8284     91.989    93.9480     1.2595      8.228     6.0871     8.6991    266.064    271.849  0.000e+00
   57.08184 -133.68602     68.492     11.628     11.520     9.8300    28.2887  1021.7969    21.7439     9.8288     91.991    93.9480     1.2595      8.228     6.0871     8.6991    266.067    271.852  0.000e+00
   57.08184 -133.68602     68.492     11.627     11.520     9.8303    28.2900  1021.7979    21.7449     9.8291     91.938    93.9480     1.2595      8.228     6.0835     8.6940    265.909    271.691  0.000e+00
   57.08184 -133.68602     68.597     11.660     11.552     9.8303    28.2899  1021.7980    21.7448     9.8291     91.985    93.9480     1.2595      8.223     6.0866     8.6984    266.043    271.829  0.000e+00
   57.08184 -133.68602     68.654     11.692     11.584     9.8300    28.2893  1021.7977    21.7444     9.8287     91.981    93.9480     1.2595      8.228     6.0864     8.6981    266.035    271.820  0.000e+00
   57.08184 -133.68602     68.614     11.627     11.520     9.8298    28.2889  1021.7971    21.7441     9.8285     91.975    93.9480     1.2595      8.228     6.0861     8.6976    266.021    271.805  0.000e+00
   57.08184 -133.68602     68.646     11.660     11.552     9.8296    28.2891  1021.7974    21.7443     9.8284     91.970    93.9480     1.2302      8.228     6.0858     8.6972    266.006    271.790  0.000e+00
   57.08184 -133.68602     68.703     11.692     11.584     9.8304    28.2898  1021.7980    21.7447     9.8292     91.970    93.9480     1.2302      8.228     6.0856     8.6969    265.998    271.783  0.000e+00
   57.08184 -133.68602     68.736     11.627     11.520     9.8308    28.2915  1021.7990    21.7460     9.8296     91.968    93.8920     1.2009      8.228     6.0854     8.6966    265.988    271.772  0.000e+00
   57.08184 -133.68602     68.825     11.692     11.584     9.8313    28.2920  1021.7996    21.7463     9.8300     91.967    93.6403     1.2009      8.228     6.0852     8.6964    265.981    271.765  0.000e+00
   57.08184 -133.68602     68.793     11.660     11.552     9.8317    28.2935  1021.8006    21.7474     9.8305     91.964    93.5564     1.2009      8.228     6.0849     8.6960    265.968    271.752  0.000e+00
   57.08184 -133.68602     68.761     11.627     11.520     9.8321    28.2941  1021.8008    21.7478     9.8309     91.961    93.5564     1.2009      8.228     6.0847     8.6956    265.957    271.741  0.000e+00
   57.08184 -133.68602     68.825     11.692     11.584     9.8317    28.2936  1021.8008    21.7475     9.8305     91.959    93.5564     1.2009      8.228     6.0846     8.6955    265.953    271.737  0.000e+00
   57.08184 -133.68602     68.793     11.660     11.552     9.8316    28.2923  1021.7996    21.7465     9.8304     91.955    93.5564     1.2009      8.228     6.0844     8.6952    265.946    271.729  0.000e+00
   57.08184 -133.68602     68.825     11.692     11.584     9.8313    28.2915  1021.7992    21.7459     9.8300     91.952    93.5564     1.2009      8.228     6.0842     8.6950    265.939    271.722  0.000e+00
   57.08184 -133.68602     68.761     11.627     11.520     9.8313    28.2916  1021.7989    21.7460     9.8300     91.947    93.5564     1.2302      8.228     6.0839     8.6945    265.925    271.707  0.000e+00
   57.08184 -133.68602     68.825     11.692     11.584     9.8316    28.2920  1021.7995    21.7462     9.8304     91.998    93.5564     1.2302      8.228     6.0872     8.6993    266.070    271.856  0.000e+00
   57.08184 -133.68602     68.793     11.660     11.552     9.8321    28.2923  1021.7995    21.7464     9.8309     92.003    93.5564     1.2302      8.223     6.0875     8.6997    266.082    271.868  0.000e+00
   57.08184 -133.68602     68.761     11.627     11.520     9.8324    28.2922  1021.7993    21.7463     9.8312     92.008    93.5564     1.2302      8.228     6.0878     8.7000    266.094    271.880  0.000e+00
   57.08184 -133.68602     68.825     11.692     11.584     9.8325    28.2927  1021.7999    21.7466     9.8313     91.958    93.5564     1.2302      8.223     6.0845     8.6953    265.948    271.732  0.000e+00
   57.08184 -133.68602     68.793     11.660     11.552     9.8331    28.2931  1021.8000    21.7469     9.8319     91.957    93.5564     1.2302      8.228     6.0843     8.6950    265.940    271.723  0.000e+00
   57.08184 -133.68602     67.833     11.627     11.520     9.8329    28.2940  1021.8006    21.7476     9.8317     91.956    93.5564     1.2009      8.228     6.0842     8.6949    265.935    271.719  0.000e+00
   57.08184 -133.68602     64.502     11.692     11.584     9.8329    28.2936  1021.8006    21.7473     9.8317     91.949    93.5564     1.2009      8.228     6.0838     8.6943    265.918    271.701  0.000e+00
   57.08184 -133.68602     63.127     11.660     11.552     9.8327    28.2934  1021.8003    21.7472     9.8315     91.941    93.5564     1.2302      8.223     6.0833     8.6936    265.896    271.679  0.000e+00
   57.08184 -133.68602     63.071     11.627     11.520     9.8325    28.2929  1021.7998    21.7468     9.8313     91.933    93.5564     1.2009      8.228     6.0828     8.6929    265.874    271.656  0.000e+00
   57.08184 -133.68602     63.257     11.692     11.584     9.8323    28.2930  1021.8002    21.7470     9.8311     91.931    93.5564     1.2302      8.223     6.0827     8.6927    265.870    271.652  0.000e+00
   57.08184 -133.68602     63.330     11.692     11.584     9.8321    28.2929  1021.8001    21.7468     9.8309     91.928    93.5564     1.2302      8.223     6.0825     8.6925    265.863    271.645  0.000e+00
   57.08184 -133.68602     63.298     11.660     11.552     9.8323    28.2928  1021.7999    21.7467     9.8311     91.919    93.5564     1.2302      8.228     6.0819     8.6916    265.835    271.616  0.000e+00
   57.08184 -133.68602     63.242     11.627     11.520     9.8319    28.2932  1021.8001    21.7471     9.8307     91.915    93.5564     1.2595      8.228     6.0816     8.6913    265.825    271.606  0.000e+00
   57.08184 -133.68602     63.306     11.692     11.584     9.8315    28.2929  1021.8002    21.7469     9.8302     91.912    93.5844     1.2595      8.228     6.0815     8.6911    265.820    271.600  0.000e+00
   57.08184 -133.68602     63.274     11.660     11.552     9.8313    28.2923  1021.7997    21.7465     9.8300     91.852    93.5844     1.2595      8.228     6.0776     8.6855    265.649    271.426  0.000e+00
   57.08184 -133.68602     63.242     11.627     11.520     9.8309    28.2922  1021.7995    21.7465     9.8297     91.848    93.6123     1.2595      8.228     6.0774     8.6852    265.639    271.416  0.000e+00
   57.08184 -133.68602     63.306     11.692     11.584     9.8303    28.2926  1021.8002    21.7469     9.8291     91.845    93.6123     1.2595      8.228     6.0773     8.6850    265.634    271.411  0.000e+00
   57.08184 -133.68602     63.354     11.716     11.608     9.8301    28.2924  1021.8002    21.7468     9.8289     91.787    93.6123     1.2595      8.228     6.0734     8.6795    265.467    271.240  0.000e+00
   57.08182 -133.68602     63.306     11.692     11.584     9.8296    28.2924  1021.8002    21.7469     9.8284     91.833    93.6123     1.2595      8.228     6.0766     8.6841    265.604    271.380  0.000e+00
   57.08182 -133.68602     63.306     11.692     11.584     9.8289    28.2918  1021.7998    21.7465     9.8277     91.825    93.6123     1.2595      8.228     6.0762     8.6834    265.585    271.361  0.000e+00
   57.08182 -133.68602     63.867     11.692     11.584     9.8285    28.2913  1021.7995    21.7462     9.8272     91.817    93.6123     1.2595      8.228     6.0757     8.6828    265.565    271.340  0.000e+00
   57.08182 -133.68602     64.397     11.660     11.552     9.8280    28.2907  1021.7990    21.7458     9.8268     91.808    93.6123     1.2595      8.223     6.0752     8.6821    265.544    271.318  0.000e+00
   57.08182 -133.68602     64.551     11.692     11.584     9.8273    28.2895  1021.7982    21.7449     9.8261     91.800    93.6123     1.2595      8.228     6.0748     8.6815    265.527    271.301  0.000e+00
   57.08182 -133.68602     64.487     11.627     11.520     9.8263    28.2887  1021.7975    21.7445     9.8251     91.791    93.6123     1.2595      8.228     6.0744     8.6809    265.508    271.281  0.000e+00
