EcoFOCI/data/1_SampleCollection/2022_GOA-OA_CruiseData/CTD_raw_BottleFile_RC0083/RC0083_021.ros
* Sea-Bird SBE 9 Data File:
* FileName = C:\Data\RC0083ctd\RC0083_021.hex
* Software Version Seasave V 7.26.7.107
* Temperature SN = 2060
* Conductivity SN = 1084
* Number of Bytes Per Scan = 31
* Number of Voltage Words = 4
* Number of Scans Averaged by the Deck Unit = 1
* NMEA Latitude = 56 46.25 N
* NMEA Longitude = 135 30.18 W
* NMEA UTC (Time) = Aug 14 2022  19:17:58
* NMEA baud rate = 4800
** Ship: R/V Rachel Carson
** Cruise ID: RC0083
** Tech: McHugh/Nomura
** Chief Scientist: Cross
** Station: SEC0
** Cast:  CTD021
# nquan = 21
# nvalues = 196                                   
# units = specified
# name 0 = latitude: Latitude [deg]
# name 1 = longitude: Longitude [deg]
# name 2 = sfdSM: Seafloor depth [salt water, m]
# name 3 = prDM: Pressure, Digiquartz [db]
# name 4 = depSM: Depth [salt water, m]
# name 5 = t090C: Temperature [ITS-90, deg C]
# name 6 = sal00: Salinity, Practical [PSU]
# name 7 = density00: Density [density, kg/m^3]
# name 8 = sigma-é00: Density [sigma-theta, kg/m^3]
# name 9 = potemp090C: Potential Temperature [ITS-90, deg C]
# name 10 = sbeox0PS: Oxygen, SBE 43 [% saturation]
# name 11 = CStarTr0: Beam Transmission, WET Labs C-Star [%]
# name 12 = flECO-AFL: Fluorescence, WET Labs ECO-AFL/FL [mg/m^3]
# name 13 = ph: pH
# name 14 = sbeox0ML/L: Oxygen, SBE 43 [ml/l]
# name 15 = sbeox0Mg/L: Oxygen, SBE 43 [mg/l]
# name 16 = sbox0Mm/Kg: Oxygen, SBE 43 [umol/kg]
# name 17 = sbeox0Mm/L: Oxygen, SBE 43 [umol/l]
# name 18 = scan: Scan Count
# name 19 = nbf: Bottles Fired
# name 20 = flag:  0.000e+00
# interval = seconds: 0.0416667
# start_time = Aug 14 2022 19:17:58 [NMEA time, header]
# bad_flag = -9.990e-29
*END*
[from data line 138]
   56.77284 -135.50442     82.837     11.514     11.408    12.9677    30.9240  1023.2954    23.2439    12.9662    105.743    82.8723     4.9812      8.271     6.4337     9.1945    280.804    287.331       9091          3  0.000e+00
   56.77284 -135.50442     82.366     11.458     11.352    12.9677    30.9241  1023.2952    23.2439    12.9662    105.745    82.8723     5.0105      8.271     6.4339     9.1947    280.811    287.338       9092          3  0.000e+00
   56.77284 -135.50442     82.390     11.482     11.376    12.9673    30.9243  1023.2955    23.2442    12.9658    105.749    82.8723     5.0105      8.271     6.4341     9.1950    280.822    287.349       9093          3  0.000e+00
   56.77284 -135.50442     82.471     11.514     11.408    12.9676    30.9245  1023.2958    23.2443    12.9661    105.752    82.8723     5.0105      8.271     6.4343     9.1952    280.827    287.355       9094          3  0.000e+00
   56.77284 -135.50442     82.495     11.514     11.408    12.9675    30.9246  1023.2958    23.2444    12.9660    105.754    82.8723     5.0105      8.271     6.4344     9.1954    280.833    287.361       9095          3  0.000e+00
   56.77284 -135.50442     82.463     11.482     11.376    12.9672    30.9245  1023.2957    23.2443    12.9657    105.755    82.8723     4.9812      8.271     6.4345     9.1956    280.838    287.366       9096          3  0.000e+00
   56.77284 -135.50442     82.495     11.514     11.408    12.9672    30.9243  1023.2957    23.2442    12.9657    105.757    82.8723     4.9812      8.271     6.4346     9.1957    280.843    287.371       9097          3  0.000e+00
   56.77284 -135.50442     82.495     11.514     11.408    12.9670    30.9244  1023.2958    23.2443    12.9655    105.757    82.8723     4.9812      8.271     6.4347     9.1958    280.846    287.374       9098          3  0.000e+00
   56.77284 -135.50442     82.495     11.514     11.408    12.9665    30.9251  1023.2965    23.2450    12.9650    105.704    82.8723     4.9812      8.271     6.4315     9.1913    280.707    287.232       9099          3  0.000e+00
   56.77320 -135.50460     74.266      3.603      3.570    13.1289    30.8686  1023.1857    23.1696    13.1284    110.041    78.4532     6.0361      8.308     6.6752     9.5396    291.366    298.117      10645          4  0.000e+00
   56.77320 -135.50460     27.207      3.700      3.666    13.1295    30.8686  1023.1861    23.1696    13.1290    109.942    78.4532     6.3584      8.308     6.6691     9.5308    291.098    297.843      10646          4  0.000e+00
   56.77320 -135.50460      7.257      3.603      3.570    13.1289    30.8686  1023.1858    23.1697    13.1284    109.936    78.4532     6.7687      8.308     6.6688     9.5304    291.086    297.830      10647          4  0.000e+00
   56.77320 -135.50460      6.247      3.643      3.610    13.1287    30.8681  1023.1856    23.1693    13.1282    110.039    78.4532     6.8859      8.308     6.6751     9.5394    291.360    298.111      10648          4  0.000e+00
   56.77320 -135.50460      8.073      3.490      3.458    13.1283    30.8683  1023.1851    23.1695    13.1279    110.044    78.4532     6.8859      8.308     6.6755     9.5399    291.375    298.126      10649          4  0.000e+00
   56.77320 -135.50460      8.951      3.587      3.554    13.1280    30.8683  1023.1856    23.1696    13.1275    109.946    78.4532     6.8566      8.308     6.6696     9.5315    291.118    297.863      10650          4  0.000e+00
   56.77320 -135.50460      8.887      3.522      3.490    13.1279    30.8681  1023.1852    23.1695    13.1275    110.043    78.4532     6.8566      8.308     6.6755     9.5399    291.375    298.126      10651          4  0.000e+00
   56.77320 -135.50460      8.717      3.425      3.394    13.1278    30.8682  1023.1849    23.1696    13.1274    110.049    78.4532     6.8566      8.308     6.6759     9.5405    291.393    298.145      10652          4  0.000e+00
   56.77320 -135.50460      8.733      3.466      3.434    13.1276    30.8687  1023.1855    23.1700    13.1272    109.952    78.4532     6.8566      8.308     6.6700     9.5320    291.135    297.881      10653          4  0.000e+00
   56.77320 -135.50460      8.693      3.425      3.394    13.1275    30.8688  1023.1854    23.1701    13.1270    110.103    78.4532     6.8566      8.308     6.6792     9.5452    291.536    298.291      10654          4  0.000e+00
   56.77320 -135.50460      9.019      3.409      3.378    13.1278    30.8683  1023.1849    23.1696    13.1274    110.010    78.4532     6.8566      8.308     6.6735     9.5371    291.290    298.039      10655          4  0.000e+00
   56.77320 -135.50460      9.638      3.369      3.338    13.1275    30.8687  1023.1851    23.1700    13.1270    109.955    78.4532     6.8566      8.308     6.6702     9.5323    291.144    297.890      10656          4  0.000e+00
   56.77320 -135.50460      9.810      3.345      3.314    13.1273    30.8687  1023.1850    23.1701    13.1269    109.953    78.4532     6.8566      8.308     6.6701     9.5322    291.140    297.886      10657          4  0.000e+00
   56.77320 -135.50460      9.690      3.223      3.194    13.1276    30.8687  1023.1844    23.1700    13.1272    110.104    78.4532     6.8566      8.308     6.6792     9.5453    291.540    298.295      10658          4  0.000e+00
   56.77320 -135.50460      9.809      3.369      3.338    13.1278    30.8685  1023.1848    23.1698    13.1274    110.010    78.4532     6.8566      8.308     6.6735     9.5371    291.288    298.038      10659          4  0.000e+00
   56.77320 -135.50460      9.705      3.288      3.258    13.1280    30.8687  1023.1846    23.1699    13.1276    109.960    78.4532     6.8566      8.308     6.6704     9.5327    291.156    297.902      10660          4  0.000e+00
   56.77320 -135.50460      9.665      3.248      3.218    13.1280    30.8685  1023.1843    23.1697    13.1276    110.114    78.2853     6.8566      8.308     6.6797     9.5460    291.562    298.317      10661          4  0.000e+00
   56.77320 -135.50460      9.641      3.223      3.194    13.1278    30.8690  1023.1846    23.1702    13.1274    110.023    78.1175     6.8566      8.308     6.6743     9.5382    291.322    298.072      10662          4  0.000e+00
   56.77320 -135.50462      9.633      3.191      3.162    13.1280    30.8683  1023.1839    23.1696    13.1276    109.969    78.0616     6.8566      8.308     6.6710     9.5335    291.181    297.927      10663          4  0.000e+00
   56.77320 -135.50462      9.585      3.167      3.138    13.1281    30.8686  1023.1840    23.1698    13.1277    110.076    78.0616     6.8566      8.308     6.6774     9.5427    291.462    298.215      10664          4  0.000e+00
   56.77320 -135.50462      9.609      3.191      3.162    13.1279    30.8686  1023.1841    23.1698    13.1275    110.136    78.0616     6.8566      8.308     6.6811     9.5479    291.621    298.378      10665          4  0.000e+00
   56.77320 -135.50462      9.585      3.167      3.138    13.1280    30.8684  1023.1838    23.1697    13.1276    109.993    78.0896     6.7101      8.308     6.6724     9.5356    291.243    297.991      10666          4  0.000e+00
   56.77320 -135.50462      9.553      3.110      3.082    13.1280    30.8682  1023.1834    23.1695    13.1276    109.988    78.0616     6.2998      8.308     6.6721     9.5351    291.229    297.977      10667          4  0.000e+00
   56.77320 -135.50462      9.545      3.126      3.098    13.1278    30.8681  1023.1835    23.1695    13.1274    110.149    78.0616     6.1533      8.308     6.6820     9.5492    291.659    298.416      10668          4  0.000e+00
   56.77320 -135.50462      9.529      3.110      3.082    13.1276    30.8684  1023.1837    23.1698    13.1272    110.050    78.0896     6.1533      8.308     6.6759     9.5406    291.395    298.147      10669          4  0.000e+00
   56.77320 -135.50462      9.489      3.070      3.042    13.1276    30.8683  1023.1834    23.1697    13.1272    109.998    78.0616     6.1533      8.308     6.6728     9.5360    291.257    298.006      10670          4  0.000e+00
   56.77320 -135.50462      9.529      3.110      3.082    13.1275    30.8687  1023.1839    23.1700    13.1271    109.989    78.0896     6.1533      8.308     6.6722     9.5353    291.235    297.983      10671          4  0.000e+00
   56.77320 -135.50462     44.678      3.070      3.042    13.1275    30.8689  1023.1839    23.1701    13.1271    110.097    78.0896     6.1826      8.308     6.6788     9.5447    291.521    298.276      10672          4  0.000e+00
   56.77320 -135.50462     80.405      3.046      3.018    13.1273    30.8688  1023.1838    23.1701    13.1269    110.158    78.0896     6.1826      8.308     6.6825     9.5500    291.683    298.442      10673          4  0.000e+00
   56.77320 -135.50462     88.308      3.110      3.082    13.1273    30.8685  1023.1838    23.1699    13.1269    110.018    78.0896     6.1533      8.308     6.6741     9.5379    291.314    298.063      10674          4  0.000e+00
   56.77320 -135.50462     86.624      3.013      2.986    13.1273    30.8683  1023.1832    23.1697    13.1269    110.014    78.0896     6.1533      8.308     6.6738     9.5376    291.304    298.053      10675          4  0.000e+00
   56.77320 -135.50462     85.255      3.110      3.082    13.1273    30.8678  1023.1833    23.1694    13.1269    110.067    78.0896     6.1533      8.308     6.6770     9.5422    291.444    298.197      10676          4  0.000e+00
   56.77320 -135.50462     84.866      3.013      2.986    13.1268    30.8685  1023.1834    23.1700    13.1264    110.117    78.0896     6.1533      8.308     6.6801     9.5465    291.577    298.333      10677          4  0.000e+00
   56.77320 -135.50462     85.060      3.110      3.082    13.1266    30.8687  1023.1841    23.1702    13.1262    110.026    78.0896     6.1533      8.308     6.6746     9.5387    291.338    298.089      10678          4  0.000e+00
   56.77320 -135.50462     85.013      3.013      2.986    13.1268    30.8689  1023.1838    23.1703    13.1264    110.018    78.0896     6.1533      8.308     6.6741     9.5379    291.315    298.065      10679          4  0.000e+00
   56.77320 -135.50462     85.109      3.110      3.082    13.1266    30.8688  1023.1841    23.1702    13.1262    110.012    78.0896     6.1533      8.308     6.6738     9.5375    291.302    298.051      10680          4  0.000e+00
   56.77320 -135.50462     85.069      3.070      3.042    13.1266    30.8688  1023.1839    23.1702    13.1262    110.017    78.1455     6.1533      8.308     6.6740     9.5379    291.313    298.063      10681          4  0.000e+00
   56.77320 -135.50462     85.045      3.046      3.018    13.1265    30.8687  1023.1838    23.1702    13.1261    110.170    78.2853     6.1533      8.308     6.6834     9.5512    291.720    298.479      10682          4  0.000e+00
   56.77320 -135.50462     85.109      3.110      3.082    13.1265    30.8687  1023.1841    23.1702    13.1260    110.074    78.3413     6.1533      8.308     6.6776     9.5429    291.467    298.221      10683          4  0.000e+00
   56.77320 -135.50462     85.125      3.126      3.098    13.1265    30.8688  1023.1843    23.1703    13.1260    110.026    78.3413     6.1826      8.308     6.6746     9.5387    291.339    298.090      10684          4  0.000e+00
   56.77320 -135.50462     67.111      3.110      3.082    13.1265    30.8689  1023.1843    23.1704    13.1260    110.014    78.3133     6.1533      8.308     6.6739     9.5377    291.308    298.058      10685          4  0.000e+00
   56.77320 -135.50462     46.639      3.126      3.098    13.1266    30.8690  1023.1843    23.1704    13.1262    110.003    78.3133     6.1533      8.308     6.6732     9.5367    291.277    298.026      10686          4  0.000e+00
   56.77320 -135.50462     41.788      3.110      3.082    13.1263    30.8691  1023.1844    23.1705    13.1259    110.162    78.3133     6.0947      8.308     6.6829     9.5505    291.700    298.458      10687          4  0.000e+00
   56.77320 -135.50462     42.698      3.191      3.162    13.1266    30.8685  1023.1843    23.1700    13.1262    110.067    78.3133     6.0361      8.308     6.6771     9.5423    291.447    298.200      10688          4  0.000e+00
   56.77320 -135.50462     43.480      3.167      3.138    13.1265    30.8684  1023.1841    23.1700    13.1260    110.007    78.3133     6.0361      8.308     6.6735     9.5371    291.290    298.039      10689          4  0.000e+00
   56.77320 -135.50462     43.731      3.223      3.194    13.1265    30.8684  1023.1843    23.1699    13.1260    110.108    78.3133     6.0361      8.308     6.6796     9.5459    291.558    298.313      10690          4  0.000e+00
   56.77320 -135.50462     43.650      3.191      3.162    13.1270    30.8683  1023.1841    23.1698    13.1266    110.118    78.3133     6.0361      8.308     6.6802     9.5466    291.580    298.336      10691          4  0.000e+00
   56.77320 -135.50462     43.658      3.223      3.194    13.1273    30.8684  1023.1842    23.1698    13.1269    110.011    78.3133     6.0361      8.308     6.6736     9.5373    291.295    298.044      10692          4  0.000e+00
   56.77320 -135.50462     43.746      3.312      3.282    13.1270    30.8687  1023.1849    23.1701    13.1265    110.012    78.3133     6.0361      8.308     6.6737     9.5374    291.298    298.047      10693          4  0.000e+00
