EcoFOCI/data/1_SampleCollection/2022_GOA-OA_CruiseData/CTD_raw_BottleFile_RC0083/RC0083_013.ros
* Sea-Bird SBE 9 Data File:
* FileName = C:\Data\RC0083ctd\RC0083_013.hex
* Software Version Seasave V 7.26.7.107
* Temperature SN = 2060
* Conductivity SN = 1084
* Number of Bytes Per Scan = 31
* Number of Voltage Words = 4
* Number of Scans Averaged by the Deck Unit = 1
* NMEA Latitude = 55 43.96 N
* NMEA Longitude = 134 28.39 W
* NMEA UTC (Time) = Aug 13 2022  05:59:07
* NMEA baud rate = 4800
** Ship: R/V Rachel Carson
** Cruise ID: RC0083 RC0083
** Tech: McHugh/Nomura
** Chief Scientist: Cross Cross
** Station: POW4
** Cast:  013
# nquan = 21
# nvalues = 294                                   
# units = specified
# name 0 = latitude: Latitude [deg]
# name 1 = longitude: Longitude [deg]
# name 2 = sfdSM: Seafloor depth [salt water, m]
# name 3 = prDM: Pressure, Digiquartz [db]
# name 4 = depSM: Depth [salt water, m]
# name 5 = t090C: Temperature [ITS-90, deg C]
# name 6 = sal00: Salinity, Practical [PSU]
# name 7 = density00: Density [density, kg/m^3]
# name 8 = sigma-é00: Density [sigma-theta, kg/m^3]
# name 9 = potemp090C: Potential Temperature [ITS-90, deg C]
# name 10 = sbeox0PS: Oxygen, SBE 43 [% saturation]
# name 11 = CStarTr0: Beam Transmission, WET Labs C-Star [%]
# name 12 = flECO-AFL: Fluorescence, WET Labs ECO-AFL/FL [mg/m^3]
# name 13 = ph: pH
# name 14 = sbeox0ML/L: Oxygen, SBE 43 [ml/l]
# name 15 = sbeox0Mg/L: Oxygen, SBE 43 [mg/l]
# name 16 = sbox0Mm/Kg: Oxygen, SBE 43 [umol/kg]
# name 17 = sbeox0Mm/L: Oxygen, SBE 43 [umol/l]
# name 18 = scan: Scan Count
# name 19 = nbf: Bottles Fired
# name 20 = flag:  0.000e+00
# interval = seconds: 0.0416667
# start_time = Aug 13 2022 05:59:07 [NMEA time, header]
# bad_flag = -9.990e-29
*END*
[from data line 276]
   55.73532 -134.47222    102.891      4.026      3.990    10.0995    31.1045  1023.9139    23.8957    10.0991    106.326    78.3692    10.4317      8.217     6.8690     9.8165    299.612    306.771      18767          6  0.000e+00
   55.73532 -134.47222    102.691      3.825      3.790    10.0980    31.1057  1023.9142    23.8969    10.0975    106.407    78.3692    10.4317      8.217     6.8745     9.8243    299.849    307.014      18768          6  0.000e+00
   55.73532 -134.47222    102.891      4.026      3.990    10.0942    31.1071  1023.9168    23.8986    10.0938    106.492    78.3692    10.4317      8.217     6.8804     9.8328    300.108    307.280      18769          6  0.000e+00
   55.73532 -134.47222    102.635      3.768      3.734    10.0912    31.1087  1023.9174    23.9003    10.0908    106.513    78.3692    10.4317      8.217     6.8822     9.8353    300.183    307.358      18770          6  0.000e+00
   55.73532 -134.47222    102.771      3.905      3.870    10.0926    31.1077  1023.9169    23.8992    10.0922    106.583    78.3692    10.4317      8.217     6.8865     9.8415    300.373    307.552      18771          6  0.000e+00
   55.73532 -134.47222    102.691      3.825      3.790    10.0934    31.1075  1023.9163    23.8990    10.0930    106.599    78.3692    10.4317      8.217     6.8874     9.8428    300.413    307.593      18772          6  0.000e+00
   55.73532 -134.47222    102.851      3.962      3.926    10.0928    31.1075  1023.9171    23.8991    10.0924    106.608    78.3692    10.4317      8.217     6.8882     9.8439    300.445    307.625      18773          6  0.000e+00
   55.73532 -134.47222    102.571      3.703      3.670    10.0925    31.1077  1023.9161    23.8993    10.0921    106.603    78.3972    10.4317      8.217     6.8879     9.8435    300.432    307.613      18774          6  0.000e+00
   55.73532 -134.47222    102.747      3.881      3.846    10.0927    31.1075  1023.9167    23.8991    10.0922    106.595    78.6210    10.4317      8.217     6.8873     9.8426    300.407    307.587      18775          6  0.000e+00
   55.73532 -134.47222    102.475      3.607      3.574    10.0927    31.1075  1023.9155    23.8991    10.0923    106.577    78.7608    10.4317      8.217     6.8861     9.8410    300.357    307.535      18776          6  0.000e+00
   55.73532 -134.47222    102.595      3.703      3.670    10.0934    31.1073  1023.9156    23.8988    10.0930    106.609    78.7608    10.2266      8.213     6.8881     9.8438    300.444    307.624      18777          6  0.000e+00
   55.73532 -134.47222    102.675      3.784      3.750    10.0943    31.1059  1023.9147    23.8976    10.0939    106.584    78.7328     9.9042      8.217     6.8864     9.8414    300.370    307.548      18778          6  0.000e+00
   55.73532 -134.47222    102.419      3.526      3.494    10.0946    31.1059  1023.9135    23.8975    10.0942    106.491    78.7328     9.7870      8.217     6.8804     9.8327    300.105    307.277      18779          6  0.000e+00
   55.73532 -134.47222    102.443      3.550      3.518    10.0949    31.1053  1023.9131    23.8970    10.0945    106.446    78.7328     9.7870      8.217     6.8775     9.8286    299.979    307.148      18780          6  0.000e+00
   55.73532 -134.47222    102.475      3.582      3.550    10.0963    31.1058  1023.9134    23.8972    10.0959    106.345    78.7328     9.8163      8.217     6.8707     9.8189    299.685    306.846      18781          6  0.000e+00
   55.73532 -134.47222    102.355      3.485      3.454    10.0988    31.1056  1023.9124    23.8966    10.0985    106.282    78.7328     9.8163      8.217     6.8662     9.8125    299.489    306.646      18782          6  0.000e+00
   55.73532 -134.47222    102.419      3.526      3.494    10.1023    31.1045  1023.9112    23.8952    10.1019    106.218    78.7328     9.8163      8.217     6.8617     9.8060    299.290    306.442      18783          6  0.000e+00
   55.73532 -134.47222    102.299      3.405      3.374    10.1047    31.1033  1023.9093    23.8939    10.1044    106.144    78.7328     9.8163      8.217     6.8566     9.7987    299.069    306.215      18784          6  0.000e+00
