EcoFOCI/data/1_SampleCollection/2022_GOA-OA_CruiseData/CTD_raw_BottleFile_RC0083/RC0083_131.ros
* Sea-Bird SBE 9 Data File:
* FileName = C:\Data\RC0083ctd\RC0083_131.hex
* Software Version Seasave V 7.26.7.107
* Temperature SN = 2060
* Conductivity SN = 2881
* Number of Bytes Per Scan = 31
* Number of Voltage Words = 4
* Number of Scans Averaged by the Deck Unit = 1
* NMEA Latitude = 57 36.64 N
* NMEA Longitude = 134 45.44 W
* NMEA UTC (Time) = Aug 24 2022  11:30:11
* NMEA baud rate = 4800
** Ship: R/V Rachel Carson
** Cruise ID: RC0083
** Tech: McHugh/Nomura
** Chief Scientist: Cross
** Station: MCS4
** Cast:  CTD131
# nquan = 21
# nvalues = 441                                   
# units = specified
# name 0 = latitude: Latitude [deg]
# name 1 = longitude: Longitude [deg]
# name 2 = sfdSM: Seafloor depth [salt water, m]
# name 3 = prDM: Pressure, Digiquartz [db]
# name 4 = depSM: Depth [salt water, m]
# name 5 = t090C: Temperature [ITS-90, deg C]
# name 6 = sal00: Salinity, Practical [PSU]
# name 7 = density00: Density [density, kg/m^3]
# name 8 = sigma-é00: Density [sigma-theta, kg/m^3]
# name 9 = potemp090C: Potential Temperature [ITS-90, deg C]
# name 10 = sbeox0PS: Oxygen, SBE 43 [% saturation]
# name 11 = CStarTr0: Beam Transmission, WET Labs C-Star [%]
# name 12 = flECO-AFL: Fluorescence, WET Labs ECO-AFL/FL [mg/m^3]
# name 13 = ph: pH
# name 14 = sbeox0ML/L: Oxygen, SBE 43 [ml/l]
# name 15 = sbeox0Mg/L: Oxygen, SBE 43 [mg/l]
# name 16 = sbox0Mm/Kg: Oxygen, SBE 43 [umol/kg]
# name 17 = sbeox0Mm/L: Oxygen, SBE 43 [umol/l]
# name 18 = scan: Scan Count
# name 19 = nbf: Bottles Fired
# name 20 = flag:  0.000e+00
# interval = seconds: 0.0416667
# start_time = Aug 24 2022 11:30:11 [NMEA time, header]
# bad_flag = -9.990e-29
*END*
[from data line 207]
   57.61140 -134.75532    199.454    101.885    100.920     5.9396    32.7768  1026.2744    25.8045     5.9313     35.259   104.9118    -0.0298      7.763     2.4757     3.5380    107.784    110.565      43749          5  0.000e+00
   57.61140 -134.75532    199.406    101.861    100.896     5.9394    32.7765  1026.2741    25.8043     5.9311     35.312   104.9118    -0.0298      7.763     2.4794     3.5434    107.947    110.732      43750          5  0.000e+00
   57.61140 -134.75532    199.430    101.885    100.920     5.9397    32.7763  1026.2740    25.8041     5.9314     35.315   104.9118    -0.0298      7.763     2.4796     3.5436    107.953    110.739      43751          5  0.000e+00
   57.61140 -134.75532    199.487    101.918    100.952     5.9397    32.7766  1026.2744    25.8044     5.9314     35.260   104.9118    -0.0298      7.763     2.4757     3.5380    107.784    110.565      43752          5  0.000e+00
   57.61140 -134.75532    199.390    101.821    100.856     5.9396    32.7769  1026.2742    25.8046     5.9313     35.255   104.9118    -0.0298      7.763     2.4754     3.5376    107.770    110.551      43753          5  0.000e+00
   57.61140 -134.75532    199.462    101.918    100.952     5.9397    32.7769  1026.2747    25.8046     5.9314     35.309   104.9118    -0.0298      7.763     2.4792     3.5430    107.935    110.720      43754          5  0.000e+00
   57.61140 -134.75532    199.430    101.886    100.920     5.9399    32.7764  1026.2741    25.8042     5.9316     35.312   104.9118    -0.0298      7.763     2.4794     3.5433    107.943    110.729      43755          5  0.000e+00
   57.61140 -134.75532    199.462    101.918    100.952     5.9401    32.7764  1026.2742    25.8042     5.9318     35.315   104.9118    -0.0298      7.763     2.4796     3.5435    107.952    110.737      43756          5  0.000e+00
   57.61140 -134.75532    199.430    101.886    100.920     5.9397    32.7767  1026.2744    25.8045     5.9314     35.317   104.9118    -0.0298      7.763     2.4798     3.5438    107.961    110.746      43757          5  0.000e+00
   57.61140 -134.75532    199.406    101.861    100.896     5.9397    32.7770  1026.2744    25.8047     5.9314     35.320   104.9118    -0.0298      7.763     2.4800     3.5441    107.969    110.755      43758          5  0.000e+00
   57.61140 -134.75532    199.455    101.886    100.920     5.9399    32.7767  1026.2743    25.8044     5.9316     35.381   104.9118    -0.0298      7.763     2.4842     3.5502    108.154    110.945      43759          5  0.000e+00
   57.61140 -134.75532    199.462    101.918    100.952     5.9399    32.7763  1026.2742    25.8041     5.9316     35.390   104.9118    -0.0298      7.763     2.4849     3.5511    108.183    110.975      43760          5  0.000e+00
   57.61140 -134.75532    199.455    101.886    100.920     5.9393    32.7768  1026.2745    25.8046     5.9310     35.342   104.9118    -0.0298      7.763     2.4815     3.5463    108.035    110.823      43761          5  0.000e+00
   57.61140 -134.75532    199.391    101.821    100.856     5.9391    32.7768  1026.2742    25.8046     5.9308     35.343   104.9118    -0.0298      7.763     2.4816     3.5465    108.042    110.830      43762          5  0.000e+00
   57.61140 -134.75532    199.462    101.918    100.952     5.9391    32.7767  1026.2745    25.8045     5.9308     35.346   104.9118    -0.0005      7.763     2.4818     3.5468    108.050    110.839      43763          5  0.000e+00
   57.61140 -134.75532    199.455    101.886    100.920     5.9389    32.7766  1026.2743    25.8044     5.9306     35.348   104.9118    -0.0005      7.763     2.4820     3.5470    108.057    110.846      43764          5  0.000e+00
   57.61140 -134.75532    199.487    101.918    100.952     5.9391    32.7761  1026.2741    25.8040     5.9308     35.351   104.9118    -0.0005      7.763     2.4822     3.5473    108.065    110.853      43765          5  0.000e+00
   57.61140 -134.75532    199.430    101.886    100.920     5.9391    32.7765  1026.2742    25.8044     5.9308     35.353   104.9118    -0.0005      7.763     2.4823     3.5475    108.071    110.860      43766          5  0.000e+00
   57.61140 -134.75532    199.431    101.861    100.896     5.9391    32.7767  1026.2743    25.8045     5.9308     35.355   104.9118    -0.0005      7.759     2.4824     3.5477    108.077    110.866      43767          5  0.000e+00
   57.61140 -134.75532    199.511    101.942    100.976     5.9399    32.7764  1026.2743    25.8042     5.9316     35.408   104.9398    -0.0005      7.763     2.4861     3.5529    108.238    111.031      43768          5  0.000e+00
   57.61140 -134.75532    199.431    101.861    100.896     5.9399    32.7766  1026.2741    25.8044     5.9316     35.359   104.9678    -0.0005      7.763     2.4827     3.5480    108.086    110.875      43769          5  0.000e+00
   57.61140 -134.75532    199.430    101.886    100.920     5.9402    32.7763  1026.2739    25.8040     5.9319     35.360   104.9678    -0.0005      7.763     2.4828     3.5481    108.091    110.880      43770          5  0.000e+00
   57.61140 -134.75532    199.431    101.861    100.896     5.9402    32.7765  1026.2740    25.8042     5.9319     35.362   104.9678    -0.0005      7.763     2.4829     3.5483    108.096    110.885      43771          5  0.000e+00
   57.61140 -134.75532    199.486    101.942    100.976     5.9402    32.7763  1026.2742    25.8041     5.9319     35.364   104.9678    -0.0005      7.763     2.4830     3.5485    108.102    110.892      43772          5  0.000e+00
   57.61140 -134.75532    199.406    101.861    100.896     5.9401    32.7761  1026.2737    25.8040     5.9318     35.423   104.9678    -0.0005      7.763     2.4872     3.5544    108.283    111.077      43773          5  0.000e+00
   57.61140 -134.75532    199.455    101.886    100.920     5.9399    32.7767  1026.2743    25.8045     5.9316     35.431   104.9678    -0.0005      7.763     2.4878     3.5553    108.309    111.104      43774          5  0.000e+00
   57.61140 -134.75532    199.406    101.861    100.896     5.9396    32.7770  1026.2744    25.8047     5.9313     35.382   104.9678    -0.0005      7.763     2.4843     3.5503    108.157    110.948      43775          5  0.000e+00
   57.61140 -134.75532    199.511    101.942    100.976     5.9396    32.7766  1026.2745    25.8044     5.9313     35.383   104.9678    -0.0005      7.763     2.4844     3.5504    108.162    110.953      43776          5  0.000e+00
   57.61140 -134.75532    199.455    101.886    100.920     5.9397    32.7772  1026.2747    25.8048     5.9314     35.377   104.9678    -0.0005      7.763     2.4839     3.5498    108.142    110.933      43777          5  0.000e+00
   57.61140 -134.75532    199.431    101.862    100.896     5.9401    32.7767  1026.2742    25.8044     5.9318     35.370   104.9678    -0.0005      7.763     2.4835     3.5491    108.122    110.912      43778          5  0.000e+00
   57.61140 -134.75532    199.430    101.886    100.920     5.9404    32.7767  1026.2742    25.8043     5.9321     35.364   104.9678    -0.0005      7.763     2.4830     3.5485    108.102    110.891      43779          5  0.000e+00
   57.61140 -134.75532    199.406    101.862    100.896     5.9405    32.7764  1026.2739    25.8041     5.9322     35.364   104.9678    -0.0005      7.763     2.4830     3.5485    108.102    110.892      43780          5  0.000e+00
   57.61140 -134.75532    199.455    101.886    100.920     5.9404    32.7769  1026.2744    25.8045     5.9321     35.372   104.9678    -0.0005      7.763     2.4835     3.5492    108.125    110.915      43781          5  0.000e+00
   57.61140 -134.75532    199.431    101.862    100.896     5.9401    32.7772  1026.2745    25.8048     5.9318     35.430   104.9678    -0.0005      7.763     2.4876     3.5551    108.303    111.098      43782          5  0.000e+00
   57.61140 -134.75532    199.455    101.886    100.920     5.9399    32.7773  1026.2748    25.8049     5.9316     35.444   104.9678    -0.0005      7.763     2.4887     3.5565    108.347    111.143      43783          5  0.000e+00
   57.61140 -134.75532    199.431    101.862    100.896     5.9397    32.7776  1026.2750    25.8052     5.9314     35.451   104.9678    -0.0005      7.763     2.4891     3.5572    108.369    111.165      43784          5  0.000e+00
   57.61140 -134.75532    199.430    101.886    100.920     5.9397    32.7780  1026.2753    25.8054     5.9314     35.400   104.9678    -0.0005      7.763     2.4856     3.5521    108.213    111.006      43785          5  0.000e+00
   57.61140 -134.75532    199.406    101.862    100.896     5.9397    32.7778  1026.2751    25.8053     5.9314     35.400   104.9678    -0.0005      7.763     2.4856     3.5521    108.213    111.006      43786          5  0.000e+00
   57.61140 -134.75532    174.403     76.615     75.893     6.0792    32.5070  1025.9275    25.5742     6.0729     39.443   104.9678     0.0288      7.787     2.7654     3.9520    120.422    123.501      46081          6  0.000e+00
   57.61140 -134.75532    174.364     76.550     75.829     6.0783    32.5074  1025.9276    25.5746     6.0720     39.497   104.9678     0.0288      7.787     2.7692     3.9574    120.587    123.671      46082          6  0.000e+00
   57.61140 -134.75532    174.403     76.615     75.893     6.0765    32.5076  1025.9283    25.5750     6.0703     39.507   104.9678     0.0288      7.787     2.7700     3.9586    120.623    123.708      46083          6  0.000e+00
   57.61140 -134.75532    174.227     76.437     75.717     6.0754    32.5075  1025.9275    25.5750     6.0691     39.516   104.9678     0.0288      7.787     2.7707     3.9596    120.654    123.740      46084          6  0.000e+00
   57.61140 -134.75532    174.308     76.493     75.773     6.0760    32.5079  1025.9280    25.5752     6.0698     39.526   104.9678     0.0288      7.787     2.7714     3.9606    120.683    123.769      46085          6  0.000e+00
   57.61140 -134.75532    174.283     76.493     75.773     6.0775    32.5085  1025.9283    25.5756     6.0712     39.471   104.9678     0.0288      7.787     2.7674     3.9549    120.511    123.593      46086          6  0.000e+00
   57.61140 -134.75532    174.339     76.550     75.829     6.0788    32.5084  1025.9283    25.5753     6.0725     39.468   104.9678     0.0288      7.792     2.7671     3.9544    120.496    123.578      46087          6  0.000e+00
   57.61140 -134.75532    174.283     76.494     75.773     6.0797    32.5078  1025.9275    25.5747     6.0734     39.463   104.9678     0.0288      7.787     2.7667     3.9539    120.481    123.562      46088          6  0.000e+00
   57.61140 -134.75532    174.252     76.437     75.717     6.0796    32.5082  1025.9276    25.5751     6.0733     39.402   104.9678     0.0288      7.787     2.7624     3.9478    120.293    123.369      46089          6  0.000e+00
   57.61140 -134.75532    174.364     76.550     75.829     6.0793    32.5080  1025.9279    25.5749     6.0730     39.456   104.9678    -0.0005      7.787     2.7663     3.9533    120.461    123.541      46090          6  0.000e+00
   57.61140 -134.75532    174.308     76.494     75.773     6.0799    32.5078  1025.9274    25.5747     6.0737     39.460   104.9678    -0.0005      7.787     2.7665     3.9535    120.469    123.550      46091          6  0.000e+00
   57.61140 -134.75532    174.308     76.494     75.773     6.0798    32.5083  1025.9278    25.5751     6.0736     39.514   104.9678    -0.0005      7.787     2.7703     3.9590    120.634    123.720      46092          6  0.000e+00
   57.61140 -134.75532    174.284     76.494     75.773     6.0801    32.5077  1025.9273    25.5746     6.0738     39.467   104.9678    -0.0005      7.787     2.7670     3.9543    120.491    123.572      46093          6  0.000e+00
   57.61140 -134.75532    174.284     76.494     75.773     6.0797    32.5077  1025.9274    25.5746     6.0734     39.528   104.9678    -0.0005      7.787     2.7713     3.9604    120.679    123.765      46094          6  0.000e+00
   57.61140 -134.75532    174.284     76.494     75.773     6.0792    32.5085  1025.9281    25.5753     6.0729     39.532   104.9678    -0.0005      7.787     2.7716     3.9608    120.691    123.778      46095          6  0.000e+00
   57.61140 -134.75532    174.308     76.494     75.773     6.0794    32.5082  1025.9278    25.5751     6.0732     39.535   104.9678    -0.0005      7.787     2.7718     3.9611    120.701    123.788      46096          6  0.000e+00
   57.61140 -134.75532    174.308     76.494     75.773     6.0796    32.5079  1025.9276    25.5748     6.0733     39.481   104.9678    -0.0005      7.787     2.7680     3.9557    120.535    123.617      46097          6  0.000e+00
   57.61140 -134.75532    174.284     76.494     75.773     6.0794    32.5077  1025.9274    25.5746     6.0732     39.477   104.9678    -0.0005      7.787     2.7677     3.9554    120.524    123.607      46098          6  0.000e+00
   57.61140 -134.75532    174.284     76.494     75.773     6.0792    32.5078  1025.9275    25.5747     6.0729     39.531   104.9678    -0.0005      7.787     2.7715     3.9608    120.689    123.776      46099          6  0.000e+00
   57.61140 -134.75532    174.308     76.494     75.773     6.0797    32.5079  1025.9275    25.5748     6.0734     39.534   104.9678    -0.0005      7.787     2.7717     3.9610    120.696    123.783      46100          6  0.000e+00
   57.61140 -134.75532    174.308     76.494     75.773     6.0799    32.5077  1025.9274    25.5746     6.0737     39.536   104.9678    -0.0005      7.787     2.7718     3.9612    120.703    123.790      46101          6  0.000e+00
   57.61140 -134.75532    174.308     76.494     75.773     6.0797    32.5081  1025.9277    25.5749     6.0734     39.539   104.9678    -0.0005      7.787     2.7720     3.9615    120.710    123.797      46102          6  0.000e+00
   57.61140 -134.75532    174.284     76.494     75.773     6.0803    32.5078  1025.9274    25.5746     6.0741     39.547   104.9678    -0.0005      7.787     2.7726     3.9623    120.736    123.823      46103          6  0.000e+00
   57.61140 -134.75532    174.284     76.494     75.773     6.0803    32.5074  1025.9271    25.5743     6.0741     39.556   104.9678    -0.0005      7.787     2.7732     3.9632    120.763    123.852      46104          6  0.000e+00
   57.61140 -134.75532    174.308     76.494     75.773     6.0805    32.5075  1025.9272    25.5744     6.0742     39.565   104.9678    -0.0005      7.787     2.7738     3.9641    120.790    123.879      46105          6  0.000e+00
   57.61140 -134.75532    174.284     76.494     75.773     6.0805    32.5075  1025.9272    25.5744     6.0742     39.567   104.9678    -0.0005      7.787     2.7740     3.9643    120.796    123.885      46106          6  0.000e+00
   57.61140 -134.75532    174.308     76.494     75.773     6.0802    32.5079  1025.9275    25.5747     6.0740     39.511   104.9678    -0.0005      7.787     2.7701     3.9587    120.626    123.711      46107          6  0.000e+00
   57.61140 -134.75532    174.340     76.550     75.829     6.0805    32.5075  1025.9274    25.5744     6.0742     39.507   104.9678    -0.0005      7.787     2.7697     3.9582    120.611    123.696      46108          6  0.000e+00
   57.61140 -134.75532    174.284     76.494     75.773     6.0803    32.5078  1025.9274    25.5746     6.0741     39.501   104.9678    -0.0005      7.787     2.7694     3.9577    120.595    123.679      46109          6  0.000e+00
   57.61140 -134.75532    174.308     76.494     75.773     6.0806    32.5080  1025.9276    25.5748     6.0744     39.496   104.9678    -0.0005      7.787     2.7690     3.9571    120.579    123.663      46110          6  0.000e+00
