EcoFOCI/data/1_SampleCollection/2022_GOA-OA_CruiseData/CTD_raw_BottleFile_RC0083/RC0083_119.ros
* Sea-Bird SBE 9 Data File:
* FileName = C:\Data\RC0083ctd\RC0083_119.hex
* Software Version Seasave V 7.26.7.107
* Temperature SN = 2060
* Conductivity SN = 2881
* Number of Bytes Per Scan = 31
* Number of Voltage Words = 4
* Number of Scans Averaged by the Deck Unit = 1
* NMEA Latitude = 56 43.21 N
* NMEA Longitude = 134 32.23 W
* NMEA UTC (Time) = Aug 23 2022  21:46:55
* NMEA baud rate = 4800
** Ship: R/V Rachel Carson
** Cruise ID: RC0083
** Tech: McHugh/Nomura
** Chief Scientist: Cross
** Station: MCS2
** Cast:  CTD119
# nquan = 21
# nvalues = 441                                   
# units = specified
# name 0 = latitude: Latitude [deg]
# name 1 = longitude: Longitude [deg]
# name 2 = sfdSM: Seafloor depth [salt water, m]
# name 3 = prDM: Pressure, Digiquartz [db]
# name 4 = depSM: Depth [salt water, m]
# name 5 = t090C: Temperature [ITS-90, deg C]
# name 6 = sal00: Salinity, Practical [PSU]
# name 7 = density00: Density [density, kg/m^3]
# name 8 = sigma-é00: Density [sigma-theta, kg/m^3]
# name 9 = potemp090C: Potential Temperature [ITS-90, deg C]
# name 10 = sbeox0PS: Oxygen, SBE 43 [% saturation]
# name 11 = CStarTr0: Beam Transmission, WET Labs C-Star [%]
# name 12 = flECO-AFL: Fluorescence, WET Labs ECO-AFL/FL [mg/m^3]
# name 13 = ph: pH
# name 14 = sbeox0ML/L: Oxygen, SBE 43 [ml/l]
# name 15 = sbeox0Mg/L: Oxygen, SBE 43 [mg/l]
# name 16 = sbox0Mm/Kg: Oxygen, SBE 43 [umol/kg]
# name 17 = sbeox0Mm/L: Oxygen, SBE 43 [umol/l]
# name 18 = scan: Scan Count
# name 19 = nbf: Bottles Fired
# name 20 = flag:  0.000e+00
# interval = seconds: 0.0416667
# start_time = Aug 23 2022 21:46:55 [NMEA time, header]
# bad_flag = -9.990e-29
*END*
[from data line 276]
   56.71632 -134.53572    148.797     50.634     50.164     7.1203    31.7205  1025.0536    24.8210     7.1158     46.287   104.0448     0.1460      7.894     3.1842     4.5505    138.762    142.206      49554          6  0.000e+00
   56.71632 -134.53572    148.789     50.626     50.156     7.1170    31.7241  1025.0568    24.8242     7.1125     46.282   104.0448     0.1460      7.894     3.1840     4.5502    138.753    142.197      49555          6  0.000e+00
   56.71632 -134.53572    148.797     50.634     50.164     7.1158    31.7260  1025.0585    24.8259     7.1114     46.333   104.0448     0.1460      7.894     3.1876     4.5553    138.908    142.356      49556          6  0.000e+00
   56.71632 -134.53572    148.853     50.691     50.220     7.1155    31.7270  1025.0596    24.8268     7.1110     46.334   104.0448     0.1460      7.894     3.1876     4.5554    138.910    142.358      49557          6  0.000e+00
   56.71632 -134.53572    148.733     50.570     50.100     7.1139    31.7299  1025.0615    24.8292     7.1095     46.333   104.0448     0.1460      7.894     3.1876     4.5554    138.910    142.359      49558          6  0.000e+00
   56.71632 -134.53572    148.909     50.747     50.276     7.1134    31.7326  1025.0645    24.8314     7.1089     46.334   104.0448     0.1460      7.894     3.1877     4.5555    138.911    142.361      49559          6  0.000e+00
   56.71632 -134.53572    148.797     50.634     50.164     7.1134    31.7357  1025.0665    24.8339     7.1090     46.333   104.0448     0.1167      7.894     3.1875     4.5553    138.905    142.354      49560          6  0.000e+00
   56.71632 -134.53572    148.853     50.691     50.220     7.1136    31.7385  1025.0689    24.8361     7.1091     46.332   104.0448     0.1167      7.894     3.1874     4.5551    138.900    142.349      49561          6  0.000e+00
   56.71632 -134.53572    148.797     50.634     50.164     7.1147    31.7406  1025.0701    24.8376     7.1102     46.394   104.0448     0.1167      7.894     3.1915     4.5610    139.079    142.534      49562          6  0.000e+00
   56.71632 -134.53572    148.853     50.691     50.220     7.1162    31.7432  1025.0722    24.8394     7.1117     46.406   104.0448     0.1167      7.894     3.1922     4.5619    139.107    142.562      49563          6  0.000e+00
   56.71632 -134.53572    148.772     50.634     50.164     7.1170    31.7452  1025.0734    24.8409     7.1125     46.473   104.0448     0.1167      7.894     3.1967     4.5684    139.305    142.765      49564          6  0.000e+00
   56.71632 -134.53572    148.789     50.626     50.156     7.1170    31.7472  1025.0750    24.8425     7.1125     46.490   104.0448     0.1167      7.894     3.1978     4.5700    139.354    142.816      49565          6  0.000e+00
   56.71632 -134.53572    148.853     50.691     50.220     7.1172    31.7489  1025.0766    24.8437     7.1127     46.501   104.0448     0.1167      7.894     3.1985     4.5710    139.383    142.845      49566          6  0.000e+00
   56.71632 -134.53572    148.909     50.748     50.276     7.1175    31.7486  1025.0766    24.8435     7.1130     46.510   104.0448     0.1167      7.894     3.1991     4.5719    139.411    142.874      49567          6  0.000e+00
   56.71632 -134.53572    148.853     50.691     50.220     7.1175    31.7480  1025.0758    24.8430     7.1130     46.518   104.0448     0.1167      7.894     3.1997     4.5727    139.435    142.899      49568          6  0.000e+00
   56.71632 -134.53570    148.885     50.748     50.276     7.1180    31.7466  1025.0749    24.8418     7.1135     46.583   104.0448     0.1167      7.894     3.2042     4.5791    139.629    143.097      49569          6  0.000e+00
   56.71632 -134.53570    148.853     50.691     50.220     7.1181    31.7450  1025.0734    24.8406     7.1136     46.596   104.0448     0.1167      7.894     3.2050     4.5803    139.667    143.137      49570          6  0.000e+00
   56.71632 -134.53570    148.909     50.748     50.277     7.1181    31.7435  1025.0725    24.8394     7.1136     46.608   104.0448     0.1167      7.894     3.2059     4.5816    139.706    143.176      49571          6  0.000e+00
   56.71622 -134.53566    124.577     26.186     25.944     8.2389    30.6261  1023.9272    23.8074     8.2364     59.357   102.1149     0.6442      7.986     4.0090     5.7292    174.877    179.040      50976          7  0.000e+00
   56.71622 -134.53566    124.457     26.064     25.824     8.2392    30.6254  1023.9261    23.8068     8.2367     59.400   102.1149     0.6442      7.986     4.0119     5.7333    175.003    179.169      50977          7  0.000e+00
   56.71622 -134.53566    124.513     26.121     25.880     8.2410    30.6232  1023.9243    23.8048     8.2385     59.452   102.1149     0.6735      7.986     4.0153     5.7382    175.152    179.321      50978          7  0.000e+00
   56.71622 -134.53566    124.457     26.064     25.824     8.2438    30.6202  1023.9213    23.8020     8.2413     59.455   102.1149     0.6735      7.986     4.0153     5.7382    175.153    179.322      50979          7  0.000e+00
   56.71622 -134.53566    124.401     26.008     25.768     8.2500    30.6141  1023.9154    23.7964     8.2475     59.453   102.1149     0.6735      7.986     4.0148     5.7375    175.131    179.299      50980          7  0.000e+00
   56.71622 -134.53566    124.401     26.008     25.768     8.2580    30.6066  1023.9084    23.7894     8.2555     59.454   102.1149     0.6735      7.986     4.0143     5.7368    175.112    179.278      50981          7  0.000e+00
   56.71622 -134.53566    124.513     26.121     25.880     8.2650    30.5996  1023.9024    23.7829     8.2625     59.452   102.1149     0.6735      7.986     4.0137     5.7360    175.087    179.251      50982          7  0.000e+00
   56.71622 -134.53566    124.457     26.065     25.824     8.2726    30.5926  1023.8956    23.7763     8.2701     59.501   102.1149     0.6735      7.986     4.0165     5.7400    175.210    179.376      50983          7  0.000e+00
   56.71622 -134.53566    124.401     26.008     25.768     8.2754    30.5895  1023.8925    23.7735     8.2729     59.497   102.1149     0.6735      7.986     4.0160     5.7393    175.191    179.355      50984          7  0.000e+00
   56.71622 -134.53566    124.401     26.008     25.768     8.2741    30.5903  1023.8933    23.7743     8.2716     59.496   102.1149     0.6735      7.986     4.0161     5.7393    175.192    179.357      50985          7  0.000e+00
   56.71622 -134.53566    124.457     26.065     25.824     8.2741    30.5903  1023.8936    23.7743     8.2716     59.485   102.1149     0.6735      7.986     4.0153     5.7383    175.160    179.325      50986          7  0.000e+00
   56.71622 -134.53566    124.401     26.008     25.768     8.2723    30.5932  1023.8958    23.7768     8.2698     59.476   102.1149     0.6735      7.986     4.0148     5.7376    175.137    179.301      50987          7  0.000e+00
   56.71622 -134.53566    124.401     26.008     25.768     8.2711    30.5958  1023.8980    23.7790     8.2687     59.463   102.1429     0.6735      7.986     4.0140     5.7364    175.102    179.266      50988          7  0.000e+00
   56.71622 -134.53566    124.337     25.943     25.704     8.2695    30.5997  1023.9010    23.7823     8.2671     59.447   102.1429     0.6735      7.986     4.0129     5.7349    175.054    179.218      50989          7  0.000e+00
   56.71622 -134.53566    124.401     26.008     25.768     8.2679    30.6028  1023.9040    23.7850     8.2655     59.428   102.1429     0.6735      7.986     4.0117     5.7331    175.000    179.163      50990          7  0.000e+00
   56.71622 -134.53566    124.401     26.008     25.768     8.2702    30.6013  1023.9025    23.7835     8.2677     59.466   102.1709     0.6735      7.986     4.0141     5.7366    175.106    179.270      50991          7  0.000e+00
   56.71622 -134.53566    124.401     26.008     25.768     8.2718    30.6001  1023.9013    23.7823     8.2693     59.456   102.1709     0.6735      7.986     4.0134     5.7355    175.073    179.237      50992          7  0.000e+00
   56.71622 -134.53566    124.337     25.943     25.704     8.2757    30.5965  1023.8976    23.7789     8.2733     59.443   102.1429     0.6735      7.986     4.0122     5.7338    175.022    179.184      50993          7  0.000e+00
   56.71622 -134.53566    124.337     25.943     25.704     8.2821    30.5908  1023.8923    23.7736     8.2796     59.482   102.1709     0.6735      7.986     4.0144     5.7370    175.119    179.282      50994          7  0.000e+00
   56.71622 -134.53566    124.337     25.943     25.704     8.2844    30.5888  1023.8904    23.7717     8.2819     59.474   102.1429     0.6735      7.986     4.0137     5.7360    175.089    179.251      50995          7  0.000e+00
   56.71622 -134.53566    124.337     25.943     25.704     8.2850    30.5883  1023.8898    23.7711     8.2825     59.463   102.1429     0.6735      7.986     4.0129     5.7348    175.054    179.216      50996          7  0.000e+00
   56.71622 -134.53566    124.401     26.008     25.768     8.2855    30.5888  1023.8905    23.7715     8.2830     59.511   102.1429     0.6735      7.986     4.0161     5.7394    175.193    179.358      50997          7  0.000e+00
   56.71622 -134.53566    124.337     25.944     25.704     8.2850    30.5904  1023.8915    23.7728     8.2825     59.504   102.1709     0.7321      7.986     4.0156     5.7388    175.174    179.339      50998          7  0.000e+00
   56.71622 -134.53566    124.337     25.944     25.704     8.2834    30.5923  1023.8932    23.7745     8.2809     59.501   102.1429     0.7907      7.986     4.0155     5.7386    175.169    179.334      50999          7  0.000e+00
   56.71622 -134.53566    124.337     25.944     25.704     8.2845    30.5915  1023.8924    23.7737     8.2821     59.495   102.1429     0.7907      7.986     4.0150     5.7379    175.147    179.311      51000          7  0.000e+00
   56.71622 -134.53566    124.337     25.944     25.704     8.2881    30.5888  1023.8898    23.7711     8.2856     59.429   102.1429     0.7907      7.986     4.0103     5.7311    174.942    179.100      51001          7  0.000e+00
   56.71622 -134.53566    124.337     25.944     25.704     8.2879    30.5893  1023.8902    23.7715     8.2855     59.410   102.1429     0.7907      7.986     4.0091     5.7293    174.887    179.045      51002          7  0.000e+00
   56.71622 -134.53566    124.281     25.887     25.648     8.2883    30.5902  1023.8907    23.7722     8.2858     59.450   102.1709     0.7907      7.986     4.0117     5.7331    175.003    179.163      51003          7  0.000e+00
   56.71622 -134.53566    124.281     25.887     25.648     8.2923    30.5876  1023.8880    23.7696     8.2899     59.437   102.1429     0.7907      7.986     4.0105     5.7315    174.952    179.111      51004          7  0.000e+00
   56.71622 -134.53566    124.457     26.065     25.824     8.3008    30.5805  1023.8821    23.7628     8.2983     59.484   102.1429     0.7907      7.986     4.0131     5.7352    175.066    179.226      51005          7  0.000e+00
   56.71622 -134.53566    124.337     25.944     25.704     8.3103    30.5726  1023.8740    23.7553     8.3078     59.476   102.1429     0.7907      7.986     4.0119     5.7334    175.014    179.172      51006          7  0.000e+00
   56.71622 -134.53566    124.281     25.887     25.648     8.3164    30.5679  1023.8691    23.7507     8.3139     59.521   102.1429     0.7907      7.986     4.0145     5.7372    175.130    179.290      51007          7  0.000e+00
   56.71622 -134.53566    124.337     25.944     25.704     8.3183    30.5663  1023.8679    23.7492     8.3158     59.521   102.0310     0.7907      7.986     4.0144     5.7370    175.124    179.283      51008          7  0.000e+00
   56.71622 -134.53566    124.337     25.944     25.704     8.3183    30.5668  1023.8683    23.7496     8.3158     59.518   102.0030     0.7907      7.986     4.0142     5.7367    175.114    179.273      51009          7  0.000e+00
   56.71622 -134.53566    124.337     25.944     25.704     8.3175    30.5691  1023.8702    23.7515     8.3150     59.568   101.9751     0.7907      7.986     4.0176     5.7415    175.262    179.424      51010          7  0.000e+00
   56.71622 -134.53566    124.281     25.887     25.648     8.3159    30.5722  1023.8725    23.7541     8.3134     59.515   102.0030     0.7907      7.986     4.0140     5.7364    175.107    179.266      51011          7  0.000e+00
   56.71622 -134.53566    124.401     26.008     25.768     8.3123    30.5767  1023.8772    23.7582     8.3098     59.510   102.0030     0.7907      7.986     4.0139     5.7363    175.102    179.262      51012          7  0.000e+00
   56.71622 -134.53566    124.337     25.944     25.704     8.3079    30.5815  1023.8812    23.7625     8.3054     59.558   102.0030     0.7907      7.986     4.0174     5.7413    175.253    179.418      51013          7  0.000e+00
   56.71622 -134.53566    124.337     25.944     25.704     8.3038    30.5857  1023.8851    23.7664     8.3013     59.553   102.0030     0.7907      7.986     4.0173     5.7412    175.249    179.414      51014          7  0.000e+00
   56.71622 -134.53566    124.337     25.944     25.704     8.2985    30.5896  1023.8890    23.7703     8.2961     59.607   102.0030     0.7907      7.986     4.0214     5.7469    175.424    179.594      51015          7  0.000e+00
   56.71622 -134.53566    124.313     25.944     25.704     8.2953    30.5920  1023.8913    23.7726     8.2929     59.602   102.0030     0.7907      7.986     4.0212     5.7468    175.419    179.589      51016          7  0.000e+00
   56.71622 -134.53566    124.401     26.008     25.769     8.2928    30.5946  1023.8940    23.7750     8.2903     59.600   102.0030     0.7907      7.986     4.0213     5.7468    175.420    179.591      51017          7  0.000e+00
   56.71622 -134.53566    124.281     25.887     25.648     8.2896    30.5980  1023.8965    23.7781     8.2871     59.650   102.0030     0.8200      7.986     4.0248     5.7519    175.575    179.750      51018          7  0.000e+00
   56.71622 -134.53566    124.457     26.065     25.825     8.2872    30.6004  1023.8996    23.7803     8.2847     59.655   102.0030     0.8786      7.986     4.0253     5.7526    175.596    179.772      51019          7  0.000e+00
   56.71622 -134.53566    124.337     25.944     25.705     8.2850    30.6027  1023.9011    23.7824     8.2825     59.710   102.0030     0.8786      7.986     4.0292     5.7582    175.765    179.945      51020          7  0.000e+00
   56.71622 -134.53566    124.401     26.008     25.769     8.2882    30.5998  1023.8987    23.7797     8.2857     59.713   102.0030     0.8786      7.986     4.0292     5.7582    175.765    179.945      51021          7  0.000e+00
   56.71622 -134.53566    124.401     26.008     25.769     8.2932    30.5944  1023.8938    23.7748     8.2907     59.718   102.0030     0.8786      7.986     4.0293     5.7582    175.768    179.946      51022          7  0.000e+00
   56.71622 -134.53566    124.401     26.008     25.769     8.2951    30.5919  1023.8916    23.7726     8.2926     59.777   102.0030     0.8786      7.986     4.0331     5.7637    175.936    180.118      51023          7  0.000e+00
   56.71622 -134.53566    124.401     26.009     25.769     8.2946    30.5920  1023.8917    23.7727     8.2922     59.777   102.0030     0.8786      7.991     4.0331     5.7637    175.936    180.119      51024          7  0.000e+00
   56.71614 -134.53564    108.939     10.427     10.331     8.6109    28.7760  1022.3533    22.3056     8.6099     73.765    97.1085     1.5819      8.147     5.0001     7.1456    218.432    223.304      52238          8  0.000e+00
