EcoFOCI/data/1_SampleCollection/2022_GOA-OA_CruiseData/CTD_raw_BottleFile_RC0083/RC0083_049.cnv
* Sea-Bird SBE 9 Data File:
* FileName = C:\Data\RC0083ctd\RC0083_049.hex
* Software Version Seasave V 7.26.7.107
* Temperature SN = 2060
* Conductivity SN = 1084
* Number of Bytes Per Scan = 31
* Number of Voltage Words = 4
* Number of Scans Averaged by the Deck Unit = 1
* NMEA Latitude = 58 12.65 N
* NMEA Longitude = 137 05.13 W
* NMEA UTC (Time) = Aug 19 2022  08:16:29
* NMEA baud rate = 4800
** Ship: R/V Rachel Carson
** Cruise ID: RC0083
** Tech: McHugh/Nomura
** Chief Scientist: Cross
** Station: SEM05
** Cast:  CTD049
# nquan = 19
# nvalues = 12700                                 
# units = specified
# name 0 = latitude: Latitude [deg]
# name 1 = longitude: Longitude [deg]
# name 2 = sfdSM: Seafloor depth [salt water, m]
# name 3 = prDM: Pressure, Digiquartz [db]
# name 4 = depSM: Depth [salt water, m]
# name 5 = t090C: Temperature [ITS-90, deg C]
# name 6 = sal00: Salinity, Practical [PSU]
# name 7 = density00: Density [density, kg/m^3]
# name 8 = sigma-é00: Density [sigma-theta, kg/m^3]
# name 9 = potemp090C: Potential Temperature [ITS-90, deg C]
# name 10 = sbeox0PS: Oxygen, SBE 43 [% saturation]
# name 11 = CStarTr0: Beam Transmission, WET Labs C-Star [%]
# name 12 = flECO-AFL: Fluorescence, WET Labs ECO-AFL/FL [mg/m^3]
# name 13 = ph: pH
# name 14 = sbeox0ML/L: Oxygen, SBE 43 [ml/l]
# name 15 = sbeox0Mg/L: Oxygen, SBE 43 [mg/l]
# name 16 = sbox0Mm/Kg: Oxygen, SBE 43 [umol/kg]
# name 17 = sbeox0Mm/L: Oxygen, SBE 43 [umol/l]
# name 18 = flag:  0.000e+00
# span 0 =   58.21080,   58.21210                 
# span 1 = -137.08572, -137.08530                 
# span 2 =      2.845,    134.110                 
# span 3 =      2.686,    118.676                 
# span 4 =      2.661,    117.541                 
# span 5 =     6.7265,    14.5252                 
# span 6 =    31.5662,    32.5227                 
# span 7 =  1023.4728,  1026.0493                 
# span 8 =    23.4508,    25.5044                 
# span 9 =     6.7163,    14.5236                 
# span 10 =     57.031,    102.129                
# span 11 =    92.5216,   106.1145                
# span 12 =    -0.1177,     2.6368                
# span 13 =      7.902,      8.302                
# span 14 =     3.8710,     6.0172                
# span 15 =     5.5320,     8.5991                
# span 16 =    168.673,    262.550                
# span 17 =    172.878,    268.727                
# span 18 = 0.0000e+00, 0.0000e+00                
# interval = seconds: 0.0416667
# start_time = Aug 19 2022 08:16:29 [NMEA time, header]
# bad_flag = -9.990e-29
*END*
[from data line 12039]
   58.21204 -137.08566    101.241      9.215      9.129    14.4995    31.6021  1023.5007    23.4598    14.4982    101.184    93.5284     1.8749      8.292     5.9410     8.4904    259.245    265.327  0.000e+00
   58.21204 -137.08566     97.530      9.191      9.105    14.4991    31.6019  1023.5005    23.4598    14.4978    101.203    93.5564     1.8749      8.292     5.9423     8.4921    259.298    265.381  0.000e+00
   58.21204 -137.08566     97.017      9.191      9.105    14.4980    31.6023  1023.5011    23.4603    14.4967    101.219    93.5564     1.8749      8.292     5.9433     8.4936    259.344    265.428  0.000e+00
   58.21204 -137.08566     97.190      9.094      9.009    14.4976    31.6020  1023.5005    23.4602    14.4963    101.239    93.5564     1.9335      8.292     5.9445     8.4954    259.398    265.484  0.000e+00
   58.21204 -137.08566     97.368      9.126      9.041    14.4971    31.6021  1023.5008    23.4603    14.4958    101.257    93.5564     2.0215      8.297     5.9456     8.4969    259.445    265.532  0.000e+00
   58.21204 -137.08566     97.248      9.005      8.921    14.4974    31.6027  1023.5007    23.4607    14.4961    101.273    93.5564     2.0508      8.292     5.9465     8.4982    259.484    265.572  0.000e+00
   58.21204 -137.08566     97.280      9.037      8.953    14.4973    31.6029  1023.5010    23.4609    14.4960    101.292    93.5564     2.0508      8.297     5.9476     8.4997    259.532    265.621  0.000e+00
   58.21204 -137.08566     97.072      8.827      8.745    14.4977    31.6024  1023.4996    23.4605    14.4964    101.308    93.5564     2.0508      8.292     5.9486     8.5011    259.573    265.663  0.000e+00
   58.21204 -137.08566     97.312      9.069      8.985    14.4974    31.6024  1023.5008    23.4605    14.4961    101.378    93.5564     2.0215      8.297     5.9527     8.5070    259.754    265.848  0.000e+00
   58.21204 -137.08566     97.160      8.916      8.833    14.4973    31.6025  1023.5001    23.4606    14.4961    101.396    93.5564     2.0508      8.292     5.9538     8.5085    259.800    265.895  0.000e+00
   58.21204 -137.08566     97.248      9.005      8.921    14.4979    31.6022  1023.5002    23.4602    14.4966    101.417    93.5564     2.0508      8.292     5.9549     8.5102    259.851    265.947  0.000e+00
   58.21204 -137.08566     97.136      8.892      8.809    14.4982    31.6021  1023.4996    23.4601    14.4969    101.435    93.5564     2.0215      8.297     5.9560     8.5117    259.897    265.994  0.000e+00
   58.21204 -137.08566     97.160      8.916      8.833    14.4979    31.6022  1023.4998    23.4603    14.4966    101.456    93.5564     2.0508      8.292     5.9572     8.5135    259.951    266.050  0.000e+00
   58.21204 -137.08566     97.136      8.892      8.809    14.4987    31.6023  1023.4996    23.4601    14.4974    101.471    93.5564     2.0508      8.292     5.9580     8.5146    259.985    266.084  0.000e+00
   58.21204 -137.08566     96.994      8.649      8.569    14.4989    31.6022  1023.4984    23.4600    14.4977    101.483    93.5564     2.0508      8.292     5.9587     8.5155    260.015    266.115  0.000e+00
   58.21204 -137.08566     97.573      9.037      8.953    14.4989    31.6021  1023.5000    23.4599    14.4976    101.450    93.5564     2.0508      8.292     5.9568     8.5128    259.931    266.029  0.000e+00
   58.21204 -137.08566     97.358      8.771      8.689    14.4984    31.6022  1023.4991    23.4601    14.4972    101.457    93.5564     2.0508      8.292     5.9572     8.5135    259.951    266.049  0.000e+00
   58.21204 -137.08566     97.294      8.706      8.625    14.4987    31.6018  1023.4984    23.4598    14.4974    101.519    93.5564     2.0508      8.292     5.9609     8.5187    260.110    266.212  0.000e+00
   58.21204 -137.08566     97.326      8.738      8.657    14.4994    31.6016  1023.4982    23.4595    14.4981    101.535    93.5564     2.0508      8.297     5.9617     8.5199    260.148    266.251  0.000e+00
   58.21204 -137.08566     97.238      8.649      8.569    14.4993    31.6021  1023.4983    23.4599    14.4981    101.550    93.5564     2.0508      8.297     5.9626     8.5211    260.184    266.288  0.000e+00
   58.21204 -137.08566     97.238      8.649      8.569    14.4990    31.6024  1023.4985    23.4602    14.4978    101.560    93.5284     2.0508      8.297     5.9632     8.5220    260.212    266.316  0.000e+00
   58.21204 -137.08566     97.206      8.617      8.537    14.4991    31.6019  1023.4980    23.4597    14.4979    101.570    93.5284     2.0508      8.297     5.9638     8.5228    260.237    266.342  0.000e+00
   58.21204 -137.08568     97.006      8.415      8.337    14.4989    31.6019  1023.4972    23.4598    14.4977    101.577    93.5284     2.0508      8.297     5.9642     8.5235    260.256    266.362  0.000e+00
   58.21204 -137.08568     97.294      8.706      8.625    14.4984    31.6018  1023.4985    23.4598    14.4972    101.585    93.5284     2.0215      8.292     5.9647     8.5242    260.279    266.385  0.000e+00
   58.21204 -137.08568     97.086      8.496      8.417    14.4982    31.6016  1023.4974    23.4597    14.4970    101.586    93.5284     1.9628      8.292     5.9648     8.5244    260.284    266.390  0.000e+00
   58.21204 -137.08568     97.118      8.528      8.449    14.4981    31.6012  1023.4973    23.4594    14.4969    101.595    93.5284     1.9628      8.297     5.9654     8.5252    260.308    266.415  0.000e+00
   58.21204 -137.08568     97.006      8.415      8.337    14.4978    31.6017  1023.4972    23.4598    14.4966    101.597    93.5284     1.9628      8.292     5.9655     8.5253    260.314    266.420  0.000e+00
   58.21204 -137.08568     97.062      8.496      8.417    14.4981    31.6013  1023.4972    23.4595    14.4969    101.601    93.5284     1.9628      8.297     5.9657     8.5256    260.322    266.430  0.000e+00
   58.21204 -137.08568     96.910      8.294      8.217    14.4985    31.6019  1023.4967    23.4599    14.4973    101.600    93.5284     1.9628      8.292     5.9656     8.5255    260.319    266.426  0.000e+00
   58.21204 -137.08568    102.703      8.472      8.393    14.4984    31.6020  1023.4975    23.4600    14.4971    101.657    93.5284     1.9628      8.297     5.9690     8.5303    260.465    266.576  0.000e+00
   58.21204 -137.08568    106.539      8.375      8.297    14.4978    31.6015  1023.4969    23.4597    14.4966    101.663    93.5284     1.9628      8.297     5.9694     8.5309    260.483    266.593  0.000e+00
   58.21204 -137.08568    107.149      8.350      8.273    14.4971    31.6013  1023.4968    23.4597    14.4960    101.668    93.5284     1.9628      8.297     5.9698     8.5314    260.500    266.612  0.000e+00
   58.21204 -137.08568    106.874      8.294      8.217    14.4968    31.6006  1023.4960    23.4592    14.4956    101.667    93.5284     1.9628      8.292     5.9698     8.5315    260.501    266.612  0.000e+00
   58.21204 -137.08568    106.607      8.197      8.121    14.4960    31.6001  1023.4954    23.4590    14.4948    101.665    93.5284     1.9628      8.297     5.9698     8.5314    260.500    266.611  0.000e+00
   58.21204 -137.08568    106.558      8.173      8.097    14.4951    31.6003  1023.4956    23.4594    14.4939    101.663    93.5284     1.9628      8.297     5.9698     8.5314    260.499    266.610  0.000e+00
   58.21204 -137.08568    106.583      8.173      8.097    14.4948    31.6007  1023.4960    23.4597    14.4936    101.718    93.5284     1.9628      8.292     5.9730     8.5361    260.642    266.756  0.000e+00
   58.21204 -137.08568    106.607      8.197      8.121    14.4947    31.6009  1023.4962    23.4599    14.4936    101.720    93.5284     1.9628      8.297     5.9732     8.5362    260.646    266.761  0.000e+00
   58.21204 -137.08568    106.527      8.116      8.041    14.4943    31.6009  1023.4959    23.4599    14.4931    101.719    93.5284     1.9628      8.297     5.9732     8.5363    260.647    266.762  0.000e+00
   58.21204 -137.08568    106.463      8.052      7.977    14.4940    31.6005  1023.4954    23.4597    14.4929    101.718    93.5284     1.9628      8.297     5.9731     8.5362    260.646    266.760  0.000e+00
   58.21204 -137.08568    106.487      8.076      8.001    14.4931    31.6013  1023.4963    23.4605    14.4920    101.717    93.5284     1.9628      8.297     5.9731     8.5362    260.645    266.760  0.000e+00
   58.21204 -137.08568    106.463      8.052      7.977    14.4935    31.6007  1023.4957    23.4600    14.4923    101.766    93.5284     1.9628      8.292     5.9760     8.5404    260.772    266.890  0.000e+00
   58.21204 -137.08568    106.463      8.052      7.977    14.4937    31.6007  1023.4956    23.4599    14.4926    101.767    93.5005     1.9628      8.292     5.9761     8.5404    260.774    266.891  0.000e+00
   58.21204 -137.08568    106.431      8.019      7.945    14.4937    31.6010  1023.4957    23.4601    14.4925    101.714    93.5005     1.9628      8.292     5.9729     8.5359    260.636    266.751  0.000e+00
   58.21204 -137.08568    106.407      7.995      7.921    14.4940    31.6009  1023.4955    23.4600    14.4929    101.765    93.5005     1.9335      8.292     5.9759     8.5402    260.766    266.884  0.000e+00
   58.21204 -137.08568    106.311      7.898      7.825    14.4946    31.6013  1023.4952    23.4602    14.4935    101.767    93.5005     1.8749      8.297     5.9759     8.5402    260.767    266.885  0.000e+00
   58.21204 -137.08568    106.351      7.939      7.865    14.4945    31.6016  1023.4957    23.4605    14.4934    101.770    93.5005     1.8456      8.292     5.9761     8.5404    260.773    266.891  0.000e+00
   58.21204 -137.08568    106.287      7.874      7.801    14.4955    31.6005  1023.4943    23.4594    14.4944    101.769    93.5005     1.8456      8.292     5.9760     8.5403    260.770    266.888  0.000e+00
   58.21204 -137.08568    106.311      7.898      7.825    14.4947    31.6010  1023.4950    23.4599    14.4936    101.770    93.5005     1.8456      8.297     5.9761     8.5404    260.773    266.891  0.000e+00
   58.21204 -137.08568    106.287      7.874      7.801    14.4941    31.6014  1023.4953    23.4604    14.4930    101.773    93.5005     1.8456      8.292     5.9764     8.5408    260.786    266.904  0.000e+00
   58.21204 -137.08568    106.231      7.817      7.745    14.4940    31.6013  1023.4950    23.4603    14.4929    101.776    93.5005     1.8456      8.297     5.9765     8.5410    260.792    266.911  0.000e+00
   58.21204 -137.08568    106.199      7.785      7.713    14.4941    31.6013  1023.4948    23.4603    14.4930    101.831    93.5005     1.8456      8.292     5.9797     8.5456    260.933    267.054  0.000e+00
   58.21204 -137.08568    106.287      7.874      7.801    14.4949    31.6011  1023.4950    23.4600    14.4937    101.838    93.5005     1.8456      8.292     5.9801     8.5461    260.948    267.070  0.000e+00
   58.21204 -137.08568    106.167      7.753      7.681    14.4950    31.6016  1023.4947    23.4603    14.4939    101.842    93.5005     1.8456      8.297     5.9803     8.5464    260.956    267.078  0.000e+00
   58.21204 -137.08568    106.199      7.785      7.713    14.4951    31.6015  1023.4948    23.4603    14.4940    101.847    93.5005     1.8456      8.297     5.9805     8.5468    260.968    267.090  0.000e+00
   58.21204 -137.08568    106.231      7.817      7.745    14.4952    31.6017  1023.4951    23.4604    14.4941    101.850    93.5005     1.8456      8.297     5.9807     8.5470    260.976    267.098  0.000e+00
   58.21204 -137.08568    106.167      7.753      7.681    14.4953    31.6015  1023.4946    23.4602    14.4942    101.799    93.5005     1.8456      8.292     5.9777     8.5427    260.844    266.963  0.000e+00
   58.21204 -137.08568    106.135      7.720      7.649    14.4954    31.6015  1023.4945    23.4602    14.4943    101.794    93.5005     1.8456      8.297     5.9774     8.5423    260.833    266.952  0.000e+00
   58.21204 -137.08568    106.111      7.696      7.625    14.4950    31.6015  1023.4944    23.4603    14.4939    101.848    93.5005     1.8456      8.292     5.9806     8.5469    260.971    267.093  0.000e+00
   58.21204 -137.08568    106.231      7.817      7.745    14.4951    31.6010  1023.4946    23.4599    14.4939    101.854    93.5005     1.8456      8.292     5.9810     8.5474    260.988    267.111  0.000e+00
   58.21204 -137.08568    106.135      7.720      7.649    14.4951    31.6014  1023.4944    23.4601    14.4940    101.857    93.5005     1.8456      8.297     5.9811     8.5476    260.994    267.117  0.000e+00
   58.21204 -137.08568    106.167      7.753      7.681    14.4949    31.6015  1023.4947    23.4603    14.4938    101.860    93.5005     1.8456      8.292     5.9814     8.5480    261.005    267.128  0.000e+00
   58.21204 -137.08568    106.135      7.720      7.649    14.4948    31.6014  1023.4945    23.4603    14.4937    101.862    93.4725     1.8456      8.292     5.9815     8.5481    261.010    267.133  0.000e+00
   58.21204 -137.08568    106.111      7.696      7.625    14.4947    31.6012  1023.4942    23.4601    14.4936    101.864    93.4725     1.8456      8.292     5.9816     8.5483    261.014    267.137  0.000e+00
   58.21204 -137.08568    106.111      7.696      7.625    14.4943    31.6012  1023.4943    23.4602    14.4932    101.864    93.4725     1.8456      8.297     5.9817     8.5484    261.018    267.141  0.000e+00
   58.21204 -137.08568    106.135      7.720      7.649    14.4940    31.6017  1023.4948    23.4606    14.4929    101.859    93.4725     1.9628      8.297     5.9814     8.5480    261.005    267.128  0.000e+00
   58.21204 -137.08568    106.167      7.753      7.681    14.4941    31.6012  1023.4946    23.4602    14.4930    101.853    93.4725     2.0508      8.292     5.9810     8.5475    260.990    267.112  0.000e+00
   58.21204 -137.08568    106.111      7.696      7.625    14.4941    31.6012  1023.4944    23.4602    14.4930    101.850    93.4725     2.0801      8.297     5.9808     8.5472    260.982    267.104  0.000e+00
   58.21204 -137.08568    106.135      7.720      7.649    14.4942    31.6016  1023.4948    23.4605    14.4931    101.847    93.4725     2.0801      8.297     5.9806     8.5469    260.973    267.095  0.000e+00
   58.21204 -137.08568    106.111      7.696      7.625    14.4943    31.6010  1023.4942    23.4600    14.4932    101.842    93.4725     2.0801      8.292     5.9804     8.5466    260.962    267.085  0.000e+00
   58.21204 -137.08568    106.110      7.696      7.625    14.4942    31.6011  1023.4943    23.4601    14.4931    101.838    93.4725     2.0801      8.297     5.9801     8.5462    260.950    267.072  0.000e+00
   58.21204 -137.08568     99.630      7.785      7.713    14.4943    31.6011  1023.4947    23.4601    14.4932    101.833    93.4725     2.0508      8.297     5.9798     8.5458    260.938    267.059  0.000e+00
   58.21204 -137.08568     69.163      7.696      7.625    14.4944    31.6014  1023.4945    23.4603    14.4933    101.825    93.4725     2.0508      8.292     5.9794     8.5451    260.917    267.038  0.000e+00
   58.21204 -137.08568     56.398      7.753      7.681    14.4946    31.6010  1023.4943    23.4599    14.4935    101.818    93.4725     2.0801      8.292     5.9790     8.5445    260.899    267.020  0.000e+00
   58.21204 -137.08568     55.683      7.720      7.649    14.4949    31.6015  1023.4945    23.4603    14.4938    101.810    93.4725     2.0801      8.292     5.9784     8.5437    260.875    266.995  0.000e+00
   58.21204 -137.08568     56.873      7.640      7.569    14.4950    31.6014  1023.4941    23.4602    14.4939    101.800    93.4725     2.0508      8.297     5.9778     8.5428    260.848    266.968  0.000e+00
