EcoFOCI/data/1_SampleCollection/2022_GOA-OA_CruiseData/CTD_raw_BottleFile_RC0083/RC0083_074.cnv
* Sea-Bird SBE 9 Data File:
* FileName = C:\Data\RC0083ctd\RC0083_074.hex
* Software Version Seasave V 7.26.7.107
* Temperature SN = 2060
* Conductivity SN = 1084
* Number of Bytes Per Scan = 31
* Number of Voltage Words = 4
* Number of Scans Averaged by the Deck Unit = 1
* NMEA Latitude = 58 34.16 N
* NMEA Longitude = 136 04.02 W
* NMEA UTC (Time) = Aug 21 2022  02:40:00
* NMEA baud rate = 4800
** Ship: R/V Rachel Carson
** Cruise ID: RC0083
** Tech: McHugh/Nomura
** Chief Scientist: Cross
** Station: GB03
** Cast:  CTD074
# nquan = 19
# nvalues = 7809                                  
# units = specified
# name 0 = latitude: Latitude [deg]
# name 1 = longitude: Longitude [deg]
# name 2 = sfdSM: Seafloor depth [salt water, m]
# name 3 = prDM: Pressure, Digiquartz [db]
# name 4 = depSM: Depth [salt water, m]
# name 5 = t090C: Temperature [ITS-90, deg C]
# name 6 = sal00: Salinity, Practical [PSU]
# name 7 = density00: Density [density, kg/m^3]
# name 8 = sigma-é00: Density [sigma-theta, kg/m^3]
# name 9 = potemp090C: Potential Temperature [ITS-90, deg C]
# name 10 = sbeox0PS: Oxygen, SBE 43 [% saturation]
# name 11 = CStarTr0: Beam Transmission, WET Labs C-Star [%]
# name 12 = flECO-AFL: Fluorescence, WET Labs ECO-AFL/FL [mg/m^3]
# name 13 = ph: pH
# name 14 = sbeox0ML/L: Oxygen, SBE 43 [ml/l]
# name 15 = sbeox0Mg/L: Oxygen, SBE 43 [mg/l]
# name 16 = sbox0Mm/Kg: Oxygen, SBE 43 [umol/kg]
# name 17 = sbeox0Mm/L: Oxygen, SBE 43 [umol/l]
# name 18 = flag:  0.000e+00
# span 0 =   58.56856,   58.56934                 
# span 1 = -136.06706, -136.06660                 
# span 2 =      6.134,    130.548                 
# span 3 =      3.365,     98.741                 
# span 4 =      3.333,     97.798                 
# span 5 =     7.2808,     9.7470                 
# span 6 =    21.5461,    30.5382                 
# span 7 =  1016.5269,  1024.3009                 
# span 8 =    16.5102,    23.8478                 
# span 9 =     7.2721,     9.7466                 
# span 10 =     62.710,    127.095                
# span 11 =    35.9683,    88.1584                
# span 12 =     0.1753,    14.7980                
# span 13 =      7.921,      8.486                
# span 14 =     4.2934,     8.7805                
# span 15 =     6.1357,    12.5482                
# span 16 =    187.289,    385.614                
# span 17 =    191.744,    392.136                
# span 18 = 0.0000e+00, 0.0000e+00                
# interval = seconds: 0.0416667
# start_time = Aug 21 2022 02:40:00 [NMEA time, header]
# bad_flag = -9.990e-29
*END*
[from data line 3048]
   58.56880 -136.06670    109.264     64.922     64.307     7.8009    30.3781  1023.9725    23.6747     7.7950     64.158    87.8507     0.4683      7.931     4.3836     6.2646    191.244    195.772  0.000e+00
   58.56880 -136.06670    109.264     64.922     64.307     7.8006    30.3783  1023.9726    23.6749     7.7947     64.214    87.8507     0.4683      7.931     4.3875     6.2701    191.412    195.944  0.000e+00
   58.56880 -136.06670    109.272     64.930     64.315     7.8005    30.3784  1023.9728    23.6750     7.7945     64.221    87.8507     0.4683      7.931     4.3880     6.2709    191.435    195.967  0.000e+00
   58.56880 -136.06670    109.206     64.987     64.371     7.8002    30.3784  1023.9731    23.6750     7.7943     64.229    87.8507     0.4683      7.931     4.3886     6.2717    191.460    195.993  0.000e+00
   58.56880 -136.06670    109.214     65.043     64.427     7.8000    30.3785  1023.9735    23.6751     7.7940     64.237    87.8507     0.4683      7.931     4.3891     6.2725    191.484    196.018  0.000e+00
   58.56880 -136.06670    109.189     65.043     64.427     7.7999    30.3786  1023.9736    23.6752     7.7940     64.245    87.8507     0.4683      7.931     4.3896     6.2732    191.507    196.041  0.000e+00
   58.56880 -136.06670    109.245     65.100     64.483     7.7997    30.3785  1023.9738    23.6752     7.7938     64.197    87.8507     0.4683      7.931     4.3864     6.2686    191.366    195.897  0.000e+00
   58.56880 -136.06670    109.229     65.108     64.491     7.7995    30.3789  1023.9741    23.6754     7.7935     64.198    87.8507     0.4683      7.931     4.3865     6.2687    191.368    195.899  0.000e+00
   58.56880 -136.06670    109.114     65.164     64.547     7.7997    30.3785  1023.9740    23.6752     7.7938     64.199    87.8507     0.4683      7.931     4.3865     6.2688    191.372    195.903  0.000e+00
   58.56880 -136.06670    109.097     65.221     64.603     7.7992    30.3784  1023.9743    23.6752     7.7933     64.201    87.8507     0.4683      7.931     4.3867     6.2690    191.379    195.910  0.000e+00
   58.56880 -136.06670    109.121     65.221     64.603     7.7993    30.3791  1023.9748    23.6756     7.7933     64.195    87.8507     0.4683      7.931     4.3863     6.2684    191.360    195.891  0.000e+00
   58.56880 -136.06670    109.129     65.229     64.611     7.7997    30.3786  1023.9744    23.6752     7.7937     64.196    87.8507     0.4683      7.931     4.3863     6.2685    191.364    195.894  0.000e+00
   58.56880 -136.06670    109.168     65.342     64.724     7.8000    30.3789  1023.9752    23.6754     7.7940     64.192    87.8507     0.4683      7.931     4.3860     6.2680    191.348    195.878  0.000e+00
   58.56880 -136.06670    109.070     65.342     64.724     7.8004    30.3785  1023.9748    23.6750     7.7944     64.249    87.8507     0.4683      7.931     4.3899     6.2736    191.518    196.052  0.000e+00
   58.56880 -136.06670    109.046     65.342     64.724     7.8007    30.3780  1023.9744    23.6747     7.7947     64.258    87.8507     0.4683      7.931     4.3905     6.2744    191.543    196.078  0.000e+00
   58.56880 -136.06670    109.102     65.399     64.780     7.8006    30.3783  1023.9748    23.6749     7.7946     64.212    87.8507     0.4683      7.931     4.3873     6.2699    191.406    195.937  0.000e+00
   58.56880 -136.06670    109.166     65.464     64.844     7.8004    30.3784  1023.9752    23.6750     7.7944     64.270    87.8507     0.4683      7.931     4.3913     6.2756    191.581    196.116  0.000e+00
   58.56880 -136.06670    109.068     65.464     64.844     7.8005    30.3780  1023.9749    23.6747     7.7945     64.216    87.8507     0.4683      7.931     4.3876     6.2704    191.420    195.952  0.000e+00
   58.56880 -136.06670    108.922     65.464     64.844     7.8004    30.3784  1023.9753    23.6750     7.7944     64.211    87.8507     0.4683      7.931     4.3873     6.2699    191.404    195.936  0.000e+00
   58.56880 -136.06670    109.058     65.577     64.956     7.8001    30.3780  1023.9755    23.6747     7.7941     64.206    87.8787     0.4683      7.931     4.3870     6.2695    191.393    195.924  0.000e+00
   58.56880 -136.06670    108.978     65.520     64.900     7.7969    30.3793  1023.9767    23.6761     7.7909     64.201    87.8507     0.4683      7.931     4.3869     6.2693    191.389    195.920  0.000e+00
   58.56880 -136.06670    109.106     65.650     65.028     7.7848    30.3860  1023.9842    23.6831     7.7788     64.206    87.8507     0.4683      7.931     4.3883     6.2713    191.446    195.980  0.000e+00
   58.56880 -136.06670    109.122     65.642     65.020     7.7716    30.3930  1023.9915    23.6904     7.7656     64.210    87.8507     0.4683      7.931     4.3897     6.2733    191.505    196.042  0.000e+00
   58.56880 -136.06670    109.098     65.642     65.020     7.7672    30.3950  1023.9937    23.6925     7.7612     64.213    87.8787     0.4683      7.931     4.3903     6.2741    191.532    196.069  0.000e+00
   58.56880 -136.06670    109.218     65.763     65.140     7.7667    30.3949  1023.9942    23.6925     7.7607     64.217    87.8787     0.4683      7.931     4.3906     6.2746    191.546    196.084  0.000e+00
   58.56880 -136.06670    109.154     65.698     65.076     7.7649    30.3962  1023.9952    23.6938     7.7589     64.220    87.8507     0.4683      7.931     4.3909     6.2751    191.561    196.100  0.000e+00
   58.56880 -136.06670    109.218     65.763     65.140     7.7638    30.3966  1023.9960    23.6943     7.7578     64.217    87.8507     0.4683      7.931     4.3908     6.2749    191.555    196.094  0.000e+00
   58.56880 -136.06670    109.079     65.819     65.196     7.7619    30.3977  1023.9973    23.6954     7.7558     64.214    87.8507     0.4683      7.931     4.3908     6.2749    191.553    196.092  0.000e+00
   58.56880 -136.06670    109.054     65.819     65.196     7.7614    30.3983  1023.9979    23.6959     7.7554     64.210    87.8507     0.4683      7.931     4.3905     6.2745    191.543    196.082  0.000e+00
   58.56880 -136.06670    109.110     65.876     65.252     7.7650    30.3968  1023.9965    23.6943     7.7589     64.206    87.8787     0.4683      7.931     4.3900     6.2737    191.518    196.056  0.000e+00
   58.56880 -136.06670    109.174     65.941     65.316     7.7688    30.3945  1023.9945    23.6920     7.7628     64.202    87.8787     0.4683      7.931     4.3894     6.2729    191.493    196.029  0.000e+00
   58.56880 -136.06670    109.101     65.941     65.316     7.7682    30.3953  1023.9951    23.6927     7.7622     64.198    87.8507     0.4683      7.931     4.3892     6.2725    191.483    196.020  0.000e+00
   58.56880 -136.06670    108.914     65.949     65.324     7.7651    30.3966  1023.9967    23.6941     7.7591     64.195    87.8507     0.4683      7.931     4.3892     6.2726    191.484    196.021  0.000e+00
   58.56880 -136.06670    108.969     66.054     65.428     7.7612    30.3981  1023.9989    23.6958     7.7551     64.137    87.8507     0.4683      7.931     4.3856     6.2674    191.326    195.859  0.000e+00
   58.56880 -136.06670    108.969     66.054     65.428     7.7646    30.3956  1023.9964    23.6934     7.7586     64.126    87.8507     0.4683      7.931     4.3845     6.2659    191.281    195.813  0.000e+00
   58.56880 -136.06670    108.969     66.054     65.428     7.7705    30.3936  1023.9940    23.6910     7.7645     64.114    87.8787     0.4683      7.931     4.3832     6.2641    191.225    195.755  0.000e+00
   58.56880 -136.06670    109.016     66.175     65.548     7.7771    30.3896  1023.9905    23.6869     7.7711     64.104    87.8507     0.4683      7.931     4.3820     6.2623    191.172    195.700  0.000e+00
   58.56880 -136.06670    108.870     66.127     65.500     7.7740    30.3915  1023.9922    23.6889     7.7680     64.094    87.8507     0.4683      7.931     4.3816     6.2617    191.153    195.681  0.000e+00
   58.56880 -136.06670    108.894     66.175     65.548     7.7692    30.3938  1023.9949    23.6913     7.7631     64.086    87.8787     0.4683      7.931     4.3814     6.2615    191.145    195.674  0.000e+00
   58.56880 -136.06670    108.958     66.240     65.612     7.7633    30.3963  1023.9980    23.6941     7.7573     64.078    87.8787     0.4683      7.931     4.3814     6.2614    191.143    195.672  0.000e+00
   58.56880 -136.06670    108.982     66.240     65.612     7.7579    30.3988  1024.0007    23.6968     7.7519     64.070    87.9067     0.4683      7.931     4.3813     6.2613    191.138    195.668  0.000e+00
   58.56880 -136.06670    108.941     66.296     65.668     7.7565    30.3995  1024.0017    23.6976     7.7505     64.062    87.9067     0.4683      7.931     4.3808     6.2607    191.120    195.649  0.000e+00
   58.56880 -136.06670    108.931     66.361     65.732     7.7575    30.3992  1024.0016    23.6972     7.7514     64.061    87.9067     0.4683      7.931     4.3807     6.2605    191.114    195.643  0.000e+00
   58.56880 -136.06670    108.899     66.353     65.724     7.7573    30.3992  1024.0016    23.6972     7.7512     64.061    87.8787     0.4683      7.931     4.3807     6.2605    191.114    195.643  0.000e+00
   58.56880 -136.06670    108.963     66.418     65.789     7.7564    30.3996  1024.0024    23.6977     7.7503     64.062    87.9067     0.4390      7.931     4.3809     6.2607    191.120    195.649  0.000e+00
   58.56880 -136.06670    109.019     66.474     65.845     7.7562    30.3999  1024.0029    23.6979     7.7501     64.063    87.9067     0.4390      7.931     4.3810     6.2608    191.125    195.654  0.000e+00
   58.56880 -136.06670    108.921     66.474     65.845     7.7557    30.4006  1024.0035    23.6985     7.7496     64.065    87.9067     0.4390      7.931     4.3811     6.2610    191.131    195.660  0.000e+00
   58.56880 -136.06670    108.912     66.539     65.909     7.7565    30.4001  1024.0033    23.6980     7.7504     64.004    87.9067     0.4390      7.931     4.3769     6.2550    190.947    195.472  0.000e+00
   58.56880 -136.06670    108.912     66.539     65.909     7.7567    30.3998  1024.0031    23.6978     7.7506     64.048    87.9067     0.4390      7.931     4.3799     6.2593    191.077    195.605  0.000e+00
   58.56880 -136.06670    108.968     66.596     65.965     7.7565    30.3999  1024.0034    23.6979     7.7504     64.044    87.9067     0.4390      7.931     4.3796     6.2589    191.066    195.593  0.000e+00
   58.56880 -136.06670    108.944     66.596     65.965     7.7567    30.3999  1024.0034    23.6979     7.7506     64.047    87.9067     0.4390      7.931     4.3798     6.2592    191.075    195.603  0.000e+00
   58.56880 -136.06670    108.942     66.717     66.085     7.7569    30.3998  1024.0038    23.6977     7.7508     64.052    87.9067     0.4390      7.931     4.3801     6.2597    191.089    195.617  0.000e+00
   58.56880 -136.06670    108.829     66.652     66.021     7.7564    30.3998  1024.0036    23.6978     7.7503     64.056    87.9067     0.4390      7.931     4.3805     6.2601    191.103    195.631  0.000e+00
   58.56880 -136.06670    108.893     66.717     66.085     7.7559    30.3999  1024.0041    23.6980     7.7498     64.061    87.9067     0.4390      7.931     4.3809     6.2607    191.122    195.651  0.000e+00
   58.56880 -136.06670    108.957     66.782     66.149     7.7557    30.3996  1024.0041    23.6978     7.7496     64.068    87.9067     0.4390      7.931     4.3814     6.2614    191.142    195.671  0.000e+00
   58.56880 -136.06670    108.949     66.773     66.141     7.7550    30.4000  1024.0045    23.6982     7.7489     64.067    87.9067     0.4390      7.931     4.3813     6.2613    191.140    195.670  0.000e+00
   58.56880 -136.06670    109.005     66.830     66.197     7.7560    30.3994  1024.0041    23.6975     7.7499     64.066    87.9067     0.4390      7.931     4.3812     6.2612    191.135    195.665  0.000e+00
   58.56880 -136.06670    109.005     66.830     66.197     7.7565    30.3990  1024.0038    23.6972     7.7504     64.065    87.8787     0.4390      7.931     4.3811     6.2611    191.132    195.661  0.000e+00
   58.56880 -136.06670    109.069     66.895     66.261     7.7567    30.3993  1024.0042    23.6973     7.7505     64.066    87.9067     0.4390      7.931     4.3811     6.2611    191.131    195.661  0.000e+00
   58.56880 -136.06670    109.133     66.959     66.325     7.7568    30.3990  1024.0043    23.6972     7.7507     64.066    87.9346     0.4390      7.931     4.3811     6.2611    191.133    195.662  0.000e+00
   58.56880 -136.06670    109.028     66.951     66.317     7.7570    30.3984  1024.0038    23.6966     7.7509     64.066    87.9346     0.4390      7.931     4.3812     6.2611    191.133    195.662  0.000e+00
   58.56880 -136.06670    108.994     67.016     66.381     7.7572    30.3985  1024.0041    23.6967     7.7510     64.067    87.9346     0.4390      7.931     4.3812     6.2612    191.136    195.665  0.000e+00
   58.56880 -136.06670    108.994     67.016     66.381     7.7572    30.3986  1024.0042    23.6968     7.7510     64.076    87.9346     0.4390      7.931     4.3818     6.2620    191.160    195.690  0.000e+00
   58.56880 -136.06670    109.050     67.073     66.437     7.7567    30.3986  1024.0046    23.6969     7.7505     64.030    87.9346     0.4390      7.931     4.3787     6.2576    191.025    195.552  0.000e+00
   58.56880 -136.06670    109.106     67.129     66.493     7.7562    30.3981  1024.0045    23.6965     7.7500     64.025    87.9346     0.4390      7.931     4.3784     6.2572    191.015    195.542  0.000e+00
   58.56880 -136.06670    109.016     67.137     66.501     7.7554    30.3985  1024.0049    23.6969     7.7493     64.029    87.9346     0.4390      7.931     4.3788     6.2577    191.028    195.555  0.000e+00
   58.56880 -136.06670    108.975     67.194     66.557     7.7554    30.3985  1024.0052    23.6969     7.7493     64.026    87.9346     0.4390      7.931     4.3786     6.2574    191.020    195.546  0.000e+00
   58.56880 -136.06670    108.975     67.194     66.557     7.7560    30.3981  1024.0048    23.6966     7.7499     64.023    87.9346     0.4390      7.931     4.3783     6.2571    191.009    195.536  0.000e+00
   58.56880 -136.06670    109.031     67.250     66.613     7.7555    30.3984  1024.0054    23.6968     7.7494     64.022    87.9346     0.4390      7.931     4.3782     6.2570    191.006    195.533  0.000e+00
   58.56880 -136.06670    109.095     67.315     66.677     7.7555    30.3983  1024.0056    23.6968     7.7494     64.076    87.9346     0.4390      7.931     4.3820     6.2623    191.170    195.700  0.000e+00
   58.56880 -136.06670    108.997     67.315     66.677     7.7554    30.3983  1024.0056    23.6968     7.7492     64.082    87.9346     0.4390      7.931     4.3824     6.2629    191.188    195.719  0.000e+00
   58.56880 -136.06670    109.012     67.380     66.741     7.7555    30.3980  1024.0056    23.6965     7.7494     64.089    87.9346     0.4390      7.931     4.3829     6.2636    191.208    195.739  0.000e+00
   58.56880 -136.06670    109.004     67.372     66.733     7.7552    30.3981  1024.0057    23.6967     7.7490     64.096    87.9346     0.4390      7.931     4.3834     6.2643    191.229    195.761  0.000e+00
   58.56880 -136.06670    109.060     67.428     66.789     7.7546    30.3990  1024.0068    23.6974     7.7484     64.103    87.9346     0.4390      7.931     4.3839     6.2650    191.253    195.785  0.000e+00
   58.56880 -136.06670    109.076     67.493     66.853     7.7546    30.3985  1024.0067    23.6971     7.7484     64.111    87.9346     0.4390      7.931     4.3844     6.2658    191.277    195.809  0.000e+00
