EcoFOCI/data/1_SampleCollection/2022_GOA-OA_CruiseData/CTD_raw_BottleFile_RC0083/RC0083_063.cnv
* Sea-Bird SBE 9 Data File:
* FileName = C:\Data\RC0083ctd\RC0083_063.hex
* Software Version Seasave V 7.26.7.107
* Temperature SN = 2060
* Conductivity SN = 1084
* Number of Bytes Per Scan = 31
* Number of Voltage Words = 4
* Number of Scans Averaged by the Deck Unit = 1
* NMEA Latitude = 58 42.84 N
* NMEA Longitude = 136 06.86 W
* NMEA UTC (Time) = Aug 20 2022  15:08:42
* NMEA baud rate = 4800
** Ship: R/V Rachel Carson
** Cruise ID: RC0083
** Tech: McHugh/Nomura
** Chief Scientist: Cross
** Station: GB13
** Cast:  CTD063
# nquan = 19
# nvalues = 13534                                 
# units = specified
# name 0 = latitude: Latitude [deg]
# name 1 = longitude: Longitude [deg]
# name 2 = sfdSM: Seafloor depth [salt water, m]
# name 3 = prDM: Pressure, Digiquartz [db]
# name 4 = depSM: Depth [salt water, m]
# name 5 = t090C: Temperature [ITS-90, deg C]
# name 6 = sal00: Salinity, Practical [PSU]
# name 7 = density00: Density [density, kg/m^3]
# name 8 = sigma-é00: Density [sigma-theta, kg/m^3]
# name 9 = potemp090C: Potential Temperature [ITS-90, deg C]
# name 10 = sbeox0PS: Oxygen, SBE 43 [% saturation]
# name 11 = CStarTr0: Beam Transmission, WET Labs C-Star [%]
# name 12 = flECO-AFL: Fluorescence, WET Labs ECO-AFL/FL [mg/m^3]
# name 13 = ph: pH
# name 14 = sbeox0ML/L: Oxygen, SBE 43 [ml/l]
# name 15 = sbeox0Mg/L: Oxygen, SBE 43 [mg/l]
# name 16 = sbox0Mm/Kg: Oxygen, SBE 43 [umol/kg]
# name 17 = sbeox0Mm/L: Oxygen, SBE 43 [umol/l]
# name 18 = flag:  0.000e+00
# span 0 =   58.71312,   58.71412                 
# span 1 = -136.11430, -136.11270                 
# span 2 =      2.634,    159.487                 
# span 3 =      1.876,     97.759                 
# span 4 =      1.858,     96.824                 
# span 5 =     6.7809,     9.6489                 
# span 6 =    19.4685,    30.5822                 
# span 7 =  1015.0377,  1024.4190                 
# span 8 =    15.0207,    23.9691                 
# span 9 =     6.7727,     9.6486                 
# span 10 =     67.008,    119.628                
# span 11 =    36.3598,    94.2277                
# span 12 =    -0.0005,     5.6845                
# span 13 =      7.947,      8.420                
# span 14 =     4.6332,     8.3586                
# span 15 =     6.6213,    11.9453                
# span 16 =    202.131,    367.320                
# span 17 =    206.917,    373.296                
# span 18 = 0.0000e+00, 0.0000e+00                
# interval = seconds: 0.0416667
# start_time = Aug 20 2022 15:08:42 [NMEA time, header]
# bad_flag = -9.990e-29
*END*
[from data line 3277]
   58.71404 -136.11376    108.471     56.305     55.773     7.3046    30.3213  1023.9555    23.6966     7.2996     67.338    91.7944     0.1753      7.951     4.6552     6.6528    203.090    207.902  0.000e+00
   58.71404 -136.11376    108.373     56.305     55.773     7.3048    30.3208  1023.9552    23.6962     7.2998     67.341    91.7944     0.2046      7.951     4.6554     6.6531    203.099    207.911  0.000e+00
   58.71404 -136.11376    108.420     56.427     55.893     7.3046    30.3211  1023.9560    23.6965     7.2996     67.338    91.7944     0.2046      7.951     4.6552     6.6528    203.090    207.903  0.000e+00
   58.71404 -136.11376    108.340     56.370     55.837     7.3044    30.3211  1023.9557    23.6965     7.2995     67.334    91.7944     0.2046      7.951     4.6550     6.6524    203.079    207.891  0.000e+00
   58.71404 -136.11376    108.452     56.483     55.949     7.3048    30.3209  1023.9561    23.6963     7.2998     67.331    91.7944     0.2046      7.951     4.6548     6.6521    203.070    207.882  0.000e+00
   58.71404 -136.11376    108.452     56.483     55.949     7.3051    30.3210  1023.9561    23.6963     7.3001     67.328    91.7944     0.2046      7.951     4.6545     6.6518    203.059    207.871  0.000e+00
   58.71404 -136.11376    108.452     56.483     55.949     7.3046    30.3212  1023.9563    23.6965     7.2996     67.277    91.7944     0.2046      7.951     4.6511     6.6468    202.908    207.716  0.000e+00
   58.71404 -136.11376    108.516     56.548     56.013     7.3043    30.3214  1023.9568    23.6967     7.2993     67.269    91.7944     0.2046      7.951     4.6505     6.6460    202.883    207.691  0.000e+00
   58.71404 -136.11376    108.516     56.548     56.013     7.3041    30.3219  1023.9572    23.6971     7.2991     67.268    91.7944     0.2046      7.951     4.6504     6.6459    202.881    207.688  0.000e+00
   58.71404 -136.11376    108.572     56.604     56.069     7.3043    30.3217  1023.9573    23.6969     7.2993     67.316    91.7944     0.2046      7.951     4.6538     6.6507    203.027    207.838  0.000e+00
   58.71404 -136.11376    108.516     56.548     56.013     7.3044    30.3217  1023.9570    23.6969     7.2995     67.316    91.7944     0.2046      7.951     4.6537     6.6506    203.024    207.836  0.000e+00
   58.71404 -136.11376    108.748     56.782     56.245     7.3044    30.3213  1023.9578    23.6966     7.2994     67.270    91.7944     0.2046      7.951     4.6506     6.6461    202.887    207.695  0.000e+00
   58.71404 -136.11376    108.692     56.726     56.189     7.3044    30.3212  1023.9575    23.6966     7.2994     67.264    91.7944     0.2046      7.951     4.6501     6.6455    202.867    207.674  0.000e+00
   58.71404 -136.11376    108.692     56.726     56.189     7.3041    30.3213  1023.9575    23.6966     7.2991     67.258    91.7944     0.2046      7.951     4.6498     6.6450    202.852    207.659  0.000e+00
   58.71404 -136.11376    108.748     56.782     56.245     7.3044    30.3217  1023.9581    23.6969     7.2994     67.254    91.7944     0.2046      7.951     4.6494     6.6445    202.837    207.643  0.000e+00
   58.71404 -136.11376    108.699     56.782     56.245     7.3043    30.3216  1023.9581    23.6969     7.2993     67.249    91.9062     0.2046      7.956     4.6491     6.6441    202.825    207.631  0.000e+00
   58.71404 -136.11376    108.568     56.847     56.309     7.3043    30.3217  1023.9584    23.6970     7.2993     67.254    91.9622     0.2046      7.951     4.6495     6.6445    202.838    207.645  0.000e+00
   58.71404 -136.11376    108.575     56.903     56.365     7.3038    30.3222  1023.9591    23.6974     7.2988     67.252    91.9901     0.2046      7.951     4.6493     6.6444    202.833    207.640  0.000e+00
   58.71404 -136.11376    108.575     56.903     56.365     7.3036    30.3221  1023.9591    23.6974     7.2987     67.250    91.9622     0.2046      7.951     4.6492     6.6442    202.827    207.634  0.000e+00
   58.71404 -136.11376    108.631     56.960     56.421     7.3036    30.3221  1023.9593    23.6973     7.2987     67.256    91.9901     0.2046      7.951     4.6497     6.6448    202.847    207.654  0.000e+00
   58.71404 -136.11376    108.558     56.960     56.421     7.3036    30.3224  1023.9596    23.6976     7.2987     67.263    91.9622     0.2046      7.951     4.6501     6.6455    202.868    207.676  0.000e+00
   58.71404 -136.11376    108.460     56.960     56.421     7.3038    30.3223  1023.9594    23.6974     7.2988     67.263    91.9622     0.2046      7.951     4.6502     6.6455    202.868    207.676  0.000e+00
   58.71404 -136.11376    108.556     57.081     56.541     7.3034    30.3228  1023.9605    23.6979     7.2984     67.266    91.9622     0.2046      7.951     4.6503     6.6458    202.875    207.683  0.000e+00
   58.71404 -136.11376    108.556     57.081     56.541     7.3033    30.3227  1023.9604    23.6979     7.2983     67.267    91.9622     0.2046      7.951     4.6504     6.6459    202.881    207.689  0.000e+00
   58.71404 -136.11376    108.620     57.146     56.605     7.3033    30.3227  1023.9607    23.6978     7.2983     67.270    91.9622     0.2046      7.951     4.6506     6.6462    202.889    207.697  0.000e+00
   58.71404 -136.11376    108.498     57.146     56.605     7.3028    30.3234  1023.9613    23.6985     7.2978     67.273    91.9622     0.2046      7.951     4.6509     6.6465    202.899    207.707  0.000e+00
   58.71404 -136.11376    108.376     57.146     56.605     7.3025    30.3235  1023.9614    23.6986     7.2975     67.276    91.9622     0.2046      7.951     4.6511     6.6469    202.910    207.719  0.000e+00
   58.71404 -136.11376    108.407     57.203     56.661     7.3027    30.3231  1023.9614    23.6983     7.2976     67.273    91.9622     0.2046      7.951     4.6509     6.6466    202.900    207.709  0.000e+00
   58.71404 -136.11376    108.488     57.259     56.717     7.3029    30.3230  1023.9615    23.6982     7.2979     67.277    91.9622     0.2046      7.956     4.6512     6.6470    202.913    207.722  0.000e+00
   58.71404 -136.11376    108.552     57.324     56.781     7.3027    30.3234  1023.9622    23.6985     7.2976     67.283    91.9622     0.2046      7.951     4.6516     6.6476    202.931    207.740  0.000e+00
   58.71404 -136.11376    108.527     57.324     56.781     7.3025    30.3237  1023.9624    23.6987     7.2975     67.288    91.9622     0.2046      7.951     4.6520     6.6481    202.948    207.757  0.000e+00
   58.71404 -136.11376    108.552     57.324     56.781     7.3020    30.3241  1023.9628    23.6991     7.2970     67.239    91.9622     0.2046      7.951     4.6486     6.6433    202.800    207.606  0.000e+00
   58.71404 -136.11376    108.583     57.380     56.837     7.3015    30.3241  1023.9631    23.6992     7.2965     67.239    91.9622     0.2046      7.951     4.6487     6.6434    202.803    207.609  0.000e+00
   58.71404 -136.11376    108.647     57.445     56.901     7.3010    30.3247  1023.9640    23.6998     7.2960     67.233    91.9622     0.2046      7.951     4.6482     6.6428    202.785    207.591  0.000e+00
   58.71404 -136.11376    108.623     57.445     56.901     7.3004    30.3255  1023.9646    23.7004     7.2954     67.290    91.9622     0.2046      7.951     4.6522     6.6485    202.959    207.769  0.000e+00
   58.71404 -136.11376    108.557     57.502     56.957     7.3009    30.3252  1023.9646    23.7001     7.2958     67.244    91.9062     0.2046      7.951     4.6490     6.6439    202.818    207.625  0.000e+00
   58.71404 -136.11376    108.484     57.502     56.957     7.3014    30.3245  1023.9640    23.6995     7.2963     67.239    91.8783     0.2046      7.951     4.6486     6.6434    202.802    207.608  0.000e+00
   58.71404 -136.11376    108.604     57.623     57.078     7.3017    30.3241  1023.9642    23.6991     7.2966     67.235    91.8783     0.2046      7.951     4.6484     6.6430    202.791    207.597  0.000e+00
   58.71404 -136.11376    108.540     57.558     57.014     7.3014    30.3246  1023.9644    23.6996     7.2963     67.231    91.8783     0.2046      7.951     4.6481     6.6426    202.779    207.585  0.000e+00
   58.71402 -136.11376    108.555     57.623     57.078     7.3005    30.3255  1023.9655    23.7004     7.2955     67.229    91.8783     0.2046      7.956     4.6480     6.6425    202.774    207.580  0.000e+00
   58.71402 -136.11376    108.489     57.679     57.134     7.3005    30.3255  1023.9657    23.7004     7.2955     67.227    91.8783     0.2046      7.951     4.6479     6.6423    202.768    207.574  0.000e+00
   58.71402 -136.11376    108.440     57.679     57.134     7.3002    30.3254  1023.9657    23.7004     7.2952     67.281    91.8783     0.1753      7.951     4.6516     6.6477    202.933    207.742  0.000e+00
   58.71402 -136.11376    108.496     57.736     57.190     7.2999    30.3261  1023.9665    23.7010     7.2948     67.231    91.8783     0.1753      7.951     4.6482     6.6428    202.784    207.590  0.000e+00
   58.71402 -136.11376    108.585     57.801     57.254     7.2998    30.3262  1023.9669    23.7011     7.2947     67.231    91.8783     0.1753      7.951     4.6482     6.6428    202.784    207.590  0.000e+00
   58.71402 -136.11376    108.543     57.857     57.310     7.2994    30.3265  1023.9674    23.7013     7.2943     67.231    91.8783     0.1460      7.951     4.6483     6.6428    202.786    207.592  0.000e+00
   58.71402 -136.11376    108.340     57.801     57.254     7.2993    30.3265  1023.9673    23.7014     7.2942     67.231    91.8783     0.1460      7.951     4.6483     6.6429    202.786    207.592  0.000e+00
   58.71402 -136.11376    108.412     57.922     57.374     7.2993    30.3267  1023.9680    23.7015     7.2942     67.233    91.8783     0.1753      7.951     4.6484     6.6430    202.791    207.598  0.000e+00
   58.71402 -136.11376    108.412     57.922     57.374     7.2991    30.3267  1023.9680    23.7015     7.2940     67.235    91.8783     0.1753      7.951     4.6485     6.6432    202.797    207.603  0.000e+00
   58.71402 -136.11376    108.468     57.979     57.430     7.2988    30.3267  1023.9683    23.7016     7.2937     67.237    91.8783     0.1753      7.951     4.6488     6.6435    202.806    207.613  0.000e+00
   58.71402 -136.11376    108.370     57.979     57.430     7.2988    30.3268  1023.9684    23.7017     7.2937     67.240    91.8783     0.1753      7.951     4.6489     6.6438    202.814    207.622  0.000e+00
   58.71402 -136.11376    108.304     58.035     57.486     7.2986    30.3270  1023.9688    23.7019     7.2935     67.244    91.8783     0.1753      7.951     4.6492     6.6442    202.827    207.634  0.000e+00
   58.71402 -136.11376    108.344     58.100     57.550     7.2986    30.3270  1023.9691    23.7018     7.2935     67.249    91.8783     0.1753      7.951     4.6495     6.6446    202.840    207.648  0.000e+00
   58.71402 -136.11376    108.344     58.100     57.550     7.2986    30.3272  1023.9692    23.7020     7.2935     67.253    91.8783     0.1753      7.951     4.6498     6.6451    202.854    207.662  0.000e+00
   58.71402 -136.11376    108.368     58.100     57.550     7.2989    30.3268  1023.9689    23.7017     7.2938     67.258    91.8783     0.1753      7.951     4.6502     6.6456    202.868    207.677  0.000e+00
   58.71402 -136.11376    108.488     58.221     57.670     7.2986    30.3273  1023.9699    23.7021     7.2935     67.265    91.8783     0.1753      7.951     4.6507     6.6463    202.890    207.699  0.000e+00
   58.71402 -136.11376    108.488     58.221     57.670     7.2983    30.3274  1023.9700    23.7022     7.2932     67.264    91.8783     0.1753      7.951     4.6506     6.6462    202.888    207.697  0.000e+00
   58.71402 -136.11376    108.488     58.221     57.670     7.2980    30.3278  1023.9704    23.7026     7.2929     67.263    91.9062     0.1753      7.951     4.6506     6.6461    202.886    207.695  0.000e+00
   58.71402 -136.11376    108.544     58.278     57.726     7.2978    30.3278  1023.9707    23.7026     7.2927     67.263    91.9062     0.1753      7.951     4.6506     6.6462    202.887    207.696  0.000e+00
   58.71402 -136.11376    108.520     58.278     57.726     7.2981    30.3273  1023.9702    23.7022     7.2930     67.270    91.9062     0.1753      7.951     4.6511     6.6469    202.908    207.717  0.000e+00
   58.71402 -136.11376    108.469     58.399     57.846     7.2978    30.3280  1023.9714    23.7028     7.2927     67.279    91.9062     0.1753      7.951     4.6517     6.6478    202.936    207.746  0.000e+00
   58.71402 -136.11376    108.332     58.334     57.782     7.2981    30.3274  1023.9706    23.7023     7.2930     67.280    91.9062     0.1460      7.951     4.6517     6.6478    202.936    207.746  0.000e+00
   58.71402 -136.11376    108.452     58.456     57.902     7.2978    30.3276  1023.9713    23.7024     7.2926     67.282    91.9062     0.1753      7.951     4.6519     6.6480    202.944    207.754  0.000e+00
   58.71402 -136.11376    108.420     58.399     57.846     7.2981    30.3275  1023.9710    23.7023     7.2930     67.227    91.9062     0.1753      7.951     4.6481     6.6426    202.777    207.584  0.000e+00
   58.71402 -136.11376    108.532     58.512     57.958     7.2978    30.3278  1023.9717    23.7026     7.2926     67.223    91.9062     0.1753      7.951     4.6478     6.6422    202.766    207.572  0.000e+00
   58.71402 -136.11376    108.508     58.512     57.958     7.2981    30.3273  1023.9713    23.7022     7.2930     67.218    91.9062     0.1753      7.951     4.6475     6.6417    202.751    207.557  0.000e+00
   58.71402 -136.11376    108.540     58.520     57.966     7.2980    30.3273  1023.9714    23.7022     7.2929     67.214    91.9342     0.1753      7.951     4.6472     6.6414    202.740    207.545  0.000e+00
   58.71402 -136.11376    108.596     58.577     58.022     7.2981    30.3272  1023.9715    23.7021     7.2930     67.212    91.9062     0.1753      7.951     4.6470     6.6411    202.731    207.536  0.000e+00
   58.71402 -136.11376    108.652     58.633     58.078     7.2980    30.3277  1023.9722    23.7025     7.2928     67.209    91.9062     0.1753      7.951     4.6469     6.6408    202.724    207.529  0.000e+00
   58.71402 -136.11376    108.643     58.698     58.142     7.2981    30.3277  1023.9725    23.7025     7.2930     67.208    91.9062     0.1753      7.951     4.6467     6.6407    202.718    207.523  0.000e+00
   58.71402 -136.11376    108.545     58.698     58.142     7.2980    30.3274  1023.9722    23.7023     7.2928     67.206    91.9062     0.1753      7.951     4.6467     6.6405    202.715    207.520  0.000e+00
   58.71402 -136.11376    108.496     58.698     58.142     7.2980    30.3279  1023.9726    23.7027     7.2928     67.205    91.9062     0.1753      7.951     4.6466     6.6404    202.712    207.516  0.000e+00
   58.71402 -136.11376    108.553     58.755     58.198     7.2976    30.3278  1023.9729    23.7026     7.2925     67.206    91.9062     0.1753      7.951     4.6466     6.6405    202.714    207.519  0.000e+00
   58.71402 -136.11376    108.633     58.811     58.254     7.2975    30.3278  1023.9732    23.7027     7.2923     67.206    91.9062     0.1753      7.951     4.6467     6.6406    202.717    207.522  0.000e+00
   58.71402 -136.11376    108.511     58.811     58.254     7.2975    30.3281  1023.9734    23.7029     7.2923     67.207    91.9062     0.1753      7.951     4.6468     6.6407    202.719    207.524  0.000e+00
   58.71402 -136.11376    108.364     58.811     58.254     7.2976    30.3278  1023.9732    23.7027     7.2925     67.209    91.9062     0.1753      7.951     4.6469     6.6408    202.724    207.529  0.000e+00
