EcoFOCI/data/1_SampleCollection/2022_GOA-OA_CruiseData/CTD_raw_BottleFile_RC0083/RC0083_052.ros
* Sea-Bird SBE 9 Data File:
* FileName = C:\Data\RC0083ctd\RC0083_052.hex
* Software Version Seasave V 7.26.7.107
* Temperature SN = 2060
* Conductivity SN = 1084
* Number of Bytes Per Scan = 31
* Number of Voltage Words = 4
* Number of Scans Averaged by the Deck Unit = 1
* NMEA Latitude = 58 16.24 N
* NMEA Longitude = 136 52.33 W
* NMEA UTC (Time) = Aug 19 2022  10:19:54
* NMEA baud rate = 4800
** Ship: R/V Rachel Carson
** Cruise ID: RC0083
** Tech: McHugh/Nomura
** Chief Scientist: Cross
** Station: SEM-2.5
** Cast:  CTD052
# nquan = 21
# nvalues = 245                                   
# units = specified
# name 0 = latitude: Latitude [deg]
# name 1 = longitude: Longitude [deg]
# name 2 = sfdSM: Seafloor depth [salt water, m]
# name 3 = prDM: Pressure, Digiquartz [db]
# name 4 = depSM: Depth [salt water, m]
# name 5 = t090C: Temperature [ITS-90, deg C]
# name 6 = sal00: Salinity, Practical [PSU]
# name 7 = density00: Density [density, kg/m^3]
# name 8 = sigma-é00: Density [sigma-theta, kg/m^3]
# name 9 = potemp090C: Potential Temperature [ITS-90, deg C]
# name 10 = sbeox0PS: Oxygen, SBE 43 [% saturation]
# name 11 = CStarTr0: Beam Transmission, WET Labs C-Star [%]
# name 12 = flECO-AFL: Fluorescence, WET Labs ECO-AFL/FL [mg/m^3]
# name 13 = ph: pH
# name 14 = sbeox0ML/L: Oxygen, SBE 43 [ml/l]
# name 15 = sbeox0Mg/L: Oxygen, SBE 43 [mg/l]
# name 16 = sbox0Mm/Kg: Oxygen, SBE 43 [umol/kg]
# name 17 = sbeox0Mm/L: Oxygen, SBE 43 [umol/l]
# name 18 = scan: Scan Count
# name 19 = nbf: Bottles Fired
# name 20 = flag:  0.000e+00
# interval = seconds: 0.0416667
# start_time = Aug 19 2022 10:19:54 [NMEA time, header]
# bad_flag = -9.990e-29
*END*
   58.27112 -136.87110     72.230     63.353     62.755     8.2060    31.4460  1024.7447    24.4553     8.1999     62.217    92.3817     0.2632      7.944     4.1829     5.9778    182.348    186.807       3512          1  0.000e+00
   58.27112 -136.87110     72.254     63.353     62.755     8.2060    31.4455  1024.7444    24.4549     8.1999     62.212    92.3817     0.2632      7.944     4.1826     5.9773    182.334    186.793       3513          1  0.000e+00
   58.27112 -136.87110     72.039     63.111     62.515     8.2055    31.4459  1024.7437    24.4553     8.1994     62.254    92.3817     0.2632      7.944     4.1854     5.9813    182.457    186.919       3514          1  0.000e+00
   58.27112 -136.87110     72.335     63.410     62.811     8.2048    31.4463  1024.7455    24.4557     8.1987     62.258    92.3537     0.2632      7.944     4.1857     5.9818    182.473    186.935       3515          1  0.000e+00
   58.27112 -136.87110     72.095     63.167     62.571     8.2035    31.4468  1024.7449    24.4563     8.1975     62.258    92.3258     0.2632      7.944     4.1859     5.9820    182.478    186.941       3516          1  0.000e+00
   58.27112 -136.87110     72.159     63.232     62.635     8.2028    31.4470  1024.7455    24.4566     8.1967     62.261    92.2978     0.2632      7.944     4.1861     5.9824    182.489    186.952       3517          1  0.000e+00
   58.27112 -136.87110     72.119     63.167     62.571     8.2023    31.4476  1024.7457    24.4571     8.1962     62.255    92.2978     0.2632      7.944     4.1858     5.9819    182.473    186.936       3518          1  0.000e+00
   58.27112 -136.87110     72.143     63.167     62.571     8.2026    31.4474  1024.7455    24.4569     8.1965     62.250    92.3258     0.2632      7.944     4.1854     5.9813    182.456    186.918       3519          1  0.000e+00
   58.27112 -136.87110     72.087     63.110     62.515     8.2029    31.4473  1024.7452    24.4568     8.1968     62.251    92.2978     0.2632      7.944     4.1854     5.9814    182.457    186.920       3520          1  0.000e+00
   58.27112 -136.87110     72.095     63.119     62.523     8.2024    31.4481  1024.7458    24.4574     8.1963     62.252    92.3258     0.2632      7.944     4.1855     5.9815    182.463    186.926       3521          1  0.000e+00
   58.27112 -136.87110     72.031     63.054     62.459     8.2024    31.4482  1024.7457    24.4576     8.1963     62.246    92.3258     0.2632      7.944     4.1851     5.9809    182.445    186.907       3522          1  0.000e+00
   58.27112 -136.87108     72.192     63.167     62.571     8.2019    31.4481  1024.7461    24.4575     8.1959     62.248    92.2978     0.2632      7.944     4.1853     5.9812    182.453    186.915       3523          1  0.000e+00
   58.27112 -136.87108     72.080     63.054     62.459     8.2013    31.4482  1024.7458    24.4577     8.1952     62.241    92.2978     0.2632      7.944     4.1849     5.9806    182.435    186.897       3524          1  0.000e+00
   58.27112 -136.87108     71.960     62.933     62.339     8.2011    31.4485  1024.7455    24.4580     8.1950     62.186    92.3258     0.2632      7.944     4.1812     5.9753    182.273    186.731       3525          1  0.000e+00
   58.27112 -136.87108     72.136     63.110     62.515     8.2006    31.4488  1024.7466    24.4582     8.1945     62.181    92.3258     0.2632      7.944     4.1809     5.9749    182.261    186.719       3526          1  0.000e+00
   58.27112 -136.87108     72.040     62.989     62.395     8.1998    31.4493  1024.7466    24.4588     8.1938     62.230    92.2978     0.2632      7.948     4.1843     5.9797    182.407    186.869       3527          1  0.000e+00
   58.27112 -136.87108     71.945     62.868     62.274     8.1985    31.4500  1024.7468    24.4595     8.1925     62.231    92.3258     0.2632      7.944     4.1844     5.9799    182.414    186.876       3528          1  0.000e+00
   58.27112 -136.87108     72.073     62.997     62.403     8.1967    31.4510  1024.7484    24.4606     8.1906     62.234    92.3258     0.2632      7.944     4.1847     5.9804    182.428    186.890       3529          1  0.000e+00
   58.27112 -136.87108     72.129     63.054     62.459     8.1948    31.4518  1024.7496    24.4615     8.1887     62.236    92.2978     0.2339      7.944     4.1850     5.9808    182.441    186.904       3530          1  0.000e+00
   58.27112 -136.87108     71.945     62.868     62.274     8.1935    31.4524  1024.7494    24.4621     8.1874     62.236    92.3258     0.2632      7.944     4.1851     5.9810    182.446    186.909       3531          1  0.000e+00
   58.27112 -136.87108     72.089     62.989     62.395     8.1925    31.4526  1024.7502    24.4624     8.1865     62.238    92.2978     0.2632      7.944     4.1854     5.9814    182.457    186.920       3532          1  0.000e+00
   58.27112 -136.87108     72.058     62.933     62.338     8.1920    31.4531  1024.7504    24.4629     8.1860     62.240    92.3258     0.2339      7.944     4.1855     5.9815    182.461    186.925       3533          1  0.000e+00
   58.27112 -136.87108     71.938     62.811     62.218     8.1920    31.4533  1024.7501    24.4631     8.1860     62.240    92.2978     0.2339      7.944     4.1855     5.9816    182.463    186.926       3534          1  0.000e+00
   58.27112 -136.87108     72.178     63.054     62.459     8.1918    31.4532  1024.7511    24.4629     8.1857     62.243    92.2978     0.2632      7.944     4.1858     5.9819    182.474    186.938       3535          1  0.000e+00
   58.27112 -136.87108     72.058     62.933     62.338     8.1918    31.4531  1024.7505    24.4629     8.1858     62.244    92.2698     0.2632      7.944     4.1858     5.9820    182.475    186.939       3536          1  0.000e+00
   58.27112 -136.87108     72.002     62.876     62.282     8.1915    31.4538  1024.7508    24.4635     8.1855     62.245    92.2419     0.2632      7.944     4.1859     5.9821    182.479    186.943       3537          1  0.000e+00
   58.27112 -136.87108     72.082     62.933     62.338     8.1923    31.4533  1024.7506    24.4630     8.1862     62.302    92.2419     0.2632      7.944     4.1897     5.9875    182.644    187.112       3538          1  0.000e+00
   58.27112 -136.87108     72.082     62.933     62.338     8.1927    31.4529  1024.7502    24.4626     8.1866     62.310    92.2419     0.2339      7.944     4.1902     5.9883    182.667    187.135       3539          1  0.000e+00
   58.27112 -136.87108     72.018     62.868     62.274     8.1918    31.4535  1024.7505    24.4632     8.1858     62.262    92.2419     0.2632      7.948     4.1871     5.9837    182.529    186.994       3540          1  0.000e+00
   58.27112 -136.87108     72.106     62.933     62.338     8.1913    31.4538  1024.7511    24.4635     8.1853     62.319    92.2419     0.2925      7.944     4.1909     5.9893    182.697    187.167       3541          1  0.000e+00
   58.27112 -136.87108     72.155     62.933     62.338     8.1915    31.4537  1024.7510    24.4634     8.1855     62.327    92.2419     0.2925      7.944     4.1914     5.9900    182.719    187.189       3542          1  0.000e+00
   58.27112 -136.87108     72.060     62.811     62.218     8.1915    31.4537  1024.7504    24.4634     8.1855     62.333    92.2419     0.2925      7.948     4.1918     5.9906    182.738    187.208       3543          1  0.000e+00
   58.27112 -136.87108     72.300     63.054     62.459     8.1913    31.4538  1024.7516    24.4635     8.1853     62.342    92.2419     0.2925      7.944     4.1925     5.9915    182.765    187.236       3544          1  0.000e+00
   58.27112 -136.87108     72.124     62.876     62.282     8.1914    31.4537  1024.7507    24.4634     8.1853     62.348    92.2419     0.2925      7.948     4.1928     5.9920    182.780    187.252       3545          1  0.000e+00
   58.27112 -136.87108     72.300     63.054     62.458     8.1920    31.4531  1024.7510    24.4629     8.1860     62.355    92.2419     0.2925      7.944     4.1933     5.9927    182.801    187.273       3546          1  0.000e+00
   58.27112 -136.87108     72.236     62.989     62.394     8.1925    31.4533  1024.7508    24.4630     8.1865     62.361    92.2419     0.2925      7.948     4.1936     5.9931    182.815    187.287       3547          1  0.000e+00
   58.27112 -136.87108     72.236     62.989     62.394     8.1931    31.4528  1024.7503    24.4624     8.1871     62.367    92.2419     0.2925      7.944     4.1940     5.9936    182.830    187.303       3548          1  0.000e+00
   58.27112 -136.87108     72.300     63.054     62.458     8.1941    31.4521  1024.7499    24.4618     8.1880     62.373    92.2419     0.2925      7.944     4.1943     5.9941    182.845    187.317       3549          1  0.000e+00
   58.27112 -136.87108     72.300     63.054     62.458     8.1951    31.4519  1024.7496    24.4615     8.1890     62.371    92.2419     0.2925      7.944     4.1941     5.9937    182.835    187.307       3550          1  0.000e+00
   58.27112 -136.87108     72.275     63.054     62.458     8.1957    31.4519  1024.7495    24.4614     8.1897     62.375    92.2419     0.2925      7.944     4.1943     5.9941    182.845    187.318       3551          1  0.000e+00
   58.27112 -136.87108     72.131     62.932     62.338     8.1964    31.4512  1024.7483    24.4608     8.1904     62.378    92.2419     0.2925      7.948     4.1945     5.9943    182.853    187.326       3552          1  0.000e+00
   58.27112 -136.87108     72.427     63.232     62.635     8.1971    31.4506  1024.7491    24.4602     8.1910     62.385    92.2419     0.2925      7.944     4.1949     5.9949    182.870    187.343       3553          1  0.000e+00
   58.27112 -136.87108     72.307     63.110     62.514     8.1975    31.4507  1024.7486    24.4602     8.1915     62.388    92.2419     0.2925      7.948     4.1950     5.9951    182.876    187.349       3554          1  0.000e+00
   58.27112 -136.87108     72.363     63.167     62.571     8.1987    31.4501  1024.7482    24.4596     8.1926     62.391    92.2139     0.2925      7.948     4.1952     5.9953    182.884    187.357       3555          1  0.000e+00
   58.27112 -136.87108     72.363     63.167     62.571     8.1990    31.4501  1024.7482    24.4595     8.1929     62.395    92.1859     0.2925      7.948     4.1954     5.9956    182.892    187.365       3556          1  0.000e+00
   58.27112 -136.87108     72.363     63.167     62.571     8.1994    31.4498  1024.7479    24.4593     8.1933     62.398    92.1580     0.2925      7.948     4.1955     5.9958    182.899    187.373       3557          1  0.000e+00
   58.27112 -136.87108     72.427     63.232     62.635     8.1998    31.4499  1024.7482    24.4593     8.1938     62.401    92.1580     0.2925      7.944     4.1957     5.9961    182.906    187.380       3558          1  0.000e+00
   58.27112 -136.87108     72.483     63.288     62.691     8.2003    31.4497  1024.7482    24.4590     8.1942     62.403    92.1580     0.2925      7.944     4.1958     5.9963    182.912    187.386       3559          1  0.000e+00
   58.27112 -136.87108     72.523     63.353     62.755     8.2006    31.4495  1024.7483    24.4588     8.1945     62.406    92.1580     0.2925      7.944     4.1960     5.9965    182.919    187.393       3560          1  0.000e+00
   58.27128 -136.87076     70.689     50.875     50.396     8.3820    31.3695  1024.6020    24.3697     8.3771     64.303    91.4028     0.4097      7.962     4.3081     6.1567    187.823    192.401       5084          2  0.000e+00
   58.27128 -136.87076     70.529     50.689     50.212     8.3820    31.3700  1024.6015    24.3701     8.3770     64.310    91.4028     0.4097      7.962     4.3086     6.1574    187.843    192.421       5085          2  0.000e+00
   58.27128 -136.87076     70.745     50.931     50.452     8.3830    31.3696  1024.6022    24.3696     8.3780     64.321    91.4028     0.4097      7.962     4.3092     6.1583    187.872    192.450       5086          2  0.000e+00
   58.27128 -136.87076     70.625     50.810     50.332     8.3834    31.3693  1024.6013    24.3693     8.3784     64.330    91.4028     0.4097      7.962     4.3098     6.1592    187.897    192.476       5087          2  0.000e+00
   58.27128 -136.87076     70.801     50.988     50.508     8.3828    31.3694  1024.6023    24.3694     8.3778     64.342    91.4028     0.4097      7.962     4.3107     6.1604    187.936    192.516       5088          2  0.000e+00
   58.27128 -136.87076     70.681     50.867     50.388     8.3820    31.3697  1024.6020    24.3698     8.3771     64.409    91.4028     0.4097      7.962     4.3152     6.1669    188.132    192.717       5089          2  0.000e+00
   58.27128 -136.87076     70.801     50.988     50.508     8.3821    31.3694  1024.6024    24.3696     8.3771     64.374    91.4028     0.4097      7.962     4.3129     6.1635    188.030    192.612       5090          2  0.000e+00
   58.27128 -136.87076     70.561     50.745     50.268     8.3822    31.3695  1024.6013    24.3696     8.3772     64.378    91.4028     0.4097      7.962     4.3131     6.1639    188.042    192.624       5091          2  0.000e+00
   58.27128 -136.87076     70.865     51.053     50.572     8.3826    31.3698  1024.6029    24.3698     8.3776     64.387    91.2629     0.4097      7.962     4.3137     6.1647    188.066    192.649       5092          2  0.000e+00
   58.27128 -136.87076     70.857     51.044     50.564     8.3827    31.3697  1024.6028    24.3697     8.3777     64.394    91.1790     0.4097      7.962     4.3142     6.1654    188.087    192.671       5093          2  0.000e+00
   58.27128 -136.87076     70.801     50.988     50.508     8.3830    31.3695  1024.6023    24.3695     8.3780     64.401    91.1790     0.4097      7.962     4.3146     6.1660    188.107    192.691       5094          2  0.000e+00
   58.27128 -136.87076     70.921     51.109     50.628     8.3834    31.3694  1024.6028    24.3694     8.3785     64.411    91.2070     0.4097      7.962     4.3152     6.1669    188.133    192.717       5095          2  0.000e+00
   58.27128 -136.87076     70.977     51.166     50.684     8.3848    31.3689  1024.6024    24.3688     8.3798     64.468    91.2070     0.4097      7.962     4.3189     6.1722    188.295    192.883       5096          2  0.000e+00
   58.27128 -136.87076     70.946     51.109     50.628     8.3855    31.3687  1024.6019    24.3685     8.3805     64.476    91.2070     0.4097      7.962     4.3194     6.1729    188.316    192.905       5097          2  0.000e+00
   58.27128 -136.87076     70.946     51.109     50.628     8.3863    31.3689  1024.6019    24.3686     8.3813     64.485    91.2070     0.4097      7.962     4.3199     6.1736    188.337    192.927       5098          2  0.000e+00
   58.27128 -136.87076     71.058     51.222     50.740     8.3859    31.3679  1024.6017    24.3678     8.3809     64.494    91.2070     0.4097      7.962     4.3206     6.1746    188.369    192.959       5099          2  0.000e+00
   58.27128 -136.87076     71.066     51.230     50.748     8.3836    31.3687  1024.6027    24.3688     8.3786     64.448    91.2070     0.4390      7.962     4.3177     6.1704    188.242    192.829       5100          2  0.000e+00
   58.27128 -136.87076     71.122     51.287     50.804     8.3820    31.3691  1024.6035    24.3693     8.3770     64.506    91.2070     0.4683      7.962     4.3217     6.1762    188.418    193.009       5101          2  0.000e+00
   58.27128 -136.87076     71.146     51.287     50.804     8.3802    31.3705  1024.6048    24.3707     8.3752     64.515    91.2070     0.4683      7.962     4.3225     6.1773    188.450    193.043       5102          2  0.000e+00
