EcoFOCI/data/1_SampleCollection/2022_GOA-OA_CruiseData/CTD_raw_BottleFile_RC0083/RC0083_104.cnv
* Sea-Bird SBE 9 Data File:
* FileName = C:\Data\RC0083ctd\RC0083_104.hex
* Software Version Seasave V 7.26.7.107
* Temperature SN = 2060
* Conductivity SN = 2881
* Number of Bytes Per Scan = 31
* Number of Voltage Words = 4
* Number of Scans Averaged by the Deck Unit = 1
* NMEA Latitude = 56 27.34 N
* NMEA Longitude = 132 28.44 W
* NMEA UTC (Time) = Aug 23 2022  01:43:30
* NMEA baud rate = 4800
** Ship: R/V Rachel Carson
** Cruise ID: RC0083
** Tech: McHugh/Nomura
** Chief Scientist: Cross
** Station: WI2
** Cast:  CTD104
# nquan = 19
# nvalues = 11558                                 
# units = specified
# name 0 = latitude: Latitude [deg]
# name 1 = longitude: Longitude [deg]
# name 2 = sfdSM: Seafloor depth [salt water, m]
# name 3 = prDM: Pressure, Digiquartz [db]
# name 4 = depSM: Depth [salt water, m]
# name 5 = t090C: Temperature [ITS-90, deg C]
# name 6 = sal00: Salinity, Practical [PSU]
# name 7 = density00: Density [density, kg/m^3]
# name 8 = sigma-é00: Density [sigma-theta, kg/m^3]
# name 9 = potemp090C: Potential Temperature [ITS-90, deg C]
# name 10 = sbeox0PS: Oxygen, SBE 43 [% saturation]
# name 11 = CStarTr0: Beam Transmission, WET Labs C-Star [%]
# name 12 = flECO-AFL: Fluorescence, WET Labs ECO-AFL/FL [mg/m^3]
# name 13 = ph: pH
# name 14 = sbeox0ML/L: Oxygen, SBE 43 [ml/l]
# name 15 = sbeox0Mg/L: Oxygen, SBE 43 [mg/l]
# name 16 = sbox0Mm/Kg: Oxygen, SBE 43 [umol/kg]
# name 17 = sbeox0Mm/L: Oxygen, SBE 43 [umol/l]
# name 18 = flag:  0.000e+00
# span 0 =   56.45524,   56.45572                 
# span 1 = -132.47400, -132.47302                 
# span 2 =      5.501,    232.025                 
# span 3 =      2.802,    169.764                 
# span 4 =      2.776,    168.144                 
# span 5 =     5.8306,    12.3061                 
# span 6 =     9.7599,    33.5615                 
# span 7 =  1007.0513,  1027.2198                 
# span 8 =     7.0374,    26.4387                 
# span 9 =     5.8167,    12.3057                 
# span 10 =     19.569,     99.012                
# span 11 =     2.1538,    96.5771                
# span 12 =    -0.0591,    14.4757                
# span 13 =      7.604,      8.477                
# span 14 =     1.3691,     6.6121                
# span 15 =     1.9566,     9.4493                
# span 16 =     59.572,    292.811                
# span 17 =     61.143,    295.295                
# span 18 = 0.0000e+00, 0.0000e+00                
# interval = seconds: 0.0416667
# start_time = Aug 23 2022 01:43:30 [NMEA time, header]
# bad_flag = -9.990e-29
*END*
[from data line 7620]
   56.45546 -132.47340    217.899    120.426    119.291     6.0716    33.1998  1026.6771    26.1226     6.0615     22.128    81.3619    -0.0591      7.638     1.5445     2.2073     67.223     68.979  0.000e+00
   56.45546 -132.47340    217.803    120.305    119.171     6.0703    33.2011  1026.6777    26.1238     6.0603     22.074    81.3619    -0.0591      7.638     1.5409     2.2020     67.063     68.815  0.000e+00
   56.45546 -132.47340    217.803    120.305    119.171     6.0684    33.2036  1026.6799    26.1260     6.0585     22.071    81.3619    -0.0591      7.638     1.5407     2.2018     67.054     68.806  0.000e+00
   56.45546 -132.47340    217.659    120.184    119.051     6.0675    33.2045  1026.6802    26.1268     6.0575     22.073    81.3619    -0.0298      7.638     1.5408     2.2020     67.061     68.814  0.000e+00
   56.45546 -132.47340    217.868    120.370    119.235     6.0665    33.2055  1026.6820    26.1277     6.0565     22.068    81.3619    -0.0298      7.638     1.5405     2.2015     67.046     68.798  0.000e+00
   56.45546 -132.47340    217.747    120.248    119.115     6.0660    33.2067  1026.6824    26.1287     6.0560     22.060    81.3619    -0.0591      7.638     1.5400     2.2008     67.023     68.774  0.000e+00
   56.45546 -132.47340    217.683    120.184    119.051     6.0651    33.2080  1026.6833    26.1299     6.0551     22.109    81.3619    -0.0591      7.638     1.5434     2.2057     67.173     68.928  0.000e+00
   56.45546 -132.47340    217.659    120.184    119.051     6.0651    33.2084  1026.6836    26.1302     6.0551     22.163    81.3619    -0.0591      7.638     1.5472     2.2110     67.337     69.096  0.000e+00
   56.45546 -132.47340    217.627    120.127    118.995     6.0661    33.2075  1026.6825    26.1294     6.0561     22.171    81.3619    -0.0591      7.638     1.5477     2.2118     67.360     69.120  0.000e+00
   56.45546 -132.47340    217.611    120.111    118.979     6.0670    33.2073  1026.6821    26.1291     6.0570     22.178    81.3619    -0.0298      7.638     1.5481     2.2124     67.378     69.138  0.000e+00
   56.45546 -132.47340    217.571    120.070    118.939     6.0687    33.2061  1026.6808    26.1279     6.0588     22.182    81.3619    -0.0298      7.638     1.5484     2.2128     67.390     69.150  0.000e+00
   56.45546 -132.47340    217.451    119.949    118.818     6.0703    33.2051  1026.6792    26.1270     6.0603     22.185    81.3619    -0.0298      7.638     1.5485     2.2130     67.396     69.157  0.000e+00
   56.45546 -132.47340    208.860    120.127    118.995     6.0716    33.2038  1026.6789    26.1258     6.0616     22.180    81.3619    -0.0298      7.638     1.5481     2.2124     67.378     69.139  0.000e+00
   56.45546 -132.47340    192.232    120.006    118.875     6.0726    33.2031  1026.6776    26.1251     6.0626     22.179    81.4179    -0.0591      7.638     1.5480     2.2123     67.374     69.134  0.000e+00
   56.45546 -132.47340    187.106    119.884    118.754     6.0731    33.2022  1026.6763    26.1243     6.0632     22.176    81.4458    -0.0591      7.638     1.5478     2.2120     67.366     69.126  0.000e+00
   56.45546 -132.47340    187.375    119.884    118.754     6.0733    33.2014  1026.6756    26.1237     6.0633     22.172    81.4458    -0.0591      7.638     1.5475     2.2116     67.354     69.113  0.000e+00
   56.45546 -132.47340    188.058    119.884    118.754     6.0733    33.2005  1026.6749    26.1229     6.0633     22.166    81.4458    -0.0591      7.638     1.5472     2.2110     67.337     69.096  0.000e+00
   56.45546 -132.47340    188.229    119.884    118.754     6.0731    33.1996  1026.6742    26.1222     6.0632     22.159    81.4458    -0.0591      7.638     1.5467     2.2103     67.315     69.074  0.000e+00
   56.45546 -132.47340    188.117    119.771    118.642     6.0726    33.1999  1026.6740    26.1226     6.0627     22.157    81.4458    -0.0298      7.638     1.5465     2.2101     67.309     69.067  0.000e+00
   56.45546 -132.47340    188.093    119.771    118.642     6.0717    33.2008  1026.6749    26.1234     6.0617     22.153    81.4458    -0.0298      7.638     1.5463     2.2098     67.300     69.058  0.000e+00
   56.45546 -132.47340    188.077    119.755    118.626     6.0699    33.2024  1026.6762    26.1248     6.0599     22.149    81.4458    -0.0591      7.638     1.5460     2.2094     67.288     69.046  0.000e+00
   56.45546 -132.47340    188.068    119.771    118.642     6.0697    33.2025  1026.6764    26.1250     6.0597     22.142    81.4458    -0.0591      7.638     1.5456     2.2088     67.269     69.027  0.000e+00
   56.45546 -132.47340    188.004    119.706    118.578     6.0697    33.2027  1026.6763    26.1251     6.0598     22.192    81.4458    -0.0591      7.638     1.5491     2.2138     67.421     69.182  0.000e+00
   56.45546 -132.47340    187.948    119.650    118.522     6.0703    33.2025  1026.6758    26.1249     6.0603     22.190    81.4458    -0.0591      7.638     1.5489     2.2135     67.412     69.173  0.000e+00
   56.45546 -132.47340    187.828    119.528    118.402     6.0712    33.2020  1026.6747    26.1244     6.0613     22.185    81.4458    -0.0591      7.638     1.5485     2.2130     67.396     69.157  0.000e+00
   56.45546 -132.47340    180.859    119.593    118.466     6.0726    33.2012  1026.6743    26.1236     6.0626     22.179    81.4458    -0.0298      7.638     1.5481     2.2123     67.377     69.137  0.000e+00
   56.45546 -132.47340    157.718    119.528    118.402     6.0746    33.1997  1026.6725    26.1222     6.0646     22.171    81.4458    -0.0298      7.638     1.5475     2.2115     67.350     69.109  0.000e+00
   56.45546 -132.47340    149.064    119.593    118.466     6.0765    33.1976  1026.6709    26.1203     6.0666     22.169    81.4458    -0.0298      7.638     1.5473     2.2112     67.341     69.100  0.000e+00
   56.45546 -132.47340    148.749    119.472    118.346     6.0778    33.1955  1026.6685    26.1185     6.0679     22.215    81.4458    -0.0591      7.638     1.5505     2.2158     67.482     69.244  0.000e+00
   56.45546 -132.47340    149.661    119.407    118.282     6.0794    33.1935  1026.6665    26.1167     6.0695     22.216    81.4458    -0.0591      7.638     1.5505     2.2158     67.483     69.245  0.000e+00
   56.45546 -132.47340    150.107    119.512    118.386     6.0809    33.1912  1026.6649    26.1147     6.0709     22.216    81.4458    -0.0591      7.638     1.5504     2.2157     67.481     69.243  0.000e+00
   56.45546 -132.47340    149.947    119.350    118.225     6.0818    33.1894  1026.6626    26.1131     6.0719     22.213    81.4458    -0.0591      7.638     1.5502     2.2154     67.471     69.233  0.000e+00
   56.45546 -132.47340    149.898    119.350    118.225     6.0827    33.1880  1026.6614    26.1119     6.0728     22.267    81.4458    -0.0591      7.638     1.5540     2.2208     67.634     69.400  0.000e+00
   56.45546 -132.47340    149.754    119.229    118.105     6.0831    33.1866  1026.6597    26.1107     6.0732     22.274    81.1941    -0.0298      7.638     1.5545     2.2215     67.657     69.424  0.000e+00
   56.45546 -132.47340    149.842    119.294    118.169     6.0829    33.1861  1026.6596    26.1104     6.0730     22.281    81.0543    -0.0298      7.638     1.5549     2.2222     67.677     69.444  0.000e+00
   56.45546 -132.47340    149.898    119.350    118.225     6.0824    33.1858  1026.6597    26.1102     6.0725     22.221    81.0263    -0.0591      7.638     1.5508     2.2162     67.495     69.258  0.000e+00
   56.45546 -132.47340    149.778    119.229    118.105     6.0819    33.1863  1026.6596    26.1107     6.0720     22.209    81.0263    -0.0591      7.638     1.5500     2.2151     67.461     69.223  0.000e+00
   56.45546 -132.47340    149.754    119.229    118.105     6.0822    33.1857  1026.6591    26.1101     6.0722     22.204    81.0263    -0.0591      7.638     1.5496     2.2145     67.444     69.205  0.000e+00
   56.45546 -132.47340    149.633    119.108    117.985     6.0816    33.1861  1026.6589    26.1105     6.0717     22.196    81.0263    -0.0591      7.638     1.5491     2.2138     67.422     69.183  0.000e+00
   56.45546 -132.47340    149.561    119.035    117.913     6.0814    33.1860  1026.6586    26.1105     6.0715     22.245    81.0263    -0.0591      7.638     1.5525     2.2187     67.572     69.336  0.000e+00
   56.45546 -132.47340    149.778    119.229    118.105     6.0815    33.1860  1026.6594    26.1105     6.0716     22.250    81.0263    -0.0298      7.638     1.5528     2.2191     67.584     69.349  0.000e+00
   56.45546 -132.47340    149.633    119.108    117.985     6.0815    33.1860  1026.6589    26.1105     6.0716     22.251    81.0263    -0.0298      7.643     1.5530     2.2193     67.590     69.355  0.000e+00
   56.45546 -132.47340    183.001    118.994    117.873     6.0810    33.1869  1026.6591    26.1112     6.0711     22.252    81.0263    -0.0298      7.638     1.5530     2.2194     67.592     69.357  0.000e+00
   56.45546 -132.47340    213.233    118.994    117.873     6.0800    33.1881  1026.6602    26.1123     6.0701     22.252    81.0263    -0.0591      7.638     1.5530     2.2194     67.592     69.357  0.000e+00
   56.45546 -132.47340    217.929    119.051    117.929     6.0780    33.1898  1026.6620    26.1139     6.0681     22.257    81.0263    -0.0591      7.638     1.5534     2.2200     67.611     69.376  0.000e+00
   56.45546 -132.47340    217.736    118.930    117.809     6.0763    33.1912  1026.6628    26.1152     6.0664     22.261    81.0263    -0.0298      7.638     1.5537     2.2204     67.624     69.390  0.000e+00
   56.45546 -132.47340    216.458    118.873    117.753     6.0754    33.1923  1026.6635    26.1162     6.0655     22.206    81.0263    -0.0591      7.638     1.5499     2.2150     67.458     69.219  0.000e+00
   56.45546 -132.47340    216.239    118.873    117.753     6.0738    33.1941  1026.6651    26.1178     6.0639     22.201    81.0263    -0.0298      7.638     1.5496     2.2146     67.445     69.206  0.000e+00
   56.45546 -132.47340    216.296    118.857    117.737     6.0733    33.1950  1026.6658    26.1186     6.0634     22.253    81.0263    -0.0298      7.638     1.5533     2.2198     67.603     69.369  0.000e+00
   56.45546 -132.47340    216.297    118.808    117.689     6.0731    33.1957  1026.6662    26.1192     6.0633     22.253    81.0263    -0.0298      7.638     1.5533     2.2198     67.603     69.369  0.000e+00
   56.45546 -132.47340    216.321    118.808    117.689     6.0735    33.1965  1026.6668    26.1198     6.0636     22.245    81.0263    -0.0298      7.638     1.5527     2.2189     67.577     69.342  0.000e+00
   56.45546 -132.47340    216.184    118.695    117.576     6.0736    33.1968  1026.6664    26.1199     6.0638     22.292    81.0263    -0.0591      7.638     1.5560     2.2237     67.722     69.491  0.000e+00
   56.45546 -132.47340    216.321    118.808    117.689     6.0738    33.1968  1026.6670    26.1200     6.0639     22.288    81.0263    -0.0591      7.638     1.5557     2.2232     67.709     69.477  0.000e+00
   56.45546 -132.47340    216.184    118.695    117.576     6.0733    33.1979  1026.6674    26.1209     6.0634     22.282    80.7466    -0.0591      7.638     1.5552     2.2226     67.689     69.457  0.000e+00
   56.45546 -132.47340    216.120    118.630    117.512     6.0726    33.1991  1026.6681    26.1219     6.0627     22.274    80.4390    -0.0591      7.638     1.5547     2.2218     67.665     69.433  0.000e+00
   56.45546 -132.47340    216.120    118.630    117.512     6.0712    33.2001  1026.6691    26.1229     6.0613     22.271    80.3830    -0.0298      7.638     1.5546     2.2216     67.660     69.427  0.000e+00
   56.45546 -132.47340    216.025    118.509    117.392     6.0710    33.2003  1026.6687    26.1231     6.0612     22.274    80.3830    -0.0298      7.643     1.5548     2.2219     67.668     69.436  0.000e+00
   56.45546 -132.47340    216.193    118.679    117.560     6.0709    33.2009  1026.6700    26.1236     6.0610     22.276    80.4110    -0.0298      7.638     1.5549     2.2222     67.676     69.443  0.000e+00
   56.45546 -132.47340    216.025    118.509    117.392     6.0718    33.2006  1026.6689    26.1232     6.0619     22.277    80.4110    -0.0591      7.638     1.5549     2.2221     67.675     69.443  0.000e+00
   56.45546 -132.47340    216.025    118.509    117.392     6.0730    33.1995  1026.6678    26.1222     6.0631     22.276    80.4110    -0.0591      7.643     1.5549     2.2221     67.673     69.440  0.000e+00
   56.45546 -132.47340    215.969    118.452    117.336     6.0733    33.1995  1026.6675    26.1221     6.0634     22.275    80.4110    -0.0298      7.638     1.5547     2.2219     67.667     69.435  0.000e+00
   56.45546 -132.47340    215.944    118.452    117.336     6.0728    33.1998  1026.6679    26.1225     6.0629     22.215    80.4110    -0.0591      7.643     1.5506     2.2159     67.485     69.248  0.000e+00
   56.45546 -132.47340    215.944    118.452    117.336     6.0711    33.2012  1026.6691    26.1237     6.0613     22.204    80.4110    -0.0298      7.638     1.5499     2.2150     67.456     69.218  0.000e+00
   56.45546 -132.47340    215.792    118.274    117.160     6.0712    33.2011  1026.6682    26.1236     6.0614     22.251    80.4110    -0.0298      7.638     1.5531     2.2196     67.597     69.362  0.000e+00
   56.45546 -132.47340    215.912    118.396    117.280     6.0723    33.1999  1026.6677    26.1226     6.0625     22.246    80.3830    -0.0298      7.643     1.5527     2.2190     67.580     69.345  0.000e+00
   56.45546 -132.47340    215.832    118.315    117.200     6.0738    33.1983  1026.6659    26.1211     6.0640     22.239    80.4110    -0.0298      7.643     1.5522     2.2183     67.558     69.322  0.000e+00
   56.45546 -132.47340    215.824    118.331    117.216     6.0752    33.1967  1026.6646    26.1197     6.0654     22.289    80.4110    -0.0005      7.638     1.5557     2.2232     67.708     69.477  0.000e+00
   56.45546 -132.47340    215.736    118.218    117.104     6.0772    33.1951  1026.6625    26.1182     6.0673     22.286    80.4110    -0.0005      7.643     1.5554     2.2229     67.698     69.466  0.000e+00
   56.45546 -132.47340    215.712    118.218    117.104     6.0794    33.1926  1026.6602    26.1159     6.0696     22.282    80.4110    -0.0005      7.643     1.5551     2.2224     67.684     69.451  0.000e+00
   56.45546 -132.47340    215.672    118.153    117.040     6.0814    33.1901  1026.6577    26.1137     6.0716     22.277    80.4110    -0.0005      7.643     1.5547     2.2218     67.665     69.432  0.000e+00
   56.45546 -132.47340    215.736    118.218    117.104     6.0839    33.1871  1026.6553    26.1110     6.0741     22.213    80.3830    -0.0005      7.643     1.5501     2.2153     67.468     69.229  0.000e+00
   56.45546 -132.47340    215.616    118.096    116.983     6.0865    33.1845  1026.6524    26.1086     6.0767     22.205    80.4110    -0.0005      7.643     1.5495     2.2144     67.441     69.202  0.000e+00
   56.45546 -132.47340    215.672    118.153    117.040     6.0894    33.1809  1026.6494    26.1054     6.0795     22.196    80.4110    -0.0005      7.643     1.5489     2.2135     67.413     69.173  0.000e+00
   56.45546 -132.47340    215.455    117.959    116.847     6.0913    33.1786  1026.6465    26.1034     6.0815     22.244    80.4390    -0.0005      7.638     1.5522     2.2182     67.557     69.321  0.000e+00
   56.45546 -132.47340    215.527    118.031    116.919     6.0926    33.1762  1026.6448    26.1013     6.0828     22.241    80.4669    -0.0005      7.643     1.5519     2.2179     67.547     69.310  0.000e+00
