EcoFOCI/data/1_SampleCollection/2022_GOA-OA_CruiseData/CTD_raw_BottleFile_RC0083/RC0083_037.ros
* Sea-Bird SBE 9 Data File:
* FileName = C:\Data\RC0083ctd\RC0083_037.hex
* Software Version Seasave V 7.26.7.107
* Temperature SN = 2060
* Conductivity SN = 1084
* Number of Bytes Per Scan = 31
* Number of Voltage Words = 4
* Number of Scans Averaged by the Deck Unit = 1
* NMEA Latitude = 58 04.74 N
* NMEA Longitude = 135 00.17 W
* NMEA UTC (Time) = Aug 18 2022  09:04:23
* NMEA baud rate = 4800
** Ship: R/V Rachel Carson
** Cruise ID: RC0083
** Tech: McHugh/Nomura
** Chief Scientist: Cross
** Station: UCA
** Cast:  CTD037
# nquan = 21
# nvalues = 392                                   
# units = specified
# name 0 = latitude: Latitude [deg]
# name 1 = longitude: Longitude [deg]
# name 2 = sfdSM: Seafloor depth [salt water, m]
# name 3 = prDM: Pressure, Digiquartz [db]
# name 4 = depSM: Depth [salt water, m]
# name 5 = t090C: Temperature [ITS-90, deg C]
# name 6 = sal00: Salinity, Practical [PSU]
# name 7 = density00: Density [density, kg/m^3]
# name 8 = sigma-é00: Density [sigma-theta, kg/m^3]
# name 9 = potemp090C: Potential Temperature [ITS-90, deg C]
# name 10 = sbeox0PS: Oxygen, SBE 43 [% saturation]
# name 11 = CStarTr0: Beam Transmission, WET Labs C-Star [%]
# name 12 = flECO-AFL: Fluorescence, WET Labs ECO-AFL/FL [mg/m^3]
# name 13 = ph: pH
# name 14 = sbeox0ML/L: Oxygen, SBE 43 [ml/l]
# name 15 = sbeox0Mg/L: Oxygen, SBE 43 [mg/l]
# name 16 = sbox0Mm/Kg: Oxygen, SBE 43 [umol/kg]
# name 17 = sbeox0Mm/L: Oxygen, SBE 43 [umol/l]
# name 18 = scan: Scan Count
# name 19 = nbf: Bottles Fired
# name 20 = flag:  0.000e+00
# interval = seconds: 0.0416667
# start_time = Aug 18 2022 09:04:23 [NMEA time, header]
# bad_flag = -9.990e-29
*END*
[from data line 69]
   58.07812 -135.00106    349.391    253.261    250.759     5.2825    33.6528  1027.7456    26.5771     5.2626     22.805   100.2410    -0.0884      7.649     1.6168     2.3105     70.336     72.205      19117          2  0.000e+00
   58.07812 -135.00106    349.431    253.301    250.799     5.2825    33.6526  1027.7456    26.5769     5.2626     22.805   100.2410    -0.0884      7.649     1.6168     2.3106     70.337     72.206      19118          2  0.000e+00
   58.07812 -135.00106    349.632    253.504    250.999     5.2827    33.6525  1027.7464    26.5768     5.2627     22.806   100.2690    -0.0884      7.649     1.6168     2.3106     70.338     72.208      19119          2  0.000e+00
   58.07812 -135.00106    349.495    253.366    250.863     5.2824    33.6529  1027.7462    26.5772     5.2625     22.805   100.2410    -0.0884      7.649     1.6168     2.3106     70.337     72.207      19120          2  0.000e+00
   58.07812 -135.00106    349.455    253.326    250.823     5.2823    33.6530  1027.7461    26.5773     5.2624     22.805   100.2410    -0.0884      7.649     1.6168     2.3106     70.337     72.206      19121          2  0.000e+00
   58.07812 -135.00106    349.552    253.423    250.919     5.2824    33.6527  1027.7462    26.5770     5.2624     22.806   100.2410    -0.0884      7.649     1.6168     2.3106     70.338     72.207      19122          2  0.000e+00
   58.07812 -135.00106    349.431    253.302    250.799     5.2827    33.6528  1027.7458    26.5770     5.2627     22.805   100.2690    -0.0884      7.649     1.6168     2.3105     70.336     72.205      19123          2  0.000e+00
   58.07812 -135.00106    349.512    253.383    250.879     5.2825    33.6528  1027.7462    26.5771     5.2626     22.805   100.2690    -0.0884      7.649     1.6168     2.3106     70.337     72.207      19124          2  0.000e+00
   58.07812 -135.00106    349.495    253.366    250.863     5.2828    33.6527  1027.7459    26.5769     5.2629     22.805   100.2690    -0.0884      7.649     1.6168     2.3106     70.337     72.206      19125          2  0.000e+00
   58.07812 -135.00106    349.391    253.261    250.759     5.2832    33.6522  1027.7451    26.5765     5.2633     22.805   100.2969    -0.0884      7.649     1.6168     2.3105     70.335     72.204      19126          2  0.000e+00
   58.07812 -135.00106    349.552    253.423    250.919     5.2831    33.6524  1027.7459    26.5767     5.2632     22.864   100.2969    -0.0884      7.649     1.6209     2.3165     70.518     72.392      19127          2  0.000e+00
   58.07812 -135.00106    349.512    253.383    250.879     5.2828    33.6528  1027.7461    26.5770     5.2629     22.872   100.2969    -0.0884      7.649     1.6215     2.3173     70.543     72.418      19128          2  0.000e+00
   58.07812 -135.00106    349.496    253.366    250.863     5.2830    33.6524  1027.7457    26.5767     5.2630     22.822   100.2969    -0.0884      7.649     1.6179     2.3122     70.386     72.257      19129          2  0.000e+00
   58.07812 -135.00106    349.496    253.366    250.863     5.2830    33.6525  1027.7458    26.5768     5.2630     22.821   100.2969    -0.0884      7.649     1.6179     2.3121     70.384     72.255      19130          2  0.000e+00
   58.07812 -135.00106    349.391    253.261    250.759     5.2828    33.6526  1027.7454    26.5769     5.2629     22.878   100.2969    -0.0884      7.649     1.6220     2.3180     70.562     72.437      19131          2  0.000e+00
   58.07812 -135.00106    349.552    253.423    250.919     5.2828    33.6527  1027.7462    26.5769     5.2629     22.828   100.2969    -0.0884      7.649     1.6184     2.3128     70.406     72.277      19132          2  0.000e+00
   58.07812 -135.00106    349.455    253.326    250.823     5.2831    33.6523  1027.7454    26.5766     5.2632     22.826   100.2969    -0.0884      7.649     1.6183     2.3127     70.401     72.272      19133          2  0.000e+00
   58.07812 -135.00106    349.431    253.302    250.799     5.2828    33.6527  1027.7457    26.5770     5.2629     22.825   100.2969    -0.0884      7.649     1.6182     2.3126     70.398     72.269      19134          2  0.000e+00
   58.07812 -135.00106    349.576    253.448    250.943     5.2830    33.6528  1027.7464    26.5770     5.2630     22.883   100.2969    -0.0884      7.649     1.6223     2.3184     70.577     72.452      19135          2  0.000e+00
   58.07812 -135.00106    349.431    253.302    250.799     5.2833    33.6524  1027.7453    26.5766     5.2634     22.890   100.2969    -0.0884      7.649     1.6228     2.3191     70.597     72.473      19136          2  0.000e+00
   58.07812 -135.00106    349.335    253.204    250.703     5.2831    33.6523  1027.7449    26.5766     5.2632     22.897   100.2969    -0.0591      7.649     1.6232     2.3198     70.618     72.494      19137          2  0.000e+00
   58.07812 -135.00106    349.672    253.545    251.040     5.2833    33.6517  1027.7459    26.5761     5.2634     22.904   100.2969    -0.0591      7.649     1.6238     2.3205     70.641     72.518      19138          2  0.000e+00
   58.07812 -135.00106    349.311    253.180    250.679     5.2833    33.6522  1027.7446    26.5765     5.2634     22.850   100.2969    -0.0591      7.649     1.6200     2.3151     70.475     72.348      19139          2  0.000e+00
   58.07812 -135.00106    349.576    253.448    250.943     5.2833    33.6520  1027.7457    26.5763     5.2634     22.849   100.2969    -0.0591      7.649     1.6199     2.3149     70.470     72.343      19140          2  0.000e+00
   58.07812 -135.00106    349.552    253.423    250.919     5.2828    33.6524  1027.7460    26.5767     5.2629     22.846   100.2969    -0.0591      7.649     1.6197     2.3147     70.462     72.335      19141          2  0.000e+00
   58.07812 -135.00106    349.455    253.326    250.823     5.2830    33.6526  1027.7456    26.5768     5.2630     22.902   100.2969    -0.0591      7.649     1.6236     2.3203     70.634     72.512      19142          2  0.000e+00
   58.07812 -135.00106    349.431    253.302    250.799     5.2830    33.6527  1027.7456    26.5769     5.2630     22.908   100.2969    -0.0591      7.649     1.6240     2.3209     70.652     72.529      19143          2  0.000e+00
   58.07812 -135.00106    349.455    253.326    250.823     5.2830    33.6526  1027.7457    26.5769     5.2630     22.913   100.2969    -0.0591      7.649     1.6244     2.3215     70.669     72.547      19144          2  0.000e+00
   58.07812 -135.00106    349.496    253.367    250.863     5.2830    33.6526  1027.7459    26.5769     5.2630     22.918   100.2410    -0.0591      7.649     1.6248     2.3220     70.685     72.563      19145          2  0.000e+00
   58.07800 -135.00068    249.696    152.534    151.064     5.3060    33.1950  1026.9159    26.2109     5.2942     30.133   101.9471    -0.0591      7.678     2.1416     3.0606     93.202     95.645      23269          3  0.000e+00
   58.07800 -135.00068    249.512    152.348    150.879     5.3057    33.1954  1026.9154    26.2112     5.2940     30.130   101.9471    -0.0591      7.678     2.1414     3.0603     93.193     95.636      23270          3  0.000e+00
   58.07800 -135.00068    249.752    152.591    151.120     5.3060    33.1952  1026.9163    26.2110     5.2942     30.120   101.9471    -0.0591      7.678     2.1407     3.0593     93.162     95.604      23271          3  0.000e+00
   58.07800 -135.00068    249.688    152.526    151.056     5.3060    33.1950  1026.9158    26.2109     5.2942     30.167   101.9471    -0.0591      7.678     2.1440     3.0640     93.307     95.752      23272          3  0.000e+00
   58.07800 -135.00068    249.640    152.477    151.008     5.3059    33.1949  1026.9156    26.2108     5.2941     30.164   101.9471    -0.0591      7.678     2.1438     3.0637     93.298     95.743      23273          3  0.000e+00
   58.07800 -135.00068    249.744    152.583    151.112     5.3057    33.1952  1026.9163    26.2111     5.2939     30.103   101.9471    -0.0591      7.673     2.1395     3.0576     93.111     95.552      23274          3  0.000e+00
   58.07800 -135.00068    249.624    152.461    150.992     5.3060    33.1951  1026.9156    26.2109     5.2942     30.091   101.9471    -0.0591      7.678     2.1387     3.0564     93.074     95.513      23275          3  0.000e+00
   58.07800 -135.00068    249.696    152.534    151.064     5.3060    33.1953  1026.9161    26.2111     5.2942     30.080   101.9471    -0.0591      7.678     2.1379     3.0552     93.039     95.478      23276          3  0.000e+00
   58.07800 -135.00068    249.624    152.461    150.992     5.3059    33.1950  1026.9156    26.2109     5.2941     30.077   101.9471    -0.0591      7.678     2.1377     3.0549     93.030     95.468      23277          3  0.000e+00
   58.07800 -135.00068    249.752    152.591    151.120     5.3060    33.1950  1026.9162    26.2109     5.2942     30.066   101.9471    -0.0591      7.678     2.1369     3.0539     92.997     95.435      23278          3  0.000e+00
   58.07800 -135.00068    249.688    152.526    151.056     5.3060    33.1952  1026.9160    26.2111     5.2942     30.064   101.9471    -0.0591      7.678     2.1367     3.0536     92.988     95.426      23279          3  0.000e+00
   58.07800 -135.00068    249.640    152.478    151.008     5.3059    33.1953  1026.9159    26.2111     5.2941     30.062   101.9471    -0.0591      7.673     2.1366     3.0534     92.982     95.419      23280          3  0.000e+00
   58.07800 -135.00068    249.688    152.526    151.056     5.3063    33.1948  1026.9157    26.2107     5.2945     30.060   101.9471    -0.0591      7.678     2.1364     3.0532     92.976     95.413      23281          3  0.000e+00
   58.07800 -135.00068    249.696    152.534    151.064     5.3060    33.1946  1026.9155    26.2105     5.2942     30.059   101.9471    -0.0591      7.678     2.1364     3.0531     92.973     95.410      23282          3  0.000e+00
   58.07800 -135.00068    249.688    152.526    151.056     5.3060    33.1950  1026.9158    26.2109     5.2942     30.058   101.9471    -0.0591      7.678     2.1363     3.0530     92.969     95.406      23283          3  0.000e+00
   58.07800 -135.00068    249.696    152.534    151.064     5.3059    33.1949  1026.9158    26.2108     5.2941     30.057   101.9471    -0.0591      7.678     2.1362     3.0529     92.968     95.404      23284          3  0.000e+00
   58.07800 -135.00068    249.688    152.526    151.056     5.3061    33.1951  1026.9159    26.2109     5.2943     30.048   101.9471    -0.0591      7.678     2.1356     3.0520     92.939     95.375      23285          3  0.000e+00
   58.07800 -135.00068    249.640    152.478    151.008     5.3060    33.1951  1026.9157    26.2110     5.2942     30.039   101.9471    -0.0591      7.678     2.1349     3.0510     92.911     95.346      23286          3  0.000e+00
   58.07800 -135.00068    249.688    152.526    151.056     5.3061    33.1951  1026.9160    26.2110     5.2943     30.038   101.9191    -0.0591      7.678     2.1349     3.0510     92.910     95.345      23287          3  0.000e+00
   58.07800 -135.00068    249.688    152.526    151.056     5.3060    33.1951  1026.9159    26.2110     5.2942     30.038   101.9191    -0.0591      7.678     2.1349     3.0510     92.910     95.345      23288          3  0.000e+00
   58.07800 -135.00068    249.696    152.534    151.064     5.3061    33.1951  1026.9160    26.2110     5.2943     30.039   101.9191    -0.0591      7.678     2.1349     3.0510     92.911     95.346      23289          3  0.000e+00
   58.07800 -135.00068    249.688    152.526    151.056     5.3062    33.1949  1026.9158    26.2108     5.2944     30.039   101.9191    -0.0591      7.678     2.1350     3.0511     92.913     95.348      23290          3  0.000e+00
   58.07800 -135.00068    249.696    152.534    151.064     5.3061    33.1950  1026.9159    26.2108     5.2943     30.041   101.9191    -0.0591      7.678     2.1351     3.0512     92.917     95.352      23291          3  0.000e+00
   58.07800 -135.00068    249.688    152.526    151.056     5.3059    33.1951  1026.9160    26.2110     5.2941     30.042   101.9191    -0.0591      7.678     2.1352     3.0514     92.921     95.357      23292          3  0.000e+00
   58.07800 -135.00068    249.696    152.534    151.064     5.3060    33.1952  1026.9161    26.2111     5.2942     30.044   101.9191    -0.0591      7.678     2.1353     3.0515     92.926     95.362      23293          3  0.000e+00
   58.07800 -135.00068    249.688    152.526    151.056     5.3061    33.1952  1026.9160    26.2111     5.2943     30.046   101.8912    -0.0591      7.678     2.1354     3.0517     92.932     95.368      23294          3  0.000e+00
   58.07800 -135.00068    249.696    152.534    151.064     5.3059    33.1950  1026.9159    26.2109     5.2941     30.040   101.9191    -0.0591      7.678     2.1350     3.0511     92.914     95.349      23295          3  0.000e+00
   58.07800 -135.00068    249.688    152.526    151.056     5.3061    33.1949  1026.9157    26.2108     5.2943     30.033   101.9191    -0.0591      7.673     2.1345     3.0505     92.894     95.329      23296          3  0.000e+00
   58.07800 -135.00068    249.753    152.591    151.120     5.3059    33.1951  1026.9163    26.2110     5.2941     30.036   101.9191    -0.0591      7.678     2.1347     3.0508     92.903     95.338      23297          3  0.000e+00
   58.07800 -135.00068    249.624    152.461    150.992     5.3057    33.1953  1026.9158    26.2112     5.2940     30.030   101.9191    -0.0591      7.678     2.1343     3.0501     92.883     95.318      23298          3  0.000e+00
   58.07800 -135.00068    249.696    152.534    151.064     5.3060    33.1952  1026.9161    26.2111     5.2942     30.033   101.9191    -0.0591      7.678     2.1345     3.0504     92.892     95.327      23299          3  0.000e+00
   58.07800 -135.00068    249.745    152.583    151.112     5.3061    33.1952  1026.9163    26.2110     5.2943     30.036   101.9191    -0.0591      7.678     2.1347     3.0507     92.902     95.337      23300          3  0.000e+00
   58.07800 -135.00068    249.624    152.461    150.992     5.3060    33.1949  1026.9155    26.2108     5.2942     30.039   101.9191    -0.0591      7.678     2.1350     3.0511     92.912     95.347      23301          3  0.000e+00
   58.07800 -135.00068    249.696    152.534    151.064     5.3063    33.1950  1026.9158    26.2108     5.2945     30.043   101.9191    -0.0591      7.678     2.1352     3.0515     92.924     95.359      23302          3  0.000e+00
   58.07800 -135.00068    249.745    152.583    151.112     5.3060    33.1950  1026.9162    26.2109     5.2942     30.047   101.9191    -0.0591      7.678     2.1356     3.0519     92.938     95.374      23303          3  0.000e+00
   58.07800 -135.00068    249.640    152.478    151.008     5.3059    33.1954  1026.9160    26.2112     5.2941     30.043   101.9191    -0.0591      7.678     2.1352     3.0515     92.924     95.359      23304          3  0.000e+00
   58.07800 -135.00068    249.688    152.526    151.056     5.3057    33.1956  1026.9164    26.2114     5.2939     30.048   101.9191    -0.0591      7.678     2.1356     3.0519     92.938     95.375      23305          3  0.000e+00
   58.07800 -135.00068    249.697    152.534    151.064     5.3059    33.1952  1026.9161    26.2111     5.2941     29.986   101.9191    -0.0591      7.678     2.1312     3.0457     92.748     95.179      23306          3  0.000e+00
   58.07800 -135.00068    249.689    152.526    151.056     5.3060    33.1949  1026.9158    26.2108     5.2942     30.032   101.9191    -0.0884      7.678     2.1345     3.0504     92.890     95.325      23307          3  0.000e+00
