EcoFOCI/data/1_SampleCollection/2022_GOA-OA_CruiseData/CTD_raw_BottleFile_RC0083/RC0083_072.cnv
* Sea-Bird SBE 9 Data File:
* FileName = C:\Data\RC0083ctd\RC0083_072.hex
* Software Version Seasave V 7.26.7.107
* Temperature SN = 2060
* Conductivity SN = 1084
* Number of Bytes Per Scan = 31
* Number of Voltage Words = 4
* Number of Scans Averaged by the Deck Unit = 1
* NMEA Latitude = 59 04.67 N
* NMEA Longitude = 136 21.57 W
* NMEA UTC (Time) = Aug 20 2022  22:10:20
* NMEA baud rate = 4800
** Ship: R/V Rachel Carson
** Cruise ID: RC0083
** Tech: McHugh/Nomura
** Chief Scientist: Cross
** Station: GB23
** Cast:  CTD072
# nquan = 19
# nvalues = 12633                                 
# units = specified
# name 0 = latitude: Latitude [deg]
# name 1 = longitude: Longitude [deg]
# name 2 = sfdSM: Seafloor depth [salt water, m]
# name 3 = prDM: Pressure, Digiquartz [db]
# name 4 = depSM: Depth [salt water, m]
# name 5 = t090C: Temperature [ITS-90, deg C]
# name 6 = sal00: Salinity, Practical [PSU]
# name 7 = density00: Density [density, kg/m^3]
# name 8 = sigma-é00: Density [sigma-theta, kg/m^3]
# name 9 = potemp090C: Potential Temperature [ITS-90, deg C]
# name 10 = sbeox0PS: Oxygen, SBE 43 [% saturation]
# name 11 = CStarTr0: Beam Transmission, WET Labs C-Star [%]
# name 12 = flECO-AFL: Fluorescence, WET Labs ECO-AFL/FL [mg/m^3]
# name 13 = ph: pH
# name 14 = sbeox0ML/L: Oxygen, SBE 43 [ml/l]
# name 15 = sbeox0Mg/L: Oxygen, SBE 43 [mg/l]
# name 16 = sbox0Mm/Kg: Oxygen, SBE 43 [umol/kg]
# name 17 = sbeox0Mm/L: Oxygen, SBE 43 [umol/l]
# name 18 = flag:  0.000e+00
# span 0 =   59.07756,   59.07782                 
# span 1 = -136.35990, -136.35902                 
# span 2 =      5.021,    251.167                 
# span 3 =      2.218,    186.646                 
# span 4 =      2.197,    184.816                 
# span 5 =     3.2836,     7.2488                 
# span 6 =     8.5805,    30.6270                 
# span 7 =  1006.8500,  1025.0351                 
# span 8 =     6.8369,    24.1896                 
# span 9 =     3.2835,     7.2472                 
# span 10 =     77.427,    100.165                
# span 11 =     0.0001,    14.1804                
# span 12 =    -0.0005,     1.5233                
# span 13 =      7.930,      8.548                
# span 14 =     5.4823,     8.6893                
# span 15 =     7.8348,    12.4179                
# span 16 =    239.259,    385.423                
# span 17 =    244.840,    388.066                
# span 18 = 0.0000e+00, 0.0000e+00                
# interval = seconds: 0.0416667
# start_time = Aug 20 2022 22:10:20 [NMEA time, header]
# bad_flag = -9.990e-29
*END*
[from data line 7848]
   59.07774 -136.35958    244.561    145.978    144.561     5.3631    30.5462  1024.7860    24.1084     5.3524     78.052     0.0001     0.7614      7.944     5.6386     8.0582    245.894    251.822  0.000e+00
   59.07774 -136.35958    243.554    145.848    144.433     5.3627    30.5465  1024.7857    24.1087     5.3520     78.046     0.0001     0.7614      7.944     5.6383     8.0577    245.878    251.805  0.000e+00
   59.07774 -136.35958    243.081    145.913    144.497     5.3635    30.5460  1024.7855    24.1082     5.3528     78.041     0.0001     0.7321      7.944     5.6378     8.0570    245.858    251.785  0.000e+00
   59.07774 -136.35958    242.992    145.848    144.433     5.3656    30.5457  1024.7847    24.1077     5.3549     78.042     0.0001     0.7614      7.944     5.6376     8.0567    245.849    251.776  0.000e+00
   59.07774 -136.35958    242.985    145.792    144.377     5.3675    30.5446  1024.7833    24.1066     5.3568     78.042     0.0001     0.7614      7.944     5.6374     8.0565    245.841    251.768  0.000e+00
   59.07774 -136.35958    242.953    145.735    144.321     5.3678    30.5449  1024.7833    24.1068     5.3571     78.042     0.0001     0.7028      7.944     5.6374     8.0564    245.839    251.765  0.000e+00
   59.07774 -136.35958    242.953    145.735    144.321     5.3676    30.5445  1024.7830    24.1065     5.3569     78.042     0.0001     0.7321      7.944     5.6374     8.0564    245.841    251.767  0.000e+00
   59.07774 -136.35958    242.953    145.735    144.321     5.3670    30.5448  1024.7833    24.1068     5.3563     78.042     0.0001     0.7321      7.944     5.6375     8.0565    245.842    251.769  0.000e+00
   59.07774 -136.35958    242.897    145.678    144.265     5.3668    30.5452  1024.7833    24.1071     5.3561     78.040     0.0001     0.7321      7.944     5.6373     8.0563    245.837    251.763  0.000e+00
   59.07774 -136.35958    242.833    145.614    144.201     5.3678    30.5448  1024.7827    24.1067     5.3571     78.037     0.0001     0.7321      7.944     5.6370     8.0558    245.822    251.748  0.000e+00
   59.07774 -136.35958    242.833    145.614    144.201     5.3692    30.5438  1024.7817    24.1058     5.3585     78.091     0.0001     0.7321      7.944     5.6408     8.0612    245.987    251.917  0.000e+00
   59.07774 -136.35958    242.769    145.549    144.136     5.3694    30.5442  1024.7817    24.1061     5.3587     78.095     0.0001     0.7028      7.944     5.6410     8.0616    245.998    251.928  0.000e+00
   59.07774 -136.35958    242.777    145.557    144.144     5.3692    30.5440  1024.7816    24.1060     5.3585     78.041     0.0001     0.7321      7.944     5.6371     8.0560    245.829    251.755  0.000e+00
   59.07774 -136.35958    242.713    145.492    144.080     5.3689    30.5442  1024.7815    24.1061     5.3583     78.035     0.0001     0.7321      7.944     5.6367     8.0555    245.811    251.736  0.000e+00
   59.07774 -136.35958    242.657    145.435    144.024     5.3689    30.5441  1024.7812    24.1061     5.3582     78.028     0.0001     0.7028      7.944     5.6363     8.0548    245.790    251.715  0.000e+00
   59.07774 -136.35958    242.657    145.435    144.024     5.3689    30.5438  1024.7809    24.1058     5.3582     78.021     0.0001     0.7321      7.944     5.6358     8.0541    245.769    251.693  0.000e+00
   59.07774 -136.35958    242.657    145.435    144.024     5.3688    30.5442  1024.7813    24.1062     5.3581     78.023     0.0001     0.7321      7.944     5.6358     8.0542    245.772    251.697  0.000e+00
   59.07774 -136.35958    242.593    145.371    143.960     5.3686    30.5438  1024.7806    24.1058     5.3579     78.014     0.0001     0.7321      7.944     5.6353     8.0534    245.747    251.671  0.000e+00
   59.07774 -136.35958    242.536    145.314    143.904     5.3683    30.5440  1024.7806    24.1060     5.3576     78.005     0.0001     0.7028      7.944     5.6346     8.0525    245.720    251.643  0.000e+00
   59.07774 -136.35958    242.536    145.314    143.904     5.3670    30.5445  1024.7811    24.1066     5.3563     77.996     0.0001     0.7321      7.944     5.6341     8.0518    245.698    251.621  0.000e+00
   59.07774 -136.35958    242.472    145.249    143.840     5.3663    30.5448  1024.7811    24.1069     5.3556     78.043     0.0001     0.7614      7.944     5.6376     8.0567    245.849    251.776  0.000e+00
   59.07774 -136.35958    242.480    145.257    143.848     5.3662    30.5448  1024.7812    24.1069     5.3555     77.983     0.0001     0.7614      7.944     5.6333     8.0505    245.661    251.583  0.000e+00
   59.07774 -136.35958    242.416    145.192    143.784     5.3654    30.5454  1024.7815    24.1075     5.3547     77.970     0.0001     0.7614      7.944     5.6325     8.0494    245.626    251.547  0.000e+00
   59.07774 -136.35958    242.360    145.136    143.728     5.3649    30.5459  1024.7816    24.1079     5.3543     77.966     0.0001     0.7614      7.944     5.6322     8.0490    245.614    251.535  0.000e+00
   59.07774 -136.35958    242.360    145.136    143.728     5.3656    30.5457  1024.7814    24.1077     5.3549     77.962     0.0001     0.7028      7.944     5.6318     8.0485    245.597    251.518  0.000e+00
   59.07774 -136.35958    242.360    145.136    143.728     5.3675    30.5447  1024.7804    24.1067     5.3568     77.957     0.0001     0.7321      7.944     5.6313     8.0476    245.572    251.492  0.000e+00
   59.07774 -136.35958    242.304    145.079    143.671     5.3687    30.5444  1024.7797    24.1063     5.3581     77.951     0.0001     0.7614      7.944     5.6307     8.0468    245.548    251.467  0.000e+00
   59.07774 -136.35958    242.240    145.014    143.607     5.3691    30.5441  1024.7792    24.1060     5.3584     77.945     0.0001     0.7321      7.944     5.6302     8.0462    245.527    251.446  0.000e+00
   59.07774 -136.35958    242.240    145.014    143.607     5.3691    30.5442  1024.7793    24.1061     5.3584     77.940     0.0001     0.7028      7.944     5.6298     8.0456    245.510    251.428  0.000e+00
   59.07774 -136.35958    242.240    145.014    143.607     5.3686    30.5447  1024.7797    24.1066     5.3579     77.934     0.0001     0.7321      7.944     5.6295     8.0451    245.494    251.412  0.000e+00
   59.07774 -136.35958    242.184    144.958    143.551     5.3692    30.5442  1024.7789    24.1061     5.3586     77.927     0.0001     0.7614      7.944     5.6289     8.0443    245.469    251.386  0.000e+00
   59.07774 -136.35956    242.119    144.893    143.487     5.3696    30.5444  1024.7788    24.1063     5.3590     77.920     0.0001     0.7614      7.944     5.6283     8.0434    245.443    251.360  0.000e+00
   59.07774 -136.35956    242.119    144.893    143.487     5.3703    30.5440  1024.7784    24.1058     5.3597     77.913     0.0001     0.7614      7.944     5.6277     8.0426    245.418    251.334  0.000e+00
   59.07774 -136.35956    242.063    144.836    143.431     5.3711    30.5437  1024.7778    24.1055     5.3605     77.905     0.0001     0.7028      7.944     5.6270     8.0416    245.388    251.304  0.000e+00
   59.07774 -136.35956    242.063    144.836    143.431     5.3726    30.5427  1024.7769    24.1046     5.3619     77.954     0.0001     0.7028      7.944     5.6305     8.0465    245.538    251.457  0.000e+00
   59.07774 -136.35956    242.007    144.779    143.375     5.3731    30.5428  1024.7766    24.1045     5.3625     77.954     0.0001     0.7321      7.944     5.6303     8.0463    245.533    251.451  0.000e+00
   59.07774 -136.35956    241.943    144.715    143.311     5.3737    30.5425  1024.7760    24.1043     5.3630     77.903     0.0001     0.7321      7.944     5.6266     8.0410    245.371    251.286  0.000e+00
   59.07774 -136.35956    241.943    144.715    143.311     5.3740    30.5422  1024.7757    24.1040     5.3633     77.903     0.0001     0.7028      7.944     5.6266     8.0410    245.369    251.283  0.000e+00
   59.07774 -136.35956    241.943    144.715    143.311     5.3734    30.5426  1024.7761    24.1044     5.3628     77.903     0.0001     0.7614      7.944     5.6266     8.0410    245.370    251.285  0.000e+00
   59.07774 -136.35956    241.879    144.650    143.246     5.3727    30.5431  1024.7762    24.1048     5.3621     77.893     0.0001     0.7614      7.944     5.6260     8.0401    245.344    251.258  0.000e+00
   59.07774 -136.35956    241.823    144.593    143.190     5.3714    30.5430  1024.7761    24.1049     5.3608     77.884     0.0001     0.7321      7.944     5.6255     8.0394    245.321    251.235  0.000e+00
   59.07774 -136.35956    241.823    144.593    143.190     5.3689    30.5439  1024.7771    24.1059     5.3583     77.883     0.0001     0.7321      7.944     5.6258     8.0398    245.333    251.247  0.000e+00
   59.07774 -136.35956    241.823    144.593    143.190     5.3679    30.5443  1024.7775    24.1063     5.3573     77.882     0.0001     0.7614      7.944     5.6258     8.0399    245.335    251.250  0.000e+00
   59.07774 -136.35956    241.711    144.480    143.078     5.3676    30.5445  1024.7772    24.1065     5.3570     77.872     0.0001     0.7614      7.944     5.6251     8.0388    245.303    251.216  0.000e+00
   59.07774 -136.35956    241.767    144.536    143.134     5.3672    30.5447  1024.7776    24.1067     5.3566     77.862     0.0001     0.7614      7.944     5.6245     8.0379    245.276    251.188  0.000e+00
   59.07774 -136.35956    241.646    144.415    143.014     5.3670    30.5455  1024.7777    24.1074     5.3564     77.859     0.0001     0.7614      7.944     5.6243     8.0376    245.266    251.179  0.000e+00
   59.07774 -136.35956    241.711    144.480    143.078     5.3679    30.5454  1024.7779    24.1072     5.3573     77.916     0.0001     0.7614      7.944     5.6282     8.0432    245.438    251.355  0.000e+00
   59.07774 -136.35956    241.590    144.358    142.958     5.3697    30.5444  1024.7763    24.1062     5.3591     77.863     0.0001     0.7321      7.944     5.6242     8.0375    245.263    251.175  0.000e+00
   59.07774 -136.35956    241.646    144.415    143.014     5.3710    30.5434  1024.7756    24.1053     5.3604     77.861     0.0001     0.7321      7.944     5.6239     8.0371    245.252    251.164  0.000e+00
   59.07774 -136.35956    241.526    144.293    142.894     5.3710    30.5435  1024.7751    24.1053     5.3604     77.858     0.0001     0.7321      7.944     5.6237     8.0368    245.241    251.153  0.000e+00
   59.07774 -136.35956    241.526    144.293    142.894     5.3697    30.5434  1024.7752    24.1054     5.3591     77.856     0.0001     0.7321      7.944     5.6237     8.0368    245.243    251.155  0.000e+00
   59.07774 -136.35956    241.526    144.293    142.894     5.3676    30.5447  1024.7765    24.1067     5.3570     77.854     0.0001     0.7614      7.944     5.6238     8.0370    245.248    251.160  0.000e+00
   59.07774 -136.35956    241.470    144.237    142.838     5.3671    30.5451  1024.7766    24.1070     5.3565     77.852     0.0001     0.7321      7.944     5.6237     8.0368    245.242    251.154  0.000e+00
   59.07774 -136.35956    240.005    144.237    142.838     5.3678    30.5447  1024.7762    24.1067     5.3572     77.849     0.0001     0.7028      7.944     5.6235     8.0365    245.232    251.144  0.000e+00
   59.07774 -136.35956    211.939    144.180    142.781     5.3681    30.5443  1024.7755    24.1063     5.3575     77.847     0.0001     0.7614      7.944     5.6232     8.0362    245.222    251.133  0.000e+00
   59.07774 -136.35956    195.684    144.115    142.717     5.3691    30.5440  1024.7749    24.1060     5.3585     77.901     0.0001     0.7614      7.944     5.6271     8.0416    245.389    251.304  0.000e+00
   59.07774 -136.35956    193.609    144.115    142.717     5.3691    30.5442  1024.7751    24.1061     5.3585     77.850     0.0001     0.7614      7.944     5.6233     8.0363    245.226    251.137  0.000e+00
   59.07774 -136.35956    194.830    144.115    142.717     5.3684    30.5446  1024.7754    24.1065     5.3578     77.847     0.0001     0.7614      7.944     5.6232     8.0362    245.222    251.133  0.000e+00
   59.07774 -136.35956    195.344    143.994    142.597     5.3673    30.5453  1024.7756    24.1072     5.3568     77.844     0.0001     0.7321      7.944     5.6231     8.0360    245.216    251.128  0.000e+00
   59.07774 -136.35956    195.482    144.059    142.661     5.3668    30.5451  1024.7758    24.1071     5.3562     77.851     0.0001     0.7321      7.944     5.6237     8.0368    245.242    251.154  0.000e+00
   59.07774 -136.35956    195.369    143.994    142.597     5.3667    30.5453  1024.7756    24.1072     5.3561     77.857     0.0001     0.7028      7.944     5.6241     8.0374    245.261    251.173  0.000e+00
   59.07774 -136.35956    195.288    143.937    142.541     5.3670    30.5451  1024.7752    24.1071     5.3564     77.855     0.0001     0.7614      7.944     5.6239     8.0371    245.252    251.164  0.000e+00
   59.07774 -136.35956    195.224    143.872    142.477     5.3675    30.5451  1024.7748    24.1070     5.3569     77.852     0.0001     0.7321      7.944     5.6237     8.0368    245.241    251.153  0.000e+00
   59.07774 -136.35956    195.232    143.880    142.485     5.3678    30.5454  1024.7751    24.1072     5.3572     77.850     0.0001     0.7028      7.944     5.6235     8.0365    245.234    251.146  0.000e+00
   59.07774 -136.35956    195.232    143.880    142.485     5.3678    30.5447  1024.7745    24.1066     5.3572     77.849     0.0001     0.7614      7.944     5.6234     8.0364    245.229    251.141  0.000e+00
   59.07774 -136.35956    195.168    143.816    142.421     5.3675    30.5447  1024.7743    24.1067     5.3569     77.846     0.0001     0.7321      7.944     5.6233     8.0362    245.224    251.135  0.000e+00
   59.07774 -136.35956    195.112    143.759    142.365     5.3676    30.5454  1024.7745    24.1072     5.3571     77.844     0.0001     0.7614      7.944     5.6231     8.0359    245.214    251.126  0.000e+00
   59.07774 -136.35956    195.112    143.759    142.364     5.3683    30.5445  1024.7737    24.1064     5.3577     77.842     0.0001     0.7321      7.944     5.6229     8.0356    245.206    251.117  0.000e+00
   59.07774 -136.35956    195.136    143.759    142.364     5.3684    30.5443  1024.7736    24.1063     5.3579     77.840     0.0001     0.7321      7.944     5.6227     8.0354    245.200    251.111  0.000e+00
   59.07774 -136.35956    195.065    143.637    142.244     5.3684    30.5446  1024.7733    24.1065     5.3579     77.846     0.0001     0.7028      7.944     5.6231     8.0360    245.218    251.129  0.000e+00
   59.07774 -136.35956    195.089    143.637    142.244     5.3686    30.5442  1024.7729    24.1062     5.3580     77.845     0.0001     0.7614      7.944     5.6230     8.0359    245.213    251.124  0.000e+00
   59.07774 -136.35956    195.089    143.637    142.244     5.3683    30.5443  1024.7730    24.1063     5.3577     77.843     0.0001     0.7321      7.944     5.6230     8.0358    245.210    251.122  0.000e+00
   59.07774 -136.35956    195.033    143.581    142.188     5.3681    30.5447  1024.7731    24.1066     5.3576     77.784     0.0001     0.7321      7.944     5.6187     8.0296    245.023    250.930  0.000e+00
   59.07774 -136.35956    195.033    143.581    142.188     5.3681    30.5448  1024.7732    24.1067     5.3575     77.832     0.0001     0.7614      7.944     5.6222     8.0346    245.175    251.086  0.000e+00
   59.07774 -136.35956    194.969    143.516    142.124     5.3679    30.5448  1024.7729    24.1067     5.3574     77.830     0.0001     0.7321      7.944     5.6221     8.0345    245.171    251.081  0.000e+00
