EcoFOCI/data/1_SampleCollection/2022_GOA-OA_CruiseData/CTD_raw_BottleFile_RC0083/RC0083_101.cnv
* Sea-Bird SBE 9 Data File:
* FileName = C:\Data\RC0083ctd\RC0083_101.hex
* Software Version Seasave V 7.26.7.107
* Temperature SN = 2060
* Conductivity SN = 2881
* Number of Bytes Per Scan = 31
* Number of Voltage Words = 4
* Number of Scans Averaged by the Deck Unit = 1
* NMEA Latitude = 56 26.63 N
* NMEA Longitude = 132 38.70 W
* NMEA UTC (Time) = Aug 23 2022  00:22:48
* NMEA baud rate = 4800
** Ship: R/V Rachel Carson
** Cruise ID: RC0083
** Tech: McHugh/Nomura
** Chief Scientist: Cross
** Station: WI5
** Cast:  CTD101
# nquan = 19
# nvalues = 9124                                  
# units = specified
# name 0 = latitude: Latitude [deg]
# name 1 = longitude: Longitude [deg]
# name 2 = sfdSM: Seafloor depth [salt water, m]
# name 3 = prDM: Pressure, Digiquartz [db]
# name 4 = depSM: Depth [salt water, m]
# name 5 = t090C: Temperature [ITS-90, deg C]
# name 6 = sal00: Salinity, Practical [PSU]
# name 7 = density00: Density [density, kg/m^3]
# name 8 = sigma-é00: Density [sigma-theta, kg/m^3]
# name 9 = potemp090C: Potential Temperature [ITS-90, deg C]
# name 10 = sbeox0PS: Oxygen, SBE 43 [% saturation]
# name 11 = CStarTr0: Beam Transmission, WET Labs C-Star [%]
# name 12 = flECO-AFL: Fluorescence, WET Labs ECO-AFL/FL [mg/m^3]
# name 13 = ph: pH
# name 14 = sbeox0ML/L: Oxygen, SBE 43 [ml/l]
# name 15 = sbeox0Mg/L: Oxygen, SBE 43 [mg/l]
# name 16 = sbox0Mm/Kg: Oxygen, SBE 43 [umol/kg]
# name 17 = sbeox0Mm/L: Oxygen, SBE 43 [umol/l]
# name 18 = flag:  0.000e+00
# span 0 =   56.44384,   56.44480                 
# span 1 = -132.64636, -132.64500                 
# span 2 =      6.845,    139.869                 
# span 3 =      2.795,    121.290                 
# span 4 =      2.769,    120.146                 
# span 5 =     6.2718,    12.5239                 
# span 6 =    19.0465,    32.9297                 
# span 7 =  1014.2602,  1026.4398                 
# span 8 =    14.2406,    25.8843                 
# span 9 =     6.2616,    12.5229                 
# span 10 =     30.847,    108.165                
# span 11 =    32.8637,    99.5977                
# span 12 =    -0.0298,     6.5050                
# span 13 =      7.685,      8.387                
# span 14 =     2.1468,     6.9283                
# span 15 =     3.0681,     9.9012                
# span 16 =     93.459,    302.981                
# span 17 =     95.878,    309.416                
# span 18 = 0.0000e+00, 0.0000e+00                
# interval = seconds: 0.0416667
# start_time = Aug 23 2022 00:22:48 [NMEA time, header]
# bad_flag = -9.990e-29
*END*
[from data line 8381]
   56.44472 -132.64618    116.750     17.570     17.409     8.7444    29.9194  1023.2611    23.1808     8.7427     49.284    91.4587     1.6698      7.880     3.3060     4.7247    144.303    147.648  0.000e+00
   56.44472 -132.64618    115.711     17.360     17.201     8.7451    29.9202  1023.2607    23.1813     8.7434     49.276    91.4028     1.6405      7.880     3.3055     4.7238    144.277    147.622  0.000e+00
   56.44472 -132.64618    115.831     17.506     17.345     8.7462    29.9198  1023.2609    23.1808     8.7445     49.268    91.3469     1.6405      7.880     3.3049     4.7230    144.251    147.595  0.000e+00
   56.44472 -132.64618    115.873     17.449     17.289     8.7476    29.9186  1023.2594    23.1797     8.7459     49.257    91.3189     1.6405      7.880     3.3040     4.7218    144.214    147.557  0.000e+00
   56.44472 -132.64618    115.833     17.385     17.225     8.7487    29.9177  1023.2583    23.1788     8.7470     49.249    91.3189     1.6405      7.880     3.3034     4.7209    144.188    147.530  0.000e+00
   56.44472 -132.64618    115.897     17.449     17.289     8.7487    29.9181  1023.2589    23.1791     8.7470     49.240    91.3189     1.6405      7.880     3.3028     4.7200    144.161    147.502  0.000e+00
   56.44472 -132.64618    115.897     17.449     17.289     8.7489    29.9178  1023.2587    23.1789     8.7472     49.234    91.3189     1.6405      7.880     3.3024     4.7194    144.143    147.484  0.000e+00
   56.44472 -132.64618    115.833     17.385     17.225     8.7492    29.9187  1023.2590    23.1795     8.7475     49.226    91.3189     1.6698      7.880     3.3018     4.7186    144.118    147.458  0.000e+00
   56.44472 -132.64618    115.657     17.207     17.049     8.7499    29.9196  1023.2588    23.1802     8.7482     49.221    91.3189     1.6698      7.880     3.3014     4.7180    144.100    147.441  0.000e+00
   56.44472 -132.64618    115.753     17.304     17.145     8.7512    29.9190  1023.2586    23.1795     8.7495     49.266    91.3189     1.6405      7.880     3.3043     4.7222    144.229    147.572  0.000e+00
   56.44472 -132.64618    115.721     17.272     17.113     8.7533    29.9163  1023.2560    23.1771     8.7516     49.258    91.3189     1.6698      7.880     3.3037     4.7213    144.201    147.543  0.000e+00
   56.44472 -132.64618    115.721     17.272     17.113     8.7551    29.9131  1023.2532    23.1743     8.7534     49.254    91.3189     1.6405      7.880     3.3034     4.7208    144.186    147.528  0.000e+00
   56.44472 -132.64618    115.633     17.207     17.049     8.7568    29.9110  1023.2511    23.1724     8.7551     49.247    91.3189     1.6405      7.880     3.3029     4.7201    144.165    147.505  0.000e+00
   56.44472 -132.64618    115.657     17.207     17.049     8.7587    29.9102  1023.2502    23.1716     8.7570     49.239    91.3189     1.6405      7.880     3.3022     4.7192    144.136    147.476  0.000e+00
   56.44472 -132.64618    115.777     17.328     17.169     8.7613    29.9092  1023.2496    23.1704     8.7596     49.292    91.3469     1.6698      7.880     3.3056     4.7240    144.283    147.626  0.000e+00
   56.44472 -132.64618    115.481     17.029     16.873     8.7630    29.9089  1023.2477    23.1699     8.7613     49.290    91.3189     1.6405      7.880     3.3053     4.7236    144.272    147.615  0.000e+00
   56.44472 -132.64618    115.513     17.062     16.905     8.7651    29.9077  1023.2466    23.1686     8.7635     49.344    91.3189     1.6405      7.880     3.3088     4.7286    144.425    147.771  0.000e+00
   56.44472 -132.64618    115.577     17.150     16.993     8.7676    29.9056  1023.2450    23.1666     8.7659     49.402    91.3189     1.6405      7.880     3.3125     4.7340    144.589    147.938  0.000e+00
   56.44472 -132.64618    115.481     17.029     16.873     8.7698    29.9043  1023.2431    23.1652     8.7682     49.412    91.3469     1.6405      7.880     3.3131     4.7347    144.613    147.963  0.000e+00
   56.44472 -132.64618    115.537     17.086     16.929     8.7720    29.9016  1023.2409    23.1628     8.7703     49.366    91.3189     1.6405      7.884     3.3099     4.7301    144.473    147.819  0.000e+00
   56.44472 -132.64618    115.457     17.029     16.873     8.7734    29.9000  1023.2392    23.1614     8.7718     49.367    91.3189     1.6405      7.880     3.3099     4.7301    144.472    147.819  0.000e+00
   56.44472 -132.64618    115.577     17.151     16.993     8.7746    29.8996  1023.2393    23.1609     8.7729     49.373    91.2629     1.6405      7.880     3.3102     4.7306    144.487    147.833  0.000e+00
   56.44472 -132.64618    115.425     16.973     16.817     8.7759    29.9000  1023.2386    23.1610     8.7742     49.431    91.0951     1.6698      7.884     3.3140     4.7360    144.653    148.003  0.000e+00
   56.44472 -132.64618    115.281     16.827     16.673     8.7771    29.8996  1023.2374    23.1605     8.7755     49.494    91.0392     1.6405      7.880     3.3181     4.7419    144.832    148.186  0.000e+00
   56.44472 -132.64618    115.401     16.973     16.817     8.7788    29.8989  1023.2373    23.1598     8.7771     49.506    91.0112     1.6405      7.880     3.3188     4.7429    144.862    148.217  0.000e+00
   56.44472 -132.64618    115.361     16.908     16.753     8.7812    29.8957  1023.2342    23.1569     8.7795     49.514    91.0392     1.6405      7.884     3.3192     4.7435    144.883    148.238  0.000e+00
   56.44472 -132.64618    115.305     16.852     16.697     8.7838    29.8933  1023.2316    23.1546     8.7822     49.520    91.0392     1.6405      7.884     3.3195     4.7439    144.895    148.250  0.000e+00
   56.44472 -132.64618    115.305     16.852     16.697     8.7862    29.8914  1023.2298    23.1528     8.7846     49.575    91.0392     1.6405      7.884     3.3230     4.7489    145.048    148.406  0.000e+00
   56.44472 -132.64618    115.361     16.908     16.753     8.7884    29.8900  1023.2286    23.1513     8.7867     49.583    91.0392     1.6405      7.884     3.3234     4.7495    145.066    148.425  0.000e+00
   56.44472 -132.64618    115.249     16.795     16.641     8.7902    29.8903  1023.2281    23.1513     8.7885     49.587    91.0392     1.6698      7.884     3.3236     4.7498    145.073    148.432  0.000e+00
   56.44472 -132.64618    115.097     16.642     16.489     8.7927    29.8894  1023.2263    23.1502     8.7911     49.589    91.0392     1.6405      7.884     3.3236     4.7497    145.071    148.430  0.000e+00
   56.44472 -132.64620    115.185     16.731     16.577     8.7943    29.8878  1023.2252    23.1488     8.7926     49.596    91.0392     1.6405      7.884     3.3239     4.7503    145.089    148.448  0.000e+00
   56.44472 -132.64620    115.185     16.731     16.577     8.7952    29.8865  1023.2240    23.1476     8.7935     49.601    91.0392     1.6405      7.884     3.3242     4.7506    145.100    148.459  0.000e+00
   56.44472 -132.64620    115.105     16.674     16.521     8.7969    29.8846  1023.2221    23.1459     8.7953     49.602    91.0392     1.6405      7.884     3.3242     4.7507    145.102    148.461  0.000e+00
   56.44472 -132.64620    115.129     16.674     16.521     8.8010    29.8818  1023.2192    23.1431     8.7994     49.658    91.0392     1.6405      7.884     3.3277     4.7556    145.254    148.616  0.000e+00
   56.44472 -132.64620    115.129     16.674     16.521     8.8048    29.8789  1023.2164    23.1402     8.8031     49.661    91.0392     1.6112      7.884     3.3277     4.7556    145.254    148.615  0.000e+00
   56.44472 -132.64620    115.097     16.642     16.489     8.8084    29.8759  1023.2134    23.1374     8.8067     49.662    91.0392     1.6112      7.884     3.3275     4.7554    145.247    148.608  0.000e+00
   56.44472 -132.64620    115.129     16.674     16.521     8.8131    29.8744  1023.2117    23.1355     8.8114     49.610    91.0392     1.6405      7.884     3.3238     4.7500    145.084    148.440  0.000e+00
   56.44472 -132.64620    114.889     16.432     16.281     8.8182    29.8717  1023.2077    23.1327     8.8166     49.661    91.0392     1.6405      7.884     3.3269     4.7544    145.218    148.578  0.000e+00
   56.44472 -132.64620    114.985     16.553     16.401     8.8217    29.8690  1023.2057    23.1300     8.8200     49.718    91.0392     1.6405      7.884     3.3305     4.7596    145.376    148.739  0.000e+00
   56.44472 -132.64620    114.929     16.496     16.345     8.8241    29.8667  1023.2033    23.1279     8.8224     49.721    91.0392     1.6405      7.884     3.3306     4.7597    145.381    148.743  0.000e+00
   56.44472 -132.64620    115.009     16.553     16.401     8.8259    29.8646  1023.2016    23.1260     8.8243     49.723    91.0672     1.6405      7.884     3.3306     4.7597    145.382    148.744  0.000e+00
   56.44472 -132.64620    114.889     16.432     16.281     8.8279    29.8631  1023.1996    23.1245     8.8263     49.721    91.3748     1.6405      7.884     3.3304     4.7594    145.372    148.734  0.000e+00
   56.44472 -132.64620    114.961     16.529     16.377     8.8294    29.8625  1023.1993    23.1238     8.8278     49.669    91.5147     1.6405      7.884     3.3268     4.7543    145.215    148.573  0.000e+00
   56.44472 -132.64620    114.889     16.432     16.281     8.8316    29.8616  1023.1978    23.1228     8.8300     49.719    91.5147     1.6405      7.884     3.3300     4.7588    145.355    148.716  0.000e+00
   56.44472 -132.64620    114.713     16.254     16.105     8.8345    29.8606  1023.1958    23.1216     8.8329     49.716    91.5147     1.6405      7.884     3.3296     4.7583    145.339    148.699  0.000e+00
   56.44472 -132.64620    114.833     16.375     16.225     8.8364    29.8602  1023.1958    23.1210     8.8348     49.714    91.4867     1.6405      7.884     3.3293     4.7579    145.325    148.685  0.000e+00
   56.44472 -132.64620    114.777     16.319     16.169     8.8389    29.8571  1023.1927    23.1182     8.8373     49.763    91.4867     1.6405      7.884     3.3325     4.7624    145.465    148.828  0.000e+00
   56.44472 -132.64620    114.777     16.319     16.169     8.8415    29.8540  1023.1899    23.1154     8.8399     49.705    91.4867     1.6405      7.889     3.3284     4.7567    145.290    148.648  0.000e+00
   56.44472 -132.64620    114.889     16.432     16.281     8.8432    29.8526  1023.1891    23.1141     8.8415     49.701    91.4867     1.6405      7.889     3.3281     4.7562    145.276    148.634  0.000e+00
   56.44472 -132.64620    114.665     16.230     16.081     8.8451    29.8519  1023.1873    23.1132     8.8435     49.750    91.5147     1.6405      7.889     3.3312     4.7606    145.411    148.772  0.000e+00
   56.44472 -132.64620    114.593     16.133     15.985     8.8470    29.8521  1023.1868    23.1131     8.8454     49.746    91.5147     1.6405      7.889     3.3309     4.7601    145.395    148.756  0.000e+00
   56.44472 -132.64620    114.537     16.077     15.929     8.8485    29.8519  1023.1861    23.1127     8.8469     49.741    91.5147     1.6405      7.889     3.3304     4.7595    145.376    148.736  0.000e+00
   56.44472 -132.64620    114.657     16.198     16.049     8.8506    29.8493  1023.1843    23.1103     8.8490     49.791    91.4867     1.6405      7.889     3.3336     4.7641    145.516    148.879  0.000e+00
   56.44472 -132.64620    114.593     16.133     15.985     8.8520    29.8465  1023.1816    23.1079     8.8504     49.731    91.4867     1.7577      7.889     3.3296     4.7583    145.341    148.699  0.000e+00
   56.44472 -132.64620    114.537     16.077     15.929     8.8524    29.8448  1023.1800    23.1066     8.8508     49.720    91.5147     1.8163      7.889     3.3288     4.7572    145.307    148.665  0.000e+00
   56.44472 -132.64620    114.513     16.052     15.905     8.8529    29.8433  1023.1787    23.1054     8.8513     49.706    91.5147     1.8456      7.889     3.3279     4.7559    145.267    148.624  0.000e+00
   56.44472 -132.64620    114.537     16.077     15.929     8.8543    29.8417  1023.1773    23.1039     8.8528     49.746    91.4867     1.8456      7.889     3.3305     4.7596    145.382    148.740  0.000e+00
   56.44472 -132.64620    114.657     16.198     16.049     8.8561    29.8403  1023.1765    23.1025     8.8545     49.740    91.5147     1.8456      7.889     3.3300     4.7589    145.361    148.719  0.000e+00
   56.44472 -132.64620    114.319     15.955     15.809     8.8578    29.8404  1023.1752    23.1024     8.8562     49.730    91.5147     1.8456      7.889     3.3292     4.7578    145.326    148.683  0.000e+00
   56.44472 -132.64620    114.102     15.834     15.689     8.8593    29.8393  1023.1736    23.1012     8.8577     49.719    91.5147     1.8456      7.889     3.3284     4.7566    145.289    148.645  0.000e+00
   56.44472 -132.64620    114.141     15.899     15.753     8.8612    29.8368  1023.1716    23.0990     8.8596     49.706    91.5147     1.8163      7.889     3.3275     4.7553    145.249    148.604  0.000e+00
   56.44472 -132.64620    114.229     15.988     15.841     8.8636    29.8325  1023.1683    23.0953     8.8620     49.692    91.9901     1.8163      7.889     3.3264     4.7537    145.203    148.557  0.000e+00
   56.44472 -132.64620    114.077     15.834     15.689     8.8659    29.8281  1023.1638    23.0915     8.8643     49.680    92.2978     1.8163      7.889     3.3255     4.7525    145.165    148.517  0.000e+00
   56.44472 -132.64620    114.077     15.834     15.689     8.8694    29.8227  1023.1591    23.0868     8.8678     49.666    92.3537     1.8163      7.889     3.3245     4.7510    145.120    148.470  0.000e+00
   56.44472 -132.64620    114.222     15.955     15.809     8.8767    29.8144  1023.1521    23.0792     8.8751     49.658    92.3258     1.8456      7.889     3.3235     4.7496    145.080    148.428  0.000e+00
   56.44472 -132.64620    114.046     15.778     15.633     8.8827    29.8057  1023.1436    23.0715     8.8811     49.651    92.3258     1.8456      7.889     3.3228     4.7486    145.051    148.397  0.000e+00
   56.44472 -132.64620    113.926     15.657     15.513     8.8879    29.7979  1023.1362    23.0646     8.8863     49.700    92.2978     1.8456      7.894     3.3258     4.7530    145.184    148.532  0.000e+00
   56.44472 -132.64620    114.022     15.754     15.609     8.8936    29.7890  1023.1288    23.0569     8.8920     49.747    92.2978     1.8456      7.889     3.3288     4.7572    145.314    148.664  0.000e+00
   56.44472 -132.64620    113.990     15.721     15.577     8.9010    29.7790  1023.1198    23.0479     8.8995     49.742    92.2978     1.8163      7.894     3.3281     4.7562    145.285    148.633  0.000e+00
   56.44472 -132.64620    113.901     15.657     15.513     8.9107    29.7669  1023.1085    23.0370     8.9092     49.790    92.2978     1.8456      7.889     3.3308     4.7601    145.406    148.756  0.000e+00
   56.44472 -132.64620    113.965     15.721     15.577     8.9211    29.7539  1023.0971    23.0253     8.9196     49.792    92.3258     1.8163      7.894     3.3305     4.7596    145.392    148.740  0.000e+00
   56.44472 -132.64620    113.990     15.721     15.577     8.9296    29.7431  1023.0874    23.0156     8.9280     49.798    92.3258     1.8163      7.893     3.3305     4.7596    145.393    148.739  0.000e+00
   56.44472 -132.64620    113.919     15.600     15.457     8.9370    29.7344  1023.0790    23.0077     8.9355     49.801    92.3258     1.8456      7.893     3.3303     4.7594    145.387    148.732  0.000e+00
   56.44472 -132.64620    114.009     15.568     15.425     8.9438    29.7257  1023.0710    22.9999     8.9422     49.803    92.3258     1.9335      7.893     3.3301     4.7591    145.380    148.724  0.000e+00
   56.44472 -132.64620    113.889     15.422     15.281     8.9510    29.7169  1023.0624    22.9920     8.9494     49.858    92.2978     1.9921      7.893     3.3335     4.7639    145.527    148.873  0.000e+00
