EcoFOCI/data/1_SampleCollection/2022_GOA-OA_CruiseData/CTD_raw_BottleFile_RC0083/RC0083_077.cnv
* Sea-Bird SBE 9 Data File:
* FileName = C:\Data\RC0083ctd\RC0083_077.hex
* Software Version Seasave V 7.26.7.107
* Temperature SN = 2060
* Conductivity SN = 1084
* Number of Bytes Per Scan = 31
* Number of Voltage Words = 4
* Number of Scans Averaged by the Deck Unit = 1
* NMEA Latitude = 58 19.58 N
* NMEA Longitude = 135 52.61 W
* NMEA UTC (Time) = Aug 21 2022  17:07:16
* NMEA baud rate = 4800
** Ship: R/V Rachel Carson
** Cruise ID: RC0083
** Tech: McHugh/Nomura
** Chief Scientist: Cross
** Station: GB00
** Cast:  CTD077
# nquan = 19
# nvalues = 8680                                  
# units = specified
# name 0 = latitude: Latitude [deg]
# name 1 = longitude: Longitude [deg]
# name 2 = sfdSM: Seafloor depth [salt water, m]
# name 3 = prDM: Pressure, Digiquartz [db]
# name 4 = depSM: Depth [salt water, m]
# name 5 = t090C: Temperature [ITS-90, deg C]
# name 6 = sal00: Salinity, Practical [PSU]
# name 7 = density00: Density [density, kg/m^3]
# name 8 = sigma-é00: Density [sigma-theta, kg/m^3]
# name 9 = potemp090C: Potential Temperature [ITS-90, deg C]
# name 10 = sbeox0PS: Oxygen, SBE 43 [% saturation]
# name 11 = CStarTr0: Beam Transmission, WET Labs C-Star [%]
# name 12 = flECO-AFL: Fluorescence, WET Labs ECO-AFL/FL [mg/m^3]
# name 13 = ph: pH
# name 14 = sbeox0ML/L: Oxygen, SBE 43 [ml/l]
# name 15 = sbeox0Mg/L: Oxygen, SBE 43 [mg/l]
# name 16 = sbox0Mm/Kg: Oxygen, SBE 43 [umol/kg]
# name 17 = sbeox0Mm/L: Oxygen, SBE 43 [umol/l]
# name 18 = flag:  0.000e+00
# span 0 =   58.32622,   58.32636                 
# span 1 = -135.87686, -135.87672                 
# span 2 =      3.211,     56.699                 
# span 3 =      2.628,     44.587                 
# span 4 =      2.604,     44.168                 
# span 5 =     7.4709,    10.8739                 
# span 6 =    26.3344,    30.9697                 
# span 7 =  1020.0712,  1024.3879                 
# span 8 =    20.0584,    24.1838                 
# span 9 =     7.4670,    10.8736                 
# span 10 =     55.296,     97.823                
# span 11 =    81.3340,    89.7526                
# span 12 =     0.2339,     3.0764                
# span 13 =      7.893,      8.239                
# span 14 =     3.7905,     6.4097                
# span 15 =     5.4170,     9.1601                
# span 16 =    165.291,    280.575                
# span 17 =    169.284,    286.258                
# span 18 = 0.0000e+00, 0.0000e+00                
# interval = seconds: 0.0416667
# start_time = Aug 21 2022 17:07:16 [NMEA time, header]
# bad_flag = -9.990e-29
*END*
[from data line 8001]
   58.32632 -135.87678     33.736      2.970      2.943    10.5920    26.9111  1020.5653    20.5518    10.5917     93.442    83.1799     2.6954      8.229     6.1342     8.7663    268.434    273.951  0.000e+00
   58.32632 -135.87678     13.703      3.011      2.983    10.5951    26.9091  1020.5634    20.5497    10.5947     93.447    83.1799     2.6954      8.229     6.1341     8.7663    268.434    273.950  0.000e+00
   58.32632 -135.87678      7.988      3.035      3.007    10.5972    26.9077  1020.5621    20.5483    10.5969     93.449    83.1799     2.6954      8.229     6.1341     8.7662    268.432    273.948  0.000e+00
   58.32632 -135.87678      8.404      3.011      2.983    10.5969    26.9076  1020.5619    20.5482    10.5966     93.450    83.1799     2.6954      8.229     6.1342     8.7664    268.436    273.952  0.000e+00
   58.32632 -135.87678      9.234      3.011      2.983    10.5951    26.9089  1020.5633    20.5496    10.5947     93.450    83.1799     2.7247      8.229     6.1343     8.7666    268.443    273.959  0.000e+00
   58.32632 -135.87678      9.560      2.970      2.943    10.5921    26.9106  1020.5648    20.5513    10.5918     93.501    83.1799     2.6954      8.229     6.1380     8.7719    268.604    274.125  0.000e+00
   58.32632 -135.87678      9.811      3.075      3.047    10.5916    26.9102  1020.5651    20.5511    10.5913     93.504    83.1799     2.6954      8.229     6.1383     8.7722    268.616    274.136  0.000e+00
   58.32632 -135.87678      9.707      2.970      2.943    10.5906    26.9097  1020.5644    20.5509    10.5903     93.509    83.1799     2.6954      8.229     6.1388     8.7729    268.637    274.157  0.000e+00
   58.32632 -135.87678      9.747      3.011      2.983    10.5891    26.9097  1020.5648    20.5511    10.5888     93.513    83.1799     2.7247      8.229     6.1393     8.7737    268.659    274.181  0.000e+00
   58.32632 -135.87678      9.746      3.035      3.007    10.5910    26.9073  1020.5628    20.5490    10.5906     93.516    83.1799     2.6954      8.229     6.1393     8.7737    268.660    274.180  0.000e+00
   58.32632 -135.87678      9.722      3.011      2.983    10.5955    26.9033  1020.5588    20.5451    10.5952     93.515    83.1799     2.6954      8.229     6.1388     8.7730    268.640    274.159  0.000e+00
   58.32632 -135.87678      9.746      3.035      3.007    10.5959    26.9030  1020.5586    20.5448    10.5956     93.568    83.1799     2.7247      8.229     6.1422     8.7779    268.790    274.313  0.000e+00
   58.32632 -135.87678      9.786      3.075      3.047    10.5951    26.9029  1020.5588    20.5448    10.5947     93.572    83.1799     2.6954      8.229     6.1426     8.7784    268.805    274.328  0.000e+00
   58.32632 -135.87678      9.722      3.010      2.982    10.5974    26.9011  1020.5568    20.5431    10.5970     93.571    83.1799     2.7247      8.229     6.1423     8.7780    268.794    274.316  0.000e+00
   58.32632 -135.87678      9.746      3.035      3.006    10.5989    26.8995  1020.5554    20.5416    10.5986     93.577    83.1799     2.6954      8.229     6.1425     8.7783    268.803    274.325  0.000e+00
   58.32632 -135.87678      9.722      3.010      2.982    10.5995    26.8990  1020.5548    20.5411    10.5992     93.580    83.1799     2.6954      8.234     6.1426     8.7785    268.809    274.331  0.000e+00
   58.32632 -135.87678      9.746      3.035      3.006    10.6017    26.8977  1020.5536    20.5398    10.6013     93.581    83.1799     2.6954      8.229     6.1425     8.7783    268.803    274.324  0.000e+00
   58.32632 -135.87678      9.786      3.075      3.046    10.6002    26.8987  1020.5548    20.5408    10.5999     93.582    83.1799     2.6954      8.234     6.1427     8.7785    268.811    274.333  0.000e+00
   58.32632 -135.87678      9.746      3.035      3.006    10.5941    26.9038  1020.5595    20.5457    10.5937     93.634    83.1240     2.6661      8.229     6.1468     8.7843    268.987    274.514  0.000e+00
   58.32632 -135.87678     10.055      3.075      3.046    10.5916    26.9052  1020.5612    20.5472    10.5913     93.637    83.0680     2.6661      8.229     6.1472     8.7850    269.007    274.535  0.000e+00
   58.32632 -135.87678     15.973      3.035      3.006    10.5933    26.9031  1020.5591    20.5453    10.5929     93.636    83.0680     2.6661      8.229     6.1470     8.7847    269.000    274.526  0.000e+00
   58.32632 -135.87678     19.554      3.075      3.046    10.5954    26.9013  1020.5576    20.5436    10.5951     93.634    83.0680     2.6954      8.229     6.1467     8.7842    268.985    274.511  0.000e+00
   58.32632 -135.87678     20.018      3.075      3.046    10.5951    26.9026  1020.5586    20.5446    10.5947     93.684    83.0680     2.6661      8.229     6.1500     8.7889    269.128    274.657  0.000e+00
   58.32632 -135.87678     19.710      3.035      3.006    10.5939    26.9043  1020.5599    20.5461    10.5936     93.683    83.0680     2.6954      8.234     6.1500     8.7890    269.130    274.659  0.000e+00
   58.32632 -135.87678     19.628      3.075      3.046    10.5920    26.9063  1020.5620    20.5480    10.5916     93.682    83.0680     2.6954      8.234     6.1501     8.7891    269.132    274.662  0.000e+00
   58.32632 -135.87678     19.563      3.035      3.006    10.5918    26.9067  1020.5622    20.5483    10.5914     93.676    83.0680     2.6661      8.229     6.1497     8.7886    269.117    274.647  0.000e+00
   58.32632 -135.87678     19.628      3.075      3.046    10.5934    26.9059  1020.5614    20.5475    10.5931     93.676    83.0680     2.6661      8.234     6.1495     8.7883    269.108    274.637  0.000e+00
   58.32632 -135.87678     19.644      3.091      3.062    10.5954    26.9037  1020.5595    20.5454    10.5951     93.673    83.0680     2.6661      8.229     6.1491     8.7877    269.092    274.621  0.000e+00
   58.32632 -135.87678     19.628      3.075      3.046    10.5964    26.9025  1020.5583    20.5443    10.5961     93.668    83.0680     2.6954      8.234     6.1487     8.7871    269.074    274.602  0.000e+00
   58.32632 -135.87678     19.270      3.035      3.006    10.5990    26.8993  1020.5552    20.5414    10.5987     93.660    83.0680     2.6954      8.229     6.1480     8.7861    269.042    274.569  0.000e+00
   58.32632 -135.87678     18.748      3.075      3.046    10.6027    26.8944  1020.5510    20.5370    10.6023     93.705    83.0680     2.6954      8.229     6.1506     8.7899    269.160    274.687  0.000e+00
   58.32632 -135.87678     18.658      3.132      3.102    10.6042    26.8930  1020.5500    20.5357    10.6038     93.646    83.0680     2.6954      8.234     6.1466     8.7842    268.985    274.509  0.000e+00
   58.32632 -135.87678     18.562      3.035      3.006    10.6068    26.8925  1020.5487    20.5349    10.6065     93.638    83.0680     2.6954      8.234     6.1457     8.7829    268.946    274.469  0.000e+00
   58.32632 -135.87678     18.626      3.075      3.046    10.6119    26.8899  1020.5460    20.5320    10.6116     93.683    83.0680     2.6954      8.234     6.1481     8.7863    269.051    274.576  0.000e+00
   58.32632 -135.87678     18.642      3.091      3.062    10.6101    26.8921  1020.5481    20.5341    10.6097     93.685    83.0680     2.6954      8.229     6.1484     8.7867    269.064    274.589  0.000e+00
   58.32632 -135.87678     18.626      3.075      3.046    10.6053    26.8964  1020.5522    20.5382    10.6050     93.686    83.0680     2.6954      8.229     6.1489     8.7874    269.085    274.612  0.000e+00
   58.32632 -135.87678     18.642      3.091      3.062    10.6018    26.8998  1020.5555    20.5414    10.6015     93.685    83.0680     2.6954      8.234     6.1492     8.7878    269.096    274.623  0.000e+00
   58.32632 -135.87678     18.626      3.075      3.046    10.5998    26.9020  1020.5574    20.5434    10.5995     93.735    83.0680     2.6954      8.234     6.1527     8.7928    269.248    274.779  0.000e+00
   58.32632 -135.87678     18.642      3.091      3.062    10.5982    26.9040  1020.5593    20.5452    10.5979     93.736    83.1519     2.6954      8.229     6.1529     8.7931    269.256    274.788  0.000e+00
   58.32632 -135.87678     18.626      3.075      3.046    10.5972    26.9052  1020.5603    20.5463    10.5969     93.734    83.3198     2.6954      8.234     6.1529     8.7931    269.255    274.787  0.000e+00
   58.32632 -135.87678     18.626      3.075      3.046    10.5931    26.9087  1020.5637    20.5497    10.5928     93.738    83.3477     2.6954      8.229     6.1535     8.7940    269.282    274.816  0.000e+00
   58.32632 -135.87678     18.642      3.091      3.062    10.5900    26.9117  1020.5666    20.5525    10.5896     93.739    83.3477     2.6954      8.234     6.1539     8.7946    269.300    274.834  0.000e+00
   58.32632 -135.87678     18.626      3.075      3.046    10.5883    26.9123  1020.5672    20.5532    10.5880     93.793    83.3477     2.6954      8.234     6.1576     8.7998    269.461    274.999  0.000e+00
   58.32632 -135.87678     18.642      3.091      3.062    10.5875    26.9124  1020.5675    20.5534    10.5872     93.796    83.3477     2.6954      8.229     6.1580     8.8003    269.476    275.014  0.000e+00
   58.32632 -135.87678     19.725      3.075      3.046    10.5881    26.9104  1020.5658    20.5518    10.5878     93.797    83.3477     2.6954      8.234     6.1580     8.8004    269.479    275.017  0.000e+00
   58.32632 -135.87678     38.569      3.091      3.062    10.5943    26.9048  1020.5605    20.5465    10.5939     93.796    83.3477     2.6954      8.234     6.1573     8.7994    269.450    274.986  0.000e+00
   58.32632 -135.87678     49.225      3.075      3.046    10.6017    26.8995  1020.5551    20.5411    10.6013     93.792    83.3477     2.7247      8.234     6.1563     8.7979    269.405    274.939  0.000e+00
   58.32632 -135.87678     50.543      3.075      3.046    10.6025    26.8996  1020.5551    20.5411    10.6021     93.793    83.3477     2.6954      8.234     6.1563     8.7979    269.404    274.938  0.000e+00
   58.32632 -135.87678     49.697      3.035      3.006    10.5997    26.9024  1020.5576    20.5437    10.5994     93.793    83.3477     2.6954      8.234     6.1565     8.7982    269.414    274.949  0.000e+00
   58.32632 -135.87678     49.322      3.075      3.046    10.5895    26.9115  1020.5664    20.5524    10.5892     93.793    83.3477     2.6954      8.234     6.1575     8.7997    269.456    274.994  0.000e+00
   58.32632 -135.87678     49.289      3.091      3.062    10.5834    26.9169  1020.5717    20.5576    10.5831     93.790    83.3477     2.6954      8.234     6.1579     8.8003    269.473    275.012  0.000e+00
   58.32632 -135.87678     49.298      3.075      3.046    10.5804    26.9190  1020.5737    20.5598    10.5801     93.784    83.3477     2.6954      8.234     6.1579     8.8002    269.471    275.011  0.000e+00
   58.32632 -135.87678     49.282      3.035      3.006    10.5819    26.9174  1020.5721    20.5583    10.5816     93.830    83.3477     2.6954      8.234     6.1608     8.8043    269.597    275.139  0.000e+00
   58.32632 -135.87678     49.322      3.075      3.046    10.5814    26.9180  1020.5728    20.5588    10.5811     93.827    83.3477     2.6954      8.234     6.1606     8.8041    269.591    275.133  0.000e+00
   58.32632 -135.87678     49.338      3.091      3.062    10.5768    26.9222  1020.5769    20.5628    10.5765     93.829    83.3477     2.6954      8.234     6.1612     8.8050    269.615    275.159  0.000e+00
   58.32632 -135.87678     49.258      3.010      2.982    10.5737    26.9250  1020.5791    20.5654    10.5733     93.828    83.3477     2.6954      8.234     6.1614     8.8053    269.624    275.169  0.000e+00
   58.32632 -135.87678     49.322      3.075      3.046    10.5735    26.9253  1020.5797    20.5657    10.5732     93.826    83.3198     2.6954      8.234     6.1613     8.8051    269.619    275.164  0.000e+00
   58.32632 -135.87678     49.282      3.034      3.006    10.5739    26.9255  1020.5796    20.5658    10.5735     93.821    83.3477     2.6075      8.234     6.1609     8.8046    269.603    275.147  0.000e+00
   58.32632 -135.87678     49.322      3.075      3.046    10.5725    26.9264  1020.5807    20.5667    10.5722     93.816    83.3198     2.5782      8.234     6.1607     8.8043    269.593    275.138  0.000e+00
   58.32632 -135.87678     50.747      3.034      3.006    10.5692    26.9286  1020.5828    20.5690    10.5689     93.808    83.2079     2.5489      8.230     6.1606     8.8040    269.585    275.130  0.000e+00
   58.32632 -135.87678     53.864      3.075      3.046    10.5690    26.9294  1020.5836    20.5696    10.5687     93.805    83.1519     2.5489      8.230     6.1604     8.8038    269.577    275.122  0.000e+00
   58.32632 -135.87678     54.801      3.034      3.006    10.5700    26.9289  1020.5829    20.5691    10.5697     93.854    83.1519     2.5782      8.234     6.1634     8.8082    269.711    275.259  0.000e+00
   58.32632 -135.87678     54.728      3.010      2.982    10.5720    26.9276  1020.5814    20.5677    10.5717     93.852    83.1519     2.5782      8.234     6.1631     8.8077    269.699    275.246  0.000e+00
   58.32632 -135.87678     54.630      3.034      3.006    10.5768    26.9245  1020.5783    20.5645    10.5765     93.850    83.1519     2.5782      8.230     6.1624     8.8068    269.669    275.215  0.000e+00
   58.32632 -135.87678     54.191      3.010      2.982    10.5772    26.9251  1020.5786    20.5649    10.5768     93.845    83.1519     2.5782      8.234     6.1621     8.8062    269.653    275.199  0.000e+00
   58.32632 -135.87678     53.864      3.075      3.046    10.5732    26.9285  1020.5823    20.5683    10.5729     93.841    83.1519     2.5782      8.234     6.1622     8.8064    269.657    275.203  0.000e+00
   58.32632 -135.87678     53.751      3.034      3.006    10.5720    26.9301  1020.5835    20.5696    10.5717     93.833    83.1519     2.5782      8.234     6.1618     8.8058    269.638    275.184  0.000e+00
   58.32632 -135.87678     53.751      3.010      2.982    10.5722    26.9301  1020.5834    20.5697    10.5719     93.829    83.1519     2.5782      8.234     6.1615     8.8054    269.627    275.173  0.000e+00
   58.32632 -135.87678     53.800      3.034      3.006    10.5732    26.9299  1020.5832    20.5693    10.5729     93.825    83.1519     2.5782      8.234     6.1611     8.8048    269.609    275.154  0.000e+00
   58.32632 -135.87678     53.898      3.010      2.982    10.5662    26.9356  1020.5886    20.5749    10.5659     93.819    83.1519     2.5782      8.234     6.1614     8.8053    269.623    275.170  0.000e+00
   58.32632 -135.87678     53.931      2.970      2.942    10.5547    26.9443  1020.5970    20.5835    10.5544     93.813    83.1519     2.5782      8.234     6.1622     8.8064    269.654    275.204  0.000e+00
   58.32632 -135.87678     53.996      3.010      2.982    10.5555    26.9438  1020.5967    20.5830    10.5552     93.810    83.1519     2.5489      8.234     6.1620     8.8061    269.643    275.193  0.000e+00
   58.32632 -135.87678     54.020      3.034      3.006    10.5607    26.9403  1020.5933    20.5795    10.5603     93.806    83.1519     2.5489      8.234     6.1611     8.8048    269.607    275.155  0.000e+00
   58.32632 -135.87678     53.996      3.010      2.982    10.5625    26.9395  1020.5922    20.5785    10.5622     93.800    83.1519     2.5782      8.230     6.1605     8.8040    269.581    275.128  0.000e+00
   58.32632 -135.87678     54.093      3.010      2.982    10.5547    26.9464  1020.5988    20.5851    10.5544     93.794    83.1519     2.5489      8.234     6.1609     8.8046    269.597    275.146  0.000e+00
