EcoFOCI/data/1_SampleCollection/2022_GOA-OA_CruiseData/CTD_raw_BottleFile_RC0083/RC0083_039.cnv
* Sea-Bird SBE 9 Data File:
* FileName = C:\Data\RC0083ctd\RC0083_039.hex
* Software Version Seasave V 7.26.7.107
* Temperature SN = 2060
* Conductivity SN = 1084
* Number of Bytes Per Scan = 31
* Number of Voltage Words = 4
* Number of Scans Averaged by the Deck Unit = 1
* NMEA Latitude = 58 14.18 N
* NMEA Longitude = 135 29.37 W
* NMEA UTC (Time) = Aug 18 2022  12:25:20
* NMEA baud rate = 4800
** Ship: R/V Rachel Carson
** Cruise ID: RC0083
** Tech: McHugh/Nomura
** Chief Scientist: Cross
** Station: ISB
** Cast:  CTD039
# nquan = 19
# nvalues = 19043                                 
# units = specified
# name 0 = latitude: Latitude [deg]
# name 1 = longitude: Longitude [deg]
# name 2 = sfdSM: Seafloor depth [salt water, m]
# name 3 = prDM: Pressure, Digiquartz [db]
# name 4 = depSM: Depth [salt water, m]
# name 5 = t090C: Temperature [ITS-90, deg C]
# name 6 = sal00: Salinity, Practical [PSU]
# name 7 = density00: Density [density, kg/m^3]
# name 8 = sigma-é00: Density [sigma-theta, kg/m^3]
# name 9 = potemp090C: Potential Temperature [ITS-90, deg C]
# name 10 = sbeox0PS: Oxygen, SBE 43 [% saturation]
# name 11 = CStarTr0: Beam Transmission, WET Labs C-Star [%]
# name 12 = flECO-AFL: Fluorescence, WET Labs ECO-AFL/FL [mg/m^3]
# name 13 = ph: pH
# name 14 = sbeox0ML/L: Oxygen, SBE 43 [ml/l]
# name 15 = sbeox0Mg/L: Oxygen, SBE 43 [mg/l]
# name 16 = sbox0Mm/Kg: Oxygen, SBE 43 [umol/kg]
# name 17 = sbeox0Mm/L: Oxygen, SBE 43 [umol/l]
# name 18 = flag:  0.000e+00
# span 0 =   58.23636,   58.23688                 
# span 1 = -135.49362, -135.48946                 
# span 2 =      3.158,    251.890                 
# span 3 =      2.599,    176.506                 
# span 4 =      2.574,    174.793                 
# span 5 =     5.4476,    12.2685                 
# span 6 =    24.5266,    33.1891                 
# span 7 =  1018.4685,  1027.0034                 
# span 8 =    18.4538,    26.1900                 
# span 9 =     5.4338,    12.2681                 
# span 10 =     29.894,    112.176                
# span 11 =    63.1541,    92.8572                
# span 12 =    -0.0591,     4.8053                
# span 13 =      7.678,      8.397                
# span 14 =     2.1175,     7.2180                
# span 15 =     3.0262,    10.3152                
# span 16 =     92.156,    316.386                
# span 17 =     94.569,    322.354                
# span 18 = 0.0000e+00, 0.0000e+00                
# interval = seconds: 0.0416667
# start_time = Aug 18 2022 12:25:20 [NMEA time, header]
# bad_flag = -9.990e-29
*END*
[from data line 4343]
   58.23646 -135.49054    195.121     97.416     96.488     6.1178    32.2743  1025.8351    25.3859     6.1099     40.651    69.6989     0.0581      7.753     2.8518     4.0756    124.210    127.363  0.000e+00
   58.23646 -135.49054    195.065     97.359     96.432     6.1186    32.2736  1025.8342    25.3852     6.1107     40.657    69.6989     0.0581      7.753     2.8522     4.0761    124.227    127.381  0.000e+00
   58.23646 -135.49054    195.153     97.448     96.520     6.1183    32.2737  1025.8347    25.3853     6.1104     40.669    69.6989     0.0581      7.753     2.8531     4.0774    124.265    127.419  0.000e+00
   58.23646 -135.49054    195.177     97.472     96.545     6.1181    32.2740  1025.8352    25.3857     6.1102     40.677    69.6989     0.0581      7.753     2.8537     4.0782    124.290    127.445  0.000e+00
   58.23646 -135.49054    195.209     97.505     96.577     6.1178    32.2745  1025.8357    25.3861     6.1099     40.682    69.6989     0.0581      7.753     2.8540     4.0787    124.305    127.461  0.000e+00
   58.23646 -135.49054    195.297     97.594     96.665     6.1185    32.2736  1025.8353    25.3852     6.1105     40.635    69.6989     0.0581      7.753     2.8507     4.0739    124.159    127.311  0.000e+00
   58.23646 -135.49054    195.273     97.570     96.641     6.1178    32.2749  1025.8363    25.3863     6.1099     40.640    69.6989     0.0581      7.753     2.8511     4.0745    124.177    127.329  0.000e+00
   58.23646 -135.49054    195.297     97.594     96.665     6.1178    32.2753  1025.8368    25.3867     6.1099     40.650    69.6989     0.0581      7.753     2.8518     4.0755    124.208    127.361  0.000e+00
   58.23646 -135.49054    195.361     97.659     96.729     6.1177    32.2749  1025.8368    25.3864     6.1097     40.609    69.6989     0.0581      7.753     2.8489     4.0713    124.081    127.231  0.000e+00
   58.23646 -135.49054    195.327     97.747     96.817     6.1183    32.2741  1025.8364    25.3857     6.1103     40.613    69.6989     0.0581      7.753     2.8491     4.0717    124.093    127.243  0.000e+00
   58.23646 -135.49054    173.090     97.659     96.729     6.1195    32.2717  1025.8340    25.3836     6.1115     40.620    69.6989     0.0581      7.753     2.8496     4.0724    124.115    127.265  0.000e+00
   58.23646 -135.49054    157.239     97.804     96.873     6.1222    32.2680  1025.8314    25.3804     6.1142     40.634    69.6989     0.0581      7.753     2.8505     4.0736    124.151    127.302  0.000e+00
   58.23646 -135.49054    154.497     97.772     96.841     6.1242    32.2657  1025.8292    25.3784     6.1162     40.586    69.6989     0.0581      7.753     2.8470     4.0687    124.001    127.148  0.000e+00
   58.23646 -135.49054    155.561     97.861     96.929     6.1248    32.2657  1025.8296    25.3783     6.1168     40.592    69.6989     0.0581      7.753     2.8474     4.0693    124.019    127.166  0.000e+00
   58.23646 -135.49054    156.197     97.836     96.905     6.1239    32.2668  1025.8304    25.3792     6.1159     40.603    69.6989     0.0581      7.753     2.8482     4.0704    124.052    127.201  0.000e+00
   58.23646 -135.49054    156.318     97.861     96.929     6.1225    32.2687  1025.8322    25.3809     6.1145     40.610    69.5870     0.0581      7.753     2.8488     4.0712    124.076    127.225  0.000e+00
   58.23646 -135.49054    156.341     97.958     97.025     6.1217    32.2692  1025.8331    25.3814     6.1137     40.621    69.4192     0.0581      7.753     2.8496     4.0724    124.114    127.264  0.000e+00
   58.23646 -135.49054    156.341     97.958     97.025     6.1219    32.2690  1025.8330    25.3813     6.1139     40.580    69.3632     0.0581      7.753     2.8467     4.0682    123.987    127.134  0.000e+00
   58.23646 -135.49054    156.309     97.925     96.993     6.1220    32.2686  1025.8325    25.3809     6.1140     40.584    69.3632     0.0581      7.753     2.8470     4.0686    123.999    127.146  0.000e+00
   58.23646 -135.49054    156.397     98.014     97.081     6.1229    32.2672  1025.8317    25.3797     6.1149     40.592    69.3632     0.0581      7.753     2.8475     4.0694    124.024    127.171  0.000e+00
   58.23646 -135.49054    156.429     98.047     97.113     6.1232    32.2663  1025.8311    25.3789     6.1152     40.605    69.3632     0.0581      7.753     2.8484     4.0707    124.062    127.211  0.000e+00
   58.23646 -135.49054    156.518     98.136     97.201     6.1242    32.2656  1025.8308    25.3783     6.1162     40.614    69.3632     0.0581      7.753     2.8490     4.0715    124.087    127.236  0.000e+00
   58.23646 -135.49054    156.405     98.047     97.113     6.1237    32.2659  1025.8307    25.3785     6.1157     40.626    69.3632     0.0581      7.758     2.8499     4.0727    124.125    127.275  0.000e+00
   58.23646 -135.49054    156.518     98.136     97.201     6.1242    32.2659  1025.8310    25.3785     6.1162     40.586    69.3632     0.0581      7.753     2.8470     4.0687    124.002    127.149  0.000e+00
   58.23646 -135.49054    156.606     98.225     97.289     6.1248    32.2650  1025.8307    25.3778     6.1167     40.599    69.3632     0.0581      7.753     2.8479     4.0700    124.041    127.189  0.000e+00
   58.23646 -135.49054    165.707     98.192     97.257     6.1240    32.2658  1025.8313    25.3785     6.1160     40.608    69.3632     0.0581      7.758     2.8486     4.0709    124.069    127.218  0.000e+00
   58.23646 -135.49054    183.143     98.192     97.257     6.1238    32.2661  1025.8315    25.3787     6.1158     40.613    69.3632     0.0581      7.758     2.8489     4.0714    124.084    127.233  0.000e+00
   58.23646 -135.49054    188.579     98.281     97.346     6.1250    32.2647  1025.8307    25.3775     6.1169     40.621    69.3632     0.0581      7.758     2.8495     4.0722    124.108    127.257  0.000e+00
   58.23646 -135.49054    188.286     98.257     97.321     6.1266    32.2630  1025.8290    25.3759     6.1185     40.633    69.3632     0.0581      7.758     2.8502     4.0732    124.140    127.290  0.000e+00
   58.23646 -135.49054    187.642     98.346     97.410     6.1271    32.2626  1025.8290    25.3755     6.1190     40.640    69.3632     0.0581      7.758     2.8507     4.0740    124.162    127.313  0.000e+00
   58.23646 -135.49054    187.470     98.370     97.434     6.1266    32.2635  1025.8300    25.3764     6.1185     40.651    69.3632     0.0581      7.758     2.8515     4.0750    124.195    127.347  0.000e+00
   58.23646 -135.49054    187.471     98.346     97.410     6.1267    32.2631  1025.8295    25.3760     6.1187     40.665    69.3632     0.0581      7.758     2.8524     4.0764    124.237    127.390  0.000e+00
   58.23646 -135.49054    187.583     98.435     97.498     6.1267    32.2627  1025.8296    25.3757     6.1186     40.625    69.3632     0.0581      7.758     2.8497     4.0725    124.117    127.267  0.000e+00
   58.23646 -135.49054    187.607     98.459     97.522     6.1266    32.2626  1025.8296    25.3756     6.1185     40.638    69.3632     0.0581      7.758     2.8506     4.0738    124.157    127.308  0.000e+00
   58.23646 -135.49054    187.639     98.492     97.554     6.1259    32.2638  1025.8308    25.3766     6.1179     40.590    69.3632     0.0581      7.758     2.8472     4.0690    124.011    127.158  0.000e+00
   58.23646 -135.49054    187.671     98.524     97.586     6.1242    32.2662  1025.8331    25.3788     6.1161     40.594    69.3912     0.0581      7.758     2.8476     4.0695    124.026    127.174  0.000e+00
   58.23646 -135.49054    187.695     98.548     97.610     6.1225    32.2686  1025.8353    25.3809     6.1145     40.602    69.4471     0.0581      7.758     2.8482     4.0704    124.053    127.201  0.000e+00
   58.23646 -135.49054    187.695     98.548     97.610     6.1217    32.2698  1025.8363    25.3819     6.1137     40.613    69.4751     0.0581      7.758     2.8490     4.0715    124.088    127.238  0.000e+00
   58.23646 -135.49054    187.791     98.645     97.706     6.1214    32.2699  1025.8369    25.3820     6.1134     40.628    69.4751     0.0581      7.758     2.8501     4.0731    124.135    127.286  0.000e+00
   58.23646 -135.49054    187.815     98.670     97.730     6.1208    32.2708  1025.8378    25.3828     6.1127     40.695    69.4751     0.0581      7.758     2.8548     4.0799    124.341    127.497  0.000e+00
   58.23646 -135.49054    192.456     98.645     97.706     6.1199    32.2718  1025.8386    25.3837     6.1119     40.660    69.4751     0.0581      7.758     2.8524     4.0763    124.234    127.387  0.000e+00
   58.23646 -135.49054    196.069     98.670     97.730     6.1192    32.2725  1025.8393    25.3843     6.1111     40.668    69.4751     0.0581      7.758     2.8530     4.0772    124.261    127.415  0.000e+00
   58.23646 -135.49054    196.817     98.759     97.818     6.1188    32.2734  1025.8405    25.3851     6.1108     40.680    69.4751    -0.0005      7.758     2.8538     4.0784    124.296    127.452  0.000e+00
   58.23646 -135.49056    196.629     98.791     97.850     6.1182    32.2740  1025.8412    25.3856     6.1101     40.694    69.4751    -0.0005      7.758     2.8549     4.0799    124.341    127.498  0.000e+00
   58.23646 -135.49056    196.451     98.759     97.818     6.1168    32.2757  1025.8425    25.3871     6.1088     40.654    69.4751     0.0288      7.758     2.8521     4.0760    124.222    127.376  0.000e+00
   58.23646 -135.49056    196.514     98.848     97.906     6.1155    32.2775  1025.8446    25.3887     6.1074     40.659    69.4751     0.0288      7.758     2.8525     4.0765    124.239    127.394  0.000e+00
   58.23646 -135.49056    196.546     98.880     97.938     6.1145    32.2790  1025.8460    25.3900     6.1064     40.667    69.4751     0.0288      7.758     2.8531     4.0773    124.264    127.419  0.000e+00
   58.23646 -135.49056    196.539     98.848     97.906     6.1148    32.2784  1025.8454    25.3895     6.1067     40.676    69.4751     0.0288      7.758     2.8538     4.0783    124.294    127.449  0.000e+00
   58.23646 -135.49056    196.627     98.937     97.994     6.1161    32.2761  1025.8438    25.3876     6.1080     40.690    69.4751     0.0288      7.753     2.8547     4.0796    124.333    127.490  0.000e+00
   58.23646 -135.49056    196.659     98.969     98.026     6.1172    32.2750  1025.8430    25.3866     6.1091     40.698    69.4751     0.0581      7.758     2.8552     4.0803    124.355    127.512  0.000e+00
   58.23646 -135.49056    196.659     98.969     98.026     6.1170    32.2754  1025.8433    25.3869     6.1090     40.708    69.4751    -0.0005      7.753     2.8559     4.0814    124.387    127.545  0.000e+00
   58.23646 -135.49056    196.691     99.001     98.058     6.1158    32.2769  1025.8448    25.3883     6.1077     40.722    69.4751     0.0288      7.758     2.8569     4.0828    124.431    127.590  0.000e+00
   58.23646 -135.49056    196.779     99.090     98.146     6.1151    32.2780  1025.8461    25.3892     6.1070     40.738    69.4751     0.0288      7.753     2.8581     4.0845    124.481    127.642  0.000e+00
   58.23646 -135.49056    196.747     99.058     98.114     6.1143    32.2791  1025.8470    25.3902     6.1062     40.756    69.4751     0.0581      7.758     2.8594     4.0864    124.538    127.700  0.000e+00
   58.23646 -135.49056    196.779     99.090     98.146     6.1139    32.2792  1025.8472    25.3902     6.1058     40.713    69.4751     0.0288      7.758     2.8564     4.0820    124.406    127.565  0.000e+00
   58.23646 -135.49056    196.867     99.179     98.235     6.1135    32.2798  1025.8481    25.3908     6.1054     40.721    69.4192     0.0288      7.758     2.8569     4.0828    124.431    127.590  0.000e+00
   58.23646 -135.49056    196.899     99.212     98.267     6.1129    32.2807  1025.8491    25.3916     6.1048     40.731    69.1395     0.0288      7.758     2.8577     4.0839    124.464    127.624  0.000e+00
   58.23646 -135.49056    196.923     99.236     98.291     6.1127    32.2809  1025.8494    25.3918     6.1046     40.736    68.9996     0.0288      7.758     2.8580     4.0844    124.478    127.639  0.000e+00
   58.23646 -135.49056    196.899     99.212     98.267     6.1125    32.2815  1025.8498    25.3923     6.1044     40.742    68.9996     0.0288      7.758     2.8585     4.0851    124.499    127.661  0.000e+00
   58.23646 -135.49056    196.987     99.301     98.355     6.1113    32.2832  1025.8517    25.3938     6.1032     40.752    68.9996     0.0288      7.753     2.8592     4.0861    124.531    127.693  0.000e+00
   58.23646 -135.49056    196.899     99.212     98.267     6.1098    32.2850  1025.8529    25.3953     6.1017     40.763    69.0276     0.0288      7.758     2.8601     4.0873    124.568    127.731  0.000e+00
   58.23646 -135.49056    197.163     99.479     98.531     6.1095    32.2853  1025.8544    25.3956     6.1013     40.770    69.0276    -0.0005      7.758     2.8606     4.0881    124.590    127.754  0.000e+00
   58.23646 -135.49056    197.131     99.446     98.499     6.1093    32.2852  1025.8542    25.3956     6.1012     40.778    69.0276     0.0581      7.758     2.8611     4.0888    124.613    127.777  0.000e+00
   58.23646 -135.49056    197.107     99.422     98.475     6.1106    32.2833  1025.8524    25.3939     6.1025     40.787    69.0276     0.0581      7.758     2.8617     4.0897    124.639    127.804  0.000e+00
   58.23646 -135.49056    197.131     99.446     98.499     6.1130    32.2802  1025.8497    25.3912     6.1049     40.798    69.0276     0.0581      7.758     2.8624     4.0907    124.670    127.835  0.000e+00
   58.23646 -135.49056    197.252     99.567     98.619     6.1161    32.2763  1025.8469    25.3877     6.1080     40.812    69.0276     0.0581      7.758     2.8632     4.0919    124.707    127.873  0.000e+00
   58.23646 -135.49056    197.220     99.535     98.587     6.1176    32.2749  1025.8454    25.3864     6.1095     40.819    69.0276     0.0581      7.758     2.8637     4.0925    124.725    127.891  0.000e+00
   58.23646 -135.49056    197.252     99.567     98.619     6.1176    32.2748  1025.8455    25.3864     6.1094     40.828    68.9996     0.0581      7.758     2.8643     4.0934    124.753    127.920  0.000e+00
   58.23646 -135.49056    197.340     99.656     98.707     6.1172    32.2748  1025.8460    25.3864     6.1090     40.839    69.0276     0.0581      7.758     2.8651     4.0945    124.787    127.955  0.000e+00
   58.23646 -135.49056    197.372     99.689     98.739     6.1181    32.2732  1025.8447    25.3850     6.1100     40.851    69.0276     0.0581      7.758     2.8659     4.0957    124.823    127.992  0.000e+00
   58.23646 -135.49056    197.340     99.656     98.707     6.1190    32.2722  1025.8437    25.3842     6.1108     40.865    69.0276     0.0581      7.753     2.8668     4.0970    124.863    128.033  0.000e+00
   58.23646 -135.49056    197.428     99.745     98.795     6.1201    32.2707  1025.8427    25.3828     6.1120     40.824    68.9996     0.0581      7.758     2.8639     4.0928    124.736    127.902  0.000e+00
   58.23646 -135.49056    197.460     99.778     98.827     6.1197    32.2709  1025.8432    25.3830     6.1116     40.825    69.0276     0.0581      7.753     2.8640     4.0930    124.742    127.908  0.000e+00
   58.23646 -135.49056    197.492     99.810     98.859     6.1198    32.2692  1025.8419    25.3816     6.1116     40.829    69.0276     0.0581      7.753     2.8643     4.0933    124.753    127.919  0.000e+00
   58.23646 -135.49056    197.580     99.899     98.948     6.1218    32.2668  1025.8402    25.3796     6.1136     40.833    69.0276     0.0581      7.753     2.8645     4.0937    124.764    127.930  0.000e+00
   58.23646 -135.49056    197.548     99.867     98.915     6.1299    32.2564  1025.8309    25.3703     6.1218     40.839    69.0276     0.0581      7.753     2.8646     4.0937    124.766    127.931  0.000e+00
