EcoFOCI/data/1_SampleCollection/2022_GOA-OA_CruiseData/CTD_raw_BottleFile_RC0083/RC0083_147.cnv
* Sea-Bird SBE 9 Data File:
* FileName = C:\Data\RC0083ctd\RC0083_147.hex
* Software Version Seasave V 7.26.7.107
* Temperature SN = 2060
* Conductivity SN = 2881
* Number of Bytes Per Scan = 31
* Number of Voltage Words = 4
* Number of Scans Averaged by the Deck Unit = 1
* NMEA Latitude = 54 55.91 N
* NMEA Longitude = 131 07.10 W
* NMEA UTC (Time) = Aug 28 2022  20:23:40
* NMEA baud rate = 4800
** Ship: R/V Rachel Carson
** Cruise ID: RC0083
** Tech: McHugh/Nomura
** Chief Scientist: Cross
** Station: RC2
** Cast:  CTD147
# nquan = 19
# nvalues = 13177                                 
# units = specified
# name 0 = latitude: Latitude [deg]
# name 1 = longitude: Longitude [deg]
# name 2 = sfdSM: Seafloor depth [salt water, m]
# name 3 = prDM: Pressure, Digiquartz [db]
# name 4 = depSM: Depth [salt water, m]
# name 5 = t090C: Temperature [ITS-90, deg C]
# name 6 = sal00: Salinity, Practical [PSU]
# name 7 = density00: Density [density, kg/m^3]
# name 8 = sigma-é00: Density [sigma-theta, kg/m^3]
# name 9 = potemp090C: Potential Temperature [ITS-90, deg C]
# name 10 = sbeox0PS: Oxygen, SBE 43 [% saturation]
# name 11 = CStarTr0: Beam Transmission, WET Labs C-Star [%]
# name 12 = flECO-AFL: Fluorescence, WET Labs ECO-AFL/FL [mg/m^3]
# name 13 = ph: pH
# name 14 = sbeox0ML/L: Oxygen, SBE 43 [ml/l]
# name 15 = sbeox0Mg/L: Oxygen, SBE 43 [mg/l]
# name 16 = sbox0Mm/Kg: Oxygen, SBE 43 [umol/kg]
# name 17 = sbeox0Mm/L: Oxygen, SBE 43 [umol/l]
# name 18 = flag:  0.000e+00
# span 0 =   54.93186,   54.93524                 
# span 1 = -131.11942, -131.11838                 
# span 2 =     84.561,    288.623                 
# span 3 =      3.169,    199.958                 
# span 4 =      3.140,    198.061                 
# span 5 =     5.9487,    13.2614                 
# span 6 =    27.7053,    33.3859                 
# span 7 =  1020.7170,  1027.2036                 
# span 8 =    20.7007,    26.2856                 
# span 9 =     5.9322,    13.2610                 
# span 10 =     26.094,     92.420                
# span 11 =    84.0190,   103.7931                
# span 12 =    -0.1177,     4.9812                
# span 13 =      7.681,      8.312                
# span 14 =     1.8243,     5.7025                
# span 15 =     2.6071,     8.1494                
# span 16 =     79.387,    249.507                
# span 17 =     81.474,    254.673                
# span 18 = 0.0000e+00, 0.0000e+00                
# interval = seconds: 0.0416667
# start_time = Aug 28 2022 20:23:40 [NMEA time, header]
# bad_flag = -9.990e-29
*END*
   54.93186 -131.11838    108.542     10.123     10.031    13.0781    27.7920  1020.8476    20.8021    13.0768     88.301    89.3051     3.2229      8.294     5.4661     7.8116    239.141    244.116  0.000e+00
   54.93186 -131.11838    108.622     10.179     10.087    13.0786    27.7918  1020.8476    20.8018    13.0773     88.302    89.3051     3.2229      8.294     5.4661     7.8116    239.141    244.115  0.000e+00
   54.93186 -131.11838    108.534     10.090      9.999    13.0789    27.7916  1020.8469    20.8016    13.0776     88.301    89.3890     3.2229      8.294     5.4660     7.8114    239.137    244.111  0.000e+00
   54.93186 -131.11838    108.622     10.179     10.087    13.0800    27.7909  1020.8466    20.8009    13.0787     88.302    89.4450     3.2229      8.294     5.4659     7.8114    239.135    244.109  0.000e+00
   54.93186 -131.11838    108.542     10.123     10.031    13.0800    27.7908  1020.8463    20.8008    13.0787     88.301    89.4450     3.2229      8.294     5.4659     7.8113    239.133    244.108  0.000e+00
   54.93186 -131.11838    108.590     10.147     10.055    13.0798    27.7912  1020.8468    20.8012    13.0785     88.247    89.4450     3.2229      8.294     5.4626     7.8066    238.987    243.959  0.000e+00
   54.93186 -131.11838    108.566     10.123     10.031    13.0798    27.7915  1020.8468    20.8014    13.0785     88.242    89.4450     3.2229      8.294     5.4623     7.8061    238.974    243.945  0.000e+00
   54.93186 -131.11838    108.566     10.123     10.031    13.0798    27.7916  1020.8469    20.8015    13.0785     88.238    89.4450     3.2229      8.294     5.4620     7.8058    238.962    243.933  0.000e+00
   54.93186 -131.11838    108.590     10.147     10.055    13.0796    27.7915  1020.8470    20.8015    13.0783     88.234    89.4450     3.2229      8.294     5.4618     7.8054    238.953    243.924  0.000e+00
   54.93186 -131.11838     99.360     10.123     10.031    13.0798    27.7912  1020.8467    20.8012    13.0785     88.230    89.4450     3.2229      8.294     5.4615     7.8051    238.941    243.912  0.000e+00
   54.93186 -131.11838     87.516     10.123     10.031    13.0801    27.7911  1020.8465    20.8010    13.0788     88.226    89.4450     3.2229      8.294     5.4613     7.8047    238.930    243.900  0.000e+00
   54.93186 -131.11838     84.561     10.147     10.055    13.0803    27.7906  1020.8462    20.8006    13.0790     88.223    89.4450     3.2229      8.294     5.4611     7.8044    238.921    243.891  0.000e+00
   54.93186 -131.11838     84.927     10.123     10.031    13.0804    27.7910  1020.8463    20.8009    13.0791     88.219    89.4450     3.2229      8.294     5.4608     7.8040    238.910    243.879  0.000e+00
   54.93186 -131.11838     85.416     10.123     10.031    13.0804    27.7907  1020.8461    20.8006    13.0791     88.270    89.4450     3.2229      8.294     5.4640     7.8086    239.049    244.021  0.000e+00
   54.93186 -131.11838     85.538     10.123     10.031    13.0804    27.7912  1020.8465    20.8010    13.0791     88.272    89.4450     3.2229      8.294     5.4641     7.8087    239.052    244.025  0.000e+00
   54.93186 -131.11838     85.538     10.147     10.055    13.0804    27.7908  1020.8463    20.8007    13.0791     88.220    89.4450     3.2229      8.294     5.4608     7.8041    238.911    243.881  0.000e+00
   54.93186 -131.11838     85.489     10.123     10.031    13.0808    27.7904  1020.8458    20.8004    13.0795     88.162    89.4450     3.2229      8.294     5.4572     7.7989    238.754    243.720  0.000e+00
   54.93186 -131.11838     85.545     10.179     10.087    13.0811    27.7907  1020.8463    20.8005    13.0798     88.155    89.4450     3.2229      8.294     5.4568     7.7983    238.734    243.700  0.000e+00
   54.93186 -131.11838     85.513     10.147     10.055    13.0813    27.7905  1020.8459    20.8003    13.0800     88.148    89.4450     3.2229      8.294     5.4563     7.7976    238.714    243.680  0.000e+00
   54.93186 -131.11838     85.489     10.123     10.031    13.0818    27.7901  1020.8454    20.7999    13.0805     88.196    89.4450     3.2815      8.294     5.4592     7.8018    238.841    243.809  0.000e+00
   54.93188 -131.11838     85.545     10.179     10.087    13.0816    27.7902  1020.8457    20.8000    13.0803     88.195    89.4450     3.2815      8.294     5.4592     7.8017    238.839    243.807  0.000e+00
   54.93188 -131.11838     85.457     10.090      9.999    13.0816    27.7907  1020.8458    20.8004    13.0803     88.193    89.4450     3.2815      8.294     5.4590     7.8015    238.832    243.800  0.000e+00
   54.93188 -131.11838     85.545     10.179     10.087    13.0820    27.7903  1020.8458    20.8001    13.0807     88.138    89.3051     3.2815      8.294     5.4556     7.7966    238.683    243.648  0.000e+00
   54.93188 -131.11838     85.545     10.179     10.087    13.0824    27.7898  1020.8453    20.7996    13.0811     88.133    89.1653     3.2815      8.294     5.4552     7.7961    238.667    243.631  0.000e+00
   54.93188 -131.11838     92.986     10.123     10.031    13.0824    27.7904  1020.8455    20.8000    13.0811     88.127    89.1373     3.2815      8.294     5.4549     7.7956    238.651    243.615  0.000e+00
   54.93188 -131.11838    105.782     10.147     10.055    13.0828    27.7899  1020.8452    20.7996    13.0815     88.177    89.1373     3.2815      8.294     5.4579     7.7999    238.785    243.751  0.000e+00
   54.93188 -131.11838    109.501     10.179     10.087    13.0826    27.7903  1020.8456    20.7999    13.0813     88.123    89.1373     3.2815      8.294     5.4546     7.7952    238.639    243.603  0.000e+00
   54.93188 -131.11838    109.233     10.179     10.087    13.0829    27.7898  1020.8452    20.7995    13.0816     88.173    89.1373     3.2815      8.294     5.4577     7.7996    238.774    243.741  0.000e+00
   54.93188 -131.11838    108.727     10.212     10.119    13.0823    27.7905  1020.8460    20.8001    13.0810     88.174    89.1373     3.2815      8.294     5.4578     7.7998    238.780    243.746  0.000e+00
   54.93188 -131.11838    108.517     10.123     10.031    13.0794    27.7925  1020.8477    20.8022    13.0782     88.175    89.1373     3.2815      8.294     5.4581     7.8002    238.791    243.758  0.000e+00
   54.93188 -131.11838    108.598     10.179     10.087    13.0756    27.7951  1020.8507    20.8050    13.0743     88.177    89.1373     3.2815      8.294     5.4586     7.8008    238.811    243.780  0.000e+00
   54.93188 -131.11838    108.630     10.212     10.119    13.0751    27.7953  1020.8511    20.8052    13.0738     88.178    89.1373     3.2815      8.294     5.4587     7.8011    238.818    243.787  0.000e+00
   54.93188 -131.11838    108.622     10.179     10.087    13.0728    27.7967  1020.8524    20.8067    13.0715     88.234    89.1373     3.2815      8.294     5.4624     7.8063    238.978    243.951  0.000e+00
   54.93188 -131.11838    108.598     10.179     10.087    13.0711    27.7977  1020.8535    20.8078    13.0698     88.240    89.1373     3.2815      8.294     5.4630     7.8071    239.002    243.975  0.000e+00
   54.93188 -131.11838    108.622     10.179     10.087    13.0717    27.7971  1020.8530    20.8072    13.0704     88.192    89.1373     3.2815      8.294     5.4599     7.8028    238.870    243.840  0.000e+00
   54.93188 -131.11838    108.630     10.212     10.119    13.0739    27.7955  1020.8515    20.8056    13.0726     88.194    89.1373     3.2815      8.294     5.4598     7.8027    238.867    243.836  0.000e+00
   54.93188 -131.11838    108.598     10.179     10.087    13.0759    27.7941  1020.8499    20.8041    13.0746     88.196    89.1373     3.2815      8.294     5.4597     7.8025    238.863    243.832  0.000e+00
   54.93188 -131.11838    108.686     10.244     10.151    13.0769    27.7933  1020.8493    20.8033    13.0756     88.199    89.1373     3.2815      8.294     5.4598     7.8027    238.867    243.836  0.000e+00
   54.93188 -131.11838    108.654     10.212     10.119    13.0780    27.7924  1020.8483    20.8024    13.0766     88.200    89.1373     3.2522      8.294     5.4599     7.8027    238.869    243.838  0.000e+00
   54.93188 -131.11838    108.598     10.179     10.087    13.0784    27.7924  1020.8481    20.8023    13.0771     88.203    89.1373     3.0764      8.294     5.4599     7.8028    238.872    243.841  0.000e+00
   54.93188 -131.11838    108.662     10.244     10.151    13.0776    27.7931  1020.8490    20.8030    13.0763     88.206    89.1373     2.9885      8.294     5.4602     7.8032    238.884    243.854  0.000e+00
   54.93188 -131.11838    108.654     10.212     10.119    13.0776    27.7931  1020.8489    20.8030    13.0763     88.209    89.1373     2.9885      8.294     5.4604     7.8034    238.891    243.861  0.000e+00
   54.93188 -131.11838    108.686     10.244     10.151    13.0776    27.7931  1020.8490    20.8030    13.0763     88.266    89.2212     2.9885      8.294     5.4640     7.8086    239.048    244.021  0.000e+00
   54.93188 -131.11838    108.598     10.179     10.087    13.0774    27.7931  1020.8488    20.8031    13.0761     88.219    89.3890     2.9885      8.294     5.4611     7.8044    238.921    243.891  0.000e+00
   54.93188 -131.11838    108.710     10.268     10.175    13.0778    27.7927  1020.8488    20.8027    13.0764     88.278    89.4450     2.9885      8.294     5.4647     7.8096    239.079    244.052  0.000e+00
   54.93188 -131.11838    108.686     10.244     10.151    13.0781    27.7925  1020.8485    20.8025    13.0768     88.285    89.4450     2.9885      8.299     5.4651     7.8102    239.098    244.072  0.000e+00
   54.93188 -131.11838    108.686     10.244     10.151    13.0784    27.7924  1020.8484    20.8024    13.0771     88.293    89.4170     2.9885      8.294     5.4656     7.8108    239.118    244.092  0.000e+00
   54.93188 -131.11838    108.686     10.244     10.151    13.0784    27.7923  1020.8483    20.8023    13.0771     88.301    89.4170     2.9885      8.294     5.4661     7.8116    239.140    244.115  0.000e+00
   54.93188 -131.11838    108.654     10.212     10.119    13.0788    27.7919  1020.8478    20.8019    13.0775     88.309    89.4170     2.9885      8.294     5.4665     7.8122    239.159    244.134  0.000e+00
   54.93188 -131.11838    108.718     10.300     10.207    13.0792    27.7914  1020.8477    20.8014    13.0779     88.264    89.4170     2.9885      8.294     5.4637     7.8081    239.035    244.007  0.000e+00
   54.93188 -131.11838    108.742     10.300     10.207    13.0786    27.7923  1020.8485    20.8022    13.0773     88.322    89.4170     2.9885      8.299     5.4673     7.8133    239.194    244.169  0.000e+00
   54.93188 -131.11838    108.654     10.212     10.119    13.0776    27.7933  1020.8490    20.8032    13.0763     88.329    89.4170     2.9885      8.299     5.4678     7.8141    239.216    244.193  0.000e+00
   54.93188 -131.11838    108.662     10.244     10.151    13.0768    27.7934  1020.8494    20.8034    13.0755     88.337    89.4170     2.9885      8.299     5.4684     7.8150    239.244    244.221  0.000e+00
   54.93188 -131.11838    108.798     10.357     10.263    13.0756    27.7941  1020.8507    20.8042    13.0743     88.347    89.4170     2.9885      8.294     5.4691     7.8160    239.274    244.252  0.000e+00
   54.93188 -131.11838    108.654     10.212     10.119    13.0724    27.7969  1020.8528    20.8069    13.0711     88.349    89.4170     2.9885      8.294     5.4695     7.8165    239.291    244.270  0.000e+00
   54.93188 -131.11838    108.718     10.300     10.207    13.0699    27.7984  1020.8549    20.8086    13.0686     88.299    89.4170     2.9885      8.294     5.4667     7.8124    239.165    244.142  0.000e+00
   54.93188 -131.11838    108.742     10.300     10.207    13.0684    27.7998  1020.8562    20.8099    13.0671     88.297    89.4170     2.9885      8.294     5.4667     7.8125    239.166    244.143  0.000e+00
   54.93188 -131.11838    108.718     10.300     10.207    13.0681    27.7999  1020.8563    20.8101    13.0668     88.296    89.4450     2.9885      8.294     5.4667     7.8124    239.164    244.141  0.000e+00
   54.93188 -131.11838    108.766     10.325     10.231    13.0684    27.7992  1020.8559    20.8095    13.0671     88.349    89.4170     2.9885      8.294     5.4699     7.8171    239.307    244.287  0.000e+00
   54.93188 -131.11838    108.686     10.244     10.151    13.0685    27.7994  1020.8556    20.8096    13.0672     88.351    89.4170     2.9592      8.294     5.4700     7.8172    239.311    244.291  0.000e+00
   54.93188 -131.11838    108.862     10.422     10.327    13.0691    27.7987  1020.8558    20.8090    13.0677     88.356    89.4170     2.9299      8.294     5.4703     7.8176    239.322    244.302  0.000e+00
   54.93188 -131.11838    108.766     10.325     10.231    13.0689    27.7989  1020.8555    20.8092    13.0676     88.411    89.4170     2.9299      8.294     5.4737     7.8225    239.474    244.457  0.000e+00
   54.93188 -131.11838    108.798     10.357     10.263    13.0685    27.7989  1020.8557    20.8092    13.0672     88.423    89.4170     2.9299      8.299     5.4745     7.8237    239.509    244.493  0.000e+00
   54.93188 -131.11838    108.742     10.300     10.207    13.0681    27.7997  1020.8562    20.8099    13.0668     88.380    89.4450     2.9299      8.299     5.4719     7.8198    239.392    244.374  0.000e+00
   54.93188 -131.11838    108.830     10.389     10.295    13.0674    27.8001  1020.8570    20.8104    13.0661     88.383    89.4729     2.9299      8.299     5.4721     7.8202    239.403    244.385  0.000e+00
   54.93188 -131.11838    108.774     10.357     10.263    13.0671    27.8002  1020.8570    20.8105    13.0657     88.434    89.4729     2.9299      8.299     5.4753     7.8248    239.542    244.527  0.000e+00
   54.93188 -131.11838    108.838     10.422     10.327    13.0665    27.8004  1020.8575    20.8107    13.0652     88.436    89.4729     2.9299      8.299     5.4755     7.8250    239.549    244.534  0.000e+00
   54.93188 -131.11838    108.798     10.357     10.263    13.0671    27.7997  1020.8566    20.8101    13.0657     88.435    89.4729     2.9299      8.294     5.4754     7.8249    239.547    244.532  0.000e+00
   54.93188 -131.11838    108.830     10.389     10.295    13.0671    27.7999  1020.8569    20.8103    13.0657     88.440    89.4729     2.9299      8.299     5.4757     7.8253    239.560    244.545  0.000e+00
   54.93188 -131.11838    108.838     10.422     10.327    13.0672    27.7997  1020.8569    20.8101    13.0659     88.445    89.4729     2.9299      8.299     5.4760     7.8257    239.572    244.557  0.000e+00
   54.93188 -131.11838    108.838     10.422     10.327    13.0676    27.7996  1020.8567    20.8099    13.0662     88.449    89.4729     2.9299      8.299     5.4762     7.8260    239.581    244.567  0.000e+00
   54.93188 -131.11838    108.886     10.446     10.351    13.0674    27.7995  1020.8568    20.8099    13.0660     88.448    89.4450     2.9299      8.299     5.4761     7.8260    239.579    244.565  0.000e+00
   54.93188 -131.11838    108.838     10.422     10.327    13.0672    27.7997  1020.8569    20.8101    13.0659     88.500    89.4729     2.9299      8.294     5.4794     7.8306    239.721    244.709  0.000e+00
   54.93188 -131.11838    108.862     10.422     10.327    13.0669    27.8000  1020.8572    20.8104    13.0656     88.502    89.4729     2.9299      8.299     5.4795     7.8308    239.727    244.716  0.000e+00
   54.93188 -131.11838    108.886     10.446     10.351    13.0664    27.8003  1020.8577    20.8107    13.0651     88.508    89.4729     2.9299      8.299     5.4800     7.8314    239.746    244.735  0.000e+00
   54.93188 -131.11838    108.894     10.478     10.383    13.0661    27.8008  1020.8583    20.8112    13.0647     88.509    89.4729     2.9299      8.299     5.4801     7.8315    239.750    244.739  0.000e+00
