EcoFOCI/data/1_SampleCollection/2022_GOA-OA_CruiseData/CTD_raw_BottleFile_RC0083/RC0083_064.cnv
* Sea-Bird SBE 9 Data File:
* FileName = C:\Data\RC0083ctd\RC0083_064.hex
* Software Version Seasave V 7.26.7.107
* Temperature SN = 2060
* Conductivity SN = 1084
* Number of Bytes Per Scan = 31
* Number of Voltage Words = 4
* Number of Scans Averaged by the Deck Unit = 1
* NMEA Latitude = 58 47.37 N
* NMEA Longitude = 136 06.63 W
* NMEA UTC (Time) = Aug 20 2022  15:57:05
* NMEA baud rate = 4800
** Ship: R/V Rachel Carson
** Cruise ID: RC0083
** Tech: McHugh/Nomura
** Chief Scientist: Cross
** Station: GB14
** Cast:  CTD064
# nquan = 19
# nvalues = 7300                                  
# units = specified
# name 0 = latitude: Latitude [deg]
# name 1 = longitude: Longitude [deg]
# name 2 = sfdSM: Seafloor depth [salt water, m]
# name 3 = prDM: Pressure, Digiquartz [db]
# name 4 = depSM: Depth [salt water, m]
# name 5 = t090C: Temperature [ITS-90, deg C]
# name 6 = sal00: Salinity, Practical [PSU]
# name 7 = density00: Density [density, kg/m^3]
# name 8 = sigma-é00: Density [sigma-theta, kg/m^3]
# name 9 = potemp090C: Potential Temperature [ITS-90, deg C]
# name 10 = sbeox0PS: Oxygen, SBE 43 [% saturation]
# name 11 = CStarTr0: Beam Transmission, WET Labs C-Star [%]
# name 12 = flECO-AFL: Fluorescence, WET Labs ECO-AFL/FL [mg/m^3]
# name 13 = ph: pH
# name 14 = sbeox0ML/L: Oxygen, SBE 43 [ml/l]
# name 15 = sbeox0Mg/L: Oxygen, SBE 43 [mg/l]
# name 16 = sbox0Mm/Kg: Oxygen, SBE 43 [umol/kg]
# name 17 = sbeox0Mm/L: Oxygen, SBE 43 [umol/l]
# name 18 = flag:  0.000e+00
# span 0 =   58.78854,   58.78948                 
# span 1 = -136.11062, -136.11040                 
# span 2 =     20.282,     75.915                 
# span 3 =      2.066,     63.845                 
# span 4 =      2.047,     63.240                 
# span 5 =     6.8855,     8.3829                 
# span 6 =    17.2087,    30.4205                 
# span 7 =  1013.4020,  1024.1227                 
# span 8 =    13.3897,    23.8287                 
# span 9 =     6.8801,     8.3826                 
# span 10 =     68.383,     99.621                
# span 11 =    18.8512,    92.4097                
# span 12 =    -0.0005,     2.4903                
# span 13 =      7.953,      8.290                
# span 14 =     4.7305,     7.4411                
# span 15 =     6.7603,    10.6340                
# span 16 =    206.388,    327.928                
# span 17 =    211.263,    332.318                
# span 18 = 0.0000e+00, 0.0000e+00                
# interval = seconds: 0.0416667
# start_time = Aug 20 2022 15:57:05 [NMEA time, header]
# bad_flag = -9.990e-29
*END*
[from data line 1372]
   58.78936 -136.11042     74.586      9.818      9.727     7.8234    28.0439  1021.8855    21.8402     7.8225     78.813    32.2484     1.5819      8.045     5.4648     7.8097    238.842    244.058  0.000e+00
   58.78936 -136.11042     74.546      9.778      9.687     7.8231    28.0441  1021.8855    21.8404     7.8222     78.816    32.2484     1.5819      8.045     5.4650     7.8101    238.852    244.068  0.000e+00
   58.78936 -136.11042     74.522      9.754      9.662     7.8231    28.0439  1021.8852    21.8403     7.8223     78.874    32.2484     1.5819      8.045     5.4691     7.8159    239.029    244.249  0.000e+00
   58.78936 -136.11042     74.586      9.818      9.727     7.8234    28.0440  1021.8855    21.8403     7.8225     78.886    32.2484     1.5819      8.045     5.4698     7.8169    239.061    244.282  0.000e+00
   58.78936 -136.11042     74.546      9.778      9.686     7.8237    28.0436  1021.8850    21.8400     7.8229     78.896    32.2484     1.5819      8.045     5.4705     7.8179    239.090    244.312  0.000e+00
   58.78936 -136.11042     74.586      9.818      9.726     7.8246    28.0433  1021.8848    21.8396     7.8237     78.851    32.2484     1.5819      8.045     5.4673     7.8134    238.952    244.171  0.000e+00
   58.78936 -136.11042     74.522      9.754      9.662     7.8256    28.0423  1021.8836    21.8386     7.8247     78.910    32.2484     1.5819      8.045     5.4713     7.8190    239.125    244.347  0.000e+00
   58.78936 -136.11042     74.546      9.778      9.686     7.8249    28.0420  1021.8835    21.8385     7.8240     78.921    32.2484     1.6112      8.045     5.4721     7.8202    239.163    244.386  0.000e+00
   58.78936 -136.11042     74.586      9.818      9.726     7.8239    28.0429  1021.8846    21.8393     7.8230     78.932    32.2484     1.5819      8.045     5.4730     7.8215    239.201    244.425  0.000e+00
   58.78936 -136.11042     74.434      9.665      9.574     7.8237    28.0433  1021.8842    21.8397     7.8229     78.941    32.2484     1.5819      8.045     5.4737     7.8224    239.229    244.454  0.000e+00
   58.78936 -136.11042     74.698      9.931      9.839     7.8235    28.0437  1021.8858    21.8400     7.8226     78.948    32.2484     1.5819      8.045     5.4741     7.8231    239.249    244.475  0.000e+00
   58.78936 -136.11042     74.522      9.754      9.662     7.8236    28.0439  1021.8851    21.8402     7.8227     78.894    32.2484     1.5819      8.045     5.4704     7.8177    239.085    244.307  0.000e+00
   58.78936 -136.11042     74.546      9.778      9.686     7.8239    28.0434  1021.8848    21.8397     7.8230     78.890    32.2484     1.5819      8.045     5.4701     7.8173    239.074    244.295  0.000e+00
   58.78936 -136.11042     74.586      9.818      9.726     7.8244    28.0430  1021.8846    21.8394     7.8235     78.942    32.2484     1.5819      8.045     5.4736     7.8224    239.228    244.453  0.000e+00
   58.78936 -136.11042     74.522      9.754      9.662     7.8244    28.0430  1021.8843    21.8394     7.8236     78.952    32.2484     1.5819      8.045     5.4743     7.8233    239.257    244.482  0.000e+00
   58.78936 -136.11042     74.610      9.843      9.750     7.8232    28.0439  1021.8856    21.8403     7.8224     78.956    32.2484     1.5819      8.045     5.4747     7.8239    239.274    244.500  0.000e+00
   58.78936 -136.11042     74.522      9.754      9.662     7.8230    28.0448  1021.8859    21.8410     7.8221     78.957    32.2484     1.5819      8.045     5.4748     7.8241    239.279    244.506  0.000e+00
   58.78936 -136.11042     74.586      9.818      9.726     7.8252    28.0437  1021.8850    21.8398     7.8244     78.960    32.3043     1.5819      8.045     5.4748     7.8240    239.277    244.503  0.000e+00
   58.78936 -136.11042     74.522      9.778      9.686     7.8267    28.0432  1021.8843    21.8393     7.8258     78.961    32.3323     1.5819      8.045     5.4747     7.8239    239.274    244.500  0.000e+00
   58.78936 -136.11042     74.537      9.818      9.726     7.8257    28.0444  1021.8855    21.8403     7.8248     78.964    32.3603     1.5819      8.045     5.4749     7.8242    239.284    244.511  0.000e+00
   58.78936 -136.11042     74.473      9.754      9.662     7.8263    28.0443  1021.8851    21.8401     7.8255     78.964    32.3323     1.5819      8.045     5.4749     7.8242    239.283    244.509  0.000e+00
   58.78936 -136.11042     74.497      9.778      9.686     7.8272    28.0436  1021.8845    21.8395     7.8263     78.911    32.3323     1.5819      8.045     5.4711     7.8187    239.117    244.339  0.000e+00
   58.78936 -136.11042     74.537      9.818      9.726     7.8273    28.0432  1021.8844    21.8392     7.8265     78.960    32.3323     1.5526      8.045     5.4745     7.8237    239.267    244.493  0.000e+00
   58.78936 -136.11042     74.498      9.754      9.662     7.8267    28.0437  1021.8846    21.8396     7.8258     78.961    32.3323     1.5233      8.045     5.4746     7.8238    239.271    244.496  0.000e+00
   58.78936 -136.11042     74.610      9.842      9.750     7.8267    28.0440  1021.8852    21.8399     7.8258     78.962    32.3323     1.5233      8.045     5.4747     7.8239    239.275    244.500  0.000e+00
   58.78936 -136.11042     74.522      9.754      9.662     7.8270    28.0446  1021.8852    21.8403     7.8261     78.961    32.3323     1.5233      8.045     5.4746     7.8238    239.270    244.496  0.000e+00
   58.78936 -136.11042     74.586      9.818      9.726     7.8282    28.0441  1021.8850    21.8398     7.8273     78.962    32.3323     1.5233      8.045     5.4745     7.8236    239.266    244.491  0.000e+00
   58.78936 -136.11042     74.546      9.778      9.686     7.8278    28.0445  1021.8852    21.8401     7.8270     78.961    32.3323     1.5233      8.045     5.4745     7.8236    239.265    244.491  0.000e+00
   58.78936 -136.11042     74.537      9.818      9.726     7.8268    28.0449  1021.8858    21.8405     7.8260     78.961    32.3323     1.5233      8.045     5.4746     7.8237    239.270    244.496  0.000e+00
   58.78936 -136.11042     74.385      9.665      9.574     7.8261    28.0447  1021.8850    21.8405     7.8252     78.959    32.3323     1.5233      8.045     5.4745     7.8237    239.267    244.493  0.000e+00
   58.78936 -136.11042     74.593      9.875      9.782     7.8262    28.0441  1021.8855    21.8400     7.8253     78.960    32.3323     1.5526      8.045     5.4746     7.8238    239.271    244.496  0.000e+00
   58.78936 -136.11042     74.537      9.818      9.726     7.8267    28.0438  1021.8850    21.8397     7.8258     78.958    32.3323     1.5233      8.045     5.4744     7.8235    239.262    244.487  0.000e+00
   58.78936 -136.11042     74.497      9.778      9.686     7.8267    28.0438  1021.8847    21.8397     7.8258     78.956    32.3323     1.5526      8.045     5.4743     7.8233    239.255    244.481  0.000e+00
   58.78936 -136.11042     74.537      9.818      9.726     7.8272    28.0436  1021.8847    21.8395     7.8263     78.954    32.3323     1.5233      8.045     5.4741     7.8230    239.248    244.473  0.000e+00
   58.78936 -136.11042     74.449      9.754      9.662     7.8257    28.0446  1021.8854    21.8404     7.8248     78.951    32.3323     1.5233      8.045     5.4740     7.8230    239.246    244.471  0.000e+00
   58.78936 -136.11042     74.497      9.778      9.686     7.8256    28.0444  1021.8854    21.8403     7.8247     78.949    32.3323     1.5233      8.045     5.4739     7.8228    239.240    244.465  0.000e+00
   58.78936 -136.11042     74.537      9.818      9.726     7.8252    28.0442  1021.8855    21.8402     7.8244     78.946    32.3323     1.5233      8.045     5.4738     7.8226    239.234    244.459  0.000e+00
   58.78936 -136.11042     74.537      9.818      9.726     7.8239    28.0452  1021.8864    21.8411     7.8230     78.943    32.3323     1.5233      8.045     5.4737     7.8225    239.231    244.456  0.000e+00
   58.78936 -136.11042     74.521      9.778      9.686     7.8234    28.0463  1021.8872    21.8421     7.8225     78.939    32.3323     1.5233      8.045     5.4735     7.8221    239.220    244.445  0.000e+00
   58.78936 -136.11042     74.497      9.754      9.662     7.8258    28.0452  1021.8858    21.8409     7.8250     78.880    32.3323     1.5526      8.045     5.4691     7.8158    239.028    244.249  0.000e+00
   58.78936 -136.11042     74.561      9.818      9.726     7.8275    28.0444  1021.8853    21.8401     7.8266     78.932    32.3323     1.5233      8.045     5.4725     7.8208    239.178    244.402  0.000e+00
   58.78936 -136.11042     74.521      9.778      9.686     7.8257    28.0454  1021.8861    21.8411     7.8248     78.935    32.3323     1.5233      8.045     5.4729     7.8214    239.196    244.421  0.000e+00
   58.78936 -136.11042     74.497      9.754      9.662     7.8261    28.0440  1021.8849    21.8400     7.8252     78.931    32.3323     1.5233      8.045     5.4726     7.8209    239.184    244.408  0.000e+00
   58.78936 -136.11042     74.586      9.818      9.726     7.8254    28.0437  1021.8850    21.8398     7.8245     78.928    32.3323     1.5233      8.045     5.4725     7.8208    239.179    244.402  0.000e+00
   58.78936 -136.11042     74.546      9.778      9.686     7.8241    28.0440  1021.8852    21.8402     7.8232     78.923    32.3323     1.5526      8.045     5.4723     7.8205    239.171    244.395  0.000e+00
   58.78936 -136.11042     74.522      9.754      9.662     7.8237    28.0448  1021.8858    21.8409     7.8229     78.926    32.3323     1.5526      8.045     5.4725     7.8208    239.179    244.403  0.000e+00
   58.78936 -136.11042     74.586      9.818      9.726     7.8263    28.0442  1021.8853    21.8401     7.8255     78.929    32.3323     1.5233      8.045     5.4724     7.8206    239.174    244.398  0.000e+00
   58.78936 -136.11042     74.546      9.778      9.686     7.8286    28.0436  1021.8843    21.8393     7.8277     78.923    32.3043     1.5233      8.045     5.4718     7.8197    239.147    244.370  0.000e+00
   58.78936 -136.11042     74.522      9.753      9.662     7.8289    28.0432  1021.8839    21.8389     7.8281     78.918    32.3323     1.5233      8.045     5.4714     7.8192    239.130    244.352  0.000e+00
   58.78936 -136.11042     74.490      9.721      9.630     7.8278    28.0431  1021.8838    21.8390     7.8270     78.912    32.3323     1.5233      8.045     5.4712     7.8188    239.119    244.342  0.000e+00
   58.78936 -136.11042     74.586      9.818      9.726     7.8262    28.0439  1021.8851    21.8398     7.8253     78.908    32.3323     1.5233      8.045     5.4710     7.8186    239.114    244.336  0.000e+00
   58.78936 -136.11042     74.561      9.818      9.726     7.8262    28.0432  1021.8846    21.8393     7.8253     78.910    32.3323     1.5233      8.045     5.4712     7.8188    239.119    244.342  0.000e+00
   58.78936 -136.11042     74.521      9.778      9.686     7.8252    28.0437  1021.8848    21.8398     7.8244     78.911    32.3323     1.5233      8.045     5.4713     7.8191    239.128    244.350  0.000e+00
   58.78936 -136.11042     74.473      9.753      9.662     7.8244    28.0439  1021.8850    21.8401     7.8235     78.912    32.3323     1.5233      8.045     5.4715     7.8194    239.136    244.359  0.000e+00
   58.78936 -136.11042     74.537      9.818      9.726     7.8258    28.0432  1021.8845    21.8393     7.8250     78.907    32.3323     1.5233      8.045     5.4710     7.8186    239.113    244.335  0.000e+00
   58.78936 -136.11042     74.497      9.778      9.686     7.8270    28.0425  1021.8837    21.8386     7.8261     78.907    32.3323     1.5233      8.045     5.4709     7.8185    239.110    244.331  0.000e+00
   58.78936 -136.11042     74.473      9.753      9.662     7.8277    28.0419  1021.8830    21.8381     7.8268     78.908    32.3323     1.5233      8.045     5.4709     7.8185    239.109    244.331  0.000e+00
   58.78936 -136.11042     74.473      9.753      9.662     7.8275    28.0421  1021.8832    21.8382     7.8266     78.909    32.1365     1.5233      8.045     5.4710     7.8186    239.114    244.336  0.000e+00
   58.78936 -136.11042     74.497      9.778      9.686     7.8260    28.0429  1021.8841    21.8391     7.8251     78.911    31.6051     1.5233      8.045     5.4713     7.8190    239.125    244.348  0.000e+00
   58.78936 -136.11042     74.537      9.818      9.726     7.8246    28.0437  1021.8851    21.8399     7.8237     78.913    31.4373     1.5233      8.045     5.4716     7.8194    239.137    244.360  0.000e+00
   58.78936 -136.11042     74.473      9.753      9.662     7.8254    28.0436  1021.8846    21.8397     7.8245     78.906    31.4373     1.5233      8.045     5.4710     7.8186    239.112    244.334  0.000e+00
   58.78936 -136.11042     74.497      9.778      9.686     7.8254    28.0430  1021.8843    21.8393     7.8245     78.900    31.4653     1.5233      8.045     5.4706     7.8180    239.094    244.316  0.000e+00
   58.78936 -136.11042     74.473      9.753      9.662     7.8246    28.0429  1021.8842    21.8392     7.8237     78.900    31.4653     1.5233      8.045     5.4707     7.8182    239.100    244.322  0.000e+00
   58.78936 -136.11042     74.537      9.818      9.726     7.8242    28.0427  1021.8844    21.8392     7.8234     78.956    31.4653     1.5233      8.045     5.4747     7.8238    239.273    244.499  0.000e+00
   58.78936 -136.11042     74.441      9.721      9.630     7.8237    28.0429  1021.8842    21.8394     7.8229     78.908    31.4653     1.5233      8.045     5.4713     7.8191    239.128    244.350  0.000e+00
   58.78936 -136.11042     74.537      9.818      9.726     7.8236    28.0428  1021.8845    21.8393     7.8227     78.964    31.4653     1.5233      8.045     5.4753     7.8247    239.300    244.526  0.000e+00
   58.78936 -136.11042     74.473      9.753      9.662     7.8232    28.0429  1021.8843    21.8394     7.8224     78.971    31.4653     1.5233      8.045     5.4758     7.8254    239.321    244.548  0.000e+00
   58.78936 -136.11042     74.497      9.778      9.686     7.8231    28.0429  1021.8845    21.8395     7.8222     78.922    31.4653     1.5233      8.045     5.4724     7.8207    239.176    244.400  0.000e+00
   58.78936 -136.11042     74.537      9.818      9.726     7.8231    28.0423  1021.8842    21.8390     7.8222     78.978    31.4653     1.5233      8.045     5.4763     7.8262    239.345    244.572  0.000e+00
   58.78934 -136.11042     74.497      9.778      9.686     7.8228    28.0424  1021.8841    21.8391     7.8220     78.984    31.4653     1.5233      8.045     5.4768     7.8268    239.364    244.592  0.000e+00
   58.78934 -136.11042     74.448      9.753      9.662     7.8225    28.0428  1021.8844    21.8395     7.8216     78.927    31.4653     1.5233      8.045     5.4729     7.8213    239.194    244.418  0.000e+00
   58.78934 -136.11042     74.473      9.753      9.662     7.8226    28.0422  1021.8839    21.8390     7.8218     78.981    31.4653     1.5233      8.045     5.4766     7.8266    239.358    244.585  0.000e+00
   58.78934 -136.11042     74.497      9.778      9.686     7.8223    28.0425  1021.8843    21.8393     7.8214     78.987    31.4653     1.5233      8.045     5.4770     7.8273    239.377    244.605  0.000e+00
   58.78934 -136.11042     74.537      9.818      9.726     7.8220    28.0421  1021.8842    21.8390     7.8211     78.993    31.4653     1.5233      8.045     5.4775     7.8279    239.397    244.625  0.000e+00
   58.78934 -136.11042     74.473      9.753      9.662     7.8223    28.0416  1021.8835    21.8386     7.8214     78.997    31.4653     1.5233      8.045     5.4778     7.8283    239.409    244.637  0.000e+00
