EcoFOCI/data/1_SampleCollection/2022_GOA-OA_CruiseData/CTD_raw_BottleFile_RC0083/RC0083_030.ros
* Sea-Bird SBE 9 Data File:
* FileName = C:\Data\RC0083ctd\RC0083_030.hex
* Software Version Seasave V 7.26.7.107
* Temperature SN = 2060
* Conductivity SN = 1084
* Number of Bytes Per Scan = 31
* Number of Voltage Words = 4
* Number of Scans Averaged by the Deck Unit = 1
* NMEA Latitude = 58 36.95 N
* NMEA Longitude = 135 00.84 W
* NMEA UTC (Time) = Aug 18 2022  01:34:01
* NMEA baud rate = 4800
** Ship: R/V Rachel Carson
** Cruise ID: RC0083
** Tech: McHugh/Nomura
** Chief Scientist: Cross
** Station: LC2
** Cast:  CTD030
# nquan = 21
# nvalues = 392                                   
# units = specified
# name 0 = latitude: Latitude [deg]
# name 1 = longitude: Longitude [deg]
# name 2 = sfdSM: Seafloor depth [salt water, m]
# name 3 = prDM: Pressure, Digiquartz [db]
# name 4 = depSM: Depth [salt water, m]
# name 5 = t090C: Temperature [ITS-90, deg C]
# name 6 = sal00: Salinity, Practical [PSU]
# name 7 = density00: Density [density, kg/m^3]
# name 8 = sigma-é00: Density [sigma-theta, kg/m^3]
# name 9 = potemp090C: Potential Temperature [ITS-90, deg C]
# name 10 = sbeox0PS: Oxygen, SBE 43 [% saturation]
# name 11 = CStarTr0: Beam Transmission, WET Labs C-Star [%]
# name 12 = flECO-AFL: Fluorescence, WET Labs ECO-AFL/FL [mg/m^3]
# name 13 = ph: pH
# name 14 = sbeox0ML/L: Oxygen, SBE 43 [ml/l]
# name 15 = sbeox0Mg/L: Oxygen, SBE 43 [mg/l]
# name 16 = sbox0Mm/Kg: Oxygen, SBE 43 [umol/kg]
# name 17 = sbeox0Mm/L: Oxygen, SBE 43 [umol/l]
# name 18 = scan: Scan Count
# name 19 = nbf: Bottles Fired
# name 20 = flag:  0.000e+00
# interval = seconds: 0.0416667
# start_time = Aug 18 2022 01:34:01 [NMEA time, header]
# bad_flag = -9.990e-29
*END*
[from data line 345]
   58.61932 -135.01242     47.373      3.178      3.148    13.0164    14.9512  1010.9290    10.9145    13.0160    103.638    89.7247     0.9958      8.398     6.9596     9.9460    307.461    310.817      27528          8  0.000e+00
   58.61932 -135.01242     47.492      3.323      3.292    13.0158    14.9509  1010.9296    10.9144    13.0154    103.633    89.7247     0.9958      8.398     6.9594     9.9457    307.451    310.806      27529          8  0.000e+00
   58.61932 -135.01242     47.363      3.242      3.212    13.0158    14.9506  1010.9290    10.9141    13.0154    103.626    89.7247     0.9958      8.398     6.9589     9.9450    307.430    310.786      27530          8  0.000e+00
   58.61932 -135.01242     47.419      3.323      3.292    13.0153    14.9503  1010.9292    10.9140    13.0149    103.622    89.7247     0.9958      8.398     6.9588     9.9448    307.424    310.779      27531          8  0.000e+00
   58.61932 -135.01242     47.339      3.242      3.212    13.0152    14.9501  1010.9287    10.9138    13.0148    103.617    89.7247     0.9958      8.398     6.9585     9.9444    307.410    310.765      27532          8  0.000e+00
   58.61932 -135.01242     47.355      3.258      3.228    13.0149    14.9503  1010.9289    10.9140    13.0146    103.615    89.7247     0.9958      8.398     6.9584     9.9442    307.405    310.760      27533          8  0.000e+00
   58.61932 -135.01242     47.339      3.242      3.212    13.0147    14.9504  1010.9290    10.9141    13.0144    103.608    89.8645     0.9958      8.398     6.9579     9.9435    307.384    310.739      27534          8  0.000e+00
   58.61932 -135.01242     47.355      3.258      3.228    13.0149    14.9501  1010.9288    10.9139    13.0146    103.602    89.9484     0.9958      8.398     6.9575     9.9429    307.366    310.721      27535          8  0.000e+00
   58.61932 -135.01242     47.339      3.242      3.212    13.0151    14.9499  1010.9285    10.9137    13.0147    103.602    89.9484     0.9958      8.398     6.9575     9.9429    307.366    310.721      27536          8  0.000e+00
   58.61932 -135.01242     47.339      3.242      3.212    13.0152    14.9498  1010.9285    10.9136    13.0148    103.604    89.9484     0.9958      8.398     6.9576     9.9431    307.370    310.725      27537          8  0.000e+00
   58.61932 -135.01242     47.355      3.258      3.228    13.0151    14.9497  1010.9285    10.9135    13.0147    103.607    89.9484     0.9958      8.398     6.9578     9.9434    307.380    310.735      27538          8  0.000e+00
   58.61932 -135.01242     63.481      3.242      3.212    13.0151    14.9492  1010.9280    10.9131    13.0147    103.605    89.9484     0.9958      8.398     6.9577     9.9432    307.375    310.730      27539          8  0.000e+00
   58.61932 -135.01242     94.388      3.258      3.228    13.0151    14.9487  1010.9277    10.9127    13.0147    103.604    89.9484     0.9958      8.398     6.9577     9.9432    307.374    310.729      27540          8  0.000e+00
   58.61932 -135.01242    103.212      3.242      3.212    13.0151    14.9483  1010.9273    10.9124    13.0147    103.550    89.9484     0.9958      8.398     6.9541     9.9381    307.217    310.569      27541          8  0.000e+00
   58.61932 -135.01242    103.172      3.202      3.172    13.0150    14.9483  1010.9271    10.9124    13.0146    103.546    89.9484     0.9958      8.398     6.9538     9.9376    307.203    310.555      27542          8  0.000e+00
   58.61932 -135.01242    102.169      3.299      3.268    13.0151    14.9482  1010.9275    10.9124    13.0147    103.544    89.9484     0.9958      8.398     6.9536     9.9374    307.197    310.549      27543          8  0.000e+00
   58.61932 -135.01242    101.683      3.178      3.148    13.0154    14.9481  1010.9268    10.9123    13.0150    103.534    89.9484     0.9958      8.398     6.9530     9.9365    307.167    310.519      27544          8  0.000e+00
   58.61932 -135.01242    101.787      3.258      3.228    13.0153    14.9481  1010.9272    10.9122    13.0149    103.534    89.9484     0.9958      8.398     6.9530     9.9365    307.168    310.520      27545          8  0.000e+00
   58.61932 -135.01242    101.820      3.242      3.212    13.0151    14.9478  1010.9269    10.9121    13.0147    103.534    89.9484     0.9958      8.398     6.9530     9.9365    307.169    310.521      27546          8  0.000e+00
   58.61932 -135.01242    101.861      3.258      3.228    13.0155    14.9477  1010.9269    10.9119    13.0152    103.530    89.9484     0.9958      8.398     6.9526     9.9360    307.153    310.505      27547          8  0.000e+00
   58.61932 -135.01242    101.845      3.242      3.212    13.0159    14.9477  1010.9267    10.9119    13.0156    103.526    89.9484     0.9958      8.398     6.9523     9.9356    307.139    310.491      27548          8  0.000e+00
   58.61932 -135.01242    101.805      3.202      3.172    13.0166    14.9477  1010.9264    10.9118    13.0162    103.469    89.9484     0.9958      8.398     6.9484     9.9300    306.967    310.317      27549          8  0.000e+00
   58.61932 -135.01242    101.876      3.299      3.268    13.0166    14.9478  1010.9269    10.9118    13.0162    103.517    89.9484     0.9958      8.398     6.9516     9.9345    307.108    310.459      27550          8  0.000e+00
   58.61932 -135.01242    101.805      3.202      3.172    13.0160    14.9484  1010.9271    10.9124    13.0157    103.515    89.9484     0.9958      8.398     6.9515     9.9344    307.104    310.455      27551          8  0.000e+00
   58.61932 -135.01242    101.845      3.242      3.212    13.0159    14.9485  1010.9273    10.9125    13.0156    103.515    89.9484     0.9958      8.398     6.9516     9.9345    307.107    310.458      27552          8  0.000e+00
   58.61932 -135.01242    101.845      3.242      3.212    13.0162    14.9481  1010.9270    10.9121    13.0159    103.517    89.9484     0.9958      8.398     6.9516     9.9346    307.109    310.460      27553          8  0.000e+00
   58.61932 -135.01242    101.861      3.259      3.228    13.0162    14.9481  1010.9271    10.9121    13.0159    103.519    89.9484     0.9958      8.398     6.9518     9.9348    307.116    310.467      27554          8  0.000e+00
   58.61932 -135.01242    101.845      3.242      3.212    13.0168    14.9478  1010.9266    10.9118    13.0164    103.522    89.9204     0.9958      8.398     6.9519     9.9350    307.121    310.473      27555          8  0.000e+00
   58.61932 -135.01242    101.861      3.259      3.228    13.0169    14.9481  1010.9269    10.9120    13.0165    103.472    89.9204     0.9958      8.398     6.9486     9.9302    306.974    310.324      27556          8  0.000e+00
   58.61932 -135.01242    101.845      3.242      3.212    13.0171    14.9483  1010.9270    10.9121    13.0167    103.525    89.9204     0.9958      8.398     6.9521     9.9352    307.128    310.479      27557          8  0.000e+00
   58.61932 -135.01242    101.861      3.259      3.228    13.0173    14.9481  1010.9269    10.9120    13.0169    103.531    89.9204     0.9958      8.398     6.9525     9.9358    307.145    310.497      27558          8  0.000e+00
   58.61932 -135.01242    101.845      3.242      3.212    13.0171    14.9485  1010.9271    10.9122    13.0167    103.538    89.9204     0.9958      8.398     6.9529     9.9364    307.166    310.518      27559          8  0.000e+00
   58.61932 -135.01242    101.845      3.242      3.212    13.0168    14.9489  1010.9275    10.9126    13.0164    103.546    89.9204     1.0251      8.398     6.9535     9.9372    307.190    310.542      27560          8  0.000e+00
   58.61932 -135.01242    101.861      3.259      3.228    13.0169    14.9494  1010.9279    10.9130    13.0165    103.554    89.9204     1.0251      8.398     6.9540     9.9380    307.214    310.567      27561          8  0.000e+00
   58.61932 -135.01242    101.845      3.242      3.212    13.0166    14.9497  1010.9282    10.9133    13.0162    103.564    89.9204     1.0251      8.398     6.9547     9.9390    307.244    310.597      27562          8  0.000e+00
   58.61932 -135.01242    101.861      3.259      3.228    13.0161    14.9495  1010.9281    10.9132    13.0157    103.574    89.9204     1.0251      8.398     6.9555     9.9401    307.279    310.632      27563          8  0.000e+00
   58.61932 -135.01242    101.845      3.243      3.212    13.0162    14.9486  1010.9273    10.9125    13.0159    103.586    89.9204     1.0251      8.398     6.9563     9.9412    307.313    310.667      27564          8  0.000e+00
   58.61934 -135.01240    101.861      3.259      3.228    13.0162    14.9483  1010.9272    10.9123    13.0159    103.598    89.9204     1.0251      8.398     6.9571     9.9424    307.351    310.705      27565          8  0.000e+00
   58.61934 -135.01240    101.845      3.243      3.212    13.0158    14.9484  1010.9273    10.9124    13.0155    103.611    89.9204     1.0251      8.398     6.9580     9.9437    307.392    310.746      27566          8  0.000e+00
   58.61934 -135.01240    101.861      3.259      3.228    13.0162    14.9483  1010.9272    10.9123    13.0159    103.620    89.9204     1.0251      8.398     6.9586     9.9445    307.415    310.770      27567          8  0.000e+00
   58.61934 -135.01240    101.845      3.243      3.212    13.0159    14.9487  1010.9275    10.9126    13.0156    103.629    89.9204     1.0251      8.398     6.9592     9.9454    307.443    310.798      27568          8  0.000e+00
   58.61934 -135.01240    101.845      3.243      3.212    13.0161    14.9487  1010.9274    10.9125    13.0157    103.639    89.9204     1.0251      8.398     6.9598     9.9463    307.471    310.826      27569          8  0.000e+00
   58.61934 -135.01240    101.861      3.259      3.228    13.0162    14.9484  1010.9273    10.9123    13.0159    103.649    89.9204     1.0251      8.398     6.9605     9.9473    307.502    310.858      27570          8  0.000e+00
   58.61934 -135.01240    101.845      3.243      3.212    13.0167    14.9482  1010.9269    10.9121    13.0163    103.660    89.9204     1.0251      8.398     6.9612     9.9483    307.532    310.888      27571          8  0.000e+00
   58.61934 -135.01240    101.805      3.202      3.172    13.0171    14.9480  1010.9266    10.9119    13.0167    103.672    89.9204     1.0251      8.398     6.9619     9.9493    307.564    310.920      27572          8  0.000e+00
   58.61934 -135.01240    101.845      3.243      3.212    13.0169    14.9481  1010.9268    10.9120    13.0166    103.685    89.9204     1.0251      8.398     6.9628     9.9506    307.603    310.960      27573          8  0.000e+00
   58.61934 -135.01240    101.861      3.259      3.228    13.0166    14.9481  1010.9270    10.9120    13.0162    103.746    89.9204     1.0251      8.398     6.9670     9.9565    307.787    311.145      27574          8  0.000e+00
