EcoFOCI/data/1_SampleCollection/2022_GOA-OA_CruiseData/CTD_raw_BottleFile_RC0083/RC0083_116.cnv
* Sea-Bird SBE 9 Data File:
* FileName = C:\Data\RC0083ctd\RC0083_116.hex
* Software Version Seasave V 7.26.7.107
* Temperature SN = 2060
* Conductivity SN = 2881
* Number of Bytes Per Scan = 31
* Number of Voltage Words = 4
* Number of Scans Averaged by the Deck Unit = 1
* NMEA Latitude = 56 03.63 N
* NMEA Longitude = 133 57.17 W
* NMEA UTC (Time) = Aug 23 2022  14:04:12
* NMEA baud rate = 4800
** Ship: R/V Rachel Carson
** Cruise ID: RC0083
** Tech: McHugh/Nomura
** Chief Scientist: Cross
** Station: LSS4
** Cast:  CTD116
# nquan = 19
# nvalues = 5261                                  
# units = specified
# name 0 = latitude: Latitude [deg]
# name 1 = longitude: Longitude [deg]
# name 2 = sfdSM: Seafloor depth [salt water, m]
# name 3 = prDM: Pressure, Digiquartz [db]
# name 4 = depSM: Depth [salt water, m]
# name 5 = t090C: Temperature [ITS-90, deg C]
# name 6 = sal00: Salinity, Practical [PSU]
# name 7 = density00: Density [density, kg/m^3]
# name 8 = sigma-é00: Density [sigma-theta, kg/m^3]
# name 9 = potemp090C: Potential Temperature [ITS-90, deg C]
# name 10 = sbeox0PS: Oxygen, SBE 43 [% saturation]
# name 11 = CStarTr0: Beam Transmission, WET Labs C-Star [%]
# name 12 = flECO-AFL: Fluorescence, WET Labs ECO-AFL/FL [mg/m^3]
# name 13 = ph: pH
# name 14 = sbeox0ML/L: Oxygen, SBE 43 [ml/l]
# name 15 = sbeox0Mg/L: Oxygen, SBE 43 [mg/l]
# name 16 = sbox0Mm/Kg: Oxygen, SBE 43 [umol/kg]
# name 17 = sbeox0Mm/L: Oxygen, SBE 43 [umol/l]
# name 18 = flag:  0.000e+00
# span 0 =   56.06042,   56.06086                 
# span 1 = -133.95378, -133.95290                 
# span 2 =      3.244,    116.470                 
# span 3 =      2.936,     75.337                 
# span 4 =      2.909,     74.637                 
# span 5 =     7.0249,     9.2571                 
# span 6 =    31.4121,    32.6602                 
# span 7 =  1024.2861,  1025.9189                 
# span 8 =    24.2706,    25.5736                 
# span 9 =     7.0181,     9.2567                 
# span 10 =     42.286,     71.753                
# span 11 =    94.1158,   101.1360                
# span 12 =     0.0581,     4.1606                
# span 13 =      7.822,      8.050                
# span 14 =     2.8964,     4.7201                
# span 15 =     4.1392,     6.7454                
# span 16 =    126.128,    205.798                
# span 17 =    129.351,    210.798                
# span 18 = 0.0000e+00, 0.0000e+00                
# interval = seconds: 0.0416667
# start_time = Aug 23 2022 14:04:12 [NMEA time, header]
# bad_flag = -9.990e-29
*END*
[from data line 2058]
   56.06062 -133.95352     95.802     40.473     40.100     8.7383    31.6592  1024.7280    24.5436     8.7342     64.521    96.2135     2.5196      7.985     4.2803     6.1169    186.577    191.157  0.000e+00
   56.06062 -133.95352     95.793     40.537     40.164     8.7388    31.6594  1024.7284    24.5437     8.7348     64.587    96.2135     2.5196      7.985     4.2846     6.1232    186.767    191.351  0.000e+00
   56.06062 -133.95352     95.721     40.489     40.116     8.7388    31.6604  1024.7289    24.5445     8.7347     64.549    96.2135     2.5196      7.985     4.2821     6.1195    186.656    191.237  0.000e+00
   56.06062 -133.95352     95.825     40.594     40.220     8.7397    31.6602  1024.7291    24.5442     8.7356     64.559    96.2135     2.5196      7.985     4.2826     6.1203    186.680    191.262  0.000e+00
   56.06062 -133.95352     95.849     40.594     40.220     8.7402    31.6609  1024.7295    24.5446     8.7361     64.570    96.2135     2.5196      7.985     4.2833     6.1212    186.708    191.291  0.000e+00
   56.06062 -133.95352     95.921     40.667     40.292     8.7402    31.6616  1024.7304    24.5452     8.7361     64.583    96.2135     2.5196      7.985     4.2842     6.1225    186.746    191.330  0.000e+00
   56.06062 -133.95352     95.905     40.650     40.276     8.7406    31.6616  1024.7303    24.5451     8.7365     64.542    96.2135     2.5196      7.985     4.2814     6.1186    186.627    191.207  0.000e+00
   56.06062 -133.95352     95.905     40.650     40.276     8.7409    31.6617  1024.7303    24.5451     8.7368     64.554    96.2135     2.5196      7.985     4.2822     6.1196    186.660    191.241  0.000e+00
   56.06062 -133.95352     95.969     40.715     40.340     8.7410    31.6619  1024.7308    24.5453     8.7369     64.563    96.2135     2.5196      7.985     4.2827     6.1204    186.684    191.267  0.000e+00
   56.06062 -133.95352     95.928     40.723     40.348     8.7407    31.6625  1024.7313    24.5458     8.7366     64.568    96.2135     2.5196      7.985     4.2830     6.1209    186.698    191.280  0.000e+00
   56.06062 -133.95352     95.830     40.772     40.396     8.7407    31.6626  1024.7316    24.5459     8.7366     64.580    96.2694     2.5196      7.985     4.2839     6.1221    186.734    191.318  0.000e+00
   56.06062 -133.95352     95.861     40.828     40.452     8.7408    31.6632  1024.7323    24.5463     8.7367     64.589    96.2974     2.5196      7.985     4.2844     6.1229    186.759    191.343  0.000e+00
   56.06062 -133.95352     95.877     40.844     40.468     8.7411    31.6632  1024.7324    24.5463     8.7369     64.550    96.2974     2.4610      7.985     4.2818     6.1191    186.644    191.225  0.000e+00
   56.06062 -133.95352     95.861     40.828     40.452     8.7410    31.6630  1024.7322    24.5461     8.7369     64.557    96.2974     2.4317      7.985     4.2823     6.1198    186.665    191.246  0.000e+00
   56.06062 -133.95354     95.828     40.893     40.516     8.7407    31.6633  1024.7328    24.5465     8.7366     64.560    96.2974     2.4024      7.985     4.2825     6.1202    186.676    191.258  0.000e+00
   56.06062 -133.95354     95.706     40.893     40.516     8.7407    31.6632  1024.7327    24.5464     8.7366     64.566    96.2974     2.4317      7.985     4.2829     6.1207    186.691    191.273  0.000e+00
   56.06062 -133.95354     95.809     41.022     40.645     8.7410    31.6629  1024.7329    24.5460     8.7369     64.568    96.2974     2.4610      7.985     4.2830     6.1208    186.696    191.279  0.000e+00
   56.06062 -133.95354     95.681     40.893     40.516     8.7407    31.6633  1024.7328    24.5465     8.7366     64.569    96.2974     2.4610      7.985     4.2831     6.1210    186.701    191.284  0.000e+00
   56.06062 -133.95354     95.801     41.014     40.637     8.7402    31.6639  1024.7339    24.5470     8.7360     64.575    96.2974     2.4317      7.985     4.2835     6.1216    186.718    191.302  0.000e+00
   56.06062 -133.95354     95.865     41.079     40.701     8.7399    31.6634  1024.7338    24.5466     8.7357     64.581    96.2974     2.4610      7.985     4.2840     6.1223    186.739    191.323  0.000e+00
   56.06062 -133.95354     95.801     41.014     40.637     8.7384    31.6640  1024.7342    24.5473     8.7343     64.589    96.2974     2.4024      7.985     4.2846     6.1231    186.766    191.350  0.000e+00
   56.06062 -133.95354     95.914     41.127     40.749     8.7371    31.6638  1024.7347    24.5474     8.7330     64.599    96.2974     2.4317      7.985     4.2854     6.1243    186.802    191.388  0.000e+00
   56.06062 -133.95354     95.865     41.079     40.701     8.7357    31.6635  1024.7345    24.5474     8.7315     64.610    96.2974     2.4317      7.985     4.2863     6.1256    186.840    191.426  0.000e+00
   56.06062 -133.95354     95.978     41.192     40.813     8.7345    31.6634  1024.7352    24.5475     8.7303     64.568    96.2974     2.4317      7.985     4.2836     6.1217    186.723    191.307  0.000e+00
   56.06062 -133.95354     95.718     41.127     40.749     8.7337    31.6632  1024.7348    24.5474     8.7296     64.576    96.2974     2.4317      7.985     4.2843     6.1227    186.751    191.336  0.000e+00
   56.06062 -133.95354     95.741     41.248     40.869     8.7311    31.6638  1024.7362    24.5483     8.7269     64.632    96.2974     2.4024      7.985     4.2882     6.1283    186.924    191.512  0.000e+00
   56.06062 -133.95354     95.693     41.200     40.821     8.7287    31.6644  1024.7368    24.5491     8.7245     64.582    96.2974     2.4317      7.985     4.2851     6.1238    186.788    191.373  0.000e+00
   56.06062 -133.95354     95.805     41.313     40.933     8.7262    31.6656  1024.7387    24.5505     8.7220     64.641    96.2974     2.4024      7.985     4.2892     6.1297    186.966    191.556  0.000e+00
   56.06062 -133.95354     95.780     41.313     40.933     8.7241    31.6662  1024.7394    24.5512     8.7199     64.650    96.2974     2.4024      7.985     4.2900     6.1308    186.999    191.590  0.000e+00
   56.06062 -133.95354     95.610     41.265     40.885     8.7222    31.6672  1024.7403    24.5523     8.7181     64.603    96.2974     2.4610      7.985     4.2870     6.1266    186.871    191.459  0.000e+00
   56.06062 -133.95354     95.665     41.370     40.989     8.7203    31.6671  1024.7410    24.5525     8.7161     64.610    96.3253     2.4317      7.985     4.2876     6.1275    186.897    191.486  0.000e+00
   56.06062 -133.95354     95.665     41.370     40.989     8.7184    31.6675  1024.7416    24.5531     8.7143     64.610    96.3533     2.4317      7.985     4.2879     6.1278    186.907    191.497  0.000e+00
   56.06062 -133.95354     95.737     41.442     41.061     8.7163    31.6682  1024.7428    24.5539     8.7122     64.613    96.3533     2.4903      7.985     4.2882     6.1283    186.923    191.513  0.000e+00
   56.06062 -133.95354     95.785     41.491     41.109     8.7137    31.6695  1024.7444    24.5554     8.7095     64.617    96.3533     2.5196      7.985     4.2887     6.1290    186.943    191.534  0.000e+00
   56.06062 -133.95354     95.721     41.426     41.045     8.7116    31.6709  1024.7456    24.5568     8.7075     64.565    96.3533     2.5196      7.985     4.2854     6.1243    186.800    191.387  0.000e+00
   56.06062 -133.95354     95.849     41.556     41.173     8.7105    31.6716  1024.7468    24.5575     8.7063     64.566    96.3533     2.5196      7.985     4.2856     6.1246    186.807    191.395  0.000e+00
   56.06062 -133.95354     95.841     41.547     41.165     8.7098    31.6723  1024.7475    24.5581     8.7057     64.568    96.3533     2.5196      7.985     4.2857     6.1247    186.813    191.401  0.000e+00
   56.06062 -133.95354     95.841     41.547     41.165     8.7091    31.6731  1024.7482    24.5588     8.7049     64.571    96.3533     2.5196      7.985     4.2860     6.1251    186.824    191.412  0.000e+00
   56.06062 -133.95354     95.744     41.547     41.165     8.7082    31.6741  1024.7491    24.5598     8.7040     64.575    96.3533     2.5196      7.985     4.2863     6.1256    186.839    191.428  0.000e+00
   56.06062 -133.95354     95.725     41.677     41.293     8.7075    31.6745  1024.7501    24.5602     8.7034     64.582    96.3533     2.5196      7.985     4.2869     6.1263    186.862    191.451  0.000e+00
   56.06062 -133.95354     95.668     41.669     41.285     8.7071    31.6750  1024.7505    24.5606     8.7029     64.590    96.3533     2.5196      7.985     4.2874     6.1271    186.884    191.474  0.000e+00
   56.06062 -133.95354     95.668     41.669     41.285     8.7066    31.6756  1024.7510    24.5612     8.7024     64.542    96.3533     2.5196      7.985     4.2843     6.1226    186.749    191.335  0.000e+00
   56.06062 -133.95354     95.797     41.798     41.413     8.7066    31.6758  1024.7518    24.5613     8.7024     64.542    96.3533     2.5196      7.980     4.2842     6.1226    186.747    191.334  0.000e+00
   56.06062 -133.95354     95.651     41.725     41.341     8.7059    31.6764  1024.7521    24.5619     8.7018     64.591    96.3533     2.5196      7.985     4.2876     6.1273    186.892    191.482  0.000e+00
   56.06062 -133.95354     95.698     41.846     41.461     8.7060    31.6758  1024.7521    24.5614     8.7018     64.593    96.3533     2.5196      7.980     4.2877     6.1275    186.897    191.488  0.000e+00
   56.06062 -133.95354     95.682     41.855     41.469     8.7057    31.6759  1024.7523    24.5616     8.7015     64.595    96.3533     2.5196      7.980     4.2878     6.1277    186.904    191.494  0.000e+00
   56.06062 -133.95354     95.674     41.846     41.461     8.7056    31.6760  1024.7524    24.5617     8.7014     64.597    96.3533     2.5196      7.980     4.2880     6.1280    186.912    191.502  0.000e+00
   56.06062 -133.95354     95.794     41.968     41.581     8.7057    31.6758  1024.7528    24.5615     8.7015     64.602    96.3533     2.5196      7.980     4.2883     6.1284    186.925    191.516  0.000e+00
   56.06062 -133.95354     95.746     41.919     41.533     8.7059    31.6760  1024.7526    24.5616     8.7017     64.550    96.3533     2.5196      7.980     4.2849     6.1235    186.774    191.361  0.000e+00
   56.06062 -133.95354     95.818     41.968     41.581     8.7058    31.6761  1024.7530    24.5617     8.7016     64.551    96.3533     2.5196      7.980     4.2849     6.1235    186.775    191.363  0.000e+00
   56.06062 -133.95354     95.874     42.024     41.637     8.7057    31.6764  1024.7534    24.5620     8.7015     64.558    96.2974     2.5196      7.980     4.2854     6.1243    186.798    191.386  0.000e+00
   56.06062 -133.95354     95.858     42.032     41.645     8.7055    31.6762  1024.7534    24.5618     8.7013     64.561    96.2135     2.5196      7.980     4.2856     6.1246    186.807    191.395  0.000e+00
   56.06062 -133.95354     95.938     42.089     41.701     8.7053    31.6760  1024.7535    24.5617     8.7011     64.510    96.2135     2.5196      7.980     4.2822     6.1197    186.659    191.243  0.000e+00
   56.06062 -133.95354     95.970     42.145     41.757     8.7044    31.6759  1024.7538    24.5618     8.7002     64.510    96.2135     2.4610      7.980     4.2823     6.1198    186.663    191.247  0.000e+00
   56.06062 -133.95354     95.970     42.145     41.757     8.7031    31.6767  1024.7546    24.5626     8.6989     64.511    96.2135     2.4610      7.980     4.2825     6.1201    186.670    191.255  0.000e+00
   56.06062 -133.95354     96.042     42.218     41.830     8.7026    31.6765  1024.7549    24.5625     8.6983     64.508    96.2135     2.4610      7.980     4.2823     6.1199    186.664    191.249  0.000e+00
   56.06062 -133.95354     96.090     42.267     41.878     8.7026    31.6765  1024.7551    24.5625     8.6984     64.506    96.2135     2.4610      7.980     4.2822     6.1197    186.658    191.243  0.000e+00
   56.06062 -133.95354     96.017     42.267     41.878     8.7021    31.6765  1024.7552    24.5626     8.6979     64.505    96.2135     2.4610      7.980     4.2822     6.1196    186.657    191.241  0.000e+00
   56.06062 -133.95354     95.854     42.275     41.886     8.6996    31.6772  1024.7562    24.5635     8.6954     64.505    96.2135     2.4610      7.980     4.2824     6.1200    186.667    191.252  0.000e+00
   56.06062 -133.95354     95.885     42.380     41.990     8.6967    31.6780  1024.7577    24.5646     8.6925     64.507    96.2135     2.4610      7.980     4.2828     6.1206    186.685    191.271  0.000e+00
   56.06062 -133.95354     95.885     42.380     41.990     8.6948    31.6787  1024.7585    24.5654     8.6905     64.510    96.2135     2.4610      7.980     4.2832     6.1211    186.700    191.286  0.000e+00
   56.06062 -133.95354     95.925     42.396     42.006     8.6943    31.6791  1024.7590    24.5658     8.6901     64.452    96.2135     2.4610      7.980     4.2793     6.1156    186.533    191.115  0.000e+00
   56.06062 -133.95354     95.875     42.444     42.054     8.6941    31.6799  1024.7598    24.5664     8.6898     64.445    96.2135     2.4610      7.980     4.2789     6.1150    186.513    191.095  0.000e+00
   56.06062 -133.95354     95.809     42.501     42.110     8.6945    31.6797  1024.7599    24.5662     8.6902     64.440    96.2135     2.4610      7.980     4.2785     6.1144    186.497    191.078  0.000e+00
   56.06062 -133.95354     95.712     42.453     42.062     8.6943    31.6796  1024.7596    24.5662     8.6901     64.435    96.2135     2.4610      7.980     4.2782     6.1140    186.483    191.064  0.000e+00
   56.06062 -133.95354     95.881     42.622     42.230     8.6933    31.6796  1024.7605    24.5663     8.6891     64.489    96.2135     2.4610      7.980     4.2819     6.1192    186.643    191.229  0.000e+00
   56.06062 -133.95354     95.849     42.566     42.174     8.6927    31.6800  1024.7607    24.5667     8.6884     64.492    96.2135     2.4610      7.980     4.2821     6.1196    186.654    191.240  0.000e+00
   56.06062 -133.95354     95.710     42.574     42.182     8.6918    31.6804  1024.7612    24.5672     8.6875     64.440    96.2135     2.4610      7.980     4.2788     6.1148    186.508    191.090  0.000e+00
   56.06062 -133.95354     95.692     42.679     42.286     8.6917    31.6805  1024.7617    24.5673     8.6874     64.497    96.2135     2.4610      7.980     4.2826     6.1202    186.673    191.259  0.000e+00
   56.06062 -133.95354     95.732     42.743     42.350     8.6912    31.6806  1024.7622    24.5674     8.6869     64.504    96.2135     2.4610      7.980     4.2831     6.1209    186.695    191.282  0.000e+00
   56.06062 -133.95354     95.708     42.695     42.302     8.6910    31.6806  1024.7620    24.5674     8.6867     64.455    96.2414     2.4610      7.980     4.2798     6.1163    186.555    191.138  0.000e+00
   56.06062 -133.95354     95.813     42.800     42.406     8.6907    31.6809  1024.7628    24.5677     8.6864     64.459    96.2974     2.4610      7.980     4.2801     6.1167    186.567    191.150  0.000e+00
   56.06062 -133.95354     95.690     42.800     42.406     8.6906    31.6808  1024.7628    24.5677     8.6863     64.457    96.3253     2.5196      7.980     4.2800     6.1166    186.562    191.145  0.000e+00
   56.06062 -133.95354     95.650     42.808     42.414     8.6908    31.6808  1024.7627    24.5676     8.6866     64.400    96.3253     2.6368      7.980     4.2762     6.1111    186.396    190.975  0.000e+00
   56.06062 -133.95354     95.706     42.865     42.470     8.6905    31.6809  1024.7631    24.5677     8.6862     64.401    96.3253     2.6954      7.980     4.2763     6.1113    186.400    190.980  0.000e+00
