EcoFOCI/data/1_SampleCollection/2022_GOA-OA_CruiseData/CTD_raw_BottleFile_RC0083/RC0083_012.ros
* Sea-Bird SBE 9 Data File:
* FileName = C:\Data\RC0083ctd\RC0083_012.hex
* Software Version Seasave V 7.26.7.107
* Temperature SN = 2060
* Conductivity SN = 1084
* Number of Bytes Per Scan = 31
* Number of Voltage Words = 4
* Number of Scans Averaged by the Deck Unit = 1
* NMEA Latitude = 55 37.27 N
* NMEA Longitude = 134 39.60 W
* NMEA UTC (Time) = Aug 13 2022  04:34:00
* NMEA baud rate = 4800
** Ship: R/V Rachel Carson
** Cruise ID: RC0083 RC0083
** Tech: McHugh/Nomura
** Chief Scientist: Cross Cross
** Station: POW5
** Cast:  012
# nquan = 21
# nvalues = 392                                   
# units = specified
# name 0 = latitude: Latitude [deg]
# name 1 = longitude: Longitude [deg]
# name 2 = sfdSM: Seafloor depth [salt water, m]
# name 3 = prDM: Pressure, Digiquartz [db]
# name 4 = depSM: Depth [salt water, m]
# name 5 = t090C: Temperature [ITS-90, deg C]
# name 6 = sal00: Salinity, Practical [PSU]
# name 7 = density00: Density [density, kg/m^3]
# name 8 = sigma-é00: Density [sigma-theta, kg/m^3]
# name 9 = potemp090C: Potential Temperature [ITS-90, deg C]
# name 10 = sbeox0PS: Oxygen, SBE 43 [% saturation]
# name 11 = CStarTr0: Beam Transmission, WET Labs C-Star [%]
# name 12 = flECO-AFL: Fluorescence, WET Labs ECO-AFL/FL [mg/m^3]
# name 13 = ph: pH
# name 14 = sbeox0ML/L: Oxygen, SBE 43 [ml/l]
# name 15 = sbeox0Mg/L: Oxygen, SBE 43 [mg/l]
# name 16 = sbox0Mm/Kg: Oxygen, SBE 43 [umol/kg]
# name 17 = sbeox0Mm/L: Oxygen, SBE 43 [umol/l]
# name 18 = scan: Scan Count
# name 19 = nbf: Bottles Fired
# name 20 = flag:  0.000e+00
# interval = seconds: 0.0416667
# start_time = Aug 13 2022 04:34:00 [NMEA time, header]
# bad_flag = -9.990e-29
*END*
[from data line 69]
   55.62130 -134.66002    217.600    152.740    151.299     5.9423    33.6698  1027.2133    26.5104     5.9296     34.958   106.4221    -0.0884      7.749     2.4399     3.4868    106.151    108.965      12796          2  0.000e+00
   55.62130 -134.66002    217.600    152.740    151.299     5.9425    33.6700  1027.2134    26.5104     5.9298     34.959   106.4501    -0.0884      7.744     2.4399     3.4869    106.154    108.968      12797          2  0.000e+00
   55.62130 -134.66002    217.792    152.935    151.492     5.9426    33.6701  1027.2144    26.5106     5.9299     34.961   106.4501    -0.0884      7.749     2.4401     3.4871    106.159    108.973      12798          2  0.000e+00
   55.62130 -134.66002    217.487    152.627    151.187     5.9426    33.6697  1027.2126    26.5102     5.9299     34.961   106.4501    -0.0884      7.749     2.4401     3.4871    106.158    108.973      12799          2  0.000e+00
   55.62130 -134.66002    217.728    152.870    151.428     5.9427    33.6690  1027.2132    26.5096     5.9300     34.963   106.4221    -0.0884      7.749     2.4402     3.4873    106.165    108.979      12800          2  0.000e+00
   55.62130 -134.66002    217.423    152.562    151.123     5.9431    33.6685  1027.2113    26.5092     5.9304     34.962   106.4221    -0.0884      7.749     2.4402     3.4872    106.163    108.977      12801          2  0.000e+00
   55.62130 -134.66002    217.713    152.756    151.315     5.9431    33.6679  1027.2117    26.5087     5.9304     34.964   106.4501    -0.0884      7.749     2.4403     3.4874    106.169    108.984      12802          2  0.000e+00
   55.62130 -134.66002    217.570    152.562    151.123     5.9432    33.6679  1027.2108    26.5087     5.9306     34.956   106.4501    -0.0884      7.749     2.4397     3.4866    106.144    108.958      12803          2  0.000e+00
   55.62130 -134.66002    217.570    152.562    151.123     5.9432    33.6680  1027.2109    26.5088     5.9306     34.957   106.4501    -0.0884      7.749     2.4398     3.4867    106.146    108.960      12804          2  0.000e+00
   55.62130 -134.66002    217.762    152.756    151.315     5.9435    33.6671  1027.2111    26.5081     5.9308     34.950   106.4501    -0.0884      7.749     2.4393     3.4860    106.125    108.938      12805          2  0.000e+00
   55.62130 -134.66002    217.393    152.384    150.946     5.9435    33.6672  1027.2094    26.5081     5.9309     34.948   106.4501    -0.0884      7.749     2.4392     3.4858    106.121    108.934      12806          2  0.000e+00
   55.62130 -134.66002    217.642    152.635    151.195     5.9438    33.6666  1027.2101    26.5076     5.9311     34.950   106.4501    -0.0884      7.749     2.4393     3.4860    106.125    108.938      12807          2  0.000e+00
   55.62130 -134.66002    217.393    152.384    150.946     5.9438    33.6662  1027.2086    26.5073     5.9311     34.949   106.4501    -0.0884      7.749     2.4392     3.4859    106.123    108.936      12808          2  0.000e+00
   55.62130 -134.66002    217.578    152.570    151.131     5.9439    33.6663  1027.2095    26.5074     5.9312     34.950   106.4501    -0.0884      7.749     2.4393     3.4860    106.126    108.939      12809          2  0.000e+00
   55.62130 -134.66002    217.273    152.262    150.826     5.9438    33.6661  1027.2079    26.5072     5.9311     34.949   106.4501    -0.0884      7.749     2.4392     3.4859    106.123    108.937      12810          2  0.000e+00
   55.62130 -134.66002    217.546    152.513    151.075     5.9439    33.6656  1027.2087    26.5068     5.9312     34.951   106.4501    -0.0884      7.744     2.4393     3.4861    106.128    108.941      12811          2  0.000e+00
   55.62130 -134.66002    217.315    152.206    150.770     5.9439    33.6662  1027.2078    26.5073     5.9312     34.941   106.4501    -0.0884      7.749     2.4387     3.4851    106.099    108.911      12812          2  0.000e+00
   55.62130 -134.66002    217.588    152.457    151.019     5.9439    33.6660  1027.2087    26.5071     5.9312     34.942   106.4501    -0.0884      7.749     2.4388     3.4852    106.102    108.915      12813          2  0.000e+00
   55.62130 -134.66002    217.459    152.327    150.890     5.9439    33.6655  1027.2078    26.5067     5.9312     34.942   106.4501    -0.0884      7.749     2.4387     3.4852    106.101    108.913      12814          2  0.000e+00
   55.62130 -134.66002    217.283    152.149    150.714     5.9438    33.6659  1027.2073    26.5070     5.9311     34.941   106.4501    -0.0884      7.749     2.4387     3.4851    106.099    108.911      12815          2  0.000e+00
   55.62130 -134.66002    217.467    152.335    150.898     5.9439    33.6657  1027.2079    26.5069     5.9312     34.942   106.4501    -0.0884      7.749     2.4387     3.4852    106.101    108.913      12816          2  0.000e+00
   55.62130 -134.66002    217.219    152.084    150.650     5.9438    33.6655  1027.2067    26.5067     5.9311     34.941   106.4501    -0.0884      7.749     2.4387     3.4851    106.098    108.910      12817          2  0.000e+00
   55.62130 -134.66002    217.403    152.271    150.834     5.9438    33.6660  1027.2079    26.5071     5.9311     34.942   106.4501    -0.0884      7.749     2.4387     3.4852    106.100    108.913      12818          2  0.000e+00
   55.62130 -134.66002    217.099    151.963    150.530     5.9438    33.6657  1027.2062    26.5068     5.9311     34.940   106.4501    -0.0884      7.749     2.4386     3.4850    106.096    108.909      12819          2  0.000e+00
   55.62130 -134.66002    217.403    152.271    150.834     5.9438    33.6655  1027.2075    26.5067     5.9311     34.942   106.4501    -0.0884      7.749     2.4387     3.4852    106.101    108.913      12820          2  0.000e+00
   55.62130 -134.66002    217.035    151.850    150.417     5.9438    33.6656  1027.2057    26.5068     5.9311     34.940   106.4501    -0.0884      7.749     2.4386     3.4850    106.095    108.907      12821          2  0.000e+00
   55.62130 -134.66002    217.525    152.271    150.834     5.9438    33.6653  1027.2073    26.5066     5.9311     34.942   106.4501    -0.0884      7.749     2.4387     3.4852    106.101    108.913      12822          2  0.000e+00
   55.62130 -134.66002    217.164    151.906    150.473     5.9439    33.6653  1027.2057    26.5066     5.9313     34.940   106.4501    -0.0884      7.749     2.4386     3.4850    106.095    108.908      12823          2  0.000e+00
   55.62130 -134.66002    217.405    152.149    150.714     5.9440    33.6649  1027.2064    26.5062     5.9314     34.941   106.4501    -0.0884      7.749     2.4387     3.4851    106.099    108.911      12824          2  0.000e+00
   55.62136 -134.66020    110.430    100.942    100.002     6.7415    32.5827  1026.0140    25.5503     6.7327     74.335   106.6739    -0.0884      7.997     5.1294     7.3304    223.370    229.078      15572          3  0.000e+00
   55.62136 -134.66020    110.758    101.274    100.331     6.7413    32.5828  1026.0156    25.5504     6.7325     74.335   106.6739    -0.0884      7.997     5.1294     7.3304    223.371    229.078      15573          3  0.000e+00
   55.62136 -134.66020    110.726    101.241    100.299     6.7415    32.5826  1026.0152    25.5502     6.7327     74.332   106.6459    -0.0884      7.997     5.1291     7.3300    223.359    229.066      15574          3  0.000e+00
   55.62136 -134.66020    115.734    101.120    100.178     6.7413    32.5826  1026.0147    25.5502     6.7325     74.328   106.6459    -0.0884      7.997     5.1289     7.3297    223.348    229.055      15575          3  0.000e+00
   55.62136 -134.66020    120.851    101.330    100.387     6.7412    32.5827  1026.0158    25.5503     6.7324     74.327   106.6739    -0.0884      7.997     5.1288     7.3296    223.347    229.053      15576          3  0.000e+00
   55.62136 -134.66020    121.820    101.298    100.355     6.7415    32.5826  1026.0155    25.5502     6.7327     74.324   106.6459    -0.0884      7.997     5.1286     7.3293    223.338    229.044      15577          3  0.000e+00
   55.62136 -134.66020    121.632    101.330    100.387     6.7413    32.5830  1026.0160    25.5505     6.7325     74.315   106.6739    -0.0884      7.997     5.1280     7.3284    223.310    229.015      15578          3  0.000e+00
   55.62136 -134.66020    121.405    101.298    100.355     6.7415    32.5831  1026.0159    25.5505     6.7327     74.305   106.6459    -0.0884      7.997     5.1272     7.3273    223.278    228.983      15579          3  0.000e+00
   55.62136 -134.66020    121.388    101.330    100.387     6.7415    32.5828  1026.0158    25.5504     6.7327     74.303   106.6459    -0.0884      7.997     5.1271     7.3272    223.273    228.978      15580          3  0.000e+00
   55.62136 -134.66020    121.444    101.363    100.419     6.7414    32.5827  1026.0159    25.5503     6.7325     74.302   106.6739    -0.0884      7.992     5.1271     7.3271    223.271    228.975      15581          3  0.000e+00
   55.62136 -134.66020    121.476    101.395    100.451     6.7417    32.5824  1026.0158    25.5500     6.7328     74.301   106.6739    -0.0884      7.997     5.1270     7.3270    223.267    228.971      15582          3  0.000e+00
   55.62136 -134.66020    121.501    101.419    100.475     6.7417    32.5828  1026.0162    25.5503     6.7328     74.300   106.6739    -0.0884      7.997     5.1269     7.3269    223.264    228.968      15583          3  0.000e+00
   55.62136 -134.66020    121.476    101.395    100.451     6.7417    32.5827  1026.0160    25.5503     6.7328     74.299   106.6739    -0.0591      7.997     5.1269     7.3268    223.261    228.966      15584          3  0.000e+00
   55.62136 -134.66020    121.557    101.476    100.531     6.7415    32.5830  1026.0166    25.5505     6.7327     74.300   106.6459    -0.0591      7.997     5.1269     7.3269    223.263    228.967      15585          3  0.000e+00
   55.62136 -134.66020    121.589    101.508    100.563     6.7415    32.5828  1026.0166    25.5503     6.7327     74.300   106.6739    -0.0591      7.997     5.1269     7.3269    223.264    228.969      15586          3  0.000e+00
   55.62136 -134.66020    121.444    101.363    100.419     6.7415    32.5826  1026.0158    25.5502     6.7327     74.347   106.6739    -0.0591      7.997     5.1302     7.3316    223.407    229.115      15587          3  0.000e+00
   55.62136 -134.66020    121.773    101.694    100.747     6.7415    32.5830  1026.0177    25.5505     6.7327     74.350   106.6739    -0.0591      7.997     5.1304     7.3318    223.415    229.123      15588          3  0.000e+00
   55.62136 -134.66020    121.621    101.541    100.595     6.7413    32.5831  1026.0170    25.5506     6.7325     74.300   106.6459    -0.0591      7.997     5.1269     7.3269    223.264    228.969      15589          3  0.000e+00
   55.62136 -134.66020    121.709    101.630    100.683     6.7414    32.5830  1026.0174    25.5506     6.7325     74.301   106.6459    -0.0591      7.997     5.1270     7.3270    223.266    228.971      15590          3  0.000e+00
   55.62136 -134.66020    121.928    101.654    100.707     6.7413    32.5832  1026.0176    25.5507     6.7324     74.301   106.6739    -0.0591      7.997     5.1270     7.3270    223.268    228.973      15591          3  0.000e+00
   55.62136 -134.66020    165.291    101.597    100.651     6.7415    32.5829  1026.0171    25.5504     6.7327     74.358   106.6739    -0.0591      7.997     5.1309     7.3326    223.437    229.146      15592          3  0.000e+00
   55.62136 -134.66020    197.238    101.751    100.803     6.7413    32.5831  1026.0180    25.5506     6.7324     74.311   106.6739    -0.0591      7.997     5.1277     7.3280    223.298    229.003      15593          3  0.000e+00
   55.62136 -134.66020    200.771    101.718    100.771     6.7415    32.5836  1026.0182    25.5510     6.7327     74.312   106.6739    -0.0591      7.997     5.1277     7.3280    223.298    229.003      15594          3  0.000e+00
   55.62136 -134.66020    200.755    101.751    100.803     6.7415    32.5833  1026.0182    25.5508     6.7327     74.313   106.6739    -0.0591      7.997     5.1278     7.3282    223.303    229.008      15595          3  0.000e+00
   55.62136 -134.66020    199.509    101.775    100.827     6.7417    32.5833  1026.0182    25.5507     6.7328     74.315   106.6739    -0.0591      7.997     5.1279     7.3283    223.308    229.013      15596          3  0.000e+00
   55.62136 -134.66020    199.345    101.807    100.859     6.7415    32.5834  1026.0185    25.5508     6.7326     74.317   106.6739    -0.0591      7.997     5.1281     7.3286    223.315    229.021      15597          3  0.000e+00
   55.62136 -134.66020    199.531    101.896    100.948     6.7415    32.5834  1026.0189    25.5508     6.7326     74.320   106.6739    -0.0591      7.997     5.1283     7.3289    223.324    229.030      15598          3  0.000e+00
   55.62136 -134.66020    199.556    101.872    100.924     6.7414    32.5838  1026.0191    25.5511     6.7325     74.323   106.6739    -0.0591      7.997     5.1285     7.3291    223.331    229.038      15599          3  0.000e+00
   55.62136 -134.66020    199.636    101.953    101.004     6.7415    32.5841  1026.0197    25.5514     6.7326     74.326   106.6739    -0.0591      7.992     5.1287     7.3294    223.341    229.048      15600          3  0.000e+00
   55.62136 -134.66020    199.612    101.929    100.980     6.7415    32.5838  1026.0194    25.5512     6.7326     74.329   106.6739    -0.0591      7.997     5.1289     7.3297    223.350    229.057      15601          3  0.000e+00
   55.62136 -134.66020    199.700    102.018    101.068     6.7413    32.5838  1026.0198    25.5512     6.7324     74.334   106.6739    -0.0591      7.997     5.1292     7.3302    223.364    229.072      15602          3  0.000e+00
   55.62136 -134.66020    199.676    101.994    101.044     6.7414    32.5841  1026.0199    25.5514     6.7325     74.337   106.6739    -0.0591      7.997     5.1295     7.3305    223.374    229.082      15603          3  0.000e+00
   55.62136 -134.66020    199.756    102.074    101.124     6.7415    32.5842  1026.0203    25.5514     6.7326     74.399   106.6739    -0.0884      7.997     5.1337     7.3365    223.558    229.270      15604          3  0.000e+00
   55.62136 -134.66020    199.788    102.107    101.156     6.7415    32.5840  1026.0203    25.5513     6.7326     74.354   106.6739    -0.0884      7.997     5.1306     7.3322    223.425    229.134      15605          3  0.000e+00
   55.62136 -134.66020    199.820    102.139    101.188     6.7412    32.5842  1026.0207    25.5515     6.7323     74.359   106.6739    -0.0884      7.997     5.1310     7.3327    223.441    229.150      15606          3  0.000e+00
   55.62136 -134.66020    199.820    102.139    101.188     6.7413    32.5847  1026.0211    25.5519     6.7324     74.420   106.6739    -0.0884      7.997     5.1352     7.3387    223.623    229.337      15607          3  0.000e+00
   55.62136 -134.66020    199.852    102.171    101.220     6.7412    32.5850  1026.0214    25.5521     6.7323     74.433   106.6739    -0.0884      7.997     5.1361     7.3399    223.661    229.376      15608          3  0.000e+00
   55.62136 -134.66020    199.933    102.252    101.300     6.7412    32.5852  1026.0220    25.5523     6.7322     74.438   106.6459    -0.0884      7.997     5.1364     7.3405    223.677    229.393      15609          3  0.000e+00
   55.62136 -134.66020    199.909    102.228    101.276     6.7410    32.5854  1026.0221    25.5525     6.7321     74.386   106.6739    -0.0884      7.997     5.1328     7.3353    223.520    229.231      15610          3  0.000e+00
