EcoFOCI/data/1_SampleCollection/2022_GOA-OA_CruiseData/CTD_raw_BottleFile_RC0083/RC0083_060.ros
* Sea-Bird SBE 9 Data File:
* FileName = C:\Data\RC0083ctd\RC0083_060.hex
* Software Version Seasave V 7.26.7.107
* Temperature SN = 2060
* Conductivity SN = 1084
* Number of Bytes Per Scan = 31
* Number of Voltage Words = 4
* Number of Scans Averaged by the Deck Unit = 1
* NMEA Latitude = 58 48.70 N
* NMEA Longitude = 136 28.46 W
* NMEA UTC (Time) = Aug 20 2022  07:32:43
* NMEA baud rate = 4800
** Ship: R/V Rachel Carson
** Cruise ID: RC0083
** Tech: McHugh/Nomura
** Chief Scientist: Cross
** Station: GB07
** Cast:  CTD060
# nquan = 21
# nvalues = 294                                   
# units = specified
# name 0 = latitude: Latitude [deg]
# name 1 = longitude: Longitude [deg]
# name 2 = sfdSM: Seafloor depth [salt water, m]
# name 3 = prDM: Pressure, Digiquartz [db]
# name 4 = depSM: Depth [salt water, m]
# name 5 = t090C: Temperature [ITS-90, deg C]
# name 6 = sal00: Salinity, Practical [PSU]
# name 7 = density00: Density [density, kg/m^3]
# name 8 = sigma-é00: Density [sigma-theta, kg/m^3]
# name 9 = potemp090C: Potential Temperature [ITS-90, deg C]
# name 10 = sbeox0PS: Oxygen, SBE 43 [% saturation]
# name 11 = CStarTr0: Beam Transmission, WET Labs C-Star [%]
# name 12 = flECO-AFL: Fluorescence, WET Labs ECO-AFL/FL [mg/m^3]
# name 13 = ph: pH
# name 14 = sbeox0ML/L: Oxygen, SBE 43 [ml/l]
# name 15 = sbeox0Mg/L: Oxygen, SBE 43 [mg/l]
# name 16 = sbox0Mm/Kg: Oxygen, SBE 43 [umol/kg]
# name 17 = sbeox0Mm/L: Oxygen, SBE 43 [umol/l]
# name 18 = scan: Scan Count
# name 19 = nbf: Bottles Fired
# name 20 = flag:  0.000e+00
# interval = seconds: 0.0416667
# start_time = Aug 20 2022 07:32:43 [NMEA time, header]
# bad_flag = -9.990e-29
*END*
[from data line 138]
   58.80960 -136.46962    299.302    202.660    200.670     5.2455    30.9411  1025.3742    24.4341     5.2306     74.580   102.8141    -0.0884      7.920     5.3888     7.7011    234.922    240.662      23560          3  0.000e+00
   58.80960 -136.46962    299.286    202.644    200.654     5.2456    30.9414  1025.3743    24.4343     5.2307     74.529   102.8141    -0.0884      7.920     5.3851     7.6958    234.760    240.496      23561          3  0.000e+00
   58.80960 -136.46962    299.246    202.603    200.614     5.2458    30.9412  1025.3740    24.4341     5.2309     74.461   102.8141    -0.0884      7.920     5.3801     7.6888    234.546    240.277      23562          3  0.000e+00
   58.80960 -136.46962    299.286    202.644    200.654     5.2460    30.9411  1025.3741    24.4340     5.2311     74.619   102.8141    -0.0884      7.920     5.3915     7.7050    235.042    240.785      23563          3  0.000e+00
   58.80960 -136.46962    299.302    202.660    200.670     5.2461    30.9411  1025.3741    24.4340     5.2312     74.520   102.8141    -0.0884      7.920     5.3843     7.6948    234.729    240.465      23564          3  0.000e+00
   58.80960 -136.46962    299.286    202.644    200.654     5.2462    30.9409  1025.3738    24.4338     5.2313     74.454   102.8141    -0.0884      7.920     5.3795     7.6879    234.520    240.250      23565          3  0.000e+00
   58.80960 -136.46962    299.302    202.660    200.670     5.2463    30.9409  1025.3739    24.4338     5.2314     74.496   102.8141    -0.0884      7.920     5.3826     7.6922    234.653    240.386      23566          3  0.000e+00
   58.80960 -136.46962    299.286    202.644    200.654     5.2464    30.9413  1025.3741    24.4341     5.2315     74.498   102.8141    -0.0884      7.920     5.3827     7.6924    234.656    240.390      23567          3  0.000e+00
   58.80960 -136.46962    299.302    202.660    200.670     5.2464    30.9413  1025.3742    24.4341     5.2315     74.549   102.8141    -0.1177      7.920     5.3864     7.6977    234.820    240.557      23568          3  0.000e+00
   58.80926 -136.46874    199.212    101.552    100.579     6.8055    30.5829  1024.4350    23.9671     6.7969     71.049    98.3950    -0.0298      7.968     4.9602     7.0887    216.340    221.525      27787          4  0.000e+00
   58.80926 -136.46874    199.180    101.520    100.547     6.8054    30.5829  1024.4349    23.9671     6.7968     71.044    98.3950    -0.0298      7.963     4.9599     7.0882    216.325    221.510      27788          4  0.000e+00
   58.80926 -136.46874    199.156    101.495    100.523     6.8054    30.5831  1024.4349    23.9673     6.7968     70.990    98.3950    -0.0298      7.968     4.9562     7.0828    216.161    221.342      27789          4  0.000e+00
   58.80926 -136.46874    199.180    101.520    100.547     6.8054    30.5831  1024.4350    23.9673     6.7968     70.978    98.3950    -0.0298      7.968     4.9553     7.0816    216.124    221.304      27790          4  0.000e+00
   58.80926 -136.46874    199.212    101.552    100.579     6.8052    30.5832  1024.4353    23.9674     6.7967     70.966    98.3950    -0.0298      7.963     4.9545     7.0804    216.088    221.267      27791          4  0.000e+00
   58.80926 -136.46874    199.180    101.520    100.547     6.8052    30.5833  1024.4352    23.9674     6.7967     70.961    98.3950    -0.0298      7.968     4.9541     7.0800    216.073    221.252      27792          4  0.000e+00
   58.80926 -136.46874    199.156    101.495    100.523     6.8052    30.5832  1024.4350    23.9674     6.7967     70.957    98.3950    -0.0298      7.963     4.9538     7.0795    216.060    221.239      27793          4  0.000e+00
   58.80926 -136.46874    199.180    101.520    100.547     6.8052    30.5832  1024.4352    23.9674     6.7967     71.002    98.3950    -0.0298      7.963     4.9570     7.0840    216.197    221.378      27794          4  0.000e+00
   58.80926 -136.46874    199.156    101.495    100.523     6.8054    30.5834  1024.4351    23.9675     6.7968     70.997    98.3391    -0.0298      7.968     4.9566     7.0835    216.182    221.363      27795          4  0.000e+00
   58.80926 -136.46874    199.244    101.584    100.611     6.8052    30.5834  1024.4356    23.9676     6.7967     70.993    98.1993    -0.0298      7.968     4.9564     7.0831    216.170    221.351      27796          4  0.000e+00
   58.80926 -136.46874    199.156    101.495    100.523     6.8052    30.5831  1024.4350    23.9673     6.7967     70.987    98.1713    -0.0298      7.968     4.9560     7.0826    216.153    221.333      27797          4  0.000e+00
   58.80926 -136.46874    199.180    101.520    100.547     6.8052    30.5830  1024.4350    23.9672     6.7967     70.982    98.1713    -0.0298      7.968     4.9556     7.0821    216.137    221.318      27798          4  0.000e+00
   58.80926 -136.46874    199.212    101.552    100.579     6.8050    30.5833  1024.4354    23.9675     6.7964     70.976    98.1713    -0.0298      7.968     4.9552     7.0815    216.121    221.301      27799          4  0.000e+00
   58.80926 -136.46874    199.124    101.463    100.491     6.8052    30.5833  1024.4349    23.9674     6.7967     70.921    98.1713    -0.0298      7.963     4.9514     7.0760    215.952    221.128      27800          4  0.000e+00
   58.80926 -136.46874    199.212    101.552    100.579     6.8050    30.5834  1024.4355    23.9676     6.7964     70.917    98.1713    -0.0298      7.968     4.9511     7.0756    215.939    221.114      27801          4  0.000e+00
   58.80926 -136.46874    199.180    101.520    100.547     6.8052    30.5828  1024.4348    23.9671     6.7967     70.911    98.1713    -0.0298      7.968     4.9507     7.0750    215.922    221.097      27802          4  0.000e+00
   58.80926 -136.46874    199.156    101.495    100.523     6.8054    30.5832  1024.4350    23.9674     6.7968     70.906    98.1713    -0.0298      7.963     4.9503     7.0745    215.906    221.081      27803          4  0.000e+00
   58.80926 -136.46874    199.180    101.520    100.547     6.8054    30.5832  1024.4351    23.9674     6.7968     70.958    98.1713    -0.0298      7.968     4.9539     7.0797    216.065    221.243      27804          4  0.000e+00
   58.80926 -136.46874    199.212    101.552    100.579     6.8054    30.5831  1024.4352    23.9673     6.7968     70.962    98.1713    -0.0298      7.963     4.9542     7.0800    216.075    221.254      27805          4  0.000e+00
   58.80926 -136.46874    199.124    101.463    100.491     6.8052    30.5833  1024.4349    23.9674     6.7967     70.964    98.1713    -0.0298      7.968     4.9544     7.0803    216.083    221.262      27806          4  0.000e+00
   58.80926 -136.46874    199.212    101.552    100.579     6.8054    30.5831  1024.4352    23.9673     6.7968     70.912    98.1713    -0.0298      7.968     4.9507     7.0750    215.923    221.098      27807          4  0.000e+00
   58.80926 -136.46874    199.180    101.520    100.547     6.8050    30.5836  1024.4355    23.9677     6.7964     70.964    98.1713    -0.0298      7.963     4.9544     7.0803    216.082    221.261      27808          4  0.000e+00
   58.80926 -136.46874    199.092    101.431    100.459     6.8054    30.5830  1024.4346    23.9672     6.7968     70.966    98.1713    -0.0298      7.968     4.9545     7.0805    216.090    221.269      27809          4  0.000e+00
   58.80926 -136.46874    199.300    101.641    100.668     6.8052    30.5834  1024.4358    23.9675     6.7966     70.972    98.1713    -0.0298      7.968     4.9549     7.0810    216.106    221.286      27810          4  0.000e+00
   58.80926 -136.46874    199.156    101.495    100.523     6.8052    30.5837  1024.4354    23.9678     6.7967     70.974    98.1713    -0.0298      7.968     4.9550     7.0812    216.112    221.292      27811          4  0.000e+00
   58.80926 -136.46874    199.180    101.520    100.547     6.8052    30.5834  1024.4353    23.9675     6.7967     70.970    98.1713    -0.0298      7.968     4.9548     7.0808    216.100    221.279      27812          4  0.000e+00
   58.80926 -136.46874    199.212    101.552    100.579     6.8054    30.5831  1024.4352    23.9673     6.7968     70.973    98.1713    -0.0298      7.968     4.9550     7.0812    216.110    221.290      27813          4  0.000e+00
   58.80926 -136.46874    199.156    101.495    100.523     6.8052    30.5832  1024.4350    23.9674     6.7967     70.976    98.1713    -0.0298      7.963     4.9552     7.0815    216.119    221.299      27814          4  0.000e+00
   58.80926 -136.46874    199.180    101.520    100.547     6.8054    30.5831  1024.4350    23.9673     6.7968     70.979    98.1993    -0.0298      7.968     4.9554     7.0818    216.129    221.309      27815          4  0.000e+00
   58.80926 -136.46874    199.212    101.552    100.579     6.8055    30.5830  1024.4351    23.9672     6.7969     70.983    98.2832    -0.0298      7.963     4.9556     7.0821    216.139    221.319      27816          4  0.000e+00
   58.80926 -136.46874    199.180    101.520    100.547     6.8052    30.5832  1024.4351    23.9674     6.7967     70.986    98.3391    -0.0298      7.968     4.9559     7.0824    216.149    221.329      27817          4  0.000e+00
   58.80926 -136.46874    199.156    101.495    100.523     6.8055    30.5830  1024.4348    23.9672     6.7969     70.989    98.3391    -0.0298      7.963     4.9560     7.0827    216.156    221.337      27818          4  0.000e+00
   58.80926 -136.46874    199.180    101.520    100.547     6.8052    30.5835  1024.4353    23.9676     6.7967     70.992    98.3391    -0.0298      7.968     4.9563     7.0831    216.167    221.348      27819          4  0.000e+00
   58.80926 -136.46874    199.156    101.495    100.523     6.8054    30.5827  1024.4346    23.9670     6.7968     70.995    98.3391    -0.0298      7.968     4.9565     7.0834    216.177    221.358      27820          4  0.000e+00
   58.80926 -136.46874    199.180    101.520    100.547     6.8052    30.5833  1024.4352    23.9675     6.7967     70.942    98.3391    -0.0298      7.968     4.9528     7.0781    216.015    221.193      27821          4  0.000e+00
   58.80926 -136.46874    199.212    101.552    100.579     6.8052    30.5833  1024.4354    23.9675     6.7967     70.938    98.3391    -0.0298      7.968     4.9525     7.0777    216.004    221.181      27822          4  0.000e+00
   58.80926 -136.46874    199.180    101.520    100.547     6.8052    30.5830  1024.4350    23.9672     6.7967     70.990    98.3391    -0.0298      7.963     4.9562     7.0829    216.163    221.344      27823          4  0.000e+00
   58.80926 -136.46874    199.156    101.495    100.523     6.8054    30.5831  1024.4349    23.9672     6.7968     70.994    98.3391    -0.0005      7.968     4.9564     7.0832    216.173    221.354      27824          4  0.000e+00
   58.80926 -136.46874    199.180    101.520    100.547     6.8052    30.5831  1024.4350    23.9673     6.7967     70.998    98.3391    -0.0005      7.968     4.9567     7.0837    216.186    221.368      27825          4  0.000e+00
   58.80926 -136.46874    199.212    101.552    100.579     6.8054    30.5830  1024.4351    23.9672     6.7968     71.002    98.3391    -0.0005      7.968     4.9570     7.0841    216.198    221.380      27826          4  0.000e+00
   58.80926 -136.46874    199.180    101.520    100.547     6.8052    30.5829  1024.4349    23.9671     6.7967     71.006    98.3391    -0.0005      7.968     4.9573     7.0844    216.210    221.392      27827          4  0.000e+00
   58.80926 -136.46874    199.156    101.495    100.523     6.8054    30.5828  1024.4347    23.9671     6.7968     71.009    98.3391    -0.0005      7.963     4.9575     7.0848    216.220    221.402      27828          4  0.000e+00
   58.80926 -136.46874    199.180    101.520    100.547     6.8054    30.5830  1024.4350    23.9672     6.7968     71.013    98.3391    -0.0005      7.968     4.9578     7.0852    216.232    221.415      27829          4  0.000e+00
   58.80926 -136.46874    199.212    101.552    100.579     6.8054    30.5831  1024.4352    23.9673     6.7968     70.961    98.3391    -0.0005      7.968     4.9541     7.0799    216.073    221.251      27830          4  0.000e+00
   58.80926 -136.46874    199.180    101.520    100.547     6.8054    30.5831  1024.4351    23.9673     6.7968     71.014    98.3391    -0.0005      7.968     4.9578     7.0852    216.233    221.415      27831          4  0.000e+00
   58.80926 -136.46874    199.156    101.495    100.523     6.8052    30.5834  1024.4352    23.9675     6.7967     70.961    98.3391    -0.0005      7.963     4.9541     7.0800    216.073    221.252      27832          4  0.000e+00
   58.80926 -136.46874    199.180    101.520    100.547     6.8054    30.5832  1024.4351    23.9673     6.7968     71.015    98.3391    -0.0005      7.968     4.9579     7.0853    216.236    221.418      27833          4  0.000e+00
   58.80926 -136.46874    199.156    101.495    100.523     6.8054    30.5830  1024.4348    23.9672     6.7968     70.962    98.3391    -0.0005      7.968     4.9542     7.0801    216.077    221.256      27834          4  0.000e+00
   58.80926 -136.46874    199.244    101.584    100.611     6.8054    30.5832  1024.4354    23.9673     6.7968     71.017    98.3391    -0.0005      7.963     4.9580     7.0855    216.242    221.425      27835          4  0.000e+00
   58.80896 -136.46794    108.820     10.309     10.212     8.1933    28.8824  1022.4947    22.4474     8.1923     82.682    93.1928     1.7577      8.092     5.6539     8.0800    246.959    252.503      31667          5  0.000e+00
   58.80896 -136.46794    108.732     10.220     10.124     8.1925    28.8841  1022.4957    22.4488     8.1916     82.631    93.1928     1.7577      8.092     5.6504     8.0750    246.806    252.347      31668          5  0.000e+00
   58.80896 -136.46794    108.732     10.220     10.124     8.1923    28.8839  1022.4956    22.4487     8.1914     82.627    93.1928     1.7577      8.092     5.6502     8.0747    246.796    252.337      31669          5  0.000e+00
   58.80896 -136.46794    108.700     10.187     10.092     8.1928    28.8822  1022.4941    22.4473     8.1919     82.622    93.1928     1.7577      8.092     5.6498     8.0742    246.782    252.321      31670          5  0.000e+00
   58.80896 -136.46794    108.708     10.220     10.124     8.1930    28.8815  1022.4936    22.4467     8.1921     82.672    93.1928     1.7577      8.092     5.6532     8.0790    246.931    252.473      31671          5  0.000e+00
   58.80896 -136.46794    108.796     10.284     10.188     8.1927    28.8821  1022.4944    22.4472     8.1917     82.618    93.1928     1.7284      8.092     5.6496     8.0738    246.771    252.310      31672          5  0.000e+00
   58.80896 -136.46794    108.764     10.252     10.156     8.1928    28.8836  1022.4955    22.4484     8.1919     82.665    93.1928     1.7284      8.092     5.6527     8.0783    246.908    252.450      31673          5  0.000e+00
   58.80896 -136.46794    108.732     10.220     10.124     8.1922    28.8854  1022.4968    22.4499     8.1912     82.663    93.1928     1.7284      8.092     5.6526     8.0781    246.902    252.445      31674          5  0.000e+00
   58.80896 -136.46794    108.732     10.220     10.124     8.1920    28.8859  1022.4973    22.4503     8.1911     82.660    93.1928     1.7284      8.092     5.6524     8.0778    246.893    252.436      31675          5  0.000e+00
   58.80896 -136.46794    108.764     10.252     10.156     8.1918    28.8848  1022.4965    22.4495     8.1909     82.601    93.2208     1.7284      8.092     5.6485     8.0722    246.721    252.260      31676          5  0.000e+00
