INSTRUMENT_TYPE=SBE43
SERIALNO=3704
OCALDATE=08-Jun-19
SOC= 4.084194e-001
VOFFSET=-4.789578e-001
A=-3.346423e-003
B= 1.747073e-004
C=-2.416718e-006
E= 3.600000e-002
Tau20= 1.170000e+000
