INSTRUMENT_TYPE=SBE43
SERIALNO=3704
OCALDATE=06-Mar-21
SOC= 4.008211e-001
VOFFSET=-4.802798e-001
A=-4.145641e-003
B= 2.159014e-004
C=-3.497555e-006
E= 3.600000e-002
Tau20= 1.270000e+000
