INSTRUMENT_TYPE=SBE43
SERIALNO=3704
OCALDATE=23-Feb-23
SOC= 4.321366e-001
VOFFSET=-4.813623e-001
A=-4.088835e-003
B= 1.836004e-004
C=-2.811169e-006
E= 3.600000e-002
Tau20= 1.010000e+000
