PCALDATE = 15-Dec-15
C1=-4.829347e+004
C2=-2.633120e-001
C3= 1.442460e-002
D1= 3.981300e-002
D2= 0.000000e+000
T1= 2.994228e+001
T2=-3.397543e-004
T3= 4.042180e-006
T4= 2.046070e-009
T5= 0.000000e+000
AD590M= 1.28907e-002
AD590B=-8.82386e+000
SLOPE= 0.99998
OFFSET= 0.6906
